0.000000 , 0.000000 , -3.377311
0.000000 , 0.025641 , -3.377311
0.000000 , 0.051282 , -3.377311
0.000000 , 0.076923 , -3.377311
0.000000 , 0.102564 , -3.377311
0.000000 , 0.128205 , -3.377311
0.000000 , 0.153846 , -3.377311
0.000000 , 0.179487 , -3.377311
0.000000 , 0.205128 , -3.377311
0.000000 , 0.230769 , -3.377311
0.000000 , 0.256410 , -3.377311
0.000000 , 0.282051 , -3.377311
0.000000 , 0.307692 , -3.377311
0.000000 , 0.333333 , -3.377311
0.000000 , 0.358974 , -3.377311
0.000000 , 0.384615 , -3.377311
0.000000 , 0.410256 , -3.377311
0.000000 , 0.435897 , -3.377311
0.000000 , 0.461538 , -3.377311
0.000000 , 0.487179 , -3.377311
0.000000 , 0.512821 , -3.377311
0.000000 , 0.538462 , -3.377311
0.000000 , 0.564103 , -3.377311
0.000000 , 0.589744 , -3.377311
0.000000 , 0.615385 , -3.377311
0.000000 , 0.641026 , -3.377311
0.000000 , 0.666667 , -3.377311
0.000000 , 0.692308 , -3.377311
0.000000 , 0.717949 , -3.377311
0.000000 , 0.743590 , -3.377311
0.000000 , 0.769231 , -3.377311
0.000000 , 0.794872 , -3.377311
0.000000 , 0.820513 , -3.377311
0.000000 , 0.846154 , -3.377311
0.000000 , 0.871795 , -3.377311
0.000000 , 0.897436 , -3.377311
0.000000 , 0.923077 , -3.377311
0.000000 , 0.948718 , -3.377311
0.000000 , 0.974359 , -3.377311
0.000000 , 1.000000 , -3.377311
0.025641 , 0.000000 , -3.237040
0.025641 , 0.025641 , -3.237520
0.025641 , 0.051282 , -3.238059
0.025641 , 0.076923 , -3.237950
0.025641 , 0.102564 , -3.237685
0.025641 , 0.128205 , -3.238061
0.025641 , 0.153846 , -3.238948
0.025641 , 0.179487 , -3.240472
0.025641 , 0.205128 , -3.242816
0.025641 , 0.230769 , -3.246332
0.025641 , 0.256410 , -3.250426
0.025641 , 0.282051 , -3.254402
0.025641 , 0.307692 , -3.258846
0.025641 , 0.333333 , -3.264625
0.025641 , 0.358974 , -3.269456
0.025641 , 0.384615 , -3.274203
0.025641 , 0.410256 , -3.279948
0.025641 , 0.435897 , -3.285304
0.025641 , 0.461538 , -3.291013
0.025641 , 0.487179 , -3.297536
0.025641 , 0.512821 , -3.303706
0.025641 , 0.538462 , -3.309139
0.025641 , 0.564103 , -3.314198
0.025641 , 0.589744 , -3.320533
0.025641 , 0.615385 , -3.326564
0.025641 , 0.641026 , -3.331214
0.025641 , 0.666667 , -3.335585
0.025641 , 0.692308 , -3.339908
0.025641 , 0.717949 , -3.343984
0.025641 , 0.743590 , -3.347669
0.025641 , 0.769231 , -3.351129
0.025641 , 0.794872 , -3.353978
0.025641 , 0.820513 , -3.356724
0.025641 , 0.846154 , -3.358377
0.025641 , 0.871795 , -3.360090
0.025641 , 0.897436 , -3.361980
0.025641 , 0.923077 , -3.363046
0.025641 , 0.948718 , -3.363735
0.025641 , 0.974359 , -3.364810
0.025641 , 1.000000 , -3.365219
0.051282 , 0.000000 , -3.090062
0.051282 , 0.025641 , -3.089885
0.051282 , 0.051282 , -3.090440
0.051282 , 0.076923 , -3.091138
0.051282 , 0.102564 , -3.091910
0.051282 , 0.128205 , -3.093365
0.051282 , 0.153846 , -3.095638
0.051282 , 0.179487 , -3.098809
0.051282 , 0.205128 , -3.103030
0.051282 , 0.230769 , -3.109006
0.051282 , 0.256410 , -3.116946
0.051282 , 0.282051 , -3.125430
0.051282 , 0.307692 , -3.134198
0.051282 , 0.333333 , -3.144512
0.051282 , 0.358974 , -3.154669
0.051282 , 0.384615 , -3.164694
0.051282 , 0.410256 , -3.175851
0.051282 , 0.435897 , -3.187278
0.051282 , 0.461538 , -3.198355
0.051282 , 0.487179 , -3.210218
0.051282 , 0.512821 , -3.222756
0.051282 , 0.538462 , -3.233961
0.051282 , 0.564103 , -3.244669
0.051282 , 0.589744 , -3.256148
0.051282 , 0.615385 , -3.267670
0.051282 , 0.641026 , -3.277392
0.051282 , 0.666667 , -3.286411
0.051282 , 0.692308 , -3.295074
0.051282 , 0.717949 , -3.303448
0.051282 , 0.743590 , -3.310301
0.051282 , 0.769231 , -3.316755
0.051282 , 0.794872 , -3.322655
0.051282 , 0.820513 , -3.328278
0.051282 , 0.846154 , -3.332607
0.051282 , 0.871795 , -3.336543
0.051282 , 0.897436 , -3.339546
0.051282 , 0.923077 , -3.342128
0.051282 , 0.948718 , -3.342990
0.051282 , 0.974359 , -3.344078
0.051282 , 1.000000 , -3.344781
0.076923 , 0.000000 , -2.937615
0.076923 , 0.025641 , -2.937747
0.076923 , 0.051282 , -2.938366
0.076923 , 0.076923 , -2.939460
0.076923 , 0.102564 , -2.941171
0.076923 , 0.128205 , -2.944009
0.076923 , 0.153846 , -2.947115
0.076923 , 0.179487 , -2.952624
0.076923 , 0.205128 , -2.959050
0.076923 , 0.230769 , -2.967538
0.076923 , 0.256410 , -2.978550
0.076923 , 0.282051 , -2.990306
0.076923 , 0.307692 , -3.003391
0.076923 , 0.333333 , -3.018147
0.076923 , 0.358974 , -3.034047
0.076923 , 0.384615 , -3.049821
0.076923 , 0.410256 , -3.065705
0.076923 , 0.435897 , -3.082450
0.076923 , 0.461538 , -3.099291
0.076923 , 0.487179 , -3.117172
0.076923 , 0.512821 , -3.134774
0.076923 , 0.538462 , -3.152710
0.076923 , 0.564103 , -3.169335
0.076923 , 0.589744 , -3.186231
0.076923 , 0.615385 , -3.202310
0.076923 , 0.641026 , -3.217133
0.076923 , 0.666667 , -3.231743
0.076923 , 0.692308 , -3.244443
0.076923 , 0.717949 , -3.256755
0.076923 , 0.743590 , -3.267676
0.076923 , 0.769231 , -3.277019
0.076923 , 0.794872 , -3.285767
0.076923 , 0.820513 , -3.293695
0.076923 , 0.846154 , -3.300202
0.076923 , 0.871795 , -3.306388
0.076923 , 0.897436 , -3.311382
0.076923 , 0.923077 , -3.314614
0.076923 , 0.948718 , -3.316259
0.076923 , 0.974359 , -3.316954
0.076923 , 1.000000 , -3.317391
0.102564 , 0.000000 , -2.781110
0.102564 , 0.025641 , -2.781261
0.102564 , 0.051282 , -2.782144
0.102564 , 0.076923 , -2.783331
0.102564 , 0.102564 , -2.785594
0.102564 , 0.128205 , -2.789666
0.102564 , 0.153846 , -2.794707
0.102564 , 0.179487 , -2.801720
0.102564 , 0.205128 , -2.811127
0.102564 , 0.230769 , -2.822619
0.102564 , 0.256410 , -2.836225
0.102564 , 0.282051 , -2.851061
0.102564 , 0.307692 , -2.868148
0.102564 , 0.333333 , -2.886771
0.102564 , 0.358974 , -2.906999
0.102564 , 0.384615 , -2.928973
0.102564 , 0.410256 , -2.950097
0.102564 , 0.435897 , -2.972400
0.102564 , 0.461538 , -2.995670
0.102564 , 0.487179 , -3.019649
0.102564 , 0.512821 , -3.042638
0.102564 , 0.538462 , -3.065589
0.102564 , 0.564103 , -3.089228
0.102564 , 0.589744 , -3.111883
0.102564 , 0.615385 , -3.132852
0.102564 , 0.641026 , -3.152074
0.102564 , 0.666667 , -3.171144
0.102564 , 0.692308 , -3.187906
0.102564 , 0.717949 , -3.203375
0.102564 , 0.743590 , -3.218458
0.102564 , 0.769231 , -3.231405
0.102564 , 0.794872 , -3.243042
0.102564 , 0.820513 , -3.253315
0.102564 , 0.846154 , -3.263085
0.102564 , 0.871795 , -3.271230
0.102564 , 0.897436 , -3.277851
0.102564 , 0.923077 , -3.282125
0.102564 , 0.948718 , -3.284419
0.102564 , 0.974359 , -3.284445
0.102564 , 1.000000 , -3.284189
0.128205 , 0.000000 , -2.620223
0.128205 , 0.025641 , -2.620867
0.128205 , 0.051282 , -2.622026
0.128205 , 0.076923 , -2.623682
0.128205 , 0.102564 , -2.626028
0.128205 , 0.128205 , -2.630732
0.128205 , 0.153846 , -2.637494
0.128205 , 0.179487 , -2.647058
0.128205 , 0.205128 , -2.659326
0.128205 , 0.230769 , -2.673498
0.128205 , 0.256410 , -2.690182
0.128205 , 0.282051 , -2.707868
0.128205 , 0.307692 , -2.728367
0.128205 , 0.333333 , -2.751700
0.128205 , 0.358974 , -2.776794
0.128205 , 0.384615 , -2.803259
0.128205 , 0.410256 , -2.830598
0.128205 , 0.435897 , -2.859350
0.128205 , 0.461538 , -2.887999
0.128205 , 0.487179 , -2.917866
0.128205 , 0.512821 , -2.946940
0.128205 , 0.538462 , -2.974660
0.128205 , 0.564103 , -3.003843
0.128205 , 0.589744 , -3.032242
0.128205 , 0.615385 , -3.058968
0.128205 , 0.641026 , -3.083855
0.128205 , 0.666667 , -3.106897
0.128205 , 0.692308 , -3.127574
0.128205 , 0.717949 , -3.146138
0.128205 , 0.743590 , -3.164256
0.128205 , 0.769231 , -3.180713
0.128205 , 0.794872 , -3.195679
0.128205 , 0.820513 , -3.208228
0.128205 , 0.846154 , -3.220686
0.128205 , 0.871795 , -3.231102
0.128205 , 0.897436 , -3.238997
0.128205 , 0.923077 , -3.243517
0.128205 , 0.948718 , -3.246897
0.128205 , 0.974359 , -3.247987
0.128205 , 1.000000 , -3.247456
0.153846 , 0.000000 , -2.455940
0.153846 , 0.025641 , -2.456812
0.153846 , 0.051282 , -2.457726
0.153846 , 0.076923 , -2.460577
0.153846 , 0.102564 , -2.464354
0.153846 , 0.128205 , -2.470149
0.153846 , 0.153846 , -2.478434
0.153846 , 0.179487 , -2.489467
0.153846 , 0.205128 , -2.503444
0.153846 , 0.230769 , -2.520326
0.153846 , 0.256410 , -2.539676
0.153846 , 0.282051 , -2.561562
0.153846 , 0.307692 , -2.586353
0.153846 , 0.333333 , -2.614110
0.153846 , 0.358974 , -2.644025
0.153846 , 0.384615 , -2.675104
0.153846 , 0.410256 , -2.707043
0.153846 , 0.435897 , -2.741234
0.153846 , 0.461538 , -2.775823
0.153846 , 0.487179 , -2.811130
0.153846 , 0.512821 , -2.846796
0.153846 , 0.538462 , -2.880560
0.153846 , 0.564103 , -2.914623
0.153846 , 0.589744 , -2.948445
0.153846 , 0.615385 , -2.980444
0.153846 , 0.641026 , -3.010526
0.153846 , 0.666667 , -3.038462
0.153846 , 0.692308 , -3.063756
0.153846 , 0.717949 , -3.085900
0.153846 , 0.743590 , -3.107443
0.153846 , 0.769231 , -3.127113
0.153846 , 0.794872 , -3.145243
0.153846 , 0.820513 , -3.161153
0.153846 , 0.846154 , -3.174700
0.153846 , 0.871795 , -3.186995
0.153846 , 0.897436 , -3.196458
0.153846 , 0.923077 , -3.201155
0.153846 , 0.948718 , -3.205096
0.153846 , 0.974359 , -3.207199
0.153846 , 1.000000 , -3.208195
0.179487 , 0.000000 , -2.290673
0.179487 , 0.025641 , -2.290806
0.179487 , 0.051282 , -2.292176
0.179487 , 0.076923 , -2.295530
0.179487 , 0.102564 , -2.300821
0.179487 , 0.128205 , -2.308242
0.179487 , 0.153846 , -2.318208
0.179487 , 0.179487 , -2.331092
0.179487 , 0.205128 , -2.346615
0.179487 , 0.230769 , -2.365325
0.179487 , 0.256410 , -2.387964
0.179487 , 0.282051 , -2.414017
0.179487 , 0.307692 , -2.443289
0.179487 , 0.333333 , -2.475261
0.179487 , 0.358974 , -2.509041
0.179487 , 0.384615 , -2.545127
0.179487 , 0.410256 , -2.582372
0.179487 , 0.435897 , -2.621272
0.179487 , 0.461538 , -2.661170
0.179487 , 0.487179 , -2.702481
0.179487 , 0.512821 , -2.743537
0.179487 , 0.538462 , -2.783241
0.179487 , 0.564103 , -2.822257
0.179487 , 0.589744 , -2.860454
0.179487 , 0.615385 , -2.898582
0.179487 , 0.641026 , -2.934495
0.179487 , 0.666667 , -2.966954
0.179487 , 0.692308 , -2.996420
0.179487 , 0.717949 , -3.023414
0.179487 , 0.743590 , -3.047997
0.179487 , 0.769231 , -3.071551
0.179487 , 0.794872 , -3.092136
0.179487 , 0.820513 , -3.110279
0.179487 , 0.846154 , -3.125968
0.179487 , 0.871795 , -3.139743
0.179487 , 0.897436 , -3.150921
0.179487 , 0.923077 , -3.157934
0.179487 , 0.948718 , -3.162013
0.179487 , 0.974359 , -3.164385
0.179487 , 1.000000 , -3.165612
0.205128 , 0.000000 , -2.123135
0.205128 , 0.025641 , -2.123603
0.205128 , 0.051282 , -2.125260
0.205128 , 0.076923 , -2.129431
0.205128 , 0.102564 , -2.135896
0.205128 , 0.128205 , -2.145202
0.205128 , 0.153846 , -2.157176
0.205128 , 0.179487 , -2.172197
0.205128 , 0.205128 , -2.190032
0.205128 , 0.230769 , -2.210609
0.205128 , 0.256410 , -2.235932
0.205128 , 0.282051 , -2.265513
0.205128 , 0.307692 , -2.299272
0.205128 , 0.333333 , -2.335569
0.205128 , 0.358974 , -2.373926
0.205128 , 0.384615 , -2.414431
0.205128 , 0.410256 , -2.456475
0.205128 , 0.435897 , -2.500365
0.205128 , 0.461538 , -2.545295
0.205128 , 0.487179 , -2.592378
0.205128 , 0.512821 , -2.638477
0.205128 , 0.538462 , -2.683505
0.205128 , 0.564103 , -2.728326
0.205128 , 0.589744 , -2.771594
0.205128 , 0.615385 , -2.814412
0.205128 , 0.641026 , -2.854925
0.205128 , 0.666667 , -2.891952
0.205128 , 0.692308 , -2.925467
0.205128 , 0.717949 , -2.957012
0.205128 , 0.743590 , -2.985938
0.205128 , 0.769231 , -3.012898
0.205128 , 0.794872 , -3.037536
0.205128 , 0.820513 , -3.058088
0.205128 , 0.846154 , -3.075613
0.205128 , 0.871795 , -3.091377
0.205128 , 0.897436 , -3.104053
0.205128 , 0.923077 , -3.112019
0.205128 , 0.948718 , -3.117348
0.205128 , 0.974359 , -3.120620
0.205128 , 1.000000 , -3.121435
0.230769 , 0.000000 , -1.954968
0.230769 , 0.025641 , -1.955310
0.230769 , 0.051282 , -1.957361
0.230769 , 0.076923 , -1.962121
0.230769 , 0.102564 , -1.969991
0.230769 , 0.128205 , -1.980622
0.230769 , 0.153846 , -1.994507
0.230769 , 0.179487 , -2.011997
0.230769 , 0.205128 , -2.032857
0.230769 , 0.230769 , -2.056725
0.230769 , 0.256410 , -2.084995
0.230769 , 0.282051 , -2.117610
0.230769 , 0.307692 , -2.154589
0.230769 , 0.333333 , -2.195064
0.230769 , 0.358974 , -2.237698
0.230769 , 0.384615 , -2.283105
0.230769 , 0.410256 , -2.329686
0.230769 , 0.435897 , -2.378216
0.230769 , 0.461538 , -2.429178
0.230769 , 0.487179 , -2.481820
0.230769 , 0.512821 , -2.533216
0.230769 , 0.538462 , -2.582940
0.230769 , 0.564103 , -2.632574
0.230769 , 0.589744 , -2.680465
0.230769 , 0.615385 , -2.727693
0.230769 , 0.641026 , -2.772995
0.230769 , 0.666667 , -2.815108
0.230769 , 0.692308 , -2.853367
0.230769 , 0.717949 , -2.889575
0.230769 , 0.743590 , -2.922616
0.230769 , 0.769231 , -2.953432
0.230769 , 0.794872 , -2.980803
0.230769 , 0.820513 , -3.004278
0.230769 , 0.846154 , -3.024600
0.230769 , 0.871795 , -3.042763
0.230769 , 0.897436 , -3.056618
0.230769 , 0.923077 , -3.066027
0.230769 , 0.948718 , -3.071956
0.230769 , 0.974359 , -3.076203
0.230769 , 1.000000 , -3.077645
0.256410 , 0.000000 , -1.784646
0.256410 , 0.025641 , -1.785953
0.256410 , 0.051282 , -1.788887
0.256410 , 0.076923 , -1.794336
0.256410 , 0.102564 , -1.802880
0.256410 , 0.128205 , -1.815346
0.256410 , 0.153846 , -1.831327
0.256410 , 0.179487 , -1.851922
0.256410 , 0.205128 , -1.876297
0.256410 , 0.230769 , -1.903666
0.256410 , 0.256410 , -1.935755
0.256410 , 0.282051 , -1.971539
0.256410 , 0.307692 , -2.011350
0.256410 , 0.333333 , -2.055248
0.256410 , 0.358974 , -2.101437
0.256410 , 0.384615 , -2.150632
0.256410 , 0.410256 , -2.202226
0.256410 , 0.435897 , -2.256323
0.256410 , 0.461538 , -2.312256
0.256410 , 0.487179 , -2.369706
0.256410 , 0.512821 , -2.425808
0.256410 , 0.538462 , -2.481534
0.256410 , 0.564103 , -2.536841
0.256410 , 0.589744 , -2.589964
0.256410 , 0.615385 , -2.641865
0.256410 , 0.641026 , -2.691765
0.256410 , 0.666667 , -2.738694
0.256410 , 0.692308 , -2.782188
0.256410 , 0.717949 , -2.823207
0.256410 , 0.743590 , -2.860762
0.256410 , 0.769231 , -2.894680
0.256410 , 0.794872 , -2.925050
0.256410 , 0.820513 , -2.951489
0.256410 , 0.846154 , -2.974114
0.256410 , 0.871795 , -2.993599
0.256410 , 0.897436 , -3.009197
0.256410 , 0.923077 , -3.020124
0.256410 , 0.948718 , -3.027310
0.256410 , 0.974359 , -3.032167
0.256410 , 1.000000 , -3.033697
0.282051 , 0.000000 , -1.611827
0.282051 , 0.025641 , -1.614205
0.282051 , 0.051282 , -1.618572
0.282051 , 0.076923 , -1.625452
0.282051 , 0.102564 , -1.635593
0.282051 , 0.128205 , -1.649554
0.282051 , 0.153846 , -1.668093
0.282051 , 0.179487 , -1.690960
0.282051 , 0.205128 , -1.719158
0.282051 , 0.230769 , -1.750946
0.282051 , 0.256410 , -1.786646
0.282051 , 0.282051 , -1.825604
0.282051 , 0.307692 , -1.868126
0.282051 , 0.333333 , -1.915216
0.282051 , 0.358974 , -1.965956
0.282051 , 0.384615 , -2.019652
0.282051 , 0.410256 , -2.075777
0.282051 , 0.435897 , -2.134446
0.282051 , 0.461538 , -2.195529
0.282051 , 0.487179 , -2.257388
0.282051 , 0.512821 , -2.318377
0.282051 , 0.538462 , -2.379361
0.282051 , 0.564103 , -2.440190
0.282051 , 0.589744 , -2.499039
0.282051 , 0.615385 , -2.555663
0.282051 , 0.641026 , -2.610275
0.282051 , 0.666667 , -2.662167
0.282051 , 0.692308 , -2.710919
0.282051 , 0.717949 , -2.756610
0.282051 , 0.743590 , -2.798566
0.282051 , 0.769231 , -2.836256
0.282051 , 0.794872 , -2.870258
0.282051 , 0.820513 , -2.899798
0.282051 , 0.846154 , -2.925199
0.282051 , 0.871795 , -2.946552
0.282051 , 0.897436 , -2.963669
0.282051 , 0.923077 , -2.977025
0.282051 , 0.948718 , -2.985382
0.282051 , 0.974359 , -2.990359
0.282051 , 1.000000 , -2.992355
0.307692 , 0.000000 , -1.437984
0.307692 , 0.025641 , -1.440474
0.307692 , 0.051282 , -1.446249
0.307692 , 0.076923 , -1.455303
0.307692 , 0.102564 , -1.467661
0.307692 , 0.128205 , -1.483703
0.307692 , 0.153846 , -1.504340
0.307692 , 0.179487 , -1.529703
0.307692 , 0.205128 , -1.560054
0.307692 , 0.230769 , -1.596128
0.307692 , 0.256410 , -1.635778
0.307692 , 0.282051 , -1.678711
0.307692 , 0.307692 , -1.725143
0.307692 , 0.333333 , -1.775924
0.307692 , 0.358974 , -1.830924
0.307692 , 0.384615 , -1.889252
0.307692 , 0.410256 , -1.950264
0.307692 , 0.435897 , -2.013391
0.307692 , 0.461538 , -2.079110
0.307692 , 0.487179 , -2.145557
0.307692 , 0.512821 , -2.212073
0.307692 , 0.538462 , -2.278208
0.307692 , 0.564103 , -2.343695
0.307692 , 0.589744 , -2.407971
0.307692 , 0.615385 , -2.470111
0.307692 , 0.641026 , -2.529882
0.307692 , 0.666667 , -2.586557
0.307692 , 0.692308 , -2.639867
0.307692 , 0.717949 , -2.690628
0.307692 , 0.743590 , -2.737107
0.307692 , 0.769231 , -2.778968
0.307692 , 0.794872 , -2.816573
0.307692 , 0.820513 , -2.849889
0.307692 , 0.846154 , -2.878297
0.307692 , 0.871795 , -2.902478
0.307692 , 0.897436 , -2.921543
0.307692 , 0.923077 , -2.936535
0.307692 , 0.948718 , -2.946520
0.307692 , 0.974359 , -2.951444
0.307692 , 1.000000 , -2.953194
0.333333 , 0.000000 , -1.263225
0.333333 , 0.025641 , -1.265801
0.333333 , 0.051282 , -1.272548
0.333333 , 0.076923 , -1.283345
0.333333 , 0.102564 , -1.297835
0.333333 , 0.128205 , -1.315594
0.333333 , 0.153846 , -1.339240
0.333333 , 0.179487 , -1.368135
0.333333 , 0.205128 , -1.401793
0.333333 , 0.230769 , -1.441173
0.333333 , 0.256410 , -1.485310
0.333333 , 0.282051 , -1.532367
0.333333 , 0.307692 , -1.582981
0.333333 , 0.333333 , -1.637934
0.333333 , 0.358974 , -1.697336
0.333333 , 0.384615 , -1.759798
0.333333 , 0.410256 , -1.825206
0.333333 , 0.435897 , -1.893169
0.333333 , 0.461538 , -1.963632
0.333333 , 0.487179 , -2.034827
0.333333 , 0.512821 , -2.106700
0.333333 , 0.538462 , -2.178270
0.333333 , 0.564103 , -2.249081
0.333333 , 0.589744 , -2.318803
0.333333 , 0.615385 , -2.385861
0.333333 , 0.641026 , -2.450389
0.333333 , 0.666667 , -2.512446
0.333333 , 0.692308 , -2.570660
0.333333 , 0.717949 , -2.625603
0.333333 , 0.743590 , -2.676913
0.333333 , 0.769231 , -2.723361
0.333333 , 0.794872 , -2.764814
0.333333 , 0.820513 , -2.801906
0.333333 , 0.846154 , -2.833982
0.333333 , 0.871795 , -2.861104
0.333333 , 0.897436 , -2.882970
0.333333 , 0.923077 , -2.899122
0.333333 , 0.948718 , -2.910561
0.333333 , 0.974359 , -2.916195
0.333333 , 1.000000 , -2.917751
0.358974 , 0.000000 , -1.087778
0.358974 , 0.025641 , -1.090191
0.358974 , 0.051282 , -1.097767
0.358974 , 0.076923 , -1.109811
0.358974 , 0.102564 , -1.125439
0.358974 , 0.128205 , -1.145946
0.358974 , 0.153846 , -1.172448
0.358974 , 0.179487 , -1.205223
0.358974 , 0.205128 , -1.243420
0.358974 , 0.230769 , -1.286275
0.358974 , 0.256410 , -1.334242
0.358974 , 0.282051 , -1.385562
0.358974 , 0.307692 , -1.440444
0.358974 , 0.333333 , -1.500178
0.358974 , 0.358974 , -1.564409
0.358974 , 0.384615 , -1.631568
0.358974 , 0.410256 , -1.701714
0.358974 , 0.435897 , -1.773948
0.358974 , 0.461538 , -1.849203
0.358974 , 0.487179 , -1.926130
0.358974 , 0.512821 , -2.003441
0.358974 , 0.538462 , -2.080322
0.358974 , 0.564103 , -2.156487
0.358974 , 0.589744 , -2.231297
0.358974 , 0.615385 , -2.303736
0.358974 , 0.641026 , -2.372914
0.358974 , 0.666667 , -2.439936
0.358974 , 0.692308 , -2.503247
0.358974 , 0.717949 , -2.563503
0.358974 , 0.743590 , -2.619193
0.358974 , 0.769231 , -2.670253
0.358974 , 0.794872 , -2.716497
0.358974 , 0.820513 , -2.757466
0.358974 , 0.846154 , -2.793259
0.358974 , 0.871795 , -2.823269
0.358974 , 0.897436 , -2.847774
0.358974 , 0.923077 , -2.866033
0.358974 , 0.948718 , -2.879306
0.358974 , 0.974359 , -2.886110
0.358974 , 1.000000 , -2.887618
0.384615 , 0.000000 , -0.909054
0.384615 , 0.025641 , -0.912321
0.384615 , 0.051282 , -0.921076
0.384615 , 0.076923 , -0.934205
0.384615 , 0.102564 , -0.951625
0.384615 , 0.128205 , -0.975348
0.384615 , 0.153846 , -1.005557
0.384615 , 0.179487 , -1.041634
0.384615 , 0.205128 , -1.083724
0.384615 , 0.230769 , -1.130528
0.384615 , 0.256410 , -1.181787
0.384615 , 0.282051 , -1.237953
0.384615 , 0.307692 , -1.298576
0.384615 , 0.333333 , -1.363606
0.384615 , 0.358974 , -1.432706
0.384615 , 0.384615 , -1.504745
0.384615 , 0.410256 , -1.579361
0.384615 , 0.435897 , -1.656941
0.384615 , 0.461538 , -1.737071
0.384615 , 0.487179 , -1.819582
0.384615 , 0.512821 , -1.902094
0.384615 , 0.538462 , -1.984510
0.384615 , 0.564103 , -2.066286
0.384615 , 0.589744 , -2.146791
0.384615 , 0.615385 , -2.225291
0.384615 , 0.641026 , -2.300441
0.384615 , 0.666667 , -2.373039
0.384615 , 0.692308 , -2.441516
0.384615 , 0.717949 , -2.506216
0.384615 , 0.743590 , -2.567001
0.384615 , 0.769231 , -2.622790
0.384615 , 0.794872 , -2.673084
0.384615 , 0.820513 , -2.717981
0.384615 , 0.846154 , -2.757503
0.384615 , 0.871795 , -2.790215
0.384615 , 0.897436 , -2.817226
0.384615 , 0.923077 , -2.838184
0.384615 , 0.948718 , -2.852904
0.384615 , 0.974359 , -2.860973
0.384615 , 1.000000 , -2.862746
0.410256 , 0.000000 , -0.728261
0.410256 , 0.025641 , -0.731516
0.410256 , 0.051282 , -0.741217
0.410256 , 0.076923 , -0.756245
0.410256 , 0.102564 , -0.776614
0.410256 , 0.128205 , -0.803989
0.410256 , 0.153846 , -0.837767
0.410256 , 0.179487 , -0.877417
0.410256 , 0.205128 , -0.923272
0.410256 , 0.230769 , -0.973703
0.410256 , 0.256410 , -1.028904
0.410256 , 0.282051 , -1.090087
0.410256 , 0.307692 , -1.156665
0.410256 , 0.333333 , -1.227487
0.410256 , 0.358974 , -1.301869
0.410256 , 0.384615 , -1.379205
0.410256 , 0.410256 , -1.459108
0.410256 , 0.435897 , -1.542640
0.410256 , 0.461538 , -1.628299
0.410256 , 0.487179 , -1.716311
0.410256 , 0.512821 , -1.804384
0.410256 , 0.538462 , -1.892305
0.410256 , 0.564103 , -1.979623
0.410256 , 0.589744 , -2.066369
0.410256 , 0.615385 , -2.151588
0.410256 , 0.641026 , -2.233879
0.410256 , 0.666667 , -2.312091
0.410256 , 0.692308 , -2.386030
0.410256 , 0.717949 , -2.455245
0.410256 , 0.743590 , -2.520882
0.410256 , 0.769231 , -2.581415
0.410256 , 0.794872 , -2.635856
0.410256 , 0.820513 , -2.684363
0.410256 , 0.846154 , -2.726877
0.410256 , 0.871795 , -2.762643
0.410256 , 0.897436 , -2.792207
0.410256 , 0.923077 , -2.815559
0.410256 , 0.948718 , -2.831891
0.410256 , 0.974359 , -2.841433
0.410256 , 1.000000 , -2.843964
0.435897 , 0.000000 , -0.545598
0.435897 , 0.025641 , -0.549046
0.435897 , 0.051282 , -0.559576
0.435897 , 0.076923 , -0.576772
0.435897 , 0.102564 , -0.599780
0.435897 , 0.128205 , -0.629995
0.435897 , 0.153846 , -0.667600
0.435897 , 0.179487 , -0.710764
0.435897 , 0.205128 , -0.760917
0.435897 , 0.230769 , -0.815628
0.435897 , 0.256410 , -0.875881
0.435897 , 0.282051 , -0.942210
0.435897 , 0.307692 , -1.013763
0.435897 , 0.333333 , -1.090154
0.435897 , 0.358974 , -1.170558
0.435897 , 0.384615 , -1.254271
0.435897 , 0.410256 , -1.340696
0.435897 , 0.435897 , -1.430436
0.435897 , 0.461538 , -1.522334
0.435897 , 0.487179 , -1.615905
0.435897 , 0.512821 , -1.710056
0.435897 , 0.538462 , -1.804632
0.435897 , 0.564103 , -1.898182
0.435897 , 0.589744 , -1.991771
0.435897 , 0.615385 , -2.082912
0.435897 , 0.641026 , -2.171485
0.435897 , 0.666667 , -2.255932
0.435897 , 0.692308 , -2.335589
0.435897 , 0.717949 , -2.410062
0.435897 , 0.743590 , -2.480363
0.435897 , 0.769231 , -2.545709
0.435897 , 0.794872 , -2.604139
0.435897 , 0.820513 , -2.656498
0.435897 , 0.846154 , -2.702663
0.435897 , 0.871795 , -2.741634
0.435897 , 0.897436 , -2.773161
0.435897 , 0.923077 , -2.798687
0.435897 , 0.948718 , -2.817159
0.435897 , 0.974359 , -2.827957
0.435897 , 1.000000 , -2.831292
0.461538 , 0.000000 , -0.360295
0.461538 , 0.025641 , -0.364231
0.461538 , 0.051282 , -0.375332
0.461538 , 0.076923 , -0.394750
0.461538 , 0.102564 , -0.420851
0.461538 , 0.128205 , -0.453409
0.461538 , 0.153846 , -0.494088
0.461538 , 0.179487 , -0.541458
0.461538 , 0.205128 , -0.595532
0.461538 , 0.230769 , -0.655265
0.461538 , 0.256410 , -0.720933
0.461538 , 0.282051 , -0.792844
0.461538 , 0.307692 , -0.870168
0.461538 , 0.333333 , -0.952772
0.461538 , 0.358974 , -1.039384
0.461538 , 0.384615 , -1.129517
0.461538 , 0.410256 , -1.223206
0.461538 , 0.435897 , -1.319983
0.461538 , 0.461538 , -1.418825
0.461538 , 0.487179 , -1.519077
0.461538 , 0.512821 , -1.620508
0.461538 , 0.538462 , -1.721454
0.461538 , 0.564103 , -1.821840
0.461538 , 0.589744 , -1.921841
0.461538 , 0.615385 , -2.019938
0.461538 , 0.641026 , -2.114642
0.461538 , 0.666667 , -2.204960
0.461538 , 0.692308 , -2.290743
0.461538 , 0.717949 , -2.371253
0.461538 , 0.743590 , -2.446555
0.461538 , 0.769231 , -2.516703
0.461538 , 0.794872 , -2.579813
0.461538 , 0.820513 , -2.636162
0.461538 , 0.846154 , -2.686148
0.461538 , 0.871795 , -2.728475
0.461538 , 0.897436 , -2.762352
0.461538 , 0.923077 , -2.789399
0.461538 , 0.948718 , -2.809635
0.461538 , 0.974359 , -2.821511
0.461538 , 1.000000 , -2.825913
0.487179 , 0.000000 , -0.171364
0.487179 , 0.025641 , -0.175984
0.487179 , 0.051282 , -0.188451
0.487179 , 0.076923 , -0.209262
0.487179 , 0.102564 , -0.238037
0.487179 , 0.128205 , -0.273746
0.487179 , 0.153846 , -0.317859
0.487179 , 0.179487 , -0.369906
0.487179 , 0.205128 , -0.428024
0.487179 , 0.230769 , -0.492051
0.487179 , 0.256410 , -0.563555
0.487179 , 0.282051 , -0.641354
0.487179 , 0.307692 , -0.725022
0.487179 , 0.333333 , -0.814290
0.487179 , 0.358974 , -0.907945
0.487179 , 0.384615 , -1.005507
0.487179 , 0.410256 , -1.106884
0.487179 , 0.435897 , -1.211077
0.487179 , 0.461538 , -1.317581
0.487179 , 0.487179 , -1.425751
0.487179 , 0.512821 , -1.535046
0.487179 , 0.538462 , -1.644273
0.487179 , 0.564103 , -1.751675
0.487179 , 0.589744 , -1.857710
0.487179 , 0.615385 , -1.962593
0.487179 , 0.641026 , -2.063972
0.487179 , 0.666667 , -2.160776
0.487179 , 0.692308 , -2.253147
0.487179 , 0.717949 , -2.340151
0.487179 , 0.743590 , -2.421099
0.487179 , 0.769231 , -2.496247
0.487179 , 0.794872 , -2.564369
0.487179 , 0.820513 , -2.624830
0.487179 , 0.846154 , -2.678059
0.487179 , 0.871795 , -2.723344
0.487179 , 0.897436 , -2.760121
0.487179 , 0.923077 , -2.789783
0.487179 , 0.948718 , -2.811294
0.487179 , 0.974359 , -2.823497
0.487179 , 1.000000 , -2.828041
0.512821 , 0.000000 , 0.020373
0.512821 , 0.025641 , 0.016129
0.512821 , 0.051282 , 0.002101
0.512821 , 0.076923 , -0.020290
0.512821 , 0.102564 , -0.051630
0.512821 , 0.128205 , -0.090818
0.512821 , 0.153846 , -0.138557
0.512821 , 0.179487 , -0.194564
0.512821 , 0.205128 , -0.257197
0.512821 , 0.230769 , -0.326848
0.512821 , 0.256410 , -0.404475
0.512821 , 0.282051 , -0.488466
0.512821 , 0.307692 , -0.578884
0.512821 , 0.333333 , -0.674960
0.512821 , 0.358974 , -0.776440
0.512821 , 0.384615 , -0.882229
0.512821 , 0.410256 , -0.991765
0.512821 , 0.435897 , -1.104360
0.512821 , 0.461538 , -1.219251
0.512821 , 0.487179 , -1.335520
0.512821 , 0.512821 , -1.453272
0.512821 , 0.538462 , -1.571051
0.512821 , 0.564103 , -1.687108
0.512821 , 0.589744 , -1.800789
0.512821 , 0.615385 , -1.912289
0.512821 , 0.641026 , -2.020656
0.512821 , 0.666667 , -2.124530
0.512821 , 0.692308 , -2.223815
0.512821 , 0.717949 , -2.317548
0.512821 , 0.743590 , -2.404474
0.512821 , 0.769231 , -2.485200
0.512821 , 0.794872 , -2.558088
0.512821 , 0.820513 , -2.622556
0.512821 , 0.846154 , -2.679231
0.512821 , 0.871795 , -2.727784
0.512821 , 0.897436 , -2.767518
0.512821 , 0.923077 , -2.799080
0.512821 , 0.948718 , -2.821757
0.512821 , 0.974359 , -2.835273
0.512821 , 1.000000 , -2.839602
0.538462 , 0.000000 , 0.217094
0.538462 , 0.025641 , 0.212370
0.538462 , 0.051282 , 0.197531
0.538462 , 0.076923 , 0.173765
0.538462 , 0.102564 , 0.139912
0.538462 , 0.128205 , 0.096665
0.538462 , 0.153846 , 0.045629
0.538462 , 0.179487 , -0.014778
0.538462 , 0.205128 , -0.082496
0.538462 , 0.230769 , -0.158121
0.538462 , 0.256410 , -0.242086
0.538462 , 0.282051 , -0.332772
0.538462 , 0.307692 , -0.431074
0.538462 , 0.333333 , -0.534985
0.538462 , 0.358974 , -0.644894
0.538462 , 0.384615 , -0.759102
0.538462 , 0.410256 , -0.877474
0.538462 , 0.435897 , -0.999199
0.538462 , 0.461538 , -1.123733
0.538462 , 0.487179 , -1.249181
0.538462 , 0.512821 , -1.375713
0.538462 , 0.538462 , -1.502644
0.538462 , 0.564103 , -1.628221
0.538462 , 0.589744 , -1.750679
0.538462 , 0.615385 , -1.870794
0.538462 , 0.641026 , -1.986935
0.538462 , 0.666667 , -2.098462
0.538462 , 0.692308 , -2.204649
0.538462 , 0.717949 , -2.304723
0.538462 , 0.743590 , -2.397698
0.538462 , 0.769231 , -2.483886
0.538462 , 0.794872 , -2.561161
0.538462 , 0.820513 , -2.630450
0.538462 , 0.846154 , -2.691086
0.538462 , 0.871795 , -2.743072
0.538462 , 0.897436 , -2.785582
0.538462 , 0.923077 , -2.819006
0.538462 , 0.948718 , -2.843013
0.538462 , 0.974359 , -2.857758
0.538462 , 1.000000 , -2.861998
0.564103 , 0.000000 , 0.419314
0.564103 , 0.025641 , 0.414365
0.564103 , 0.051282 , 0.398775
0.564103 , 0.076923 , 0.373110
0.564103 , 0.102564 , 0.336999
0.564103 , 0.128205 , 0.290548
0.564103 , 0.153846 , 0.235574
0.564103 , 0.179487 , 0.170651
0.564103 , 0.205128 , 0.096829
0.564103 , 0.230769 , 0.014947
0.564103 , 0.256410 , -0.075349
0.564103 , 0.282051 , -0.173389
0.564103 , 0.307692 , -0.279468
0.564103 , 0.333333 , -0.392051
0.564103 , 0.358974 , -0.511176
0.564103 , 0.384615 , -0.635074
0.564103 , 0.410256 , -0.763195
0.564103 , 0.435897 , -0.895351
0.564103 , 0.461538 , -1.030042
0.564103 , 0.487179 , -1.166040
0.564103 , 0.512821 , -1.302885
0.564103 , 0.538462 , -1.439917
0.564103 , 0.564103 , -1.575720
0.564103 , 0.589744 , -1.708086
0.564103 , 0.615385 , -1.837586
0.564103 , 0.641026 , -1.962535
0.564103 , 0.666667 , -2.082086
0.564103 , 0.692308 , -2.195906
0.564103 , 0.717949 , -2.302894
0.564103 , 0.743590 , -2.401929
0.564103 , 0.769231 , -2.493791
0.564103 , 0.794872 , -2.575959
0.564103 , 0.820513 , -2.649651
0.564103 , 0.846154 , -2.714738
0.564103 , 0.871795 , -2.769997
0.564103 , 0.897436 , -2.815247
0.564103 , 0.923077 , -2.850930
0.564103 , 0.948718 , -2.876279
0.564103 , 0.974359 , -2.892104
0.564103 , 1.000000 , -2.896788
0.589744 , 0.000000 , 0.627722
0.589744 , 0.025641 , 0.622486
0.589744 , 0.051282 , 0.606428
0.589744 , 0.076923 , 0.578590
0.589744 , 0.102564 , 0.539935
0.589744 , 0.128205 , 0.491015
0.589744 , 0.153846 , 0.432622
0.589744 , 0.179487 , 0.363006
0.589744 , 0.205128 , 0.283659
0.589744 , 0.230769 , 0.194936
0.589744 , 0.256410 , 0.097114
0.589744 , 0.282051 , -0.008955
0.589744 , 0.307692 , -0.123027
0.589744 , 0.333333 , -0.244929
0.589744 , 0.358974 , -0.373943
0.589744 , 0.384615 , -0.509000
0.589744 , 0.410256 , -0.648351
0.589744 , 0.435897 , -0.792020
0.589744 , 0.461538 , -0.938315
0.589744 , 0.487179 , -1.085728
0.589744 , 0.512821 , -1.234591
0.589744 , 0.538462 , -1.383273
0.589744 , 0.564103 , -1.530271
0.589744 , 0.589744 , -1.673480
0.589744 , 0.615385 , -1.813381
0.589744 , 0.641026 , -1.948089
0.589744 , 0.666667 , -2.076523
0.589744 , 0.692308 , -2.198225
0.589744 , 0.717949 , -2.312795
0.589744 , 0.743590 , -2.419110
0.589744 , 0.769231 , -2.517098
0.589744 , 0.794872 , -2.604958
0.589744 , 0.820513 , -2.682150
0.589744 , 0.846154 , -2.750816
0.589744 , 0.871795 , -2.810022
0.589744 , 0.897436 , -2.858058
0.589744 , 0.923077 , -2.896216
0.589744 , 0.948718 , -2.923528
0.589744 , 0.974359 , -2.939997
0.589744 , 1.000000 , -2.945640
0.615385 , 0.000000 , 0.843074
0.615385 , 0.025641 , 0.837237
0.615385 , 0.051282 , 0.819697
0.615385 , 0.076923 , 0.790330
0.615385 , 0.102564 , 0.749403
0.615385 , 0.128205 , 0.697504
0.615385 , 0.153846 , 0.635607
0.615385 , 0.179487 , 0.561969
0.615385 , 0.205128 , 0.477182
0.615385 , 0.230769 , 0.382993
0.615385 , 0.256410 , 0.277236
0.615385 , 0.282051 , 0.161755
0.615385 , 0.307692 , 0.038375
0.615385 , 0.333333 , -0.093835
0.615385 , 0.358974 , -0.233680
0.615385 , 0.384615 , -0.380499
0.615385 , 0.410256 , -0.532838
0.615385 , 0.435897 , -0.689660
0.615385 , 0.461538 , -0.849431
0.615385 , 0.487179 , -1.009887
0.615385 , 0.512821 , -1.171934
0.615385 , 0.538462 , -1.333667
0.615385 , 0.564103 , -1.493404
0.615385 , 0.589744 , -1.648579
0.615385 , 0.615385 , -1.799578
0.615385 , 0.641026 , -1.944725
0.615385 , 0.666667 , -2.083064
0.615385 , 0.692308 , -2.214385
0.615385 , 0.717949 , -2.336790
0.615385 , 0.743590 , -2.450546
0.615385 , 0.769231 , -2.555055
0.615385 , 0.794872 , -2.647979
0.615385 , 0.820513 , -2.729537
0.615385 , 0.846154 , -2.801611
0.615385 , 0.871795 , -2.864253
0.615385 , 0.897436 , -2.915381
0.615385 , 0.923077 , -2.955665
0.615385 , 0.948718 , -2.984684
0.615385 , 0.974359 , -3.002820
0.615385 , 1.000000 , -3.008858
0.641026 , 0.000000 , 1.065229
0.641026 , 0.025641 , 1.058837
0.641026 , 0.051282 , 1.039640
0.641026 , 0.076923 , 1.009068
0.641026 , 0.102564 , 0.966646
0.641026 , 0.128205 , 0.911937
0.641026 , 0.153846 , 0.845802
0.641026 , 0.179487 , 0.768125
0.641026 , 0.205128 , 0.677944
0.641026 , 0.230769 , 0.576934
0.641026 , 0.256410 , 0.464132
0.641026 , 0.282051 , 0.340147
0.641026 , 0.307692 , 0.206069
0.641026 , 0.333333 , 0.062422
0.641026 , 0.358974 , -0.090139
0.641026 , 0.384615 , -0.250048
0.641026 , 0.410256 , -0.416007
0.641026 , 0.435897 , -0.586846
0.641026 , 0.461538 , -0.762367
0.641026 , 0.487179 , -0.938167
0.641026 , 0.512821 , -1.114450
0.641026 , 0.538462 , -1.290779
0.641026 , 0.564103 , -1.464555
0.641026 , 0.589744 , -1.633910
0.641026 , 0.615385 , -1.798200
0.641026 , 0.641026 , -1.954804
0.641026 , 0.666667 , -2.103528
0.641026 , 0.692308 , -2.244605
0.641026 , 0.717949 , -2.375878
0.641026 , 0.743590 , -2.496870
0.641026 , 0.769231 , -2.608065
0.641026 , 0.794872 , -2.707064
0.641026 , 0.820513 , -2.793449
0.641026 , 0.846154 , -2.868936
0.641026 , 0.871795 , -2.934736
0.641026 , 0.897436 , -2.988788
0.641026 , 0.923077 , -3.031066
0.641026 , 0.948718 , -3.061468
0.641026 , 0.974359 , -3.080530
0.641026 , 1.000000 , -3.087035
0.666667 , 0.000000 , 1.294245
0.666667 , 0.025641 , 1.287502
0.666667 , 0.051282 , 1.267635
0.666667 , 0.076923 , 1.236428
0.666667 , 0.102564 , 1.192021
0.666667 , 0.128205 , 1.134635
0.666667 , 0.153846 , 1.065139
0.666667 , 0.179487 , 0.983092
0.666667 , 0.205128 , 0.887849
0.666667 , 0.230769 , 0.779424
0.666667 , 0.256410 , 0.658824
0.666667 , 0.282051 , 0.525925
0.666667 , 0.307692 , 0.381138
0.666667 , 0.333333 , 0.224904
0.666667 , 0.358974 , 0.058676
0.666667 , 0.384615 , -0.115757
0.666667 , 0.410256 , -0.296649
0.666667 , 0.435897 , -0.483580
0.666667 , 0.461538 , -0.676037
0.666667 , 0.487179 , -0.869328
0.666667 , 0.512821 , -1.062605
0.666667 , 0.538462 , -1.255120
0.666667 , 0.564103 , -1.444377
0.666667 , 0.589744 , -1.628930
0.666667 , 0.615385 , -1.808143
0.666667 , 0.641026 , -1.978712
0.666667 , 0.666667 , -2.139856
0.666667 , 0.692308 , -2.291489
0.666667 , 0.717949 , -2.432384
0.666667 , 0.743590 , -2.561108
0.666667 , 0.769231 , -2.677773
0.666667 , 0.794872 , -2.783401
0.666667 , 0.820513 , -2.875556
0.666667 , 0.846154 , -2.954533
0.666667 , 0.871795 , -3.022077
0.666667 , 0.897436 , -3.078836
0.666667 , 0.923077 , -3.123054
0.666667 , 0.948718 , -3.155206
0.666667 , 0.974359 , -3.174977
0.666667 , 1.000000 , -3.180843
0.692308 , 0.000000 , 1.530640
0.692308 , 0.025641 , 1.523681
0.692308 , 0.051282 , 1.503933
0.692308 , 0.076923 , 1.471926
0.692308 , 0.102564 , 1.426098
0.692308 , 0.128205 , 1.366124
0.692308 , 0.153846 , 1.293794
0.692308 , 0.179487 , 1.207361
0.692308 , 0.205128 , 1.106957
0.692308 , 0.230769 , 0.992474
0.692308 , 0.256410 , 0.863852
0.692308 , 0.282051 , 0.721100
0.692308 , 0.307692 , 0.563823
0.692308 , 0.333333 , 0.393735
0.692308 , 0.358974 , 0.213338
0.692308 , 0.384615 , 0.023108
0.692308 , 0.410256 , -0.175164
0.692308 , 0.435897 , -0.380021
0.692308 , 0.461538 , -0.590695
0.692308 , 0.487179 , -0.802960
0.692308 , 0.512821 , -1.015310
0.692308 , 0.538462 , -1.226513
0.692308 , 0.564103 , -1.434226
0.692308 , 0.589744 , -1.636022
0.692308 , 0.615385 , -1.830865
0.692308 , 0.641026 , -2.016968
0.692308 , 0.666667 , -2.192558
0.692308 , 0.692308 , -2.356462
0.692308 , 0.717949 , -2.507144
0.692308 , 0.743590 , -2.644234
0.692308 , 0.769231 , -2.767624
0.692308 , 0.794872 , -2.878367
0.692308 , 0.820513 , -2.975706
0.692308 , 0.846154 , -3.058707
0.692308 , 0.871795 , -3.128628
0.692308 , 0.897436 , -3.186394
0.692308 , 0.923077 , -3.231464
0.692308 , 0.948718 , -3.265121
0.692308 , 0.974359 , -3.285445
0.692308 , 1.000000 , -3.292724
0.717949 , 0.000000 , 1.774446
0.717949 , 0.025641 , 1.767766
0.717949 , 0.051282 , 1.748290
0.717949 , 0.076923 , 1.715637
0.717949 , 0.102564 , 1.668567
0.717949 , 0.128205 , 1.607996
0.717949 , 0.153846 , 1.533322
0.717949 , 0.179487 , 1.443296
0.717949 , 0.205128 , 1.337425
0.717949 , 0.230769 , 1.216922
0.717949 , 0.256410 , 1.080146
0.717949 , 0.282051 , 0.926586
0.717949 , 0.307692 , 0.756548
0.717949 , 0.333333 , 0.571816
0.717949 , 0.358974 , 0.375906
0.717949 , 0.384615 , 0.168125
0.717949 , 0.410256 , -0.050266
0.717949 , 0.435897 , -0.275530
0.717949 , 0.461538 , -0.506139
0.717949 , 0.487179 , -0.739252
0.717949 , 0.512821 , -0.973646
0.717949 , 0.538462 , -1.205745
0.717949 , 0.564103 , -1.434152
0.717949 , 0.589744 , -1.655605
0.717949 , 0.615385 , -1.867573
0.717949 , 0.641026 , -2.069853
0.717949 , 0.666667 , -2.261499
0.717949 , 0.692308 , -2.440054
0.717949 , 0.717949 , -2.602112
0.717949 , 0.743590 , -2.748308
0.717949 , 0.769231 , -2.879050
0.717949 , 0.794872 , -2.995255
0.717949 , 0.820513 , -3.096783
0.717949 , 0.846154 , -3.183279
0.717949 , 0.871795 , -3.256078
0.717949 , 0.897436 , -3.314464
0.717949 , 0.923077 , -3.358880
0.717949 , 0.948718 , -3.391856
0.717949 , 0.974359 , -3.411891
0.717949 , 1.000000 , -3.418889
0.743590 , 0.000000 , 2.026329
0.743590 , 0.025641 , 2.019989
0.743590 , 0.051282 , 2.001116
0.743590 , 0.076923 , 1.968653
0.743590 , 0.102564 , 1.921899
0.743590 , 0.128205 , 1.860913
0.743590 , 0.153846 , 1.784562
0.743590 , 0.179487 , 1.692198
0.743590 , 0.205128 , 1.582758
0.743590 , 0.230769 , 1.456198
0.743590 , 0.256410 , 1.309972
0.743590 , 0.282051 , 1.145373
0.743590 , 0.307692 , 0.961696
0.743590 , 0.333333 , 0.761902
0.743590 , 0.358974 , 0.548028
0.743590 , 0.384615 , 0.320784
0.743590 , 0.410256 , 0.080810
0.743590 , 0.435897 , -0.167352
0.743590 , 0.461538 , -0.421057
0.743590 , 0.487179 , -0.678149
0.743590 , 0.512821 , -0.936937
0.743590 , 0.538462 , -1.193463
0.743590 , 0.564103 , -1.445272
0.743590 , 0.589744 , -1.688961
0.743590 , 0.615385 , -1.921363
0.743590 , 0.641026 , -2.141524
0.743590 , 0.666667 , -2.349680
0.743590 , 0.692308 , -2.543926
0.743590 , 0.717949 , -2.719232
0.743590 , 0.743590 , -2.875003
0.743590 , 0.769231 , -3.013993
0.743590 , 0.794872 , -3.135996
0.743590 , 0.820513 , -3.242455
0.743590 , 0.846154 , -3.331214
0.743590 , 0.871795 , -3.404409
0.743590 , 0.897436 , -3.462295
0.743590 , 0.923077 , -3.505635
0.743590 , 0.948718 , -3.537339
0.743590 , 0.974359 , -3.556769
0.743590 , 1.000000 , -3.563105
0.769231 , 0.000000 , 2.286207
0.769231 , 0.025641 , 2.280336
0.769231 , 0.051282 , 2.262411
0.769231 , 0.076923 , 2.231248
0.769231 , 0.102564 , 2.186337
0.769231 , 0.128205 , 2.126342
0.769231 , 0.153846 , 2.050177
0.769231 , 0.179487 , 1.955417
0.769231 , 0.205128 , 1.842501
0.769231 , 0.230769 , 1.710296
0.769231 , 0.256410 , 1.555545
0.769231 , 0.282051 , 1.379353
0.769231 , 0.307692 , 1.181487
0.769231 , 0.333333 , 0.964289
0.769231 , 0.358974 , 0.730187
0.769231 , 0.384615 , 0.480852
0.769231 , 0.410256 , 0.217666
0.769231 , 0.435897 , -0.055614
0.769231 , 0.461538 , -0.335801
0.769231 , 0.487179 , -0.621604
0.769231 , 0.512821 , -0.907391
0.769231 , 0.538462 , -1.190948
0.769231 , 0.564103 , -1.469217
0.769231 , 0.589744 , -1.737552
0.769231 , 0.615385 , -1.993526
0.769231 , 0.641026 , -2.235226
0.769231 , 0.666667 , -2.460602
0.769231 , 0.692308 , -2.670384
0.769231 , 0.717949 , -2.859808
0.769231 , 0.743590 , -3.026760
0.769231 , 0.769231 , -3.173919
0.769231 , 0.794872 , -3.301605
0.769231 , 0.820513 , -3.411140
0.769231 , 0.846154 , -3.502091
0.769231 , 0.871795 , -3.574728
0.769231 , 0.897436 , -3.630586
0.769231 , 0.923077 , -3.671661
0.769231 , 0.948718 , -3.701267
0.769231 , 0.974359 , -3.719397
0.769231 , 1.000000 , -3.725188
0.794872 , 0.000000 , 2.553275
0.794872 , 0.025641 , 2.548364
0.794872 , 0.051282 , 2.532171
0.794872 , 0.076923 , 2.503243
0.794872 , 0.102564 , 2.461522
0.794872 , 0.128205 , 2.404596
0.794872 , 0.153846 , 2.329249
0.794872 , 0.179487 , 2.234743
0.794872 , 0.205128 , 2.119112
0.794872 , 0.230769 , 1.981001
0.794872 , 0.256410 , 1.817787
0.794872 , 0.282051 , 1.629220
0.794872 , 0.307692 , 1.416670
0.794872 , 0.333333 , 1.181162
0.794872 , 0.358974 , 0.924621
0.794872 , 0.384615 , 0.651375
0.794872 , 0.410256 , 0.362466
0.794872 , 0.435897 , 0.060471
0.794872 , 0.461538 , -0.249943
0.794872 , 0.487179 , -0.566347
0.794872 , 0.512821 , -0.883919
0.794872 , 0.538462 , -1.198411
0.794872 , 0.564103 , -1.506035
0.794872 , 0.589744 , -1.802878
0.794872 , 0.615385 , -2.084795
0.794872 , 0.641026 , -2.350316
0.794872 , 0.666667 , -2.597299
0.794872 , 0.692308 , -2.823539
0.794872 , 0.717949 , -3.027254
0.794872 , 0.743590 , -3.206148
0.794872 , 0.769231 , -3.361178
0.794872 , 0.794872 , -3.494032
0.794872 , 0.820513 , -3.605716
0.794872 , 0.846154 , -3.696547
0.794872 , 0.871795 , -3.767188
0.794872 , 0.897436 , -3.819838
0.794872 , 0.923077 , -3.857093
0.794872 , 0.948718 , -3.883589
0.794872 , 0.974359 , -3.899467
0.794872 , 1.000000 , -3.904783
0.820513 , 0.000000 , 2.826636
0.820513 , 0.025641 , 2.822711
0.820513 , 0.051282 , 2.809197
0.820513 , 0.076923 , 2.784925
0.820513 , 0.102564 , 2.748159
0.820513 , 0.128205 , 2.695252
0.820513 , 0.153846 , 2.623866
0.820513 , 0.179487 , 2.530979
0.820513 , 0.205128 , 2.414447
0.820513 , 0.230769 , 2.271680
0.820513 , 0.256410 , 2.099345
0.820513 , 0.282051 , 1.899502
0.820513 , 0.307692 , 1.670960
0.820513 , 0.333333 , 1.415951
0.820513 , 0.358974 , 1.135724
0.820513 , 0.384615 , 0.835157
0.820513 , 0.410256 , 0.517308
0.820513 , 0.435897 , 0.183195
0.820513 , 0.461538 , -0.162359
0.820513 , 0.487179 , -0.513428
0.820513 , 0.512821 , -0.866161
0.820513 , 0.538462 , -1.216089
0.820513 , 0.564103 , -1.557602
0.820513 , 0.589744 , -1.886597
0.820513 , 0.615385 , -2.198820
0.820513 , 0.641026 , -2.490411
0.820513 , 0.666667 , -2.760592
0.820513 , 0.692308 , -3.006556
0.820513 , 0.717949 , -3.225378
0.820513 , 0.743590 , -3.416819
0.820513 , 0.769231 , -3.579335
0.820513 , 0.794872 , -3.716033
0.820513 , 0.820513 , -3.828673
0.820513 , 0.846154 , -3.917038
0.820513 , 0.871795 , -3.982906
0.820513 , 0.897436 , -4.029505
0.820513 , 0.923077 , -4.061140
0.820513 , 0.948718 , -4.082632
0.820513 , 0.974359 , -4.095612
0.820513 , 1.000000 , -4.099698
0.846154 , 0.000000 , 3.103754
0.846154 , 0.025641 , 3.101302
0.846154 , 0.051282 , 3.092393
0.846154 , 0.076923 , 3.075567
0.846154 , 0.102564 , 3.046248
0.846154 , 0.128205 , 3.001531
0.846154 , 0.153846 , 2.936653
0.846154 , 0.179487 , 2.848595
0.846154 , 0.205128 , 2.733054
0.846154 , 0.230769 , 2.587761
0.846154 , 0.256410 , 2.407505
0.846154 , 0.282051 , 2.194119
0.846154 , 0.307692 , 1.948990
0.846154 , 0.333333 , 1.672440
0.846154 , 0.358974 , 1.366787
0.846154 , 0.384615 , 1.035784
0.846154 , 0.410256 , 0.683504
0.846154 , 0.435897 , 0.313109
0.846154 , 0.461538 , -0.070900
0.846154 , 0.487179 , -0.462549
0.846154 , 0.512821 , -0.855593
0.846154 , 0.538462 , -1.245038
0.846154 , 0.564103 , -1.625811
0.846154 , 0.589744 , -1.992003
0.846154 , 0.615385 , -2.338669
0.846154 , 0.641026 , -2.661129
0.846154 , 0.666667 , -2.957173
0.846154 , 0.692308 , -3.224057
0.846154 , 0.717949 , -3.459086
0.846154 , 0.743590 , -3.662088
0.846154 , 0.769231 , -3.832124
0.846154 , 0.794872 , -3.970646
0.846154 , 0.820513 , -4.080849
0.846154 , 0.846154 , -4.164522
0.846154 , 0.871795 , -4.222934
0.846154 , 0.897436 , -4.260825
0.846154 , 0.923077 , -4.284129
0.846154 , 0.948718 , -4.298105
0.846154 , 0.974359 , -4.306193
0.846154 , 1.000000 , -4.308779
0.871795 , 0.000000 , 3.381118
0.871795 , 0.025641 , 3.381253
0.871795 , 0.051282 , 3.379693
0.871795 , 0.076923 , 3.373402
0.871795 , 0.102564 , 3.356483
0.871795 , 0.128205 , 3.323741
0.871795 , 0.153846 , 3.270185
0.871795 , 0.179487 , 3.189719
0.871795 , 0.205128 , 3.077431
0.871795 , 0.230769 , 2.931300
0.871795 , 0.256410 , 2.746555
0.871795 , 0.282051 , 2.519912
0.871795 , 0.307692 , 2.256581
0.871795 , 0.333333 , 1.956462
0.871795 , 0.358974 , 1.621893
0.871795 , 0.384615 , 1.256732
0.871795 , 0.410256 , 0.865440
0.871795 , 0.435897 , 0.452772
0.871795 , 0.461538 , 0.024782
0.871795 , 0.487179 , -0.412226
0.871795 , 0.512821 , -0.851815
0.871795 , 0.538462 , -1.287920
0.871795 , 0.564103 , -1.713518
0.871795 , 0.589744 , -2.121969
0.871795 , 0.615385 , -2.506368
0.871795 , 0.641026 , -2.863722
0.871795 , 0.666667 , -3.189152
0.871795 , 0.692308 , -3.479372
0.871795 , 0.717949 , -3.731891
0.871795 , 0.743590 , -3.946951
0.871795 , 0.769231 , -4.123748
0.871795 , 0.794872 , -4.263311
0.871795 , 0.820513 , -4.368132
0.871795 , 0.846154 , -4.442471
0.871795 , 0.871795 , -4.489964
0.871795 , 0.897436 , -4.515607
0.871795 , 0.923077 , -4.526735
0.871795 , 0.948718 , -4.529296
0.871795 , 0.974359 , -4.529510
0.871795 , 1.000000 , -4.529507
0.897436 , 0.000000 , 3.652930
0.897436 , 0.025641 , 3.657608
0.897436 , 0.051282 , 3.667245
0.897436 , 0.076923 , 3.676609
0.897436 , 0.102564 , 3.677950
0.897436 , 0.128205 , 3.663456
0.897436 , 0.153846 , 3.626028
0.897436 , 0.179487 , 3.558528
0.897436 , 0.205128 , 3.453831
0.897436 , 0.230769 , 3.308830
0.897436 , 0.256410 , 3.119485
0.897436 , 0.282051 , 2.881380
0.897436 , 0.307692 , 2.598016
0.897436 , 0.333333 , 2.272063
0.897436 , 0.358974 , 1.905056
0.897436 , 0.384615 , 1.501668
0.897436 , 0.410256 , 1.066560
0.897436 , 0.435897 , 0.605865
0.897436 , 0.461538 , 0.126386
0.897436 , 0.487179 , -0.363274
0.897436 , 0.512821 , -0.856500
0.897436 , 0.538462 , -1.345875
0.897436 , 0.564103 , -1.822802
0.897436 , 0.589744 , -2.279366
0.897436 , 0.615385 , -2.707739
0.897436 , 0.641026 , -3.103662
0.897436 , 0.666667 , -3.461623
0.897436 , 0.692308 , -3.777908
0.897436 , 0.717949 , -4.049548
0.897436 , 0.743590 , -4.276560
0.897436 , 0.769231 , -4.457776
0.897436 , 0.794872 , -4.595719
0.897436 , 0.820513 , -4.692833
0.897436 , 0.846154 , -4.754061
0.897436 , 0.871795 , -4.784400
0.897436 , 0.897436 , -4.792235
0.897436 , 0.923077 , -4.784672
0.897436 , 0.948718 , -4.771204
0.897436 , 0.974359 , -4.760100
0.897436 , 1.000000 , -4.756343
0.923077 , 0.000000 , 3.913161
0.923077 , 0.025641 , 3.923582
0.923077 , 0.051282 , 3.950798
0.923077 , 0.076923 , 3.984202
0.923077 , 0.102564 , 4.011979
0.923077 , 0.128205 , 4.023459
0.923077 , 0.153846 , 4.009321
0.923077 , 0.179487 , 3.960167
0.923077 , 0.205128 , 3.868253
0.923077 , 0.230769 , 3.727216
0.923077 , 0.256410 , 3.533617
0.923077 , 0.282051 , 3.283665
0.923077 , 0.307692 , 2.979982
0.923077 , 0.333333 , 2.624938
0.923077 , 0.358974 , 2.221133
0.923077 , 0.384615 , 1.774207
0.923077 , 0.410256 , 1.288908
0.923077 , 0.435897 , 0.773327
0.923077 , 0.461538 , 0.235959
0.923077 , 0.487179 , -0.314772
0.923077 , 0.512821 , -0.869712
0.923077 , 0.538462 , -1.420291
0.923077 , 0.564103 , -1.955536
0.923077 , 0.589744 , -2.466956
0.923077 , 0.615385 , -2.945707
0.923077 , 0.641026 , -3.385789
0.923077 , 0.666667 , -3.780693
0.923077 , 0.692308 , -4.125920
0.923077 , 0.717949 , -4.418728
0.923077 , 0.743590 , -4.658209
0.923077 , 0.769231 , -4.843036
0.923077 , 0.794872 , -4.975688
0.923077 , 0.820513 , -5.060473
0.923077 , 0.846154 , -5.103217
0.923077 , 0.871795 , -5.109943
0.923077 , 0.897436 , -5.091028
0.923077 , 0.923077 , -5.057348
0.923077 , 0.948718 , -5.020511
0.923077 , 0.974359 , -4.992402
0.923077 , 1.000000 , -4.982223
0.948718 , 0.000000 , 4.149785
0.948718 , 0.025641 , 4.170626
0.948718 , 0.051282 , 4.223753
0.948718 , 0.076923 , 4.291839
0.948718 , 0.102564 , 4.358354
0.948718 , 0.128205 , 4.406906
0.948718 , 0.153846 , 4.424691
0.948718 , 0.179487 , 4.400925
0.948718 , 0.205128 , 4.326111
0.948718 , 0.230769 , 4.193979
0.948718 , 0.256410 , 3.998416
0.948718 , 0.282051 , 3.737238
0.948718 , 0.307692 , 3.411181
0.948718 , 0.333333 , 3.023292
0.948718 , 0.358974 , 2.578006
0.948718 , 0.384615 , 2.080735
0.948718 , 0.410256 , 1.538164
0.948718 , 0.435897 , 0.959069
0.948718 , 0.461538 , 0.353801
0.948718 , 0.487179 , -0.267263
0.948718 , 0.512821 , -0.893438
0.948718 , 0.538462 , -1.513762
0.948718 , 0.564103 , -2.116786
0.948718 , 0.589744 , -2.691356
0.948718 , 0.615385 , -3.227546
0.948718 , 0.641026 , -3.717959
0.948718 , 0.666667 , -4.154616
0.948718 , 0.692308 , -4.532362
0.948718 , 0.717949 , -4.848091
0.948718 , 0.743590 , -5.099733
0.948718 , 0.769231 , -5.286582
0.948718 , 0.794872 , -5.411210
0.948718 , 0.820513 , -5.477983
0.948718 , 0.846154 , -5.493974
0.948718 , 0.871795 , -5.468628
0.948718 , 0.897436 , -5.412720
0.948718 , 0.923077 , -5.341164
0.948718 , 0.948718 , -5.269474
0.948718 , 0.974359 , -5.215312
0.948718 , 1.000000 , -5.194434
0.974359 , 0.000000 , 4.342245
0.974359 , 0.025641 , 4.381126
0.974359 , 0.051282 , 4.476322
0.974359 , 0.076923 , 4.596666
0.974359 , 0.102564 , 4.717073
0.974359 , 0.128205 , 4.816475
0.974359 , 0.153846 , 4.878291
0.974359 , 0.179487 , 4.889011
0.974359 , 0.205128 , 4.838573
0.974359 , 0.230769 , 4.719039
0.974359 , 0.256410 , 4.523812
0.974359 , 0.282051 , 4.250461
0.974359 , 0.307692 , 3.900497
0.974359 , 0.333333 , 3.476232
0.974359 , 0.358974 , 2.982866
0.974359 , 0.384615 , 2.428072
0.974359 , 0.410256 , 1.819286
0.974359 , 0.435897 , 1.167197
0.974359 , 0.461538 , 0.483493
0.974359 , 0.487179 , -0.219414
0.974359 , 0.512821 , -0.927950
0.974359 , 0.538462 , -1.628963
0.974359 , 0.564103 , -2.309566
0.974359 , 0.589744 , -2.957183
0.974359 , 0.615385 , -3.559725
0.974359 , 0.641026 , -4.107729
0.974359 , 0.666667 , -4.592836
0.974359 , 0.692308 , -5.007559
0.974359 , 0.717949 , -5.348079
0.974359 , 0.743590 , -5.611753
0.974359 , 0.769231 , -5.798125
0.974359 , 0.794872 , -5.909842
0.974359 , 0.820513 , -5.951917
0.974359 , 0.846154 , -5.932571
0.974359 , 0.871795 , -5.862948
0.974359 , 0.897436 , -5.756815
0.974359 , 0.923077 , -5.631476
0.974359 , 0.948718 , -5.507792
0.974359 , 0.974359 , -5.411575
0.974359 , 1.000000 , -5.372431
1.000000 , 0.000000 , 4.455435
1.000000 , 0.025641 , 4.531295
1.000000 , 0.051282 , 4.697791
1.000000 , 0.076923 , 4.896383
1.000000 , 0.102564 , 5.091791
1.000000 , 0.128205 , 5.259214
1.000000 , 0.153846 , 5.378795
1.000000 , 0.179487 , 5.435225
1.000000 , 0.205128 , 5.416824
1.000000 , 0.230769 , 5.314841
1.000000 , 0.256410 , 5.122432
1.000000 , 0.282051 , 4.836771
1.000000 , 0.307692 , 4.459599
1.000000 , 0.333333 , 3.994482
1.000000 , 0.358974 , 3.446961
1.000000 , 0.384615 , 2.825637
1.000000 , 0.410256 , 2.140254
1.000000 , 0.435897 , 1.402820
1.000000 , 0.461538 , 0.627906
1.000000 , 0.487179 , -0.169597
1.000000 , 0.512821 , -0.973476
1.000000 , 0.538462 , -1.768907
1.000000 , 0.564103 , -2.540228
1.000000 , 0.589744 , -3.272731
1.000000 , 0.615385 , -3.952047
1.000000 , 0.641026 , -4.566128
1.000000 , 0.666667 , -5.105602
1.000000 , 0.692308 , -5.561959
1.000000 , 0.717949 , -5.929908
1.000000 , 0.743590 , -6.205627
1.000000 , 0.769231 , -6.389190
1.000000 , 0.794872 , -6.482891
1.000000 , 0.820513 , -6.493065
1.000000 , 0.846154 , -6.427809
1.000000 , 0.871795 , -6.300503
1.000000 , 0.897436 , -6.126818
1.000000 , 0.923077 , -5.926645
1.000000 , 0.948718 , -5.725172
1.000000 , 0.974359 , -5.557082
1.000000 , 1.000000 , -5.480157
