0.000000 , 0.000000 , 3.992107
0.000000 , 0.025641 , 3.992107
0.000000 , 0.051282 , 3.992107
0.000000 , 0.076923 , 3.992107
0.000000 , 0.102564 , 3.992107
0.000000 , 0.128205 , 3.992107
0.000000 , 0.153846 , 3.992107
0.000000 , 0.179487 , 3.992107
0.000000 , 0.205128 , 3.992107
0.000000 , 0.230769 , 3.992107
0.000000 , 0.256410 , 3.992107
0.000000 , 0.282051 , 3.992107
0.000000 , 0.307692 , 3.992107
0.000000 , 0.333333 , 3.992107
0.000000 , 0.358974 , 3.992107
0.000000 , 0.384615 , 3.992107
0.000000 , 0.410256 , 3.992107
0.000000 , 0.435897 , 3.992107
0.000000 , 0.461538 , 3.992107
0.000000 , 0.487179 , 3.992107
0.000000 , 0.512821 , 3.992107
0.000000 , 0.538462 , 3.992107
0.000000 , 0.564103 , 3.992107
0.000000 , 0.589744 , 3.992107
0.000000 , 0.615385 , 3.992107
0.000000 , 0.641026 , 3.992107
0.000000 , 0.666667 , 3.992107
0.000000 , 0.692308 , 3.992107
0.000000 , 0.717949 , 3.992107
0.000000 , 0.743590 , 3.992107
0.000000 , 0.769231 , 3.992107
0.000000 , 0.794872 , 3.992107
0.000000 , 0.820513 , 3.992107
0.000000 , 0.846154 , 3.992107
0.000000 , 0.871795 , 3.992107
0.000000 , 0.897436 , 3.992107
0.000000 , 0.923077 , 3.992107
0.000000 , 0.948718 , 3.992107
0.000000 , 0.974359 , 3.992107
0.000000 , 1.000000 , 3.992107
0.025641 , 0.000000 , 3.884587
0.025641 , 0.025641 , 3.885475
0.025641 , 0.051282 , 3.886623
0.025641 , 0.076923 , 3.886796
0.025641 , 0.102564 , 3.886926
0.025641 , 0.128205 , 3.886496
0.025641 , 0.153846 , 3.885149
0.025641 , 0.179487 , 3.882290
0.025641 , 0.205128 , 3.879317
0.025641 , 0.230769 , 3.876244
0.025641 , 0.256410 , 3.872445
0.025641 , 0.282051 , 3.867315
0.025641 , 0.307692 , 3.862763
0.025641 , 0.333333 , 3.858591
0.025641 , 0.358974 , 3.853403
0.025641 , 0.384615 , 3.847091
0.025641 , 0.410256 , 3.841828
0.025641 , 0.435897 , 3.836307
0.025641 , 0.461538 , 3.830202
0.025641 , 0.487179 , 3.824738
0.025641 , 0.512821 , 3.818593
0.025641 , 0.538462 , 3.812627
0.025641 , 0.564103 , 3.806998
0.025641 , 0.589744 , 3.802018
0.025641 , 0.615385 , 3.796293
0.025641 , 0.641026 , 3.791484
0.025641 , 0.666667 , 3.787031
0.025641 , 0.692308 , 3.782891
0.025641 , 0.717949 , 3.779809
0.025641 , 0.743590 , 3.776645
0.025641 , 0.769231 , 3.772760
0.025641 , 0.794872 , 3.769702
0.025641 , 0.820513 , 3.767220
0.025641 , 0.846154 , 3.765133
0.025641 , 0.871795 , 3.763156
0.025641 , 0.897436 , 3.762182
0.025641 , 0.923077 , 3.761085
0.025641 , 0.948718 , 3.760454
0.025641 , 0.974359 , 3.760578
0.025641 , 1.000000 , 3.760224
0.051282 , 0.000000 , 3.778540
0.051282 , 0.025641 , 3.779049
0.051282 , 0.051282 , 3.780720
0.051282 , 0.076923 , 3.781078
0.051282 , 0.102564 , 3.780350
0.051282 , 0.128205 , 3.778972
0.051282 , 0.153846 , 3.775997
0.051282 , 0.179487 , 3.771365
0.051282 , 0.205128 , 3.765651
0.051282 , 0.230769 , 3.759020
0.051282 , 0.256410 , 3.751370
0.051282 , 0.282051 , 3.742607
0.051282 , 0.307692 , 3.733483
0.051282 , 0.333333 , 3.723843
0.051282 , 0.358974 , 3.713867
0.051282 , 0.384615 , 3.702526
0.051282 , 0.410256 , 3.691644
0.051282 , 0.435897 , 3.680763
0.051282 , 0.461538 , 3.668591
0.051282 , 0.487179 , 3.656840
0.051282 , 0.512821 , 3.644860
0.051282 , 0.538462 , 3.632826
0.051282 , 0.564103 , 3.621559
0.051282 , 0.589744 , 3.611114
0.051282 , 0.615385 , 3.601395
0.051282 , 0.641026 , 3.591307
0.051282 , 0.666667 , 3.582264
0.051282 , 0.692308 , 3.574752
0.051282 , 0.717949 , 3.567781
0.051282 , 0.743590 , 3.560709
0.051282 , 0.769231 , 3.554252
0.051282 , 0.794872 , 3.547969
0.051282 , 0.820513 , 3.542344
0.051282 , 0.846154 , 3.537679
0.051282 , 0.871795 , 3.534214
0.051282 , 0.897436 , 3.531902
0.051282 , 0.923077 , 3.530584
0.051282 , 0.948718 , 3.529109
0.051282 , 0.974359 , 3.528997
0.051282 , 1.000000 , 3.529155
0.076923 , 0.000000 , 3.672337
0.076923 , 0.025641 , 3.673285
0.076923 , 0.051282 , 3.674433
0.076923 , 0.076923 , 3.674705
0.076923 , 0.102564 , 3.673298
0.076923 , 0.128205 , 3.670345
0.076923 , 0.153846 , 3.665643
0.076923 , 0.179487 , 3.659062
0.076923 , 0.205128 , 3.650650
0.076923 , 0.230769 , 3.640598
0.076923 , 0.256410 , 3.629504
0.076923 , 0.282051 , 3.617269
0.076923 , 0.307692 , 3.603802
0.076923 , 0.333333 , 3.589167
0.076923 , 0.358974 , 3.574581
0.076923 , 0.384615 , 3.559417
0.076923 , 0.410256 , 3.542964
0.076923 , 0.435897 , 3.526247
0.076923 , 0.461538 , 3.508165
0.076923 , 0.487179 , 3.490715
0.076923 , 0.512821 , 3.472886
0.076923 , 0.538462 , 3.454879
0.076923 , 0.564103 , 3.437928
0.076923 , 0.589744 , 3.422050
0.076923 , 0.615385 , 3.407028
0.076923 , 0.641026 , 3.392871
0.076923 , 0.666667 , 3.379114
0.076923 , 0.692308 , 3.366815
0.076923 , 0.717949 , 3.355869
0.076923 , 0.743590 , 3.345525
0.076923 , 0.769231 , 3.335244
0.076923 , 0.794872 , 3.326779
0.076923 , 0.820513 , 3.319374
0.076923 , 0.846154 , 3.312293
0.076923 , 0.871795 , 3.306877
0.076923 , 0.897436 , 3.303102
0.076923 , 0.923077 , 3.300400
0.076923 , 0.948718 , 3.298975
0.076923 , 0.974359 , 3.298798
0.076923 , 1.000000 , 3.298575
0.102564 , 0.000000 , 3.567862
0.102564 , 0.025641 , 3.567958
0.102564 , 0.051282 , 3.568432
0.102564 , 0.076923 , 3.568020
0.102564 , 0.102564 , 3.565805
0.102564 , 0.128205 , 3.561241
0.102564 , 0.153846 , 3.554846
0.102564 , 0.179487 , 3.546337
0.102564 , 0.205128 , 3.535533
0.102564 , 0.230769 , 3.522133
0.102564 , 0.256410 , 3.508154
0.102564 , 0.282051 , 3.492772
0.102564 , 0.307692 , 3.475274
0.102564 , 0.333333 , 3.455544
0.102564 , 0.358974 , 3.436176
0.102564 , 0.384615 , 3.416820
0.102564 , 0.410256 , 3.395705
0.102564 , 0.435897 , 3.372649
0.102564 , 0.461538 , 3.348868
0.102564 , 0.487179 , 3.325537
0.102564 , 0.512821 , 3.302327
0.102564 , 0.538462 , 3.279550
0.102564 , 0.564103 , 3.256956
0.102564 , 0.589744 , 3.235412
0.102564 , 0.615385 , 3.214547
0.102564 , 0.641026 , 3.195997
0.102564 , 0.666667 , 3.177441
0.102564 , 0.692308 , 3.159925
0.102564 , 0.717949 , 3.144938
0.102564 , 0.743590 , 3.131620
0.102564 , 0.769231 , 3.118365
0.102564 , 0.794872 , 3.106248
0.102564 , 0.820513 , 3.096705
0.102564 , 0.846154 , 3.087970
0.102564 , 0.871795 , 3.080327
0.102564 , 0.897436 , 3.075287
0.102564 , 0.923077 , 3.071789
0.102564 , 0.948718 , 3.070111
0.102564 , 0.974359 , 3.069727
0.102564 , 1.000000 , 3.070046
0.128205 , 0.000000 , 3.463888
0.128205 , 0.025641 , 3.463322
0.128205 , 0.051282 , 3.462578
0.128205 , 0.076923 , 3.461309
0.128205 , 0.102564 , 3.458269
0.128205 , 0.128205 , 3.452396
0.128205 , 0.153846 , 3.444520
0.128205 , 0.179487 , 3.434321
0.128205 , 0.205128 , 3.421899
0.128205 , 0.230769 , 3.406060
0.128205 , 0.256410 , 3.388735
0.128205 , 0.282051 , 3.369825
0.128205 , 0.307692 , 3.348407
0.128205 , 0.333333 , 3.324465
0.128205 , 0.358974 , 3.299975
0.128205 , 0.384615 , 3.275538
0.128205 , 0.410256 , 3.249509
0.128205 , 0.435897 , 3.221090
0.128205 , 0.461538 , 3.191277
0.128205 , 0.487179 , 3.162259
0.128205 , 0.512821 , 3.133245
0.128205 , 0.538462 , 3.105149
0.128205 , 0.564103 , 3.077268
0.128205 , 0.589744 , 3.050914
0.128205 , 0.615385 , 3.025149
0.128205 , 0.641026 , 3.000531
0.128205 , 0.666667 , 2.977286
0.128205 , 0.692308 , 2.955854
0.128205 , 0.717949 , 2.936616
0.128205 , 0.743590 , 2.919480
0.128205 , 0.769231 , 2.903219
0.128205 , 0.794872 , 2.888010
0.128205 , 0.820513 , 2.876087
0.128205 , 0.846154 , 2.865185
0.128205 , 0.871795 , 2.856068
0.128205 , 0.897436 , 2.849057
0.128205 , 0.923077 , 2.844544
0.128205 , 0.948718 , 2.842258
0.128205 , 0.974359 , 2.840901
0.128205 , 1.000000 , 2.840511
0.153846 , 0.000000 , 3.359771
0.153846 , 0.025641 , 3.359477
0.153846 , 0.051282 , 3.358214
0.153846 , 0.076923 , 3.355608
0.153846 , 0.102564 , 3.351744
0.153846 , 0.128205 , 3.345021
0.153846 , 0.153846 , 3.335476
0.153846 , 0.179487 , 3.323502
0.153846 , 0.205128 , 3.309096
0.153846 , 0.230769 , 3.290923
0.153846 , 0.256410 , 3.270311
0.153846 , 0.282051 , 3.247817
0.153846 , 0.307692 , 3.222608
0.153846 , 0.333333 , 3.194888
0.153846 , 0.358974 , 3.166141
0.153846 , 0.384615 , 3.136297
0.153846 , 0.410256 , 3.104409
0.153846 , 0.435897 , 3.070216
0.153846 , 0.461538 , 3.035120
0.153846 , 0.487179 , 3.000325
0.153846 , 0.512821 , 2.966720
0.153846 , 0.538462 , 2.932916
0.153846 , 0.564103 , 2.899821
0.153846 , 0.589744 , 2.868174
0.153846 , 0.615385 , 2.836909
0.153846 , 0.641026 , 2.807195
0.153846 , 0.666667 , 2.779605
0.153846 , 0.692308 , 2.755309
0.153846 , 0.717949 , 2.732359
0.153846 , 0.743590 , 2.711090
0.153846 , 0.769231 , 2.690491
0.153846 , 0.794872 , 2.672829
0.153846 , 0.820513 , 2.658211
0.153846 , 0.846154 , 2.644437
0.153846 , 0.871795 , 2.633476
0.153846 , 0.897436 , 2.625232
0.153846 , 0.923077 , 2.618990
0.153846 , 0.948718 , 2.615447
0.153846 , 0.974359 , 2.612814
0.153846 , 1.000000 , 2.611504
0.179487 , 0.000000 , 3.257479
0.179487 , 0.025641 , 3.257331
0.179487 , 0.051282 , 3.256145
0.179487 , 0.076923 , 3.252769
0.179487 , 0.102564 , 3.247309
0.179487 , 0.128205 , 3.239177
0.179487 , 0.153846 , 3.227930
0.179487 , 0.179487 , 3.213937
0.179487 , 0.205128 , 3.197056
0.179487 , 0.230769 , 3.176317
0.179487 , 0.256410 , 3.152702
0.179487 , 0.282051 , 3.126544
0.179487 , 0.307692 , 3.098020
0.179487 , 0.333333 , 3.066887
0.179487 , 0.358974 , 3.033467
0.179487 , 0.384615 , 2.998340
0.179487 , 0.410256 , 2.961613
0.179487 , 0.435897 , 2.921498
0.179487 , 0.461538 , 2.881184
0.179487 , 0.487179 , 2.841355
0.179487 , 0.512821 , 2.801396
0.179487 , 0.538462 , 2.762716
0.179487 , 0.564103 , 2.723980
0.179487 , 0.589744 , 2.687068
0.179487 , 0.615385 , 2.650866
0.179487 , 0.641026 , 2.616381
0.179487 , 0.666667 , 2.584381
0.179487 , 0.692308 , 2.555537
0.179487 , 0.717949 , 2.528861
0.179487 , 0.743590 , 2.503950
0.179487 , 0.769231 , 2.479942
0.179487 , 0.794872 , 2.458845
0.179487 , 0.820513 , 2.442235
0.179487 , 0.846154 , 2.426202
0.179487 , 0.871795 , 2.413184
0.179487 , 0.897436 , 2.402710
0.179487 , 0.923077 , 2.395243
0.179487 , 0.948718 , 2.390447
0.179487 , 0.974359 , 2.387264
0.179487 , 1.000000 , 2.385691
0.205128 , 0.000000 , 3.158455
0.205128 , 0.025641 , 3.158281
0.205128 , 0.051282 , 3.156619
0.205128 , 0.076923 , 3.152332
0.205128 , 0.102564 , 3.145598
0.205128 , 0.128205 , 3.135765
0.205128 , 0.153846 , 3.123099
0.205128 , 0.179487 , 3.107184
0.205128 , 0.205128 , 3.087361
0.205128 , 0.230769 , 3.063619
0.205128 , 0.256410 , 3.037253
0.205128 , 0.282051 , 3.007558
0.205128 , 0.307692 , 2.975521
0.205128 , 0.333333 , 2.940940
0.205128 , 0.358974 , 2.903924
0.205128 , 0.384615 , 2.864048
0.205128 , 0.410256 , 2.821822
0.205128 , 0.435897 , 2.776118
0.205128 , 0.461538 , 2.730473
0.205128 , 0.487179 , 2.685608
0.205128 , 0.512821 , 2.639986
0.205128 , 0.538462 , 2.595534
0.205128 , 0.564103 , 2.552055
0.205128 , 0.589744 , 2.510114
0.205128 , 0.615385 , 2.468593
0.205128 , 0.641026 , 2.429461
0.205128 , 0.666667 , 2.392895
0.205128 , 0.692308 , 2.358675
0.205128 , 0.717949 , 2.327575
0.205128 , 0.743590 , 2.299358
0.205128 , 0.769231 , 2.272335
0.205128 , 0.794872 , 2.247970
0.205128 , 0.820513 , 2.228843
0.205128 , 0.846154 , 2.210307
0.205128 , 0.871795 , 2.195074
0.205128 , 0.897436 , 2.182331
0.205128 , 0.923077 , 2.173747
0.205128 , 0.948718 , 2.167800
0.205128 , 0.974359 , 2.164582
0.205128 , 1.000000 , 2.162489
0.230769 , 0.000000 , 3.063601
0.230769 , 0.025641 , 3.063405
0.230769 , 0.051282 , 3.060680
0.230769 , 0.076923 , 3.055331
0.230769 , 0.102564 , 3.046716
0.230769 , 0.128205 , 3.035035
0.230769 , 0.153846 , 3.020813
0.230769 , 0.179487 , 3.002850
0.230769 , 0.205128 , 2.980690
0.230769 , 0.230769 , 2.954956
0.230769 , 0.256410 , 2.925467
0.230769 , 0.282051 , 2.892001
0.230769 , 0.307692 , 2.855734
0.230769 , 0.333333 , 2.817035
0.230769 , 0.358974 , 2.775774
0.230769 , 0.384615 , 2.732186
0.230769 , 0.410256 , 2.685185
0.230769 , 0.435897 , 2.634588
0.230769 , 0.461538 , 2.583504
0.230769 , 0.487179 , 2.533573
0.230769 , 0.512821 , 2.482819
0.230769 , 0.538462 , 2.433173
0.230769 , 0.564103 , 2.384185
0.230769 , 0.589744 , 2.336609
0.230769 , 0.615385 , 2.290610
0.230769 , 0.641026 , 2.246029
0.230769 , 0.666667 , 2.204576
0.230769 , 0.692308 , 2.166052
0.230769 , 0.717949 , 2.129770
0.230769 , 0.743590 , 2.097321
0.230769 , 0.769231 , 2.067599
0.230769 , 0.794872 , 2.039840
0.230769 , 0.820513 , 2.017120
0.230769 , 0.846154 , 1.996039
0.230769 , 0.871795 , 1.979020
0.230769 , 0.897436 , 1.964528
0.230769 , 0.923077 , 1.954246
0.230769 , 0.948718 , 1.947758
0.230769 , 0.974359 , 1.943873
0.230769 , 1.000000 , 1.942406
0.256410 , 0.000000 , 2.973477
0.256410 , 0.025641 , 2.972701
0.256410 , 0.051282 , 2.968602
0.256410 , 0.076923 , 2.961945
0.256410 , 0.102564 , 2.952047
0.256410 , 0.128205 , 2.938623
0.256410 , 0.153846 , 2.921931
0.256410 , 0.179487 , 2.902115
0.256410 , 0.205128 , 2.877738
0.256410 , 0.230769 , 2.849627
0.256410 , 0.256410 , 2.817239
0.256410 , 0.282051 , 2.780358
0.256410 , 0.307692 , 2.740444
0.256410 , 0.333333 , 2.697533
0.256410 , 0.358974 , 2.651548
0.256410 , 0.384615 , 2.603169
0.256410 , 0.410256 , 2.552034
0.256410 , 0.435897 , 2.497552
0.256410 , 0.461538 , 2.441501
0.256410 , 0.487179 , 2.385864
0.256410 , 0.512821 , 2.330527
0.256410 , 0.538462 , 2.275459
0.256410 , 0.564103 , 2.220851
0.256410 , 0.589744 , 2.168001
0.256410 , 0.615385 , 2.116788
0.256410 , 0.641026 , 2.067272
0.256410 , 0.666667 , 2.020113
0.256410 , 0.692308 , 1.976592
0.256410 , 0.717949 , 1.935934
0.256410 , 0.743590 , 1.898808
0.256410 , 0.769231 , 1.865599
0.256410 , 0.794872 , 1.835251
0.256410 , 0.820513 , 1.809425
0.256410 , 0.846154 , 1.786228
0.256410 , 0.871795 , 1.766623
0.256410 , 0.897436 , 1.749758
0.256410 , 0.923077 , 1.737543
0.256410 , 0.948718 , 1.730076
0.256410 , 0.974359 , 1.725945
0.256410 , 1.000000 , 1.724319
0.282051 , 0.000000 , 2.888239
0.282051 , 0.025641 , 2.887122
0.282051 , 0.051282 , 2.882072
0.282051 , 0.076923 , 2.873601
0.282051 , 0.102564 , 2.862915
0.282051 , 0.128205 , 2.848069
0.282051 , 0.153846 , 2.828382
0.282051 , 0.179487 , 2.804687
0.282051 , 0.205128 , 2.778407
0.282051 , 0.230769 , 2.747912
0.282051 , 0.256410 , 2.712218
0.282051 , 0.282051 , 2.672330
0.282051 , 0.307692 , 2.628934
0.282051 , 0.333333 , 2.582059
0.282051 , 0.358974 , 2.531550
0.282051 , 0.384615 , 2.477860
0.282051 , 0.410256 , 2.422232
0.282051 , 0.435897 , 2.364159
0.282051 , 0.461538 , 2.303890
0.282051 , 0.487179 , 2.242918
0.282051 , 0.512821 , 2.181705
0.282051 , 0.538462 , 2.121509
0.282051 , 0.564103 , 2.061272
0.282051 , 0.589744 , 2.003163
0.282051 , 0.615385 , 1.946914
0.282051 , 0.641026 , 1.892214
0.282051 , 0.666667 , 1.840200
0.282051 , 0.692308 , 1.791194
0.282051 , 0.717949 , 1.745885
0.282051 , 0.743590 , 1.704481
0.282051 , 0.769231 , 1.666810
0.282051 , 0.794872 , 1.633565
0.282051 , 0.820513 , 1.604597
0.282051 , 0.846154 , 1.579508
0.282051 , 0.871795 , 1.558100
0.282051 , 0.897436 , 1.539194
0.282051 , 0.923077 , 1.525372
0.282051 , 0.948718 , 1.516375
0.282051 , 0.974359 , 1.511025
0.282051 , 1.000000 , 1.509675
0.307692 , 0.000000 , 2.809254
0.307692 , 0.025641 , 2.807866
0.307692 , 0.051282 , 2.802233
0.307692 , 0.076923 , 2.792245
0.307692 , 0.102564 , 2.779877
0.307692 , 0.128205 , 2.762813
0.307692 , 0.153846 , 2.740987
0.307692 , 0.179487 , 2.713804
0.307692 , 0.205128 , 2.683927
0.307692 , 0.230769 , 2.650182
0.307692 , 0.256410 , 2.611247
0.307692 , 0.282051 , 2.568139
0.307692 , 0.307692 , 2.520911
0.307692 , 0.333333 , 2.469844
0.307692 , 0.358974 , 2.415238
0.307692 , 0.384615 , 2.357348
0.307692 , 0.410256 , 2.296685
0.307692 , 0.435897 , 2.234255
0.307692 , 0.461538 , 2.169277
0.307692 , 0.487179 , 2.103611
0.307692 , 0.512821 , 2.037616
0.307692 , 0.538462 , 1.971787
0.307692 , 0.564103 , 1.906255
0.307692 , 0.589744 , 1.842327
0.307692 , 0.615385 , 1.780818
0.307692 , 0.641026 , 1.721489
0.307692 , 0.666667 , 1.664442
0.307692 , 0.692308 , 1.610396
0.307692 , 0.717949 , 1.560382
0.307692 , 0.743590 , 1.514205
0.307692 , 0.769231 , 1.471392
0.307692 , 0.794872 , 1.434187
0.307692 , 0.820513 , 1.402599
0.307692 , 0.846154 , 1.375027
0.307692 , 0.871795 , 1.351678
0.307692 , 0.897436 , 1.331364
0.307692 , 0.923077 , 1.315554
0.307692 , 0.948718 , 1.304904
0.307692 , 0.974359 , 1.298403
0.307692 , 1.000000 , 1.296233
0.333333 , 0.000000 , 2.737736
0.333333 , 0.025641 , 2.735812
0.333333 , 0.051282 , 2.729681
0.333333 , 0.076923 , 2.718655
0.333333 , 0.102564 , 2.703479
0.333333 , 0.128205 , 2.683819
0.333333 , 0.153846 , 2.659651
0.333333 , 0.179487 , 2.630056
0.333333 , 0.205128 , 2.595919
0.333333 , 0.230769 , 2.557853
0.333333 , 0.256410 , 2.515398
0.333333 , 0.282051 , 2.469272
0.333333 , 0.307692 , 2.418010
0.333333 , 0.333333 , 2.362458
0.333333 , 0.358974 , 2.303081
0.333333 , 0.384615 , 2.240879
0.333333 , 0.410256 , 2.175819
0.333333 , 0.435897 , 2.108390
0.333333 , 0.461538 , 2.038762
0.333333 , 0.487179 , 1.967923
0.333333 , 0.512821 , 1.896724
0.333333 , 0.538462 , 1.825112
0.333333 , 0.564103 , 1.754275
0.333333 , 0.589744 , 1.684973
0.333333 , 0.615385 , 1.617881
0.333333 , 0.641026 , 1.553790
0.333333 , 0.666667 , 1.492229
0.333333 , 0.692308 , 1.434093
0.333333 , 0.717949 , 1.378809
0.333333 , 0.743590 , 1.327489
0.333333 , 0.769231 , 1.279733
0.333333 , 0.794872 , 1.237886
0.333333 , 0.820513 , 1.202294
0.333333 , 0.846154 , 1.172370
0.333333 , 0.871795 , 1.146548
0.333333 , 0.897436 , 1.124303
0.333333 , 0.923077 , 1.107176
0.333333 , 0.948718 , 1.095502
0.333333 , 0.974359 , 1.087777
0.333333 , 1.000000 , 1.085249
0.358974 , 0.000000 , 2.674929
0.358974 , 0.025641 , 2.672209
0.358974 , 0.051282 , 2.665120
0.358974 , 0.076923 , 2.652704
0.358974 , 0.102564 , 2.634914
0.358974 , 0.128205 , 2.612072
0.358974 , 0.153846 , 2.585597
0.358974 , 0.179487 , 2.553444
0.358974 , 0.205128 , 2.515601
0.358974 , 0.230769 , 2.472817
0.358974 , 0.256410 , 2.425039
0.358974 , 0.282051 , 2.374695
0.358974 , 0.307692 , 2.319974
0.358974 , 0.333333 , 2.259855
0.358974 , 0.358974 , 2.196135
0.358974 , 0.384615 , 2.128753
0.358974 , 0.410256 , 2.058593
0.358974 , 0.435897 , 1.986217
0.358974 , 0.461538 , 1.912031
0.358974 , 0.487179 , 1.836426
0.358974 , 0.512821 , 1.759622
0.358974 , 0.538462 , 1.682574
0.358974 , 0.564103 , 1.606499
0.358974 , 0.589744 , 1.532136
0.358974 , 0.615385 , 1.459266
0.358974 , 0.641026 , 1.389654
0.358974 , 0.666667 , 1.323347
0.358974 , 0.692308 , 1.260112
0.358974 , 0.717949 , 1.200276
0.358974 , 0.743590 , 1.144565
0.358974 , 0.769231 , 1.093031
0.358974 , 0.794872 , 1.046634
0.358974 , 0.820513 , 1.006507
0.358974 , 0.846154 , 0.972458
0.358974 , 0.871795 , 0.943656
0.358974 , 0.897436 , 0.919230
0.358974 , 0.923077 , 0.900931
0.358974 , 0.948718 , 0.888372
0.358974 , 0.974359 , 0.879671
0.358974 , 1.000000 , 0.876794
0.384615 , 0.000000 , 2.620590
0.384615 , 0.025641 , 2.617433
0.384615 , 0.051282 , 2.609143
0.384615 , 0.076923 , 2.595057
0.384615 , 0.102564 , 2.575036
0.384615 , 0.128205 , 2.549341
0.384615 , 0.153846 , 2.519082
0.384615 , 0.179487 , 2.483139
0.384615 , 0.205128 , 2.441544
0.384615 , 0.230769 , 2.395408
0.384615 , 0.256410 , 2.344002
0.384615 , 0.282051 , 2.287855
0.384615 , 0.307692 , 2.228204
0.384615 , 0.333333 , 2.163264
0.384615 , 0.358974 , 2.094505
0.384615 , 0.384615 , 2.021889
0.384615 , 0.410256 , 1.946468
0.384615 , 0.435897 , 1.868576
0.384615 , 0.461538 , 1.789038
0.384615 , 0.487179 , 1.708029
0.384615 , 0.512821 , 1.625848
0.384615 , 0.538462 , 1.543611
0.384615 , 0.564103 , 1.462310
0.384615 , 0.589744 , 1.382857
0.384615 , 0.615385 , 1.304345
0.384615 , 0.641026 , 1.228843
0.384615 , 0.666667 , 1.157134
0.384615 , 0.692308 , 1.088193
0.384615 , 0.717949 , 1.023485
0.384615 , 0.743590 , 0.963083
0.384615 , 0.769231 , 0.907826
0.384615 , 0.794872 , 0.857802
0.384615 , 0.820513 , 0.813535
0.384615 , 0.846154 , 0.775213
0.384615 , 0.871795 , 0.742727
0.384615 , 0.897436 , 0.715847
0.384615 , 0.923077 , 0.695400
0.384615 , 0.948718 , 0.681542
0.384615 , 0.974359 , 0.672954
0.384615 , 1.000000 , 0.670246
0.410256 , 0.000000 , 2.575225
0.410256 , 0.025641 , 2.571832
0.410256 , 0.051282 , 2.562345
0.410256 , 0.076923 , 2.545876
0.410256 , 0.102564 , 2.523445
0.410256 , 0.128205 , 2.495456
0.410256 , 0.153846 , 2.461465
0.410256 , 0.179487 , 2.421785
0.410256 , 0.205128 , 2.376068
0.410256 , 0.230769 , 2.325246
0.410256 , 0.256410 , 2.269771
0.410256 , 0.282051 , 2.209429
0.410256 , 0.307692 , 2.144184
0.410256 , 0.333333 , 2.073733
0.410256 , 0.358974 , 1.999511
0.410256 , 0.384615 , 1.921117
0.410256 , 0.410256 , 1.839698
0.410256 , 0.435897 , 1.755885
0.410256 , 0.461538 , 1.670544
0.410256 , 0.487179 , 1.584047
0.410256 , 0.512821 , 1.496249
0.410256 , 0.538462 , 1.408436
0.410256 , 0.564103 , 1.321519
0.410256 , 0.589744 , 1.236214
0.410256 , 0.615385 , 1.152454
0.410256 , 0.641026 , 1.070666
0.410256 , 0.666667 , 0.992814
0.410256 , 0.692308 , 0.918394
0.410256 , 0.717949 , 0.848665
0.410256 , 0.743590 , 0.783471
0.410256 , 0.769231 , 0.723481
0.410256 , 0.794872 , 0.669922
0.410256 , 0.820513 , 0.621668
0.410256 , 0.846154 , 0.579342
0.410256 , 0.871795 , 0.543785
0.410256 , 0.897436 , 0.514153
0.410256 , 0.923077 , 0.491485
0.410256 , 0.948718 , 0.475840
0.410256 , 0.974359 , 0.467156
0.410256 , 1.000000 , 0.464278
0.435897 , 0.000000 , 2.539441
0.435897 , 0.025641 , 2.535928
0.435897 , 0.051282 , 2.525141
0.435897 , 0.076923 , 2.507047
0.435897 , 0.102564 , 2.481490
0.435897 , 0.128205 , 2.450881
0.435897 , 0.153846 , 2.413234
0.435897 , 0.179487 , 2.369316
0.435897 , 0.205128 , 2.320259
0.435897 , 0.230769 , 2.265153
0.435897 , 0.256410 , 2.203906
0.435897 , 0.282051 , 2.137773
0.435897 , 0.307692 , 2.067011
0.435897 , 0.333333 , 1.990983
0.435897 , 0.358974 , 1.911272
0.435897 , 0.384615 , 1.827327
0.435897 , 0.410256 , 1.739664
0.435897 , 0.435897 , 1.649064
0.435897 , 0.461538 , 1.557027
0.435897 , 0.487179 , 1.464430
0.435897 , 0.512821 , 1.370755
0.435897 , 0.538462 , 1.277251
0.435897 , 0.564103 , 1.184287
0.435897 , 0.589744 , 1.092390
0.435897 , 0.615385 , 1.002429
0.435897 , 0.641026 , 0.915478
0.435897 , 0.666667 , 0.831713
0.435897 , 0.692308 , 0.751207
0.435897 , 0.717949 , 0.675402
0.435897 , 0.743590 , 0.605215
0.435897 , 0.769231 , 0.541131
0.435897 , 0.794872 , 0.483200
0.435897 , 0.820513 , 0.431177
0.435897 , 0.846154 , 0.384995
0.435897 , 0.871795 , 0.345632
0.435897 , 0.897436 , 0.313659
0.435897 , 0.923077 , 0.288956
0.435897 , 0.948718 , 0.271583
0.435897 , 0.974359 , 0.262044
0.435897 , 1.000000 , 0.258873
0.461538 , 0.000000 , 2.513261
0.461538 , 0.025641 , 2.509808
0.461538 , 0.051282 , 2.497998
0.461538 , 0.076923 , 2.478541
0.461538 , 0.102564 , 2.450878
0.461538 , 0.128205 , 2.416741
0.461538 , 0.153846 , 2.376179
0.461538 , 0.179487 , 2.328071
0.461538 , 0.205128 , 2.273942
0.461538 , 0.230769 , 2.214557
0.461538 , 0.256410 , 2.148241
0.461538 , 0.282051 , 2.075729
0.461538 , 0.307692 , 1.998350
0.461538 , 0.333333 , 1.915545
0.461538 , 0.358974 , 1.829602
0.461538 , 0.384615 , 1.739972
0.461538 , 0.410256 , 1.646310
0.461538 , 0.435897 , 1.548605
0.461538 , 0.461538 , 1.449681
0.461538 , 0.487179 , 1.350390
0.461538 , 0.512821 , 1.249984
0.461538 , 0.538462 , 1.149559
0.461538 , 0.564103 , 1.049920
0.461538 , 0.589744 , 0.951857
0.461538 , 0.615385 , 0.855082
0.461538 , 0.641026 , 0.761519
0.461538 , 0.666667 , 0.672100
0.461538 , 0.692308 , 0.585713
0.461538 , 0.717949 , 0.504090
0.461538 , 0.743590 , 0.428440
0.461538 , 0.769231 , 0.359217
0.461538 , 0.794872 , 0.297205
0.461538 , 0.820513 , 0.241323
0.461538 , 0.846154 , 0.191106
0.461538 , 0.871795 , 0.148184
0.461538 , 0.897436 , 0.113582
0.461538 , 0.923077 , 0.087461
0.461538 , 0.948718 , 0.068527
0.461538 , 0.974359 , 0.058234
0.461538 , 1.000000 , 0.055121
0.487179 , 0.000000 , 2.499796
0.487179 , 0.025641 , 2.494808
0.487179 , 0.051282 , 2.481834
0.487179 , 0.076923 , 2.461046
0.487179 , 0.102564 , 2.431948
0.487179 , 0.128205 , 2.394161
0.487179 , 0.153846 , 2.349779
0.487179 , 0.179487 , 2.297489
0.487179 , 0.205128 , 2.238702
0.487179 , 0.230769 , 2.173554
0.487179 , 0.256410 , 2.102060
0.487179 , 0.282051 , 2.023654
0.487179 , 0.307692 , 1.939682
0.487179 , 0.333333 , 1.850096
0.487179 , 0.358974 , 1.756810
0.487179 , 0.384615 , 1.660306
0.487179 , 0.410256 , 1.559792
0.487179 , 0.435897 , 1.454890
0.487179 , 0.461538 , 1.348314
0.487179 , 0.487179 , 1.241580
0.487179 , 0.512821 , 1.133948
0.487179 , 0.538462 , 1.025692
0.487179 , 0.564103 , 0.918540
0.487179 , 0.589744 , 0.813345
0.487179 , 0.615385 , 0.709908
0.487179 , 0.641026 , 0.609277
0.487179 , 0.666667 , 0.512825
0.487179 , 0.692308 , 0.420690
0.487179 , 0.717949 , 0.333543
0.487179 , 0.743590 , 0.252878
0.487179 , 0.769231 , 0.178177
0.487179 , 0.794872 , 0.111051
0.487179 , 0.820513 , 0.050626
0.487179 , 0.846154 , -0.003055
0.487179 , 0.871795 , -0.049126
0.487179 , 0.897436 , -0.086205
0.487179 , 0.923077 , -0.114440
0.487179 , 0.948718 , -0.135327
0.487179 , 0.974359 , -0.146625
0.487179 , 1.000000 , -0.150433
0.512821 , 0.000000 , 2.498609
0.512821 , 0.025641 , 2.493628
0.512821 , 0.051282 , 2.478998
0.512821 , 0.076923 , 2.456353
0.512821 , 0.102564 , 2.424705
0.512821 , 0.128205 , 2.383957
0.512821 , 0.153846 , 2.335285
0.512821 , 0.179487 , 2.278579
0.512821 , 0.205128 , 2.214795
0.512821 , 0.230769 , 2.143876
0.512821 , 0.256410 , 2.065825
0.512821 , 0.282051 , 1.981257
0.512821 , 0.307692 , 1.891139
0.512821 , 0.333333 , 1.795098
0.512821 , 0.358974 , 1.694296
0.512821 , 0.384615 , 1.589529
0.512821 , 0.410256 , 1.481116
0.512821 , 0.435897 , 1.368944
0.512821 , 0.461538 , 1.254112
0.512821 , 0.487179 , 1.138489
0.512821 , 0.512821 , 1.021919
0.512821 , 0.538462 , 0.905082
0.512821 , 0.564103 , 0.789388
0.512821 , 0.589744 , 0.676696
0.512821 , 0.615385 , 0.565604
0.512821 , 0.641026 , 0.457811
0.512821 , 0.666667 , 0.353658
0.512821 , 0.692308 , 0.254999
0.512821 , 0.717949 , 0.162063
0.512821 , 0.743590 , 0.076116
0.512821 , 0.769231 , -0.003240
0.512821 , 0.794872 , -0.075737
0.512821 , 0.820513 , -0.141433
0.512821 , 0.846154 , -0.198880
0.512821 , 0.871795 , -0.248079
0.512821 , 0.897436 , -0.287939
0.512821 , 0.923077 , -0.318090
0.512821 , 0.948718 , -0.340260
0.512821 , 0.974359 , -0.352968
0.512821 , 1.000000 , -0.357081
0.538462 , 0.000000 , 2.508695
0.538462 , 0.025641 , 2.503643
0.538462 , 0.051282 , 2.489261
0.538462 , 0.076923 , 2.464518
0.538462 , 0.102564 , 2.430279
0.538462 , 0.128205 , 2.386811
0.538462 , 0.153846 , 2.333918
0.538462 , 0.179487 , 2.273165
0.538462 , 0.205128 , 2.204131
0.538462 , 0.230769 , 2.127876
0.538462 , 0.256410 , 2.042813
0.538462 , 0.282051 , 1.951150
0.538462 , 0.307692 , 1.853581
0.538462 , 0.333333 , 1.750302
0.538462 , 0.358974 , 1.641354
0.538462 , 0.384615 , 1.527813
0.538462 , 0.410256 , 1.410314
0.538462 , 0.435897 , 1.289070
0.538462 , 0.461538 , 1.165578
0.538462 , 0.487179 , 1.040488
0.538462 , 0.512821 , 0.915059
0.538462 , 0.538462 , 0.788245
0.538462 , 0.564103 , 0.662993
0.538462 , 0.589744 , 0.540955
0.538462 , 0.615385 , 0.421779
0.538462 , 0.641026 , 0.305878
0.538462 , 0.666667 , 0.194274
0.538462 , 0.692308 , 0.088705
0.538462 , 0.717949 , -0.010773
0.538462 , 0.743590 , -0.103010
0.538462 , 0.769231 , -0.187739
0.538462 , 0.794872 , -0.265458
0.538462 , 0.820513 , -0.335444
0.538462 , 0.846154 , -0.396771
0.538462 , 0.871795 , -0.448986
0.538462 , 0.897436 , -0.491370
0.538462 , 0.923077 , -0.523965
0.538462 , 0.948718 , -0.547353
0.538462 , 0.974359 , -0.560940
0.538462 , 1.000000 , -0.565112
0.564103 , 0.000000 , 2.533101
0.564103 , 0.025641 , 2.527775
0.564103 , 0.051282 , 2.512314
0.564103 , 0.076923 , 2.486344
0.564103 , 0.102564 , 2.449538
0.564103 , 0.128205 , 2.403540
0.564103 , 0.153846 , 2.346874
0.564103 , 0.179487 , 2.281607
0.564103 , 0.205128 , 2.206693
0.564103 , 0.230769 , 2.124458
0.564103 , 0.256410 , 2.033916
0.564103 , 0.282051 , 1.934830
0.564103 , 0.307692 , 1.829320
0.564103 , 0.333333 , 1.717119
0.564103 , 0.358974 , 1.599412
0.564103 , 0.384615 , 1.476068
0.564103 , 0.410256 , 1.348350
0.564103 , 0.435897 , 1.217546
0.564103 , 0.461538 , 1.083610
0.564103 , 0.487179 , 0.947819
0.564103 , 0.512821 , 0.811662
0.564103 , 0.538462 , 0.674669
0.564103 , 0.564103 , 0.539258
0.564103 , 0.589744 , 0.406855
0.564103 , 0.615385 , 0.278261
0.564103 , 0.641026 , 0.153768
0.564103 , 0.666667 , 0.033791
0.564103 , 0.692308 , -0.079216
0.564103 , 0.717949 , -0.184984
0.564103 , 0.743590 , -0.284017
0.564103 , 0.769231 , -0.374845
0.564103 , 0.794872 , -0.457523
0.564103 , 0.820513 , -0.531115
0.564103 , 0.846154 , -0.596276
0.564103 , 0.871795 , -0.651999
0.564103 , 0.897436 , -0.696941
0.564103 , 0.923077 , -0.731689
0.564103 , 0.948718 , -0.757473
0.564103 , 0.974359 , -0.772252
0.564103 , 1.000000 , -0.776801
0.589744 , 0.000000 , 2.573514
0.589744 , 0.025641 , 2.567893
0.589744 , 0.051282 , 2.551516
0.589744 , 0.076923 , 2.523713
0.589744 , 0.102564 , 2.484544
0.589744 , 0.128205 , 2.435793
0.589744 , 0.153846 , 2.375379
0.589744 , 0.179487 , 2.305395
0.589744 , 0.205128 , 2.225525
0.589744 , 0.230769 , 2.136062
0.589744 , 0.256410 , 2.038811
0.589744 , 0.282051 , 1.931771
0.589744 , 0.307692 , 1.818077
0.589744 , 0.333333 , 1.696699
0.589744 , 0.358974 , 1.568683
0.589744 , 0.384615 , 1.434669
0.589744 , 0.410256 , 1.295519
0.589744 , 0.435897 , 1.153199
0.589744 , 0.461538 , 1.008212
0.589744 , 0.487179 , 0.860675
0.589744 , 0.512821 , 0.712197
0.589744 , 0.538462 , 0.563722
0.589744 , 0.564103 , 0.417274
0.589744 , 0.589744 , 0.273777
0.589744 , 0.615385 , 0.134729
0.589744 , 0.641026 , 0.000703
0.589744 , 0.666667 , -0.127778
0.589744 , 0.692308 , -0.248896
0.589744 , 0.717949 , -0.362270
0.589744 , 0.743590 , -0.467598
0.589744 , 0.769231 , -0.564405
0.589744 , 0.794872 , -0.653199
0.589744 , 0.820513 , -0.731695
0.589744 , 0.846154 , -0.800262
0.589744 , 0.871795 , -0.859617
0.589744 , 0.897436 , -0.907207
0.589744 , 0.923077 , -0.943807
0.589744 , 0.948718 , -0.970588
0.589744 , 0.974359 , -0.986327
0.589744 , 1.000000 , -0.991366
0.615385 , 0.000000 , 2.630125
0.615385 , 0.025641 , 2.624455
0.615385 , 0.051282 , 2.607045
0.615385 , 0.076923 , 2.577689
0.615385 , 0.102564 , 2.536341
0.615385 , 0.128205 , 2.484772
0.615385 , 0.153846 , 2.420736
0.615385 , 0.179487 , 2.346479
0.615385 , 0.205128 , 2.261111
0.615385 , 0.230769 , 2.165193
0.615385 , 0.256410 , 2.060306
0.615385 , 0.282051 , 1.944828
0.615385 , 0.307692 , 1.821067
0.615385 , 0.333333 , 1.689840
0.615385 , 0.358974 , 1.550754
0.615385 , 0.384615 , 1.404532
0.615385 , 0.410256 , 1.252925
0.615385 , 0.435897 , 1.097838
0.615385 , 0.461538 , 0.939430
0.615385 , 0.487179 , 0.778818
0.615385 , 0.512821 , 0.617676
0.615385 , 0.538462 , 0.456516
0.615385 , 0.564103 , 0.297017
0.615385 , 0.589744 , 0.141102
0.615385 , 0.615385 , -0.009389
0.615385 , 0.641026 , -0.154365
0.615385 , 0.666667 , -0.292346
0.615385 , 0.692308 , -0.422037
0.615385 , 0.717949 , -0.543527
0.615385 , 0.743590 , -0.656775
0.615385 , 0.769231 , -0.760070
0.615385 , 0.794872 , -0.854252
0.615385 , 0.820513 , -0.937890
0.615385 , 0.846154 , -1.009570
0.615385 , 0.871795 , -1.071682
0.615385 , 0.897436 , -1.121770
0.615385 , 0.923077 , -1.159812
0.615385 , 0.948718 , -1.187805
0.615385 , 0.974359 , -1.204733
0.615385 , 1.000000 , -1.209980
0.641026 , 0.000000 , 2.703863
0.641026 , 0.025641 , 2.697540
0.641026 , 0.051282 , 2.679105
0.641026 , 0.076923 , 2.648451
0.641026 , 0.102564 , 2.605991
0.641026 , 0.128205 , 2.552058
0.641026 , 0.153846 , 2.485098
0.641026 , 0.179487 , 2.406072
0.641026 , 0.205128 , 2.315100
0.641026 , 0.230769 , 2.212969
0.641026 , 0.256410 , 2.099336
0.641026 , 0.282051 , 1.975190
0.641026 , 0.307692 , 1.840880
0.641026 , 0.333333 , 1.698132
0.641026 , 0.358974 , 1.547393
0.641026 , 0.384615 , 1.388115
0.641026 , 0.410256 , 1.222370
0.641026 , 0.435897 , 1.052911
0.641026 , 0.461538 , 0.879671
0.641026 , 0.487179 , 0.703788
0.641026 , 0.512821 , 0.527799
0.641026 , 0.538462 , 0.352650
0.641026 , 0.564103 , 0.178889
0.641026 , 0.589744 , 0.008780
0.641026 , 0.615385 , -0.155312
0.641026 , 0.641026 , -0.311709
0.641026 , 0.666667 , -0.460707
0.641026 , 0.692308 , -0.600580
0.641026 , 0.717949 , -0.730637
0.641026 , 0.743590 , -0.851221
0.641026 , 0.769231 , -0.961327
0.641026 , 0.794872 , -1.060944
0.641026 , 0.820513 , -1.149486
0.641026 , 0.846154 , -1.224868
0.641026 , 0.871795 , -1.289588
0.641026 , 0.897436 , -1.342505
0.641026 , 0.923077 , -1.382520
0.641026 , 0.948718 , -1.411331
0.641026 , 0.974359 , -1.428838
0.641026 , 1.000000 , -1.434165
0.666667 , 0.000000 , 2.795199
0.666667 , 0.025641 , 2.788638
0.666667 , 0.051282 , 2.769259
0.666667 , 0.076923 , 2.737343
0.666667 , 0.102564 , 2.694052
0.666667 , 0.128205 , 2.637895
0.666667 , 0.153846 , 2.567781
0.666667 , 0.179487 , 2.483686
0.666667 , 0.205128 , 2.387632
0.666667 , 0.230769 , 2.279447
0.666667 , 0.256410 , 2.157508
0.666667 , 0.282051 , 2.023560
0.666667 , 0.307692 , 1.877973
0.666667 , 0.333333 , 1.722403
0.666667 , 0.358974 , 1.558536
0.666667 , 0.384615 , 1.385532
0.666667 , 0.410256 , 1.204801
0.666667 , 0.435897 , 1.018718
0.666667 , 0.461538 , 0.828646
0.666667 , 0.487179 , 0.635872
0.666667 , 0.512821 , 0.442455
0.666667 , 0.538462 , 0.250585
0.666667 , 0.564103 , 0.060973
0.666667 , 0.589744 , -0.124368
0.666667 , 0.615385 , -0.302630
0.666667 , 0.641026 , -0.472452
0.666667 , 0.666667 , -0.633317
0.666667 , 0.692308 , -0.784110
0.666667 , 0.717949 , -0.924514
0.666667 , 0.743590 , -1.053284
0.666667 , 0.769231 , -1.170278
0.666667 , 0.794872 , -1.275216
0.666667 , 0.820513 , -1.368624
0.666667 , 0.846154 , -1.447824
0.666667 , 0.871795 , -1.515030
0.666667 , 0.897436 , -1.569963
0.666667 , 0.923077 , -1.611831
0.666667 , 0.948718 , -1.641853
0.666667 , 0.974359 , -1.659217
0.666667 , 1.000000 , -1.664566
0.692308 , 0.000000 , 2.903128
0.692308 , 0.025641 , 2.897074
0.692308 , 0.051282 , 2.877690
0.692308 , 0.076923 , 2.845182
0.692308 , 0.102564 , 2.800087
0.692308 , 0.128205 , 2.741910
0.692308 , 0.153846 , 2.669026
0.692308 , 0.179487 , 2.581754
0.692308 , 0.205128 , 2.480073
0.692308 , 0.230769 , 2.365475
0.692308 , 0.256410 , 2.235812
0.692308 , 0.282051 , 2.091176
0.692308 , 0.307692 , 1.933889
0.692308 , 0.333333 , 1.764849
0.692308 , 0.358974 , 1.586708
0.692308 , 0.384615 , 1.397857
0.692308 , 0.410256 , 1.199749
0.692308 , 0.435897 , 0.995463
0.692308 , 0.461538 , 0.786139
0.692308 , 0.487179 , 0.574727
0.692308 , 0.512821 , 0.362099
0.692308 , 0.538462 , 0.151512
0.692308 , 0.564103 , -0.055771
0.692308 , 0.589744 , -0.258870
0.692308 , 0.615385 , -0.453753
0.692308 , 0.641026 , -0.638883
0.692308 , 0.666667 , -0.813476
0.692308 , 0.692308 , -0.975658
0.692308 , 0.717949 , -1.125926
0.692308 , 0.743590 , -1.263343
0.692308 , 0.769231 , -1.387641
0.692308 , 0.794872 , -1.498970
0.692308 , 0.820513 , -1.596235
0.692308 , 0.846154 , -1.679225
0.692308 , 0.871795 , -1.748735
0.692308 , 0.897436 , -1.805542
0.692308 , 0.923077 , -1.848723
0.692308 , 0.948718 , -1.879097
0.692308 , 0.974359 , -1.896437
0.692308 , 1.000000 , -1.901829
0.717949 , 0.000000 , 3.029727
0.717949 , 0.025641 , 3.023326
0.717949 , 0.051282 , 3.004147
0.717949 , 0.076923 , 2.971580
0.717949 , 0.102564 , 2.925298
0.717949 , 0.128205 , 2.866329
0.717949 , 0.153846 , 2.790864
0.717949 , 0.179487 , 2.700377
0.717949 , 0.205128 , 2.594354
0.717949 , 0.230769 , 2.471945
0.717949 , 0.256410 , 2.334237
0.717949 , 0.282051 , 2.179886
0.717949 , 0.307692 , 2.009918
0.717949 , 0.333333 , 1.826853
0.717949 , 0.358974 , 1.632819
0.717949 , 0.384615 , 1.425886
0.717949 , 0.410256 , 1.208515
0.717949 , 0.435897 , 0.983595
0.717949 , 0.461538 , 0.753373
0.717949 , 0.487179 , 0.519870
0.717949 , 0.512821 , 0.285946
0.717949 , 0.538462 , 0.054266
0.717949 , 0.564103 , -0.173777
0.717949 , 0.589744 , -0.395874
0.717949 , 0.615385 , -0.608923
0.717949 , 0.641026 , -0.810792
0.717949 , 0.666667 , -1.000738
0.717949 , 0.692308 , -1.176506
0.717949 , 0.717949 , -1.338060
0.717949 , 0.743590 , -1.484923
0.717949 , 0.769231 , -1.616748
0.717949 , 0.794872 , -1.733442
0.717949 , 0.820513 , -1.834622
0.717949 , 0.846154 , -1.919914
0.717949 , 0.871795 , -1.991536
0.717949 , 0.897436 , -2.048897
0.717949 , 0.923077 , -2.092400
0.717949 , 0.948718 , -2.123060
0.717949 , 0.974359 , -2.140813
0.717949 , 1.000000 , -2.146759
0.743590 , 0.000000 , 3.174715
0.743590 , 0.025641 , 3.168373
0.743590 , 0.051282 , 3.149082
0.743590 , 0.076923 , 3.117233
0.743590 , 0.102564 , 3.071499
0.743590 , 0.128205 , 3.011554
0.743590 , 0.153846 , 2.935530
0.743590 , 0.179487 , 2.841705
0.743590 , 0.205128 , 2.730832
0.743590 , 0.230769 , 2.601395
0.743590 , 0.256410 , 2.454691
0.743590 , 0.282051 , 2.290276
0.743590 , 0.307692 , 2.108551
0.743590 , 0.333333 , 1.910584
0.743590 , 0.358974 , 1.697415
0.743590 , 0.384615 , 1.471069
0.743590 , 0.410256 , 1.232600
0.743590 , 0.435897 , 0.984190
0.743590 , 0.461538 , 0.730397
0.743590 , 0.487179 , 0.472985
0.743590 , 0.512821 , 0.214683
0.743590 , 0.538462 , -0.041505
0.743590 , 0.564103 , -0.293264
0.743590 , 0.589744 , -0.536775
0.743590 , 0.615385 , -0.770708
0.743590 , 0.641026 , -0.991544
0.743590 , 0.666667 , -1.197930
0.743590 , 0.692308 , -1.388397
0.743590 , 0.717949 , -1.561974
0.743590 , 0.743590 , -1.719025
0.743590 , 0.769231 , -1.858133
0.743590 , 0.794872 , -1.979660
0.743590 , 0.820513 , -2.084075
0.743590 , 0.846154 , -2.172042
0.743590 , 0.871795 , -2.244856
0.743590 , 0.897436 , -2.301947
0.743590 , 0.923077 , -2.344594
0.743590 , 0.948718 , -2.374535
0.743590 , 0.974359 , -2.392513
0.743590 , 1.000000 , -2.398944
0.769231 , 0.000000 , 3.337335
0.769231 , 0.025641 , 3.331210
0.769231 , 0.051282 , 3.312656
0.769231 , 0.076923 , 3.282550
0.769231 , 0.102564 , 3.238802
0.769231 , 0.128205 , 3.179267
0.769231 , 0.153846 , 3.102693
0.769231 , 0.179487 , 3.007246
0.769231 , 0.205128 , 2.892458
0.769231 , 0.230769 , 2.756986
0.769231 , 0.256410 , 2.601493
0.769231 , 0.282051 , 2.426529
0.769231 , 0.307692 , 2.230642
0.769231 , 0.333333 , 2.016427
0.769231 , 0.358974 , 1.783567
0.769231 , 0.384615 , 1.535547
0.769231 , 0.410256 , 1.273336
0.769231 , 0.435897 , 0.999162
0.769231 , 0.461538 , 0.717977
0.769231 , 0.487179 , 0.433530
0.769231 , 0.512821 , 0.147478
0.769231 , 0.538462 , -0.135685
0.769231 , 0.564103 , -0.413804
0.769231 , 0.589744 , -0.682392
0.769231 , 0.615385 , -0.939405
0.769231 , 0.641026 , -1.181493
0.769231 , 0.666667 , -1.407037
0.769231 , 0.692308 , -1.614268
0.769231 , 0.717949 , -1.800505
0.769231 , 0.743590 , -1.967259
0.769231 , 0.769231 , -2.113727
0.769231 , 0.794872 , -2.240531
0.769231 , 0.820513 , -2.348304
0.769231 , 0.846154 , -2.437913
0.769231 , 0.871795 , -2.509908
0.769231 , 0.897436 , -2.565663
0.769231 , 0.923077 , -2.606177
0.769231 , 0.948718 , -2.635427
0.769231 , 0.974359 , -2.652832
0.769231 , 1.000000 , -2.658857
0.794872 , 0.000000 , 3.516730
0.794872 , 0.025641 , 3.511757
0.794872 , 0.051282 , 3.495468
0.794872 , 0.076923 , 3.467923
0.794872 , 0.102564 , 3.427055
0.794872 , 0.128205 , 3.369926
0.794872 , 0.153846 , 3.294310
0.794872 , 0.179487 , 3.199005
0.794872 , 0.205128 , 3.081785
0.794872 , 0.230769 , 2.941321
0.794872 , 0.256410 , 2.776549
0.794872 , 0.282051 , 2.590101
0.794872 , 0.307692 , 2.380317
0.794872 , 0.333333 , 2.147058
0.794872 , 0.358974 , 1.892600
0.794872 , 0.384615 , 1.619935
0.794872 , 0.410256 , 1.331317
0.794872 , 0.435897 , 1.028729
0.794872 , 0.461538 , 0.717442
0.794872 , 0.487179 , 0.401158
0.794872 , 0.512821 , 0.083541
0.794872 , 0.538462 , -0.230426
0.794872 , 0.564103 , -0.538249
0.794872 , 0.589744 , -0.835077
0.794872 , 0.615385 , -1.118420
0.794872 , 0.641026 , -1.384327
0.794872 , 0.666667 , -1.630656
0.794872 , 0.692308 , -1.856083
0.794872 , 0.717949 , -2.056792
0.794872 , 0.743590 , -2.233438
0.794872 , 0.769231 , -2.387285
0.794872 , 0.794872 , -2.518533
0.794872 , 0.820513 , -2.628191
0.794872 , 0.846154 , -2.717704
0.794872 , 0.871795 , -2.788203
0.794872 , 0.897436 , -2.840991
0.794872 , 0.923077 , -2.878451
0.794872 , 0.948718 , -2.904624
0.794872 , 0.974359 , -2.920776
0.794872 , 1.000000 , -2.926542
0.820513 , 0.000000 , 3.713174
0.820513 , 0.025641 , 3.709151
0.820513 , 0.051282 , 3.696042
0.820513 , 0.076923 , 3.672165
0.820513 , 0.102564 , 3.636204
0.820513 , 0.128205 , 3.583730
0.820513 , 0.153846 , 3.512194
0.820513 , 0.179487 , 3.418637
0.820513 , 0.205128 , 3.301765
0.820513 , 0.230769 , 3.157649
0.820513 , 0.256410 , 2.984758
0.820513 , 0.282051 , 2.784800
0.820513 , 0.307692 , 2.558897
0.820513 , 0.333333 , 2.306144
0.820513 , 0.358974 , 2.027798
0.820513 , 0.384615 , 1.728441
0.820513 , 0.410256 , 1.408952
0.820513 , 0.435897 , 1.074241
0.820513 , 0.461538 , 0.728870
0.820513 , 0.487179 , 0.377047
0.820513 , 0.512821 , 0.023789
0.820513 , 0.538462 , -0.325651
0.820513 , 0.564103 , -0.667215
0.820513 , 0.589744 , -0.996205
0.820513 , 0.615385 , -1.308833
0.820513 , 0.641026 , -1.601889
0.820513 , 0.666667 , -1.872646
0.820513 , 0.692308 , -2.117499
0.820513 , 0.717949 , -2.333972
0.820513 , 0.743590 , -2.522065
0.820513 , 0.769231 , -2.683176
0.820513 , 0.794872 , -2.816965
0.820513 , 0.820513 , -2.926214
0.820513 , 0.846154 , -3.013404
0.820513 , 0.871795 , -3.079166
0.820513 , 0.897436 , -3.127155
0.820513 , 0.923077 , -3.160081
0.820513 , 0.948718 , -3.181691
0.820513 , 0.974359 , -3.194692
0.820513 , 1.000000 , -3.198942
0.846154 , 0.000000 , 3.923579
0.846154 , 0.025641 , 3.921528
0.846154 , 0.051282 , 3.912981
0.846154 , 0.076923 , 3.895547
0.846154 , 0.102564 , 3.866964
0.846154 , 0.128205 , 3.822819
0.846154 , 0.153846 , 3.758059
0.846154 , 0.179487 , 3.669164
0.846154 , 0.205128 , 3.554022
0.846154 , 0.230769 , 3.407654
0.846154 , 0.256410 , 3.228456
0.846154 , 0.282051 , 3.015501
0.846154 , 0.307692 , 2.771491
0.846154 , 0.333333 , 2.496483
0.846154 , 0.358974 , 2.192052
0.846154 , 0.384615 , 1.862630
0.846154 , 0.410256 , 1.509484
0.846154 , 0.435897 , 1.138531
0.846154 , 0.461538 , 0.753820
0.846154 , 0.487179 , 0.361863
0.846154 , 0.512821 , -0.031736
0.846154 , 0.538462 , -0.421423
0.846154 , 0.564103 , -0.801732
0.846154 , 0.589744 , -1.167047
0.846154 , 0.615385 , -1.513369
0.846154 , 0.641026 , -1.837782
0.846154 , 0.666667 , -2.135070
0.846154 , 0.692308 , -2.401943
0.846154 , 0.717949 , -2.635259
0.846154 , 0.743590 , -2.835104
0.846154 , 0.769231 , -3.003225
0.846154 , 0.794872 , -3.138966
0.846154 , 0.820513 , -3.245631
0.846154 , 0.846154 , -3.327107
0.846154 , 0.871795 , -3.385668
0.846154 , 0.897436 , -3.426001
0.846154 , 0.923077 , -3.451421
0.846154 , 0.948718 , -3.466101
0.846154 , 0.974359 , -3.473901
0.846154 , 1.000000 , -3.475750
0.871795 , 0.000000 , 4.144450
0.871795 , 0.025641 , 4.145076
0.871795 , 0.051282 , 4.143626
0.871795 , 0.076923 , 4.137277
0.871795 , 0.102564 , 4.120829
0.871795 , 0.128205 , 4.088511
0.871795 , 0.153846 , 4.035450
0.871795 , 0.179487 , 3.954343
0.871795 , 0.205128 , 3.842347
0.871795 , 0.230769 , 3.695007
0.871795 , 0.256410 , 3.509914
0.871795 , 0.282051 , 3.285715
0.871795 , 0.307692 , 3.022985
0.871795 , 0.333333 , 2.723526
0.871795 , 0.358974 , 2.389428
0.871795 , 0.384615 , 2.025518
0.871795 , 0.410256 , 1.634327
0.871795 , 0.435897 , 1.221391
0.871795 , 0.461538 , 0.792725
0.871795 , 0.487179 , 0.354523
0.871795 , 0.512821 , -0.085823
0.871795 , 0.538462 , -0.521211
0.871795 , 0.564103 , -0.945876
0.871795 , 0.589744 , -1.353278
0.871795 , 0.615385 , -1.737784
0.871795 , 0.641026 , -2.096489
0.871795 , 0.666667 , -2.422713
0.871795 , 0.692308 , -2.712683
0.871795 , 0.717949 , -2.964407
0.871795 , 0.743590 , -3.176594
0.871795 , 0.769231 , -3.350651
0.871795 , 0.794872 , -3.487281
0.871795 , 0.820513 , -3.589320
0.871795 , 0.846154 , -3.661494
0.871795 , 0.871795 , -3.709299
0.871795 , 0.897436 , -3.736831
0.871795 , 0.923077 , -3.749785
0.871795 , 0.948718 , -3.753770
0.871795 , 0.974359 , -3.754104
0.871795 , 1.000000 , -3.753791
0.897436 , 0.000000 , 4.371923
0.897436 , 0.025641 , 4.376090
0.897436 , 0.051282 , 4.385581
0.897436 , 0.076923 , 4.395005
0.897436 , 0.102564 , 4.396608
0.897436 , 0.128205 , 4.382784
0.897436 , 0.153846 , 4.345882
0.897436 , 0.179487 , 4.278427
0.897436 , 0.205128 , 4.173355
0.897436 , 0.230769 , 4.026803
0.897436 , 0.256410 , 3.836146
0.897436 , 0.282051 , 3.599783
0.897436 , 0.307692 , 3.317926
0.897436 , 0.333333 , 2.992137
0.897436 , 0.358974 , 2.625347
0.897436 , 0.384615 , 2.222142
0.897436 , 0.410256 , 1.787277
0.897436 , 0.435897 , 1.326037
0.897436 , 0.461538 , 0.845629
0.897436 , 0.487179 , 0.354921
0.897436 , 0.512821 , -0.138808
0.897436 , 0.538462 , -0.626782
0.897436 , 0.564103 , -1.101933
0.897436 , 0.589744 , -1.557491
0.897436 , 0.615385 , -1.985774
0.897436 , 0.641026 , -2.381877
0.897436 , 0.666667 , -2.740248
0.897436 , 0.692308 , -3.056282
0.897436 , 0.717949 , -3.327516
0.897436 , 0.743590 , -3.552641
0.897436 , 0.769231 , -3.731638
0.897436 , 0.794872 , -3.866730
0.897436 , 0.820513 , -3.961079
0.897436 , 0.846154 , -4.020195
0.897436 , 0.871795 , -4.051416
0.897436 , 0.897436 , -4.059971
0.897436 , 0.923077 , -4.053840
0.897436 , 0.948718 , -4.041406
0.897436 , 0.974359 , -4.030455
0.897436 , 1.000000 , -4.026059
0.923077 , 0.000000 , 4.597414
0.923077 , 0.025641 , 4.607305
0.923077 , 0.051282 , 4.633513
0.923077 , 0.076923 , 4.666072
0.923077 , 0.102564 , 4.693979
0.923077 , 0.128205 , 4.706915
0.923077 , 0.153846 , 4.693414
0.923077 , 0.179487 , 4.644319
0.923077 , 0.205128 , 4.552349
0.923077 , 0.230769 , 4.410654
0.923077 , 0.256410 , 4.215445
0.923077 , 0.282051 , 3.966863
0.923077 , 0.307692 , 3.663770
0.923077 , 0.333333 , 3.308900
0.923077 , 0.358974 , 2.905239
0.923077 , 0.384615 , 2.458120
0.923077 , 0.410256 , 1.972127
0.923077 , 0.435897 , 1.455893
0.923077 , 0.461538 , 0.917429
0.923077 , 0.487179 , 0.366192
0.923077 , 0.512821 , -0.188782
0.923077 , 0.538462 , -0.737496
0.923077 , 0.564103 , -1.271234
0.923077 , 0.589744 , -1.781273
0.923077 , 0.615385 , -2.259589
0.923077 , 0.641026 , -2.698951
0.923077 , 0.666667 , -3.093418
0.923077 , 0.692308 , -3.439037
0.923077 , 0.717949 , -3.731995
0.923077 , 0.743590 , -3.969802
0.923077 , 0.769231 , -4.152852
0.923077 , 0.794872 , -4.282930
0.923077 , 0.820513 , -4.365852
0.923077 , 0.846154 , -4.406642
0.923077 , 0.871795 , -4.413808
0.923077 , 0.897436 , -4.395884
0.923077 , 0.923077 , -4.362614
0.923077 , 0.948718 , -4.326155
0.923077 , 0.974359 , -4.298282
0.923077 , 1.000000 , -4.287940
0.948718 , 0.000000 , 4.808348
0.948718 , 0.025641 , 4.828423
0.948718 , 0.051282 , 4.880047
0.948718 , 0.076923 , 4.947792
0.948718 , 0.102564 , 5.013387
0.948718 , 0.128205 , 5.063123
0.948718 , 0.153846 , 5.082275
0.948718 , 0.179487 , 5.059522
0.948718 , 0.205128 , 4.985530
0.948718 , 0.230769 , 4.852590
0.948718 , 0.256410 , 4.655934
0.948718 , 0.282051 , 4.395121
0.948718 , 0.307692 , 4.069818
0.948718 , 0.333333 , 3.682255
0.948718 , 0.358974 , 3.236148
0.948718 , 0.384615 , 2.737748
0.948718 , 0.410256 , 2.194165
0.948718 , 0.435897 , 1.614748
0.948718 , 0.461538 , 1.009593
0.948718 , 0.487179 , 0.388457
0.948718 , 0.512821 , -0.237552
0.948718 , 0.538462 , -0.856659
0.948718 , 0.564103 , -1.457547
0.948718 , 0.589744 , -2.030960
0.948718 , 0.615385 , -2.566182
0.948718 , 0.641026 , -3.056150
0.948718 , 0.666667 , -3.493011
0.948718 , 0.692308 , -3.870957
0.948718 , 0.717949 , -4.185920
0.948718 , 0.743590 , -4.435929
0.948718 , 0.769231 , -4.621282
0.948718 , 0.794872 , -4.743739
0.948718 , 0.820513 , -4.808903
0.948718 , 0.846154 , -4.824277
0.948718 , 0.871795 , -4.798633
0.948718 , 0.897436 , -4.743451
0.948718 , 0.923077 , -4.672233
0.948718 , 0.948718 , -4.601135
0.948718 , 0.974359 , -4.547537
0.948718 , 1.000000 , -4.526654
0.974359 , 0.000000 , 4.985942
0.974359 , 0.025641 , 5.023355
0.974359 , 0.051282 , 5.117099
0.974359 , 0.076923 , 5.236364
0.974359 , 0.102564 , 5.356410
0.974359 , 0.128205 , 5.456200
0.974359 , 0.153846 , 5.519466
0.974359 , 0.179487 , 5.531891
0.974359 , 0.205128 , 5.482508
0.974359 , 0.230769 , 5.362608
0.974359 , 0.256410 , 5.166908
0.974359 , 0.282051 , 4.893892
0.974359 , 0.307692 , 4.543940
0.974359 , 0.333333 , 4.119616
0.974359 , 0.358974 , 3.625668
0.974359 , 0.384615 , 3.069617
0.974359 , 0.410256 , 2.459703
0.974359 , 0.435897 , 1.807187
0.974359 , 0.461538 , 1.123606
0.974359 , 0.487179 , 0.421215
0.974359 , 0.512821 , -0.287145
0.974359 , 0.538462 , -0.987014
0.974359 , 0.564103 , -1.665851
0.974359 , 0.589744 , -2.312495
0.974359 , 0.615385 , -2.914064
0.974359 , 0.641026 , -3.461212
0.974359 , 0.666667 , -3.946136
0.974359 , 0.692308 , -4.361127
0.974359 , 0.717949 , -4.700607
0.974359 , 0.743590 , -4.962734
0.974359 , 0.769231 , -5.147733
0.974359 , 0.794872 , -5.257369
0.974359 , 0.820513 , -5.298223
0.974359 , 0.846154 , -5.278418
0.974359 , 0.871795 , -5.208964
0.974359 , 0.897436 , -5.103484
0.974359 , 0.923077 , -4.978483
0.974359 , 0.948718 , -4.855015
0.974359 , 0.974359 , -4.759299
0.974359 , 1.000000 , -4.720975
1.000000 , 0.000000 , 5.093672
1.000000 , 0.025641 , 5.168540
1.000000 , 0.051282 , 5.333668
1.000000 , 0.076923 , 5.531087
1.000000 , 0.102564 , 5.725921
1.000000 , 0.128205 , 5.893227
1.000000 , 0.153846 , 6.013858
1.000000 , 0.179487 , 6.071601
1.000000 , 0.205128 , 6.054443
1.000000 , 0.230769 , 5.952738
1.000000 , 0.256410 , 5.760185
1.000000 , 0.282051 , 5.474328
1.000000 , 0.307692 , 5.097110
1.000000 , 0.333333 , 4.631201
1.000000 , 0.358974 , 4.083330
1.000000 , 0.384615 , 3.461489
1.000000 , 0.410256 , 2.775285
1.000000 , 0.435897 , 2.038138
1.000000 , 0.461538 , 1.263428
1.000000 , 0.487179 , 0.466782
1.000000 , 0.512821 , -0.337117
1.000000 , 0.538462 , -1.131716
1.000000 , 0.564103 , -1.901734
1.000000 , 0.589744 , -2.632808
1.000000 , 0.615385 , -3.310878
1.000000 , 0.641026 , -3.924507
1.000000 , 0.666667 , -4.464024
1.000000 , 0.692308 , -4.920066
1.000000 , 0.717949 , -5.287058
1.000000 , 0.743590 , -5.561545
1.000000 , 0.769231 , -5.743843
1.000000 , 0.794872 , -5.836012
1.000000 , 0.820513 , -5.844154
1.000000 , 0.846154 , -5.778854
1.000000 , 0.871795 , -5.651688
1.000000 , 0.897436 , -5.478299
1.000000 , 0.923077 , -5.278756
1.000000 , 0.948718 , -5.077615
1.000000 , 0.974359 , -4.909811
1.000000 , 1.000000 , -4.834207
