0.000000 , 0.000000 , -0.749528
0.000000 , 0.025641 , -0.749528
0.000000 , 0.051282 , -0.749528
0.000000 , 0.076923 , -0.749528
0.000000 , 0.102564 , -0.749528
0.000000 , 0.128205 , -0.749528
0.000000 , 0.153846 , -0.749528
0.000000 , 0.179487 , -0.749528
0.000000 , 0.205128 , -0.749528
0.000000 , 0.230769 , -0.749528
0.000000 , 0.256410 , -0.749528
0.000000 , 0.282051 , -0.749528
0.000000 , 0.307692 , -0.749528
0.000000 , 0.333333 , -0.749528
0.000000 , 0.358974 , -0.749528
0.000000 , 0.384615 , -0.749528
0.000000 , 0.410256 , -0.749528
0.000000 , 0.435897 , -0.749528
0.000000 , 0.461538 , -0.749528
0.000000 , 0.487179 , -0.749528
0.000000 , 0.512821 , -0.749528
0.000000 , 0.538462 , -0.749528
0.000000 , 0.564103 , -0.749528
0.000000 , 0.589744 , -0.749528
0.000000 , 0.615385 , -0.749528
0.000000 , 0.641026 , -0.749528
0.000000 , 0.666667 , -0.749528
0.000000 , 0.692308 , -0.749528
0.000000 , 0.717949 , -0.749528
0.000000 , 0.743590 , -0.749528
0.000000 , 0.769231 , -0.749528
0.000000 , 0.794872 , -0.749528
0.000000 , 0.820513 , -0.749528
0.000000 , 0.846154 , -0.749528
0.000000 , 0.871795 , -0.749528
0.000000 , 0.897436 , -0.749528
0.000000 , 0.923077 , -0.749528
0.000000 , 0.948718 , -0.749528
0.000000 , 0.974359 , -0.749528
0.000000 , 1.000000 , -0.749528
0.025641 , 0.000000 , -0.520119
0.025641 , 0.025641 , -0.519967
0.025641 , 0.051282 , -0.519789
0.025641 , 0.076923 , -0.519470
0.025641 , 0.102564 , -0.519452
0.025641 , 0.128205 , -0.519286
0.025641 , 0.153846 , -0.519479
0.025641 , 0.179487 , -0.519835
0.025641 , 0.205128 , -0.520311
0.025641 , 0.230769 , -0.521195
0.025641 , 0.256410 , -0.522421
0.025641 , 0.282051 , -0.523880
0.025641 , 0.307692 , -0.524880
0.025641 , 0.333333 , -0.526466
0.025641 , 0.358974 , -0.529044
0.025641 , 0.384615 , -0.531070
0.025641 , 0.410256 , -0.532341
0.025641 , 0.435897 , -0.533973
0.025641 , 0.461538 , -0.535810
0.025641 , 0.487179 , -0.538483
0.025641 , 0.512821 , -0.540480
0.025641 , 0.538462 , -0.542169
0.025641 , 0.564103 , -0.544617
0.025641 , 0.589744 , -0.547276
0.025641 , 0.615385 , -0.548334
0.025641 , 0.641026 , -0.549299
0.025641 , 0.666667 , -0.550249
0.025641 , 0.692308 , -0.551456
0.025641 , 0.717949 , -0.552889
0.025641 , 0.743590 , -0.553636
0.025641 , 0.769231 , -0.554012
0.025641 , 0.794872 , -0.554685
0.025641 , 0.820513 , -0.555305
0.025641 , 0.846154 , -0.555788
0.025641 , 0.871795 , -0.555532
0.025641 , 0.897436 , -0.554872
0.025641 , 0.923077 , -0.554851
0.025641 , 0.948718 , -0.555424
0.025641 , 0.974359 , -0.554841
0.025641 , 1.000000 , -0.554652
0.051282 , 0.000000 , -0.308342
0.051282 , 0.025641 , -0.308100
0.051282 , 0.051282 , -0.307874
0.051282 , 0.076923 , -0.307347
0.051282 , 0.102564 , -0.306859
0.051282 , 0.128205 , -0.306886
0.051282 , 0.153846 , -0.307093
0.051282 , 0.179487 , -0.307548
0.051282 , 0.205128 , -0.308171
0.051282 , 0.230769 , -0.309618
0.051282 , 0.256410 , -0.312016
0.051282 , 0.282051 , -0.314063
0.051282 , 0.307692 , -0.316163
0.051282 , 0.333333 , -0.319529
0.051282 , 0.358974 , -0.323862
0.051282 , 0.384615 , -0.328079
0.051282 , 0.410256 , -0.331764
0.051282 , 0.435897 , -0.335000
0.051282 , 0.461538 , -0.338381
0.051282 , 0.487179 , -0.342684
0.051282 , 0.512821 , -0.347341
0.051282 , 0.538462 , -0.350415
0.051282 , 0.564103 , -0.354627
0.051282 , 0.589744 , -0.359596
0.051282 , 0.615385 , -0.362789
0.051282 , 0.641026 , -0.365260
0.051282 , 0.666667 , -0.367675
0.051282 , 0.692308 , -0.368952
0.051282 , 0.717949 , -0.371301
0.051282 , 0.743590 , -0.373093
0.051282 , 0.769231 , -0.373774
0.051282 , 0.794872 , -0.374757
0.051282 , 0.820513 , -0.376114
0.051282 , 0.846154 , -0.376369
0.051282 , 0.871795 , -0.375661
0.051282 , 0.897436 , -0.374945
0.051282 , 0.923077 , -0.375054
0.051282 , 0.948718 , -0.375742
0.051282 , 0.974359 , -0.375795
0.051282 , 1.000000 , -0.375257
0.076923 , 0.000000 , -0.114027
0.076923 , 0.025641 , -0.114003
0.076923 , 0.051282 , -0.113150
0.076923 , 0.076923 , -0.112576
0.076923 , 0.102564 , -0.111620
0.076923 , 0.128205 , -0.111333
0.076923 , 0.153846 , -0.112038
0.076923 , 0.179487 , -0.112512
0.076923 , 0.205128 , -0.113139
0.076923 , 0.230769 , -0.115046
0.076923 , 0.256410 , -0.118147
0.076923 , 0.282051 , -0.120941
0.076923 , 0.307692 , -0.124003
0.076923 , 0.333333 , -0.128621
0.076923 , 0.358974 , -0.134602
0.076923 , 0.384615 , -0.140772
0.076923 , 0.410256 , -0.146298
0.076923 , 0.435897 , -0.151210
0.076923 , 0.461538 , -0.156101
0.076923 , 0.487179 , -0.162222
0.076923 , 0.512821 , -0.168922
0.076923 , 0.538462 , -0.174651
0.076923 , 0.564103 , -0.180112
0.076923 , 0.589744 , -0.185743
0.076923 , 0.615385 , -0.190426
0.076923 , 0.641026 , -0.194529
0.076923 , 0.666667 , -0.198214
0.076923 , 0.692308 , -0.200806
0.076923 , 0.717949 , -0.203565
0.076923 , 0.743590 , -0.206676
0.076923 , 0.769231 , -0.208248
0.076923 , 0.794872 , -0.209412
0.076923 , 0.820513 , -0.210811
0.076923 , 0.846154 , -0.211232
0.076923 , 0.871795 , -0.211091
0.076923 , 0.897436 , -0.210474
0.076923 , 0.923077 , -0.210063
0.076923 , 0.948718 , -0.210544
0.076923 , 0.974359 , -0.210723
0.076923 , 1.000000 , -0.209867
0.102564 , 0.000000 , 0.063131
0.102564 , 0.025641 , 0.063275
0.102564 , 0.051282 , 0.064071
0.102564 , 0.076923 , 0.065383
0.102564 , 0.102564 , 0.066171
0.102564 , 0.128205 , 0.066835
0.102564 , 0.153846 , 0.066161
0.102564 , 0.179487 , 0.065941
0.102564 , 0.205128 , 0.065633
0.102564 , 0.230769 , 0.063354
0.102564 , 0.256410 , 0.059802
0.102564 , 0.282051 , 0.056245
0.102564 , 0.307692 , 0.052078
0.102564 , 0.333333 , 0.046309
0.102564 , 0.358974 , 0.038868
0.102564 , 0.384615 , 0.030965
0.102564 , 0.410256 , 0.024380
0.102564 , 0.435897 , 0.018014
0.102564 , 0.461538 , 0.011562
0.102564 , 0.487179 , 0.004018
0.102564 , 0.512821 , -0.004276
0.102564 , 0.538462 , -0.012042
0.102564 , 0.564103 , -0.019964
0.102564 , 0.589744 , -0.026745
0.102564 , 0.615385 , -0.031591
0.102564 , 0.641026 , -0.037876
0.102564 , 0.666667 , -0.043248
0.102564 , 0.692308 , -0.046821
0.102564 , 0.717949 , -0.049603
0.102564 , 0.743590 , -0.053272
0.102564 , 0.769231 , -0.055448
0.102564 , 0.794872 , -0.057099
0.102564 , 0.820513 , -0.058290
0.102564 , 0.846154 , -0.059967
0.102564 , 0.871795 , -0.059482
0.102564 , 0.897436 , -0.059664
0.102564 , 0.923077 , -0.058734
0.102564 , 0.948718 , -0.058354
0.102564 , 0.974359 , -0.059070
0.102564 , 1.000000 , -0.058311
0.128205 , 0.000000 , 0.223781
0.128205 , 0.025641 , 0.223940
0.128205 , 0.051282 , 0.224499
0.128205 , 0.076923 , 0.226462
0.128205 , 0.102564 , 0.227884
0.128205 , 0.128205 , 0.228884
0.128205 , 0.153846 , 0.229399
0.128205 , 0.179487 , 0.228909
0.128205 , 0.205128 , 0.228841
0.128205 , 0.230769 , 0.226790
0.128205 , 0.256410 , 0.222888
0.128205 , 0.282051 , 0.218539
0.128205 , 0.307692 , 0.213481
0.128205 , 0.333333 , 0.206097
0.128205 , 0.358974 , 0.197084
0.128205 , 0.384615 , 0.188401
0.128205 , 0.410256 , 0.180894
0.128205 , 0.435897 , 0.173475
0.128205 , 0.461538 , 0.165652
0.128205 , 0.487179 , 0.156843
0.128205 , 0.512821 , 0.146781
0.128205 , 0.538462 , 0.137326
0.128205 , 0.564103 , 0.128090
0.128205 , 0.589744 , 0.119545
0.128205 , 0.615385 , 0.112954
0.128205 , 0.641026 , 0.106068
0.128205 , 0.666667 , 0.099037
0.128205 , 0.692308 , 0.094307
0.128205 , 0.717949 , 0.091328
0.128205 , 0.743590 , 0.088157
0.128205 , 0.769231 , 0.085585
0.128205 , 0.794872 , 0.082729
0.128205 , 0.820513 , 0.080749
0.128205 , 0.846154 , 0.079029
0.128205 , 0.871795 , 0.078664
0.128205 , 0.897436 , 0.078986
0.128205 , 0.923077 , 0.080471
0.128205 , 0.948718 , 0.081028
0.128205 , 0.974359 , 0.080841
0.128205 , 1.000000 , 0.080856
0.153846 , 0.000000 , 0.369414
0.153846 , 0.025641 , 0.369508
0.153846 , 0.051282 , 0.369726
0.153846 , 0.076923 , 0.372128
0.153846 , 0.102564 , 0.374366
0.153846 , 0.128205 , 0.375959
0.153846 , 0.153846 , 0.377052
0.153846 , 0.179487 , 0.377032
0.153846 , 0.205128 , 0.376256
0.153846 , 0.230769 , 0.374310
0.153846 , 0.256410 , 0.370719
0.153846 , 0.282051 , 0.365731
0.153846 , 0.307692 , 0.359879
0.153846 , 0.333333 , 0.351990
0.153846 , 0.358974 , 0.342326
0.153846 , 0.384615 , 0.333763
0.153846 , 0.410256 , 0.324707
0.153846 , 0.435897 , 0.315704
0.153846 , 0.461538 , 0.306352
0.153846 , 0.487179 , 0.295802
0.153846 , 0.512821 , 0.284871
0.153846 , 0.538462 , 0.273903
0.153846 , 0.564103 , 0.262857
0.153846 , 0.589744 , 0.253449
0.153846 , 0.615385 , 0.245144
0.153846 , 0.641026 , 0.237253
0.153846 , 0.666667 , 0.230457
0.153846 , 0.692308 , 0.225516
0.153846 , 0.717949 , 0.221438
0.153846 , 0.743590 , 0.216956
0.153846 , 0.769231 , 0.212947
0.153846 , 0.794872 , 0.209594
0.153846 , 0.820513 , 0.207212
0.153846 , 0.846154 , 0.205783
0.153846 , 0.871795 , 0.205740
0.153846 , 0.897436 , 0.206114
0.153846 , 0.923077 , 0.208278
0.153846 , 0.948718 , 0.210301
0.153846 , 0.974359 , 0.210528
0.153846 , 1.000000 , 0.210242
0.179487 , 0.000000 , 0.499474
0.179487 , 0.025641 , 0.500029
0.179487 , 0.051282 , 0.501248
0.179487 , 0.076923 , 0.503408
0.179487 , 0.102564 , 0.506290
0.179487 , 0.128205 , 0.508192
0.179487 , 0.153846 , 0.509256
0.179487 , 0.179487 , 0.509305
0.179487 , 0.205128 , 0.508408
0.179487 , 0.230769 , 0.506189
0.179487 , 0.256410 , 0.502969
0.179487 , 0.282051 , 0.497735
0.179487 , 0.307692 , 0.491190
0.179487 , 0.333333 , 0.483115
0.179487 , 0.358974 , 0.473588
0.179487 , 0.384615 , 0.464867
0.179487 , 0.410256 , 0.455614
0.179487 , 0.435897 , 0.444678
0.179487 , 0.461538 , 0.434106
0.179487 , 0.487179 , 0.422285
0.179487 , 0.512821 , 0.409964
0.179487 , 0.538462 , 0.397849
0.179487 , 0.564103 , 0.386437
0.179487 , 0.589744 , 0.376441
0.179487 , 0.615385 , 0.367337
0.179487 , 0.641026 , 0.358200
0.179487 , 0.666667 , 0.350513
0.179487 , 0.692308 , 0.344938
0.179487 , 0.717949 , 0.340520
0.179487 , 0.743590 , 0.335160
0.179487 , 0.769231 , 0.330505
0.179487 , 0.794872 , 0.326518
0.179487 , 0.820513 , 0.324569
0.179487 , 0.846154 , 0.323440
0.179487 , 0.871795 , 0.323170
0.179487 , 0.897436 , 0.323013
0.179487 , 0.923077 , 0.323844
0.179487 , 0.948718 , 0.326010
0.179487 , 0.974359 , 0.326917
0.179487 , 1.000000 , 0.327419
0.205128 , 0.000000 , 0.614623
0.205128 , 0.025641 , 0.616101
0.205128 , 0.051282 , 0.618285
0.205128 , 0.076923 , 0.621033
0.205128 , 0.102564 , 0.623585
0.205128 , 0.128205 , 0.625938
0.205128 , 0.153846 , 0.626807
0.205128 , 0.179487 , 0.627368
0.205128 , 0.205128 , 0.627025
0.205128 , 0.230769 , 0.624658
0.205128 , 0.256410 , 0.620603
0.205128 , 0.282051 , 0.615652
0.205128 , 0.307692 , 0.608954
0.205128 , 0.333333 , 0.600667
0.205128 , 0.358974 , 0.591834
0.205128 , 0.384615 , 0.582425
0.205128 , 0.410256 , 0.573162
0.205128 , 0.435897 , 0.561863
0.205128 , 0.461538 , 0.549696
0.205128 , 0.487179 , 0.537187
0.205128 , 0.512821 , 0.523371
0.205128 , 0.538462 , 0.509972
0.205128 , 0.564103 , 0.498848
0.205128 , 0.589744 , 0.488579
0.205128 , 0.615385 , 0.478672
0.205128 , 0.641026 , 0.468511
0.205128 , 0.666667 , 0.460025
0.205128 , 0.692308 , 0.453862
0.205128 , 0.717949 , 0.449141
0.205128 , 0.743590 , 0.443747
0.205128 , 0.769231 , 0.438360
0.205128 , 0.794872 , 0.434549
0.205128 , 0.820513 , 0.432359
0.205128 , 0.846154 , 0.430763
0.205128 , 0.871795 , 0.429567
0.205128 , 0.897436 , 0.429534
0.205128 , 0.923077 , 0.430672
0.205128 , 0.948718 , 0.432568
0.205128 , 0.974359 , 0.432965
0.205128 , 1.000000 , 0.432558
0.230769 , 0.000000 , 0.717522
0.230769 , 0.025641 , 0.718738
0.230769 , 0.051282 , 0.721878
0.230769 , 0.076923 , 0.724639
0.230769 , 0.102564 , 0.727299
0.230769 , 0.128205 , 0.729772
0.230769 , 0.153846 , 0.730844
0.230769 , 0.179487 , 0.731224
0.230769 , 0.205128 , 0.730837
0.230769 , 0.230769 , 0.728531
0.230769 , 0.256410 , 0.724092
0.230769 , 0.282051 , 0.719100
0.230769 , 0.307692 , 0.713546
0.230769 , 0.333333 , 0.706017
0.230769 , 0.358974 , 0.696540
0.230769 , 0.384615 , 0.686999
0.230769 , 0.410256 , 0.677180
0.230769 , 0.435897 , 0.666272
0.230769 , 0.461538 , 0.653348
0.230769 , 0.487179 , 0.640475
0.230769 , 0.512821 , 0.626638
0.230769 , 0.538462 , 0.612828
0.230769 , 0.564103 , 0.601139
0.230769 , 0.589744 , 0.590355
0.230769 , 0.615385 , 0.580378
0.230769 , 0.641026 , 0.570209
0.230769 , 0.666667 , 0.560624
0.230769 , 0.692308 , 0.553009
0.230769 , 0.717949 , 0.546898
0.230769 , 0.743590 , 0.540897
0.230769 , 0.769231 , 0.535386
0.230769 , 0.794872 , 0.532372
0.230769 , 0.820513 , 0.530300
0.230769 , 0.846154 , 0.528863
0.230769 , 0.871795 , 0.527960
0.230769 , 0.897436 , 0.527158
0.230769 , 0.923077 , 0.528228
0.230769 , 0.948718 , 0.529424
0.230769 , 0.974359 , 0.530779
0.230769 , 1.000000 , 0.530014
0.256410 , 0.000000 , 0.809230
0.256410 , 0.025641 , 0.810176
0.256410 , 0.051282 , 0.813276
0.256410 , 0.076923 , 0.815845
0.256410 , 0.102564 , 0.818790
0.256410 , 0.128205 , 0.820685
0.256410 , 0.153846 , 0.822021
0.256410 , 0.179487 , 0.822183
0.256410 , 0.205128 , 0.821188
0.256410 , 0.230769 , 0.819038
0.256410 , 0.256410 , 0.814960
0.256410 , 0.282051 , 0.809893
0.256410 , 0.307692 , 0.804439
0.256410 , 0.333333 , 0.797643
0.256410 , 0.358974 , 0.789351
0.256410 , 0.384615 , 0.779895
0.256410 , 0.410256 , 0.769804
0.256410 , 0.435897 , 0.758159
0.256410 , 0.461538 , 0.745357
0.256410 , 0.487179 , 0.732919
0.256410 , 0.512821 , 0.719860
0.256410 , 0.538462 , 0.706118
0.256410 , 0.564103 , 0.693827
0.256410 , 0.589744 , 0.682434
0.256410 , 0.615385 , 0.671964
0.256410 , 0.641026 , 0.661991
0.256410 , 0.666667 , 0.652556
0.256410 , 0.692308 , 0.644054
0.256410 , 0.717949 , 0.636907
0.256410 , 0.743590 , 0.630339
0.256410 , 0.769231 , 0.624863
0.256410 , 0.794872 , 0.621470
0.256410 , 0.820513 , 0.619943
0.256410 , 0.846154 , 0.618261
0.256410 , 0.871795 , 0.617603
0.256410 , 0.897436 , 0.616754
0.256410 , 0.923077 , 0.617335
0.256410 , 0.948718 , 0.618195
0.256410 , 0.974359 , 0.618982
0.256410 , 1.000000 , 0.619026
0.282051 , 0.000000 , 0.889438
0.282051 , 0.025641 , 0.890249
0.282051 , 0.051282 , 0.892654
0.282051 , 0.076923 , 0.895450
0.282051 , 0.102564 , 0.897987
0.282051 , 0.128205 , 0.899778
0.282051 , 0.153846 , 0.900583
0.282051 , 0.179487 , 0.900399
0.282051 , 0.205128 , 0.898512
0.282051 , 0.230769 , 0.895991
0.282051 , 0.256410 , 0.893017
0.282051 , 0.282051 , 0.888126
0.282051 , 0.307692 , 0.883540
0.282051 , 0.333333 , 0.876912
0.282051 , 0.358974 , 0.870183
0.282051 , 0.384615 , 0.861670
0.282051 , 0.410256 , 0.851533
0.282051 , 0.435897 , 0.840038
0.282051 , 0.461538 , 0.827453
0.282051 , 0.487179 , 0.815688
0.282051 , 0.512821 , 0.803013
0.282051 , 0.538462 , 0.789777
0.282051 , 0.564103 , 0.777158
0.282051 , 0.589744 , 0.765601
0.282051 , 0.615385 , 0.754851
0.282051 , 0.641026 , 0.744951
0.282051 , 0.666667 , 0.735742
0.282051 , 0.692308 , 0.727005
0.282051 , 0.717949 , 0.719335
0.282051 , 0.743590 , 0.712329
0.282051 , 0.769231 , 0.706725
0.282051 , 0.794872 , 0.703873
0.282051 , 0.820513 , 0.702147
0.282051 , 0.846154 , 0.700553
0.282051 , 0.871795 , 0.699201
0.282051 , 0.897436 , 0.698107
0.282051 , 0.923077 , 0.698090
0.282051 , 0.948718 , 0.698221
0.282051 , 0.974359 , 0.698375
0.282051 , 1.000000 , 0.698836
0.307692 , 0.000000 , 0.957704
0.307692 , 0.025641 , 0.958413
0.307692 , 0.051282 , 0.960529
0.307692 , 0.076923 , 0.963364
0.307692 , 0.102564 , 0.965966
0.307692 , 0.128205 , 0.967944
0.307692 , 0.153846 , 0.968567
0.307692 , 0.179487 , 0.967555
0.307692 , 0.205128 , 0.965864
0.307692 , 0.230769 , 0.962496
0.307692 , 0.256410 , 0.959700
0.307692 , 0.282051 , 0.955814
0.307692 , 0.307692 , 0.951984
0.307692 , 0.333333 , 0.946504
0.307692 , 0.358974 , 0.940035
0.307692 , 0.384615 , 0.932338
0.307692 , 0.410256 , 0.923095
0.307692 , 0.435897 , 0.912648
0.307692 , 0.461538 , 0.901254
0.307692 , 0.487179 , 0.889669
0.307692 , 0.512821 , 0.877660
0.307692 , 0.538462 , 0.864577
0.307692 , 0.564103 , 0.852352
0.307692 , 0.589744 , 0.840921
0.307692 , 0.615385 , 0.830564
0.307692 , 0.641026 , 0.820995
0.307692 , 0.666667 , 0.811515
0.307692 , 0.692308 , 0.802950
0.307692 , 0.717949 , 0.795157
0.307692 , 0.743590 , 0.787947
0.307692 , 0.769231 , 0.782517
0.307692 , 0.794872 , 0.778526
0.307692 , 0.820513 , 0.776476
0.307692 , 0.846154 , 0.774842
0.307692 , 0.871795 , 0.772743
0.307692 , 0.897436 , 0.772047
0.307692 , 0.923077 , 0.771755
0.307692 , 0.948718 , 0.771095
0.307692 , 0.974359 , 0.770779
0.307692 , 1.000000 , 0.771100
0.333333 , 0.000000 , 1.015885
0.333333 , 0.025641 , 1.016386
0.333333 , 0.051282 , 1.018423
0.333333 , 0.076923 , 1.020297
0.333333 , 0.102564 , 1.023006
0.333333 , 0.128205 , 1.025247
0.333333 , 0.153846 , 1.025937
0.333333 , 0.179487 , 1.024610
0.333333 , 0.205128 , 1.022669
0.333333 , 0.230769 , 1.019634
0.333333 , 0.256410 , 1.016860
0.333333 , 0.282051 , 1.013740
0.333333 , 0.307692 , 1.009933
0.333333 , 0.333333 , 1.005669
0.333333 , 0.358974 , 1.000157
0.333333 , 0.384615 , 0.992902
0.333333 , 0.410256 , 0.984869
0.333333 , 0.435897 , 0.975022
0.333333 , 0.461538 , 0.964869
0.333333 , 0.487179 , 0.954239
0.333333 , 0.512821 , 0.943149
0.333333 , 0.538462 , 0.931477
0.333333 , 0.564103 , 0.920012
0.333333 , 0.589744 , 0.908738
0.333333 , 0.615385 , 0.898511
0.333333 , 0.641026 , 0.889279
0.333333 , 0.666667 , 0.880953
0.333333 , 0.692308 , 0.872585
0.333333 , 0.717949 , 0.864862
0.333333 , 0.743590 , 0.857419
0.333333 , 0.769231 , 0.851522
0.333333 , 0.794872 , 0.847207
0.333333 , 0.820513 , 0.843954
0.333333 , 0.846154 , 0.841978
0.333333 , 0.871795 , 0.839554
0.333333 , 0.897436 , 0.838217
0.333333 , 0.923077 , 0.837925
0.333333 , 0.948718 , 0.837096
0.333333 , 0.974359 , 0.836653
0.333333 , 1.000000 , 0.836463
0.358974 , 0.000000 , 1.067299
0.358974 , 0.025641 , 1.067360
0.358974 , 0.051282 , 1.068920
0.358974 , 0.076923 , 1.069778
0.358974 , 0.102564 , 1.071640
0.358974 , 0.128205 , 1.073319
0.358974 , 0.153846 , 1.073835
0.358974 , 0.179487 , 1.071934
0.358974 , 0.205128 , 1.069758
0.358974 , 0.230769 , 1.067120
0.358974 , 0.256410 , 1.064615
0.358974 , 0.282051 , 1.062416
0.358974 , 0.307692 , 1.059502
0.358974 , 0.333333 , 1.055405
0.358974 , 0.358974 , 1.050749
0.358974 , 0.384615 , 1.044498
0.358974 , 0.410256 , 1.037688
0.358974 , 0.435897 , 1.029109
0.358974 , 0.461538 , 1.019529
0.358974 , 0.487179 , 1.010468
0.358974 , 0.512821 , 1.000671
0.358974 , 0.538462 , 0.990654
0.358974 , 0.564103 , 0.980222
0.358974 , 0.589744 , 0.969791
0.358974 , 0.615385 , 0.960488
0.358974 , 0.641026 , 0.951911
0.358974 , 0.666667 , 0.943730
0.358974 , 0.692308 , 0.935944
0.358974 , 0.717949 , 0.928063
0.358974 , 0.743590 , 0.920782
0.358974 , 0.769231 , 0.914998
0.358974 , 0.794872 , 0.910157
0.358974 , 0.820513 , 0.905970
0.358974 , 0.846154 , 0.903430
0.358974 , 0.871795 , 0.900721
0.358974 , 0.897436 , 0.898590
0.358974 , 0.923077 , 0.897902
0.358974 , 0.948718 , 0.897054
0.358974 , 0.974359 , 0.896547
0.358974 , 1.000000 , 0.896007
0.384615 , 0.000000 , 1.109837
0.384615 , 0.025641 , 1.110234
0.384615 , 0.051282 , 1.110954
0.384615 , 0.076923 , 1.111150
0.384615 , 0.102564 , 1.111679
0.384615 , 0.128205 , 1.112980
0.384615 , 0.153846 , 1.113000
0.384615 , 0.179487 , 1.111134
0.384615 , 0.205128 , 1.108809
0.384615 , 0.230769 , 1.106352
0.384615 , 0.256410 , 1.104005
0.384615 , 0.282051 , 1.101852
0.384615 , 0.307692 , 1.099815
0.384615 , 0.333333 , 1.096661
0.384615 , 0.358974 , 1.092457
0.384615 , 0.384615 , 1.087502
0.384615 , 0.410256 , 1.081876
0.384615 , 0.435897 , 1.074947
0.384615 , 0.461538 , 1.067254
0.384615 , 0.487179 , 1.059272
0.384615 , 0.512821 , 1.050869
0.384615 , 0.538462 , 1.042339
0.384615 , 0.564103 , 1.033178
0.384615 , 0.589744 , 1.024213
0.384615 , 0.615385 , 1.015724
0.384615 , 0.641026 , 1.008114
0.384615 , 0.666667 , 1.000229
0.384615 , 0.692308 , 0.992469
0.384615 , 0.717949 , 0.985197
0.384615 , 0.743590 , 0.978238
0.384615 , 0.769231 , 0.972578
0.384615 , 0.794872 , 0.967165
0.384615 , 0.820513 , 0.962456
0.384615 , 0.846154 , 0.959125
0.384615 , 0.871795 , 0.956393
0.384615 , 0.897436 , 0.954495
0.384615 , 0.923077 , 0.953267
0.384615 , 0.948718 , 0.952168
0.384615 , 0.974359 , 0.951623
0.384615 , 1.000000 , 0.951943
0.410256 , 0.000000 , 1.144273
0.410256 , 0.025641 , 1.144545
0.410256 , 0.051282 , 1.144575
0.410256 , 0.076923 , 1.144511
0.410256 , 0.102564 , 1.144578
0.410256 , 0.128205 , 1.144749
0.410256 , 0.153846 , 1.144080
0.410256 , 0.179487 , 1.142623
0.410256 , 0.205128 , 1.140368
0.410256 , 0.230769 , 1.137926
0.410256 , 0.256410 , 1.135912
0.410256 , 0.282051 , 1.134274
0.410256 , 0.307692 , 1.132283
0.410256 , 0.333333 , 1.130181
0.410256 , 0.358974 , 1.126775
0.410256 , 0.384615 , 1.122569
0.410256 , 0.410256 , 1.118101
0.410256 , 0.435897 , 1.112940
0.410256 , 0.461538 , 1.107444
0.410256 , 0.487179 , 1.101168
0.410256 , 0.512821 , 1.094208
0.410256 , 0.538462 , 1.087037
0.410256 , 0.564103 , 1.079384
0.410256 , 0.589744 , 1.071042
0.410256 , 0.615385 , 1.063885
0.410256 , 0.641026 , 1.056758
0.410256 , 0.666667 , 1.050017
0.410256 , 0.692308 , 1.043015
0.410256 , 0.717949 , 1.036975
0.410256 , 0.743590 , 1.029944
0.410256 , 0.769231 , 1.024283
0.410256 , 0.794872 , 1.018927
0.410256 , 0.820513 , 1.013860
0.410256 , 0.846154 , 1.009942
0.410256 , 0.871795 , 1.007071
0.410256 , 0.897436 , 1.005580
0.410256 , 0.923077 , 1.004520
0.410256 , 0.948718 , 1.003177
0.410256 , 0.974359 , 1.002970
0.410256 , 1.000000 , 1.003360
0.435897 , 0.000000 , 1.170813
0.435897 , 0.025641 , 1.170927
0.435897 , 0.051282 , 1.171092
0.435897 , 0.076923 , 1.170627
0.435897 , 0.102564 , 1.170214
0.435897 , 0.128205 , 1.169746
0.435897 , 0.153846 , 1.168298
0.435897 , 0.179487 , 1.166708
0.435897 , 0.205128 , 1.164309
0.435897 , 0.230769 , 1.162080
0.435897 , 0.256410 , 1.160320
0.435897 , 0.282051 , 1.158961
0.435897 , 0.307692 , 1.157351
0.435897 , 0.333333 , 1.155950
0.435897 , 0.358974 , 1.153682
0.435897 , 0.384615 , 1.150338
0.435897 , 0.410256 , 1.147117
0.435897 , 0.435897 , 1.144048
0.435897 , 0.461538 , 1.140282
0.435897 , 0.487179 , 1.135776
0.435897 , 0.512821 , 1.130637
0.435897 , 0.538462 , 1.124973
0.435897 , 0.564103 , 1.118626
0.435897 , 0.589744 , 1.112119
0.435897 , 0.615385 , 1.105971
0.435897 , 0.641026 , 1.099622
0.435897 , 0.666667 , 1.094222
0.435897 , 0.692308 , 1.088374
0.435897 , 0.717949 , 1.082771
0.435897 , 0.743590 , 1.076372
0.435897 , 0.769231 , 1.070347
0.435897 , 0.794872 , 1.065564
0.435897 , 0.820513 , 1.060623
0.435897 , 0.846154 , 1.056584
0.435897 , 0.871795 , 1.053810
0.435897 , 0.897436 , 1.051849
0.435897 , 0.923077 , 1.050939
0.435897 , 0.948718 , 1.050061
0.435897 , 0.974359 , 1.050123
0.435897 , 1.000000 , 1.050270
0.461538 , 0.000000 , 1.190896
0.461538 , 0.025641 , 1.190631
0.461538 , 0.051282 , 1.190178
0.461538 , 0.076923 , 1.189719
0.461538 , 0.102564 , 1.188589
0.461538 , 0.128205 , 1.187730
0.461538 , 0.153846 , 1.185974
0.461538 , 0.179487 , 1.183933
0.461538 , 0.205128 , 1.182134
0.461538 , 0.230769 , 1.179264
0.461538 , 0.256410 , 1.177631
0.461538 , 0.282051 , 1.177362
0.461538 , 0.307692 , 1.176298
0.461538 , 0.333333 , 1.175337
0.461538 , 0.358974 , 1.173688
0.461538 , 0.384615 , 1.171906
0.461538 , 0.410256 , 1.170056
0.461538 , 0.435897 , 1.168332
0.461538 , 0.461538 , 1.166184
0.461538 , 0.487179 , 1.163231
0.461538 , 0.512821 , 1.159643
0.461538 , 0.538462 , 1.156000
0.461538 , 0.564103 , 1.151296
0.461538 , 0.589744 , 1.146896
0.461538 , 0.615385 , 1.142704
0.461538 , 0.641026 , 1.137651
0.461538 , 0.666667 , 1.132678
0.461538 , 0.692308 , 1.127922
0.461538 , 0.717949 , 1.122933
0.461538 , 0.743590 , 1.117822
0.461538 , 0.769231 , 1.112562
0.461538 , 0.794872 , 1.108110
0.461538 , 0.820513 , 1.103435
0.461538 , 0.846154 , 1.099329
0.461538 , 0.871795 , 1.096444
0.461538 , 0.897436 , 1.094804
0.461538 , 0.923077 , 1.093351
0.461538 , 0.948718 , 1.092915
0.461538 , 0.974359 , 1.092446
0.461538 , 1.000000 , 1.092403
0.487179 , 0.000000 , 1.204793
0.487179 , 0.025641 , 1.204115
0.487179 , 0.051282 , 1.203365
0.487179 , 0.076923 , 1.202688
0.487179 , 0.102564 , 1.201142
0.487179 , 0.128205 , 1.199228
0.487179 , 0.153846 , 1.197117
0.487179 , 0.179487 , 1.194896
0.487179 , 0.205128 , 1.193443
0.487179 , 0.230769 , 1.191963
0.487179 , 0.256410 , 1.189787
0.487179 , 0.282051 , 1.189661
0.487179 , 0.307692 , 1.189261
0.487179 , 0.333333 , 1.188907
0.487179 , 0.358974 , 1.188181
0.487179 , 0.384615 , 1.187583
0.487179 , 0.410256 , 1.186735
0.487179 , 0.435897 , 1.186754
0.487179 , 0.461538 , 1.186179
0.487179 , 0.487179 , 1.184915
0.487179 , 0.512821 , 1.183113
0.487179 , 0.538462 , 1.181288
0.487179 , 0.564103 , 1.178871
0.487179 , 0.589744 , 1.175985
0.487179 , 0.615385 , 1.173862
0.487179 , 0.641026 , 1.170418
0.487179 , 0.666667 , 1.166828
0.487179 , 0.692308 , 1.162952
0.487179 , 0.717949 , 1.159406
0.487179 , 0.743590 , 1.155503
0.487179 , 0.769231 , 1.150860
0.487179 , 0.794872 , 1.146265
0.487179 , 0.820513 , 1.142004
0.487179 , 0.846154 , 1.138329
0.487179 , 0.871795 , 1.134785
0.487179 , 0.897436 , 1.133053
0.487179 , 0.923077 , 1.132193
0.487179 , 0.948718 , 1.131378
0.487179 , 0.974359 , 1.129811
0.487179 , 1.000000 , 1.129272
0.512821 , 0.000000 , 1.212742
0.512821 , 0.025641 , 1.212505
0.512821 , 0.051282 , 1.212371
0.512821 , 0.076923 , 1.210970
0.512821 , 0.102564 , 1.208526
0.512821 , 0.128205 , 1.205733
0.512821 , 0.153846 , 1.203470
0.512821 , 0.179487 , 1.200962
0.512821 , 0.205128 , 1.198966
0.512821 , 0.230769 , 1.198165
0.512821 , 0.256410 , 1.197086
0.512821 , 0.282051 , 1.196937
0.512821 , 0.307692 , 1.196807
0.512821 , 0.333333 , 1.197183
0.512821 , 0.358974 , 1.197793
0.512821 , 0.384615 , 1.198074
0.512821 , 0.410256 , 1.198692
0.512821 , 0.435897 , 1.200452
0.512821 , 0.461538 , 1.201849
0.512821 , 0.487179 , 1.201862
0.512821 , 0.512821 , 1.202062
0.512821 , 0.538462 , 1.202297
0.512821 , 0.564103 , 1.201953
0.512821 , 0.589744 , 1.200828
0.512821 , 0.615385 , 1.200120
0.512821 , 0.641026 , 1.198945
0.512821 , 0.666667 , 1.196621
0.512821 , 0.692308 , 1.194472
0.512821 , 0.717949 , 1.191884
0.512821 , 0.743590 , 1.188535
0.512821 , 0.769231 , 1.184756
0.512821 , 0.794872 , 1.180523
0.512821 , 0.820513 , 1.176707
0.512821 , 0.846154 , 1.173152
0.512821 , 0.871795 , 1.170282
0.512821 , 0.897436 , 1.168278
0.512821 , 0.923077 , 1.167118
0.512821 , 0.948718 , 1.166068
0.512821 , 0.974359 , 1.164623
0.512821 , 1.000000 , 1.163569
0.538462 , 0.000000 , 1.216808
0.538462 , 0.025641 , 1.217270
0.538462 , 0.051282 , 1.216386
0.538462 , 0.076923 , 1.214798
0.538462 , 0.102564 , 1.211908
0.538462 , 0.128205 , 1.208437
0.538462 , 0.153846 , 1.205620
0.538462 , 0.179487 , 1.203540
0.538462 , 0.205128 , 1.201545
0.538462 , 0.230769 , 1.199946
0.538462 , 0.256410 , 1.198799
0.538462 , 0.282051 , 1.199604
0.538462 , 0.307692 , 1.199985
0.538462 , 0.333333 , 1.200969
0.538462 , 0.358974 , 1.202746
0.538462 , 0.384615 , 1.204404
0.538462 , 0.410256 , 1.206666
0.538462 , 0.435897 , 1.209700
0.538462 , 0.461538 , 1.213165
0.538462 , 0.487179 , 1.215071
0.538462 , 0.512821 , 1.216694
0.538462 , 0.538462 , 1.218728
0.538462 , 0.564103 , 1.220703
0.538462 , 0.589744 , 1.221540
0.538462 , 0.615385 , 1.222306
0.538462 , 0.641026 , 1.223067
0.538462 , 0.666667 , 1.221966
0.538462 , 0.692308 , 1.221189
0.538462 , 0.717949 , 1.220253
0.538462 , 0.743590 , 1.217485
0.538462 , 0.769231 , 1.214649
0.538462 , 0.794872 , 1.211026
0.538462 , 0.820513 , 1.208053
0.538462 , 0.846154 , 1.204871
0.538462 , 0.871795 , 1.202242
0.538462 , 0.897436 , 1.200396
0.538462 , 0.923077 , 1.198414
0.538462 , 0.948718 , 1.197386
0.538462 , 0.974359 , 1.195832
0.538462 , 1.000000 , 1.194778
0.564103 , 0.000000 , 1.217676
0.564103 , 0.025641 , 1.217842
0.564103 , 0.051282 , 1.216592
0.564103 , 0.076923 , 1.214355
0.564103 , 0.102564 , 1.211784
0.564103 , 0.128205 , 1.208097
0.564103 , 0.153846 , 1.204910
0.564103 , 0.179487 , 1.202603
0.564103 , 0.205128 , 1.199966
0.564103 , 0.230769 , 1.198704
0.564103 , 0.256410 , 1.197996
0.564103 , 0.282051 , 1.198093
0.564103 , 0.307692 , 1.199234
0.564103 , 0.333333 , 1.201301
0.564103 , 0.358974 , 1.204055
0.564103 , 0.384615 , 1.206585
0.564103 , 0.410256 , 1.210538
0.564103 , 0.435897 , 1.215426
0.564103 , 0.461538 , 1.220064
0.564103 , 0.487179 , 1.223930
0.564103 , 0.512821 , 1.227007
0.564103 , 0.538462 , 1.230474
0.564103 , 0.564103 , 1.234178
0.564103 , 0.589744 , 1.237633
0.564103 , 0.615385 , 1.240338
0.564103 , 0.641026 , 1.243001
0.564103 , 0.666667 , 1.243624
0.564103 , 0.692308 , 1.244011
0.564103 , 0.717949 , 1.244627
0.564103 , 0.743590 , 1.243260
0.564103 , 0.769231 , 1.241366
0.564103 , 0.794872 , 1.238489
0.564103 , 0.820513 , 1.235464
0.564103 , 0.846154 , 1.232555
0.564103 , 0.871795 , 1.230399
0.564103 , 0.897436 , 1.228791
0.564103 , 0.923077 , 1.226416
0.564103 , 0.948718 , 1.224687
0.564103 , 0.974359 , 1.223404
0.564103 , 1.000000 , 1.222581
0.589744 , 0.000000 , 1.215920
0.589744 , 0.025641 , 1.215451
0.589744 , 0.051282 , 1.213904
0.589744 , 0.076923 , 1.211383
0.589744 , 0.102564 , 1.208626
0.589744 , 0.128205 , 1.204972
0.589744 , 0.153846 , 1.201176
0.589744 , 0.179487 , 1.199027
0.589744 , 0.205128 , 1.196978
0.589744 , 0.230769 , 1.195432
0.589744 , 0.256410 , 1.195091
0.589744 , 0.282051 , 1.195583
0.589744 , 0.307692 , 1.196922
0.589744 , 0.333333 , 1.199366
0.589744 , 0.358974 , 1.202798
0.589744 , 0.384615 , 1.206122
0.589744 , 0.410256 , 1.211071
0.589744 , 0.435897 , 1.217453
0.589744 , 0.461538 , 1.223403
0.589744 , 0.487179 , 1.229037
0.589744 , 0.512821 , 1.234128
0.589744 , 0.538462 , 1.239242
0.589744 , 0.564103 , 1.244467
0.589744 , 0.589744 , 1.249636
0.589744 , 0.615385 , 1.254862
0.589744 , 0.641026 , 1.259702
0.589744 , 0.666667 , 1.262028
0.589744 , 0.692308 , 1.263873
0.589744 , 0.717949 , 1.265913
0.589744 , 0.743590 , 1.266250
0.589744 , 0.769231 , 1.265330
0.589744 , 0.794872 , 1.263250
0.589744 , 0.820513 , 1.260250
0.589744 , 0.846154 , 1.257115
0.589744 , 0.871795 , 1.255631
0.589744 , 0.897436 , 1.253683
0.589744 , 0.923077 , 1.251649
0.589744 , 0.948718 , 1.250069
0.589744 , 0.974359 , 1.248948
0.589744 , 1.000000 , 1.248489
0.615385 , 0.000000 , 1.210239
0.615385 , 0.025641 , 1.210075
0.615385 , 0.051282 , 1.208365
0.615385 , 0.076923 , 1.206361
0.615385 , 0.102564 , 1.203543
0.615385 , 0.128205 , 1.199930
0.615385 , 0.153846 , 1.196478
0.615385 , 0.179487 , 1.193313
0.615385 , 0.205128 , 1.191578
0.615385 , 0.230769 , 1.190199
0.615385 , 0.256410 , 1.189922
0.615385 , 0.282051 , 1.191182
0.615385 , 0.307692 , 1.193092
0.615385 , 0.333333 , 1.195845
0.615385 , 0.358974 , 1.200085
0.615385 , 0.384615 , 1.204679
0.615385 , 0.410256 , 1.210243
0.615385 , 0.435897 , 1.217116
0.615385 , 0.461538 , 1.224239
0.615385 , 0.487179 , 1.231172
0.615385 , 0.512821 , 1.238243
0.615385 , 0.538462 , 1.245283
0.615385 , 0.564103 , 1.252334
0.615385 , 0.589744 , 1.258789
0.615385 , 0.615385 , 1.265425
0.615385 , 0.641026 , 1.272311
0.615385 , 0.666667 , 1.276976
0.615385 , 0.692308 , 1.281084
0.615385 , 0.717949 , 1.283950
0.615385 , 0.743590 , 1.285779
0.615385 , 0.769231 , 1.286072
0.615385 , 0.794872 , 1.284308
0.615385 , 0.820513 , 1.282001
0.615385 , 0.846154 , 1.279502
0.615385 , 0.871795 , 1.278339
0.615385 , 0.897436 , 1.276833
0.615385 , 0.923077 , 1.275185
0.615385 , 0.948718 , 1.273756
0.615385 , 0.974359 , 1.272591
0.615385 , 1.000000 , 1.271987
0.641026 , 0.000000 , 1.203576
0.641026 , 0.025641 , 1.202602
0.641026 , 0.051282 , 1.201545
0.641026 , 0.076923 , 1.199079
0.641026 , 0.102564 , 1.196464
0.641026 , 0.128205 , 1.193453
0.641026 , 0.153846 , 1.190766
0.641026 , 0.179487 , 1.187689
0.641026 , 0.205128 , 1.184621
0.641026 , 0.230769 , 1.183746
0.641026 , 0.256410 , 1.183866
0.641026 , 0.282051 , 1.185455
0.641026 , 0.307692 , 1.187461
0.641026 , 0.333333 , 1.190997
0.641026 , 0.358974 , 1.195491
0.641026 , 0.384615 , 1.201691
0.641026 , 0.410256 , 1.208246
0.641026 , 0.435897 , 1.214882
0.641026 , 0.461538 , 1.223007
0.641026 , 0.487179 , 1.231615
0.641026 , 0.512821 , 1.240214
0.641026 , 0.538462 , 1.248827
0.641026 , 0.564103 , 1.257170
0.641026 , 0.589744 , 1.264558
0.641026 , 0.615385 , 1.272448
0.641026 , 0.641026 , 1.280888
0.641026 , 0.666667 , 1.287867
0.641026 , 0.692308 , 1.293519
0.641026 , 0.717949 , 1.298093
0.641026 , 0.743590 , 1.301001
0.641026 , 0.769231 , 1.303433
0.641026 , 0.794872 , 1.302714
0.641026 , 0.820513 , 1.301044
0.641026 , 0.846154 , 1.299048
0.641026 , 0.871795 , 1.298753
0.641026 , 0.897436 , 1.297894
0.641026 , 0.923077 , 1.296230
0.641026 , 0.948718 , 1.294966
0.641026 , 0.974359 , 1.293425
0.641026 , 1.000000 , 1.292480
0.666667 , 0.000000 , 1.196196
0.666667 , 0.025641 , 1.194922
0.666667 , 0.051282 , 1.192883
0.666667 , 0.076923 , 1.190533
0.666667 , 0.102564 , 1.188594
0.666667 , 0.128205 , 1.185762
0.666667 , 0.153846 , 1.182890
0.666667 , 0.179487 , 1.181251
0.666667 , 0.205128 , 1.178278
0.666667 , 0.230769 , 1.177545
0.666667 , 0.256410 , 1.178061
0.666667 , 0.282051 , 1.178652
0.666667 , 0.307692 , 1.180694
0.666667 , 0.333333 , 1.185231
0.666667 , 0.358974 , 1.190683
0.666667 , 0.384615 , 1.197739
0.666667 , 0.410256 , 1.204570
0.666667 , 0.435897 , 1.211663
0.666667 , 0.461538 , 1.220472
0.666667 , 0.487179 , 1.230018
0.666667 , 0.512821 , 1.239668
0.666667 , 0.538462 , 1.249982
0.666667 , 0.564103 , 1.259818
0.666667 , 0.589744 , 1.268658
0.666667 , 0.615385 , 1.277632
0.666667 , 0.641026 , 1.286978
0.666667 , 0.666667 , 1.295692
0.666667 , 0.692308 , 1.302059
0.666667 , 0.717949 , 1.307845
0.666667 , 0.743590 , 1.311990
0.666667 , 0.769231 , 1.316081
0.666667 , 0.794872 , 1.317818
0.666667 , 0.820513 , 1.317450
0.666667 , 0.846154 , 1.316377
0.666667 , 0.871795 , 1.316354
0.666667 , 0.897436 , 1.316896
0.666667 , 0.923077 , 1.315884
0.666667 , 0.948718 , 1.314059
0.666667 , 0.974359 , 1.311884
0.666667 , 1.000000 , 1.311027
0.692308 , 0.000000 , 1.186131
0.692308 , 0.025641 , 1.185769
0.692308 , 0.051282 , 1.183686
0.692308 , 0.076923 , 1.181649
0.692308 , 0.102564 , 1.179698
0.692308 , 0.128205 , 1.177166
0.692308 , 0.153846 , 1.174484
0.692308 , 0.179487 , 1.173264
0.692308 , 0.205128 , 1.171936
0.692308 , 0.230769 , 1.171211
0.692308 , 0.256410 , 1.171765
0.692308 , 0.282051 , 1.172301
0.692308 , 0.307692 , 1.174980
0.692308 , 0.333333 , 1.179921
0.692308 , 0.358974 , 1.185236
0.692308 , 0.384615 , 1.192627
0.692308 , 0.410256 , 1.199817
0.692308 , 0.435897 , 1.207842
0.692308 , 0.461538 , 1.217080
0.692308 , 0.487179 , 1.227065
0.692308 , 0.512821 , 1.237424
0.692308 , 0.538462 , 1.248771
0.692308 , 0.564103 , 1.259841
0.692308 , 0.589744 , 1.270109
0.692308 , 0.615385 , 1.280300
0.692308 , 0.641026 , 1.290789
0.692308 , 0.666667 , 1.300509
0.692308 , 0.692308 , 1.308238
0.692308 , 0.717949 , 1.315012
0.692308 , 0.743590 , 1.320905
0.692308 , 0.769231 , 1.325814
0.692308 , 0.794872 , 1.328528
0.692308 , 0.820513 , 1.330320
0.692308 , 0.846154 , 1.331004
0.692308 , 0.871795 , 1.331993
0.692308 , 0.897436 , 1.333700
0.692308 , 0.923077 , 1.332895
0.692308 , 0.948718 , 1.331377
0.692308 , 0.974359 , 1.329325
0.692308 , 1.000000 , 1.328076
0.717949 , 0.000000 , 1.175778
0.717949 , 0.025641 , 1.175985
0.717949 , 0.051282 , 1.174663
0.717949 , 0.076923 , 1.172475
0.717949 , 0.102564 , 1.170243
0.717949 , 0.128205 , 1.167190
0.717949 , 0.153846 , 1.165319
0.717949 , 0.179487 , 1.164357
0.717949 , 0.205128 , 1.164284
0.717949 , 0.230769 , 1.163655
0.717949 , 0.256410 , 1.164083
0.717949 , 0.282051 , 1.165451
0.717949 , 0.307692 , 1.169063
0.717949 , 0.333333 , 1.174094
0.717949 , 0.358974 , 1.179595
0.717949 , 0.384615 , 1.186625
0.717949 , 0.410256 , 1.194276
0.717949 , 0.435897 , 1.202824
0.717949 , 0.461538 , 1.212888
0.717949 , 0.487179 , 1.223649
0.717949 , 0.512821 , 1.234351
0.717949 , 0.538462 , 1.246047
0.717949 , 0.564103 , 1.258507
0.717949 , 0.589744 , 1.270238
0.717949 , 0.615385 , 1.282137
0.717949 , 0.641026 , 1.294198
0.717949 , 0.666667 , 1.305401
0.717949 , 0.692308 , 1.313704
0.717949 , 0.717949 , 1.321534
0.717949 , 0.743590 , 1.329084
0.717949 , 0.769231 , 1.334934
0.717949 , 0.794872 , 1.338164
0.717949 , 0.820513 , 1.341001
0.717949 , 0.846154 , 1.343551
0.717949 , 0.871795 , 1.345285
0.717949 , 0.897436 , 1.346810
0.717949 , 0.923077 , 1.346682
0.717949 , 0.948718 , 1.345470
0.717949 , 0.974359 , 1.343926
0.717949 , 1.000000 , 1.343364
0.743590 , 0.000000 , 1.165704
0.743590 , 0.025641 , 1.165865
0.743590 , 0.051282 , 1.165054
0.743590 , 0.076923 , 1.163569
0.743590 , 0.102564 , 1.161352
0.743590 , 0.128205 , 1.158308
0.743590 , 0.153846 , 1.156003
0.743590 , 0.179487 , 1.155394
0.743590 , 0.205128 , 1.155396
0.743590 , 0.230769 , 1.155366
0.743590 , 0.256410 , 1.156221
0.743590 , 0.282051 , 1.158542
0.743590 , 0.307692 , 1.161641
0.743590 , 0.333333 , 1.167036
0.743590 , 0.358974 , 1.173205
0.743590 , 0.384615 , 1.180861
0.743590 , 0.410256 , 1.189065
0.743590 , 0.435897 , 1.197665
0.743590 , 0.461538 , 1.208096
0.743590 , 0.487179 , 1.219152
0.743590 , 0.512821 , 1.230303
0.743590 , 0.538462 , 1.242687
0.743590 , 0.564103 , 1.256209
0.743590 , 0.589744 , 1.269383
0.743590 , 0.615385 , 1.281889
0.743590 , 0.641026 , 1.294941
0.743590 , 0.666667 , 1.306984
0.743590 , 0.692308 , 1.316902
0.743590 , 0.717949 , 1.325884
0.743590 , 0.743590 , 1.334502
0.743590 , 0.769231 , 1.341571
0.743590 , 0.794872 , 1.346341
0.743590 , 0.820513 , 1.350746
0.743590 , 0.846154 , 1.355218
0.743590 , 0.871795 , 1.357921
0.743590 , 0.897436 , 1.358440
0.743590 , 0.923077 , 1.358316
0.743590 , 0.948718 , 1.357780
0.743590 , 0.974359 , 1.356362
0.743590 , 1.000000 , 1.356124
0.769231 , 0.000000 , 1.157550
0.769231 , 0.025641 , 1.157241
0.769231 , 0.051282 , 1.156082
0.769231 , 0.076923 , 1.154845
0.769231 , 0.102564 , 1.153248
0.769231 , 0.128205 , 1.149938
0.769231 , 0.153846 , 1.147072
0.769231 , 0.179487 , 1.146409
0.769231 , 0.205128 , 1.146755
0.769231 , 0.230769 , 1.146992
0.769231 , 0.256410 , 1.147931
0.769231 , 0.282051 , 1.151291
0.769231 , 0.307692 , 1.154115
0.769231 , 0.333333 , 1.159473
0.769231 , 0.358974 , 1.166887
0.769231 , 0.384615 , 1.175178
0.769231 , 0.410256 , 1.184142
0.769231 , 0.435897 , 1.192885
0.769231 , 0.461538 , 1.203040
0.769231 , 0.487179 , 1.214329
0.769231 , 0.512821 , 1.225594
0.769231 , 0.538462 , 1.238674
0.769231 , 0.564103 , 1.252506
0.769231 , 0.589744 , 1.266393
0.769231 , 0.615385 , 1.279843
0.769231 , 0.641026 , 1.293497
0.769231 , 0.666667 , 1.306301
0.769231 , 0.692308 , 1.318137
0.769231 , 0.717949 , 1.328331
0.769231 , 0.743590 , 1.337201
0.769231 , 0.769231 , 1.344751
0.769231 , 0.794872 , 1.351347
0.769231 , 0.820513 , 1.357595
0.769231 , 0.846154 , 1.363156
0.769231 , 0.871795 , 1.366605
0.769231 , 0.897436 , 1.368242
0.769231 , 0.923077 , 1.368864
0.769231 , 0.948718 , 1.368523
0.769231 , 0.974359 , 1.367247
0.769231 , 1.000000 , 1.366573
0.794872 , 0.000000 , 1.149144
0.794872 , 0.025641 , 1.148925
0.794872 , 0.051282 , 1.147606
0.794872 , 0.076923 , 1.146430
0.794872 , 0.102564 , 1.145178
0.794872 , 0.128205 , 1.141805
0.794872 , 0.153846 , 1.139343
0.794872 , 0.179487 , 1.138765
0.794872 , 0.205128 , 1.139078
0.794872 , 0.230769 , 1.139894
0.794872 , 0.256410 , 1.140724
0.794872 , 0.282051 , 1.144256
0.794872 , 0.307692 , 1.147500
0.794872 , 0.333333 , 1.153054
0.794872 , 0.358974 , 1.161211
0.794872 , 0.384615 , 1.170060
0.794872 , 0.410256 , 1.179559
0.794872 , 0.435897 , 1.188474
0.794872 , 0.461538 , 1.198075
0.794872 , 0.487179 , 1.209677
0.794872 , 0.512821 , 1.221513
0.794872 , 0.538462 , 1.234363
0.794872 , 0.564103 , 1.247913
0.794872 , 0.589744 , 1.262337
0.794872 , 0.615385 , 1.276840
0.794872 , 0.641026 , 1.290590
0.794872 , 0.666667 , 1.304272
0.794872 , 0.692308 , 1.317278
0.794872 , 0.717949 , 1.329401
0.794872 , 0.743590 , 1.338743
0.794872 , 0.769231 , 1.346591
0.794872 , 0.794872 , 1.354042
0.794872 , 0.820513 , 1.361287
0.794872 , 0.846154 , 1.368020
0.794872 , 0.871795 , 1.372603
0.794872 , 0.897436 , 1.374699
0.794872 , 0.923077 , 1.375916
0.794872 , 0.948718 , 1.375897
0.794872 , 0.974359 , 1.375150
0.794872 , 1.000000 , 1.374694
0.820513 , 0.000000 , 1.141010
0.820513 , 0.025641 , 1.141170
0.820513 , 0.051282 , 1.140395
0.820513 , 0.076923 , 1.138384
0.820513 , 0.102564 , 1.137860
0.820513 , 0.128205 , 1.134605
0.820513 , 0.153846 , 1.133320
0.820513 , 0.179487 , 1.132993
0.820513 , 0.205128 , 1.133690
0.820513 , 0.230769 , 1.134302
0.820513 , 0.256410 , 1.135747
0.820513 , 0.282051 , 1.138394
0.820513 , 0.307692 , 1.142429
0.820513 , 0.333333 , 1.148641
0.820513 , 0.358974 , 1.156626
0.820513 , 0.384615 , 1.164868
0.820513 , 0.410256 , 1.173660
0.820513 , 0.435897 , 1.183454
0.820513 , 0.461538 , 1.193602
0.820513 , 0.487179 , 1.205007
0.820513 , 0.512821 , 1.217222
0.820513 , 0.538462 , 1.229819
0.820513 , 0.564103 , 1.242726
0.820513 , 0.589744 , 1.257629
0.820513 , 0.615385 , 1.273576
0.820513 , 0.641026 , 1.287794
0.820513 , 0.666667 , 1.301708
0.820513 , 0.692308 , 1.314882
0.820513 , 0.717949 , 1.327436
0.820513 , 0.743590 , 1.337645
0.820513 , 0.769231 , 1.346332
0.820513 , 0.794872 , 1.355116
0.820513 , 0.820513 , 1.362960
0.820513 , 0.846154 , 1.370661
0.820513 , 0.871795 , 1.375675
0.820513 , 0.897436 , 1.377899
0.820513 , 0.923077 , 1.379280
0.820513 , 0.948718 , 1.380418
0.820513 , 0.974359 , 1.380769
0.820513 , 1.000000 , 1.379943
0.846154 , 0.000000 , 1.134151
0.846154 , 0.025641 , 1.133896
0.846154 , 0.051282 , 1.133161
0.846154 , 0.076923 , 1.131358
0.846154 , 0.102564 , 1.130660
0.846154 , 0.128205 , 1.128819
0.846154 , 0.153846 , 1.128845
0.846154 , 0.179487 , 1.129246
0.846154 , 0.205128 , 1.129885
0.846154 , 0.230769 , 1.130766
0.846154 , 0.256410 , 1.131747
0.846154 , 0.282051 , 1.134468
0.846154 , 0.307692 , 1.139180
0.846154 , 0.333333 , 1.144893
0.846154 , 0.358974 , 1.152059
0.846154 , 0.384615 , 1.160319
0.846154 , 0.410256 , 1.168717
0.846154 , 0.435897 , 1.178673
0.846154 , 0.461538 , 1.189228
0.846154 , 0.487179 , 1.200334
0.846154 , 0.512821 , 1.213009
0.846154 , 0.538462 , 1.226580
0.846154 , 0.564103 , 1.239355
0.846154 , 0.589744 , 1.254212
0.846154 , 0.615385 , 1.270154
0.846154 , 0.641026 , 1.284118
0.846154 , 0.666667 , 1.297500
0.846154 , 0.692308 , 1.311374
0.846154 , 0.717949 , 1.324198
0.846154 , 0.743590 , 1.334750
0.846154 , 0.769231 , 1.344290
0.846154 , 0.794872 , 1.353806
0.846154 , 0.820513 , 1.362853
0.846154 , 0.846154 , 1.370911
0.846154 , 0.871795 , 1.375633
0.846154 , 0.897436 , 1.378635
0.846154 , 0.923077 , 1.380637
0.846154 , 0.948718 , 1.382841
0.846154 , 0.974359 , 1.383837
0.846154 , 1.000000 , 1.383616
0.871795 , 0.000000 , 1.126809
0.871795 , 0.025641 , 1.127276
0.871795 , 0.051282 , 1.126779
0.871795 , 0.076923 , 1.125385
0.871795 , 0.102564 , 1.124212
0.871795 , 0.128205 , 1.123604
0.871795 , 0.153846 , 1.123522
0.871795 , 0.179487 , 1.124702
0.871795 , 0.205128 , 1.125926
0.871795 , 0.230769 , 1.126740
0.871795 , 0.256410 , 1.127864
0.871795 , 0.282051 , 1.131316
0.871795 , 0.307692 , 1.136512
0.871795 , 0.333333 , 1.141966
0.871795 , 0.358974 , 1.147697
0.871795 , 0.384615 , 1.155597
0.871795 , 0.410256 , 1.164355
0.871795 , 0.435897 , 1.174436
0.871795 , 0.461538 , 1.185678
0.871795 , 0.487179 , 1.196984
0.871795 , 0.512821 , 1.209400
0.871795 , 0.538462 , 1.222832
0.871795 , 0.564103 , 1.236575
0.871795 , 0.589744 , 1.251353
0.871795 , 0.615385 , 1.266749
0.871795 , 0.641026 , 1.280532
0.871795 , 0.666667 , 1.293457
0.871795 , 0.692308 , 1.306295
0.871795 , 0.717949 , 1.319811
0.871795 , 0.743590 , 1.331187
0.871795 , 0.769231 , 1.341714
0.871795 , 0.794872 , 1.350700
0.871795 , 0.820513 , 1.360749
0.871795 , 0.846154 , 1.369166
0.871795 , 0.871795 , 1.374927
0.871795 , 0.897436 , 1.378426
0.871795 , 0.923077 , 1.381326
0.871795 , 0.948718 , 1.384230
0.871795 , 0.974359 , 1.384832
0.871795 , 1.000000 , 1.385107
0.897436 , 0.000000 , 1.121809
0.897436 , 0.025641 , 1.121581
0.897436 , 0.051282 , 1.121146
0.897436 , 0.076923 , 1.120287
0.897436 , 0.102564 , 1.119768
0.897436 , 0.128205 , 1.119511
0.897436 , 0.153846 , 1.119999
0.897436 , 0.179487 , 1.120758
0.897436 , 0.205128 , 1.121710
0.897436 , 0.230769 , 1.122818
0.897436 , 0.256410 , 1.124717
0.897436 , 0.282051 , 1.128655
0.897436 , 0.307692 , 1.133974
0.897436 , 0.333333 , 1.139984
0.897436 , 0.358974 , 1.145402
0.897436 , 0.384615 , 1.152799
0.897436 , 0.410256 , 1.161522
0.897436 , 0.435897 , 1.171827
0.897436 , 0.461538 , 1.182900
0.897436 , 0.487179 , 1.194561
0.897436 , 0.512821 , 1.207095
0.897436 , 0.538462 , 1.220429
0.897436 , 0.564103 , 1.234101
0.897436 , 0.589744 , 1.247947
0.897436 , 0.615385 , 1.262261
0.897436 , 0.641026 , 1.275782
0.897436 , 0.666667 , 1.289210
0.897436 , 0.692308 , 1.301939
0.897436 , 0.717949 , 1.314764
0.897436 , 0.743590 , 1.325938
0.897436 , 0.769231 , 1.336886
0.897436 , 0.794872 , 1.346778
0.897436 , 0.820513 , 1.356609
0.897436 , 0.846154 , 1.365394
0.897436 , 0.871795 , 1.372036
0.897436 , 0.897436 , 1.376904
0.897436 , 0.923077 , 1.380992
0.897436 , 0.948718 , 1.384059
0.897436 , 0.974359 , 1.385103
0.897436 , 1.000000 , 1.385298
0.923077 , 0.000000 , 1.117160
0.923077 , 0.025641 , 1.117313
0.923077 , 0.051282 , 1.116751
0.923077 , 0.076923 , 1.116568
0.923077 , 0.102564 , 1.116460
0.923077 , 0.128205 , 1.117076
0.923077 , 0.153846 , 1.117877
0.923077 , 0.179487 , 1.118346
0.923077 , 0.205128 , 1.118946
0.923077 , 0.230769 , 1.120377
0.923077 , 0.256410 , 1.123508
0.923077 , 0.282051 , 1.127598
0.923077 , 0.307692 , 1.131826
0.923077 , 0.333333 , 1.137478
0.923077 , 0.358974 , 1.143873
0.923077 , 0.384615 , 1.151562
0.923077 , 0.410256 , 1.160305
0.923077 , 0.435897 , 1.170072
0.923077 , 0.461538 , 1.181217
0.923077 , 0.487179 , 1.193137
0.923077 , 0.512821 , 1.205979
0.923077 , 0.538462 , 1.218696
0.923077 , 0.564103 , 1.231806
0.923077 , 0.589744 , 1.245422
0.923077 , 0.615385 , 1.259424
0.923077 , 0.641026 , 1.272513
0.923077 , 0.666667 , 1.286432
0.923077 , 0.692308 , 1.299100
0.923077 , 0.717949 , 1.310888
0.923077 , 0.743590 , 1.321594
0.923077 , 0.769231 , 1.333029
0.923077 , 0.794872 , 1.344140
0.923077 , 0.820513 , 1.353989
0.923077 , 0.846154 , 1.362545
0.923077 , 0.871795 , 1.370073
0.923077 , 0.897436 , 1.375685
0.923077 , 0.923077 , 1.380317
0.923077 , 0.948718 , 1.383408
0.923077 , 0.974359 , 1.384800
0.923077 , 1.000000 , 1.385254
0.948718 , 0.000000 , 1.113953
0.948718 , 0.025641 , 1.114381
0.948718 , 0.051282 , 1.113861
0.948718 , 0.076923 , 1.113789
0.948718 , 0.102564 , 1.114238
0.948718 , 0.128205 , 1.115196
0.948718 , 0.153846 , 1.116120
0.948718 , 0.179487 , 1.116429
0.948718 , 0.205128 , 1.117196
0.948718 , 0.230769 , 1.119326
0.948718 , 0.256410 , 1.122900
0.948718 , 0.282051 , 1.127024
0.948718 , 0.307692 , 1.130696
0.948718 , 0.333333 , 1.135727
0.948718 , 0.358974 , 1.142235
0.948718 , 0.384615 , 1.150050
0.948718 , 0.410256 , 1.159037
0.948718 , 0.435897 , 1.168882
0.948718 , 0.461538 , 1.179837
0.948718 , 0.487179 , 1.191383
0.948718 , 0.512821 , 1.203899
0.948718 , 0.538462 , 1.216162
0.948718 , 0.564103 , 1.228859
0.948718 , 0.589744 , 1.242447
0.948718 , 0.615385 , 1.256862
0.948718 , 0.641026 , 1.270544
0.948718 , 0.666667 , 1.284000
0.948718 , 0.692308 , 1.296530
0.948718 , 0.717949 , 1.308249
0.948718 , 0.743590 , 1.318688
0.948718 , 0.769231 , 1.329998
0.948718 , 0.794872 , 1.341221
0.948718 , 0.820513 , 1.352005
0.948718 , 0.846154 , 1.361102
0.948718 , 0.871795 , 1.368845
0.948718 , 0.897436 , 1.374944
0.948718 , 0.923077 , 1.379683
0.948718 , 0.948718 , 1.382482
0.948718 , 0.974359 , 1.384467
0.948718 , 1.000000 , 1.385081
0.974359 , 0.000000 , 1.112707
0.974359 , 0.025641 , 1.112903
0.974359 , 0.051282 , 1.112930
0.974359 , 0.076923 , 1.112241
0.974359 , 0.102564 , 1.112516
0.974359 , 0.128205 , 1.113865
0.974359 , 0.153846 , 1.115024
0.974359 , 0.179487 , 1.115629
0.974359 , 0.205128 , 1.116325
0.974359 , 0.230769 , 1.118621
0.974359 , 0.256410 , 1.122619
0.974359 , 0.282051 , 1.127129
0.974359 , 0.307692 , 1.131019
0.974359 , 0.333333 , 1.135949
0.974359 , 0.358974 , 1.142342
0.974359 , 0.384615 , 1.149583
0.974359 , 0.410256 , 1.157999
0.974359 , 0.435897 , 1.167373
0.974359 , 0.461538 , 1.178537
0.974359 , 0.487179 , 1.190294
0.974359 , 0.512821 , 1.202070
0.974359 , 0.538462 , 1.214368
0.974359 , 0.564103 , 1.226859
0.974359 , 0.589744 , 1.240672
0.974359 , 0.615385 , 1.254924
0.974359 , 0.641026 , 1.269727
0.974359 , 0.666667 , 1.283530
0.974359 , 0.692308 , 1.295741
0.974359 , 0.717949 , 1.307028
0.974359 , 0.743590 , 1.317869
0.974359 , 0.769231 , 1.328809
0.974359 , 0.794872 , 1.340037
0.974359 , 0.820513 , 1.350640
0.974359 , 0.846154 , 1.359873
0.974359 , 0.871795 , 1.367658
0.974359 , 0.897436 , 1.373885
0.974359 , 0.923077 , 1.378574
0.974359 , 0.948718 , 1.381780
0.974359 , 0.974359 , 1.383965
0.974359 , 1.000000 , 1.385023
1.000000 , 0.000000 , 1.112561
1.000000 , 0.025641 , 1.112527
1.000000 , 0.051282 , 1.113051
1.000000 , 0.076923 , 1.112363
1.000000 , 0.102564 , 1.112244
1.000000 , 0.128205 , 1.113278
1.000000 , 0.153846 , 1.114721
1.000000 , 0.179487 , 1.116000
1.000000 , 0.205128 , 1.116788
1.000000 , 0.230769 , 1.118369
1.000000 , 0.256410 , 1.122433
1.000000 , 0.282051 , 1.127300
1.000000 , 0.307692 , 1.131394
1.000000 , 0.333333 , 1.136021
1.000000 , 0.358974 , 1.141974
1.000000 , 0.384615 , 1.149196
1.000000 , 0.410256 , 1.157960
1.000000 , 0.435897 , 1.167450
1.000000 , 0.461538 , 1.178428
1.000000 , 0.487179 , 1.189441
1.000000 , 0.512821 , 1.201071
1.000000 , 0.538462 , 1.213745
1.000000 , 0.564103 , 1.226822
1.000000 , 0.589744 , 1.240222
1.000000 , 0.615385 , 1.254470
1.000000 , 0.641026 , 1.269005
1.000000 , 0.666667 , 1.282643
1.000000 , 0.692308 , 1.295394
1.000000 , 0.717949 , 1.307411
1.000000 , 0.743590 , 1.318829
1.000000 , 0.769231 , 1.329185
1.000000 , 0.794872 , 1.339761
1.000000 , 0.820513 , 1.349722
1.000000 , 0.846154 , 1.359151
1.000000 , 0.871795 , 1.367083
1.000000 , 0.897436 , 1.373477
1.000000 , 0.923077 , 1.378362
1.000000 , 0.948718 , 1.381847
1.000000 , 0.974359 , 1.384128
1.000000 , 1.000000 , 1.385286
