0.000000 , 0.000000 , 0.251161
0.000000 , 0.025641 , 0.251161
0.000000 , 0.051282 , 0.251161
0.000000 , 0.076923 , 0.251161
0.000000 , 0.102564 , 0.251161
0.000000 , 0.128205 , 0.251161
0.000000 , 0.153846 , 0.251161
0.000000 , 0.179487 , 0.251161
0.000000 , 0.205128 , 0.251161
0.000000 , 0.230769 , 0.251161
0.000000 , 0.256410 , 0.251161
0.000000 , 0.282051 , 0.251161
0.000000 , 0.307692 , 0.251161
0.000000 , 0.333333 , 0.251161
0.000000 , 0.358974 , 0.251161
0.000000 , 0.384615 , 0.251161
0.000000 , 0.410256 , 0.251161
0.000000 , 0.435897 , 0.251161
0.000000 , 0.461538 , 0.251161
0.000000 , 0.487179 , 0.251161
0.000000 , 0.512821 , 0.251161
0.000000 , 0.538462 , 0.251161
0.000000 , 0.564103 , 0.251161
0.000000 , 0.589744 , 0.251161
0.000000 , 0.615385 , 0.251161
0.000000 , 0.641026 , 0.251161
0.000000 , 0.666667 , 0.251161
0.000000 , 0.692308 , 0.251161
0.000000 , 0.717949 , 0.251161
0.000000 , 0.743590 , 0.251161
0.000000 , 0.769231 , 0.251161
0.000000 , 0.794872 , 0.251161
0.000000 , 0.820513 , 0.251161
0.000000 , 0.846154 , 0.251161
0.000000 , 0.871795 , 0.251161
0.000000 , 0.897436 , 0.251161
0.000000 , 0.923077 , 0.251161
0.000000 , 0.948718 , 0.251161
0.000000 , 0.974359 , 0.251161
0.000000 , 1.000000 , 0.251161
0.025641 , 0.000000 , 0.441556
0.025641 , 0.025641 , 0.441606
0.025641 , 0.051282 , 0.441795
0.025641 , 0.076923 , 0.441947
0.025641 , 0.102564 , 0.442103
0.025641 , 0.128205 , 0.442921
0.025641 , 0.153846 , 0.443260
0.025641 , 0.179487 , 0.442948
0.025641 , 0.205128 , 0.441935
0.025641 , 0.230769 , 0.441030
0.025641 , 0.256410 , 0.439738
0.025641 , 0.282051 , 0.437925
0.025641 , 0.307692 , 0.435355
0.025641 , 0.333333 , 0.433261
0.025641 , 0.358974 , 0.430536
0.025641 , 0.384615 , 0.427658
0.025641 , 0.410256 , 0.425371
0.025641 , 0.435897 , 0.422969
0.025641 , 0.461538 , 0.420506
0.025641 , 0.487179 , 0.417410
0.025641 , 0.512821 , 0.414430
0.025641 , 0.538462 , 0.411743
0.025641 , 0.564103 , 0.408784
0.025641 , 0.589744 , 0.405938
0.025641 , 0.615385 , 0.403709
0.025641 , 0.641026 , 0.401958
0.025641 , 0.666667 , 0.400117
0.025641 , 0.692308 , 0.398201
0.025641 , 0.717949 , 0.397180
0.025641 , 0.743590 , 0.396541
0.025641 , 0.769231 , 0.395309
0.025641 , 0.794872 , 0.393752
0.025641 , 0.820513 , 0.393345
0.025641 , 0.846154 , 0.392990
0.025641 , 0.871795 , 0.392437
0.025641 , 0.897436 , 0.391770
0.025641 , 0.923077 , 0.391802
0.025641 , 0.948718 , 0.391243
0.025641 , 0.974359 , 0.390714
0.025641 , 1.000000 , 0.390767
0.051282 , 0.000000 , 0.616368
0.051282 , 0.025641 , 0.616007
0.051282 , 0.051282 , 0.616269
0.051282 , 0.076923 , 0.616743
0.051282 , 0.102564 , 0.617229
0.051282 , 0.128205 , 0.617748
0.051282 , 0.153846 , 0.618001
0.051282 , 0.179487 , 0.617415
0.051282 , 0.205128 , 0.616092
0.051282 , 0.230769 , 0.614260
0.051282 , 0.256410 , 0.611725
0.051282 , 0.282051 , 0.608249
0.051282 , 0.307692 , 0.603641
0.051282 , 0.333333 , 0.598429
0.051282 , 0.358974 , 0.593856
0.051282 , 0.384615 , 0.589072
0.051282 , 0.410256 , 0.584699
0.051282 , 0.435897 , 0.578985
0.051282 , 0.461538 , 0.573449
0.051282 , 0.487179 , 0.567244
0.051282 , 0.512821 , 0.561491
0.051282 , 0.538462 , 0.556355
0.051282 , 0.564103 , 0.550850
0.051282 , 0.589744 , 0.545135
0.051282 , 0.615385 , 0.540418
0.051282 , 0.641026 , 0.536799
0.051282 , 0.666667 , 0.532737
0.051282 , 0.692308 , 0.529047
0.051282 , 0.717949 , 0.526728
0.051282 , 0.743590 , 0.525320
0.051282 , 0.769231 , 0.523681
0.051282 , 0.794872 , 0.521626
0.051282 , 0.820513 , 0.520304
0.051282 , 0.846154 , 0.520040
0.051282 , 0.871795 , 0.519144
0.051282 , 0.897436 , 0.517890
0.051282 , 0.923077 , 0.517209
0.051282 , 0.948718 , 0.516576
0.051282 , 0.974359 , 0.515780
0.051282 , 1.000000 , 0.515204
0.076923 , 0.000000 , 0.774305
0.076923 , 0.025641 , 0.774454
0.076923 , 0.051282 , 0.774423
0.076923 , 0.076923 , 0.774830
0.076923 , 0.102564 , 0.775759
0.076923 , 0.128205 , 0.776046
0.076923 , 0.153846 , 0.775857
0.076923 , 0.179487 , 0.774664
0.076923 , 0.205128 , 0.772350
0.076923 , 0.230769 , 0.770025
0.076923 , 0.256410 , 0.766393
0.076923 , 0.282051 , 0.761844
0.076923 , 0.307692 , 0.756081
0.076923 , 0.333333 , 0.749273
0.076923 , 0.358974 , 0.741912
0.076923 , 0.384615 , 0.735306
0.076923 , 0.410256 , 0.728304
0.076923 , 0.435897 , 0.720166
0.076923 , 0.461538 , 0.711487
0.076923 , 0.487179 , 0.702235
0.076923 , 0.512821 , 0.693475
0.076923 , 0.538462 , 0.686127
0.076923 , 0.564103 , 0.678824
0.076923 , 0.589744 , 0.670413
0.076923 , 0.615385 , 0.663260
0.076923 , 0.641026 , 0.657402
0.076923 , 0.666667 , 0.652061
0.076923 , 0.692308 , 0.646975
0.076923 , 0.717949 , 0.642898
0.076923 , 0.743590 , 0.640089
0.076923 , 0.769231 , 0.637706
0.076923 , 0.794872 , 0.635121
0.076923 , 0.820513 , 0.633192
0.076923 , 0.846154 , 0.632477
0.076923 , 0.871795 , 0.631420
0.076923 , 0.897436 , 0.630200
0.076923 , 0.923077 , 0.628968
0.076923 , 0.948718 , 0.627472
0.076923 , 0.974359 , 0.626351
0.076923 , 1.000000 , 0.625760
0.102564 , 0.000000 , 0.915465
0.102564 , 0.025641 , 0.915514
0.102564 , 0.051282 , 0.915988
0.102564 , 0.076923 , 0.916060
0.102564 , 0.102564 , 0.916904
0.102564 , 0.128205 , 0.917758
0.102564 , 0.153846 , 0.917372
0.102564 , 0.179487 , 0.915509
0.102564 , 0.205128 , 0.912405
0.102564 , 0.230769 , 0.908713
0.102564 , 0.256410 , 0.904546
0.102564 , 0.282051 , 0.899185
0.102564 , 0.307692 , 0.892431
0.102564 , 0.333333 , 0.883519
0.102564 , 0.358974 , 0.874556
0.102564 , 0.384615 , 0.865672
0.102564 , 0.410256 , 0.856279
0.102564 , 0.435897 , 0.846259
0.102564 , 0.461538 , 0.834854
0.102564 , 0.487179 , 0.822974
0.102564 , 0.512821 , 0.811993
0.102564 , 0.538462 , 0.802325
0.102564 , 0.564103 , 0.792946
0.102564 , 0.589744 , 0.782159
0.102564 , 0.615385 , 0.772523
0.102564 , 0.641026 , 0.764963
0.102564 , 0.666667 , 0.758547
0.102564 , 0.692308 , 0.752276
0.102564 , 0.717949 , 0.746668
0.102564 , 0.743590 , 0.742435
0.102564 , 0.769231 , 0.738411
0.102564 , 0.794872 , 0.734823
0.102564 , 0.820513 , 0.732325
0.102564 , 0.846154 , 0.729955
0.102564 , 0.871795 , 0.728602
0.102564 , 0.897436 , 0.727298
0.102564 , 0.923077 , 0.725743
0.102564 , 0.948718 , 0.725344
0.102564 , 0.974359 , 0.724066
0.102564 , 1.000000 , 0.723305
0.128205 , 0.000000 , 1.040713
0.128205 , 0.025641 , 1.040824
0.128205 , 0.051282 , 1.041367
0.128205 , 0.076923 , 1.042009
0.128205 , 0.102564 , 1.042628
0.128205 , 0.128205 , 1.043413
0.128205 , 0.153846 , 1.043070
0.128205 , 0.179487 , 1.041436
0.128205 , 0.205128 , 1.038191
0.128205 , 0.230769 , 1.033562
0.128205 , 0.256410 , 1.028475
0.128205 , 0.282051 , 1.021610
0.128205 , 0.307692 , 1.013689
0.128205 , 0.333333 , 1.003325
0.128205 , 0.358974 , 0.992341
0.128205 , 0.384615 , 0.981820
0.128205 , 0.410256 , 0.970794
0.128205 , 0.435897 , 0.958462
0.128205 , 0.461538 , 0.944766
0.128205 , 0.487179 , 0.930983
0.128205 , 0.512821 , 0.917952
0.128205 , 0.538462 , 0.906167
0.128205 , 0.564103 , 0.893825
0.128205 , 0.589744 , 0.880892
0.128205 , 0.615385 , 0.869633
0.128205 , 0.641026 , 0.860161
0.128205 , 0.666667 , 0.852344
0.128205 , 0.692308 , 0.844683
0.128205 , 0.717949 , 0.838223
0.128205 , 0.743590 , 0.831952
0.128205 , 0.769231 , 0.826185
0.128205 , 0.794872 , 0.821774
0.128205 , 0.820513 , 0.818796
0.128205 , 0.846154 , 0.816715
0.128205 , 0.871795 , 0.815142
0.128205 , 0.897436 , 0.813702
0.128205 , 0.923077 , 0.811410
0.128205 , 0.948718 , 0.810436
0.128205 , 0.974359 , 0.811095
0.128205 , 1.000000 , 0.810593
0.153846 , 0.000000 , 1.150005
0.153846 , 0.025641 , 1.150535
0.153846 , 0.051282 , 1.151368
0.153846 , 0.076923 , 1.152544
0.153846 , 0.102564 , 1.153305
0.153846 , 0.128205 , 1.153948
0.153846 , 0.153846 , 1.153181
0.153846 , 0.179487 , 1.151874
0.153846 , 0.205128 , 1.148950
0.153846 , 0.230769 , 1.144407
0.153846 , 0.256410 , 1.138593
0.153846 , 0.282051 , 1.130463
0.153846 , 0.307692 , 1.121671
0.153846 , 0.333333 , 1.110191
0.153846 , 0.358974 , 1.097928
0.153846 , 0.384615 , 1.084607
0.153846 , 0.410256 , 1.071745
0.153846 , 0.435897 , 1.057275
0.153846 , 0.461538 , 1.042394
0.153846 , 0.487179 , 1.027054
0.153846 , 0.512821 , 1.012584
0.153846 , 0.538462 , 0.998395
0.153846 , 0.564103 , 0.983762
0.153846 , 0.589744 , 0.968611
0.153846 , 0.615385 , 0.956432
0.153846 , 0.641026 , 0.945289
0.153846 , 0.666667 , 0.934965
0.153846 , 0.692308 , 0.925755
0.153846 , 0.717949 , 0.917634
0.153846 , 0.743590 , 0.909811
0.153846 , 0.769231 , 0.902724
0.153846 , 0.794872 , 0.897596
0.153846 , 0.820513 , 0.893739
0.153846 , 0.846154 , 0.891708
0.153846 , 0.871795 , 0.890626
0.153846 , 0.897436 , 0.889848
0.153846 , 0.923077 , 0.887589
0.153846 , 0.948718 , 0.886332
0.153846 , 0.974359 , 0.886636
0.153846 , 1.000000 , 0.887498
0.179487 , 0.000000 , 1.245146
0.179487 , 0.025641 , 1.245036
0.179487 , 0.051282 , 1.246358
0.179487 , 0.076923 , 1.247572
0.179487 , 0.102564 , 1.249229
0.179487 , 0.128205 , 1.249799
0.179487 , 0.153846 , 1.248920
0.179487 , 0.179487 , 1.247099
0.179487 , 0.205128 , 1.244759
0.179487 , 0.230769 , 1.239979
0.179487 , 0.256410 , 1.233177
0.179487 , 0.282051 , 1.224109
0.179487 , 0.307692 , 1.214006
0.179487 , 0.333333 , 1.202443
0.179487 , 0.358974 , 1.189463
0.179487 , 0.384615 , 1.175315
0.179487 , 0.410256 , 1.160852
0.179487 , 0.435897 , 1.144658
0.179487 , 0.461538 , 1.128401
0.179487 , 0.487179 , 1.111366
0.179487 , 0.512821 , 1.094705
0.179487 , 0.538462 , 1.078476
0.179487 , 0.564103 , 1.062619
0.179487 , 0.589744 , 1.046930
0.179487 , 0.615385 , 1.032333
0.179487 , 0.641026 , 1.019431
0.179487 , 0.666667 , 1.007074
0.179487 , 0.692308 , 0.995967
0.179487 , 0.717949 , 0.986753
0.179487 , 0.743590 , 0.978635
0.179487 , 0.769231 , 0.971554
0.179487 , 0.794872 , 0.965945
0.179487 , 0.820513 , 0.961407
0.179487 , 0.846154 , 0.957697
0.179487 , 0.871795 , 0.956234
0.179487 , 0.897436 , 0.955737
0.179487 , 0.923077 , 0.953624
0.179487 , 0.948718 , 0.952019
0.179487 , 0.974359 , 0.952241
0.179487 , 1.000000 , 0.952429
0.205128 , 0.000000 , 1.327803
0.205128 , 0.025641 , 1.327243
0.205128 , 0.051282 , 1.328066
0.205128 , 0.076923 , 1.329475
0.205128 , 0.102564 , 1.330946
0.205128 , 0.128205 , 1.331666
0.205128 , 0.153846 , 1.330926
0.205128 , 0.179487 , 1.328809
0.205128 , 0.205128 , 1.326092
0.205128 , 0.230769 , 1.320814
0.205128 , 0.256410 , 1.313059
0.205128 , 0.282051 , 1.303511
0.205128 , 0.307692 , 1.292691
0.205128 , 0.333333 , 1.280512
0.205128 , 0.358974 , 1.267352
0.205128 , 0.384615 , 1.252980
0.205128 , 0.410256 , 1.237461
0.205128 , 0.435897 , 1.220801
0.205128 , 0.461538 , 1.203535
0.205128 , 0.487179 , 1.184909
0.205128 , 0.512821 , 1.166335
0.205128 , 0.538462 , 1.148433
0.205128 , 0.564103 , 1.131452
0.205128 , 0.589744 , 1.114692
0.205128 , 0.615385 , 1.098085
0.205128 , 0.641026 , 1.082921
0.205128 , 0.666667 , 1.069243
0.205128 , 0.692308 , 1.056916
0.205128 , 0.717949 , 1.046910
0.205128 , 0.743590 , 1.037811
0.205128 , 0.769231 , 1.030890
0.205128 , 0.794872 , 1.024680
0.205128 , 0.820513 , 1.019670
0.205128 , 0.846154 , 1.015333
0.205128 , 0.871795 , 1.013228
0.205128 , 0.897436 , 1.012121
0.205128 , 0.923077 , 1.010262
0.205128 , 0.948718 , 1.008937
0.205128 , 0.974359 , 1.008097
0.205128 , 1.000000 , 1.008333
0.230769 , 0.000000 , 1.398142
0.230769 , 0.025641 , 1.398086
0.230769 , 0.051282 , 1.398067
0.230769 , 0.076923 , 1.399215
0.230769 , 0.102564 , 1.400715
0.230769 , 0.128205 , 1.400993
0.230769 , 0.153846 , 1.399786
0.230769 , 0.179487 , 1.397130
0.230769 , 0.205128 , 1.394081
0.230769 , 0.230769 , 1.388555
0.230769 , 0.256410 , 1.380816
0.230769 , 0.282051 , 1.371314
0.230769 , 0.307692 , 1.360068
0.230769 , 0.333333 , 1.346864
0.230769 , 0.358974 , 1.333177
0.230769 , 0.384615 , 1.319149
0.230769 , 0.410256 , 1.302646
0.230769 , 0.435897 , 1.285518
0.230769 , 0.461538 , 1.267147
0.230769 , 0.487179 , 1.247912
0.230769 , 0.512821 , 1.228031
0.230769 , 0.538462 , 1.208925
0.230769 , 0.564103 , 1.190520
0.230769 , 0.589744 , 1.172225
0.230769 , 0.615385 , 1.154544
0.230769 , 0.641026 , 1.138343
0.230769 , 0.666667 , 1.123311
0.230769 , 0.692308 , 1.109977
0.230769 , 0.717949 , 1.099124
0.230769 , 0.743590 , 1.089201
0.230769 , 0.769231 , 1.081128
0.230769 , 0.794872 , 1.074645
0.230769 , 0.820513 , 1.068607
0.230769 , 0.846154 , 1.063803
0.230769 , 0.871795 , 1.061127
0.230769 , 0.897436 , 1.059939
0.230769 , 0.923077 , 1.058246
0.230769 , 0.948718 , 1.056946
0.230769 , 0.974359 , 1.056090
0.230769 , 1.000000 , 1.055645
0.256410 , 0.000000 , 1.456298
0.256410 , 0.025641 , 1.456446
0.256410 , 0.051282 , 1.456937
0.256410 , 0.076923 , 1.457863
0.256410 , 0.102564 , 1.458478
0.256410 , 0.128205 , 1.458545
0.256410 , 0.153846 , 1.457425
0.256410 , 0.179487 , 1.453939
0.256410 , 0.205128 , 1.449983
0.256410 , 0.230769 , 1.444286
0.256410 , 0.256410 , 1.436621
0.256410 , 0.282051 , 1.427823
0.256410 , 0.307692 , 1.416057
0.256410 , 0.333333 , 1.402527
0.256410 , 0.358974 , 1.387808
0.256410 , 0.384615 , 1.373327
0.256410 , 0.410256 , 1.356831
0.256410 , 0.435897 , 1.338866
0.256410 , 0.461538 , 1.320147
0.256410 , 0.487179 , 1.300645
0.256410 , 0.512821 , 1.280483
0.256410 , 0.538462 , 1.260553
0.256410 , 0.564103 , 1.241211
0.256410 , 0.589744 , 1.222297
0.256410 , 0.615385 , 1.203680
0.256410 , 0.641026 , 1.186652
0.256410 , 0.666667 , 1.171228
0.256410 , 0.692308 , 1.157717
0.256410 , 0.717949 , 1.146766
0.256410 , 0.743590 , 1.136360
0.256410 , 0.769231 , 1.127050
0.256410 , 0.794872 , 1.119342
0.256410 , 0.820513 , 1.112221
0.256410 , 0.846154 , 1.107042
0.256410 , 0.871795 , 1.103019
0.256410 , 0.897436 , 1.101358
0.256410 , 0.923077 , 1.099946
0.256410 , 0.948718 , 1.098397
0.256410 , 0.974359 , 1.097529
0.256410 , 1.000000 , 1.096914
0.282051 , 0.000000 , 1.504024
0.282051 , 0.025641 , 1.504591
0.282051 , 0.051282 , 1.504910
0.282051 , 0.076923 , 1.505445
0.282051 , 0.102564 , 1.504877
0.282051 , 0.128205 , 1.505068
0.282051 , 0.153846 , 1.503934
0.282051 , 0.179487 , 1.500919
0.282051 , 0.205128 , 1.495725
0.282051 , 0.230769 , 1.489967
0.282051 , 0.256410 , 1.482647
0.282051 , 0.282051 , 1.473183
0.282051 , 0.307692 , 1.460804
0.282051 , 0.333333 , 1.447165
0.282051 , 0.358974 , 1.431974
0.282051 , 0.384615 , 1.416741
0.282051 , 0.410256 , 1.400687
0.282051 , 0.435897 , 1.382889
0.282051 , 0.461538 , 1.364138
0.282051 , 0.487179 , 1.344682
0.282051 , 0.512821 , 1.324326
0.282051 , 0.538462 , 1.303825
0.282051 , 0.564103 , 1.284423
0.282051 , 0.589744 , 1.264600
0.282051 , 0.615385 , 1.245244
0.282051 , 0.641026 , 1.228113
0.282051 , 0.666667 , 1.212226
0.282051 , 0.692308 , 1.198336
0.282051 , 0.717949 , 1.186824
0.282051 , 0.743590 , 1.176200
0.282051 , 0.769231 , 1.166124
0.282051 , 0.794872 , 1.157630
0.282051 , 0.820513 , 1.149578
0.282051 , 0.846154 , 1.143277
0.282051 , 0.871795 , 1.138841
0.282051 , 0.897436 , 1.135768
0.282051 , 0.923077 , 1.134518
0.282051 , 0.948718 , 1.133196
0.282051 , 0.974359 , 1.132982
0.282051 , 1.000000 , 1.132643
0.307692 , 0.000000 , 1.542656
0.307692 , 0.025641 , 1.543127
0.307692 , 0.051282 , 1.543592
0.307692 , 0.076923 , 1.543752
0.307692 , 0.102564 , 1.542368
0.307692 , 0.128205 , 1.541578
0.307692 , 0.153846 , 1.540451
0.307692 , 0.179487 , 1.536962
0.307692 , 0.205128 , 1.531413
0.307692 , 0.230769 , 1.524070
0.307692 , 0.256410 , 1.516853
0.307692 , 0.282051 , 1.507036
0.307692 , 0.307692 , 1.494754
0.307692 , 0.333333 , 1.481464
0.307692 , 0.358974 , 1.466832
0.307692 , 0.384615 , 1.451880
0.307692 , 0.410256 , 1.435704
0.307692 , 0.435897 , 1.418169
0.307692 , 0.461538 , 1.399535
0.307692 , 0.487179 , 1.379961
0.307692 , 0.512821 , 1.359631
0.307692 , 0.538462 , 1.339670
0.307692 , 0.564103 , 1.319772
0.307692 , 0.589744 , 1.300309
0.307692 , 0.615385 , 1.281046
0.307692 , 0.641026 , 1.263557
0.307692 , 0.666667 , 1.247679
0.307692 , 0.692308 , 1.233530
0.307692 , 0.717949 , 1.220861
0.307692 , 0.743590 , 1.208839
0.307692 , 0.769231 , 1.197747
0.307692 , 0.794872 , 1.188360
0.307692 , 0.820513 , 1.180068
0.307692 , 0.846154 , 1.173613
0.307692 , 0.871795 , 1.169142
0.307692 , 0.897436 , 1.165431
0.307692 , 0.923077 , 1.163158
0.307692 , 0.948718 , 1.161721
0.307692 , 0.974359 , 1.162143
0.307692 , 1.000000 , 1.161993
0.333333 , 0.000000 , 1.572511
0.333333 , 0.025641 , 1.572747
0.333333 , 0.051282 , 1.572785
0.333333 , 0.076923 , 1.572585
0.333333 , 0.102564 , 1.571557
0.333333 , 0.128205 , 1.569563
0.333333 , 0.153846 , 1.566633
0.333333 , 0.179487 , 1.562521
0.333333 , 0.205128 , 1.556009
0.333333 , 0.230769 , 1.548536
0.333333 , 0.256410 , 1.540591
0.333333 , 0.282051 , 1.531306
0.333333 , 0.307692 , 1.519132
0.333333 , 0.333333 , 1.505838
0.333333 , 0.358974 , 1.492579
0.333333 , 0.384615 , 1.478110
0.333333 , 0.410256 , 1.462006
0.333333 , 0.435897 , 1.445043
0.333333 , 0.461538 , 1.426848
0.333333 , 0.487179 , 1.407946
0.333333 , 0.512821 , 1.388535
0.333333 , 0.538462 , 1.368843
0.333333 , 0.564103 , 1.348972
0.333333 , 0.589744 , 1.329724
0.333333 , 0.615385 , 1.310795
0.333333 , 0.641026 , 1.293331
0.333333 , 0.666667 , 1.277274
0.333333 , 0.692308 , 1.262657
0.333333 , 0.717949 , 1.249059
0.333333 , 0.743590 , 1.236001
0.333333 , 0.769231 , 1.224430
0.333333 , 0.794872 , 1.214425
0.333333 , 0.820513 , 1.205213
0.333333 , 0.846154 , 1.197900
0.333333 , 0.871795 , 1.193061
0.333333 , 0.897436 , 1.188953
0.333333 , 0.923077 , 1.186072
0.333333 , 0.948718 , 1.184521
0.333333 , 0.974359 , 1.184850
0.333333 , 1.000000 , 1.184348
0.358974 , 0.000000 , 1.593506
0.358974 , 0.025641 , 1.593601
0.358974 , 0.051282 , 1.593370
0.358974 , 0.076923 , 1.592481
0.358974 , 0.102564 , 1.590969
0.358974 , 0.128205 , 1.588405
0.358974 , 0.153846 , 1.584574
0.358974 , 0.179487 , 1.579671
0.358974 , 0.205128 , 1.572689
0.358974 , 0.230769 , 1.564489
0.358974 , 0.256410 , 1.555428
0.358974 , 0.282051 , 1.546224
0.358974 , 0.307692 , 1.535809
0.358974 , 0.333333 , 1.523402
0.358974 , 0.358974 , 1.509894
0.358974 , 0.384615 , 1.495517
0.358974 , 0.410256 , 1.480185
0.358974 , 0.435897 , 1.464103
0.358974 , 0.461538 , 1.446584
0.358974 , 0.487179 , 1.428531
0.358974 , 0.512821 , 1.409934
0.358974 , 0.538462 , 1.391189
0.358974 , 0.564103 , 1.372286
0.358974 , 0.589744 , 1.353323
0.358974 , 0.615385 , 1.334726
0.358974 , 0.641026 , 1.317019
0.358974 , 0.666667 , 1.301356
0.358974 , 0.692308 , 1.286799
0.358974 , 0.717949 , 1.272609
0.358974 , 0.743590 , 1.258842
0.358974 , 0.769231 , 1.246334
0.358974 , 0.794872 , 1.235825
0.358974 , 0.820513 , 1.226550
0.358974 , 0.846154 , 1.218270
0.358974 , 0.871795 , 1.212533
0.358974 , 0.897436 , 1.207591
0.358974 , 0.923077 , 1.204023
0.358974 , 0.948718 , 1.201786
0.358974 , 0.974359 , 1.201650
0.358974 , 1.000000 , 1.201200
0.384615 , 0.000000 , 1.607180
0.384615 , 0.025641 , 1.606828
0.384615 , 0.051282 , 1.606007
0.384615 , 0.076923 , 1.604337
0.384615 , 0.102564 , 1.602348
0.384615 , 0.128205 , 1.599129
0.384615 , 0.153846 , 1.594721
0.384615 , 0.179487 , 1.588750
0.384615 , 0.205128 , 1.581649
0.384615 , 0.230769 , 1.573596
0.384615 , 0.256410 , 1.564304
0.384615 , 0.282051 , 1.554241
0.384615 , 0.307692 , 1.543428
0.384615 , 0.333333 , 1.531656
0.384615 , 0.358974 , 1.519452
0.384615 , 0.384615 , 1.505820
0.384615 , 0.410256 , 1.491340
0.384615 , 0.435897 , 1.476114
0.384615 , 0.461538 , 1.459467
0.384615 , 0.487179 , 1.442401
0.384615 , 0.512821 , 1.424851
0.384615 , 0.538462 , 1.407351
0.384615 , 0.564103 , 1.389270
0.384615 , 0.589744 , 1.370480
0.384615 , 0.615385 , 1.352798
0.384615 , 0.641026 , 1.335859
0.384615 , 0.666667 , 1.320663
0.384615 , 0.692308 , 1.306018
0.384615 , 0.717949 , 1.291475
0.384615 , 0.743590 , 1.277622
0.384615 , 0.769231 , 1.264339
0.384615 , 0.794872 , 1.252555
0.384615 , 0.820513 , 1.243057
0.384615 , 0.846154 , 1.234988
0.384615 , 0.871795 , 1.228267
0.384615 , 0.897436 , 1.222675
0.384615 , 0.923077 , 1.218735
0.384615 , 0.948718 , 1.215871
0.384615 , 0.974359 , 1.214890
0.384615 , 1.000000 , 1.213961
0.410256 , 0.000000 , 1.614146
0.410256 , 0.025641 , 1.613457
0.410256 , 0.051282 , 1.612186
0.410256 , 0.076923 , 1.610010
0.410256 , 0.102564 , 1.607423
0.410256 , 0.128205 , 1.603486
0.410256 , 0.153846 , 1.597758
0.410256 , 0.179487 , 1.589944
0.410256 , 0.205128 , 1.583042
0.410256 , 0.230769 , 1.575417
0.410256 , 0.256410 , 1.566441
0.410256 , 0.282051 , 1.557061
0.410256 , 0.307692 , 1.546637
0.410256 , 0.333333 , 1.534559
0.410256 , 0.358974 , 1.522086
0.410256 , 0.384615 , 1.509488
0.410256 , 0.410256 , 1.495916
0.410256 , 0.435897 , 1.481664
0.410256 , 0.461538 , 1.466136
0.410256 , 0.487179 , 1.450176
0.410256 , 0.512821 , 1.434104
0.410256 , 0.538462 , 1.417708
0.410256 , 0.564103 , 1.400561
0.410256 , 0.589744 , 1.382540
0.410256 , 0.615385 , 1.365424
0.410256 , 0.641026 , 1.349706
0.410256 , 0.666667 , 1.334883
0.410256 , 0.692308 , 1.321096
0.410256 , 0.717949 , 1.306414
0.410256 , 0.743590 , 1.292537
0.410256 , 0.769231 , 1.278869
0.410256 , 0.794872 , 1.266552
0.410256 , 0.820513 , 1.256358
0.410256 , 0.846154 , 1.248145
0.410256 , 0.871795 , 1.241226
0.410256 , 0.897436 , 1.235406
0.410256 , 0.923077 , 1.231092
0.410256 , 0.948718 , 1.227963
0.410256 , 0.974359 , 1.226569
0.410256 , 1.000000 , 1.225690
0.435897 , 0.000000 , 1.615731
0.435897 , 0.025641 , 1.614871
0.435897 , 0.051282 , 1.613016
0.435897 , 0.076923 , 1.609881
0.435897 , 0.102564 , 1.606672
0.435897 , 0.128205 , 1.601558
0.435897 , 0.153846 , 1.594945
0.435897 , 0.179487 , 1.586004
0.435897 , 0.205128 , 1.578333
0.435897 , 0.230769 , 1.571037
0.435897 , 0.256410 , 1.562811
0.435897 , 0.282051 , 1.553950
0.435897 , 0.307692 , 1.543793
0.435897 , 0.333333 , 1.532428
0.435897 , 0.358974 , 1.519569
0.435897 , 0.384615 , 1.507016
0.435897 , 0.410256 , 1.494065
0.435897 , 0.435897 , 1.480914
0.435897 , 0.461538 , 1.466959
0.435897 , 0.487179 , 1.452000
0.435897 , 0.512821 , 1.437298
0.435897 , 0.538462 , 1.422515
0.435897 , 0.564103 , 1.406391
0.435897 , 0.589744 , 1.390031
0.435897 , 0.615385 , 1.373915
0.435897 , 0.641026 , 1.359005
0.435897 , 0.666667 , 1.344227
0.435897 , 0.692308 , 1.330415
0.435897 , 0.717949 , 1.316505
0.435897 , 0.743590 , 1.303360
0.435897 , 0.769231 , 1.290407
0.435897 , 0.794872 , 1.278516
0.435897 , 0.820513 , 1.267889
0.435897 , 0.846154 , 1.259388
0.435897 , 0.871795 , 1.252401
0.435897 , 0.897436 , 1.246161
0.435897 , 0.923077 , 1.241131
0.435897 , 0.948718 , 1.237825
0.435897 , 0.974359 , 1.236133
0.435897 , 1.000000 , 1.235209
0.461538 , 0.000000 , 1.610965
0.461538 , 0.025641 , 1.610130
0.461538 , 0.051282 , 1.608166
0.461538 , 0.076923 , 1.604882
0.461538 , 0.102564 , 1.600273
0.461538 , 0.128205 , 1.594144
0.461538 , 0.153846 , 1.586726
0.461538 , 0.179487 , 1.578119
0.461538 , 0.205128 , 1.569363
0.461538 , 0.230769 , 1.561956
0.461538 , 0.256410 , 1.553657
0.461538 , 0.282051 , 1.544766
0.461538 , 0.307692 , 1.534859
0.461538 , 0.333333 , 1.524623
0.461538 , 0.358974 , 1.512827
0.461538 , 0.384615 , 1.500552
0.461538 , 0.410256 , 1.487865
0.461538 , 0.435897 , 1.475032
0.461538 , 0.461538 , 1.462255
0.461538 , 0.487179 , 1.448730
0.461538 , 0.512821 , 1.435066
0.461538 , 0.538462 , 1.421231
0.461538 , 0.564103 , 1.406514
0.461538 , 0.589744 , 1.392355
0.461538 , 0.615385 , 1.377891
0.461538 , 0.641026 , 1.364295
0.461538 , 0.666667 , 1.350259
0.461538 , 0.692308 , 1.336929
0.461538 , 0.717949 , 1.323953
0.461538 , 0.743590 , 1.311574
0.461538 , 0.769231 , 1.298683
0.461538 , 0.794872 , 1.286954
0.461538 , 0.820513 , 1.276455
0.461538 , 0.846154 , 1.267979
0.461538 , 0.871795 , 1.260662
0.461538 , 0.897436 , 1.254527
0.461538 , 0.923077 , 1.249210
0.461538 , 0.948718 , 1.245773
0.461538 , 0.974359 , 1.243494
0.461538 , 1.000000 , 1.242884
0.487179 , 0.000000 , 1.601103
0.487179 , 0.025641 , 1.600896
0.487179 , 0.051282 , 1.598276
0.487179 , 0.076923 , 1.595034
0.487179 , 0.102564 , 1.589666
0.487179 , 0.128205 , 1.582460
0.487179 , 0.153846 , 1.574247
0.487179 , 0.179487 , 1.565826
0.487179 , 0.205128 , 1.556783
0.487179 , 0.230769 , 1.548935
0.487179 , 0.256410 , 1.541126
0.487179 , 0.282051 , 1.531961
0.487179 , 0.307692 , 1.522277
0.487179 , 0.333333 , 1.512475
0.487179 , 0.358974 , 1.501479
0.487179 , 0.384615 , 1.489694
0.487179 , 0.410256 , 1.477747
0.487179 , 0.435897 , 1.465643
0.487179 , 0.461538 , 1.453752
0.487179 , 0.487179 , 1.441313
0.487179 , 0.512821 , 1.428966
0.487179 , 0.538462 , 1.416315
0.487179 , 0.564103 , 1.403254
0.487179 , 0.589744 , 1.390496
0.487179 , 0.615385 , 1.378005
0.487179 , 0.641026 , 1.365361
0.487179 , 0.666667 , 1.352680
0.487179 , 0.692308 , 1.340335
0.487179 , 0.717949 , 1.327922
0.487179 , 0.743590 , 1.316977
0.487179 , 0.769231 , 1.304945
0.487179 , 0.794872 , 1.292743
0.487179 , 0.820513 , 1.282227
0.487179 , 0.846154 , 1.273524
0.487179 , 0.871795 , 1.266324
0.487179 , 0.897436 , 1.260465
0.487179 , 0.923077 , 1.254715
0.487179 , 0.948718 , 1.250859
0.487179 , 0.974359 , 1.248090
0.487179 , 1.000000 , 1.247936
0.512821 , 0.000000 , 1.587525
0.512821 , 0.025641 , 1.587139
0.512821 , 0.051282 , 1.584238
0.512821 , 0.076923 , 1.580074
0.512821 , 0.102564 , 1.574173
0.512821 , 0.128205 , 1.566653
0.512821 , 0.153846 , 1.558246
0.512821 , 0.179487 , 1.549956
0.512821 , 0.205128 , 1.540752
0.512821 , 0.230769 , 1.532380
0.512821 , 0.256410 , 1.524541
0.512821 , 0.282051 , 1.515410
0.512821 , 0.307692 , 1.505674
0.512821 , 0.333333 , 1.496017
0.512821 , 0.358974 , 1.485252
0.512821 , 0.384615 , 1.474568
0.512821 , 0.410256 , 1.463685
0.512821 , 0.435897 , 1.452759
0.512821 , 0.461538 , 1.441724
0.512821 , 0.487179 , 1.430671
0.512821 , 0.512821 , 1.420197
0.512821 , 0.538462 , 1.409266
0.512821 , 0.564103 , 1.397589
0.512821 , 0.589744 , 1.385935
0.512821 , 0.615385 , 1.374504
0.512821 , 0.641026 , 1.363522
0.512821 , 0.666667 , 1.352199
0.512821 , 0.692308 , 1.341090
0.512821 , 0.717949 , 1.329279
0.512821 , 0.743590 , 1.318450
0.512821 , 0.769231 , 1.307648
0.512821 , 0.794872 , 1.295948
0.512821 , 0.820513 , 1.285740
0.512821 , 0.846154 , 1.277093
0.512821 , 0.871795 , 1.270218
0.512821 , 0.897436 , 1.263848
0.512821 , 0.923077 , 1.257757
0.512821 , 0.948718 , 1.253889
0.512821 , 0.974359 , 1.251029
0.512821 , 1.000000 , 1.250012
0.538462 , 0.000000 , 1.570130
0.538462 , 0.025641 , 1.569304
0.538462 , 0.051282 , 1.566412
0.538462 , 0.076923 , 1.562007
0.538462 , 0.102564 , 1.555608
0.538462 , 0.128205 , 1.547773
0.538462 , 0.153846 , 1.538769
0.538462 , 0.179487 , 1.530750
0.538462 , 0.205128 , 1.521973
0.538462 , 0.230769 , 1.513180
0.538462 , 0.256410 , 1.504922
0.538462 , 0.282051 , 1.495561
0.538462 , 0.307692 , 1.485988
0.538462 , 0.333333 , 1.476147
0.538462 , 0.358974 , 1.466109
0.538462 , 0.384615 , 1.456287
0.538462 , 0.410256 , 1.446786
0.538462 , 0.435897 , 1.437041
0.538462 , 0.461538 , 1.426994
0.538462 , 0.487179 , 1.417159
0.538462 , 0.512821 , 1.407994
0.538462 , 0.538462 , 1.399441
0.538462 , 0.564103 , 1.389685
0.538462 , 0.589744 , 1.379032
0.538462 , 0.615385 , 1.368489
0.538462 , 0.641026 , 1.358825
0.538462 , 0.666667 , 1.349124
0.538462 , 0.692308 , 1.339413
0.538462 , 0.717949 , 1.328350
0.538462 , 0.743590 , 1.318058
0.538462 , 0.769231 , 1.308156
0.538462 , 0.794872 , 1.297329
0.538462 , 0.820513 , 1.287395
0.538462 , 0.846154 , 1.279248
0.538462 , 0.871795 , 1.272130
0.538462 , 0.897436 , 1.265739
0.538462 , 0.923077 , 1.259276
0.538462 , 0.948718 , 1.255282
0.538462 , 0.974359 , 1.252397
0.538462 , 1.000000 , 1.251211
0.564103 , 0.000000 , 1.550397
0.564103 , 0.025641 , 1.549056
0.564103 , 0.051282 , 1.546260
0.564103 , 0.076923 , 1.541292
0.564103 , 0.102564 , 1.534746
0.564103 , 0.128205 , 1.527199
0.564103 , 0.153846 , 1.517859
0.564103 , 0.179487 , 1.509047
0.564103 , 0.205128 , 1.500339
0.564103 , 0.230769 , 1.491351
0.564103 , 0.256410 , 1.483066
0.564103 , 0.282051 , 1.473887
0.564103 , 0.307692 , 1.464150
0.564103 , 0.333333 , 1.454818
0.564103 , 0.358974 , 1.445321
0.564103 , 0.384615 , 1.436016
0.564103 , 0.410256 , 1.427002
0.564103 , 0.435897 , 1.418621
0.564103 , 0.461538 , 1.409965
0.564103 , 0.487179 , 1.401876
0.564103 , 0.512821 , 1.393885
0.564103 , 0.538462 , 1.386503
0.564103 , 0.564103 , 1.378506
0.564103 , 0.589744 , 1.369880
0.564103 , 0.615385 , 1.360560
0.564103 , 0.641026 , 1.351921
0.564103 , 0.666667 , 1.343626
0.564103 , 0.692308 , 1.334980
0.564103 , 0.717949 , 1.325245
0.564103 , 0.743590 , 1.315673
0.564103 , 0.769231 , 1.306329
0.564103 , 0.794872 , 1.296889
0.564103 , 0.820513 , 1.287517
0.564103 , 0.846154 , 1.280255
0.564103 , 0.871795 , 1.273143
0.564103 , 0.897436 , 1.266116
0.564103 , 0.923077 , 1.260159
0.564103 , 0.948718 , 1.255911
0.564103 , 0.974359 , 1.252687
0.564103 , 1.000000 , 1.251470
0.589744 , 0.000000 , 1.528211
0.589744 , 0.025641 , 1.527416
0.589744 , 0.051282 , 1.524315
0.589744 , 0.076923 , 1.518955
0.589744 , 0.102564 , 1.511779
0.589744 , 0.128205 , 1.504458
0.589744 , 0.153846 , 1.495829
0.589744 , 0.179487 , 1.486797
0.589744 , 0.205128 , 1.477784
0.589744 , 0.230769 , 1.468455
0.589744 , 0.256410 , 1.459206
0.589744 , 0.282051 , 1.450721
0.589744 , 0.307692 , 1.440530
0.589744 , 0.333333 , 1.431909
0.589744 , 0.358974 , 1.423170
0.589744 , 0.384615 , 1.414404
0.589744 , 0.410256 , 1.405972
0.589744 , 0.435897 , 1.398309
0.589744 , 0.461538 , 1.390963
0.589744 , 0.487179 , 1.384028
0.589744 , 0.512821 , 1.378012
0.589744 , 0.538462 , 1.371607
0.589744 , 0.564103 , 1.365059
0.589744 , 0.589744 , 1.357907
0.589744 , 0.615385 , 1.350381
0.589744 , 0.641026 , 1.343357
0.589744 , 0.666667 , 1.336100
0.589744 , 0.692308 , 1.328478
0.589744 , 0.717949 , 1.320093
0.589744 , 0.743590 , 1.311671
0.589744 , 0.769231 , 1.302646
0.589744 , 0.794872 , 1.294595
0.589744 , 0.820513 , 1.286107
0.589744 , 0.846154 , 1.279614
0.589744 , 0.871795 , 1.272492
0.589744 , 0.897436 , 1.265479
0.589744 , 0.923077 , 1.259788
0.589744 , 0.948718 , 1.255191
0.589744 , 0.974359 , 1.251849
0.589744 , 1.000000 , 1.251002
0.615385 , 0.000000 , 1.505270
0.615385 , 0.025641 , 1.504291
0.615385 , 0.051282 , 1.501288
0.615385 , 0.076923 , 1.495782
0.615385 , 0.102564 , 1.488509
0.615385 , 0.128205 , 1.481127
0.615385 , 0.153846 , 1.472570
0.615385 , 0.179487 , 1.463145
0.615385 , 0.205128 , 1.454332
0.615385 , 0.230769 , 1.444914
0.615385 , 0.256410 , 1.434940
0.615385 , 0.282051 , 1.425980
0.615385 , 0.307692 , 1.416486
0.615385 , 0.333333 , 1.407837
0.615385 , 0.358974 , 1.400182
0.615385 , 0.384615 , 1.392258
0.615385 , 0.410256 , 1.383811
0.615385 , 0.435897 , 1.376723
0.615385 , 0.461538 , 1.370302
0.615385 , 0.487179 , 1.365385
0.615385 , 0.512821 , 1.360377
0.615385 , 0.538462 , 1.355563
0.615385 , 0.564103 , 1.350014
0.615385 , 0.589744 , 1.344123
0.615385 , 0.615385 , 1.337771
0.615385 , 0.641026 , 1.332403
0.615385 , 0.666667 , 1.326597
0.615385 , 0.692308 , 1.320284
0.615385 , 0.717949 , 1.313318
0.615385 , 0.743590 , 1.305978
0.615385 , 0.769231 , 1.297696
0.615385 , 0.794872 , 1.290382
0.615385 , 0.820513 , 1.283152
0.615385 , 0.846154 , 1.276457
0.615385 , 0.871795 , 1.269844
0.615385 , 0.897436 , 1.262925
0.615385 , 0.923077 , 1.257080
0.615385 , 0.948718 , 1.252679
0.615385 , 0.974359 , 1.249875
0.615385 , 1.000000 , 1.249397
0.641026 , 0.000000 , 1.481744
0.641026 , 0.025641 , 1.480472
0.641026 , 0.051282 , 1.477393
0.641026 , 0.076923 , 1.472089
0.641026 , 0.102564 , 1.464925
0.641026 , 0.128205 , 1.457582
0.641026 , 0.153846 , 1.448727
0.641026 , 0.179487 , 1.438962
0.641026 , 0.205128 , 1.430615
0.641026 , 0.230769 , 1.421731
0.641026 , 0.256410 , 1.411669
0.641026 , 0.282051 , 1.402433
0.641026 , 0.307692 , 1.393437
0.641026 , 0.333333 , 1.384587
0.641026 , 0.358974 , 1.376833
0.641026 , 0.384615 , 1.369495
0.641026 , 0.410256 , 1.362026
0.641026 , 0.435897 , 1.355787
0.641026 , 0.461538 , 1.350206
0.641026 , 0.487179 , 1.345748
0.641026 , 0.512821 , 1.342009
0.641026 , 0.538462 , 1.337765
0.641026 , 0.564103 , 1.334165
0.641026 , 0.589744 , 1.329868
0.641026 , 0.615385 , 1.324553
0.641026 , 0.641026 , 1.319442
0.641026 , 0.666667 , 1.314787
0.641026 , 0.692308 , 1.309351
0.641026 , 0.717949 , 1.304084
0.641026 , 0.743590 , 1.297852
0.641026 , 0.769231 , 1.291791
0.641026 , 0.794872 , 1.285474
0.641026 , 0.820513 , 1.279801
0.641026 , 0.846154 , 1.273015
0.641026 , 0.871795 , 1.265986
0.641026 , 0.897436 , 1.259681
0.641026 , 0.923077 , 1.253911
0.641026 , 0.948718 , 1.249680
0.641026 , 0.974359 , 1.247142
0.641026 , 1.000000 , 1.246090
0.666667 , 0.000000 , 1.458568
0.666667 , 0.025641 , 1.456933
0.666667 , 0.051282 , 1.453798
0.666667 , 0.076923 , 1.448161
0.666667 , 0.102564 , 1.440787
0.666667 , 0.128205 , 1.433460
0.666667 , 0.153846 , 1.425015
0.666667 , 0.179487 , 1.415394
0.666667 , 0.205128 , 1.407107
0.666667 , 0.230769 , 1.398829
0.666667 , 0.256410 , 1.388776
0.666667 , 0.282051 , 1.380070
0.666667 , 0.307692 , 1.371726
0.666667 , 0.333333 , 1.362818
0.666667 , 0.358974 , 1.354762
0.666667 , 0.384615 , 1.347253
0.666667 , 0.410256 , 1.340374
0.666667 , 0.435897 , 1.334402
0.666667 , 0.461538 , 1.329948
0.666667 , 0.487179 , 1.325854
0.666667 , 0.512821 , 1.322497
0.666667 , 0.538462 , 1.319521
0.666667 , 0.564103 , 1.317237
0.666667 , 0.589744 , 1.314408
0.666667 , 0.615385 , 1.310592
0.666667 , 0.641026 , 1.306160
0.666667 , 0.666667 , 1.302154
0.666667 , 0.692308 , 1.297972
0.666667 , 0.717949 , 1.294091
0.666667 , 0.743590 , 1.289885
0.666667 , 0.769231 , 1.285582
0.666667 , 0.794872 , 1.280676
0.666667 , 0.820513 , 1.275322
0.666667 , 0.846154 , 1.269211
0.666667 , 0.871795 , 1.262205
0.666667 , 0.897436 , 1.255787
0.666667 , 0.923077 , 1.250319
0.666667 , 0.948718 , 1.246271
0.666667 , 0.974359 , 1.243586
0.666667 , 1.000000 , 1.242746
0.692308 , 0.000000 , 1.435294
0.692308 , 0.025641 , 1.433938
0.692308 , 0.051282 , 1.430748
0.692308 , 0.076923 , 1.425045
0.692308 , 0.102564 , 1.417453
0.692308 , 0.128205 , 1.409632
0.692308 , 0.153846 , 1.401739
0.692308 , 0.179487 , 1.392687
0.692308 , 0.205128 , 1.384291
0.692308 , 0.230769 , 1.376053
0.692308 , 0.256410 , 1.366220
0.692308 , 0.282051 , 1.357831
0.692308 , 0.307692 , 1.349938
0.692308 , 0.333333 , 1.341387
0.692308 , 0.358974 , 1.333316
0.692308 , 0.384615 , 1.325920
0.692308 , 0.410256 , 1.319109
0.692308 , 0.435897 , 1.313378
0.692308 , 0.461538 , 1.309323
0.692308 , 0.487179 , 1.305558
0.692308 , 0.512821 , 1.302519
0.692308 , 0.538462 , 1.300688
0.692308 , 0.564103 , 1.299681
0.692308 , 0.589744 , 1.298418
0.692308 , 0.615385 , 1.296340
0.692308 , 0.641026 , 1.292818
0.692308 , 0.666667 , 1.289518
0.692308 , 0.692308 , 1.286123
0.692308 , 0.717949 , 1.282613
0.692308 , 0.743590 , 1.280591
0.692308 , 0.769231 , 1.276989
0.692308 , 0.794872 , 1.273876
0.692308 , 0.820513 , 1.270102
0.692308 , 0.846154 , 1.264443
0.692308 , 0.871795 , 1.258004
0.692308 , 0.897436 , 1.251511
0.692308 , 0.923077 , 1.246184
0.692308 , 0.948718 , 1.241599
0.692308 , 0.974359 , 1.238019
0.692308 , 1.000000 , 1.236888
0.717949 , 0.000000 , 1.412675
0.717949 , 0.025641 , 1.411412
0.717949 , 0.051282 , 1.408361
0.717949 , 0.076923 , 1.402809
0.717949 , 0.102564 , 1.395407
0.717949 , 0.128205 , 1.387146
0.717949 , 0.153846 , 1.379483
0.717949 , 0.179487 , 1.371147
0.717949 , 0.205128 , 1.362277
0.717949 , 0.230769 , 1.353923
0.717949 , 0.256410 , 1.344145
0.717949 , 0.282051 , 1.336097
0.717949 , 0.307692 , 1.328911
0.717949 , 0.333333 , 1.320287
0.717949 , 0.358974 , 1.312127
0.717949 , 0.384615 , 1.305548
0.717949 , 0.410256 , 1.298588
0.717949 , 0.435897 , 1.293645
0.717949 , 0.461538 , 1.289481
0.717949 , 0.487179 , 1.286193
0.717949 , 0.512821 , 1.283555
0.717949 , 0.538462 , 1.282618
0.717949 , 0.564103 , 1.282161
0.717949 , 0.589744 , 1.281793
0.717949 , 0.615385 , 1.280540
0.717949 , 0.641026 , 1.278186
0.717949 , 0.666667 , 1.275419
0.717949 , 0.692308 , 1.273483
0.717949 , 0.717949 , 1.271253
0.717949 , 0.743590 , 1.269778
0.717949 , 0.769231 , 1.267318
0.717949 , 0.794872 , 1.264786
0.717949 , 0.820513 , 1.262034
0.717949 , 0.846154 , 1.257395
0.717949 , 0.871795 , 1.251870
0.717949 , 0.897436 , 1.245575
0.717949 , 0.923077 , 1.240124
0.717949 , 0.948718 , 1.235310
0.717949 , 0.974359 , 1.231541
0.717949 , 1.000000 , 1.230401
0.743590 , 0.000000 , 1.391372
0.743590 , 0.025641 , 1.389869
0.743590 , 0.051282 , 1.387304
0.743590 , 0.076923 , 1.382540
0.743590 , 0.102564 , 1.375390
0.743590 , 0.128205 , 1.366878
0.743590 , 0.153846 , 1.359041
0.743590 , 0.179487 , 1.350460
0.743590 , 0.205128 , 1.341868
0.743590 , 0.230769 , 1.333495
0.743590 , 0.256410 , 1.325076
0.743590 , 0.282051 , 1.316764
0.743590 , 0.307692 , 1.308937
0.743590 , 0.333333 , 1.300325
0.743590 , 0.358974 , 1.292630
0.743590 , 0.384615 , 1.286317
0.743590 , 0.410256 , 1.279371
0.743590 , 0.435897 , 1.274791
0.743590 , 0.461538 , 1.271079
0.743590 , 0.487179 , 1.267948
0.743590 , 0.512821 , 1.265854
0.743590 , 0.538462 , 1.265239
0.743590 , 0.564103 , 1.265445
0.743590 , 0.589744 , 1.265479
0.743590 , 0.615385 , 1.265029
0.743590 , 0.641026 , 1.263519
0.743590 , 0.666667 , 1.261688
0.743590 , 0.692308 , 1.259839
0.743590 , 0.717949 , 1.258437
0.743590 , 0.743590 , 1.257870
0.743590 , 0.769231 , 1.256064
0.743590 , 0.794872 , 1.253803
0.743590 , 0.820513 , 1.251085
0.743590 , 0.846154 , 1.247702
0.743590 , 0.871795 , 1.242765
0.743590 , 0.897436 , 1.237795
0.743590 , 0.923077 , 1.232738
0.743590 , 0.948718 , 1.228711
0.743590 , 0.974359 , 1.225596
0.743590 , 1.000000 , 1.223669
0.769231 , 0.000000 , 1.371030
0.769231 , 0.025641 , 1.369702
0.769231 , 0.051282 , 1.367445
0.769231 , 0.076923 , 1.363660
0.769231 , 0.102564 , 1.356630
0.769231 , 0.128205 , 1.348317
0.769231 , 0.153846 , 1.339960
0.769231 , 0.179487 , 1.330666
0.769231 , 0.205128 , 1.321920
0.769231 , 0.230769 , 1.314136
0.769231 , 0.256410 , 1.306230
0.769231 , 0.282051 , 1.298594
0.769231 , 0.307692 , 1.290805
0.769231 , 0.333333 , 1.281801
0.769231 , 0.358974 , 1.274034
0.769231 , 0.384615 , 1.268116
0.769231 , 0.410256 , 1.262061
0.769231 , 0.435897 , 1.257341
0.769231 , 0.461538 , 1.254065
0.769231 , 0.487179 , 1.251567
0.769231 , 0.512821 , 1.249505
0.769231 , 0.538462 , 1.249142
0.769231 , 0.564103 , 1.249373
0.769231 , 0.589744 , 1.249713
0.769231 , 0.615385 , 1.249328
0.769231 , 0.641026 , 1.248802
0.769231 , 0.666667 , 1.247900
0.769231 , 0.692308 , 1.246930
0.769231 , 0.717949 , 1.246164
0.769231 , 0.743590 , 1.245460
0.769231 , 0.769231 , 1.245018
0.769231 , 0.794872 , 1.243324
0.769231 , 0.820513 , 1.240119
0.769231 , 0.846154 , 1.236849
0.769231 , 0.871795 , 1.232152
0.769231 , 0.897436 , 1.228246
0.769231 , 0.923077 , 1.223998
0.769231 , 0.948718 , 1.220921
0.769231 , 0.974359 , 1.218992
0.769231 , 1.000000 , 1.217082
0.794872 , 0.000000 , 1.352327
0.794872 , 0.025641 , 1.351655
0.794872 , 0.051282 , 1.349409
0.794872 , 0.076923 , 1.345701
0.794872 , 0.102564 , 1.339169
0.794872 , 0.128205 , 1.331467
0.794872 , 0.153846 , 1.323185
0.794872 , 0.179487 , 1.312778
0.794872 , 0.205128 , 1.303317
0.794872 , 0.230769 , 1.295300
0.794872 , 0.256410 , 1.287934
0.794872 , 0.282051 , 1.279376
0.794872 , 0.307692 , 1.272817
0.794872 , 0.333333 , 1.264539
0.794872 , 0.358974 , 1.257532
0.794872 , 0.384615 , 1.251249
0.794872 , 0.410256 , 1.246188
0.794872 , 0.435897 , 1.241923
0.794872 , 0.461538 , 1.238419
0.794872 , 0.487179 , 1.236018
0.794872 , 0.512821 , 1.234814
0.794872 , 0.538462 , 1.234460
0.794872 , 0.564103 , 1.234668
0.794872 , 0.589744 , 1.234509
0.794872 , 0.615385 , 1.233532
0.794872 , 0.641026 , 1.233841
0.794872 , 0.666667 , 1.233102
0.794872 , 0.692308 , 1.233232
0.794872 , 0.717949 , 1.232698
0.794872 , 0.743590 , 1.232259
0.794872 , 0.769231 , 1.230896
0.794872 , 0.794872 , 1.230326
0.794872 , 0.820513 , 1.228406
0.794872 , 0.846154 , 1.226178
0.794872 , 0.871795 , 1.222639
0.794872 , 0.897436 , 1.218977
0.794872 , 0.923077 , 1.215154
0.794872 , 0.948718 , 1.212634
0.794872 , 0.974359 , 1.211365
0.794872 , 1.000000 , 1.210336
0.820513 , 0.000000 , 1.336179
0.820513 , 0.025641 , 1.335141
0.820513 , 0.051282 , 1.333250
0.820513 , 0.076923 , 1.329815
0.820513 , 0.102564 , 1.323634
0.820513 , 0.128205 , 1.315771
0.820513 , 0.153846 , 1.307489
0.820513 , 0.179487 , 1.297807
0.820513 , 0.205128 , 1.287595
0.820513 , 0.230769 , 1.279698
0.820513 , 0.256410 , 1.272417
0.820513 , 0.282051 , 1.263626
0.820513 , 0.307692 , 1.256607
0.820513 , 0.333333 , 1.250377
0.820513 , 0.358974 , 1.243237
0.820513 , 0.384615 , 1.236917
0.820513 , 0.410256 , 1.231649
0.820513 , 0.435897 , 1.228188
0.820513 , 0.461538 , 1.225233
0.820513 , 0.487179 , 1.222730
0.820513 , 0.512821 , 1.221203
0.820513 , 0.538462 , 1.221136
0.820513 , 0.564103 , 1.221523
0.820513 , 0.589744 , 1.220894
0.820513 , 0.615385 , 1.219480
0.820513 , 0.641026 , 1.219878
0.820513 , 0.666667 , 1.219594
0.820513 , 0.692308 , 1.219211
0.820513 , 0.717949 , 1.219159
0.820513 , 0.743590 , 1.218639
0.820513 , 0.769231 , 1.218182
0.820513 , 0.794872 , 1.217676
0.820513 , 0.820513 , 1.217209
0.820513 , 0.846154 , 1.215974
0.820513 , 0.871795 , 1.213787
0.820513 , 0.897436 , 1.210348
0.820513 , 0.923077 , 1.206874
0.820513 , 0.948718 , 1.204476
0.820513 , 0.974359 , 1.202920
0.820513 , 1.000000 , 1.202124
0.846154 , 0.000000 , 1.322515
0.846154 , 0.025641 , 1.321496
0.846154 , 0.051282 , 1.319195
0.846154 , 0.076923 , 1.315966
0.846154 , 0.102564 , 1.310223
0.846154 , 0.128205 , 1.302778
0.846154 , 0.153846 , 1.295063
0.846154 , 0.179487 , 1.285767
0.846154 , 0.205128 , 1.275862
0.846154 , 0.230769 , 1.266538
0.846154 , 0.256410 , 1.258348
0.846154 , 0.282051 , 1.250104
0.846154 , 0.307692 , 1.243194
0.846154 , 0.333333 , 1.237386
0.846154 , 0.358974 , 1.230775
0.846154 , 0.384615 , 1.223616
0.846154 , 0.410256 , 1.218743
0.846154 , 0.435897 , 1.215240
0.846154 , 0.461538 , 1.212474
0.846154 , 0.487179 , 1.210501
0.846154 , 0.512821 , 1.209059
0.846154 , 0.538462 , 1.208186
0.846154 , 0.564103 , 1.208335
0.846154 , 0.589744 , 1.207487
0.846154 , 0.615385 , 1.206532
0.846154 , 0.641026 , 1.206683
0.846154 , 0.666667 , 1.206651
0.846154 , 0.692308 , 1.206175
0.846154 , 0.717949 , 1.206535
0.846154 , 0.743590 , 1.206142
0.846154 , 0.769231 , 1.206053
0.846154 , 0.794872 , 1.206753
0.846154 , 0.820513 , 1.207071
0.846154 , 0.846154 , 1.206595
0.846154 , 0.871795 , 1.204872
0.846154 , 0.897436 , 1.201729
0.846154 , 0.923077 , 1.198851
0.846154 , 0.948718 , 1.196480
0.846154 , 0.974359 , 1.194737
0.846154 , 1.000000 , 1.194096
0.871795 , 0.000000 , 1.310609
0.871795 , 0.025641 , 1.310018
0.871795 , 0.051282 , 1.307566
0.871795 , 0.076923 , 1.304070
0.871795 , 0.102564 , 1.299178
0.871795 , 0.128205 , 1.292501
0.871795 , 0.153846 , 1.285359
0.871795 , 0.179487 , 1.276401
0.871795 , 0.205128 , 1.266797
0.871795 , 0.230769 , 1.256778
0.871795 , 0.256410 , 1.248199
0.871795 , 0.282051 , 1.240629
0.871795 , 0.307692 , 1.234038
0.871795 , 0.333333 , 1.227208
0.871795 , 0.358974 , 1.220863
0.871795 , 0.384615 , 1.213781
0.871795 , 0.410256 , 1.208698
0.871795 , 0.435897 , 1.204619
0.871795 , 0.461538 , 1.201140
0.871795 , 0.487179 , 1.198668
0.871795 , 0.512821 , 1.197344
0.871795 , 0.538462 , 1.196937
0.871795 , 0.564103 , 1.196702
0.871795 , 0.589744 , 1.195907
0.871795 , 0.615385 , 1.194798
0.871795 , 0.641026 , 1.194483
0.871795 , 0.666667 , 1.194962
0.871795 , 0.692308 , 1.195026
0.871795 , 0.717949 , 1.195162
0.871795 , 0.743590 , 1.195655
0.871795 , 0.769231 , 1.195521
0.871795 , 0.794872 , 1.196359
0.871795 , 0.820513 , 1.196911
0.871795 , 0.846154 , 1.196811
0.871795 , 0.871795 , 1.196038
0.871795 , 0.897436 , 1.193384
0.871795 , 0.923077 , 1.191149
0.871795 , 0.948718 , 1.188890
0.871795 , 0.974359 , 1.187332
0.871795 , 1.000000 , 1.187241
0.897436 , 0.000000 , 1.301011
0.897436 , 0.025641 , 1.300526
0.897436 , 0.051282 , 1.298529
0.897436 , 0.076923 , 1.295122
0.897436 , 0.102564 , 1.290410
0.897436 , 0.128205 , 1.284723
0.897436 , 0.153846 , 1.277279
0.897436 , 0.179487 , 1.268128
0.897436 , 0.205128 , 1.259628
0.897436 , 0.230769 , 1.250006
0.897436 , 0.256410 , 1.241565
0.897436 , 0.282051 , 1.233379
0.897436 , 0.307692 , 1.225974
0.897436 , 0.333333 , 1.218953
0.897436 , 0.358974 , 1.212232
0.897436 , 0.384615 , 1.206235
0.897436 , 0.410256 , 1.200327
0.897436 , 0.435897 , 1.195433
0.897436 , 0.461538 , 1.191905
0.897436 , 0.487179 , 1.189204
0.897436 , 0.512821 , 1.187781
0.897436 , 0.538462 , 1.187020
0.897436 , 0.564103 , 1.186741
0.897436 , 0.589744 , 1.186464
0.897436 , 0.615385 , 1.185255
0.897436 , 0.641026 , 1.184256
0.897436 , 0.666667 , 1.184642
0.897436 , 0.692308 , 1.184932
0.897436 , 0.717949 , 1.184691
0.897436 , 0.743590 , 1.185063
0.897436 , 0.769231 , 1.186041
0.897436 , 0.794872 , 1.186575
0.897436 , 0.820513 , 1.187485
0.897436 , 0.846154 , 1.188262
0.897436 , 0.871795 , 1.187855
0.897436 , 0.897436 , 1.186099
0.897436 , 0.923077 , 1.184499
0.897436 , 0.948718 , 1.182946
0.897436 , 0.974359 , 1.181409
0.897436 , 1.000000 , 1.181172
0.923077 , 0.000000 , 1.294641
0.923077 , 0.025641 , 1.293961
0.923077 , 0.051282 , 1.291206
0.923077 , 0.076923 , 1.287822
0.923077 , 0.102564 , 1.283234
0.923077 , 0.128205 , 1.277444
0.923077 , 0.153846 , 1.271107
0.923077 , 0.179487 , 1.262712
0.923077 , 0.205128 , 1.253977
0.923077 , 0.230769 , 1.245047
0.923077 , 0.256410 , 1.237279
0.923077 , 0.282051 , 1.228609
0.923077 , 0.307692 , 1.219683
0.923077 , 0.333333 , 1.212551
0.923077 , 0.358974 , 1.206207
0.923077 , 0.384615 , 1.200142
0.923077 , 0.410256 , 1.194153
0.923077 , 0.435897 , 1.189335
0.923077 , 0.461538 , 1.185626
0.923077 , 0.487179 , 1.182576
0.923077 , 0.512821 , 1.179980
0.923077 , 0.538462 , 1.178593
0.923077 , 0.564103 , 1.177552
0.923077 , 0.589744 , 1.177230
0.923077 , 0.615385 , 1.176562
0.923077 , 0.641026 , 1.175491
0.923077 , 0.666667 , 1.175289
0.923077 , 0.692308 , 1.175664
0.923077 , 0.717949 , 1.175841
0.923077 , 0.743590 , 1.176596
0.923077 , 0.769231 , 1.177642
0.923077 , 0.794872 , 1.178906
0.923077 , 0.820513 , 1.179337
0.923077 , 0.846154 , 1.180407
0.923077 , 0.871795 , 1.180117
0.923077 , 0.897436 , 1.179550
0.923077 , 0.923077 , 1.178693
0.923077 , 0.948718 , 1.177849
0.923077 , 0.974359 , 1.176759
0.923077 , 1.000000 , 1.176641
0.948718 , 0.000000 , 1.289823
0.948718 , 0.025641 , 1.288894
0.948718 , 0.051282 , 1.286099
0.948718 , 0.076923 , 1.282327
0.948718 , 0.102564 , 1.278268
0.948718 , 0.128205 , 1.272879
0.948718 , 0.153846 , 1.266056
0.948718 , 0.179487 , 1.258694
0.948718 , 0.205128 , 1.250638
0.948718 , 0.230769 , 1.241741
0.948718 , 0.256410 , 1.233414
0.948718 , 0.282051 , 1.224459
0.948718 , 0.307692 , 1.216169
0.948718 , 0.333333 , 1.208578
0.948718 , 0.358974 , 1.201928
0.948718 , 0.384615 , 1.195517
0.948718 , 0.410256 , 1.189465
0.948718 , 0.435897 , 1.184278
0.948718 , 0.461538 , 1.180207
0.948718 , 0.487179 , 1.177385
0.948718 , 0.512821 , 1.174508
0.948718 , 0.538462 , 1.172770
0.948718 , 0.564103 , 1.171453
0.948718 , 0.589744 , 1.170644
0.948718 , 0.615385 , 1.169544
0.948718 , 0.641026 , 1.168782
0.948718 , 0.666667 , 1.168389
0.948718 , 0.692308 , 1.168683
0.948718 , 0.717949 , 1.169663
0.948718 , 0.743590 , 1.170270
0.948718 , 0.769231 , 1.171349
0.948718 , 0.794872 , 1.172300
0.948718 , 0.820513 , 1.172606
0.948718 , 0.846154 , 1.173616
0.948718 , 0.871795 , 1.173755
0.948718 , 0.897436 , 1.173500
0.948718 , 0.923077 , 1.173243
0.948718 , 0.948718 , 1.172891
0.948718 , 0.974359 , 1.172692
0.948718 , 1.000000 , 1.172669
0.974359 , 0.000000 , 1.287287
0.974359 , 0.025641 , 1.286000
0.974359 , 0.051282 , 1.283458
0.974359 , 0.076923 , 1.279498
0.974359 , 0.102564 , 1.275190
0.974359 , 0.128205 , 1.269844
0.974359 , 0.153846 , 1.262930
0.974359 , 0.179487 , 1.255728
0.974359 , 0.205128 , 1.248116
0.974359 , 0.230769 , 1.239626
0.974359 , 0.256410 , 1.231244
0.974359 , 0.282051 , 1.222654
0.974359 , 0.307692 , 1.214468
0.974359 , 0.333333 , 1.206705
0.974359 , 0.358974 , 1.199995
0.974359 , 0.384615 , 1.192796
0.974359 , 0.410256 , 1.186714
0.974359 , 0.435897 , 1.181543
0.974359 , 0.461538 , 1.177177
0.974359 , 0.487179 , 1.174111
0.974359 , 0.512821 , 1.171504
0.974359 , 0.538462 , 1.168746
0.974359 , 0.564103 , 1.167009
0.974359 , 0.589744 , 1.165904
0.974359 , 0.615385 , 1.165076
0.974359 , 0.641026 , 1.164689
0.974359 , 0.666667 , 1.164730
0.974359 , 0.692308 , 1.165366
0.974359 , 0.717949 , 1.166296
0.974359 , 0.743590 , 1.166552
0.974359 , 0.769231 , 1.167137
0.974359 , 0.794872 , 1.167356
0.974359 , 0.820513 , 1.168210
0.974359 , 0.846154 , 1.169141
0.974359 , 0.871795 , 1.169529
0.974359 , 0.897436 , 1.169592
0.974359 , 0.923077 , 1.169581
0.974359 , 0.948718 , 1.169604
0.974359 , 0.974359 , 1.169491
0.974359 , 1.000000 , 1.169876
1.000000 , 0.000000 , 1.286055
1.000000 , 0.025641 , 1.285013
1.000000 , 0.051282 , 1.282262
1.000000 , 0.076923 , 1.278729
1.000000 , 0.102564 , 1.273952
1.000000 , 0.128205 , 1.268745
1.000000 , 0.153846 , 1.262384
1.000000 , 0.179487 , 1.255109
1.000000 , 0.205128 , 1.247584
1.000000 , 0.230769 , 1.239381
1.000000 , 0.256410 , 1.231075
1.000000 , 0.282051 , 1.222533
1.000000 , 0.307692 , 1.214460
1.000000 , 0.333333 , 1.206210
1.000000 , 0.358974 , 1.198698
1.000000 , 0.384615 , 1.192216
1.000000 , 0.410256 , 1.185726
1.000000 , 0.435897 , 1.180604
1.000000 , 0.461538 , 1.176165
1.000000 , 0.487179 , 1.172787
1.000000 , 0.512821 , 1.170008
1.000000 , 0.538462 , 1.167384
1.000000 , 0.564103 , 1.165140
1.000000 , 0.589744 , 1.164285
1.000000 , 0.615385 , 1.163567
1.000000 , 0.641026 , 1.163349
1.000000 , 0.666667 , 1.163256
1.000000 , 0.692308 , 1.164158
1.000000 , 0.717949 , 1.164706
1.000000 , 0.743590 , 1.165201
1.000000 , 0.769231 , 1.165514
1.000000 , 0.794872 , 1.165916
1.000000 , 0.820513 , 1.166768
1.000000 , 0.846154 , 1.167654
1.000000 , 0.871795 , 1.167947
1.000000 , 0.897436 , 1.168244
1.000000 , 0.923077 , 1.168440
1.000000 , 0.948718 , 1.168538
1.000000 , 0.974359 , 1.168566
1.000000 , 1.000000 , 1.168809
