0.000000 , 0.000000 , -3.619309
0.000000 , 0.025641 , -3.619309
0.000000 , 0.051282 , -3.619309
0.000000 , 0.076923 , -3.619309
0.000000 , 0.102564 , -3.619309
0.000000 , 0.128205 , -3.619309
0.000000 , 0.153846 , -3.619309
0.000000 , 0.179487 , -3.619309
0.000000 , 0.205128 , -3.619309
0.000000 , 0.230769 , -3.619309
0.000000 , 0.256410 , -3.619309
0.000000 , 0.282051 , -3.619309
0.000000 , 0.307692 , -3.619309
0.000000 , 0.333333 , -3.619309
0.000000 , 0.358974 , -3.619309
0.000000 , 0.384615 , -3.619309
0.000000 , 0.410256 , -3.619309
0.000000 , 0.435897 , -3.619309
0.000000 , 0.461538 , -3.619309
0.000000 , 0.487179 , -3.619309
0.000000 , 0.512821 , -3.619309
0.000000 , 0.538462 , -3.619309
0.000000 , 0.564103 , -3.619309
0.000000 , 0.589744 , -3.619309
0.000000 , 0.615385 , -3.619309
0.000000 , 0.641026 , -3.619309
0.000000 , 0.666667 , -3.619309
0.000000 , 0.692308 , -3.619309
0.000000 , 0.717949 , -3.619309
0.000000 , 0.743590 , -3.619309
0.000000 , 0.769231 , -3.619309
0.000000 , 0.794872 , -3.619309
0.000000 , 0.820513 , -3.619309
0.000000 , 0.846154 , -3.619309
0.000000 , 0.871795 , -3.619309
0.000000 , 0.897436 , -3.619309
0.000000 , 0.923077 , -3.619309
0.000000 , 0.948718 , -3.619309
0.000000 , 0.974359 , -3.619309
0.000000 , 1.000000 , -3.619309
0.025641 , 0.000000 , -3.345870
0.025641 , 0.025641 , -3.346080
0.025641 , 0.051282 , -3.346030
0.025641 , 0.076923 , -3.345578
0.025641 , 0.102564 , -3.344719
0.025641 , 0.128205 , -3.343866
0.025641 , 0.153846 , -3.343446
0.025641 , 0.179487 , -3.343590
0.025641 , 0.205128 , -3.343963
0.025641 , 0.230769 , -3.345314
0.025641 , 0.256410 , -3.346384
0.025641 , 0.282051 , -3.347607
0.025641 , 0.307692 , -3.349000
0.025641 , 0.333333 , -3.350607
0.025641 , 0.358974 , -3.352654
0.025641 , 0.384615 , -3.354527
0.025641 , 0.410256 , -3.357187
0.025641 , 0.435897 , -3.359821
0.025641 , 0.461538 , -3.361893
0.025641 , 0.487179 , -3.363692
0.025641 , 0.512821 , -3.366223
0.025641 , 0.538462 , -3.368556
0.025641 , 0.564103 , -3.370134
0.025641 , 0.589744 , -3.372209
0.025641 , 0.615385 , -3.374207
0.025641 , 0.641026 , -3.375605
0.025641 , 0.666667 , -3.376958
0.025641 , 0.692308 , -3.378910
0.025641 , 0.717949 , -3.379887
0.025641 , 0.743590 , -3.380587
0.025641 , 0.769231 , -3.381604
0.025641 , 0.794872 , -3.382680
0.025641 , 0.820513 , -3.383408
0.025641 , 0.846154 , -3.383359
0.025641 , 0.871795 , -3.382812
0.025641 , 0.897436 , -3.383222
0.025641 , 0.923077 , -3.383677
0.025641 , 0.948718 , -3.384714
0.025641 , 0.974359 , -3.384835
0.025641 , 1.000000 , -3.384207
0.051282 , 0.000000 , -3.082944
0.051282 , 0.025641 , -3.082228
0.051282 , 0.051282 , -3.081443
0.051282 , 0.076923 , -3.080943
0.051282 , 0.102564 , -3.079726
0.051282 , 0.128205 , -3.078402
0.051282 , 0.153846 , -3.077357
0.051282 , 0.179487 , -3.077144
0.051282 , 0.205128 , -3.078314
0.051282 , 0.230769 , -3.080225
0.051282 , 0.256410 , -3.082306
0.051282 , 0.282051 , -3.084496
0.051282 , 0.307692 , -3.087184
0.051282 , 0.333333 , -3.089975
0.051282 , 0.358974 , -3.093969
0.051282 , 0.384615 , -3.098826
0.051282 , 0.410256 , -3.103707
0.051282 , 0.435897 , -3.108324
0.051282 , 0.461538 , -3.112962
0.051282 , 0.487179 , -3.117147
0.051282 , 0.512821 , -3.121489
0.051282 , 0.538462 , -3.125633
0.051282 , 0.564103 , -3.128974
0.051282 , 0.589744 , -3.132016
0.051282 , 0.615385 , -3.135975
0.051282 , 0.641026 , -3.139110
0.051282 , 0.666667 , -3.141739
0.051282 , 0.692308 , -3.144727
0.051282 , 0.717949 , -3.146687
0.051282 , 0.743590 , -3.148280
0.051282 , 0.769231 , -3.150053
0.051282 , 0.794872 , -3.151739
0.051282 , 0.820513 , -3.152956
0.051282 , 0.846154 , -3.153871
0.051282 , 0.871795 , -3.154195
0.051282 , 0.897436 , -3.154615
0.051282 , 0.923077 , -3.155492
0.051282 , 0.948718 , -3.156307
0.051282 , 0.974359 , -3.156800
0.051282 , 1.000000 , -3.156779
0.076923 , 0.000000 , -2.829961
0.076923 , 0.025641 , -2.829504
0.076923 , 0.051282 , -2.827831
0.076923 , 0.076923 , -2.826333
0.076923 , 0.102564 , -2.824978
0.076923 , 0.128205 , -2.823077
0.076923 , 0.153846 , -2.821299
0.076923 , 0.179487 , -2.820638
0.076923 , 0.205128 , -2.822637
0.076923 , 0.230769 , -2.824887
0.076923 , 0.256410 , -2.826954
0.076923 , 0.282051 , -2.829810
0.076923 , 0.307692 , -2.834229
0.076923 , 0.333333 , -2.838367
0.076923 , 0.358974 , -2.844086
0.076923 , 0.384615 , -2.850938
0.076923 , 0.410256 , -2.858353
0.076923 , 0.435897 , -2.864602
0.076923 , 0.461538 , -2.871250
0.076923 , 0.487179 , -2.878476
0.076923 , 0.512821 , -2.885433
0.076923 , 0.538462 , -2.890379
0.076923 , 0.564103 , -2.895538
0.076923 , 0.589744 , -2.900504
0.076923 , 0.615385 , -2.905809
0.076923 , 0.641026 , -2.910701
0.076923 , 0.666667 , -2.915379
0.076923 , 0.692308 , -2.919702
0.076923 , 0.717949 , -2.922368
0.076923 , 0.743590 , -2.924510
0.076923 , 0.769231 , -2.927384
0.076923 , 0.794872 , -2.929688
0.076923 , 0.820513 , -2.931487
0.076923 , 0.846154 , -2.932094
0.076923 , 0.871795 , -2.933155
0.076923 , 0.897436 , -2.934485
0.076923 , 0.923077 , -2.935332
0.076923 , 0.948718 , -2.935489
0.076923 , 0.974359 , -2.935279
0.076923 , 1.000000 , -2.934788
0.102564 , 0.000000 , -2.587299
0.102564 , 0.025641 , -2.586630
0.102564 , 0.051282 , -2.584623
0.102564 , 0.076923 , -2.582110
0.102564 , 0.102564 , -2.579811
0.102564 , 0.128205 , -2.578114
0.102564 , 0.153846 , -2.576507
0.102564 , 0.179487 , -2.575261
0.102564 , 0.205128 , -2.576773
0.102564 , 0.230769 , -2.579961
0.102564 , 0.256410 , -2.582684
0.102564 , 0.282051 , -2.585524
0.102564 , 0.307692 , -2.590393
0.102564 , 0.333333 , -2.596227
0.102564 , 0.358974 , -2.603346
0.102564 , 0.384615 , -2.612036
0.102564 , 0.410256 , -2.621365
0.102564 , 0.435897 , -2.630092
0.102564 , 0.461538 , -2.638809
0.102564 , 0.487179 , -2.648020
0.102564 , 0.512821 , -2.657085
0.102564 , 0.538462 , -2.664540
0.102564 , 0.564103 , -2.671196
0.102564 , 0.589744 , -2.677317
0.102564 , 0.615385 , -2.684477
0.102564 , 0.641026 , -2.691473
0.102564 , 0.666667 , -2.697273
0.102564 , 0.692308 , -2.702380
0.102564 , 0.717949 , -2.705834
0.102564 , 0.743590 , -2.708345
0.102564 , 0.769231 , -2.712307
0.102564 , 0.794872 , -2.714699
0.102564 , 0.820513 , -2.716475
0.102564 , 0.846154 , -2.717252
0.102564 , 0.871795 , -2.718766
0.102564 , 0.897436 , -2.720659
0.102564 , 0.923077 , -2.721469
0.102564 , 0.948718 , -2.721148
0.102564 , 0.974359 , -2.720887
0.102564 , 1.000000 , -2.720125
0.128205 , 0.000000 , -2.354484
0.128205 , 0.025641 , -2.353694
0.128205 , 0.051282 , -2.351912
0.128205 , 0.076923 , -2.348511
0.128205 , 0.102564 , -2.345159
0.128205 , 0.128205 , -2.342704
0.128205 , 0.153846 , -2.341510
0.128205 , 0.179487 , -2.340638
0.128205 , 0.205128 , -2.341557
0.128205 , 0.230769 , -2.344361
0.128205 , 0.256410 , -2.347914
0.128205 , 0.282051 , -2.351706
0.128205 , 0.307692 , -2.357073
0.128205 , 0.333333 , -2.363980
0.128205 , 0.358974 , -2.372733
0.128205 , 0.384615 , -2.382795
0.128205 , 0.410256 , -2.394347
0.128205 , 0.435897 , -2.404963
0.128205 , 0.461538 , -2.415170
0.128205 , 0.487179 , -2.425548
0.128205 , 0.512821 , -2.436027
0.128205 , 0.538462 , -2.445866
0.128205 , 0.564103 , -2.455163
0.128205 , 0.589744 , -2.462504
0.128205 , 0.615385 , -2.470632
0.128205 , 0.641026 , -2.478761
0.128205 , 0.666667 , -2.485916
0.128205 , 0.692308 , -2.491415
0.128205 , 0.717949 , -2.495970
0.128205 , 0.743590 , -2.500071
0.128205 , 0.769231 , -2.504002
0.128205 , 0.794872 , -2.506746
0.128205 , 0.820513 , -2.507975
0.128205 , 0.846154 , -2.509633
0.128205 , 0.871795 , -2.511277
0.128205 , 0.897436 , -2.513181
0.128205 , 0.923077 , -2.514232
0.128205 , 0.948718 , -2.513899
0.128205 , 0.974359 , -2.513325
0.128205 , 1.000000 , -2.512590
0.153846 , 0.000000 , -2.131858
0.153846 , 0.025641 , -2.130672
0.153846 , 0.051282 , -2.128608
0.153846 , 0.076923 , -2.125464
0.153846 , 0.102564 , -2.121871
0.153846 , 0.128205 , -2.119242
0.153846 , 0.153846 , -2.117930
0.153846 , 0.179487 , -2.116917
0.153846 , 0.205128 , -2.117358
0.153846 , 0.230769 , -2.119704
0.153846 , 0.256410 , -2.123013
0.153846 , 0.282051 , -2.127852
0.153846 , 0.307692 , -2.134148
0.153846 , 0.333333 , -2.142225
0.153846 , 0.358974 , -2.152024
0.153846 , 0.384615 , -2.163698
0.153846 , 0.410256 , -2.176294
0.153846 , 0.435897 , -2.188590
0.153846 , 0.461538 , -2.200347
0.153846 , 0.487179 , -2.212409
0.153846 , 0.512821 , -2.224207
0.153846 , 0.538462 , -2.235597
0.153846 , 0.564103 , -2.246399
0.153846 , 0.589744 , -2.256270
0.153846 , 0.615385 , -2.265675
0.153846 , 0.641026 , -2.274313
0.153846 , 0.666667 , -2.281269
0.153846 , 0.692308 , -2.288341
0.153846 , 0.717949 , -2.294148
0.153846 , 0.743590 , -2.298762
0.153846 , 0.769231 , -2.302728
0.153846 , 0.794872 , -2.306032
0.153846 , 0.820513 , -2.307603
0.153846 , 0.846154 , -2.308910
0.153846 , 0.871795 , -2.310151
0.153846 , 0.897436 , -2.311687
0.153846 , 0.923077 , -2.313125
0.153846 , 0.948718 , -2.313425
0.153846 , 0.974359 , -2.312690
0.153846 , 1.000000 , -2.312290
0.179487 , 0.000000 , -1.918506
0.179487 , 0.025641 , -1.918313
0.179487 , 0.051282 , -1.916167
0.179487 , 0.076923 , -1.913418
0.179487 , 0.102564 , -1.910599
0.179487 , 0.128205 , -1.907772
0.179487 , 0.153846 , -1.906571
0.179487 , 0.179487 , -1.905482
0.179487 , 0.205128 , -1.905082
0.179487 , 0.230769 , -1.906711
0.179487 , 0.256410 , -1.910131
0.179487 , 0.282051 , -1.915908
0.179487 , 0.307692 , -1.922867
0.179487 , 0.333333 , -1.931812
0.179487 , 0.358974 , -1.942692
0.179487 , 0.384615 , -1.954931
0.179487 , 0.410256 , -1.967812
0.179487 , 0.435897 , -1.980573
0.179487 , 0.461538 , -1.993855
0.179487 , 0.487179 , -2.007366
0.179487 , 0.512821 , -2.020884
0.179487 , 0.538462 , -2.033870
0.179487 , 0.564103 , -2.045623
0.179487 , 0.589744 , -2.056660
0.179487 , 0.615385 , -2.067472
0.179487 , 0.641026 , -2.077250
0.179487 , 0.666667 , -2.084777
0.179487 , 0.692308 , -2.092259
0.179487 , 0.717949 , -2.099168
0.179487 , 0.743590 , -2.104613
0.179487 , 0.769231 , -2.108926
0.179487 , 0.794872 , -2.112480
0.179487 , 0.820513 , -2.114642
0.179487 , 0.846154 , -2.116038
0.179487 , 0.871795 , -2.116752
0.179487 , 0.897436 , -2.117473
0.179487 , 0.923077 , -2.119012
0.179487 , 0.948718 , -2.119718
0.179487 , 0.974359 , -2.119100
0.179487 , 1.000000 , -2.118308
0.205128 , 0.000000 , -1.717226
0.205128 , 0.025641 , -1.717075
0.205128 , 0.051282 , -1.716016
0.205128 , 0.076923 , -1.713257
0.205128 , 0.102564 , -1.710557
0.205128 , 0.128205 , -1.707782
0.205128 , 0.153846 , -1.706133
0.205128 , 0.179487 , -1.705146
0.205128 , 0.205128 , -1.704572
0.205128 , 0.230769 , -1.706133
0.205128 , 0.256410 , -1.709963
0.205128 , 0.282051 , -1.716071
0.205128 , 0.307692 , -1.723612
0.205128 , 0.333333 , -1.732909
0.205128 , 0.358974 , -1.743840
0.205128 , 0.384615 , -1.755720
0.205128 , 0.410256 , -1.768771
0.205128 , 0.435897 , -1.782644
0.205128 , 0.461538 , -1.796909
0.205128 , 0.487179 , -1.811230
0.205128 , 0.512821 , -1.825781
0.205128 , 0.538462 , -1.839663
0.205128 , 0.564103 , -1.852768
0.205128 , 0.589744 , -1.865147
0.205128 , 0.615385 , -1.876920
0.205128 , 0.641026 , -1.887731
0.205128 , 0.666667 , -1.895958
0.205128 , 0.692308 , -1.903259
0.205128 , 0.717949 , -1.910566
0.205128 , 0.743590 , -1.916277
0.205128 , 0.769231 , -1.922138
0.205128 , 0.794872 , -1.926236
0.205128 , 0.820513 , -1.928593
0.205128 , 0.846154 , -1.930484
0.205128 , 0.871795 , -1.931364
0.205128 , 0.897436 , -1.931664
0.205128 , 0.923077 , -1.932387
0.205128 , 0.948718 , -1.932851
0.205128 , 0.974359 , -1.931872
0.205128 , 1.000000 , -1.931244
0.230769 , 0.000000 , -1.528714
0.230769 , 0.025641 , -1.527967
0.230769 , 0.051282 , -1.526590
0.230769 , 0.076923 , -1.524056
0.230769 , 0.102564 , -1.521520
0.230769 , 0.128205 , -1.519038
0.230769 , 0.153846 , -1.517382
0.230769 , 0.179487 , -1.516724
0.230769 , 0.205128 , -1.516692
0.230769 , 0.230769 , -1.518653
0.230769 , 0.256410 , -1.522540
0.230769 , 0.282051 , -1.528105
0.230769 , 0.307692 , -1.534935
0.230769 , 0.333333 , -1.544131
0.230769 , 0.358974 , -1.555279
0.230769 , 0.384615 , -1.567467
0.230769 , 0.410256 , -1.580704
0.230769 , 0.435897 , -1.595274
0.230769 , 0.461538 , -1.610169
0.230769 , 0.487179 , -1.624841
0.230769 , 0.512821 , -1.639489
0.230769 , 0.538462 , -1.653298
0.230769 , 0.564103 , -1.667157
0.230769 , 0.589744 , -1.680552
0.230769 , 0.615385 , -1.692794
0.230769 , 0.641026 , -1.704400
0.230769 , 0.666667 , -1.714431
0.230769 , 0.692308 , -1.721870
0.230769 , 0.717949 , -1.729539
0.230769 , 0.743590 , -1.736062
0.230769 , 0.769231 , -1.741602
0.230769 , 0.794872 , -1.745634
0.230769 , 0.820513 , -1.748516
0.230769 , 0.846154 , -1.751049
0.230769 , 0.871795 , -1.752880
0.230769 , 0.897436 , -1.752369
0.230769 , 0.923077 , -1.752148
0.230769 , 0.948718 , -1.752573
0.230769 , 0.974359 , -1.752144
0.230769 , 1.000000 , -1.751555
0.256410 , 0.000000 , -1.350799
0.256410 , 0.025641 , -1.350589
0.256410 , 0.051282 , -1.348431
0.256410 , 0.076923 , -1.346104
0.256410 , 0.102564 , -1.343319
0.256410 , 0.128205 , -1.341514
0.256410 , 0.153846 , -1.340603
0.256410 , 0.179487 , -1.340482
0.256410 , 0.205128 , -1.341061
0.256410 , 0.230769 , -1.342628
0.256410 , 0.256410 , -1.346103
0.256410 , 0.282051 , -1.351359
0.256410 , 0.307692 , -1.358315
0.256410 , 0.333333 , -1.367159
0.256410 , 0.358974 , -1.378322
0.256410 , 0.384615 , -1.390866
0.256410 , 0.410256 , -1.403654
0.256410 , 0.435897 , -1.417868
0.256410 , 0.461538 , -1.432132
0.256410 , 0.487179 , -1.447122
0.256410 , 0.512821 , -1.461842
0.256410 , 0.538462 , -1.476182
0.256410 , 0.564103 , -1.490107
0.256410 , 0.589744 , -1.504125
0.256410 , 0.615385 , -1.516853
0.256410 , 0.641026 , -1.528435
0.256410 , 0.666667 , -1.539336
0.256410 , 0.692308 , -1.547964
0.256410 , 0.717949 , -1.554748
0.256410 , 0.743590 , -1.561228
0.256410 , 0.769231 , -1.566521
0.256410 , 0.794872 , -1.570457
0.256410 , 0.820513 , -1.573803
0.256410 , 0.846154 , -1.577000
0.256410 , 0.871795 , -1.580171
0.256410 , 0.897436 , -1.580668
0.256410 , 0.923077 , -1.579825
0.256410 , 0.948718 , -1.579526
0.256410 , 0.974359 , -1.579846
0.256410 , 1.000000 , -1.579588
0.282051 , 0.000000 , -1.184177
0.282051 , 0.025641 , -1.183515
0.282051 , 0.051282 , -1.181298
0.282051 , 0.076923 , -1.179035
0.282051 , 0.102564 , -1.176450
0.282051 , 0.128205 , -1.175030
0.282051 , 0.153846 , -1.174526
0.282051 , 0.179487 , -1.175353
0.282051 , 0.205128 , -1.176426
0.282051 , 0.230769 , -1.177899
0.282051 , 0.256410 , -1.180977
0.282051 , 0.282051 , -1.186012
0.282051 , 0.307692 , -1.193204
0.282051 , 0.333333 , -1.201829
0.282051 , 0.358974 , -1.212135
0.282051 , 0.384615 , -1.224204
0.282051 , 0.410256 , -1.236249
0.282051 , 0.435897 , -1.249392
0.282051 , 0.461538 , -1.263384
0.282051 , 0.487179 , -1.277802
0.282051 , 0.512821 , -1.292119
0.282051 , 0.538462 , -1.306560
0.282051 , 0.564103 , -1.320896
0.282051 , 0.589744 , -1.334803
0.282051 , 0.615385 , -1.347699
0.282051 , 0.641026 , -1.359833
0.282051 , 0.666667 , -1.371150
0.282051 , 0.692308 , -1.379708
0.282051 , 0.717949 , -1.386168
0.282051 , 0.743590 , -1.392099
0.282051 , 0.769231 , -1.397613
0.282051 , 0.794872 , -1.401826
0.282051 , 0.820513 , -1.405319
0.282051 , 0.846154 , -1.409160
0.282051 , 0.871795 , -1.413373
0.282051 , 0.897436 , -1.415007
0.282051 , 0.923077 , -1.414774
0.282051 , 0.948718 , -1.414528
0.282051 , 0.974359 , -1.413861
0.282051 , 1.000000 , -1.413612
0.307692 , 0.000000 , -1.026111
0.307692 , 0.025641 , -1.026098
0.307692 , 0.051282 , -1.024999
0.307692 , 0.076923 , -1.022615
0.307692 , 0.102564 , -1.020600
0.307692 , 0.128205 , -1.019482
0.307692 , 0.153846 , -1.019685
0.307692 , 0.179487 , -1.020266
0.307692 , 0.205128 , -1.022086
0.307692 , 0.230769 , -1.023470
0.307692 , 0.256410 , -1.026317
0.307692 , 0.282051 , -1.031421
0.307692 , 0.307692 , -1.037914
0.307692 , 0.333333 , -1.046169
0.307692 , 0.358974 , -1.055167
0.307692 , 0.384615 , -1.066389
0.307692 , 0.410256 , -1.078287
0.307692 , 0.435897 , -1.090428
0.307692 , 0.461538 , -1.103882
0.307692 , 0.487179 , -1.117184
0.307692 , 0.512821 , -1.130969
0.307692 , 0.538462 , -1.145056
0.307692 , 0.564103 , -1.159365
0.307692 , 0.589744 , -1.172987
0.307692 , 0.615385 , -1.185296
0.307692 , 0.641026 , -1.197504
0.307692 , 0.666667 , -1.208725
0.307692 , 0.692308 , -1.217619
0.307692 , 0.717949 , -1.224196
0.307692 , 0.743590 , -1.229589
0.307692 , 0.769231 , -1.235277
0.307692 , 0.794872 , -1.239910
0.307692 , 0.820513 , -1.243784
0.307692 , 0.846154 , -1.248202
0.307692 , 0.871795 , -1.252058
0.307692 , 0.897436 , -1.254070
0.307692 , 0.923077 , -1.253994
0.307692 , 0.948718 , -1.254154
0.307692 , 0.974359 , -1.254274
0.307692 , 1.000000 , -1.253728
0.333333 , 0.000000 , -0.877639
0.333333 , 0.025641 , -0.878074
0.333333 , 0.051282 , -0.878119
0.333333 , 0.076923 , -0.877050
0.333333 , 0.102564 , -0.875097
0.333333 , 0.128205 , -0.874290
0.333333 , 0.153846 , -0.874678
0.333333 , 0.179487 , -0.875336
0.333333 , 0.205128 , -0.877337
0.333333 , 0.230769 , -0.879907
0.333333 , 0.256410 , -0.883013
0.333333 , 0.282051 , -0.887380
0.333333 , 0.307692 , -0.892884
0.333333 , 0.333333 , -0.900128
0.333333 , 0.358974 , -0.908611
0.333333 , 0.384615 , -0.918509
0.333333 , 0.410256 , -0.929858
0.333333 , 0.435897 , -0.941240
0.333333 , 0.461538 , -0.953502
0.333333 , 0.487179 , -0.965669
0.333333 , 0.512821 , -0.978379
0.333333 , 0.538462 , -0.991674
0.333333 , 0.564103 , -1.004818
0.333333 , 0.589744 , -1.017964
0.333333 , 0.615385 , -1.029751
0.333333 , 0.641026 , -1.040889
0.333333 , 0.666667 , -1.051497
0.333333 , 0.692308 , -1.060639
0.333333 , 0.717949 , -1.067360
0.333333 , 0.743590 , -1.073179
0.333333 , 0.769231 , -1.078977
0.333333 , 0.794872 , -1.084229
0.333333 , 0.820513 , -1.088878
0.333333 , 0.846154 , -1.093526
0.333333 , 0.871795 , -1.097840
0.333333 , 0.897436 , -1.099802
0.333333 , 0.923077 , -1.099594
0.333333 , 0.948718 , -1.099244
0.333333 , 0.974359 , -1.100266
0.333333 , 1.000000 , -1.100158
0.358974 , 0.000000 , -0.740008
0.358974 , 0.025641 , -0.740389
0.358974 , 0.051282 , -0.741147
0.358974 , 0.076923 , -0.741053
0.358974 , 0.102564 , -0.740332
0.358974 , 0.128205 , -0.739323
0.358974 , 0.153846 , -0.739874
0.358974 , 0.179487 , -0.740188
0.358974 , 0.205128 , -0.741594
0.358974 , 0.230769 , -0.745000
0.358974 , 0.256410 , -0.749085
0.358974 , 0.282051 , -0.753439
0.358974 , 0.307692 , -0.758333
0.358974 , 0.333333 , -0.764746
0.358974 , 0.358974 , -0.771762
0.358974 , 0.384615 , -0.780585
0.358974 , 0.410256 , -0.791081
0.358974 , 0.435897 , -0.801738
0.358974 , 0.461538 , -0.812637
0.358974 , 0.487179 , -0.823380
0.358974 , 0.512821 , -0.834692
0.358974 , 0.538462 , -0.846339
0.358974 , 0.564103 , -0.858053
0.358974 , 0.589744 , -0.870044
0.358974 , 0.615385 , -0.881452
0.358974 , 0.641026 , -0.891751
0.358974 , 0.666667 , -0.901014
0.358974 , 0.692308 , -0.909946
0.358974 , 0.717949 , -0.917260
0.358974 , 0.743590 , -0.923428
0.358974 , 0.769231 , -0.929742
0.358974 , 0.794872 , -0.935981
0.358974 , 0.820513 , -0.941372
0.358974 , 0.846154 , -0.945384
0.358974 , 0.871795 , -0.949185
0.358974 , 0.897436 , -0.951347
0.358974 , 0.923077 , -0.951663
0.358974 , 0.948718 , -0.951032
0.358974 , 0.974359 , -0.952188
0.358974 , 1.000000 , -0.951896
0.384615 , 0.000000 , -0.612543
0.384615 , 0.025641 , -0.612943
0.384615 , 0.051282 , -0.613901
0.384615 , 0.076923 , -0.614523
0.384615 , 0.102564 , -0.614604
0.384615 , 0.128205 , -0.614220
0.384615 , 0.153846 , -0.614094
0.384615 , 0.179487 , -0.614734
0.384615 , 0.205128 , -0.616249
0.384615 , 0.230769 , -0.618762
0.384615 , 0.256410 , -0.622832
0.384615 , 0.282051 , -0.627880
0.384615 , 0.307692 , -0.633162
0.384615 , 0.333333 , -0.639048
0.384615 , 0.358974 , -0.644966
0.384615 , 0.384615 , -0.652365
0.384615 , 0.410256 , -0.661222
0.384615 , 0.435897 , -0.670653
0.384615 , 0.461538 , -0.680281
0.384615 , 0.487179 , -0.690331
0.384615 , 0.512821 , -0.699947
0.384615 , 0.538462 , -0.709496
0.384615 , 0.564103 , -0.719694
0.384615 , 0.589744 , -0.730150
0.384615 , 0.615385 , -0.740019
0.384615 , 0.641026 , -0.749255
0.384615 , 0.666667 , -0.757607
0.384615 , 0.692308 , -0.765645
0.384615 , 0.717949 , -0.773172
0.384615 , 0.743590 , -0.779883
0.384615 , 0.769231 , -0.786540
0.384615 , 0.794872 , -0.793619
0.384615 , 0.820513 , -0.799081
0.384615 , 0.846154 , -0.803248
0.384615 , 0.871795 , -0.806587
0.384615 , 0.897436 , -0.809206
0.384615 , 0.923077 , -0.809956
0.384615 , 0.948718 , -0.809657
0.384615 , 0.974359 , -0.810632
0.384615 , 1.000000 , -0.811023
0.410256 , 0.000000 , -0.494188
0.410256 , 0.025641 , -0.494486
0.410256 , 0.051282 , -0.495793
0.410256 , 0.076923 , -0.497212
0.410256 , 0.102564 , -0.497703
0.410256 , 0.128205 , -0.498324
0.410256 , 0.153846 , -0.497841
0.410256 , 0.179487 , -0.498589
0.410256 , 0.205128 , -0.500357
0.410256 , 0.230769 , -0.502969
0.410256 , 0.256410 , -0.506614
0.410256 , 0.282051 , -0.511343
0.410256 , 0.307692 , -0.516341
0.410256 , 0.333333 , -0.522062
0.410256 , 0.358974 , -0.527669
0.410256 , 0.384615 , -0.533537
0.410256 , 0.410256 , -0.540543
0.410256 , 0.435897 , -0.548428
0.410256 , 0.461538 , -0.556002
0.410256 , 0.487179 , -0.564338
0.410256 , 0.512821 , -0.573013
0.410256 , 0.538462 , -0.580959
0.410256 , 0.564103 , -0.589242
0.410256 , 0.589744 , -0.597669
0.410256 , 0.615385 , -0.606264
0.410256 , 0.641026 , -0.614526
0.410256 , 0.666667 , -0.622345
0.410256 , 0.692308 , -0.628812
0.410256 , 0.717949 , -0.635819
0.410256 , 0.743590 , -0.643045
0.410256 , 0.769231 , -0.650060
0.410256 , 0.794872 , -0.656832
0.410256 , 0.820513 , -0.662572
0.410256 , 0.846154 , -0.666504
0.410256 , 0.871795 , -0.669783
0.410256 , 0.897436 , -0.672825
0.410256 , 0.923077 , -0.674528
0.410256 , 0.948718 , -0.675063
0.410256 , 0.974359 , -0.675987
0.410256 , 1.000000 , -0.676419
0.435897 , 0.000000 , -0.385646
0.435897 , 0.025641 , -0.385167
0.435897 , 0.051282 , -0.386261
0.435897 , 0.076923 , -0.388123
0.435897 , 0.102564 , -0.389497
0.435897 , 0.128205 , -0.391213
0.435897 , 0.153846 , -0.391258
0.435897 , 0.179487 , -0.392192
0.435897 , 0.205128 , -0.394181
0.435897 , 0.230769 , -0.396635
0.435897 , 0.256410 , -0.400001
0.435897 , 0.282051 , -0.403658
0.435897 , 0.307692 , -0.408035
0.435897 , 0.333333 , -0.413075
0.435897 , 0.358974 , -0.418233
0.435897 , 0.384615 , -0.422836
0.435897 , 0.410256 , -0.428307
0.435897 , 0.435897 , -0.434587
0.435897 , 0.461538 , -0.440536
0.435897 , 0.487179 , -0.447230
0.435897 , 0.512821 , -0.453750
0.435897 , 0.538462 , -0.460074
0.435897 , 0.564103 , -0.466946
0.435897 , 0.589744 , -0.473922
0.435897 , 0.615385 , -0.480480
0.435897 , 0.641026 , -0.487089
0.435897 , 0.666667 , -0.493588
0.435897 , 0.692308 , -0.499933
0.435897 , 0.717949 , -0.506291
0.435897 , 0.743590 , -0.512702
0.435897 , 0.769231 , -0.519509
0.435897 , 0.794872 , -0.525844
0.435897 , 0.820513 , -0.531161
0.435897 , 0.846154 , -0.535514
0.435897 , 0.871795 , -0.539139
0.435897 , 0.897436 , -0.542044
0.435897 , 0.923077 , -0.544603
0.435897 , 0.948718 , -0.546137
0.435897 , 0.974359 , -0.547135
0.435897 , 1.000000 , -0.547614
0.461538 , 0.000000 , -0.284763
0.461538 , 0.025641 , -0.284589
0.461538 , 0.051282 , -0.285328
0.461538 , 0.076923 , -0.286921
0.461538 , 0.102564 , -0.288506
0.461538 , 0.128205 , -0.290730
0.461538 , 0.153846 , -0.292382
0.461538 , 0.179487 , -0.293836
0.461538 , 0.205128 , -0.296171
0.461538 , 0.230769 , -0.299094
0.461538 , 0.256410 , -0.302504
0.461538 , 0.282051 , -0.305689
0.461538 , 0.307692 , -0.308574
0.461538 , 0.333333 , -0.311920
0.461538 , 0.358974 , -0.315620
0.461538 , 0.384615 , -0.319779
0.461538 , 0.410256 , -0.324397
0.461538 , 0.435897 , -0.329158
0.461538 , 0.461538 , -0.333285
0.461538 , 0.487179 , -0.338217
0.461538 , 0.512821 , -0.343365
0.461538 , 0.538462 , -0.347572
0.461538 , 0.564103 , -0.352221
0.461538 , 0.589744 , -0.357337
0.461538 , 0.615385 , -0.362219
0.461538 , 0.641026 , -0.367115
0.461538 , 0.666667 , -0.371688
0.461538 , 0.692308 , -0.377072
0.461538 , 0.717949 , -0.382774
0.461538 , 0.743590 , -0.388779
0.461538 , 0.769231 , -0.395041
0.461538 , 0.794872 , -0.400915
0.461538 , 0.820513 , -0.405977
0.461538 , 0.846154 , -0.410636
0.461538 , 0.871795 , -0.414396
0.461538 , 0.897436 , -0.417492
0.461538 , 0.923077 , -0.420049
0.461538 , 0.948718 , -0.421865
0.461538 , 0.974359 , -0.423350
0.461538 , 1.000000 , -0.424125
0.487179 , 0.000000 , -0.191051
0.487179 , 0.025641 , -0.191227
0.487179 , 0.051282 , -0.192096
0.487179 , 0.076923 , -0.193875
0.487179 , 0.102564 , -0.195885
0.487179 , 0.128205 , -0.198778
0.487179 , 0.153846 , -0.201281
0.487179 , 0.179487 , -0.203550
0.487179 , 0.205128 , -0.206281
0.487179 , 0.230769 , -0.209396
0.487179 , 0.256410 , -0.212005
0.487179 , 0.282051 , -0.215288
0.487179 , 0.307692 , -0.216991
0.487179 , 0.333333 , -0.218551
0.487179 , 0.358974 , -0.221067
0.487179 , 0.384615 , -0.224373
0.487179 , 0.410256 , -0.228208
0.487179 , 0.435897 , -0.231158
0.487179 , 0.461538 , -0.233297
0.487179 , 0.487179 , -0.235895
0.487179 , 0.512821 , -0.239503
0.487179 , 0.538462 , -0.242288
0.487179 , 0.564103 , -0.244498
0.487179 , 0.589744 , -0.248114
0.487179 , 0.615385 , -0.251254
0.487179 , 0.641026 , -0.254080
0.487179 , 0.666667 , -0.257306
0.487179 , 0.692308 , -0.261419
0.487179 , 0.717949 , -0.265743
0.487179 , 0.743590 , -0.271204
0.487179 , 0.769231 , -0.276867
0.487179 , 0.794872 , -0.282701
0.487179 , 0.820513 , -0.287826
0.487179 , 0.846154 , -0.292286
0.487179 , 0.871795 , -0.296123
0.487179 , 0.897436 , -0.298977
0.487179 , 0.923077 , -0.301457
0.487179 , 0.948718 , -0.303076
0.487179 , 0.974359 , -0.303847
0.487179 , 1.000000 , -0.304961
0.512821 , 0.000000 , -0.104431
0.512821 , 0.025641 , -0.104984
0.512821 , 0.051282 , -0.106333
0.512821 , 0.076923 , -0.108938
0.512821 , 0.102564 , -0.112104
0.512821 , 0.128205 , -0.115518
0.512821 , 0.153846 , -0.118781
0.512821 , 0.179487 , -0.121915
0.512821 , 0.205128 , -0.124801
0.512821 , 0.230769 , -0.127498
0.512821 , 0.256410 , -0.129085
0.512821 , 0.282051 , -0.131642
0.512821 , 0.307692 , -0.132534
0.512821 , 0.333333 , -0.133457
0.512821 , 0.358974 , -0.134620
0.512821 , 0.384615 , -0.136638
0.512821 , 0.410256 , -0.138470
0.512821 , 0.435897 , -0.139761
0.512821 , 0.461538 , -0.140355
0.512821 , 0.487179 , -0.140598
0.512821 , 0.512821 , -0.141585
0.512821 , 0.538462 , -0.143249
0.512821 , 0.564103 , -0.143644
0.512821 , 0.589744 , -0.144603
0.512821 , 0.615385 , -0.146524
0.512821 , 0.641026 , -0.147782
0.512821 , 0.666667 , -0.148982
0.512821 , 0.692308 , -0.152357
0.512821 , 0.717949 , -0.156161
0.512821 , 0.743590 , -0.160907
0.512821 , 0.769231 , -0.165439
0.512821 , 0.794872 , -0.169932
0.512821 , 0.820513 , -0.174448
0.512821 , 0.846154 , -0.179031
0.512821 , 0.871795 , -0.183748
0.512821 , 0.897436 , -0.186354
0.512821 , 0.923077 , -0.188458
0.512821 , 0.948718 , -0.189836
0.512821 , 0.974359 , -0.190250
0.512821 , 1.000000 , -0.191214
0.538462 , 0.000000 , -0.026441
0.538462 , 0.025641 , -0.026363
0.538462 , 0.051282 , -0.027707
0.538462 , 0.076923 , -0.030681
0.538462 , 0.102564 , -0.034883
0.538462 , 0.128205 , -0.038577
0.538462 , 0.153846 , -0.042115
0.538462 , 0.179487 , -0.046005
0.538462 , 0.205128 , -0.049317
0.538462 , 0.230769 , -0.051726
0.538462 , 0.256410 , -0.053146
0.538462 , 0.282051 , -0.054691
0.538462 , 0.307692 , -0.055639
0.538462 , 0.333333 , -0.055409
0.538462 , 0.358974 , -0.055404
0.538462 , 0.384615 , -0.055721
0.538462 , 0.410256 , -0.055730
0.538462 , 0.435897 , -0.054942
0.538462 , 0.461538 , -0.053889
0.538462 , 0.487179 , -0.052682
0.538462 , 0.512821 , -0.051384
0.538462 , 0.538462 , -0.050488
0.538462 , 0.564103 , -0.049364
0.538462 , 0.589744 , -0.048751
0.538462 , 0.615385 , -0.048151
0.538462 , 0.641026 , -0.047979
0.538462 , 0.666667 , -0.048114
0.538462 , 0.692308 , -0.049982
0.538462 , 0.717949 , -0.052697
0.538462 , 0.743590 , -0.056416
0.538462 , 0.769231 , -0.060292
0.538462 , 0.794872 , -0.063086
0.538462 , 0.820513 , -0.066819
0.538462 , 0.846154 , -0.070873
0.538462 , 0.871795 , -0.074978
0.538462 , 0.897436 , -0.078613
0.538462 , 0.923077 , -0.081010
0.538462 , 0.948718 , -0.082727
0.538462 , 0.974359 , -0.082619
0.538462 , 1.000000 , -0.083061
0.564103 , 0.000000 , 0.046233
0.564103 , 0.025641 , 0.045733
0.564103 , 0.051282 , 0.043640
0.564103 , 0.076923 , 0.040789
0.564103 , 0.102564 , 0.036527
0.564103 , 0.128205 , 0.032092
0.564103 , 0.153846 , 0.028270
0.564103 , 0.179487 , 0.024653
0.564103 , 0.205128 , 0.021183
0.564103 , 0.230769 , 0.019270
0.564103 , 0.256410 , 0.018254
0.564103 , 0.282051 , 0.017582
0.564103 , 0.307692 , 0.017026
0.564103 , 0.333333 , 0.017246
0.564103 , 0.358974 , 0.018075
0.564103 , 0.384615 , 0.018874
0.564103 , 0.410256 , 0.020100
0.564103 , 0.435897 , 0.022193
0.564103 , 0.461538 , 0.025294
0.564103 , 0.487179 , 0.028628
0.564103 , 0.512821 , 0.031462
0.564103 , 0.538462 , 0.034010
0.564103 , 0.564103 , 0.036955
0.564103 , 0.589744 , 0.039883
0.564103 , 0.615385 , 0.042632
0.564103 , 0.641026 , 0.044364
0.564103 , 0.666667 , 0.045230
0.564103 , 0.692308 , 0.045106
0.564103 , 0.717949 , 0.044378
0.564103 , 0.743590 , 0.042163
0.564103 , 0.769231 , 0.039984
0.564103 , 0.794872 , 0.038109
0.564103 , 0.820513 , 0.035481
0.564103 , 0.846154 , 0.030999
0.564103 , 0.871795 , 0.026838
0.564103 , 0.897436 , 0.023390
0.564103 , 0.923077 , 0.020654
0.564103 , 0.948718 , 0.018405
0.564103 , 0.974359 , 0.018739
0.564103 , 1.000000 , 0.018861
0.589744 , 0.000000 , 0.112721
0.589744 , 0.025641 , 0.112120
0.589744 , 0.051282 , 0.109829
0.589744 , 0.076923 , 0.106674
0.589744 , 0.102564 , 0.102670
0.589744 , 0.128205 , 0.097487
0.589744 , 0.153846 , 0.092947
0.589744 , 0.179487 , 0.089623
0.589744 , 0.205128 , 0.087116
0.589744 , 0.230769 , 0.085292
0.589744 , 0.256410 , 0.085115
0.589744 , 0.282051 , 0.084454
0.589744 , 0.307692 , 0.084621
0.589744 , 0.333333 , 0.084942
0.589744 , 0.358974 , 0.085611
0.589744 , 0.384615 , 0.087810
0.589744 , 0.410256 , 0.089818
0.589744 , 0.435897 , 0.093214
0.589744 , 0.461538 , 0.098037
0.589744 , 0.487179 , 0.102380
0.589744 , 0.512821 , 0.107039
0.589744 , 0.538462 , 0.111772
0.589744 , 0.564103 , 0.116482
0.589744 , 0.589744 , 0.121080
0.589744 , 0.615385 , 0.125774
0.589744 , 0.641026 , 0.129785
0.589744 , 0.666667 , 0.132478
0.589744 , 0.692308 , 0.134208
0.589744 , 0.717949 , 0.135195
0.589744 , 0.743590 , 0.134277
0.589744 , 0.769231 , 0.133614
0.589744 , 0.794872 , 0.133116
0.589744 , 0.820513 , 0.131060
0.589744 , 0.846154 , 0.126953
0.589744 , 0.871795 , 0.123009
0.589744 , 0.897436 , 0.119125
0.589744 , 0.923077 , 0.116630
0.589744 , 0.948718 , 0.114116
0.589744 , 0.974359 , 0.114036
0.589744 , 1.000000 , 0.114190
0.615385 , 0.000000 , 0.172705
0.615385 , 0.025641 , 0.172706
0.615385 , 0.051282 , 0.170528
0.615385 , 0.076923 , 0.166827
0.615385 , 0.102564 , 0.162795
0.615385 , 0.128205 , 0.158127
0.615385 , 0.153846 , 0.152628
0.615385 , 0.179487 , 0.148612
0.615385 , 0.205128 , 0.146370
0.615385 , 0.230769 , 0.145082
0.615385 , 0.256410 , 0.145559
0.615385 , 0.282051 , 0.145965
0.615385 , 0.307692 , 0.146571
0.615385 , 0.333333 , 0.147348
0.615385 , 0.358974 , 0.148732
0.615385 , 0.384615 , 0.151723
0.615385 , 0.410256 , 0.154867
0.615385 , 0.435897 , 0.158852
0.615385 , 0.461538 , 0.164689
0.615385 , 0.487179 , 0.170160
0.615385 , 0.512821 , 0.175852
0.615385 , 0.538462 , 0.182606
0.615385 , 0.564103 , 0.189627
0.615385 , 0.589744 , 0.196262
0.615385 , 0.615385 , 0.202168
0.615385 , 0.641026 , 0.207792
0.615385 , 0.666667 , 0.213177
0.615385 , 0.692308 , 0.216490
0.615385 , 0.717949 , 0.219697
0.615385 , 0.743590 , 0.220673
0.615385 , 0.769231 , 0.221095
0.615385 , 0.794872 , 0.221325
0.615385 , 0.820513 , 0.219783
0.615385 , 0.846154 , 0.216489
0.615385 , 0.871795 , 0.213100
0.615385 , 0.897436 , 0.209224
0.615385 , 0.923077 , 0.206753
0.615385 , 0.948718 , 0.204290
0.615385 , 0.974359 , 0.203126
0.615385 , 1.000000 , 0.203201
0.641026 , 0.000000 , 0.228589
0.641026 , 0.025641 , 0.228256
0.641026 , 0.051282 , 0.226159
0.641026 , 0.076923 , 0.222198
0.641026 , 0.102564 , 0.218051
0.641026 , 0.128205 , 0.213873
0.641026 , 0.153846 , 0.208597
0.641026 , 0.179487 , 0.203940
0.641026 , 0.205128 , 0.201715
0.641026 , 0.230769 , 0.201090
0.641026 , 0.256410 , 0.200385
0.641026 , 0.282051 , 0.200896
0.641026 , 0.307692 , 0.202708
0.641026 , 0.333333 , 0.204190
0.641026 , 0.358974 , 0.206322
0.641026 , 0.384615 , 0.209995
0.641026 , 0.410256 , 0.214207
0.641026 , 0.435897 , 0.219134
0.641026 , 0.461538 , 0.225479
0.641026 , 0.487179 , 0.232108
0.641026 , 0.512821 , 0.239239
0.641026 , 0.538462 , 0.246996
0.641026 , 0.564103 , 0.255778
0.641026 , 0.589744 , 0.264475
0.641026 , 0.615385 , 0.272507
0.641026 , 0.641026 , 0.279465
0.641026 , 0.666667 , 0.286626
0.641026 , 0.692308 , 0.291843
0.641026 , 0.717949 , 0.296799
0.641026 , 0.743590 , 0.299978
0.641026 , 0.769231 , 0.301416
0.641026 , 0.794872 , 0.301666
0.641026 , 0.820513 , 0.300931
0.641026 , 0.846154 , 0.298812
0.641026 , 0.871795 , 0.296922
0.641026 , 0.897436 , 0.293812
0.641026 , 0.923077 , 0.291282
0.641026 , 0.948718 , 0.288832
0.641026 , 0.974359 , 0.287025
0.641026 , 1.000000 , 0.287007
0.666667 , 0.000000 , 0.278844
0.666667 , 0.025641 , 0.278444
0.666667 , 0.051282 , 0.276328
0.666667 , 0.076923 , 0.272658
0.666667 , 0.102564 , 0.268614
0.666667 , 0.128205 , 0.264891
0.666667 , 0.153846 , 0.259863
0.666667 , 0.179487 , 0.255529
0.666667 , 0.205128 , 0.252752
0.666667 , 0.230769 , 0.251543
0.666667 , 0.256410 , 0.250001
0.666667 , 0.282051 , 0.250748
0.666667 , 0.307692 , 0.252829
0.666667 , 0.333333 , 0.255569
0.666667 , 0.358974 , 0.258899
0.666667 , 0.384615 , 0.262880
0.666667 , 0.410256 , 0.267789
0.666667 , 0.435897 , 0.273802
0.666667 , 0.461538 , 0.280985
0.666667 , 0.487179 , 0.289052
0.666667 , 0.512821 , 0.297343
0.666667 , 0.538462 , 0.306356
0.666667 , 0.564103 , 0.316033
0.666667 , 0.589744 , 0.326590
0.666667 , 0.615385 , 0.336282
0.666667 , 0.641026 , 0.344641
0.666667 , 0.666667 , 0.353127
0.666667 , 0.692308 , 0.360368
0.666667 , 0.717949 , 0.366426
0.666667 , 0.743590 , 0.371182
0.666667 , 0.769231 , 0.374500
0.666667 , 0.794872 , 0.375823
0.666667 , 0.820513 , 0.375318
0.666667 , 0.846154 , 0.374246
0.666667 , 0.871795 , 0.373860
0.666667 , 0.897436 , 0.371941
0.666667 , 0.923077 , 0.369535
0.666667 , 0.948718 , 0.367411
0.666667 , 0.974359 , 0.365472
0.666667 , 1.000000 , 0.365001
0.692308 , 0.000000 , 0.324140
0.692308 , 0.025641 , 0.323502
0.692308 , 0.051282 , 0.321453
0.692308 , 0.076923 , 0.317964
0.692308 , 0.102564 , 0.314070
0.692308 , 0.128205 , 0.310703
0.692308 , 0.153846 , 0.306273
0.692308 , 0.179487 , 0.302273
0.692308 , 0.205128 , 0.299822
0.692308 , 0.230769 , 0.298530
0.692308 , 0.256410 , 0.296873
0.692308 , 0.282051 , 0.297688
0.692308 , 0.307692 , 0.299883
0.692308 , 0.333333 , 0.302357
0.692308 , 0.358974 , 0.306674
0.692308 , 0.384615 , 0.311753
0.692308 , 0.410256 , 0.316997
0.692308 , 0.435897 , 0.323487
0.692308 , 0.461538 , 0.331767
0.692308 , 0.487179 , 0.340964
0.692308 , 0.512821 , 0.350525
0.692308 , 0.538462 , 0.360709
0.692308 , 0.564103 , 0.371258
0.692308 , 0.589744 , 0.382629
0.692308 , 0.615385 , 0.393602
0.692308 , 0.641026 , 0.403923
0.692308 , 0.666667 , 0.413275
0.692308 , 0.692308 , 0.422238
0.692308 , 0.717949 , 0.429436
0.692308 , 0.743590 , 0.434845
0.692308 , 0.769231 , 0.439727
0.692308 , 0.794872 , 0.443495
0.692308 , 0.820513 , 0.444255
0.692308 , 0.846154 , 0.443757
0.692308 , 0.871795 , 0.443352
0.692308 , 0.897436 , 0.442857
0.692308 , 0.923077 , 0.441524
0.692308 , 0.948718 , 0.439062
0.692308 , 0.974359 , 0.437476
0.692308 , 1.000000 , 0.436824
0.717949 , 0.000000 , 0.365015
0.717949 , 0.025641 , 0.364098
0.717949 , 0.051282 , 0.361646
0.717949 , 0.076923 , 0.358274
0.717949 , 0.102564 , 0.354958
0.717949 , 0.128205 , 0.352084
0.717949 , 0.153846 , 0.347923
0.717949 , 0.179487 , 0.343639
0.717949 , 0.205128 , 0.341586
0.717949 , 0.230769 , 0.340269
0.717949 , 0.256410 , 0.339518
0.717949 , 0.282051 , 0.340169
0.717949 , 0.307692 , 0.342989
0.717949 , 0.333333 , 0.346737
0.717949 , 0.358974 , 0.350616
0.717949 , 0.384615 , 0.355929
0.717949 , 0.410256 , 0.362368
0.717949 , 0.435897 , 0.369175
0.717949 , 0.461538 , 0.377769
0.717949 , 0.487179 , 0.387524
0.717949 , 0.512821 , 0.398101
0.717949 , 0.538462 , 0.409508
0.717949 , 0.564103 , 0.421233
0.717949 , 0.589744 , 0.433314
0.717949 , 0.615385 , 0.444991
0.717949 , 0.641026 , 0.456061
0.717949 , 0.666667 , 0.466879
0.717949 , 0.692308 , 0.476866
0.717949 , 0.717949 , 0.485876
0.717949 , 0.743590 , 0.493141
0.717949 , 0.769231 , 0.499217
0.717949 , 0.794872 , 0.504548
0.717949 , 0.820513 , 0.506866
0.717949 , 0.846154 , 0.507306
0.717949 , 0.871795 , 0.507077
0.717949 , 0.897436 , 0.506979
0.717949 , 0.923077 , 0.506631
0.717949 , 0.948718 , 0.504398
0.717949 , 0.974359 , 0.502462
0.717949 , 1.000000 , 0.502589
0.743590 , 0.000000 , 0.401137
0.743590 , 0.025641 , 0.400647
0.743590 , 0.051282 , 0.397467
0.743590 , 0.076923 , 0.394770
0.743590 , 0.102564 , 0.391951
0.743590 , 0.128205 , 0.389834
0.743590 , 0.153846 , 0.386597
0.743590 , 0.179487 , 0.382089
0.743590 , 0.205128 , 0.380124
0.743590 , 0.230769 , 0.379058
0.743590 , 0.256410 , 0.378740
0.743590 , 0.282051 , 0.379214
0.743590 , 0.307692 , 0.382298
0.743590 , 0.333333 , 0.386992
0.743590 , 0.358974 , 0.391411
0.743590 , 0.384615 , 0.396227
0.743590 , 0.410256 , 0.402929
0.743590 , 0.435897 , 0.410655
0.743590 , 0.461538 , 0.419574
0.743590 , 0.487179 , 0.429804
0.743590 , 0.512821 , 0.441334
0.743590 , 0.538462 , 0.453824
0.743590 , 0.564103 , 0.466003
0.743590 , 0.589744 , 0.479133
0.743590 , 0.615385 , 0.491398
0.743590 , 0.641026 , 0.503360
0.743590 , 0.666667 , 0.514270
0.743590 , 0.692308 , 0.524742
0.743590 , 0.717949 , 0.535328
0.743590 , 0.743590 , 0.545304
0.743590 , 0.769231 , 0.553208
0.743590 , 0.794872 , 0.559262
0.743590 , 0.820513 , 0.563352
0.743590 , 0.846154 , 0.565032
0.743590 , 0.871795 , 0.564978
0.743590 , 0.897436 , 0.564274
0.743590 , 0.923077 , 0.564414
0.743590 , 0.948718 , 0.563417
0.743590 , 0.974359 , 0.561371
0.743590 , 1.000000 , 0.561197
0.769231 , 0.000000 , 0.433177
0.769231 , 0.025641 , 0.432690
0.769231 , 0.051282 , 0.430178
0.769231 , 0.076923 , 0.427658
0.769231 , 0.102564 , 0.425139
0.769231 , 0.128205 , 0.423420
0.769231 , 0.153846 , 0.420963
0.769231 , 0.179487 , 0.417499
0.769231 , 0.205128 , 0.415305
0.769231 , 0.230769 , 0.414670
0.769231 , 0.256410 , 0.414881
0.769231 , 0.282051 , 0.416200
0.769231 , 0.307692 , 0.418850
0.769231 , 0.333333 , 0.422918
0.769231 , 0.358974 , 0.427548
0.769231 , 0.384615 , 0.432672
0.769231 , 0.410256 , 0.439173
0.769231 , 0.435897 , 0.447969
0.769231 , 0.461538 , 0.457223
0.769231 , 0.487179 , 0.467572
0.769231 , 0.512821 , 0.479779
0.769231 , 0.538462 , 0.493349
0.769231 , 0.564103 , 0.506666
0.769231 , 0.589744 , 0.519908
0.769231 , 0.615385 , 0.532521
0.769231 , 0.641026 , 0.544683
0.769231 , 0.666667 , 0.556518
0.769231 , 0.692308 , 0.567826
0.769231 , 0.717949 , 0.579247
0.769231 , 0.743590 , 0.590579
0.769231 , 0.769231 , 0.599717
0.769231 , 0.794872 , 0.606570
0.769231 , 0.820513 , 0.612111
0.769231 , 0.846154 , 0.615330
0.769231 , 0.871795 , 0.616575
0.769231 , 0.897436 , 0.615908
0.769231 , 0.923077 , 0.615609
0.769231 , 0.948718 , 0.615593
0.769231 , 0.974359 , 0.613994
0.769231 , 1.000000 , 0.613697
0.794872 , 0.000000 , 0.461444
0.794872 , 0.025641 , 0.460761
0.794872 , 0.051282 , 0.459284
0.794872 , 0.076923 , 0.457250
0.794872 , 0.102564 , 0.455208
0.794872 , 0.128205 , 0.453788
0.794872 , 0.153846 , 0.451945
0.794872 , 0.179487 , 0.449273
0.794872 , 0.205128 , 0.446652
0.794872 , 0.230769 , 0.445673
0.794872 , 0.256410 , 0.446321
0.794872 , 0.282051 , 0.448304
0.794872 , 0.307692 , 0.451326
0.794872 , 0.333333 , 0.455283
0.794872 , 0.358974 , 0.459867
0.794872 , 0.384615 , 0.465001
0.794872 , 0.410256 , 0.472141
0.794872 , 0.435897 , 0.481348
0.794872 , 0.461538 , 0.491440
0.794872 , 0.487179 , 0.502220
0.794872 , 0.512821 , 0.514452
0.794872 , 0.538462 , 0.528547
0.794872 , 0.564103 , 0.542662
0.794872 , 0.589744 , 0.556133
0.794872 , 0.615385 , 0.569135
0.794872 , 0.641026 , 0.581113
0.794872 , 0.666667 , 0.593503
0.794872 , 0.692308 , 0.606355
0.794872 , 0.717949 , 0.619005
0.794872 , 0.743590 , 0.631215
0.794872 , 0.769231 , 0.641184
0.794872 , 0.794872 , 0.648770
0.794872 , 0.820513 , 0.654411
0.794872 , 0.846154 , 0.658273
0.794872 , 0.871795 , 0.660901
0.794872 , 0.897436 , 0.661919
0.794872 , 0.923077 , 0.661798
0.794872 , 0.948718 , 0.661094
0.794872 , 0.974359 , 0.660049
0.794872 , 1.000000 , 0.660262
0.820513 , 0.000000 , 0.485850
0.820513 , 0.025641 , 0.485238
0.820513 , 0.051282 , 0.484170
0.820513 , 0.076923 , 0.482704
0.820513 , 0.102564 , 0.481336
0.820513 , 0.128205 , 0.480060
0.820513 , 0.153846 , 0.478661
0.820513 , 0.179487 , 0.475912
0.820513 , 0.205128 , 0.474341
0.820513 , 0.230769 , 0.474014
0.820513 , 0.256410 , 0.474418
0.820513 , 0.282051 , 0.475741
0.820513 , 0.307692 , 0.478587
0.820513 , 0.333333 , 0.482937
0.820513 , 0.358974 , 0.488768
0.820513 , 0.384615 , 0.494110
0.820513 , 0.410256 , 0.501308
0.820513 , 0.435897 , 0.510786
0.820513 , 0.461538 , 0.520938
0.820513 , 0.487179 , 0.531979
0.820513 , 0.512821 , 0.544786
0.820513 , 0.538462 , 0.558845
0.820513 , 0.564103 , 0.573207
0.820513 , 0.589744 , 0.586465
0.820513 , 0.615385 , 0.599435
0.820513 , 0.641026 , 0.612163
0.820513 , 0.666667 , 0.625895
0.820513 , 0.692308 , 0.639962
0.820513 , 0.717949 , 0.653055
0.820513 , 0.743590 , 0.665040
0.820513 , 0.769231 , 0.676224
0.820513 , 0.794872 , 0.685090
0.820513 , 0.820513 , 0.690955
0.820513 , 0.846154 , 0.695130
0.820513 , 0.871795 , 0.698781
0.820513 , 0.897436 , 0.700626
0.820513 , 0.923077 , 0.701334
0.820513 , 0.948718 , 0.701059
0.820513 , 0.974359 , 0.700741
0.820513 , 1.000000 , 0.700320
0.846154 , 0.000000 , 0.506875
0.846154 , 0.025641 , 0.506345
0.846154 , 0.051282 , 0.505732
0.846154 , 0.076923 , 0.504830
0.846154 , 0.102564 , 0.504074
0.846154 , 0.128205 , 0.502772
0.846154 , 0.153846 , 0.501235
0.846154 , 0.179487 , 0.499307
0.846154 , 0.205128 , 0.498585
0.846154 , 0.230769 , 0.499126
0.846154 , 0.256410 , 0.499243
0.846154 , 0.282051 , 0.500099
0.846154 , 0.307692 , 0.502291
0.846154 , 0.333333 , 0.506520
0.846154 , 0.358974 , 0.512550
0.846154 , 0.384615 , 0.518504
0.846154 , 0.410256 , 0.526002
0.846154 , 0.435897 , 0.535754
0.846154 , 0.461538 , 0.546370
0.846154 , 0.487179 , 0.557596
0.846154 , 0.512821 , 0.570880
0.846154 , 0.538462 , 0.585119
0.846154 , 0.564103 , 0.598344
0.846154 , 0.589744 , 0.612045
0.846154 , 0.615385 , 0.625184
0.846154 , 0.641026 , 0.637956
0.846154 , 0.666667 , 0.652726
0.846154 , 0.692308 , 0.667422
0.846154 , 0.717949 , 0.680801
0.846154 , 0.743590 , 0.693255
0.846154 , 0.769231 , 0.705506
0.846154 , 0.794872 , 0.715288
0.846154 , 0.820513 , 0.722088
0.846154 , 0.846154 , 0.727049
0.846154 , 0.871795 , 0.730924
0.846154 , 0.897436 , 0.733219
0.846154 , 0.923077 , 0.734025
0.846154 , 0.948718 , 0.734542
0.846154 , 0.974359 , 0.735056
0.846154 , 1.000000 , 0.734953
0.871795 , 0.000000 , 0.524710
0.871795 , 0.025641 , 0.524269
0.871795 , 0.051282 , 0.523972
0.871795 , 0.076923 , 0.523588
0.871795 , 0.102564 , 0.523590
0.871795 , 0.128205 , 0.522133
0.871795 , 0.153846 , 0.520912
0.871795 , 0.179487 , 0.519865
0.871795 , 0.205128 , 0.519416
0.871795 , 0.230769 , 0.519496
0.871795 , 0.256410 , 0.520042
0.871795 , 0.282051 , 0.521371
0.871795 , 0.307692 , 0.524295
0.871795 , 0.333333 , 0.527710
0.871795 , 0.358974 , 0.533286
0.871795 , 0.384615 , 0.539635
0.871795 , 0.410256 , 0.547550
0.871795 , 0.435897 , 0.556923
0.871795 , 0.461538 , 0.567815
0.871795 , 0.487179 , 0.579893
0.871795 , 0.512821 , 0.592528
0.871795 , 0.538462 , 0.606331
0.871795 , 0.564103 , 0.619095
0.871795 , 0.589744 , 0.631883
0.871795 , 0.615385 , 0.645572
0.871795 , 0.641026 , 0.658875
0.871795 , 0.666667 , 0.673268
0.871795 , 0.692308 , 0.688293
0.871795 , 0.717949 , 0.702585
0.871795 , 0.743590 , 0.715457
0.871795 , 0.769231 , 0.727763
0.871795 , 0.794872 , 0.738314
0.871795 , 0.820513 , 0.746358
0.871795 , 0.846154 , 0.752776
0.871795 , 0.871795 , 0.757242
0.871795 , 0.897436 , 0.759812
0.871795 , 0.923077 , 0.761181
0.871795 , 0.948718 , 0.762040
0.871795 , 0.974359 , 0.763207
0.871795 , 1.000000 , 0.763554
0.897436 , 0.000000 , 0.538009
0.897436 , 0.025641 , 0.538343
0.897436 , 0.051282 , 0.538167
0.897436 , 0.076923 , 0.537977
0.897436 , 0.102564 , 0.538756
0.897436 , 0.128205 , 0.538392
0.897436 , 0.153846 , 0.537747
0.897436 , 0.179487 , 0.536998
0.897436 , 0.205128 , 0.537323
0.897436 , 0.230769 , 0.537526
0.897436 , 0.256410 , 0.537969
0.897436 , 0.282051 , 0.539133
0.897436 , 0.307692 , 0.542429
0.897436 , 0.333333 , 0.546966
0.897436 , 0.358974 , 0.552280
0.897436 , 0.384615 , 0.558637
0.897436 , 0.410256 , 0.566181
0.897436 , 0.435897 , 0.575002
0.897436 , 0.461538 , 0.585429
0.897436 , 0.487179 , 0.597773
0.897436 , 0.512821 , 0.610289
0.897436 , 0.538462 , 0.622917
0.897436 , 0.564103 , 0.635235
0.897436 , 0.589744 , 0.648144
0.897436 , 0.615385 , 0.662127
0.897436 , 0.641026 , 0.675538
0.897436 , 0.666667 , 0.689915
0.897436 , 0.692308 , 0.705078
0.897436 , 0.717949 , 0.718999
0.897436 , 0.743590 , 0.732617
0.897436 , 0.769231 , 0.744967
0.897436 , 0.794872 , 0.755628
0.897436 , 0.820513 , 0.764343
0.897436 , 0.846154 , 0.770648
0.897436 , 0.871795 , 0.776428
0.897436 , 0.897436 , 0.779992
0.897436 , 0.923077 , 0.782208
0.897436 , 0.948718 , 0.784252
0.897436 , 0.974359 , 0.785549
0.897436 , 1.000000 , 0.785880
0.923077 , 0.000000 , 0.548709
0.923077 , 0.025641 , 0.549198
0.923077 , 0.051282 , 0.549293
0.923077 , 0.076923 , 0.549484
0.923077 , 0.102564 , 0.550355
0.923077 , 0.128205 , 0.551162
0.923077 , 0.153846 , 0.551239
0.923077 , 0.179487 , 0.551262
0.923077 , 0.205128 , 0.551449
0.923077 , 0.230769 , 0.551583
0.923077 , 0.256410 , 0.552204
0.923077 , 0.282051 , 0.554234
0.923077 , 0.307692 , 0.557142
0.923077 , 0.333333 , 0.561925
0.923077 , 0.358974 , 0.567584
0.923077 , 0.384615 , 0.573241
0.923077 , 0.410256 , 0.580507
0.923077 , 0.435897 , 0.589226
0.923077 , 0.461538 , 0.599242
0.923077 , 0.487179 , 0.611001
0.923077 , 0.512821 , 0.623151
0.923077 , 0.538462 , 0.635370
0.923077 , 0.564103 , 0.648069
0.923077 , 0.589744 , 0.660828
0.923077 , 0.615385 , 0.674802
0.923077 , 0.641026 , 0.688780
0.923077 , 0.666667 , 0.703340
0.923077 , 0.692308 , 0.717955
0.923077 , 0.717949 , 0.732139
0.923077 , 0.743590 , 0.745799
0.923077 , 0.769231 , 0.758129
0.923077 , 0.794872 , 0.768462
0.923077 , 0.820513 , 0.777555
0.923077 , 0.846154 , 0.785201
0.923077 , 0.871795 , 0.790830
0.923077 , 0.897436 , 0.795109
0.923077 , 0.923077 , 0.798246
0.923077 , 0.948718 , 0.801213
0.923077 , 0.974359 , 0.802104
0.923077 , 1.000000 , 0.802585
0.948718 , 0.000000 , 0.558395
0.948718 , 0.025641 , 0.557889
0.948718 , 0.051282 , 0.558085
0.948718 , 0.076923 , 0.557872
0.948718 , 0.102564 , 0.558486
0.948718 , 0.128205 , 0.559684
0.948718 , 0.153846 , 0.561112
0.948718 , 0.179487 , 0.561530
0.948718 , 0.205128 , 0.561863
0.948718 , 0.230769 , 0.562768
0.948718 , 0.256410 , 0.563932
0.948718 , 0.282051 , 0.565732
0.948718 , 0.307692 , 0.568513
0.948718 , 0.333333 , 0.572440
0.948718 , 0.358974 , 0.577739
0.948718 , 0.384615 , 0.584005
0.948718 , 0.410256 , 0.591481
0.948718 , 0.435897 , 0.600175
0.948718 , 0.461538 , 0.609823
0.948718 , 0.487179 , 0.621059
0.948718 , 0.512821 , 0.633101
0.948718 , 0.538462 , 0.645451
0.948718 , 0.564103 , 0.658135
0.948718 , 0.589744 , 0.670940
0.948718 , 0.615385 , 0.684805
0.948718 , 0.641026 , 0.699000
0.948718 , 0.666667 , 0.713600
0.948718 , 0.692308 , 0.727896
0.948718 , 0.717949 , 0.741375
0.948718 , 0.743590 , 0.754025
0.948718 , 0.769231 , 0.766380
0.948718 , 0.794872 , 0.777201
0.948718 , 0.820513 , 0.786145
0.948718 , 0.846154 , 0.794162
0.948718 , 0.871795 , 0.800654
0.948718 , 0.897436 , 0.805473
0.948718 , 0.923077 , 0.809271
0.948718 , 0.948718 , 0.811920
0.948718 , 0.974359 , 0.813570
0.948718 , 1.000000 , 0.813826
0.974359 , 0.000000 , 0.564017
0.974359 , 0.025641 , 0.563820
0.974359 , 0.051282 , 0.563183
0.974359 , 0.076923 , 0.563669
0.974359 , 0.102564 , 0.564274
0.974359 , 0.128205 , 0.565123
0.974359 , 0.153846 , 0.565946
0.974359 , 0.179487 , 0.566742
0.974359 , 0.205128 , 0.567611
0.974359 , 0.230769 , 0.569195
0.974359 , 0.256410 , 0.570844
0.974359 , 0.282051 , 0.572708
0.974359 , 0.307692 , 0.575499
0.974359 , 0.333333 , 0.579080
0.974359 , 0.358974 , 0.583988
0.974359 , 0.384615 , 0.590534
0.974359 , 0.410256 , 0.598112
0.974359 , 0.435897 , 0.607031
0.974359 , 0.461538 , 0.616596
0.974359 , 0.487179 , 0.627459
0.974359 , 0.512821 , 0.639219
0.974359 , 0.538462 , 0.651378
0.974359 , 0.564103 , 0.664329
0.974359 , 0.589744 , 0.677385
0.974359 , 0.615385 , 0.690875
0.974359 , 0.641026 , 0.705007
0.974359 , 0.666667 , 0.719111
0.974359 , 0.692308 , 0.732799
0.974359 , 0.717949 , 0.746610
0.974359 , 0.743590 , 0.759572
0.974359 , 0.769231 , 0.771122
0.974359 , 0.794872 , 0.781764
0.974359 , 0.820513 , 0.791290
0.974359 , 0.846154 , 0.799342
0.974359 , 0.871795 , 0.806028
0.974359 , 0.897436 , 0.811329
0.974359 , 0.923077 , 0.815128
0.974359 , 0.948718 , 0.818076
0.974359 , 0.974359 , 0.820340
0.974359 , 1.000000 , 0.821334
1.000000 , 0.000000 , 0.565582
1.000000 , 0.025641 , 0.565748
1.000000 , 0.051282 , 0.565400
1.000000 , 0.076923 , 0.565172
1.000000 , 0.102564 , 0.566314
1.000000 , 0.128205 , 0.567255
1.000000 , 0.153846 , 0.567773
1.000000 , 0.179487 , 0.568363
1.000000 , 0.205128 , 0.569355
1.000000 , 0.230769 , 0.571093
1.000000 , 0.256410 , 0.573528
1.000000 , 0.282051 , 0.575186
1.000000 , 0.307692 , 0.577290
1.000000 , 0.333333 , 0.580983
1.000000 , 0.358974 , 0.586029
1.000000 , 0.384615 , 0.592920
1.000000 , 0.410256 , 0.600571
1.000000 , 0.435897 , 0.608926
1.000000 , 0.461538 , 0.618174
1.000000 , 0.487179 , 0.629081
1.000000 , 0.512821 , 0.641072
1.000000 , 0.538462 , 0.653535
1.000000 , 0.564103 , 0.666331
1.000000 , 0.589744 , 0.679497
1.000000 , 0.615385 , 0.692835
1.000000 , 0.641026 , 0.706820
1.000000 , 0.666667 , 0.720837
1.000000 , 0.692308 , 0.734452
1.000000 , 0.717949 , 0.747846
1.000000 , 0.743590 , 0.761184
1.000000 , 0.769231 , 0.773200
1.000000 , 0.794872 , 0.783657
1.000000 , 0.820513 , 0.793051
1.000000 , 0.846154 , 0.800581
1.000000 , 0.871795 , 0.807588
1.000000 , 0.897436 , 0.813144
1.000000 , 0.923077 , 0.816648
1.000000 , 0.948718 , 0.819727
1.000000 , 0.974359 , 0.822665
1.000000 , 1.000000 , 0.824748
