0.000000 , 0.000000 , -0.501331
0.000000 , 0.025641 , -0.501331
0.000000 , 0.051282 , -0.501331
0.000000 , 0.076923 , -0.501331
0.000000 , 0.102564 , -0.501331
0.000000 , 0.128205 , -0.501331
0.000000 , 0.153846 , -0.501331
0.000000 , 0.179487 , -0.501331
0.000000 , 0.205128 , -0.501331
0.000000 , 0.230769 , -0.501331
0.000000 , 0.256410 , -0.501331
0.000000 , 0.282051 , -0.501331
0.000000 , 0.307692 , -0.501331
0.000000 , 0.333333 , -0.501331
0.000000 , 0.358974 , -0.501331
0.000000 , 0.384615 , -0.501331
0.000000 , 0.410256 , -0.501331
0.000000 , 0.435897 , -0.501331
0.000000 , 0.461538 , -0.501331
0.000000 , 0.487179 , -0.501331
0.000000 , 0.512821 , -0.501331
0.000000 , 0.538462 , -0.501331
0.000000 , 0.564103 , -0.501331
0.000000 , 0.589744 , -0.501331
0.000000 , 0.615385 , -0.501331
0.000000 , 0.641026 , -0.501331
0.000000 , 0.666667 , -0.501331
0.000000 , 0.692308 , -0.501331
0.000000 , 0.717949 , -0.501331
0.000000 , 0.743590 , -0.501331
0.000000 , 0.769231 , -0.501331
0.000000 , 0.794872 , -0.501331
0.000000 , 0.820513 , -0.501331
0.000000 , 0.846154 , -0.501331
0.000000 , 0.871795 , -0.501331
0.000000 , 0.897436 , -0.501331
0.000000 , 0.923077 , -0.501331
0.000000 , 0.948718 , -0.501331
0.000000 , 0.974359 , -0.501331
0.000000 , 1.000000 , -0.501331
0.025641 , 0.000000 , -0.630734
0.025641 , 0.025641 , -0.630382
0.025641 , 0.051282 , -0.629970
0.025641 , 0.076923 , -0.629716
0.025641 , 0.102564 , -0.629911
0.025641 , 0.128205 , -0.630174
0.025641 , 0.153846 , -0.630335
0.025641 , 0.179487 , -0.630007
0.025641 , 0.205128 , -0.630359
0.025641 , 0.230769 , -0.630946
0.025641 , 0.256410 , -0.631533
0.025641 , 0.282051 , -0.632901
0.025641 , 0.307692 , -0.634281
0.025641 , 0.333333 , -0.636506
0.025641 , 0.358974 , -0.638537
0.025641 , 0.384615 , -0.640558
0.025641 , 0.410256 , -0.642952
0.025641 , 0.435897 , -0.645854
0.025641 , 0.461538 , -0.648875
0.025641 , 0.487179 , -0.650747
0.025641 , 0.512821 , -0.652294
0.025641 , 0.538462 , -0.654250
0.025641 , 0.564103 , -0.656053
0.025641 , 0.589744 , -0.657875
0.025641 , 0.615385 , -0.659623
0.025641 , 0.641026 , -0.661495
0.025641 , 0.666667 , -0.662762
0.025641 , 0.692308 , -0.664406
0.025641 , 0.717949 , -0.666077
0.025641 , 0.743590 , -0.666666
0.025641 , 0.769231 , -0.667684
0.025641 , 0.794872 , -0.668712
0.025641 , 0.820513 , -0.668960
0.025641 , 0.846154 , -0.668987
0.025641 , 0.871795 , -0.668996
0.025641 , 0.897436 , -0.669399
0.025641 , 0.923077 , -0.669547
0.025641 , 0.948718 , -0.669655
0.025641 , 0.974359 , -0.670296
0.025641 , 1.000000 , -0.670218
0.051282 , 0.000000 , -0.746958
0.051282 , 0.025641 , -0.747081
0.051282 , 0.051282 , -0.746416
0.051282 , 0.076923 , -0.745639
0.051282 , 0.102564 , -0.745571
0.051282 , 0.128205 , -0.746038
0.051282 , 0.153846 , -0.746128
0.051282 , 0.179487 , -0.746090
0.051282 , 0.205128 , -0.746048
0.051282 , 0.230769 , -0.747078
0.051282 , 0.256410 , -0.748479
0.051282 , 0.282051 , -0.750601
0.051282 , 0.307692 , -0.754228
0.051282 , 0.333333 , -0.758128
0.051282 , 0.358974 , -0.761993
0.051282 , 0.384615 , -0.765680
0.051282 , 0.410256 , -0.770126
0.051282 , 0.435897 , -0.775119
0.051282 , 0.461538 , -0.779942
0.051282 , 0.487179 , -0.784430
0.051282 , 0.512821 , -0.788189
0.051282 , 0.538462 , -0.791493
0.051282 , 0.564103 , -0.795019
0.051282 , 0.589744 , -0.798804
0.051282 , 0.615385 , -0.802522
0.051282 , 0.641026 , -0.805891
0.051282 , 0.666667 , -0.809355
0.051282 , 0.692308 , -0.812498
0.051282 , 0.717949 , -0.815227
0.051282 , 0.743590 , -0.817064
0.051282 , 0.769231 , -0.818809
0.051282 , 0.794872 , -0.820637
0.051282 , 0.820513 , -0.821234
0.051282 , 0.846154 , -0.821524
0.051282 , 0.871795 , -0.821428
0.051282 , 0.897436 , -0.820794
0.051282 , 0.923077 , -0.820820
0.051282 , 0.948718 , -0.821275
0.051282 , 0.974359 , -0.822362
0.051282 , 1.000000 , -0.823195
0.076923 , 0.000000 , -0.850595
0.076923 , 0.025641 , -0.850748
0.076923 , 0.051282 , -0.850680
0.076923 , 0.076923 , -0.849444
0.076923 , 0.102564 , -0.848838
0.076923 , 0.128205 , -0.848734
0.076923 , 0.153846 , -0.848436
0.076923 , 0.179487 , -0.848663
0.076923 , 0.205128 , -0.849398
0.076923 , 0.230769 , -0.851089
0.076923 , 0.256410 , -0.853068
0.076923 , 0.282051 , -0.855921
0.076923 , 0.307692 , -0.860678
0.076923 , 0.333333 , -0.865931
0.076923 , 0.358974 , -0.871505
0.076923 , 0.384615 , -0.877178
0.076923 , 0.410256 , -0.883675
0.076923 , 0.435897 , -0.890195
0.076923 , 0.461538 , -0.896793
0.076923 , 0.487179 , -0.902645
0.076923 , 0.512821 , -0.909051
0.076923 , 0.538462 , -0.914141
0.076923 , 0.564103 , -0.919348
0.076923 , 0.589744 , -0.924781
0.076923 , 0.615385 , -0.930456
0.076923 , 0.641026 , -0.935867
0.076923 , 0.666667 , -0.941438
0.076923 , 0.692308 , -0.945578
0.076923 , 0.717949 , -0.949097
0.076923 , 0.743590 , -0.952047
0.076923 , 0.769231 , -0.954335
0.076923 , 0.794872 , -0.956749
0.076923 , 0.820513 , -0.958022
0.076923 , 0.846154 , -0.958555
0.076923 , 0.871795 , -0.958487
0.076923 , 0.897436 , -0.957830
0.076923 , 0.923077 , -0.957037
0.076923 , 0.948718 , -0.958454
0.076923 , 0.974359 , -0.959288
0.076923 , 1.000000 , -0.960084
0.102564 , 0.000000 , -0.943945
0.102564 , 0.025641 , -0.943383
0.102564 , 0.051282 , -0.942884
0.102564 , 0.076923 , -0.941775
0.102564 , 0.102564 , -0.940893
0.102564 , 0.128205 , -0.939925
0.102564 , 0.153846 , -0.939277
0.102564 , 0.179487 , -0.939554
0.102564 , 0.205128 , -0.941543
0.102564 , 0.230769 , -0.944315
0.102564 , 0.256410 , -0.946964
0.102564 , 0.282051 , -0.950080
0.102564 , 0.307692 , -0.955440
0.102564 , 0.333333 , -0.961947
0.102564 , 0.358974 , -0.968573
0.102564 , 0.384615 , -0.975751
0.102564 , 0.410256 , -0.984200
0.102564 , 0.435897 , -0.992025
0.102564 , 0.461538 , -1.000065
0.102564 , 0.487179 , -1.008023
0.102564 , 0.512821 , -1.016314
0.102564 , 0.538462 , -1.023887
0.102564 , 0.564103 , -1.030577
0.102564 , 0.589744 , -1.037954
0.102564 , 0.615385 , -1.045730
0.102564 , 0.641026 , -1.052793
0.102564 , 0.666667 , -1.059322
0.102564 , 0.692308 , -1.064996
0.102564 , 0.717949 , -1.069063
0.102564 , 0.743590 , -1.072994
0.102564 , 0.769231 , -1.075444
0.102564 , 0.794872 , -1.078139
0.102564 , 0.820513 , -1.079824
0.102564 , 0.846154 , -1.080205
0.102564 , 0.871795 , -1.079557
0.102564 , 0.897436 , -1.079609
0.102564 , 0.923077 , -1.079563
0.102564 , 0.948718 , -1.080585
0.102564 , 0.974359 , -1.082123
0.102564 , 1.000000 , -1.082623
0.128205 , 0.000000 , -1.028020
0.128205 , 0.025641 , -1.026883
0.128205 , 0.051282 , -1.025829
0.128205 , 0.076923 , -1.024640
0.128205 , 0.102564 , -1.023675
0.128205 , 0.128205 , -1.022473
0.128205 , 0.153846 , -1.021695
0.128205 , 0.179487 , -1.022030
0.128205 , 0.205128 , -1.024137
0.128205 , 0.230769 , -1.026626
0.128205 , 0.256410 , -1.029343
0.128205 , 0.282051 , -1.033129
0.128205 , 0.307692 , -1.038866
0.128205 , 0.333333 , -1.045829
0.128205 , 0.358974 , -1.054021
0.128205 , 0.384615 , -1.062493
0.128205 , 0.410256 , -1.071462
0.128205 , 0.435897 , -1.080552
0.128205 , 0.461538 , -1.090470
0.128205 , 0.487179 , -1.100620
0.128205 , 0.512821 , -1.111191
0.128205 , 0.538462 , -1.120800
0.128205 , 0.564103 , -1.129237
0.128205 , 0.589744 , -1.138348
0.128205 , 0.615385 , -1.147674
0.128205 , 0.641026 , -1.156938
0.128205 , 0.666667 , -1.164578
0.128205 , 0.692308 , -1.170905
0.128205 , 0.717949 , -1.176160
0.128205 , 0.743590 , -1.180611
0.128205 , 0.769231 , -1.183581
0.128205 , 0.794872 , -1.187017
0.128205 , 0.820513 , -1.189203
0.128205 , 0.846154 , -1.189148
0.128205 , 0.871795 , -1.188491
0.128205 , 0.897436 , -1.188637
0.128205 , 0.923077 , -1.188958
0.128205 , 0.948718 , -1.189067
0.128205 , 0.974359 , -1.189943
0.128205 , 1.000000 , -1.190862
0.153846 , 0.000000 , -1.103006
0.153846 , 0.025641 , -1.102163
0.153846 , 0.051282 , -1.100666
0.153846 , 0.076923 , -1.099670
0.153846 , 0.102564 , -1.098182
0.153846 , 0.128205 , -1.096361
0.153846 , 0.153846 , -1.095582
0.153846 , 0.179487 , -1.095952
0.153846 , 0.205128 , -1.097798
0.153846 , 0.230769 , -1.099751
0.153846 , 0.256410 , -1.102163
0.153846 , 0.282051 , -1.106535
0.153846 , 0.307692 , -1.112654
0.153846 , 0.333333 , -1.119929
0.153846 , 0.358974 , -1.128864
0.153846 , 0.384615 , -1.138751
0.153846 , 0.410256 , -1.148409
0.153846 , 0.435897 , -1.158617
0.153846 , 0.461538 , -1.170587
0.153846 , 0.487179 , -1.182296
0.153846 , 0.512821 , -1.194227
0.153846 , 0.538462 , -1.205746
0.153846 , 0.564103 , -1.216026
0.153846 , 0.589744 , -1.226212
0.153846 , 0.615385 , -1.236800
0.153846 , 0.641026 , -1.247228
0.153846 , 0.666667 , -1.256312
0.153846 , 0.692308 , -1.263760
0.153846 , 0.717949 , -1.269998
0.153846 , 0.743590 , -1.275152
0.153846 , 0.769231 , -1.278401
0.153846 , 0.794872 , -1.282395
0.153846 , 0.820513 , -1.285111
0.153846 , 0.846154 , -1.285730
0.153846 , 0.871795 , -1.285726
0.153846 , 0.897436 , -1.285255
0.153846 , 0.923077 , -1.284726
0.153846 , 0.948718 , -1.284411
0.153846 , 0.974359 , -1.284874
0.153846 , 1.000000 , -1.285267
0.179487 , 0.000000 , -1.170081
0.179487 , 0.025641 , -1.168856
0.179487 , 0.051282 , -1.167249
0.179487 , 0.076923 , -1.165405
0.179487 , 0.102564 , -1.163399
0.179487 , 0.128205 , -1.161182
0.179487 , 0.153846 , -1.160406
0.179487 , 0.179487 , -1.160913
0.179487 , 0.205128 , -1.162692
0.179487 , 0.230769 , -1.165011
0.179487 , 0.256410 , -1.167392
0.179487 , 0.282051 , -1.171885
0.179487 , 0.307692 , -1.178553
0.179487 , 0.333333 , -1.186152
0.179487 , 0.358974 , -1.194854
0.179487 , 0.384615 , -1.205483
0.179487 , 0.410256 , -1.216229
0.179487 , 0.435897 , -1.227600
0.179487 , 0.461538 , -1.240803
0.179487 , 0.487179 , -1.253660
0.179487 , 0.512821 , -1.266563
0.179487 , 0.538462 , -1.278967
0.179487 , 0.564103 , -1.290702
0.179487 , 0.589744 , -1.302050
0.179487 , 0.615385 , -1.313858
0.179487 , 0.641026 , -1.324860
0.179487 , 0.666667 , -1.335227
0.179487 , 0.692308 , -1.343769
0.179487 , 0.717949 , -1.350830
0.179487 , 0.743590 , -1.356963
0.179487 , 0.769231 , -1.360685
0.179487 , 0.794872 , -1.365073
0.179487 , 0.820513 , -1.367131
0.179487 , 0.846154 , -1.367858
0.179487 , 0.871795 , -1.369082
0.179487 , 0.897436 , -1.368795
0.179487 , 0.923077 , -1.367486
0.179487 , 0.948718 , -1.366698
0.179487 , 0.974359 , -1.366970
0.179487 , 1.000000 , -1.366976
0.205128 , 0.000000 , -1.228696
0.205128 , 0.025641 , -1.227822
0.205128 , 0.051282 , -1.225925
0.205128 , 0.076923 , -1.224031
0.205128 , 0.102564 , -1.221427
0.205128 , 0.128205 , -1.219223
0.205128 , 0.153846 , -1.218378
0.205128 , 0.179487 , -1.218564
0.205128 , 0.205128 , -1.219863
0.205128 , 0.230769 , -1.222584
0.205128 , 0.256410 , -1.225710
0.205128 , 0.282051 , -1.230182
0.205128 , 0.307692 , -1.237407
0.205128 , 0.333333 , -1.245733
0.205128 , 0.358974 , -1.253983
0.205128 , 0.384615 , -1.264455
0.205128 , 0.410256 , -1.275946
0.205128 , 0.435897 , -1.288612
0.205128 , 0.461538 , -1.301560
0.205128 , 0.487179 , -1.315146
0.205128 , 0.512821 , -1.329174
0.205128 , 0.538462 , -1.342637
0.205128 , 0.564103 , -1.355044
0.205128 , 0.589744 , -1.367383
0.205128 , 0.615385 , -1.379251
0.205128 , 0.641026 , -1.390947
0.205128 , 0.666667 , -1.402269
0.205128 , 0.692308 , -1.412786
0.205128 , 0.717949 , -1.420624
0.205128 , 0.743590 , -1.426200
0.205128 , 0.769231 , -1.430395
0.205128 , 0.794872 , -1.435224
0.205128 , 0.820513 , -1.438247
0.205128 , 0.846154 , -1.438797
0.205128 , 0.871795 , -1.440150
0.205128 , 0.897436 , -1.440420
0.205128 , 0.923077 , -1.439372
0.205128 , 0.948718 , -1.438088
0.205128 , 0.974359 , -1.437101
0.205128 , 1.000000 , -1.436549
0.230769 , 0.000000 , -1.279737
0.230769 , 0.025641 , -1.279228
0.230769 , 0.051282 , -1.277160
0.230769 , 0.076923 , -1.275456
0.230769 , 0.102564 , -1.272884
0.230769 , 0.128205 , -1.270695
0.230769 , 0.153846 , -1.269637
0.230769 , 0.179487 , -1.269787
0.230769 , 0.205128 , -1.270979
0.230769 , 0.230769 , -1.274206
0.230769 , 0.256410 , -1.278106
0.230769 , 0.282051 , -1.282184
0.230769 , 0.307692 , -1.289488
0.230769 , 0.333333 , -1.298164
0.230769 , 0.358974 , -1.307085
0.230769 , 0.384615 , -1.316502
0.230769 , 0.410256 , -1.327905
0.230769 , 0.435897 , -1.341027
0.230769 , 0.461538 , -1.354132
0.230769 , 0.487179 , -1.367829
0.230769 , 0.512821 , -1.382196
0.230769 , 0.538462 , -1.396413
0.230769 , 0.564103 , -1.409646
0.230769 , 0.589744 , -1.422346
0.230769 , 0.615385 , -1.435161
0.230769 , 0.641026 , -1.447485
0.230769 , 0.666667 , -1.458825
0.230769 , 0.692308 , -1.469374
0.230769 , 0.717949 , -1.478032
0.230769 , 0.743590 , -1.484407
0.230769 , 0.769231 , -1.489273
0.230769 , 0.794872 , -1.494071
0.230769 , 0.820513 , -1.497552
0.230769 , 0.846154 , -1.498744
0.230769 , 0.871795 , -1.499983
0.230769 , 0.897436 , -1.500658
0.230769 , 0.923077 , -1.500367
0.230769 , 0.948718 , -1.499050
0.230769 , 0.974359 , -1.497537
0.230769 , 1.000000 , -1.496513
0.256410 , 0.000000 , -1.324692
0.256410 , 0.025641 , -1.323879
0.256410 , 0.051282 , -1.321889
0.256410 , 0.076923 , -1.320427
0.256410 , 0.102564 , -1.318700
0.256410 , 0.128205 , -1.316453
0.256410 , 0.153846 , -1.315269
0.256410 , 0.179487 , -1.315497
0.256410 , 0.205128 , -1.316800
0.256410 , 0.230769 , -1.320748
0.256410 , 0.256410 , -1.324921
0.256410 , 0.282051 , -1.329067
0.256410 , 0.307692 , -1.334978
0.256410 , 0.333333 , -1.343381
0.256410 , 0.358974 , -1.352739
0.256410 , 0.384615 , -1.361843
0.256410 , 0.410256 , -1.372715
0.256410 , 0.435897 , -1.385751
0.256410 , 0.461538 , -1.398607
0.256410 , 0.487179 , -1.412077
0.256410 , 0.512821 , -1.426485
0.256410 , 0.538462 , -1.441199
0.256410 , 0.564103 , -1.454366
0.256410 , 0.589744 , -1.466896
0.256410 , 0.615385 , -1.480708
0.256410 , 0.641026 , -1.493539
0.256410 , 0.666667 , -1.504715
0.256410 , 0.692308 , -1.514716
0.256410 , 0.717949 , -1.523553
0.256410 , 0.743590 , -1.531316
0.256410 , 0.769231 , -1.537563
0.256410 , 0.794872 , -1.542874
0.256410 , 0.820513 , -1.546000
0.256410 , 0.846154 , -1.547613
0.256410 , 0.871795 , -1.548544
0.256410 , 0.897436 , -1.549634
0.256410 , 0.923077 , -1.548936
0.256410 , 0.948718 , -1.548472
0.256410 , 0.974359 , -1.547744
0.256410 , 1.000000 , -1.546867
0.282051 , 0.000000 , -1.362751
0.282051 , 0.025641 , -1.362402
0.282051 , 0.051282 , -1.360876
0.282051 , 0.076923 , -1.359896
0.282051 , 0.102564 , -1.358231
0.282051 , 0.128205 , -1.356420
0.282051 , 0.153846 , -1.355330
0.282051 , 0.179487 , -1.355846
0.282051 , 0.205128 , -1.357587
0.282051 , 0.230769 , -1.361401
0.282051 , 0.256410 , -1.365498
0.282051 , 0.282051 , -1.369513
0.282051 , 0.307692 , -1.374911
0.282051 , 0.333333 , -1.381939
0.282051 , 0.358974 , -1.390870
0.282051 , 0.384615 , -1.400192
0.282051 , 0.410256 , -1.410585
0.282051 , 0.435897 , -1.423500
0.282051 , 0.461538 , -1.436500
0.282051 , 0.487179 , -1.449426
0.282051 , 0.512821 , -1.463436
0.282051 , 0.538462 , -1.477239
0.282051 , 0.564103 , -1.490037
0.282051 , 0.589744 , -1.502924
0.282051 , 0.615385 , -1.516893
0.282051 , 0.641026 , -1.530055
0.282051 , 0.666667 , -1.541201
0.282051 , 0.692308 , -1.550672
0.282051 , 0.717949 , -1.559271
0.282051 , 0.743590 , -1.567261
0.282051 , 0.769231 , -1.574386
0.282051 , 0.794872 , -1.580134
0.282051 , 0.820513 , -1.584069
0.282051 , 0.846154 , -1.585734
0.282051 , 0.871795 , -1.586226
0.282051 , 0.897436 , -1.587115
0.282051 , 0.923077 , -1.586557
0.282051 , 0.948718 , -1.586698
0.282051 , 0.974359 , -1.586421
0.282051 , 1.000000 , -1.585774
0.307692 , 0.000000 , -1.395721
0.307692 , 0.025641 , -1.396137
0.307692 , 0.051282 , -1.395152
0.307692 , 0.076923 , -1.394954
0.307692 , 0.102564 , -1.393659
0.307692 , 0.128205 , -1.391802
0.307692 , 0.153846 , -1.390505
0.307692 , 0.179487 , -1.391305
0.307692 , 0.205128 , -1.393339
0.307692 , 0.230769 , -1.396439
0.307692 , 0.256410 , -1.400035
0.307692 , 0.282051 , -1.403569
0.307692 , 0.307692 , -1.408668
0.307692 , 0.333333 , -1.415344
0.307692 , 0.358974 , -1.423550
0.307692 , 0.384615 , -1.432488
0.307692 , 0.410256 , -1.442728
0.307692 , 0.435897 , -1.454995
0.307692 , 0.461538 , -1.468080
0.307692 , 0.487179 , -1.480175
0.307692 , 0.512821 , -1.493285
0.307692 , 0.538462 , -1.506135
0.307692 , 0.564103 , -1.518631
0.307692 , 0.589744 , -1.531877
0.307692 , 0.615385 , -1.544876
0.307692 , 0.641026 , -1.557394
0.307692 , 0.666667 , -1.568563
0.307692 , 0.692308 , -1.577678
0.307692 , 0.717949 , -1.586196
0.307692 , 0.743590 , -1.593856
0.307692 , 0.769231 , -1.600562
0.307692 , 0.794872 , -1.606127
0.307692 , 0.820513 , -1.610226
0.307692 , 0.846154 , -1.612448
0.307692 , 0.871795 , -1.614411
0.307692 , 0.897436 , -1.615758
0.307692 , 0.923077 , -1.615295
0.307692 , 0.948718 , -1.615319
0.307692 , 0.974359 , -1.615025
0.307692 , 1.000000 , -1.614150
0.333333 , 0.000000 , -1.424522
0.333333 , 0.025641 , -1.425396
0.333333 , 0.051282 , -1.425385
0.333333 , 0.076923 , -1.425304
0.333333 , 0.102564 , -1.424739
0.333333 , 0.128205 , -1.423188
0.333333 , 0.153846 , -1.421750
0.333333 , 0.179487 , -1.422852
0.333333 , 0.205128 , -1.424872
0.333333 , 0.230769 , -1.427508
0.333333 , 0.256410 , -1.430410
0.333333 , 0.282051 , -1.433774
0.333333 , 0.307692 , -1.438304
0.333333 , 0.333333 , -1.444291
0.333333 , 0.358974 , -1.452010
0.333333 , 0.384615 , -1.460574
0.333333 , 0.410256 , -1.470082
0.333333 , 0.435897 , -1.480760
0.333333 , 0.461538 , -1.492953
0.333333 , 0.487179 , -1.504647
0.333333 , 0.512821 , -1.516662
0.333333 , 0.538462 , -1.528838
0.333333 , 0.564103 , -1.541104
0.333333 , 0.589744 , -1.553705
0.333333 , 0.615385 , -1.565634
0.333333 , 0.641026 , -1.577426
0.333333 , 0.666667 , -1.588403
0.333333 , 0.692308 , -1.597225
0.333333 , 0.717949 , -1.604848
0.333333 , 0.743590 , -1.611637
0.333333 , 0.769231 , -1.617899
0.333333 , 0.794872 , -1.623366
0.333333 , 0.820513 , -1.627749
0.333333 , 0.846154 , -1.630851
0.333333 , 0.871795 , -1.633609
0.333333 , 0.897436 , -1.635250
0.333333 , 0.923077 , -1.634985
0.333333 , 0.948718 , -1.634847
0.333333 , 0.974359 , -1.634371
0.333333 , 1.000000 , -1.634062
0.358974 , 0.000000 , -1.449393
0.358974 , 0.025641 , -1.450192
0.358974 , 0.051282 , -1.451399
0.358974 , 0.076923 , -1.451481
0.358974 , 0.102564 , -1.451156
0.358974 , 0.128205 , -1.450438
0.358974 , 0.153846 , -1.449730
0.358974 , 0.179487 , -1.451086
0.358974 , 0.205128 , -1.453952
0.358974 , 0.230769 , -1.456095
0.358974 , 0.256410 , -1.458608
0.358974 , 0.282051 , -1.460894
0.358974 , 0.307692 , -1.464459
0.358974 , 0.333333 , -1.469952
0.358974 , 0.358974 , -1.476447
0.358974 , 0.384615 , -1.483809
0.358974 , 0.410256 , -1.492520
0.358974 , 0.435897 , -1.502132
0.358974 , 0.461538 , -1.512766
0.358974 , 0.487179 , -1.523839
0.358974 , 0.512821 , -1.534347
0.358974 , 0.538462 , -1.545529
0.358974 , 0.564103 , -1.556880
0.358974 , 0.589744 , -1.568694
0.358974 , 0.615385 , -1.579751
0.358974 , 0.641026 , -1.590195
0.358974 , 0.666667 , -1.600064
0.358974 , 0.692308 , -1.608739
0.358974 , 0.717949 , -1.615969
0.358974 , 0.743590 , -1.621953
0.358974 , 0.769231 , -1.628271
0.358974 , 0.794872 , -1.633869
0.358974 , 0.820513 , -1.638743
0.358974 , 0.846154 , -1.642608
0.358974 , 0.871795 , -1.645160
0.358974 , 0.897436 , -1.646684
0.358974 , 0.923077 , -1.646828
0.358974 , 0.948718 , -1.646809
0.358974 , 0.974359 , -1.646841
0.358974 , 1.000000 , -1.646938
0.384615 , 0.000000 , -1.471010
0.384615 , 0.025641 , -1.471228
0.384615 , 0.051282 , -1.472788
0.384615 , 0.076923 , -1.473450
0.384615 , 0.102564 , -1.472933
0.384615 , 0.128205 , -1.473045
0.384615 , 0.153846 , -1.473265
0.384615 , 0.179487 , -1.474600
0.384615 , 0.205128 , -1.477230
0.384615 , 0.230769 , -1.479493
0.384615 , 0.256410 , -1.481686
0.384615 , 0.282051 , -1.483510
0.384615 , 0.307692 , -1.487134
0.384615 , 0.333333 , -1.492031
0.384615 , 0.358974 , -1.497390
0.384615 , 0.384615 , -1.503633
0.384615 , 0.410256 , -1.510795
0.384615 , 0.435897 , -1.519096
0.384615 , 0.461538 , -1.528246
0.384615 , 0.487179 , -1.537804
0.384615 , 0.512821 , -1.546861
0.384615 , 0.538462 , -1.556835
0.384615 , 0.564103 , -1.566973
0.384615 , 0.589744 , -1.577156
0.384615 , 0.615385 , -1.586800
0.384615 , 0.641026 , -1.595864
0.384615 , 0.666667 , -1.604593
0.384615 , 0.692308 , -1.612727
0.384615 , 0.717949 , -1.620305
0.384615 , 0.743590 , -1.626870
0.384615 , 0.769231 , -1.632929
0.384615 , 0.794872 , -1.638596
0.384615 , 0.820513 , -1.643385
0.384615 , 0.846154 , -1.647688
0.384615 , 0.871795 , -1.650428
0.384615 , 0.897436 , -1.651954
0.384615 , 0.923077 , -1.651974
0.384615 , 0.948718 , -1.652079
0.384615 , 0.974359 , -1.651818
0.384615 , 1.000000 , -1.652477
0.410256 , 0.000000 , -1.489742
0.410256 , 0.025641 , -1.489557
0.410256 , 0.051282 , -1.490860
0.410256 , 0.076923 , -1.492431
0.410256 , 0.102564 , -1.493000
0.410256 , 0.128205 , -1.493339
0.410256 , 0.153846 , -1.494114
0.410256 , 0.179487 , -1.495491
0.410256 , 0.205128 , -1.497086
0.410256 , 0.230769 , -1.498874
0.410256 , 0.256410 , -1.501128
0.410256 , 0.282051 , -1.503058
0.410256 , 0.307692 , -1.506798
0.410256 , 0.333333 , -1.511294
0.410256 , 0.358974 , -1.515886
0.410256 , 0.384615 , -1.520590
0.410256 , 0.410256 , -1.525870
0.410256 , 0.435897 , -1.532291
0.410256 , 0.461538 , -1.539777
0.410256 , 0.487179 , -1.547425
0.410256 , 0.512821 , -1.555264
0.410256 , 0.538462 , -1.563626
0.410256 , 0.564103 , -1.572103
0.410256 , 0.589744 , -1.580991
0.410256 , 0.615385 , -1.589047
0.410256 , 0.641026 , -1.597163
0.410256 , 0.666667 , -1.605016
0.410256 , 0.692308 , -1.612172
0.410256 , 0.717949 , -1.618920
0.410256 , 0.743590 , -1.626122
0.410256 , 0.769231 , -1.632404
0.410256 , 0.794872 , -1.637983
0.410256 , 0.820513 , -1.642312
0.410256 , 0.846154 , -1.646007
0.410256 , 0.871795 , -1.649130
0.410256 , 0.897436 , -1.651128
0.410256 , 0.923077 , -1.651911
0.410256 , 0.948718 , -1.652051
0.410256 , 0.974359 , -1.651644
0.410256 , 1.000000 , -1.651355
0.435897 , 0.000000 , -1.505599
0.435897 , 0.025641 , -1.505624
0.435897 , 0.051282 , -1.506968
0.435897 , 0.076923 , -1.508514
0.435897 , 0.102564 , -1.509633
0.435897 , 0.128205 , -1.510583
0.435897 , 0.153846 , -1.511841
0.435897 , 0.179487 , -1.514166
0.435897 , 0.205128 , -1.515476
0.435897 , 0.230769 , -1.516978
0.435897 , 0.256410 , -1.518742
0.435897 , 0.282051 , -1.521335
0.435897 , 0.307692 , -1.524303
0.435897 , 0.333333 , -1.528241
0.435897 , 0.358974 , -1.531344
0.435897 , 0.384615 , -1.534357
0.435897 , 0.410256 , -1.538188
0.435897 , 0.435897 , -1.542735
0.435897 , 0.461538 , -1.548334
0.435897 , 0.487179 , -1.554256
0.435897 , 0.512821 , -1.560626
0.435897 , 0.538462 , -1.567181
0.435897 , 0.564103 , -1.573752
0.435897 , 0.589744 , -1.580552
0.435897 , 0.615385 , -1.587461
0.435897 , 0.641026 , -1.594352
0.435897 , 0.666667 , -1.601182
0.435897 , 0.692308 , -1.607214
0.435897 , 0.717949 , -1.612849
0.435897 , 0.743590 , -1.619321
0.435897 , 0.769231 , -1.625686
0.435897 , 0.794872 , -1.631221
0.435897 , 0.820513 , -1.635540
0.435897 , 0.846154 , -1.639520
0.435897 , 0.871795 , -1.642824
0.435897 , 0.897436 , -1.645255
0.435897 , 0.923077 , -1.646490
0.435897 , 0.948718 , -1.646682
0.435897 , 0.974359 , -1.646547
0.435897 , 1.000000 , -1.645768
0.461538 , 0.000000 , -1.518706
0.461538 , 0.025641 , -1.519179
0.461538 , 0.051282 , -1.521194
0.461538 , 0.076923 , -1.522868
0.461538 , 0.102564 , -1.523694
0.461538 , 0.128205 , -1.525022
0.461538 , 0.153846 , -1.526595
0.461538 , 0.179487 , -1.528923
0.461538 , 0.205128 , -1.531257
0.461538 , 0.230769 , -1.532742
0.461538 , 0.256410 , -1.533801
0.461538 , 0.282051 , -1.536389
0.461538 , 0.307692 , -1.539183
0.461538 , 0.333333 , -1.541834
0.461538 , 0.358974 , -1.543995
0.461538 , 0.384615 , -1.545950
0.461538 , 0.410256 , -1.548171
0.461538 , 0.435897 , -1.551121
0.461538 , 0.461538 , -1.554307
0.461538 , 0.487179 , -1.558492
0.461538 , 0.512821 , -1.563128
0.461538 , 0.538462 , -1.568085
0.461538 , 0.564103 , -1.572959
0.461538 , 0.589744 , -1.577386
0.461538 , 0.615385 , -1.582267
0.461538 , 0.641026 , -1.587403
0.461538 , 0.666667 , -1.593393
0.461538 , 0.692308 , -1.598679
0.461538 , 0.717949 , -1.603731
0.461538 , 0.743590 , -1.609031
0.461538 , 0.769231 , -1.614505
0.461538 , 0.794872 , -1.619467
0.461538 , 0.820513 , -1.623937
0.461538 , 0.846154 , -1.628135
0.461538 , 0.871795 , -1.631326
0.461538 , 0.897436 , -1.633675
0.461538 , 0.923077 , -1.634795
0.461538 , 0.948718 , -1.634925
0.461538 , 0.974359 , -1.634646
0.461538 , 1.000000 , -1.634644
0.487179 , 0.000000 , -1.530336
0.487179 , 0.025641 , -1.530983
0.487179 , 0.051282 , -1.532825
0.487179 , 0.076923 , -1.534929
0.487179 , 0.102564 , -1.536174
0.487179 , 0.128205 , -1.537567
0.487179 , 0.153846 , -1.539894
0.487179 , 0.179487 , -1.542192
0.487179 , 0.205128 , -1.544340
0.487179 , 0.230769 , -1.546483
0.487179 , 0.256410 , -1.547527
0.487179 , 0.282051 , -1.549156
0.487179 , 0.307692 , -1.551284
0.487179 , 0.333333 , -1.553016
0.487179 , 0.358974 , -1.554000
0.487179 , 0.384615 , -1.555316
0.487179 , 0.410256 , -1.556016
0.487179 , 0.435897 , -1.557395
0.487179 , 0.461538 , -1.558640
0.487179 , 0.487179 , -1.560604
0.487179 , 0.512821 , -1.563255
0.487179 , 0.538462 , -1.565911
0.487179 , 0.564103 , -1.569293
0.487179 , 0.589744 , -1.572412
0.487179 , 0.615385 , -1.575379
0.487179 , 0.641026 , -1.578455
0.487179 , 0.666667 , -1.582464
0.487179 , 0.692308 , -1.586303
0.487179 , 0.717949 , -1.590478
0.487179 , 0.743590 , -1.594825
0.487179 , 0.769231 , -1.599103
0.487179 , 0.794872 , -1.603212
0.487179 , 0.820513 , -1.607512
0.487179 , 0.846154 , -1.611438
0.487179 , 0.871795 , -1.614648
0.487179 , 0.897436 , -1.616981
0.487179 , 0.923077 , -1.618302
0.487179 , 0.948718 , -1.618336
0.487179 , 0.974359 , -1.618054
0.487179 , 1.000000 , -1.617651
0.512821 , 0.000000 , -1.540246
0.512821 , 0.025641 , -1.540872
0.512821 , 0.051282 , -1.542248
0.512821 , 0.076923 , -1.544702
0.512821 , 0.102564 , -1.547314
0.512821 , 0.128205 , -1.548746
0.512821 , 0.153846 , -1.550886
0.512821 , 0.179487 , -1.553438
0.512821 , 0.205128 , -1.555475
0.512821 , 0.230769 , -1.557553
0.512821 , 0.256410 , -1.559318
0.512821 , 0.282051 , -1.560185
0.512821 , 0.307692 , -1.561075
0.512821 , 0.333333 , -1.561699
0.512821 , 0.358974 , -1.561579
0.512821 , 0.384615 , -1.561688
0.512821 , 0.410256 , -1.561322
0.512821 , 0.435897 , -1.561156
0.512821 , 0.461538 , -1.560634
0.512821 , 0.487179 , -1.560534
0.512821 , 0.512821 , -1.561161
0.512821 , 0.538462 , -1.561841
0.512821 , 0.564103 , -1.563125
0.512821 , 0.589744 , -1.564324
0.512821 , 0.615385 , -1.565631
0.512821 , 0.641026 , -1.567345
0.512821 , 0.666667 , -1.569152
0.512821 , 0.692308 , -1.571343
0.512821 , 0.717949 , -1.574034
0.512821 , 0.743590 , -1.577448
0.512821 , 0.769231 , -1.580899
0.512821 , 0.794872 , -1.584190
0.512821 , 0.820513 , -1.587553
0.512821 , 0.846154 , -1.590865
0.512821 , 0.871795 , -1.593887
0.512821 , 0.897436 , -1.596641
0.512821 , 0.923077 , -1.598737
0.512821 , 0.948718 , -1.599502
0.512821 , 0.974359 , -1.599062
0.512821 , 1.000000 , -1.598544
0.538462 , 0.000000 , -1.548351
0.538462 , 0.025641 , -1.549247
0.538462 , 0.051282 , -1.550822
0.538462 , 0.076923 , -1.552737
0.538462 , 0.102564 , -1.555714
0.538462 , 0.128205 , -1.558339
0.538462 , 0.153846 , -1.560243
0.538462 , 0.179487 , -1.562658
0.538462 , 0.205128 , -1.564731
0.538462 , 0.230769 , -1.566560
0.538462 , 0.256410 , -1.567951
0.538462 , 0.282051 , -1.568890
0.538462 , 0.307692 , -1.569241
0.538462 , 0.333333 , -1.568736
0.538462 , 0.358974 , -1.567935
0.538462 , 0.384615 , -1.566384
0.538462 , 0.410256 , -1.564813
0.538462 , 0.435897 , -1.563060
0.538462 , 0.461538 , -1.561070
0.538462 , 0.487179 , -1.558945
0.538462 , 0.512821 , -1.556820
0.538462 , 0.538462 , -1.555551
0.538462 , 0.564103 , -1.555018
0.538462 , 0.589744 , -1.554672
0.538462 , 0.615385 , -1.554093
0.538462 , 0.641026 , -1.553977
0.538462 , 0.666667 , -1.553648
0.538462 , 0.692308 , -1.553893
0.538462 , 0.717949 , -1.554680
0.538462 , 0.743590 , -1.557086
0.538462 , 0.769231 , -1.560145
0.538462 , 0.794872 , -1.563277
0.538462 , 0.820513 , -1.565923
0.538462 , 0.846154 , -1.568544
0.538462 , 0.871795 , -1.570998
0.538462 , 0.897436 , -1.573764
0.538462 , 0.923077 , -1.575834
0.538462 , 0.948718 , -1.577108
0.538462 , 0.974359 , -1.577190
0.538462 , 1.000000 , -1.577265
0.564103 , 0.000000 , -1.554245
0.564103 , 0.025641 , -1.555563
0.564103 , 0.051282 , -1.557543
0.564103 , 0.076923 , -1.559581
0.564103 , 0.102564 , -1.562652
0.564103 , 0.128205 , -1.565622
0.564103 , 0.153846 , -1.567681
0.564103 , 0.179487 , -1.569716
0.564103 , 0.205128 , -1.572253
0.564103 , 0.230769 , -1.573833
0.564103 , 0.256410 , -1.574591
0.564103 , 0.282051 , -1.575177
0.564103 , 0.307692 , -1.575644
0.564103 , 0.333333 , -1.574483
0.564103 , 0.358974 , -1.572109
0.564103 , 0.384615 , -1.569202
0.564103 , 0.410256 , -1.566106
0.564103 , 0.435897 , -1.562854
0.564103 , 0.461538 , -1.559098
0.564103 , 0.487179 , -1.555375
0.564103 , 0.512821 , -1.551624
0.564103 , 0.538462 , -1.547596
0.564103 , 0.564103 , -1.544873
0.564103 , 0.589744 , -1.542573
0.564103 , 0.615385 , -1.540518
0.564103 , 0.641026 , -1.538288
0.564103 , 0.666667 , -1.536392
0.564103 , 0.692308 , -1.534602
0.564103 , 0.717949 , -1.534043
0.564103 , 0.743590 , -1.535417
0.564103 , 0.769231 , -1.537227
0.564103 , 0.794872 , -1.539557
0.564103 , 0.820513 , -1.541360
0.564103 , 0.846154 , -1.543799
0.564103 , 0.871795 , -1.546361
0.564103 , 0.897436 , -1.549409
0.564103 , 0.923077 , -1.550955
0.564103 , 0.948718 , -1.551509
0.564103 , 0.974359 , -1.552921
0.564103 , 1.000000 , -1.553477
0.589744 , 0.000000 , -1.558763
0.589744 , 0.025641 , -1.559622
0.589744 , 0.051282 , -1.562124
0.589744 , 0.076923 , -1.564731
0.589744 , 0.102564 , -1.568052
0.589744 , 0.128205 , -1.570747
0.589744 , 0.153846 , -1.572664
0.589744 , 0.179487 , -1.575215
0.589744 , 0.205128 , -1.577676
0.589744 , 0.230769 , -1.579177
0.589744 , 0.256410 , -1.580023
0.589744 , 0.282051 , -1.579754
0.589744 , 0.307692 , -1.579283
0.589744 , 0.333333 , -1.578204
0.589744 , 0.358974 , -1.574474
0.589744 , 0.384615 , -1.570145
0.589744 , 0.410256 , -1.565725
0.589744 , 0.435897 , -1.560784
0.589744 , 0.461538 , -1.555589
0.589744 , 0.487179 , -1.550777
0.589744 , 0.512821 , -1.545298
0.589744 , 0.538462 , -1.539282
0.589744 , 0.564103 , -1.533888
0.589744 , 0.589744 , -1.529471
0.589744 , 0.615385 , -1.525666
0.589744 , 0.641026 , -1.521471
0.589744 , 0.666667 , -1.518182
0.589744 , 0.692308 , -1.515275
0.589744 , 0.717949 , -1.512692
0.589744 , 0.743590 , -1.512291
0.589744 , 0.769231 , -1.513298
0.589744 , 0.794872 , -1.514863
0.589744 , 0.820513 , -1.516717
0.589744 , 0.846154 , -1.518833
0.589744 , 0.871795 , -1.521019
0.589744 , 0.897436 , -1.523133
0.589744 , 0.923077 , -1.524481
0.589744 , 0.948718 , -1.524893
0.589744 , 0.974359 , -1.526198
0.589744 , 1.000000 , -1.526443
0.615385 , 0.000000 , -1.561718
0.615385 , 0.025641 , -1.562122
0.615385 , 0.051282 , -1.565049
0.615385 , 0.076923 , -1.567814
0.615385 , 0.102564 , -1.570801
0.615385 , 0.128205 , -1.573754
0.615385 , 0.153846 , -1.575949
0.615385 , 0.179487 , -1.578564
0.615385 , 0.205128 , -1.581601
0.615385 , 0.230769 , -1.582901
0.615385 , 0.256410 , -1.584032
0.615385 , 0.282051 , -1.583160
0.615385 , 0.307692 , -1.581252
0.615385 , 0.333333 , -1.579697
0.615385 , 0.358974 , -1.575753
0.615385 , 0.384615 , -1.570168
0.615385 , 0.410256 , -1.564528
0.615385 , 0.435897 , -1.558216
0.615385 , 0.461538 , -1.551400
0.615385 , 0.487179 , -1.544851
0.615385 , 0.512821 , -1.537665
0.615385 , 0.538462 , -1.530027
0.615385 , 0.564103 , -1.522311
0.615385 , 0.589744 , -1.515710
0.615385 , 0.615385 , -1.510663
0.615385 , 0.641026 , -1.504772
0.615385 , 0.666667 , -1.499730
0.615385 , 0.692308 , -1.495795
0.615385 , 0.717949 , -1.491737
0.615385 , 0.743590 , -1.489005
0.615385 , 0.769231 , -1.488778
0.615385 , 0.794872 , -1.489647
0.615385 , 0.820513 , -1.491370
0.615385 , 0.846154 , -1.493174
0.615385 , 0.871795 , -1.494443
0.615385 , 0.897436 , -1.496001
0.615385 , 0.923077 , -1.497133
0.615385 , 0.948718 , -1.497465
0.615385 , 0.974359 , -1.498416
0.615385 , 1.000000 , -1.498265
0.641026 , 0.000000 , -1.563010
0.641026 , 0.025641 , -1.563500
0.641026 , 0.051282 , -1.566196
0.641026 , 0.076923 , -1.568813
0.641026 , 0.102564 , -1.571873
0.641026 , 0.128205 , -1.574577
0.641026 , 0.153846 , -1.577606
0.641026 , 0.179487 , -1.580029
0.641026 , 0.205128 , -1.582736
0.641026 , 0.230769 , -1.584033
0.641026 , 0.256410 , -1.584476
0.641026 , 0.282051 , -1.584095
0.641026 , 0.307692 , -1.582014
0.641026 , 0.333333 , -1.579405
0.641026 , 0.358974 , -1.575363
0.641026 , 0.384615 , -1.568952
0.641026 , 0.410256 , -1.562174
0.641026 , 0.435897 , -1.555083
0.641026 , 0.461538 , -1.547317
0.641026 , 0.487179 , -1.538744
0.641026 , 0.512821 , -1.529902
0.641026 , 0.538462 , -1.520314
0.641026 , 0.564103 , -1.510854
0.641026 , 0.589744 , -1.502193
0.641026 , 0.615385 , -1.495020
0.641026 , 0.641026 , -1.488248
0.641026 , 0.666667 , -1.481436
0.641026 , 0.692308 , -1.475689
0.641026 , 0.717949 , -1.470602
0.641026 , 0.743590 , -1.466178
0.641026 , 0.769231 , -1.464749
0.641026 , 0.794872 , -1.465262
0.641026 , 0.820513 , -1.465694
0.641026 , 0.846154 , -1.465464
0.641026 , 0.871795 , -1.466336
0.641026 , 0.897436 , -1.467800
0.641026 , 0.923077 , -1.469181
0.641026 , 0.948718 , -1.469566
0.641026 , 0.974359 , -1.470022
0.641026 , 1.000000 , -1.469991
0.666667 , 0.000000 , -1.563150
0.666667 , 0.025641 , -1.563824
0.666667 , 0.051282 , -1.566038
0.666667 , 0.076923 , -1.568582
0.666667 , 0.102564 , -1.572146
0.666667 , 0.128205 , -1.575045
0.666667 , 0.153846 , -1.578042
0.666667 , 0.179487 , -1.580832
0.666667 , 0.205128 , -1.582841
0.666667 , 0.230769 , -1.583692
0.666667 , 0.256410 , -1.583366
0.666667 , 0.282051 , -1.583324
0.666667 , 0.307692 , -1.580838
0.666667 , 0.333333 , -1.577373
0.666667 , 0.358974 , -1.573035
0.666667 , 0.384615 , -1.567074
0.666667 , 0.410256 , -1.559586
0.666667 , 0.435897 , -1.550721
0.666667 , 0.461538 , -1.541955
0.666667 , 0.487179 , -1.532094
0.666667 , 0.512821 , -1.521769
0.666667 , 0.538462 , -1.510708
0.666667 , 0.564103 , -1.499891
0.666667 , 0.589744 , -1.489387
0.666667 , 0.615385 , -1.479921
0.666667 , 0.641026 , -1.471450
0.666667 , 0.666667 , -1.462842
0.666667 , 0.692308 , -1.455330
0.666667 , 0.717949 , -1.449109
0.666667 , 0.743590 , -1.444179
0.666667 , 0.769231 , -1.441911
0.666667 , 0.794872 , -1.441382
0.666667 , 0.820513 , -1.439464
0.666667 , 0.846154 , -1.437890
0.666667 , 0.871795 , -1.437811
0.666667 , 0.897436 , -1.439130
0.666667 , 0.923077 , -1.441189
0.666667 , 0.948718 , -1.441629
0.666667 , 0.974359 , -1.441994
0.666667 , 1.000000 , -1.442211
0.692308 , 0.000000 , -1.563190
0.692308 , 0.025641 , -1.562924
0.692308 , 0.051282 , -1.565009
0.692308 , 0.076923 , -1.567841
0.692308 , 0.102564 , -1.571117
0.692308 , 0.128205 , -1.573980
0.692308 , 0.153846 , -1.577846
0.692308 , 0.179487 , -1.580121
0.692308 , 0.205128 , -1.581083
0.692308 , 0.230769 , -1.581234
0.692308 , 0.256410 , -1.581204
0.692308 , 0.282051 , -1.581523
0.692308 , 0.307692 , -1.578571
0.692308 , 0.333333 , -1.574540
0.692308 , 0.358974 , -1.569098
0.692308 , 0.384615 , -1.563085
0.692308 , 0.410256 , -1.555871
0.692308 , 0.435897 , -1.546148
0.692308 , 0.461538 , -1.535790
0.692308 , 0.487179 , -1.524777
0.692308 , 0.512821 , -1.513106
0.692308 , 0.538462 , -1.501158
0.692308 , 0.564103 , -1.488532
0.692308 , 0.589744 , -1.476177
0.692308 , 0.615385 , -1.464834
0.692308 , 0.641026 , -1.454994
0.692308 , 0.666667 , -1.444749
0.692308 , 0.692308 , -1.435517
0.692308 , 0.717949 , -1.428785
0.692308 , 0.743590 , -1.423594
0.692308 , 0.769231 , -1.420028
0.692308 , 0.794872 , -1.417501
0.692308 , 0.820513 , -1.414616
0.692308 , 0.846154 , -1.412164
0.692308 , 0.871795 , -1.411598
0.692308 , 0.897436 , -1.411887
0.692308 , 0.923077 , -1.413678
0.692308 , 0.948718 , -1.415054
0.692308 , 0.974359 , -1.415240
0.692308 , 1.000000 , -1.415165
0.717949 , 0.000000 , -1.561671
0.717949 , 0.025641 , -1.561491
0.717949 , 0.051282 , -1.563134
0.717949 , 0.076923 , -1.566184
0.717949 , 0.102564 , -1.568949
0.717949 , 0.128205 , -1.572019
0.717949 , 0.153846 , -1.575847
0.717949 , 0.179487 , -1.578307
0.717949 , 0.205128 , -1.578309
0.717949 , 0.230769 , -1.577799
0.717949 , 0.256410 , -1.578087
0.717949 , 0.282051 , -1.577887
0.717949 , 0.307692 , -1.575525
0.717949 , 0.333333 , -1.571196
0.717949 , 0.358974 , -1.565066
0.717949 , 0.384615 , -1.557558
0.717949 , 0.410256 , -1.550058
0.717949 , 0.435897 , -1.540125
0.717949 , 0.461538 , -1.529039
0.717949 , 0.487179 , -1.517418
0.717949 , 0.512821 , -1.504953
0.717949 , 0.538462 , -1.491886
0.717949 , 0.564103 , -1.477897
0.717949 , 0.589744 , -1.463881
0.717949 , 0.615385 , -1.451123
0.717949 , 0.641026 , -1.439517
0.717949 , 0.666667 , -1.428957
0.717949 , 0.692308 , -1.418041
0.717949 , 0.717949 , -1.408983
0.717949 , 0.743590 , -1.402661
0.717949 , 0.769231 , -1.397597
0.717949 , 0.794872 , -1.393453
0.717949 , 0.820513 , -1.390193
0.717949 , 0.846154 , -1.387741
0.717949 , 0.871795 , -1.386402
0.717949 , 0.897436 , -1.386520
0.717949 , 0.923077 , -1.388091
0.717949 , 0.948718 , -1.389060
0.717949 , 0.974359 , -1.389191
0.717949 , 1.000000 , -1.389650
0.743590 , 0.000000 , -1.559353
0.743590 , 0.025641 , -1.559524
0.743590 , 0.051282 , -1.560724
0.743590 , 0.076923 , -1.562654
0.743590 , 0.102564 , -1.565485
0.743590 , 0.128205 , -1.568992
0.743590 , 0.153846 , -1.571247
0.743590 , 0.179487 , -1.574170
0.743590 , 0.205128 , -1.575400
0.743590 , 0.230769 , -1.574346
0.743590 , 0.256410 , -1.574714
0.743590 , 0.282051 , -1.573258
0.743590 , 0.307692 , -1.570437
0.743590 , 0.333333 , -1.565556
0.743590 , 0.358974 , -1.558865
0.743590 , 0.384615 , -1.550759
0.743590 , 0.410256 , -1.542461
0.743590 , 0.435897 , -1.532473
0.743590 , 0.461538 , -1.521255
0.743590 , 0.487179 , -1.509270
0.743590 , 0.512821 , -1.495994
0.743590 , 0.538462 , -1.482305
0.743590 , 0.564103 , -1.467792
0.743590 , 0.589744 , -1.452567
0.743590 , 0.615385 , -1.437984
0.743590 , 0.641026 , -1.425312
0.743590 , 0.666667 , -1.413851
0.743590 , 0.692308 , -1.403082
0.743590 , 0.717949 , -1.392699
0.743590 , 0.743590 , -1.383167
0.743590 , 0.769231 , -1.375182
0.743590 , 0.794872 , -1.370199
0.743590 , 0.820513 , -1.366906
0.743590 , 0.846154 , -1.364664
0.743590 , 0.871795 , -1.363570
0.743590 , 0.897436 , -1.363369
0.743590 , 0.923077 , -1.364809
0.743590 , 0.948718 , -1.364886
0.743590 , 0.974359 , -1.364673
0.743590 , 1.000000 , -1.364987
0.769231 , 0.000000 , -1.556564
0.769231 , 0.025641 , -1.556956
0.769231 , 0.051282 , -1.557788
0.769231 , 0.076923 , -1.559511
0.769231 , 0.102564 , -1.561939
0.769231 , 0.128205 , -1.565108
0.769231 , 0.153846 , -1.567152
0.769231 , 0.179487 , -1.569621
0.769231 , 0.205128 , -1.570980
0.769231 , 0.230769 , -1.570759
0.769231 , 0.256410 , -1.570398
0.769231 , 0.282051 , -1.568394
0.769231 , 0.307692 , -1.564187
0.769231 , 0.333333 , -1.558965
0.769231 , 0.358974 , -1.551784
0.769231 , 0.384615 , -1.543727
0.769231 , 0.410256 , -1.535082
0.769231 , 0.435897 , -1.524877
0.769231 , 0.461538 , -1.512863
0.769231 , 0.487179 , -1.500943
0.769231 , 0.512821 , -1.486860
0.769231 , 0.538462 , -1.472064
0.769231 , 0.564103 , -1.456693
0.769231 , 0.589744 , -1.441581
0.769231 , 0.615385 , -1.426489
0.769231 , 0.641026 , -1.413246
0.769231 , 0.666667 , -1.400945
0.769231 , 0.692308 , -1.389130
0.769231 , 0.717949 , -1.378366
0.769231 , 0.743590 , -1.367266
0.769231 , 0.769231 , -1.356902
0.769231 , 0.794872 , -1.350350
0.769231 , 0.820513 , -1.347117
0.769231 , 0.846154 , -1.344692
0.769231 , 0.871795 , -1.344259
0.769231 , 0.897436 , -1.343649
0.769231 , 0.923077 , -1.343252
0.769231 , 0.948718 , -1.342964
0.769231 , 0.974359 , -1.342641
0.769231 , 1.000000 , -1.343027
0.794872 , 0.000000 , -1.553529
0.794872 , 0.025641 , -1.553727
0.794872 , 0.051282 , -1.554987
0.794872 , 0.076923 , -1.556489
0.794872 , 0.102564 , -1.558505
0.794872 , 0.128205 , -1.561593
0.794872 , 0.153846 , -1.563738
0.794872 , 0.179487 , -1.565605
0.794872 , 0.205128 , -1.566453
0.794872 , 0.230769 , -1.566408
0.794872 , 0.256410 , -1.565224
0.794872 , 0.282051 , -1.562592
0.794872 , 0.307692 , -1.558229
0.794872 , 0.333333 , -1.552081
0.794872 , 0.358974 , -1.545465
0.794872 , 0.384615 , -1.537599
0.794872 , 0.410256 , -1.529000
0.794872 , 0.435897 , -1.518046
0.794872 , 0.461538 , -1.505176
0.794872 , 0.487179 , -1.492219
0.794872 , 0.512821 , -1.477968
0.794872 , 0.538462 , -1.462424
0.794872 , 0.564103 , -1.447295
0.794872 , 0.589744 , -1.432309
0.794872 , 0.615385 , -1.416893
0.794872 , 0.641026 , -1.402182
0.794872 , 0.666667 , -1.389371
0.794872 , 0.692308 , -1.377488
0.794872 , 0.717949 , -1.364328
0.794872 , 0.743590 , -1.351771
0.794872 , 0.769231 , -1.341457
0.794872 , 0.794872 , -1.333961
0.794872 , 0.820513 , -1.330511
0.794872 , 0.846154 , -1.327023
0.794872 , 0.871795 , -1.325863
0.794872 , 0.897436 , -1.325106
0.794872 , 0.923077 , -1.323328
0.794872 , 0.948718 , -1.323133
0.794872 , 0.974359 , -1.323099
0.794872 , 1.000000 , -1.323360
0.820513 , 0.000000 , -1.549912
0.820513 , 0.025641 , -1.550062
0.820513 , 0.051282 , -1.551720
0.820513 , 0.076923 , -1.553232
0.820513 , 0.102564 , -1.555273
0.820513 , 0.128205 , -1.557545
0.820513 , 0.153846 , -1.559655
0.820513 , 0.179487 , -1.561028
0.820513 , 0.205128 , -1.560710
0.820513 , 0.230769 , -1.559774
0.820513 , 0.256410 , -1.557971
0.820513 , 0.282051 , -1.555603
0.820513 , 0.307692 , -1.551574
0.820513 , 0.333333 , -1.546113
0.820513 , 0.358974 , -1.539814
0.820513 , 0.384615 , -1.532148
0.820513 , 0.410256 , -1.522861
0.820513 , 0.435897 , -1.511135
0.820513 , 0.461538 , -1.497688
0.820513 , 0.487179 , -1.483841
0.820513 , 0.512821 , -1.469702
0.820513 , 0.538462 , -1.453998
0.820513 , 0.564103 , -1.438645
0.820513 , 0.589744 , -1.423385
0.820513 , 0.615385 , -1.408019
0.820513 , 0.641026 , -1.392475
0.820513 , 0.666667 , -1.378429
0.820513 , 0.692308 , -1.366332
0.820513 , 0.717949 , -1.352643
0.820513 , 0.743590 , -1.339150
0.820513 , 0.769231 , -1.328639
0.820513 , 0.794872 , -1.321070
0.820513 , 0.820513 , -1.316840
0.820513 , 0.846154 , -1.313639
0.820513 , 0.871795 , -1.310878
0.820513 , 0.897436 , -1.308842
0.820513 , 0.923077 , -1.306925
0.820513 , 0.948718 , -1.306263
0.820513 , 0.974359 , -1.306071
0.820513 , 1.000000 , -1.305973
0.846154 , 0.000000 , -1.545784
0.846154 , 0.025641 , -1.546036
0.846154 , 0.051282 , -1.547926
0.846154 , 0.076923 , -1.549535
0.846154 , 0.102564 , -1.551364
0.846154 , 0.128205 , -1.553068
0.846154 , 0.153846 , -1.554187
0.846154 , 0.179487 , -1.555270
0.846154 , 0.205128 , -1.554968
0.846154 , 0.230769 , -1.553870
0.846154 , 0.256410 , -1.551593
0.846154 , 0.282051 , -1.549377
0.846154 , 0.307692 , -1.545055
0.846154 , 0.333333 , -1.539680
0.846154 , 0.358974 , -1.533958
0.846154 , 0.384615 , -1.526244
0.846154 , 0.410256 , -1.516275
0.846154 , 0.435897 , -1.504747
0.846154 , 0.461538 , -1.491561
0.846154 , 0.487179 , -1.477850
0.846154 , 0.512821 , -1.463051
0.846154 , 0.538462 , -1.447592
0.846154 , 0.564103 , -1.431675
0.846154 , 0.589744 , -1.415987
0.846154 , 0.615385 , -1.400867
0.846154 , 0.641026 , -1.385323
0.846154 , 0.666667 , -1.370499
0.846154 , 0.692308 , -1.356730
0.846154 , 0.717949 , -1.342960
0.846154 , 0.743590 , -1.329859
0.846154 , 0.769231 , -1.319448
0.846154 , 0.794872 , -1.311535
0.846154 , 0.820513 , -1.306777
0.846154 , 0.846154 , -1.302155
0.846154 , 0.871795 , -1.298022
0.846154 , 0.897436 , -1.295646
0.846154 , 0.923077 , -1.293337
0.846154 , 0.948718 , -1.291469
0.846154 , 0.974359 , -1.290538
0.846154 , 1.000000 , -1.290136
0.871795 , 0.000000 , -1.542741
0.871795 , 0.025641 , -1.542964
0.871795 , 0.051282 , -1.544179
0.871795 , 0.076923 , -1.545816
0.871795 , 0.102564 , -1.546950
0.871795 , 0.128205 , -1.548000
0.871795 , 0.153846 , -1.548794
0.871795 , 0.179487 , -1.549421
0.871795 , 0.205128 , -1.548892
0.871795 , 0.230769 , -1.548595
0.871795 , 0.256410 , -1.546831
0.871795 , 0.282051 , -1.543305
0.871795 , 0.307692 , -1.538356
0.871795 , 0.333333 , -1.532311
0.871795 , 0.358974 , -1.527073
0.871795 , 0.384615 , -1.519680
0.871795 , 0.410256 , -1.509863
0.871795 , 0.435897 , -1.498846
0.871795 , 0.461538 , -1.486155
0.871795 , 0.487179 , -1.472400
0.871795 , 0.512821 , -1.457403
0.871795 , 0.538462 , -1.441921
0.871795 , 0.564103 , -1.425936
0.871795 , 0.589744 , -1.410274
0.871795 , 0.615385 , -1.394891
0.871795 , 0.641026 , -1.379669
0.871795 , 0.666667 , -1.364607
0.871795 , 0.692308 , -1.349782
0.871795 , 0.717949 , -1.335667
0.871795 , 0.743590 , -1.323042
0.871795 , 0.769231 , -1.312971
0.871795 , 0.794872 , -1.304527
0.871795 , 0.820513 , -1.298301
0.871795 , 0.846154 , -1.292290
0.871795 , 0.871795 , -1.287195
0.871795 , 0.897436 , -1.284523
0.871795 , 0.923077 , -1.281670
0.871795 , 0.948718 , -1.279016
0.871795 , 0.974359 , -1.277825
0.871795 , 1.000000 , -1.277625
0.897436 , 0.000000 , -1.539922
0.897436 , 0.025641 , -1.540397
0.897436 , 0.051282 , -1.541391
0.897436 , 0.076923 , -1.542510
0.897436 , 0.102564 , -1.543350
0.897436 , 0.128205 , -1.542964
0.897436 , 0.153846 , -1.543562
0.897436 , 0.179487 , -1.544025
0.897436 , 0.205128 , -1.543331
0.897436 , 0.230769 , -1.543253
0.897436 , 0.256410 , -1.542345
0.897436 , 0.282051 , -1.538948
0.897436 , 0.307692 , -1.533984
0.897436 , 0.333333 , -1.527645
0.897436 , 0.358974 , -1.521489
0.897436 , 0.384615 , -1.514122
0.897436 , 0.410256 , -1.504204
0.897436 , 0.435897 , -1.493264
0.897436 , 0.461538 , -1.481033
0.897436 , 0.487179 , -1.467361
0.897436 , 0.512821 , -1.452603
0.897436 , 0.538462 , -1.437479
0.897436 , 0.564103 , -1.422090
0.897436 , 0.589744 , -1.406302
0.897436 , 0.615385 , -1.390336
0.897436 , 0.641026 , -1.374893
0.897436 , 0.666667 , -1.359649
0.897436 , 0.692308 , -1.345544
0.897436 , 0.717949 , -1.331881
0.897436 , 0.743590 , -1.318378
0.897436 , 0.769231 , -1.307571
0.897436 , 0.794872 , -1.299205
0.897436 , 0.820513 , -1.291853
0.897436 , 0.846154 , -1.284613
0.897436 , 0.871795 , -1.278842
0.897436 , 0.897436 , -1.275166
0.897436 , 0.923077 , -1.271783
0.897436 , 0.948718 , -1.268971
0.897436 , 0.974359 , -1.267681
0.897436 , 1.000000 , -1.267281
0.923077 , 0.000000 , -1.537469
0.923077 , 0.025641 , -1.538047
0.923077 , 0.051282 , -1.539030
0.923077 , 0.076923 , -1.539844
0.923077 , 0.102564 , -1.540051
0.923077 , 0.128205 , -1.539238
0.923077 , 0.153846 , -1.538737
0.923077 , 0.179487 , -1.538920
0.923077 , 0.205128 , -1.538420
0.923077 , 0.230769 , -1.538187
0.923077 , 0.256410 , -1.537714
0.923077 , 0.282051 , -1.534812
0.923077 , 0.307692 , -1.530207
0.923077 , 0.333333 , -1.524246
0.923077 , 0.358974 , -1.517560
0.923077 , 0.384615 , -1.509241
0.923077 , 0.410256 , -1.499392
0.923077 , 0.435897 , -1.488458
0.923077 , 0.461538 , -1.475974
0.923077 , 0.487179 , -1.462783
0.923077 , 0.512821 , -1.448719
0.923077 , 0.538462 , -1.433939
0.923077 , 0.564103 , -1.418910
0.923077 , 0.589744 , -1.403521
0.923077 , 0.615385 , -1.387619
0.923077 , 0.641026 , -1.371612
0.923077 , 0.666667 , -1.356445
0.923077 , 0.692308 , -1.341976
0.923077 , 0.717949 , -1.328759
0.923077 , 0.743590 , -1.315545
0.923077 , 0.769231 , -1.304100
0.923077 , 0.794872 , -1.295540
0.923077 , 0.820513 , -1.286982
0.923077 , 0.846154 , -1.279555
0.923077 , 0.871795 , -1.273410
0.923077 , 0.897436 , -1.268415
0.923077 , 0.923077 , -1.264108
0.923077 , 0.948718 , -1.261274
0.923077 , 0.974359 , -1.259820
0.923077 , 1.000000 , -1.259649
0.948718 , 0.000000 , -1.535815
0.948718 , 0.025641 , -1.536183
0.948718 , 0.051282 , -1.537276
0.948718 , 0.076923 , -1.537585
0.948718 , 0.102564 , -1.537362
0.948718 , 0.128205 , -1.536556
0.948718 , 0.153846 , -1.534853
0.948718 , 0.179487 , -1.534585
0.948718 , 0.205128 , -1.534994
0.948718 , 0.230769 , -1.535114
0.948718 , 0.256410 , -1.533683
0.948718 , 0.282051 , -1.530900
0.948718 , 0.307692 , -1.526297
0.948718 , 0.333333 , -1.520476
0.948718 , 0.358974 , -1.513888
0.948718 , 0.384615 , -1.505565
0.948718 , 0.410256 , -1.495767
0.948718 , 0.435897 , -1.484842
0.948718 , 0.461538 , -1.472458
0.948718 , 0.487179 , -1.459574
0.948718 , 0.512821 , -1.446224
0.948718 , 0.538462 , -1.431915
0.948718 , 0.564103 , -1.416952
0.948718 , 0.589744 , -1.401175
0.948718 , 0.615385 , -1.385491
0.948718 , 0.641026 , -1.369638
0.948718 , 0.666667 , -1.354615
0.948718 , 0.692308 , -1.340476
0.948718 , 0.717949 , -1.326765
0.948718 , 0.743590 , -1.313882
0.948718 , 0.769231 , -1.301933
0.948718 , 0.794872 , -1.292545
0.948718 , 0.820513 , -1.284053
0.948718 , 0.846154 , -1.276169
0.948718 , 0.871795 , -1.269637
0.948718 , 0.897436 , -1.264116
0.948718 , 0.923077 , -1.259311
0.948718 , 0.948718 , -1.256190
0.948718 , 0.974359 , -1.254319
0.948718 , 1.000000 , -1.253851
0.974359 , 0.000000 , -1.534329
0.974359 , 0.025641 , -1.535040
0.974359 , 0.051282 , -1.535763
0.974359 , 0.076923 , -1.536196
0.974359 , 0.102564 , -1.535819
0.974359 , 0.128205 , -1.535213
0.974359 , 0.153846 , -1.533717
0.974359 , 0.179487 , -1.532565
0.974359 , 0.205128 , -1.533004
0.974359 , 0.230769 , -1.533251
0.974359 , 0.256410 , -1.531703
0.974359 , 0.282051 , -1.528815
0.974359 , 0.307692 , -1.524620
0.974359 , 0.333333 , -1.518682
0.974359 , 0.358974 , -1.511151
0.974359 , 0.384615 , -1.502142
0.974359 , 0.410256 , -1.492695
0.974359 , 0.435897 , -1.482449
0.974359 , 0.461538 , -1.470767
0.974359 , 0.487179 , -1.458264
0.974359 , 0.512821 , -1.444697
0.974359 , 0.538462 , -1.430270
0.974359 , 0.564103 , -1.415429
0.974359 , 0.589744 , -1.399749
0.974359 , 0.615385 , -1.384073
0.974359 , 0.641026 , -1.368380
0.974359 , 0.666667 , -1.352948
0.974359 , 0.692308 , -1.338508
0.974359 , 0.717949 , -1.325262
0.974359 , 0.743590 , -1.312820
0.974359 , 0.769231 , -1.300994
0.974359 , 0.794872 , -1.290833
0.974359 , 0.820513 , -1.281810
0.974359 , 0.846154 , -1.274022
0.974359 , 0.871795 , -1.267596
0.974359 , 0.897436 , -1.261966
0.974359 , 0.923077 , -1.256786
0.974359 , 0.948718 , -1.253701
0.974359 , 0.974359 , -1.251772
0.974359 , 1.000000 , -1.251048
1.000000 , 0.000000 , -1.533692
1.000000 , 0.025641 , -1.534549
1.000000 , 0.051282 , -1.535462
1.000000 , 0.076923 , -1.535791
1.000000 , 0.102564 , -1.534901
1.000000 , 0.128205 , -1.534258
1.000000 , 0.153846 , -1.533546
1.000000 , 0.179487 , -1.532139
1.000000 , 0.205128 , -1.532126
1.000000 , 0.230769 , -1.532432
1.000000 , 0.256410 , -1.531268
1.000000 , 0.282051 , -1.528235
1.000000 , 0.307692 , -1.523741
1.000000 , 0.333333 , -1.517541
1.000000 , 0.358974 , -1.509714
1.000000 , 0.384615 , -1.500796
1.000000 , 0.410256 , -1.490957
1.000000 , 0.435897 , -1.481051
1.000000 , 0.461538 , -1.469941
1.000000 , 0.487179 , -1.457609
1.000000 , 0.512821 , -1.444247
1.000000 , 0.538462 , -1.430393
1.000000 , 0.564103 , -1.415004
1.000000 , 0.589744 , -1.398962
1.000000 , 0.615385 , -1.383554
1.000000 , 0.641026 , -1.368107
1.000000 , 0.666667 , -1.352446
1.000000 , 0.692308 , -1.338344
1.000000 , 0.717949 , -1.324782
1.000000 , 0.743590 , -1.312135
1.000000 , 0.769231 , -1.300521
1.000000 , 0.794872 , -1.289959
1.000000 , 0.820513 , -1.281084
1.000000 , 0.846154 , -1.273234
1.000000 , 0.871795 , -1.266450
1.000000 , 0.897436 , -1.260961
1.000000 , 0.923077 , -1.255940
1.000000 , 0.948718 , -1.252629
1.000000 , 0.974359 , -1.250746
1.000000 , 1.000000 , -1.250195
