0.000000 , 0.000000 , -3.929149
0.000000 , 0.025641 , -3.929149
0.000000 , 0.051282 , -3.929149
0.000000 , 0.076923 , -3.929149
0.000000 , 0.102564 , -3.929149
0.000000 , 0.128205 , -3.929149
0.000000 , 0.153846 , -3.929149
0.000000 , 0.179487 , -3.929149
0.000000 , 0.205128 , -3.929149
0.000000 , 0.230769 , -3.929149
0.000000 , 0.256410 , -3.929149
0.000000 , 0.282051 , -3.929149
0.000000 , 0.307692 , -3.929149
0.000000 , 0.333333 , -3.929149
0.000000 , 0.358974 , -3.929149
0.000000 , 0.384615 , -3.929149
0.000000 , 0.410256 , -3.929149
0.000000 , 0.435897 , -3.929149
0.000000 , 0.461538 , -3.929149
0.000000 , 0.487179 , -3.929149
0.000000 , 0.512821 , -3.929149
0.000000 , 0.538462 , -3.929149
0.000000 , 0.564103 , -3.929149
0.000000 , 0.589744 , -3.929149
0.000000 , 0.615385 , -3.929149
0.000000 , 0.641026 , -3.929149
0.000000 , 0.666667 , -3.929149
0.000000 , 0.692308 , -3.929149
0.000000 , 0.717949 , -3.929149
0.000000 , 0.743590 , -3.929149
0.000000 , 0.769231 , -3.929149
0.000000 , 0.794872 , -3.929149
0.000000 , 0.820513 , -3.929149
0.000000 , 0.846154 , -3.929149
0.000000 , 0.871795 , -3.929149
0.000000 , 0.897436 , -3.929149
0.000000 , 0.923077 , -3.929149
0.000000 , 0.948718 , -3.929149
0.000000 , 0.974359 , -3.929149
0.000000 , 1.000000 , -3.929149
0.025641 , 0.000000 , -3.578781
0.025641 , 0.025641 , -3.578631
0.025641 , 0.051282 , -3.578239
0.025641 , 0.076923 , -3.578567
0.025641 , 0.102564 , -3.579150
0.025641 , 0.128205 , -3.579785
0.025641 , 0.153846 , -3.581213
0.025641 , 0.179487 , -3.583660
0.025641 , 0.205128 , -3.586581
0.025641 , 0.230769 , -3.589699
0.025641 , 0.256410 , -3.593488
0.025641 , 0.282051 , -3.598063
0.025641 , 0.307692 , -3.603250
0.025641 , 0.333333 , -3.608885
0.025641 , 0.358974 , -3.614032
0.025641 , 0.384615 , -3.619002
0.025641 , 0.410256 , -3.624505
0.025641 , 0.435897 , -3.630722
0.025641 , 0.461538 , -3.636701
0.025641 , 0.487179 , -3.642589
0.025641 , 0.512821 , -3.647970
0.025641 , 0.538462 , -3.653823
0.025641 , 0.564103 , -3.660031
0.025641 , 0.589744 , -3.665529
0.025641 , 0.615385 , -3.670111
0.025641 , 0.641026 , -3.674152
0.025641 , 0.666667 , -3.678758
0.025641 , 0.692308 , -3.682719
0.025641 , 0.717949 , -3.686300
0.025641 , 0.743590 , -3.690096
0.025641 , 0.769231 , -3.693471
0.025641 , 0.794872 , -3.696657
0.025641 , 0.820513 , -3.699287
0.025641 , 0.846154 , -3.701384
0.025641 , 0.871795 , -3.702846
0.025641 , 0.897436 , -3.704501
0.025641 , 0.923077 , -3.705794
0.025641 , 0.948718 , -3.706481
0.025641 , 0.974359 , -3.707100
0.025641 , 1.000000 , -3.706513
0.051282 , 0.000000 , -3.235873
0.051282 , 0.025641 , -3.234773
0.051282 , 0.051282 , -3.233676
0.051282 , 0.076923 , -3.233707
0.051282 , 0.102564 , -3.234702
0.051282 , 0.128205 , -3.236281
0.051282 , 0.153846 , -3.239311
0.051282 , 0.179487 , -3.243714
0.051282 , 0.205128 , -3.249167
0.051282 , 0.230769 , -3.256201
0.051282 , 0.256410 , -3.264147
0.051282 , 0.282051 , -3.272567
0.051282 , 0.307692 , -3.281827
0.051282 , 0.333333 , -3.292400
0.051282 , 0.358974 , -3.303433
0.051282 , 0.384615 , -3.313953
0.051282 , 0.410256 , -3.325009
0.051282 , 0.435897 , -3.336214
0.051282 , 0.461538 , -3.348171
0.051282 , 0.487179 , -3.360174
0.051282 , 0.512821 , -3.371784
0.051282 , 0.538462 , -3.383309
0.051282 , 0.564103 , -3.394769
0.051282 , 0.589744 , -3.405384
0.051282 , 0.615385 , -3.414437
0.051282 , 0.641026 , -3.422888
0.051282 , 0.666667 , -3.431972
0.051282 , 0.692308 , -3.440041
0.051282 , 0.717949 , -3.447976
0.051282 , 0.743590 , -3.455831
0.051282 , 0.769231 , -3.462326
0.051282 , 0.794872 , -3.468385
0.051282 , 0.820513 , -3.473803
0.051282 , 0.846154 , -3.478027
0.051282 , 0.871795 , -3.481234
0.051282 , 0.897436 , -3.483990
0.051282 , 0.923077 , -3.486486
0.051282 , 0.948718 , -3.487621
0.051282 , 0.974359 , -3.488900
0.051282 , 1.000000 , -3.489193
0.076923 , 0.000000 , -2.899443
0.076923 , 0.025641 , -2.898178
0.076923 , 0.051282 , -2.896696
0.076923 , 0.076923 , -2.896327
0.076923 , 0.102564 , -2.897227
0.076923 , 0.128205 , -2.899593
0.076923 , 0.153846 , -2.904166
0.076923 , 0.179487 , -2.910527
0.076923 , 0.205128 , -2.918544
0.076923 , 0.230769 , -2.928587
0.076923 , 0.256410 , -2.940709
0.076923 , 0.282051 , -2.953833
0.076923 , 0.307692 , -2.966414
0.076923 , 0.333333 , -2.980885
0.076923 , 0.358974 , -2.997370
0.076923 , 0.384615 , -3.013797
0.076923 , 0.410256 , -3.030344
0.076923 , 0.435897 , -3.047236
0.076923 , 0.461538 , -3.064698
0.076923 , 0.487179 , -3.082326
0.076923 , 0.512821 , -3.100465
0.076923 , 0.538462 , -3.117608
0.076923 , 0.564103 , -3.134056
0.076923 , 0.589744 , -3.149129
0.076923 , 0.615385 , -3.163121
0.076923 , 0.641026 , -3.176854
0.076923 , 0.666667 , -3.190875
0.076923 , 0.692308 , -3.203527
0.076923 , 0.717949 , -3.215228
0.076923 , 0.743590 , -3.226088
0.076923 , 0.769231 , -3.236158
0.076923 , 0.794872 , -3.245510
0.076923 , 0.820513 , -3.252969
0.076923 , 0.846154 , -3.258962
0.076923 , 0.871795 , -3.263944
0.076923 , 0.897436 , -3.267827
0.076923 , 0.923077 , -3.271993
0.076923 , 0.948718 , -3.273811
0.076923 , 0.974359 , -3.275023
0.076923 , 1.000000 , -3.276258
0.102564 , 0.000000 , -2.568886
0.102564 , 0.025641 , -2.568032
0.102564 , 0.051282 , -2.566178
0.102564 , 0.076923 , -2.566047
0.102564 , 0.102564 , -2.567796
0.102564 , 0.128205 , -2.571374
0.102564 , 0.153846 , -2.577352
0.102564 , 0.179487 , -2.585216
0.102564 , 0.205128 , -2.595077
0.102564 , 0.230769 , -2.607948
0.102564 , 0.256410 , -2.623833
0.102564 , 0.282051 , -2.641117
0.102564 , 0.307692 , -2.658136
0.102564 , 0.333333 , -2.676514
0.102564 , 0.358974 , -2.697489
0.102564 , 0.384615 , -2.719141
0.102564 , 0.410256 , -2.741099
0.102564 , 0.435897 , -2.764018
0.102564 , 0.461538 , -2.787345
0.102564 , 0.487179 , -2.810045
0.102564 , 0.512821 , -2.833595
0.102564 , 0.538462 , -2.856631
0.102564 , 0.564103 , -2.878530
0.102564 , 0.589744 , -2.898551
0.102564 , 0.615385 , -2.917729
0.102564 , 0.641026 , -2.937313
0.102564 , 0.666667 , -2.956020
0.102564 , 0.692308 , -2.973179
0.102564 , 0.717949 , -2.988392
0.102564 , 0.743590 , -3.002066
0.102564 , 0.769231 , -3.015396
0.102564 , 0.794872 , -3.027691
0.102564 , 0.820513 , -3.037407
0.102564 , 0.846154 , -3.044901
0.102564 , 0.871795 , -3.051684
0.102564 , 0.897436 , -3.057022
0.102564 , 0.923077 , -3.061992
0.102564 , 0.948718 , -3.065259
0.102564 , 0.974359 , -3.066784
0.102564 , 1.000000 , -3.067531
0.128205 , 0.000000 , -2.244128
0.128205 , 0.025641 , -2.243274
0.128205 , 0.051282 , -2.243213
0.128205 , 0.076923 , -2.243637
0.128205 , 0.102564 , -2.245709
0.128205 , 0.128205 , -2.250416
0.128205 , 0.153846 , -2.257731
0.128205 , 0.179487 , -2.267406
0.128205 , 0.205128 , -2.279244
0.128205 , 0.230769 , -2.294401
0.128205 , 0.256410 , -2.313247
0.128205 , 0.282051 , -2.334500
0.128205 , 0.307692 , -2.356409
0.128205 , 0.333333 , -2.378987
0.128205 , 0.358974 , -2.403882
0.128205 , 0.384615 , -2.430355
0.128205 , 0.410256 , -2.457607
0.128205 , 0.435897 , -2.486622
0.128205 , 0.461538 , -2.515522
0.128205 , 0.487179 , -2.544356
0.128205 , 0.512821 , -2.573302
0.128205 , 0.538462 , -2.601488
0.128205 , 0.564103 , -2.628746
0.128205 , 0.589744 , -2.654509
0.128205 , 0.615385 , -2.679402
0.128205 , 0.641026 , -2.704176
0.128205 , 0.666667 , -2.727550
0.128205 , 0.692308 , -2.748549
0.128205 , 0.717949 , -2.767613
0.128205 , 0.743590 , -2.784878
0.128205 , 0.769231 , -2.801550
0.128205 , 0.794872 , -2.815983
0.128205 , 0.820513 , -2.828198
0.128205 , 0.846154 , -2.838378
0.128205 , 0.871795 , -2.846152
0.128205 , 0.897436 , -2.851599
0.128205 , 0.923077 , -2.857792
0.128205 , 0.948718 , -2.862673
0.128205 , 0.974359 , -2.865138
0.128205 , 1.000000 , -2.865735
0.153846 , 0.000000 , -1.927218
0.153846 , 0.025641 , -1.926490
0.153846 , 0.051282 , -1.927081
0.153846 , 0.076923 , -1.928882
0.153846 , 0.102564 , -1.931582
0.153846 , 0.128205 , -1.937173
0.153846 , 0.153846 , -1.945154
0.153846 , 0.179487 , -1.956202
0.153846 , 0.205128 , -1.970814
0.153846 , 0.230769 , -1.988489
0.153846 , 0.256410 , -2.009867
0.153846 , 0.282051 , -2.034322
0.153846 , 0.307692 , -2.060653
0.153846 , 0.333333 , -2.087908
0.153846 , 0.358974 , -2.116814
0.153846 , 0.384615 , -2.147572
0.153846 , 0.410256 , -2.180695
0.153846 , 0.435897 , -2.214734
0.153846 , 0.461538 , -2.249237
0.153846 , 0.487179 , -2.283942
0.153846 , 0.512821 , -2.318666
0.153846 , 0.538462 , -2.352421
0.153846 , 0.564103 , -2.385741
0.153846 , 0.589744 , -2.417201
0.153846 , 0.615385 , -2.447374
0.153846 , 0.641026 , -2.476574
0.153846 , 0.666667 , -2.503600
0.153846 , 0.692308 , -2.528415
0.153846 , 0.717949 , -2.551542
0.153846 , 0.743590 , -2.573202
0.153846 , 0.769231 , -2.592935
0.153846 , 0.794872 , -2.610282
0.153846 , 0.820513 , -2.624568
0.153846 , 0.846154 , -2.638124
0.153846 , 0.871795 , -2.648622
0.153846 , 0.897436 , -2.655210
0.153846 , 0.923077 , -2.661124
0.153846 , 0.948718 , -2.666041
0.153846 , 0.974359 , -2.669342
0.153846 , 1.000000 , -2.670449
0.179487 , 0.000000 , -1.616862
0.179487 , 0.025641 , -1.617291
0.179487 , 0.051282 , -1.618236
0.179487 , 0.076923 , -1.621117
0.179487 , 0.102564 , -1.624892
0.179487 , 0.128205 , -1.631553
0.179487 , 0.153846 , -1.641333
0.179487 , 0.179487 , -1.653825
0.179487 , 0.205128 , -1.670478
0.179487 , 0.230769 , -1.691063
0.179487 , 0.256410 , -1.715086
0.179487 , 0.282051 , -1.742859
0.179487 , 0.307692 , -1.772205
0.179487 , 0.333333 , -1.803103
0.179487 , 0.358974 , -1.836468
0.179487 , 0.384615 , -1.871831
0.179487 , 0.410256 , -1.910017
0.179487 , 0.435897 , -1.949382
0.179487 , 0.461538 , -1.988925
0.179487 , 0.487179 , -2.029480
0.179487 , 0.512821 , -2.070427
0.179487 , 0.538462 , -2.110788
0.179487 , 0.564103 , -2.149262
0.179487 , 0.589744 , -2.185716
0.179487 , 0.615385 , -2.220679
0.179487 , 0.641026 , -2.253799
0.179487 , 0.666667 , -2.285189
0.179487 , 0.692308 , -2.314734
0.179487 , 0.717949 , -2.341862
0.179487 , 0.743590 , -2.367386
0.179487 , 0.769231 , -2.390796
0.179487 , 0.794872 , -2.411698
0.179487 , 0.820513 , -2.428192
0.179487 , 0.846154 , -2.443759
0.179487 , 0.871795 , -2.456990
0.179487 , 0.897436 , -2.465623
0.179487 , 0.923077 , -2.471742
0.179487 , 0.948718 , -2.476566
0.179487 , 0.974359 , -2.479899
0.179487 , 1.000000 , -2.480962
0.205128 , 0.000000 , -1.312579
0.205128 , 0.025641 , -1.313680
0.205128 , 0.051282 , -1.315707
0.205128 , 0.076923 , -1.319114
0.205128 , 0.102564 , -1.324644
0.205128 , 0.128205 , -1.332659
0.205128 , 0.153846 , -1.344291
0.205128 , 0.179487 , -1.359362
0.205128 , 0.205128 , -1.378683
0.205128 , 0.230769 , -1.402128
0.205128 , 0.256410 , -1.429145
0.205128 , 0.282051 , -1.459330
0.205128 , 0.307692 , -1.492134
0.205128 , 0.333333 , -1.526891
0.205128 , 0.358974 , -1.564481
0.205128 , 0.384615 , -1.604937
0.205128 , 0.410256 , -1.648033
0.205128 , 0.435897 , -1.691809
0.205128 , 0.461538 , -1.736564
0.205128 , 0.487179 , -1.782143
0.205128 , 0.512821 , -1.828306
0.205128 , 0.538462 , -1.874867
0.205128 , 0.564103 , -1.918685
0.205128 , 0.589744 , -1.960145
0.205128 , 0.615385 , -1.999767
0.205128 , 0.641026 , -2.037542
0.205128 , 0.666667 , -2.073641
0.205128 , 0.692308 , -2.107373
0.205128 , 0.717949 , -2.138626
0.205128 , 0.743590 , -2.167841
0.205128 , 0.769231 , -2.194910
0.205128 , 0.794872 , -2.220105
0.205128 , 0.820513 , -2.240756
0.205128 , 0.846154 , -2.257787
0.205128 , 0.871795 , -2.272535
0.205128 , 0.897436 , -2.283311
0.205128 , 0.923077 , -2.289869
0.205128 , 0.948718 , -2.295193
0.205128 , 0.974359 , -2.299288
0.205128 , 1.000000 , -2.300013
0.230769 , 0.000000 , -1.015705
0.230769 , 0.025641 , -1.016791
0.230769 , 0.051282 , -1.019661
0.230769 , 0.076923 , -1.024130
0.230769 , 0.102564 , -1.031186
0.230769 , 0.128205 , -1.041085
0.230769 , 0.153846 , -1.055010
0.230769 , 0.179487 , -1.072849
0.230769 , 0.205128 , -1.094835
0.230769 , 0.230769 , -1.121438
0.230769 , 0.256410 , -1.151324
0.230769 , 0.282051 , -1.184022
0.230769 , 0.307692 , -1.220025
0.230769 , 0.333333 , -1.259083
0.230769 , 0.358974 , -1.300420
0.230769 , 0.384615 , -1.345486
0.230769 , 0.410256 , -1.393515
0.230769 , 0.435897 , -1.442389
0.230769 , 0.461538 , -1.491803
0.230769 , 0.487179 , -1.542425
0.230769 , 0.512821 , -1.593274
0.230769 , 0.538462 , -1.644616
0.230769 , 0.564103 , -1.694183
0.230769 , 0.589744 , -1.740645
0.230769 , 0.615385 , -1.785747
0.230769 , 0.641026 , -1.828564
0.230769 , 0.666667 , -1.869209
0.230769 , 0.692308 , -1.907175
0.230769 , 0.717949 , -1.943187
0.230769 , 0.743590 , -1.977033
0.230769 , 0.769231 , -2.007563
0.230769 , 0.794872 , -2.035695
0.230769 , 0.820513 , -2.060190
0.230769 , 0.846154 , -2.079352
0.230769 , 0.871795 , -2.095104
0.230769 , 0.897436 , -2.108122
0.230769 , 0.923077 , -2.116113
0.230769 , 0.948718 , -2.121420
0.230769 , 0.974359 , -2.126400
0.230769 , 1.000000 , -2.128211
0.256410 , 0.000000 , -0.725837
0.256410 , 0.025641 , -0.726615
0.256410 , 0.051282 , -0.730264
0.256410 , 0.076923 , -0.736554
0.256410 , 0.102564 , -0.745060
0.256410 , 0.128205 , -0.757253
0.256410 , 0.153846 , -0.773783
0.256410 , 0.179487 , -0.794570
0.256410 , 0.205128 , -0.819183
0.256410 , 0.230769 , -0.848306
0.256410 , 0.256410 , -0.881762
0.256410 , 0.282051 , -0.917408
0.256410 , 0.307692 , -0.956471
0.256410 , 0.333333 , -0.999600
0.256410 , 0.358974 , -1.045127
0.256410 , 0.384615 , -1.094472
0.256410 , 0.410256 , -1.146729
0.256410 , 0.435897 , -1.200538
0.256410 , 0.461538 , -1.255482
0.256410 , 0.487179 , -1.310878
0.256410 , 0.512821 , -1.365998
0.256410 , 0.538462 , -1.421859
0.256410 , 0.564103 , -1.476509
0.256410 , 0.589744 , -1.528493
0.256410 , 0.615385 , -1.579085
0.256410 , 0.641026 , -1.627765
0.256410 , 0.666667 , -1.673122
0.256410 , 0.692308 , -1.715713
0.256410 , 0.717949 , -1.755072
0.256410 , 0.743590 , -1.793260
0.256410 , 0.769231 , -1.828017
0.256410 , 0.794872 , -1.858674
0.256410 , 0.820513 , -1.886518
0.256410 , 0.846154 , -1.909419
0.256410 , 0.871795 , -1.927283
0.256410 , 0.897436 , -1.941318
0.256410 , 0.923077 , -1.950404
0.256410 , 0.948718 , -1.956947
0.256410 , 0.974359 , -1.961948
0.256410 , 1.000000 , -1.964509
0.282051 , 0.000000 , -0.443768
0.282051 , 0.025641 , -0.444085
0.282051 , 0.051282 , -0.448185
0.282051 , 0.076923 , -0.455713
0.282051 , 0.102564 , -0.466473
0.282051 , 0.128205 , -0.480856
0.282051 , 0.153846 , -0.500081
0.282051 , 0.179487 , -0.523725
0.282051 , 0.205128 , -0.551656
0.282051 , 0.230769 , -0.583359
0.282051 , 0.256410 , -0.618939
0.282051 , 0.282051 , -0.658374
0.282051 , 0.307692 , -0.701032
0.282051 , 0.333333 , -0.747924
0.282051 , 0.358974 , -0.798134
0.282051 , 0.384615 , -0.851968
0.282051 , 0.410256 , -0.908822
0.282051 , 0.435897 , -0.966402
0.282051 , 0.461538 , -1.026417
0.282051 , 0.487179 , -1.086629
0.282051 , 0.512821 , -1.146613
0.282051 , 0.538462 , -1.207124
0.282051 , 0.564103 , -1.267374
0.282051 , 0.589744 , -1.325021
0.282051 , 0.615385 , -1.380918
0.282051 , 0.641026 , -1.434088
0.282051 , 0.666667 , -1.484361
0.282051 , 0.692308 , -1.531396
0.282051 , 0.717949 , -1.575689
0.282051 , 0.743590 , -1.617335
0.282051 , 0.769231 , -1.655749
0.282051 , 0.794872 , -1.689687
0.282051 , 0.820513 , -1.720623
0.282051 , 0.846154 , -1.746263
0.282051 , 0.871795 , -1.766645
0.282051 , 0.897436 , -1.782513
0.282051 , 0.923077 , -1.793540
0.282051 , 0.948718 , -1.801524
0.282051 , 0.974359 , -1.807081
0.282051 , 1.000000 , -1.809716
0.307692 , 0.000000 , -0.167247
0.307692 , 0.025641 , -0.168564
0.307692 , 0.051282 , -0.173094
0.307692 , 0.076923 , -0.181883
0.307692 , 0.102564 , -0.194842
0.307692 , 0.128205 , -0.211804
0.307692 , 0.153846 , -0.233683
0.307692 , 0.179487 , -0.260022
0.307692 , 0.205128 , -0.291237
0.307692 , 0.230769 , -0.326665
0.307692 , 0.256410 , -0.364856
0.307692 , 0.282051 , -0.407317
0.307692 , 0.307692 , -0.454201
0.307692 , 0.333333 , -0.505587
0.307692 , 0.358974 , -0.560160
0.307692 , 0.384615 , -0.617389
0.307692 , 0.410256 , -0.678019
0.307692 , 0.435897 , -0.740415
0.307692 , 0.461538 , -0.804839
0.307692 , 0.487179 , -0.870002
0.307692 , 0.512821 , -0.934930
0.307692 , 0.538462 , -1.000426
0.307692 , 0.564103 , -1.065373
0.307692 , 0.589744 , -1.128984
0.307692 , 0.615385 , -1.190281
0.307692 , 0.641026 , -1.248740
0.307692 , 0.666667 , -1.304192
0.307692 , 0.692308 , -1.356271
0.307692 , 0.717949 , -1.405494
0.307692 , 0.743590 , -1.451639
0.307692 , 0.769231 , -1.494284
0.307692 , 0.794872 , -1.531691
0.307692 , 0.820513 , -1.565186
0.307692 , 0.846154 , -1.593427
0.307692 , 0.871795 , -1.615871
0.307692 , 0.897436 , -1.633389
0.307692 , 0.923077 , -1.646674
0.307692 , 0.948718 , -1.656641
0.307692 , 0.974359 , -1.662927
0.307692 , 1.000000 , -1.664701
0.333333 , 0.000000 , 0.103418
0.333333 , 0.025641 , 0.101627
0.333333 , 0.051282 , 0.096090
0.333333 , 0.076923 , 0.086000
0.333333 , 0.102564 , 0.070856
0.333333 , 0.128205 , 0.051308
0.333333 , 0.153846 , 0.026396
0.333333 , 0.179487 , -0.002588
0.333333 , 0.205128 , -0.036982
0.333333 , 0.230769 , -0.075662
0.333333 , 0.256410 , -0.117546
0.333333 , 0.282051 , -0.164050
0.333333 , 0.307692 , -0.214859
0.333333 , 0.333333 , -0.270403
0.333333 , 0.358974 , -0.329537
0.333333 , 0.384615 , -0.390570
0.333333 , 0.410256 , -0.454764
0.333333 , 0.435897 , -0.521965
0.333333 , 0.461538 , -0.591288
0.333333 , 0.487179 , -0.661966
0.333333 , 0.512821 , -0.732459
0.333333 , 0.538462 , -0.803124
0.333333 , 0.564103 , -0.873187
0.333333 , 0.589744 , -0.942010
0.333333 , 0.615385 , -1.008076
0.333333 , 0.641026 , -1.071270
0.333333 , 0.666667 , -1.131577
0.333333 , 0.692308 , -1.189140
0.333333 , 0.717949 , -1.243977
0.333333 , 0.743590 , -1.294775
0.333333 , 0.769231 , -1.341452
0.333333 , 0.794872 , -1.382592
0.333333 , 0.820513 , -1.418659
0.333333 , 0.846154 , -1.449925
0.333333 , 0.871795 , -1.475437
0.333333 , 0.897436 , -1.494867
0.333333 , 0.923077 , -1.510435
0.333333 , 0.948718 , -1.522327
0.333333 , 0.974359 , -1.529294
0.333333 , 1.000000 , -1.531356
0.358974 , 0.000000 , 0.367532
0.358974 , 0.025641 , 0.366140
0.358974 , 0.051282 , 0.359869
0.358974 , 0.076923 , 0.347914
0.358974 , 0.102564 , 0.330901
0.358974 , 0.128205 , 0.309088
0.358974 , 0.153846 , 0.281391
0.358974 , 0.179487 , 0.249168
0.358974 , 0.205128 , 0.211648
0.358974 , 0.230769 , 0.169583
0.358974 , 0.256410 , 0.124034
0.358974 , 0.282051 , 0.072827
0.358974 , 0.307692 , 0.016670
0.358974 , 0.333333 , -0.042715
0.358974 , 0.358974 , -0.105538
0.358974 , 0.384615 , -0.171556
0.358974 , 0.410256 , -0.240469
0.358974 , 0.435897 , -0.312321
0.358974 , 0.461538 , -0.386534
0.358974 , 0.487179 , -0.462264
0.358974 , 0.512821 , -0.538725
0.358974 , 0.538462 , -0.615023
0.358974 , 0.564103 , -0.690154
0.358974 , 0.589744 , -0.763907
0.358974 , 0.615385 , -0.835216
0.358974 , 0.641026 , -0.903749
0.358974 , 0.666667 , -0.969346
0.358974 , 0.692308 , -1.031922
0.358974 , 0.717949 , -1.092010
0.358974 , 0.743590 , -1.147620
0.358974 , 0.769231 , -1.198348
0.358974 , 0.794872 , -1.243896
0.358974 , 0.820513 , -1.283166
0.358974 , 0.846154 , -1.317519
0.358974 , 0.871795 , -1.346279
0.358974 , 0.897436 , -1.368474
0.358974 , 0.923077 , -1.385648
0.358974 , 0.948718 , -1.398771
0.358974 , 0.974359 , -1.406189
0.358974 , 1.000000 , -1.409064
0.384615 , 0.000000 , 0.629167
0.384615 , 0.025641 , 0.627192
0.384615 , 0.051282 , 0.620487
0.384615 , 0.076923 , 0.606577
0.384615 , 0.102564 , 0.587433
0.384615 , 0.128205 , 0.563357
0.384615 , 0.153846 , 0.532587
0.384615 , 0.179487 , 0.496571
0.384615 , 0.205128 , 0.455326
0.384615 , 0.230769 , 0.409171
0.384615 , 0.256410 , 0.359244
0.384615 , 0.282051 , 0.303497
0.384615 , 0.307692 , 0.242083
0.384615 , 0.333333 , 0.178202
0.384615 , 0.358974 , 0.110820
0.384615 , 0.384615 , 0.039608
0.384615 , 0.410256 , -0.034790
0.384615 , 0.435897 , -0.111844
0.384615 , 0.461538 , -0.191320
0.384615 , 0.487179 , -0.272293
0.384615 , 0.512821 , -0.353961
0.384615 , 0.538462 , -0.435523
0.384615 , 0.564103 , -0.516051
0.384615 , 0.589744 , -0.594916
0.384615 , 0.615385 , -0.671644
0.384615 , 0.641026 , -0.745935
0.384615 , 0.666667 , -0.817145
0.384615 , 0.692308 , -0.884832
0.384615 , 0.717949 , -0.949885
0.384615 , 0.743590 , -1.010162
0.384615 , 0.769231 , -1.065021
0.384615 , 0.794872 , -1.114680
0.384615 , 0.820513 , -1.158605
0.384615 , 0.846154 , -1.196590
0.384615 , 0.871795 , -1.228312
0.384615 , 0.897436 , -1.253180
0.384615 , 0.923077 , -1.272828
0.384615 , 0.948718 , -1.286828
0.384615 , 0.974359 , -1.294828
0.384615 , 1.000000 , -1.298273
0.410256 , 0.000000 , 0.888419
0.410256 , 0.025641 , 0.885412
0.410256 , 0.051282 , 0.877247
0.410256 , 0.076923 , 0.862054
0.410256 , 0.102564 , 0.840793
0.410256 , 0.128205 , 0.813261
0.410256 , 0.153846 , 0.780101
0.410256 , 0.179487 , 0.739990
0.410256 , 0.205128 , 0.694799
0.410256 , 0.230769 , 0.644608
0.410256 , 0.256410 , 0.589509
0.410256 , 0.282051 , 0.528967
0.410256 , 0.307692 , 0.462888
0.410256 , 0.333333 , 0.393523
0.410256 , 0.358974 , 0.319994
0.410256 , 0.384615 , 0.243270
0.410256 , 0.410256 , 0.163257
0.410256 , 0.435897 , 0.080323
0.410256 , 0.461538 , -0.004732
0.410256 , 0.487179 , -0.091116
0.410256 , 0.512821 , -0.178279
0.410256 , 0.538462 , -0.265387
0.410256 , 0.564103 , -0.351161
0.410256 , 0.589744 , -0.436049
0.410256 , 0.615385 , -0.518757
0.410256 , 0.641026 , -0.598455
0.410256 , 0.666667 , -0.674771
0.410256 , 0.692308 , -0.748452
0.410256 , 0.717949 , -0.818975
0.410256 , 0.743590 , -0.884771
0.410256 , 0.769231 , -0.944469
0.410256 , 0.794872 , -0.997793
0.410256 , 0.820513 , -1.045177
0.410256 , 0.846154 , -1.086622
0.410256 , 0.871795 , -1.121670
0.410256 , 0.897436 , -1.149741
0.410256 , 0.923077 , -1.171442
0.410256 , 0.948718 , -1.186731
0.410256 , 0.974359 , -1.196063
0.410256 , 1.000000 , -1.199220
0.435897 , 0.000000 , 1.143295
0.435897 , 0.025641 , 1.140014
0.435897 , 0.051282 , 1.130179
0.435897 , 0.076923 , 1.113799
0.435897 , 0.102564 , 1.090599
0.435897 , 0.128205 , 1.059919
0.435897 , 0.153846 , 1.023326
0.435897 , 0.179487 , 0.980388
0.435897 , 0.205128 , 0.931033
0.435897 , 0.230769 , 0.876357
0.435897 , 0.256410 , 0.816201
0.435897 , 0.282051 , 0.749986
0.435897 , 0.307692 , 0.678439
0.435897 , 0.333333 , 0.602758
0.435897 , 0.358974 , 0.523217
0.435897 , 0.384615 , 0.440041
0.435897 , 0.410256 , 0.354713
0.435897 , 0.435897 , 0.265776
0.435897 , 0.461538 , 0.174579
0.435897 , 0.487179 , 0.082056
0.435897 , 0.512821 , -0.011370
0.435897 , 0.538462 , -0.104893
0.435897 , 0.564103 , -0.196823
0.435897 , 0.589744 , -0.287352
0.435897 , 0.615385 , -0.376853
0.435897 , 0.641026 , -0.462632
0.435897 , 0.666667 , -0.544596
0.435897 , 0.692308 , -0.623861
0.435897 , 0.717949 , -0.699939
0.435897 , 0.743590 , -0.770524
0.435897 , 0.769231 , -0.834992
0.435897 , 0.794872 , -0.892783
0.435897 , 0.820513 , -0.943829
0.435897 , 0.846154 , -0.988709
0.435897 , 0.871795 , -1.027784
0.435897 , 0.897436 , -1.058937
0.435897 , 0.923077 , -1.082874
0.435897 , 0.948718 , -1.099629
0.435897 , 0.974359 , -1.109555
0.435897 , 1.000000 , -1.112995
0.461538 , 0.000000 , 1.394936
0.461538 , 0.025641 , 1.391669
0.461538 , 0.051282 , 1.380763
0.461538 , 0.076923 , 1.362327
0.461538 , 0.102564 , 1.337391
0.461538 , 0.128205 , 1.304676
0.461538 , 0.153846 , 1.264131
0.461538 , 0.179487 , 1.217570
0.461538 , 0.205128 , 1.163474
0.461538 , 0.230769 , 1.104132
0.461538 , 0.256410 , 1.038660
0.461538 , 0.282051 , 0.967340
0.461538 , 0.307692 , 0.890121
0.461538 , 0.333333 , 0.807475
0.461538 , 0.358974 , 0.721216
0.461538 , 0.384615 , 0.631611
0.461538 , 0.410256 , 0.539434
0.461538 , 0.435897 , 0.443995
0.461538 , 0.461538 , 0.345711
0.461538 , 0.487179 , 0.246384
0.461538 , 0.512821 , 0.146597
0.461538 , 0.538462 , 0.046373
0.461538 , 0.564103 , -0.052848
0.461538 , 0.589744 , -0.150387
0.461538 , 0.615385 , -0.245933
0.461538 , 0.641026 , -0.338656
0.461538 , 0.666667 , -0.426916
0.461538 , 0.692308 , -0.511567
0.461538 , 0.717949 , -0.592780
0.461538 , 0.743590 , -0.668569
0.461538 , 0.769231 , -0.737858
0.461538 , 0.794872 , -0.800372
0.461538 , 0.820513 , -0.855750
0.461538 , 0.846154 , -0.904144
0.461538 , 0.871795 , -0.945785
0.461538 , 0.897436 , -0.980291
0.461538 , 0.923077 , -1.006591
0.461538 , 0.948718 , -1.025124
0.461538 , 0.974359 , -1.035815
0.461538 , 1.000000 , -1.039554
0.487179 , 0.000000 , 1.645698
0.487179 , 0.025641 , 1.641579
0.487179 , 0.051282 , 1.629308
0.487179 , 0.076923 , 1.609271
0.487179 , 0.102564 , 1.582225
0.487179 , 0.128205 , 1.547369
0.487179 , 0.153846 , 1.503944
0.487179 , 0.179487 , 1.452058
0.487179 , 0.205128 , 1.392971
0.487179 , 0.230769 , 1.328664
0.487179 , 0.256410 , 1.257534
0.487179 , 0.282051 , 1.180345
0.487179 , 0.307692 , 1.097129
0.487179 , 0.333333 , 1.007961
0.487179 , 0.358974 , 0.914640
0.487179 , 0.384615 , 0.817515
0.487179 , 0.410256 , 0.717341
0.487179 , 0.435897 , 0.614588
0.487179 , 0.461538 , 0.508946
0.487179 , 0.487179 , 0.402340
0.487179 , 0.512821 , 0.294896
0.487179 , 0.538462 , 0.187006
0.487179 , 0.564103 , 0.080201
0.487179 , 0.589744 , -0.024784
0.487179 , 0.615385 , -0.127000
0.487179 , 0.641026 , -0.226086
0.487179 , 0.666667 , -0.321472
0.487179 , 0.692308 , -0.412280
0.487179 , 0.717949 , -0.498775
0.487179 , 0.743590 , -0.579716
0.487179 , 0.769231 , -0.654352
0.487179 , 0.794872 , -0.722031
0.487179 , 0.820513 , -0.782042
0.487179 , 0.846154 , -0.834290
0.487179 , 0.871795 , -0.878644
0.487179 , 0.897436 , -0.914851
0.487179 , 0.923077 , -0.943342
0.487179 , 0.948718 , -0.963566
0.487179 , 0.974359 , -0.975304
0.487179 , 1.000000 , -0.979190
0.512821 , 0.000000 , 1.895575
0.512821 , 0.025641 , 1.891426
0.512821 , 0.051282 , 1.877691
0.512821 , 0.076923 , 1.856024
0.512821 , 0.102564 , 1.826528
0.512821 , 0.128205 , 1.787794
0.512821 , 0.153846 , 1.740921
0.512821 , 0.179487 , 1.685085
0.512821 , 0.205128 , 1.621066
0.512821 , 0.230769 , 1.551297
0.512821 , 0.256410 , 1.473941
0.512821 , 0.282051 , 1.389925
0.512821 , 0.307692 , 1.300294
0.512821 , 0.333333 , 1.204182
0.512821 , 0.358974 , 1.103300
0.512821 , 0.384615 , 0.998498
0.512821 , 0.410256 , 0.890322
0.512821 , 0.435897 , 0.778670
0.512821 , 0.461538 , 0.664957
0.512821 , 0.487179 , 0.550525
0.512821 , 0.512821 , 0.435020
0.512821 , 0.538462 , 0.318663
0.512821 , 0.564103 , 0.203132
0.512821 , 0.589744 , 0.090746
0.512821 , 0.615385 , -0.019486
0.512821 , 0.641026 , -0.125740
0.512821 , 0.666667 , -0.228303
0.512821 , 0.692308 , -0.326304
0.512821 , 0.717949 , -0.418760
0.512821 , 0.743590 , -0.505352
0.512821 , 0.769231 , -0.585334
0.512821 , 0.794872 , -0.657283
0.512821 , 0.820513 , -0.722313
0.512821 , 0.846154 , -0.778259
0.512821 , 0.871795 , -0.826491
0.512821 , 0.897436 , -0.864998
0.512821 , 0.923077 , -0.894981
0.512821 , 0.948718 , -0.916780
0.512821 , 0.974359 , -0.930059
0.512821 , 1.000000 , -0.933867
0.538462 , 0.000000 , 2.145300
0.538462 , 0.025641 , 2.140884
0.538462 , 0.051282 , 2.126625
0.538462 , 0.076923 , 2.103104
0.538462 , 0.102564 , 2.070746
0.538462 , 0.128205 , 2.028495
0.538462 , 0.153846 , 1.977148
0.538462 , 0.179487 , 1.917508
0.538462 , 0.205128 , 1.848788
0.538462 , 0.230769 , 1.773246
0.538462 , 0.256410 , 1.689476
0.538462 , 0.282051 , 1.597960
0.538462 , 0.307692 , 1.501067
0.538462 , 0.333333 , 1.397459
0.538462 , 0.358974 , 1.288447
0.538462 , 0.384615 , 1.175349
0.538462 , 0.410256 , 1.058173
0.538462 , 0.435897 , 0.937565
0.538462 , 0.461538 , 0.814431
0.538462 , 0.487179 , 0.690584
0.538462 , 0.512821 , 0.566106
0.538462 , 0.538462 , 0.440900
0.538462 , 0.564103 , 0.316385
0.538462 , 0.589744 , 0.195097
0.538462 , 0.615385 , 0.076533
0.538462 , 0.641026 , -0.038288
0.538462 , 0.666667 , -0.148480
0.538462 , 0.692308 , -0.253825
0.538462 , 0.717949 , -0.353065
0.538462 , 0.743590 , -0.445634
0.538462 , 0.769231 , -0.531205
0.538462 , 0.794872 , -0.607845
0.538462 , 0.820513 , -0.676599
0.538462 , 0.846154 , -0.737209
0.538462 , 0.871795 , -0.788547
0.538462 , 0.897436 , -0.830538
0.538462 , 0.923077 , -0.862609
0.538462 , 0.948718 , -0.886337
0.538462 , 0.974359 , -0.901389
0.538462 , 1.000000 , -0.905571
0.564103 , 0.000000 , 2.395859
0.564103 , 0.025641 , 2.390641
0.564103 , 0.051282 , 2.375849
0.564103 , 0.076923 , 2.350239
0.564103 , 0.102564 , 2.314847
0.564103 , 0.128205 , 2.270070
0.564103 , 0.153846 , 2.214481
0.564103 , 0.179487 , 2.150181
0.564103 , 0.205128 , 2.076236
0.564103 , 0.230769 , 1.994552
0.564103 , 0.256410 , 1.904733
0.564103 , 0.282051 , 1.806108
0.564103 , 0.307692 , 1.700857
0.564103 , 0.333333 , 1.588649
0.564103 , 0.358974 , 1.470554
0.564103 , 0.384615 , 1.347728
0.564103 , 0.410256 , 1.221203
0.564103 , 0.435897 , 1.090389
0.564103 , 0.461538 , 0.956631
0.564103 , 0.487179 , 0.822441
0.564103 , 0.512821 , 0.687716
0.564103 , 0.538462 , 0.552796
0.564103 , 0.564103 , 0.418817
0.564103 , 0.589744 , 0.286980
0.564103 , 0.615385 , 0.158989
0.564103 , 0.641026 , 0.035154
0.564103 , 0.666667 , -0.083638
0.564103 , 0.692308 , -0.195786
0.564103 , 0.717949 , -0.301649
0.564103 , 0.743590 , -0.400948
0.564103 , 0.769231 , -0.492676
0.564103 , 0.794872 , -0.575188
0.564103 , 0.820513 , -0.648103
0.564103 , 0.846154 , -0.712916
0.564103 , 0.871795 , -0.767253
0.564103 , 0.897436 , -0.812225
0.564103 , 0.923077 , -0.847002
0.564103 , 0.948718 , -0.872499
0.564103 , 0.974359 , -0.888496
0.564103 , 1.000000 , -0.894060
0.589744 , 0.000000 , 2.648473
0.589744 , 0.025641 , 2.642461
0.589744 , 0.051282 , 2.626177
0.589744 , 0.076923 , 2.598847
0.589744 , 0.102564 , 2.560864
0.589744 , 0.128205 , 2.512971
0.589744 , 0.153846 , 2.453940
0.589744 , 0.179487 , 2.383836
0.589744 , 0.205128 , 2.304748
0.589744 , 0.230769 , 2.217018
0.589744 , 0.256410 , 2.120161
0.589744 , 0.282051 , 2.014468
0.589744 , 0.307692 , 1.900833
0.589744 , 0.333333 , 1.779417
0.589744 , 0.358974 , 1.650941
0.589744 , 0.384615 , 1.517070
0.589744 , 0.410256 , 1.379637
0.589744 , 0.435897 , 1.238437
0.589744 , 0.461538 , 1.092951
0.589744 , 0.487179 , 0.946317
0.589744 , 0.512821 , 0.800379
0.589744 , 0.538462 , 0.653791
0.589744 , 0.564103 , 0.508735
0.589744 , 0.589744 , 0.365676
0.589744 , 0.615385 , 0.227317
0.589744 , 0.641026 , 0.094254
0.589744 , 0.666667 , -0.033428
0.589744 , 0.692308 , -0.153747
0.589744 , 0.717949 , -0.267156
0.589744 , 0.743590 , -0.372981
0.589744 , 0.769231 , -0.470257
0.589744 , 0.794872 , -0.558914
0.589744 , 0.820513 , -0.637106
0.589744 , 0.846154 , -0.705581
0.589744 , 0.871795 , -0.763087
0.589744 , 0.897436 , -0.811037
0.589744 , 0.923077 , -0.848779
0.589744 , 0.948718 , -0.875911
0.589744 , 0.974359 , -0.892984
0.589744 , 1.000000 , -0.899638
0.615385 , 0.000000 , 2.903383
0.615385 , 0.025641 , 2.897001
0.615385 , 0.051282 , 2.879345
0.615385 , 0.076923 , 2.850523
0.615385 , 0.102564 , 2.810573
0.615385 , 0.128205 , 2.759081
0.615385 , 0.153846 , 2.696201
0.615385 , 0.179487 , 2.621681
0.615385 , 0.205128 , 2.537550
0.615385 , 0.230769 , 2.443124
0.615385 , 0.256410 , 2.339160
0.615385 , 0.282051 , 2.225301
0.615385 , 0.307692 , 2.102489
0.615385 , 0.333333 , 1.970596
0.615385 , 0.358974 , 1.830796
0.615385 , 0.384615 , 1.685152
0.615385 , 0.410256 , 1.535409
0.615385 , 0.435897 , 1.381774
0.615385 , 0.461538 , 1.223746
0.615385 , 0.487179 , 1.063743
0.615385 , 0.512821 , 0.904163
0.615385 , 0.538462 , 0.744571
0.615385 , 0.564103 , 0.586649
0.615385 , 0.589744 , 0.431743
0.615385 , 0.615385 , 0.281676
0.615385 , 0.641026 , 0.137976
0.615385 , 0.666667 , 0.000821
0.615385 , 0.692308 , -0.128755
0.615385 , 0.717949 , -0.250687
0.615385 , 0.743590 , -0.363483
0.615385 , 0.769231 , -0.467028
0.615385 , 0.794872 , -0.560552
0.615385 , 0.820513 , -0.644001
0.615385 , 0.846154 , -0.716290
0.615385 , 0.871795 , -0.776766
0.615385 , 0.897436 , -0.827500
0.615385 , 0.923077 , -0.868062
0.615385 , 0.948718 , -0.897229
0.615385 , 0.974359 , -0.915097
0.615385 , 1.000000 , -0.921894
0.641026 , 0.000000 , 3.161351
0.641026 , 0.025641 , 3.154851
0.641026 , 0.051282 , 3.136045
0.641026 , 0.076923 , 3.106323
0.641026 , 0.102564 , 3.064466
0.641026 , 0.128205 , 3.010361
0.641026 , 0.153846 , 2.943186
0.641026 , 0.179487 , 2.864629
0.641026 , 0.205128 , 2.775244
0.641026 , 0.230769 , 2.673866
0.641026 , 0.256410 , 2.561972
0.641026 , 0.282051 , 2.439295
0.641026 , 0.307692 , 2.306654
0.641026 , 0.333333 , 2.163491
0.641026 , 0.358974 , 2.011768
0.641026 , 0.384615 , 1.853307
0.641026 , 0.410256 , 1.689642
0.641026 , 0.435897 , 1.521327
0.641026 , 0.461538 , 1.348705
0.641026 , 0.487179 , 1.174592
0.641026 , 0.512821 , 0.999676
0.641026 , 0.538462 , 0.824893
0.641026 , 0.564103 , 0.652855
0.641026 , 0.589744 , 0.484587
0.641026 , 0.615385 , 0.321621
0.641026 , 0.641026 , 0.165420
0.641026 , 0.666667 , 0.017620
0.641026 , 0.692308 , -0.122042
0.641026 , 0.717949 , -0.252885
0.641026 , 0.743590 , -0.373390
0.641026 , 0.769231 , -0.484323
0.641026 , 0.794872 , -0.583441
0.641026 , 0.820513 , -0.671045
0.641026 , 0.846154 , -0.747353
0.641026 , 0.871795 , -0.810879
0.641026 , 0.897436 , -0.863913
0.641026 , 0.923077 , -0.906109
0.641026 , 0.948718 , -0.936604
0.641026 , 0.974359 , -0.954790
0.641026 , 1.000000 , -0.961403
0.666667 , 0.000000 , 3.423136
0.666667 , 0.025641 , 3.416208
0.666667 , 0.051282 , 3.397089
0.666667 , 0.076923 , 3.365946
0.666667 , 0.102564 , 3.322195
0.666667 , 0.128205 , 3.265601
0.666667 , 0.153846 , 3.195381
0.666667 , 0.179487 , 3.112956
0.666667 , 0.205128 , 3.018652
0.666667 , 0.230769 , 2.910098
0.666667 , 0.256410 , 2.790093
0.666667 , 0.282051 , 2.657628
0.666667 , 0.307692 , 2.514424
0.666667 , 0.333333 , 2.359169
0.666667 , 0.358974 , 2.193772
0.666667 , 0.384615 , 2.020943
0.666667 , 0.410256 , 1.842334
0.666667 , 0.435897 , 1.657653
0.666667 , 0.461538 , 1.468681
0.666667 , 0.487179 , 1.278117
0.666667 , 0.512821 , 1.086708
0.666667 , 0.538462 , 0.895406
0.666667 , 0.564103 , 0.707427
0.666667 , 0.589744 , 0.523644
0.666667 , 0.615385 , 0.345409
0.666667 , 0.641026 , 0.174967
0.666667 , 0.666667 , 0.014598
0.666667 , 0.692308 , -0.135969
0.666667 , 0.717949 , -0.275643
0.666667 , 0.743590 , -0.404269
0.666667 , 0.769231 , -0.522176
0.666667 , 0.794872 , -0.627448
0.666667 , 0.820513 , -0.720214
0.666667 , 0.846154 , -0.800239
0.666667 , 0.871795 , -0.866012
0.666667 , 0.897436 , -0.920723
0.666667 , 0.923077 , -0.963601
0.666667 , 0.948718 , -0.994916
0.666667 , 0.974359 , -1.013681
0.666667 , 1.000000 , -1.019873
0.692308 , 0.000000 , 3.689093
0.692308 , 0.025641 , 3.682303
0.692308 , 0.051282 , 3.662514
0.692308 , 0.076923 , 3.630326
0.692308 , 0.102564 , 3.585406
0.692308 , 0.128205 , 3.526269
0.692308 , 0.153846 , 3.454283
0.692308 , 0.179487 , 3.368023
0.692308 , 0.205128 , 3.268825
0.692308 , 0.230769 , 3.153827
0.692308 , 0.256410 , 3.025031
0.692308 , 0.282051 , 2.882458
0.692308 , 0.307692 , 2.727509
0.692308 , 0.333333 , 2.559806
0.692308 , 0.358974 , 2.379393
0.692308 , 0.384615 , 2.190332
0.692308 , 0.410256 , 1.994551
0.692308 , 0.435897 , 1.792288
0.692308 , 0.461538 , 1.584812
0.692308 , 0.487179 , 1.374894
0.692308 , 0.512821 , 1.164228
0.692308 , 0.538462 , 0.954476
0.692308 , 0.564103 , 0.748000
0.692308 , 0.589744 , 0.546636
0.692308 , 0.615385 , 0.351969
0.692308 , 0.641026 , 0.166988
0.692308 , 0.666667 , -0.007059
0.692308 , 0.692308 , -0.170021
0.692308 , 0.717949 , -0.320411
0.692308 , 0.743590 , -0.458085
0.692308 , 0.769231 , -0.583186
0.692308 , 0.794872 , -0.694156
0.692308 , 0.820513 , -0.791304
0.692308 , 0.846154 , -0.874320
0.692308 , 0.871795 , -0.943087
0.692308 , 0.897436 , -0.998877
0.692308 , 0.923077 , -1.042191
0.692308 , 0.948718 , -1.073389
0.692308 , 0.974359 , -1.092055
0.692308 , 1.000000 , -1.098226
0.717949 , 0.000000 , 3.959815
0.717949 , 0.025641 , 3.953062
0.717949 , 0.051282 , 3.933835
0.717949 , 0.076923 , 3.901465
0.717949 , 0.102564 , 3.855302
0.717949 , 0.128205 , 3.795136
0.717949 , 0.153846 , 3.720820
0.717949 , 0.179487 , 3.632202
0.717949 , 0.205128 , 3.528004
0.717949 , 0.230769 , 3.406344
0.717949 , 0.256410 , 3.268770
0.717949 , 0.282051 , 3.115690
0.717949 , 0.307692 , 2.948031
0.717949 , 0.333333 , 2.766322
0.717949 , 0.358974 , 2.570419
0.717949 , 0.384615 , 2.363539
0.717949 , 0.410256 , 2.147441
0.717949 , 0.435897 , 1.924473
0.717949 , 0.461538 , 1.695788
0.717949 , 0.487179 , 1.463759
0.717949 , 0.512821 , 1.231211
0.717949 , 0.538462 , 1.000501
0.717949 , 0.564103 , 0.773292
0.717949 , 0.589744 , 0.553273
0.717949 , 0.615385 , 0.341264
0.717949 , 0.641026 , 0.139945
0.717949 , 0.666667 , -0.049255
0.717949 , 0.692308 , -0.226012
0.717949 , 0.717949 , -0.388746
0.717949 , 0.743590 , -0.535177
0.717949 , 0.769231 , -0.666829
0.717949 , 0.794872 , -0.783203
0.717949 , 0.820513 , -0.883890
0.717949 , 0.846154 , -0.969416
0.717949 , 0.871795 , -1.040838
0.717949 , 0.897436 , -1.097908
0.717949 , 0.923077 , -1.141707
0.717949 , 0.948718 , -1.172377
0.717949 , 0.974359 , -1.191382
0.717949 , 1.000000 , -1.197174
0.743590 , 0.000000 , 4.235858
0.743590 , 0.025641 , 4.229517
0.743590 , 0.051282 , 4.210428
0.743590 , 0.076923 , 4.178979
0.743590 , 0.102564 , 4.132646
0.743590 , 0.128205 , 4.072742
0.743590 , 0.153846 , 3.997298
0.743590 , 0.179487 , 3.904825
0.743590 , 0.205128 , 3.796262
0.743590 , 0.230769 , 3.668278
0.743590 , 0.256410 , 3.522443
0.743590 , 0.282051 , 3.358542
0.743590 , 0.307692 , 3.178050
0.743590 , 0.333333 , 2.980371
0.743590 , 0.358974 , 2.766791
0.743590 , 0.384615 , 2.540557
0.743590 , 0.410256 , 2.302512
0.743590 , 0.435897 , 2.055974
0.743590 , 0.461538 , 1.802972
0.743590 , 0.487179 , 1.546426
0.743590 , 0.512821 , 1.289379
0.743590 , 0.538462 , 1.035066
0.743590 , 0.564103 , 0.785105
0.743590 , 0.589744 , 0.543197
0.743590 , 0.615385 , 0.311335
0.743590 , 0.641026 , 0.091251
0.743590 , 0.666667 , -0.114854
0.743590 , 0.692308 , -0.306337
0.743590 , 0.717949 , -0.481722
0.743590 , 0.743590 , -0.638232
0.743590 , 0.769231 , -0.777252
0.743590 , 0.794872 , -0.899020
0.743590 , 0.820513 , -1.002339
0.743590 , 0.846154 , -1.089362
0.743590 , 0.871795 , -1.161075
0.743590 , 0.897436 , -1.218457
0.743590 , 0.923077 , -1.262265
0.743590 , 0.948718 , -1.292695
0.743590 , 0.974359 , -1.311606
0.743590 , 1.000000 , -1.317506
0.769231 , 0.000000 , 4.517430
0.769231 , 0.025641 , 4.511359
0.769231 , 0.051282 , 4.493093
0.769231 , 0.076923 , 4.462600
0.769231 , 0.102564 , 4.417848
0.769231 , 0.128205 , 4.358903
0.769231 , 0.153846 , 4.283235
0.769231 , 0.179487 , 4.189218
0.769231 , 0.205128 , 4.075750
0.769231 , 0.230769 , 3.943092
0.769231 , 0.256410 , 3.788864
0.769231 , 0.282051 , 3.613113
0.769231 , 0.307692 , 3.418427
0.769231 , 0.333333 , 3.204046
0.769231 , 0.358974 , 2.971906
0.769231 , 0.384615 , 2.723150
0.769231 , 0.410256 , 2.460999
0.769231 , 0.435897 , 2.188330
0.769231 , 0.461538 , 1.908743
0.769231 , 0.487179 , 1.624833
0.769231 , 0.512821 , 1.340249
0.769231 , 0.538462 , 1.058665
0.769231 , 0.564103 , 0.782579
0.769231 , 0.589744 , 0.515201
0.769231 , 0.615385 , 0.259696
0.769231 , 0.641026 , 0.018413
0.769231 , 0.666667 , -0.206145
0.769231 , 0.692308 , -0.413389
0.769231 , 0.717949 , -0.601288
0.769231 , 0.743590 , -0.767685
0.769231 , 0.769231 , -0.913861
0.769231 , 0.794872 , -1.041651
0.769231 , 0.820513 , -1.148548
0.769231 , 0.846154 , -1.236455
0.769231 , 0.871795 , -1.308095
0.769231 , 0.897436 , -1.363912
0.769231 , 0.923077 , -1.406022
0.769231 , 0.948718 , -1.434996
0.769231 , 0.974359 , -1.452685
0.769231 , 1.000000 , -1.458542
0.794872 , 0.000000 , 4.803048
0.794872 , 0.025641 , 4.797844
0.794872 , 0.051282 , 4.781588
0.794872 , 0.076923 , 4.753910
0.794872 , 0.102564 , 4.712173
0.794872 , 0.128205 , 4.655613
0.794872 , 0.153846 , 4.581082
0.794872 , 0.179487 , 4.487046
0.794872 , 0.205128 , 4.370993
0.794872 , 0.230769 , 4.232567
0.794872 , 0.256410 , 4.070224
0.794872 , 0.282051 , 3.882723
0.794872 , 0.307692 , 3.672973
0.794872 , 0.333333 , 3.440722
0.794872 , 0.358974 , 3.186877
0.794872 , 0.384615 , 2.914116
0.794872 , 0.410256 , 2.625025
0.794872 , 0.435897 , 2.323084
0.794872 , 0.461538 , 2.013501
0.794872 , 0.487179 , 1.698595
0.794872 , 0.512821 , 1.382249
0.794872 , 0.538462 , 1.069738
0.794872 , 0.564103 , 0.763575
0.794872 , 0.589744 , 0.468067
0.794872 , 0.615385 , 0.186114
0.794872 , 0.641026 , -0.078779
0.794872 , 0.666667 , -0.324418
0.794872 , 0.692308 , -0.549123
0.794872 , 0.717949 , -0.750921
0.794872 , 0.743590 , -0.928098
0.794872 , 0.769231 , -1.081875
0.794872 , 0.794872 , -1.214175
0.794872 , 0.820513 , -1.324020
0.794872 , 0.846154 , -1.411117
0.794872 , 0.871795 , -1.480653
0.794872 , 0.897436 , -1.533706
0.794872 , 0.923077 , -1.572055
0.794872 , 0.948718 , -1.597425
0.794872 , 0.974359 , -1.613075
0.794872 , 1.000000 , -1.617740
0.820513 , 0.000000 , 5.092003
0.820513 , 0.025641 , 5.088322
0.820513 , 0.051282 , 5.075245
0.820513 , 0.076923 , 5.052089
0.820513 , 0.102564 , 5.015684
0.820513 , 0.128205 , 4.964265
0.820513 , 0.153846 , 4.892851
0.820513 , 0.179487 , 4.800731
0.820513 , 0.205128 , 4.684042
0.820513 , 0.230769 , 4.540774
0.820513 , 0.256410 , 4.369795
0.820513 , 0.282051 , 4.170810
0.820513 , 0.307692 , 3.944211
0.820513 , 0.333333 , 3.692262
0.820513 , 0.358974 , 3.415296
0.820513 , 0.384615 , 3.115900
0.820513 , 0.410256 , 2.796709
0.820513 , 0.435897 , 2.462003
0.820513 , 0.461538 , 2.117630
0.820513 , 0.487179 , 1.767446
0.820513 , 0.512821 , 1.415213
0.820513 , 0.538462 , 1.067717
0.820513 , 0.564103 , 0.728564
0.820513 , 0.589744 , 0.400611
0.820513 , 0.615385 , 0.088277
0.820513 , 0.641026 , -0.203798
0.820513 , 0.666667 , -0.472957
0.820513 , 0.692308 , -0.716611
0.820513 , 0.717949 , -0.933257
0.820513 , 0.743590 , -1.122627
0.820513 , 0.769231 , -1.283985
0.820513 , 0.794872 , -1.419334
0.820513 , 0.820513 , -1.529160
0.820513 , 0.846154 , -1.614292
0.820513 , 0.871795 , -1.678826
0.820513 , 0.897436 , -1.726790
0.820513 , 0.923077 , -1.759562
0.820513 , 0.948718 , -1.780424
0.820513 , 0.974359 , -1.792497
0.820513 , 1.000000 , -1.796041
0.846154 , 0.000000 , 5.383444
0.846154 , 0.025641 , 5.381154
0.846154 , 0.051282 , 5.373121
0.846154 , 0.076923 , 5.356370
0.846154 , 0.102564 , 5.328600
0.846154 , 0.128205 , 5.285460
0.846154 , 0.153846 , 5.220555
0.846154 , 0.179487 , 5.132071
0.846154 , 0.205128 , 5.016916
0.846154 , 0.230769 , 4.871275
0.846154 , 0.256410 , 4.692589
0.846154 , 0.282051 , 4.481786
0.846154 , 0.307692 , 4.237412
0.846154 , 0.333333 , 3.962894
0.846154 , 0.358974 , 3.659863
0.846154 , 0.384615 , 3.330892
0.846154 , 0.410256 , 2.977895
0.846154 , 0.435897 , 2.606197
0.846154 , 0.461538 , 2.222826
0.846154 , 0.487179 , 1.831853
0.846154 , 0.512821 , 1.439256
0.846154 , 0.538462 , 1.051933
0.846154 , 0.564103 , 0.675110
0.846154 , 0.589744 , 0.310775
0.846154 , 0.615385 , -0.036361
0.846154 , 0.641026 , -0.359832
0.846154 , 0.666667 , -0.655718
0.846154 , 0.692308 , -0.921655
0.846154 , 0.717949 , -1.154144
0.846154 , 0.743590 , -1.353946
0.846154 , 0.769231 , -1.521738
0.846154 , 0.794872 , -1.659212
0.846154 , 0.820513 , -1.767131
0.846154 , 0.846154 , -1.847646
0.846154 , 0.871795 , -1.904477
0.846154 , 0.897436 , -1.943288
0.846154 , 0.923077 , -1.967836
0.846154 , 0.948718 , -1.982180
0.846154 , 0.974359 , -1.989639
0.846154 , 1.000000 , -1.991334
0.871795 , 0.000000 , 5.673221
0.871795 , 0.025641 , 5.673198
0.871795 , 0.051282 , 5.672506
0.871795 , 0.076923 , 5.666484
0.871795 , 0.102564 , 5.650969
0.871795 , 0.128205 , 5.620020
0.871795 , 0.153846 , 5.566132
0.871795 , 0.179487 , 5.484917
0.871795 , 0.205128 , 5.373667
0.871795 , 0.230769 , 5.227186
0.871795 , 0.256410 , 5.041656
0.871795 , 0.282051 , 4.818697
0.871795 , 0.307692 , 4.556577
0.871795 , 0.333333 , 4.258569
0.871795 , 0.358974 , 3.925645
0.871795 , 0.384615 , 3.562471
0.871795 , 0.410256 , 3.171392
0.871795 , 0.435897 , 2.758312
0.871795 , 0.461538 , 2.330383
0.871795 , 0.487179 , 1.893499
0.871795 , 0.512821 , 1.454426
0.871795 , 0.538462 , 1.021220
0.871795 , 0.564103 , 0.599227
0.871795 , 0.589744 , 0.192819
0.871795 , 0.615385 , -0.191700
0.871795 , 0.641026 , -0.548747
0.871795 , 0.666667 , -0.874376
0.871795 , 0.692308 , -1.164670
0.871795 , 0.717949 , -1.416242
0.871795 , 0.743590 , -1.627681
0.871795 , 0.769231 , -1.800955
0.871795 , 0.794872 , -1.938080
0.871795 , 0.820513 , -2.040725
0.871795 , 0.846154 , -2.113041
0.871795 , 0.871795 , -2.159771
0.871795 , 0.897436 , -2.185730
0.871795 , 0.923077 , -2.197387
0.871795 , 0.948718 , -2.201382
0.871795 , 0.974359 , -2.201212
0.871795 , 1.000000 , -2.200372
0.897436 , 0.000000 , 5.956503
0.897436 , 0.025641 , 5.960250
0.897436 , 0.051282 , 5.970202
0.897436 , 0.076923 , 5.979808
0.897436 , 0.102564 , 5.982162
0.897436 , 0.128205 , 5.969233
0.897436 , 0.153846 , 5.931989
0.897436 , 0.179487 , 5.864471
0.897436 , 0.205128 , 5.760251
0.897436 , 0.230769 , 5.614584
0.897436 , 0.256410 , 5.423675
0.897436 , 0.282051 , 5.188256
0.897436 , 0.307692 , 4.907016
0.897436 , 0.333333 , 4.583306
0.897436 , 0.358974 , 4.218024
0.897436 , 0.384615 , 3.815739
0.897436 , 0.410256 , 3.381076
0.897436 , 0.435897 , 2.920499
0.897436 , 0.461538 , 2.441262
0.897436 , 0.487179 , 1.951364
0.897436 , 0.512821 , 1.458985
0.897436 , 0.538462 , 0.973116
0.897436 , 0.564103 , 0.500260
0.897436 , 0.589744 , 0.045344
0.897436 , 0.615385 , -0.382515
0.897436 , 0.641026 , -0.778397
0.897436 , 0.666667 , -1.137013
0.897436 , 0.692308 , -1.453551
0.897436 , 0.717949 , -1.723737
0.897436 , 0.743590 , -1.947352
0.897436 , 0.769231 , -2.125754
0.897436 , 0.794872 , -2.261499
0.897436 , 0.820513 , -2.356783
0.897436 , 0.846154 , -2.416340
0.897436 , 0.871795 , -2.446672
0.897436 , 0.897436 , -2.454347
0.897436 , 0.923077 , -2.446926
0.897436 , 0.948718 , -2.434145
0.897436 , 0.974359 , -2.423117
0.897436 , 1.000000 , -2.418478
0.923077 , 0.000000 , 6.225471
0.923077 , 0.025641 , 6.234983
0.923077 , 0.051282 , 6.261205
0.923077 , 0.076923 , 6.293905
0.923077 , 0.102564 , 6.322814
0.923077 , 0.128205 , 6.336004
0.923077 , 0.153846 , 6.322972
0.923077 , 0.179487 , 6.273819
0.923077 , 0.205128 , 6.181764
0.923077 , 0.230769 , 6.040674
0.923077 , 0.256410 , 5.846399
0.923077 , 0.282051 , 5.598416
0.923077 , 0.307692 , 5.296611
0.923077 , 0.333333 , 4.943645
0.923077 , 0.358974 , 4.542309
0.923077 , 0.384615 , 4.096007
0.923077 , 0.410256 , 3.610898
0.923077 , 0.435897 , 3.095005
0.923077 , 0.461538 , 2.557534
0.923077 , 0.487179 , 2.007057
0.923077 , 0.512821 , 1.453059
0.923077 , 0.538462 , 0.905517
0.923077 , 0.564103 , 0.373494
0.923077 , 0.589744 , -0.135165
0.923077 , 0.615385 , -0.612752
0.923077 , 0.641026 , -1.052554
0.923077 , 0.666667 , -1.447850
0.923077 , 0.692308 , -1.793445
0.923077 , 0.717949 , -2.084866
0.923077 , 0.743590 , -2.320999
0.923077 , 0.769231 , -2.503220
0.923077 , 0.794872 , -2.634299
0.923077 , 0.820513 , -2.717918
0.923077 , 0.846154 , -2.759333
0.923077 , 0.871795 , -2.765942
0.923077 , 0.897436 , -2.747133
0.923077 , 0.923077 , -2.713116
0.923077 , 0.948718 , -2.676420
0.923077 , 0.974359 , -2.648139
0.923077 , 1.000000 , -2.637126
0.948718 , 0.000000 , 6.467834
0.948718 , 0.025641 , 6.487188
0.948718 , 0.051282 , 6.538705
0.948718 , 0.076923 , 6.606272
0.948718 , 0.102564 , 6.673240
0.948718 , 0.128205 , 6.723820
0.948718 , 0.153846 , 6.743233
0.948718 , 0.179487 , 6.719773
0.948718 , 0.205128 , 6.645428
0.948718 , 0.230769 , 6.512322
0.948718 , 0.256410 , 6.316750
0.948718 , 0.282051 , 6.056535
0.948718 , 0.307692 , 5.732160
0.948718 , 0.333333 , 5.346647
0.948718 , 0.358974 , 4.902886
0.948718 , 0.384615 , 4.406547
0.948718 , 0.410256 , 3.864657
0.948718 , 0.435897 , 3.285845
0.948718 , 0.461538 , 2.680949
0.948718 , 0.487179 , 2.060433
0.948718 , 0.512821 , 1.435367
0.948718 , 0.538462 , 0.817209
0.948718 , 0.564103 , 0.216744
0.948718 , 0.589744 , -0.355835
0.948718 , 0.615385 , -0.890391
0.948718 , 0.641026 , -1.379855
0.948718 , 0.666667 , -1.816577
0.948718 , 0.692308 , -2.194029
0.948718 , 0.717949 , -2.507965
0.948718 , 0.743590 , -2.756805
0.948718 , 0.769231 , -2.941337
0.948718 , 0.794872 , -3.064037
0.948718 , 0.820513 , -3.130006
0.948718 , 0.846154 , -3.145291
0.948718 , 0.871795 , -3.119185
0.948718 , 0.897436 , -3.063598
0.948718 , 0.923077 , -2.991508
0.948718 , 0.948718 , -2.919793
0.948718 , 0.974359 , -2.865238
0.948718 , 1.000000 , -2.844248
0.974359 , 0.000000 , 6.662659
0.974359 , 0.025641 , 6.699901
0.974359 , 0.051282 , 6.793404
0.974359 , 0.076923 , 6.913128
0.974359 , 0.102564 , 7.034259
0.974359 , 0.128205 , 7.135683
0.974359 , 0.153846 , 7.199807
0.974359 , 0.179487 , 7.211507
0.974359 , 0.205128 , 7.161519
0.974359 , 0.230769 , 7.041609
0.974359 , 0.256410 , 6.846147
0.974359 , 0.282051 , 6.573567
0.974359 , 0.307692 , 6.224410
0.974359 , 0.333333 , 5.802341
0.974359 , 0.358974 , 5.311319
0.974359 , 0.384615 , 4.757241
0.974359 , 0.410256 , 4.148550
0.974359 , 0.435897 , 3.496166
0.974359 , 0.461538 , 2.813159
0.974359 , 0.487179 , 2.111524
0.974359 , 0.512821 , 1.404504
0.974359 , 0.538462 , 0.704810
0.974359 , 0.564103 , 0.025779
0.974359 , 0.589744 , -0.619847
0.974359 , 0.615385 , -1.220988
0.974359 , 0.641026 , -1.767275
0.974359 , 0.666667 , -2.251415
0.974359 , 0.692308 , -2.665456
0.974359 , 0.717949 , -3.003463
0.974359 , 0.743590 , -3.264578
0.974359 , 0.769231 , -3.448953
0.974359 , 0.794872 , -3.559218
0.974359 , 0.820513 , -3.600642
0.974359 , 0.846154 , -3.581315
0.974359 , 0.871795 , -3.510863
0.974359 , 0.897436 , -3.404521
0.974359 , 0.923077 , -3.278839
0.974359 , 0.948718 , -3.154830
0.974359 , 0.974359 , -3.057785
0.974359 , 1.000000 , -3.018457
1.000000 , 0.000000 , 6.775376
1.000000 , 0.025641 , 6.851080
1.000000 , 0.051282 , 7.015749
1.000000 , 0.076923 , 7.213408
1.000000 , 0.102564 , 7.409305
1.000000 , 0.128205 , 7.578521
1.000000 , 0.153846 , 7.700573
1.000000 , 0.179487 , 7.758934
1.000000 , 0.205128 , 7.741328
1.000000 , 0.230769 , 7.638736
1.000000 , 0.256410 , 7.446004
1.000000 , 0.282051 , 7.161037
1.000000 , 0.307692 , 6.784439
1.000000 , 0.333333 , 6.321197
1.000000 , 0.358974 , 5.775800
1.000000 , 0.384615 , 5.155304
1.000000 , 0.410256 , 4.470333
1.000000 , 0.435897 , 3.732758
1.000000 , 0.461538 , 2.958655
1.000000 , 0.487179 , 2.163156
1.000000 , 0.512821 , 1.359909
1.000000 , 0.538462 , 0.566146
1.000000 , 0.564103 , -0.203498
1.000000 , 0.589744 , -0.934460
1.000000 , 0.615385 , -1.611582
1.000000 , 0.641026 , -2.224865
1.000000 , 0.666667 , -2.763214
1.000000 , 0.692308 , -3.218331
1.000000 , 0.717949 , -3.584288
1.000000 , 0.743590 , -3.857494
1.000000 , 0.769231 , -4.038962
1.000000 , 0.794872 , -4.131383
1.000000 , 0.820513 , -4.140835
1.000000 , 0.846154 , -4.075638
1.000000 , 0.871795 , -3.948143
1.000000 , 0.897436 , -3.773821
1.000000 , 0.923077 , -3.573019
1.000000 , 0.948718 , -3.370837
1.000000 , 0.974359 , -3.202194
1.000000 , 1.000000 , -3.123776
