0.000000 , 0.000000 , 3.874333
0.000000 , 0.025641 , 3.874333
0.000000 , 0.051282 , 3.874333
0.000000 , 0.076923 , 3.874333
0.000000 , 0.102564 , 3.874333
0.000000 , 0.128205 , 3.874333
0.000000 , 0.153846 , 3.874333
0.000000 , 0.179487 , 3.874333
0.000000 , 0.205128 , 3.874333
0.000000 , 0.230769 , 3.874333
0.000000 , 0.256410 , 3.874333
0.000000 , 0.282051 , 3.874333
0.000000 , 0.307692 , 3.874333
0.000000 , 0.333333 , 3.874333
0.000000 , 0.358974 , 3.874333
0.000000 , 0.384615 , 3.874333
0.000000 , 0.410256 , 3.874333
0.000000 , 0.435897 , 3.874333
0.000000 , 0.461538 , 3.874333
0.000000 , 0.487179 , 3.874333
0.000000 , 0.512821 , 3.874333
0.000000 , 0.538462 , 3.874333
0.000000 , 0.564103 , 3.874333
0.000000 , 0.589744 , 3.874333
0.000000 , 0.615385 , 3.874333
0.000000 , 0.641026 , 3.874333
0.000000 , 0.666667 , 3.874333
0.000000 , 0.692308 , 3.874333
0.000000 , 0.717949 , 3.874333
0.000000 , 0.743590 , 3.874333
0.000000 , 0.769231 , 3.874333
0.000000 , 0.794872 , 3.874333
0.000000 , 0.820513 , 3.874333
0.000000 , 0.846154 , 3.874333
0.000000 , 0.871795 , 3.874333
0.000000 , 0.897436 , 3.874333
0.000000 , 0.923077 , 3.874333
0.000000 , 0.948718 , 3.874333
0.000000 , 0.974359 , 3.874333
0.000000 , 1.000000 , 3.874333
0.025641 , 0.000000 , 3.655449
0.025641 , 0.025641 , 3.656349
0.025641 , 0.051282 , 3.657737
0.025641 , 0.076923 , 3.658804
0.025641 , 0.102564 , 3.659345
0.025641 , 0.128205 , 3.659610
0.025641 , 0.153846 , 3.660491
0.025641 , 0.179487 , 3.661174
0.025641 , 0.205128 , 3.661215
0.025641 , 0.230769 , 3.660567
0.025641 , 0.256410 , 3.659596
0.025641 , 0.282051 , 3.657966
0.025641 , 0.307692 , 3.655730
0.025641 , 0.333333 , 3.653941
0.025641 , 0.358974 , 3.651761
0.025641 , 0.384615 , 3.648544
0.025641 , 0.410256 , 3.646150
0.025641 , 0.435897 , 3.644403
0.025641 , 0.461538 , 3.642768
0.025641 , 0.487179 , 3.640652
0.025641 , 0.512821 , 3.638156
0.025641 , 0.538462 , 3.635833
0.025641 , 0.564103 , 3.633183
0.025641 , 0.589744 , 3.631279
0.025641 , 0.615385 , 3.629843
0.025641 , 0.641026 , 3.627505
0.025641 , 0.666667 , 3.625601
0.025641 , 0.692308 , 3.624856
0.025641 , 0.717949 , 3.624135
0.025641 , 0.743590 , 3.623352
0.025641 , 0.769231 , 3.622625
0.025641 , 0.794872 , 3.622077
0.025641 , 0.820513 , 3.622199
0.025641 , 0.846154 , 3.622090
0.025641 , 0.871795 , 3.621291
0.025641 , 0.897436 , 3.620693
0.025641 , 0.923077 , 3.620075
0.025641 , 0.948718 , 3.619996
0.025641 , 0.974359 , 3.620242
0.025641 , 1.000000 , 3.620512
0.051282 , 0.000000 , 3.441396
0.051282 , 0.025641 , 3.442627
0.051282 , 0.051282 , 3.444556
0.051282 , 0.076923 , 3.446148
0.051282 , 0.102564 , 3.447213
0.051282 , 0.128205 , 3.447811
0.051282 , 0.153846 , 3.449207
0.051282 , 0.179487 , 3.450082
0.051282 , 0.205128 , 3.450299
0.051282 , 0.230769 , 3.449532
0.051282 , 0.256410 , 3.447535
0.051282 , 0.282051 , 3.444809
0.051282 , 0.307692 , 3.441384
0.051282 , 0.333333 , 3.437742
0.051282 , 0.358974 , 3.433820
0.051282 , 0.384615 , 3.428240
0.051282 , 0.410256 , 3.422943
0.051282 , 0.435897 , 3.418922
0.051282 , 0.461538 , 3.415771
0.051282 , 0.487179 , 3.411950
0.051282 , 0.512821 , 3.407082
0.051282 , 0.538462 , 3.402562
0.051282 , 0.564103 , 3.398208
0.051282 , 0.589744 , 3.394155
0.051282 , 0.615385 , 3.389763
0.051282 , 0.641026 , 3.385421
0.051282 , 0.666667 , 3.382002
0.051282 , 0.692308 , 3.380545
0.051282 , 0.717949 , 3.379051
0.051282 , 0.743590 , 3.377563
0.051282 , 0.769231 , 3.376421
0.051282 , 0.794872 , 3.375489
0.051282 , 0.820513 , 3.375385
0.051282 , 0.846154 , 3.375146
0.051282 , 0.871795 , 3.374118
0.051282 , 0.897436 , 3.372984
0.051282 , 0.923077 , 3.371907
0.051282 , 0.948718 , 3.371745
0.051282 , 0.974359 , 3.371924
0.051282 , 1.000000 , 3.371958
0.076923 , 0.000000 , 3.231101
0.076923 , 0.025641 , 3.232572
0.076923 , 0.051282 , 3.234240
0.076923 , 0.076923 , 3.236574
0.076923 , 0.102564 , 3.238259
0.076923 , 0.128205 , 3.239300
0.076923 , 0.153846 , 3.240983
0.076923 , 0.179487 , 3.242006
0.076923 , 0.205128 , 3.242711
0.076923 , 0.230769 , 3.241841
0.076923 , 0.256410 , 3.239299
0.076923 , 0.282051 , 3.235491
0.076923 , 0.307692 , 3.231567
0.076923 , 0.333333 , 3.226157
0.076923 , 0.358974 , 3.219373
0.076923 , 0.384615 , 3.212235
0.076923 , 0.410256 , 3.205296
0.076923 , 0.435897 , 3.198663
0.076923 , 0.461538 , 3.193010
0.076923 , 0.487179 , 3.186959
0.076923 , 0.512821 , 3.180234
0.076923 , 0.538462 , 3.174137
0.076923 , 0.564103 , 3.167543
0.076923 , 0.589744 , 3.161732
0.076923 , 0.615385 , 3.155787
0.076923 , 0.641026 , 3.149908
0.076923 , 0.666667 , 3.145185
0.076923 , 0.692308 , 3.141873
0.076923 , 0.717949 , 3.139283
0.076923 , 0.743590 , 3.138340
0.076923 , 0.769231 , 3.137591
0.076923 , 0.794872 , 3.136081
0.076923 , 0.820513 , 3.135090
0.076923 , 0.846154 , 3.134203
0.076923 , 0.871795 , 3.132630
0.076923 , 0.897436 , 3.130965
0.076923 , 0.923077 , 3.129761
0.076923 , 0.948718 , 3.129374
0.076923 , 0.974359 , 3.129934
0.076923 , 1.000000 , 3.130341
0.102564 , 0.000000 , 3.024475
0.102564 , 0.025641 , 3.025957
0.102564 , 0.051282 , 3.028024
0.102564 , 0.076923 , 3.029927
0.102564 , 0.102564 , 3.032272
0.102564 , 0.128205 , 3.034396
0.102564 , 0.153846 , 3.036617
0.102564 , 0.179487 , 3.037676
0.102564 , 0.205128 , 3.038287
0.102564 , 0.230769 , 3.037645
0.102564 , 0.256410 , 3.035100
0.102564 , 0.282051 , 3.030431
0.102564 , 0.307692 , 3.025164
0.102564 , 0.333333 , 3.018494
0.102564 , 0.358974 , 3.009387
0.102564 , 0.384615 , 3.000284
0.102564 , 0.410256 , 2.992032
0.102564 , 0.435897 , 2.982822
0.102564 , 0.461538 , 2.975218
0.102564 , 0.487179 , 2.967866
0.102564 , 0.512821 , 2.959194
0.102564 , 0.538462 , 2.951515
0.102564 , 0.564103 , 2.943374
0.102564 , 0.589744 , 2.935078
0.102564 , 0.615385 , 2.927540
0.102564 , 0.641026 , 2.920641
0.102564 , 0.666667 , 2.914802
0.102564 , 0.692308 , 2.910818
0.102564 , 0.717949 , 2.907396
0.102564 , 0.743590 , 2.905262
0.102564 , 0.769231 , 2.904079
0.102564 , 0.794872 , 2.902037
0.102564 , 0.820513 , 2.900341
0.102564 , 0.846154 , 2.899032
0.102564 , 0.871795 , 2.897034
0.102564 , 0.897436 , 2.895527
0.102564 , 0.923077 , 2.894124
0.102564 , 0.948718 , 2.893647
0.102564 , 0.974359 , 2.894201
0.102564 , 1.000000 , 2.895061
0.128205 , 0.000000 , 2.821749
0.128205 , 0.025641 , 2.823067
0.128205 , 0.051282 , 2.825107
0.128205 , 0.076923 , 2.827535
0.128205 , 0.102564 , 2.829653
0.128205 , 0.128205 , 2.832459
0.128205 , 0.153846 , 2.835067
0.128205 , 0.179487 , 2.836873
0.128205 , 0.205128 , 2.837879
0.128205 , 0.230769 , 2.836944
0.128205 , 0.256410 , 2.834275
0.128205 , 0.282051 , 2.829617
0.128205 , 0.307692 , 2.823117
0.128205 , 0.333333 , 2.815499
0.128205 , 0.358974 , 2.805702
0.128205 , 0.384615 , 2.795620
0.128205 , 0.410256 , 2.785426
0.128205 , 0.435897 , 2.774301
0.128205 , 0.461538 , 2.764449
0.128205 , 0.487179 , 2.755556
0.128205 , 0.512821 , 2.745593
0.128205 , 0.538462 , 2.735868
0.128205 , 0.564103 , 2.726448
0.128205 , 0.589744 , 2.716012
0.128205 , 0.615385 , 2.706130
0.128205 , 0.641026 , 2.698083
0.128205 , 0.666667 , 2.690861
0.128205 , 0.692308 , 2.685799
0.128205 , 0.717949 , 2.682452
0.128205 , 0.743590 , 2.679628
0.128205 , 0.769231 , 2.677735
0.128205 , 0.794872 , 2.675552
0.128205 , 0.820513 , 2.673279
0.128205 , 0.846154 , 2.671578
0.128205 , 0.871795 , 2.669571
0.128205 , 0.897436 , 2.668425
0.128205 , 0.923077 , 2.666766
0.128205 , 0.948718 , 2.666606
0.128205 , 0.974359 , 2.666516
0.128205 , 1.000000 , 2.666879
0.153846 , 0.000000 , 2.623154
0.153846 , 0.025641 , 2.625171
0.153846 , 0.051282 , 2.626971
0.153846 , 0.076923 , 2.629291
0.153846 , 0.102564 , 2.632011
0.153846 , 0.128205 , 2.634694
0.153846 , 0.153846 , 2.637598
0.153846 , 0.179487 , 2.639431
0.153846 , 0.205128 , 2.640474
0.153846 , 0.230769 , 2.639925
0.153846 , 0.256410 , 2.636753
0.153846 , 0.282051 , 2.631892
0.153846 , 0.307692 , 2.625288
0.153846 , 0.333333 , 2.617178
0.153846 , 0.358974 , 2.606945
0.153846 , 0.384615 , 2.596171
0.153846 , 0.410256 , 2.584503
0.153846 , 0.435897 , 2.571758
0.153846 , 0.461538 , 2.560320
0.153846 , 0.487179 , 2.549794
0.153846 , 0.512821 , 2.538045
0.153846 , 0.538462 , 2.526429
0.153846 , 0.564103 , 2.515289
0.153846 , 0.589744 , 2.503954
0.153846 , 0.615385 , 2.492503
0.153846 , 0.641026 , 2.482832
0.153846 , 0.666667 , 2.474783
0.153846 , 0.692308 , 2.468568
0.153846 , 0.717949 , 2.464552
0.153846 , 0.743590 , 2.461633
0.153846 , 0.769231 , 2.458346
0.153846 , 0.794872 , 2.455058
0.153846 , 0.820513 , 2.452417
0.153846 , 0.846154 , 2.450945
0.153846 , 0.871795 , 2.449389
0.153846 , 0.897436 , 2.449131
0.153846 , 0.923077 , 2.448756
0.153846 , 0.948718 , 2.448742
0.153846 , 0.974359 , 2.448348
0.153846 , 1.000000 , 2.447843
0.179487 , 0.000000 , 2.429653
0.179487 , 0.025641 , 2.431116
0.179487 , 0.051282 , 2.433638
0.179487 , 0.076923 , 2.436168
0.179487 , 0.102564 , 2.438736
0.179487 , 0.128205 , 2.441207
0.179487 , 0.153846 , 2.443713
0.179487 , 0.179487 , 2.445847
0.179487 , 0.205128 , 2.447131
0.179487 , 0.230769 , 2.446456
0.179487 , 0.256410 , 2.443459
0.179487 , 0.282051 , 2.438134
0.179487 , 0.307692 , 2.431426
0.179487 , 0.333333 , 2.423155
0.179487 , 0.358974 , 2.413038
0.179487 , 0.384615 , 2.401637
0.179487 , 0.410256 , 2.389544
0.179487 , 0.435897 , 2.376629
0.179487 , 0.461538 , 2.363704
0.179487 , 0.487179 , 2.351280
0.179487 , 0.512821 , 2.337647
0.179487 , 0.538462 , 2.324022
0.179487 , 0.564103 , 2.310861
0.179487 , 0.589744 , 2.298896
0.179487 , 0.615385 , 2.287149
0.179487 , 0.641026 , 2.276639
0.179487 , 0.666667 , 2.267112
0.179487 , 0.692308 , 2.259148
0.179487 , 0.717949 , 2.253784
0.179487 , 0.743590 , 2.251036
0.179487 , 0.769231 , 2.248149
0.179487 , 0.794872 , 2.243413
0.179487 , 0.820513 , 2.240360
0.179487 , 0.846154 , 2.238809
0.179487 , 0.871795 , 2.237986
0.179487 , 0.897436 , 2.238208
0.179487 , 0.923077 , 2.237991
0.179487 , 0.948718 , 2.237773
0.179487 , 0.974359 , 2.237632
0.179487 , 1.000000 , 2.237787
0.205128 , 0.000000 , 2.241154
0.205128 , 0.025641 , 2.241905
0.205128 , 0.051282 , 2.244449
0.205128 , 0.076923 , 2.247236
0.205128 , 0.102564 , 2.249482
0.205128 , 0.128205 , 2.251629
0.205128 , 0.153846 , 2.253744
0.205128 , 0.179487 , 2.255694
0.205128 , 0.205128 , 2.257138
0.205128 , 0.230769 , 2.256218
0.205128 , 0.256410 , 2.252841
0.205128 , 0.282051 , 2.247809
0.205128 , 0.307692 , 2.241171
0.205128 , 0.333333 , 2.232388
0.205128 , 0.358974 , 2.222918
0.205128 , 0.384615 , 2.211587
0.205128 , 0.410256 , 2.198767
0.205128 , 0.435897 , 2.185949
0.205128 , 0.461538 , 2.172126
0.205128 , 0.487179 , 2.157770
0.205128 , 0.512821 , 2.142996
0.205128 , 0.538462 , 2.127910
0.205128 , 0.564103 , 2.113361
0.205128 , 0.589744 , 2.100301
0.205128 , 0.615385 , 2.088709
0.205128 , 0.641026 , 2.078419
0.205128 , 0.666667 , 2.068382
0.205128 , 0.692308 , 2.059567
0.205128 , 0.717949 , 2.053245
0.205128 , 0.743590 , 2.048974
0.205128 , 0.769231 , 2.045509
0.205128 , 0.794872 , 2.041147
0.205128 , 0.820513 , 2.037716
0.205128 , 0.846154 , 2.036889
0.205128 , 0.871795 , 2.035493
0.205128 , 0.897436 , 2.035703
0.205128 , 0.923077 , 2.035759
0.205128 , 0.948718 , 2.035339
0.205128 , 0.974359 , 2.034924
0.205128 , 1.000000 , 2.034976
0.230769 , 0.000000 , 2.056516
0.230769 , 0.025641 , 2.057156
0.230769 , 0.051282 , 2.059761
0.230769 , 0.076923 , 2.062277
0.230769 , 0.102564 , 2.064292
0.230769 , 0.128205 , 2.066580
0.230769 , 0.153846 , 2.068723
0.230769 , 0.179487 , 2.070566
0.230769 , 0.205128 , 2.071282
0.230769 , 0.230769 , 2.069797
0.230769 , 0.256410 , 2.066277
0.230769 , 0.282051 , 2.061196
0.230769 , 0.307692 , 2.054084
0.230769 , 0.333333 , 2.045445
0.230769 , 0.358974 , 2.036396
0.230769 , 0.384615 , 2.025122
0.230769 , 0.410256 , 2.012239
0.230769 , 0.435897 , 1.999180
0.230769 , 0.461538 , 1.985530
0.230769 , 0.487179 , 1.970867
0.230769 , 0.512821 , 1.955533
0.230769 , 0.538462 , 1.939639
0.230769 , 0.564103 , 1.924636
0.230769 , 0.589744 , 1.910761
0.230769 , 0.615385 , 1.898638
0.230769 , 0.641026 , 1.887810
0.230769 , 0.666667 , 1.876880
0.230769 , 0.692308 , 1.868190
0.230769 , 0.717949 , 1.861215
0.230769 , 0.743590 , 1.855346
0.230769 , 0.769231 , 1.851029
0.230769 , 0.794872 , 1.845833
0.230769 , 0.820513 , 1.842228
0.230769 , 0.846154 , 1.841437
0.230769 , 0.871795 , 1.841365
0.230769 , 0.897436 , 1.840861
0.230769 , 0.923077 , 1.841505
0.230769 , 0.948718 , 1.841389
0.230769 , 0.974359 , 1.841161
0.230769 , 1.000000 , 1.841664
0.256410 , 0.000000 , 1.876274
0.256410 , 0.025641 , 1.876869
0.256410 , 0.051282 , 1.879030
0.256410 , 0.076923 , 1.881268
0.256410 , 0.102564 , 1.883401
0.256410 , 0.128205 , 1.884747
0.256410 , 0.153846 , 1.886751
0.256410 , 0.179487 , 1.889404
0.256410 , 0.205128 , 1.890213
0.256410 , 0.230769 , 1.888515
0.256410 , 0.256410 , 1.884797
0.256410 , 0.282051 , 1.879452
0.256410 , 0.307692 , 1.872035
0.256410 , 0.333333 , 1.863348
0.256410 , 0.358974 , 1.854622
0.256410 , 0.384615 , 1.843891
0.256410 , 0.410256 , 1.831537
0.256410 , 0.435897 , 1.818685
0.256410 , 0.461538 , 1.805298
0.256410 , 0.487179 , 1.790373
0.256410 , 0.512821 , 1.774857
0.256410 , 0.538462 , 1.758887
0.256410 , 0.564103 , 1.744033
0.256410 , 0.589744 , 1.730493
0.256410 , 0.615385 , 1.717661
0.256410 , 0.641026 , 1.706392
0.256410 , 0.666667 , 1.695095
0.256410 , 0.692308 , 1.685080
0.256410 , 0.717949 , 1.677629
0.256410 , 0.743590 , 1.671033
0.256410 , 0.769231 , 1.665558
0.256410 , 0.794872 , 1.660662
0.256410 , 0.820513 , 1.657026
0.256410 , 0.846154 , 1.654684
0.256410 , 0.871795 , 1.653929
0.256410 , 0.897436 , 1.654043
0.256410 , 0.923077 , 1.654126
0.256410 , 0.948718 , 1.654517
0.256410 , 0.974359 , 1.654734
0.256410 , 1.000000 , 1.655085
0.282051 , 0.000000 , 1.699609
0.282051 , 0.025641 , 1.700422
0.282051 , 0.051282 , 1.702652
0.282051 , 0.076923 , 1.704503
0.282051 , 0.102564 , 1.706788
0.282051 , 0.128205 , 1.708039
0.282051 , 0.153846 , 1.708701
0.282051 , 0.179487 , 1.711327
0.282051 , 0.205128 , 1.712741
0.282051 , 0.230769 , 1.711216
0.282051 , 0.256410 , 1.707773
0.282051 , 0.282051 , 1.702766
0.282051 , 0.307692 , 1.695870
0.282051 , 0.333333 , 1.687159
0.282051 , 0.358974 , 1.678219
0.282051 , 0.384615 , 1.668010
0.282051 , 0.410256 , 1.656468
0.282051 , 0.435897 , 1.643870
0.282051 , 0.461538 , 1.630870
0.282051 , 0.487179 , 1.616503
0.282051 , 0.512821 , 1.601177
0.282051 , 0.538462 , 1.585633
0.282051 , 0.564103 , 1.570785
0.282051 , 0.589744 , 1.556929
0.282051 , 0.615385 , 1.543828
0.282051 , 0.641026 , 1.532065
0.282051 , 0.666667 , 1.521304
0.282051 , 0.692308 , 1.510728
0.282051 , 0.717949 , 1.502258
0.282051 , 0.743590 , 1.495437
0.282051 , 0.769231 , 1.490118
0.282051 , 0.794872 , 1.485888
0.282051 , 0.820513 , 1.482504
0.282051 , 0.846154 , 1.478864
0.282051 , 0.871795 , 1.476737
0.282051 , 0.897436 , 1.476128
0.282051 , 0.923077 , 1.476598
0.282051 , 0.948718 , 1.476937
0.282051 , 0.974359 , 1.477865
0.282051 , 1.000000 , 1.477854
0.307692 , 0.000000 , 1.528301
0.307692 , 0.025641 , 1.528568
0.307692 , 0.051282 , 1.530442
0.307692 , 0.076923 , 1.532228
0.307692 , 0.102564 , 1.534545
0.307692 , 0.128205 , 1.536351
0.307692 , 0.153846 , 1.537470
0.307692 , 0.179487 , 1.538556
0.307692 , 0.205128 , 1.538866
0.307692 , 0.230769 , 1.537366
0.307692 , 0.256410 , 1.534634
0.307692 , 0.282051 , 1.530661
0.307692 , 0.307692 , 1.524268
0.307692 , 0.333333 , 1.515901
0.307692 , 0.358974 , 1.506640
0.307692 , 0.384615 , 1.496859
0.307692 , 0.410256 , 1.486531
0.307692 , 0.435897 , 1.474074
0.307692 , 0.461538 , 1.461267
0.307692 , 0.487179 , 1.448031
0.307692 , 0.512821 , 1.433975
0.307692 , 0.538462 , 1.419612
0.307692 , 0.564103 , 1.405192
0.307692 , 0.589744 , 1.391421
0.307692 , 0.615385 , 1.378974
0.307692 , 0.641026 , 1.367064
0.307692 , 0.666667 , 1.356687
0.307692 , 0.692308 , 1.346929
0.307692 , 0.717949 , 1.338221
0.307692 , 0.743590 , 1.330321
0.307692 , 0.769231 , 1.323665
0.307692 , 0.794872 , 1.319616
0.307692 , 0.820513 , 1.316394
0.307692 , 0.846154 , 1.312782
0.307692 , 0.871795 , 1.309920
0.307692 , 0.897436 , 1.308713
0.307692 , 0.923077 , 1.308404
0.307692 , 0.948718 , 1.309080
0.307692 , 0.974359 , 1.309805
0.307692 , 1.000000 , 1.309875
0.333333 , 0.000000 , 1.362630
0.333333 , 0.025641 , 1.362400
0.333333 , 0.051282 , 1.363459
0.333333 , 0.076923 , 1.364510
0.333333 , 0.102564 , 1.366311
0.333333 , 0.128205 , 1.368142
0.333333 , 0.153846 , 1.369239
0.333333 , 0.179487 , 1.369712
0.333333 , 0.205128 , 1.369365
0.333333 , 0.230769 , 1.367727
0.333333 , 0.256410 , 1.365141
0.333333 , 0.282051 , 1.361509
0.333333 , 0.307692 , 1.356602
0.333333 , 0.333333 , 1.349005
0.333333 , 0.358974 , 1.339966
0.333333 , 0.384615 , 1.330921
0.333333 , 0.410256 , 1.321485
0.333333 , 0.435897 , 1.310345
0.333333 , 0.461538 , 1.297691
0.333333 , 0.487179 , 1.285634
0.333333 , 0.512821 , 1.272906
0.333333 , 0.538462 , 1.259785
0.333333 , 0.564103 , 1.246680
0.333333 , 0.589744 , 1.233884
0.333333 , 0.615385 , 1.221856
0.333333 , 0.641026 , 1.210484
0.333333 , 0.666667 , 1.200287
0.333333 , 0.692308 , 1.191552
0.333333 , 0.717949 , 1.183226
0.333333 , 0.743590 , 1.175443
0.333333 , 0.769231 , 1.168645
0.333333 , 0.794872 , 1.163281
0.333333 , 0.820513 , 1.159433
0.333333 , 0.846154 , 1.155828
0.333333 , 0.871795 , 1.152999
0.333333 , 0.897436 , 1.151334
0.333333 , 0.923077 , 1.150147
0.333333 , 0.948718 , 1.150526
0.333333 , 0.974359 , 1.150915
0.333333 , 1.000000 , 1.151417
0.358974 , 0.000000 , 1.201324
0.358974 , 0.025641 , 1.201498
0.358974 , 0.051282 , 1.201979
0.358974 , 0.076923 , 1.202390
0.358974 , 0.102564 , 1.202897
0.358974 , 0.128205 , 1.204302
0.358974 , 0.153846 , 1.205134
0.358974 , 0.179487 , 1.204973
0.358974 , 0.205128 , 1.204598
0.358974 , 0.230769 , 1.203295
0.358974 , 0.256410 , 1.201195
0.358974 , 0.282051 , 1.197334
0.358974 , 0.307692 , 1.192488
0.358974 , 0.333333 , 1.186384
0.358974 , 0.358974 , 1.178342
0.358974 , 0.384615 , 1.170276
0.358974 , 0.410256 , 1.161899
0.358974 , 0.435897 , 1.151651
0.358974 , 0.461538 , 1.140668
0.358974 , 0.487179 , 1.129789
0.358974 , 0.512821 , 1.118366
0.358974 , 0.538462 , 1.106598
0.358974 , 0.564103 , 1.094468
0.358974 , 0.589744 , 1.082721
0.358974 , 0.615385 , 1.071753
0.358974 , 0.641026 , 1.061570
0.358974 , 0.666667 , 1.052146
0.358974 , 0.692308 , 1.044009
0.358974 , 0.717949 , 1.036671
0.358974 , 0.743590 , 1.028740
0.358974 , 0.769231 , 1.022121
0.358974 , 0.794872 , 1.016556
0.358974 , 0.820513 , 1.011701
0.358974 , 0.846154 , 1.008698
0.358974 , 0.871795 , 1.005475
0.358974 , 0.897436 , 1.002461
0.358974 , 0.923077 , 1.000919
0.358974 , 0.948718 , 1.000556
0.358974 , 0.974359 , 1.000903
0.358974 , 1.000000 , 1.001974
0.384615 , 0.000000 , 1.045176
0.384615 , 0.025641 , 1.045379
0.384615 , 0.051282 , 1.045998
0.384615 , 0.076923 , 1.046021
0.384615 , 0.102564 , 1.045946
0.384615 , 0.128205 , 1.045912
0.384615 , 0.153846 , 1.046278
0.384615 , 0.179487 , 1.046033
0.384615 , 0.205128 , 1.044994
0.384615 , 0.230769 , 1.043321
0.384615 , 0.256410 , 1.041046
0.384615 , 0.282051 , 1.038414
0.384615 , 0.307692 , 1.033567
0.384615 , 0.333333 , 1.027985
0.384615 , 0.358974 , 1.021788
0.384615 , 0.384615 , 1.015308
0.384615 , 0.410256 , 1.007853
0.384615 , 0.435897 , 0.999220
0.384615 , 0.461538 , 0.989710
0.384615 , 0.487179 , 0.980168
0.384615 , 0.512821 , 0.970272
0.384615 , 0.538462 , 0.960299
0.384615 , 0.564103 , 0.949326
0.384615 , 0.589744 , 0.938957
0.384615 , 0.615385 , 0.929389
0.384615 , 0.641026 , 0.919766
0.384615 , 0.666667 , 0.910953
0.384615 , 0.692308 , 0.903338
0.384615 , 0.717949 , 0.896993
0.384615 , 0.743590 , 0.890006
0.384615 , 0.769231 , 0.883145
0.384615 , 0.794872 , 0.877677
0.384615 , 0.820513 , 0.872020
0.384615 , 0.846154 , 0.868392
0.384615 , 0.871795 , 0.865734
0.384615 , 0.897436 , 0.862329
0.384615 , 0.923077 , 0.860878
0.384615 , 0.948718 , 0.860141
0.384615 , 0.974359 , 0.860503
0.384615 , 1.000000 , 0.860739
0.410256 , 0.000000 , 0.894785
0.410256 , 0.025641 , 0.894369
0.410256 , 0.051282 , 0.894320
0.410256 , 0.076923 , 0.894118
0.410256 , 0.102564 , 0.893548
0.410256 , 0.128205 , 0.892820
0.410256 , 0.153846 , 0.892237
0.410256 , 0.179487 , 0.892239
0.410256 , 0.205128 , 0.890638
0.410256 , 0.230769 , 0.888496
0.410256 , 0.256410 , 0.885812
0.410256 , 0.282051 , 0.883423
0.410256 , 0.307692 , 0.880079
0.410256 , 0.333333 , 0.875498
0.410256 , 0.358974 , 0.870927
0.410256 , 0.384615 , 0.865811
0.410256 , 0.410256 , 0.859343
0.410256 , 0.435897 , 0.852313
0.410256 , 0.461538 , 0.844824
0.410256 , 0.487179 , 0.836961
0.410256 , 0.512821 , 0.828784
0.410256 , 0.538462 , 0.820577
0.410256 , 0.564103 , 0.811794
0.410256 , 0.589744 , 0.802333
0.410256 , 0.615385 , 0.793948
0.410256 , 0.641026 , 0.785161
0.410256 , 0.666667 , 0.776805
0.410256 , 0.692308 , 0.769436
0.410256 , 0.717949 , 0.763663
0.410256 , 0.743590 , 0.757749
0.410256 , 0.769231 , 0.751717
0.410256 , 0.794872 , 0.746436
0.410256 , 0.820513 , 0.741035
0.410256 , 0.846154 , 0.736265
0.410256 , 0.871795 , 0.733233
0.410256 , 0.897436 , 0.730768
0.410256 , 0.923077 , 0.729410
0.410256 , 0.948718 , 0.728510
0.410256 , 0.974359 , 0.728993
0.410256 , 1.000000 , 0.728871
0.435897 , 0.000000 , 0.749200
0.435897 , 0.025641 , 0.748691
0.435897 , 0.051282 , 0.747934
0.435897 , 0.076923 , 0.747105
0.435897 , 0.102564 , 0.745786
0.435897 , 0.128205 , 0.745155
0.435897 , 0.153846 , 0.744024
0.435897 , 0.179487 , 0.743265
0.435897 , 0.205128 , 0.741633
0.435897 , 0.230769 , 0.739577
0.435897 , 0.256410 , 0.736981
0.435897 , 0.282051 , 0.734247
0.435897 , 0.307692 , 0.731307
0.435897 , 0.333333 , 0.728474
0.435897 , 0.358974 , 0.724835
0.435897 , 0.384615 , 0.721150
0.435897 , 0.410256 , 0.716796
0.435897 , 0.435897 , 0.711782
0.435897 , 0.461538 , 0.706213
0.435897 , 0.487179 , 0.700095
0.435897 , 0.512821 , 0.693694
0.435897 , 0.538462 , 0.687351
0.435897 , 0.564103 , 0.680392
0.435897 , 0.589744 , 0.672724
0.435897 , 0.615385 , 0.664755
0.435897 , 0.641026 , 0.657403
0.435897 , 0.666667 , 0.650338
0.435897 , 0.692308 , 0.644017
0.435897 , 0.717949 , 0.638689
0.435897 , 0.743590 , 0.633410
0.435897 , 0.769231 , 0.627870
0.435897 , 0.794872 , 0.622577
0.435897 , 0.820513 , 0.617331
0.435897 , 0.846154 , 0.612594
0.435897 , 0.871795 , 0.609601
0.435897 , 0.897436 , 0.607790
0.435897 , 0.923077 , 0.606766
0.435897 , 0.948718 , 0.605810
0.435897 , 0.974359 , 0.605704
0.435897 , 1.000000 , 0.605733
0.461538 , 0.000000 , 0.608554
0.461538 , 0.025641 , 0.608533
0.461538 , 0.051282 , 0.607196
0.461538 , 0.076923 , 0.606066
0.461538 , 0.102564 , 0.604667
0.461538 , 0.128205 , 0.603455
0.461538 , 0.153846 , 0.601970
0.461538 , 0.179487 , 0.600157
0.461538 , 0.205128 , 0.597597
0.461538 , 0.230769 , 0.595761
0.461538 , 0.256410 , 0.593787
0.461538 , 0.282051 , 0.592042
0.461538 , 0.307692 , 0.590068
0.461538 , 0.333333 , 0.587755
0.461538 , 0.358974 , 0.585102
0.461538 , 0.384615 , 0.582299
0.461538 , 0.410256 , 0.579806
0.461538 , 0.435897 , 0.576451
0.461538 , 0.461538 , 0.573167
0.461538 , 0.487179 , 0.569188
0.461538 , 0.512821 , 0.564234
0.461538 , 0.538462 , 0.559883
0.461538 , 0.564103 , 0.554706
0.461538 , 0.589744 , 0.548849
0.461538 , 0.615385 , 0.542613
0.461538 , 0.641026 , 0.536763
0.461538 , 0.666667 , 0.531393
0.461538 , 0.692308 , 0.526365
0.461538 , 0.717949 , 0.521888
0.461538 , 0.743590 , 0.517310
0.461538 , 0.769231 , 0.511941
0.461538 , 0.794872 , 0.506801
0.461538 , 0.820513 , 0.502123
0.461538 , 0.846154 , 0.497789
0.461538 , 0.871795 , 0.495225
0.461538 , 0.897436 , 0.493484
0.461538 , 0.923077 , 0.492013
0.461538 , 0.948718 , 0.490804
0.461538 , 0.974359 , 0.490101
0.461538 , 1.000000 , 0.489623
0.487179 , 0.000000 , 0.474228
0.487179 , 0.025641 , 0.473895
0.487179 , 0.051282 , 0.472252
0.487179 , 0.076923 , 0.470736
0.487179 , 0.102564 , 0.469630
0.487179 , 0.128205 , 0.467618
0.487179 , 0.153846 , 0.465417
0.487179 , 0.179487 , 0.463094
0.487179 , 0.205128 , 0.460406
0.487179 , 0.230769 , 0.457974
0.487179 , 0.256410 , 0.455982
0.487179 , 0.282051 , 0.454301
0.487179 , 0.307692 , 0.454145
0.487179 , 0.333333 , 0.453050
0.487179 , 0.358974 , 0.451407
0.487179 , 0.384615 , 0.449694
0.487179 , 0.410256 , 0.448554
0.487179 , 0.435897 , 0.447243
0.487179 , 0.461538 , 0.446014
0.487179 , 0.487179 , 0.443804
0.487179 , 0.512821 , 0.440945
0.487179 , 0.538462 , 0.438360
0.487179 , 0.564103 , 0.435687
0.487179 , 0.589744 , 0.431759
0.487179 , 0.615385 , 0.427521
0.487179 , 0.641026 , 0.423446
0.487179 , 0.666667 , 0.420114
0.487179 , 0.692308 , 0.416868
0.487179 , 0.717949 , 0.412804
0.487179 , 0.743590 , 0.408707
0.487179 , 0.769231 , 0.404198
0.487179 , 0.794872 , 0.399239
0.487179 , 0.820513 , 0.395060
0.487179 , 0.846154 , 0.391224
0.487179 , 0.871795 , 0.388527
0.487179 , 0.897436 , 0.386977
0.487179 , 0.923077 , 0.385524
0.487179 , 0.948718 , 0.383958
0.487179 , 0.974359 , 0.383003
0.487179 , 1.000000 , 0.382501
0.512821 , 0.000000 , 0.345643
0.512821 , 0.025641 , 0.344943
0.512821 , 0.051282 , 0.343715
0.512821 , 0.076923 , 0.341467
0.512821 , 0.102564 , 0.340036
0.512821 , 0.128205 , 0.337786
0.512821 , 0.153846 , 0.334930
0.512821 , 0.179487 , 0.331546
0.512821 , 0.205128 , 0.328889
0.512821 , 0.230769 , 0.326911
0.512821 , 0.256410 , 0.325590
0.512821 , 0.282051 , 0.324261
0.512821 , 0.307692 , 0.323646
0.512821 , 0.333333 , 0.323497
0.512821 , 0.358974 , 0.323268
0.512821 , 0.384615 , 0.322826
0.512821 , 0.410256 , 0.322933
0.512821 , 0.435897 , 0.323354
0.512821 , 0.461538 , 0.324406
0.512821 , 0.487179 , 0.324374
0.512821 , 0.512821 , 0.323884
0.512821 , 0.538462 , 0.323627
0.512821 , 0.564103 , 0.323446
0.512821 , 0.589744 , 0.321699
0.512821 , 0.615385 , 0.319255
0.512821 , 0.641026 , 0.316953
0.512821 , 0.666667 , 0.314985
0.512821 , 0.692308 , 0.313692
0.512821 , 0.717949 , 0.311244
0.512821 , 0.743590 , 0.307576
0.512821 , 0.769231 , 0.303751
0.512821 , 0.794872 , 0.299415
0.512821 , 0.820513 , 0.295179
0.512821 , 0.846154 , 0.291683
0.512821 , 0.871795 , 0.288611
0.512821 , 0.897436 , 0.287601
0.512821 , 0.923077 , 0.286010
0.512821 , 0.948718 , 0.284109
0.512821 , 0.974359 , 0.283292
0.512821 , 1.000000 , 0.283112
0.538462 , 0.000000 , 0.222704
0.538462 , 0.025641 , 0.222556
0.538462 , 0.051282 , 0.221738
0.538462 , 0.076923 , 0.218982
0.538462 , 0.102564 , 0.217198
0.538462 , 0.128205 , 0.214197
0.538462 , 0.153846 , 0.210999
0.538462 , 0.179487 , 0.207216
0.538462 , 0.205128 , 0.204289
0.538462 , 0.230769 , 0.202911
0.538462 , 0.256410 , 0.201847
0.538462 , 0.282051 , 0.201021
0.538462 , 0.307692 , 0.200707
0.538462 , 0.333333 , 0.200852
0.538462 , 0.358974 , 0.201453
0.538462 , 0.384615 , 0.202663
0.538462 , 0.410256 , 0.204486
0.538462 , 0.435897 , 0.206400
0.538462 , 0.461538 , 0.208661
0.538462 , 0.487179 , 0.210594
0.538462 , 0.512821 , 0.212248
0.538462 , 0.538462 , 0.214479
0.538462 , 0.564103 , 0.216508
0.538462 , 0.589744 , 0.217238
0.538462 , 0.615385 , 0.217186
0.538462 , 0.641026 , 0.217282
0.538462 , 0.666667 , 0.217103
0.538462 , 0.692308 , 0.216771
0.538462 , 0.717949 , 0.215784
0.538462 , 0.743590 , 0.213526
0.538462 , 0.769231 , 0.210769
0.538462 , 0.794872 , 0.207506
0.538462 , 0.820513 , 0.203634
0.538462 , 0.846154 , 0.200328
0.538462 , 0.871795 , 0.197313
0.538462 , 0.897436 , 0.195278
0.538462 , 0.923077 , 0.193579
0.538462 , 0.948718 , 0.191638
0.538462 , 0.974359 , 0.190707
0.538462 , 1.000000 , 0.190176
0.564103 , 0.000000 , 0.107597
0.564103 , 0.025641 , 0.107094
0.564103 , 0.051282 , 0.106156
0.564103 , 0.076923 , 0.103764
0.564103 , 0.102564 , 0.100878
0.564103 , 0.128205 , 0.097772
0.564103 , 0.153846 , 0.094106
0.564103 , 0.179487 , 0.090636
0.564103 , 0.205128 , 0.087637
0.564103 , 0.230769 , 0.086886
0.564103 , 0.256410 , 0.085860
0.564103 , 0.282051 , 0.084517
0.564103 , 0.307692 , 0.084874
0.564103 , 0.333333 , 0.085519
0.564103 , 0.358974 , 0.086323
0.564103 , 0.384615 , 0.088707
0.564103 , 0.410256 , 0.092236
0.564103 , 0.435897 , 0.096257
0.564103 , 0.461538 , 0.099943
0.564103 , 0.487179 , 0.103353
0.564103 , 0.512821 , 0.107100
0.564103 , 0.538462 , 0.111334
0.564103 , 0.564103 , 0.115452
0.564103 , 0.589744 , 0.119097
0.564103 , 0.615385 , 0.121497
0.564103 , 0.641026 , 0.123572
0.564103 , 0.666667 , 0.125540
0.564103 , 0.692308 , 0.126470
0.564103 , 0.717949 , 0.126884
0.564103 , 0.743590 , 0.126381
0.564103 , 0.769231 , 0.124154
0.564103 , 0.794872 , 0.122128
0.564103 , 0.820513 , 0.119520
0.564103 , 0.846154 , 0.116214
0.564103 , 0.871795 , 0.113373
0.564103 , 0.897436 , 0.110438
0.564103 , 0.923077 , 0.107628
0.564103 , 0.948718 , 0.105892
0.564103 , 0.974359 , 0.104738
0.564103 , 1.000000 , 0.104006
0.589744 , 0.000000 , 0.000185
0.589744 , 0.025641 , -0.001037
0.589744 , 0.051282 , -0.002505
0.589744 , 0.076923 , -0.004336
0.589744 , 0.102564 , -0.008203
0.589744 , 0.128205 , -0.012020
0.589744 , 0.153846 , -0.016202
0.589744 , 0.179487 , -0.019319
0.589744 , 0.205128 , -0.021359
0.589744 , 0.230769 , -0.022062
0.589744 , 0.256410 , -0.023457
0.589744 , 0.282051 , -0.024864
0.589744 , 0.307692 , -0.024114
0.589744 , 0.333333 , -0.023137
0.589744 , 0.358974 , -0.021625
0.589744 , 0.384615 , -0.018606
0.589744 , 0.410256 , -0.014009
0.589744 , 0.435897 , -0.008664
0.589744 , 0.461538 , -0.002742
0.589744 , 0.487179 , 0.002459
0.589744 , 0.512821 , 0.008231
0.589744 , 0.538462 , 0.014508
0.589744 , 0.564103 , 0.020717
0.589744 , 0.589744 , 0.026443
0.589744 , 0.615385 , 0.031478
0.589744 , 0.641026 , 0.035646
0.589744 , 0.666667 , 0.039643
0.589744 , 0.692308 , 0.042170
0.589744 , 0.717949 , 0.044312
0.589744 , 0.743590 , 0.044747
0.589744 , 0.769231 , 0.043199
0.589744 , 0.794872 , 0.041819
0.589744 , 0.820513 , 0.040896
0.589744 , 0.846154 , 0.038789
0.589744 , 0.871795 , 0.036207
0.589744 , 0.897436 , 0.033286
0.589744 , 0.923077 , 0.029788
0.589744 , 0.948718 , 0.027058
0.589744 , 0.974359 , 0.025913
0.589744 , 1.000000 , 0.025214
0.615385 , 0.000000 , -0.100807
0.615385 , 0.025641 , -0.102082
0.615385 , 0.051282 , -0.104126
0.615385 , 0.076923 , -0.106596
0.615385 , 0.102564 , -0.111025
0.615385 , 0.128205 , -0.115663
0.615385 , 0.153846 , -0.119918
0.615385 , 0.179487 , -0.122972
0.615385 , 0.205128 , -0.124896
0.615385 , 0.230769 , -0.124777
0.615385 , 0.256410 , -0.126156
0.615385 , 0.282051 , -0.127596
0.615385 , 0.307692 , -0.127119
0.615385 , 0.333333 , -0.125305
0.615385 , 0.358974 , -0.122542
0.615385 , 0.384615 , -0.118940
0.615385 , 0.410256 , -0.113918
0.615385 , 0.435897 , -0.107108
0.615385 , 0.461538 , -0.099442
0.615385 , 0.487179 , -0.091962
0.615385 , 0.512821 , -0.084437
0.615385 , 0.538462 , -0.076544
0.615385 , 0.564103 , -0.068674
0.615385 , 0.589744 , -0.060689
0.615385 , 0.615385 , -0.053701
0.615385 , 0.641026 , -0.047531
0.615385 , 0.666667 , -0.041485
0.615385 , 0.692308 , -0.037159
0.615385 , 0.717949 , -0.033643
0.615385 , 0.743590 , -0.031496
0.615385 , 0.769231 , -0.031761
0.615385 , 0.794872 , -0.032229
0.615385 , 0.820513 , -0.032541
0.615385 , 0.846154 , -0.034090
0.615385 , 0.871795 , -0.036224
0.615385 , 0.897436 , -0.038781
0.615385 , 0.923077 , -0.041389
0.615385 , 0.948718 , -0.043977
0.615385 , 0.974359 , -0.045813
0.615385 , 1.000000 , -0.046535
0.641026 , 0.000000 , -0.196564
0.641026 , 0.025641 , -0.197573
0.641026 , 0.051282 , -0.199699
0.641026 , 0.076923 , -0.202475
0.641026 , 0.102564 , -0.207130
0.641026 , 0.128205 , -0.212286
0.641026 , 0.153846 , -0.216721
0.641026 , 0.179487 , -0.219783
0.641026 , 0.205128 , -0.221258
0.641026 , 0.230769 , -0.220871
0.641026 , 0.256410 , -0.221131
0.641026 , 0.282051 , -0.221929
0.641026 , 0.307692 , -0.221490
0.641026 , 0.333333 , -0.220036
0.641026 , 0.358974 , -0.217155
0.641026 , 0.384615 , -0.212064
0.641026 , 0.410256 , -0.206207
0.641026 , 0.435897 , -0.198897
0.641026 , 0.461538 , -0.190134
0.641026 , 0.487179 , -0.180661
0.641026 , 0.512821 , -0.171228
0.641026 , 0.538462 , -0.161626
0.641026 , 0.564103 , -0.152236
0.641026 , 0.589744 , -0.143091
0.641026 , 0.615385 , -0.134218
0.641026 , 0.641026 , -0.126313
0.641026 , 0.666667 , -0.118609
0.641026 , 0.692308 , -0.111873
0.641026 , 0.717949 , -0.106959
0.641026 , 0.743590 , -0.103808
0.641026 , 0.769231 , -0.101614
0.641026 , 0.794872 , -0.100732
0.641026 , 0.820513 , -0.100267
0.641026 , 0.846154 , -0.100741
0.641026 , 0.871795 , -0.102765
0.641026 , 0.897436 , -0.104790
0.641026 , 0.923077 , -0.106987
0.641026 , 0.948718 , -0.108902
0.641026 , 0.974359 , -0.111469
0.641026 , 1.000000 , -0.112279
0.666667 , 0.000000 , -0.286300
0.666667 , 0.025641 , -0.287008
0.666667 , 0.051282 , -0.289232
0.666667 , 0.076923 , -0.291738
0.666667 , 0.102564 , -0.295707
0.666667 , 0.128205 , -0.301001
0.666667 , 0.153846 , -0.305447
0.666667 , 0.179487 , -0.308913
0.666667 , 0.205128 , -0.310128
0.666667 , 0.230769 , -0.309083
0.666667 , 0.256410 , -0.308936
0.666667 , 0.282051 , -0.309044
0.666667 , 0.307692 , -0.308533
0.666667 , 0.333333 , -0.306518
0.666667 , 0.358974 , -0.303542
0.666667 , 0.384615 , -0.297915
0.666667 , 0.410256 , -0.291028
0.666667 , 0.435897 , -0.283119
0.666667 , 0.461538 , -0.273817
0.666667 , 0.487179 , -0.262824
0.666667 , 0.512821 , -0.252337
0.666667 , 0.538462 , -0.241172
0.666667 , 0.564103 , -0.229960
0.666667 , 0.589744 , -0.219407
0.666667 , 0.615385 , -0.208928
0.666667 , 0.641026 , -0.199668
0.666667 , 0.666667 , -0.190759
0.666667 , 0.692308 , -0.182087
0.666667 , 0.717949 , -0.175123
0.666667 , 0.743590 , -0.170606
0.666667 , 0.769231 , -0.166726
0.666667 , 0.794872 , -0.163710
0.666667 , 0.820513 , -0.163064
0.666667 , 0.846154 , -0.162372
0.666667 , 0.871795 , -0.162464
0.666667 , 0.897436 , -0.164391
0.666667 , 0.923077 , -0.167329
0.666667 , 0.948718 , -0.169316
0.666667 , 0.974359 , -0.171387
0.666667 , 1.000000 , -0.172283
0.692308 , 0.000000 , -0.369278
0.692308 , 0.025641 , -0.369707
0.692308 , 0.051282 , -0.371713
0.692308 , 0.076923 , -0.374477
0.692308 , 0.102564 , -0.378585
0.692308 , 0.128205 , -0.383343
0.692308 , 0.153846 , -0.387194
0.692308 , 0.179487 , -0.390072
0.692308 , 0.205128 , -0.391375
0.692308 , 0.230769 , -0.390953
0.692308 , 0.256410 , -0.391001
0.692308 , 0.282051 , -0.391611
0.692308 , 0.307692 , -0.390478
0.692308 , 0.333333 , -0.387677
0.692308 , 0.358974 , -0.383018
0.692308 , 0.384615 , -0.376709
0.692308 , 0.410256 , -0.369488
0.692308 , 0.435897 , -0.360316
0.692308 , 0.461538 , -0.350322
0.692308 , 0.487179 , -0.338799
0.692308 , 0.512821 , -0.327013
0.692308 , 0.538462 , -0.315010
0.692308 , 0.564103 , -0.302425
0.692308 , 0.589744 , -0.290710
0.692308 , 0.615385 , -0.278379
0.692308 , 0.641026 , -0.267177
0.692308 , 0.666667 , -0.257685
0.692308 , 0.692308 , -0.248019
0.692308 , 0.717949 , -0.239258
0.692308 , 0.743590 , -0.232978
0.692308 , 0.769231 , -0.227230
0.692308 , 0.794872 , -0.222435
0.692308 , 0.820513 , -0.220139
0.692308 , 0.846154 , -0.219280
0.692308 , 0.871795 , -0.218212
0.692308 , 0.897436 , -0.219478
0.692308 , 0.923077 , -0.222736
0.692308 , 0.948718 , -0.224825
0.692308 , 0.974359 , -0.226453
0.692308 , 1.000000 , -0.227041
0.717949 , 0.000000 , -0.445022
0.717949 , 0.025641 , -0.445397
0.717949 , 0.051282 , -0.446972
0.717949 , 0.076923 , -0.449982
0.717949 , 0.102564 , -0.454126
0.717949 , 0.128205 , -0.458238
0.717949 , 0.153846 , -0.461256
0.717949 , 0.179487 , -0.463291
0.717949 , 0.205128 , -0.464830
0.717949 , 0.230769 , -0.465401
0.717949 , 0.256410 , -0.466544
0.717949 , 0.282051 , -0.467187
0.717949 , 0.307692 , -0.465009
0.717949 , 0.333333 , -0.460763
0.717949 , 0.358974 , -0.455323
0.717949 , 0.384615 , -0.448589
0.717949 , 0.410256 , -0.440877
0.717949 , 0.435897 , -0.431388
0.717949 , 0.461538 , -0.420203
0.717949 , 0.487179 , -0.408123
0.717949 , 0.512821 , -0.395354
0.717949 , 0.538462 , -0.382793
0.717949 , 0.564103 , -0.369392
0.717949 , 0.589744 , -0.356291
0.717949 , 0.615385 , -0.343136
0.717949 , 0.641026 , -0.330088
0.717949 , 0.666667 , -0.319649
0.717949 , 0.692308 , -0.309672
0.717949 , 0.717949 , -0.299382
0.717949 , 0.743590 , -0.290496
0.717949 , 0.769231 , -0.283212
0.717949 , 0.794872 , -0.276594
0.717949 , 0.820513 , -0.272524
0.717949 , 0.846154 , -0.270988
0.717949 , 0.871795 , -0.270127
0.717949 , 0.897436 , -0.271381
0.717949 , 0.923077 , -0.273740
0.717949 , 0.948718 , -0.275990
0.717949 , 0.974359 , -0.276572
0.717949 , 1.000000 , -0.276877
0.743590 , 0.000000 , -0.512743
0.743590 , 0.025641 , -0.513446
0.743590 , 0.051282 , -0.514801
0.743590 , 0.076923 , -0.517928
0.743590 , 0.102564 , -0.521302
0.743590 , 0.128205 , -0.525283
0.743590 , 0.153846 , -0.528031
0.743590 , 0.179487 , -0.530077
0.743590 , 0.205128 , -0.531901
0.743590 , 0.230769 , -0.531574
0.743590 , 0.256410 , -0.532536
0.743590 , 0.282051 , -0.533751
0.743590 , 0.307692 , -0.531573
0.743590 , 0.333333 , -0.526173
0.743590 , 0.358974 , -0.520031
0.743590 , 0.384615 , -0.513239
0.743590 , 0.410256 , -0.505253
0.743590 , 0.435897 , -0.495191
0.743590 , 0.461538 , -0.483504
0.743590 , 0.487179 , -0.470677
0.743590 , 0.512821 , -0.457569
0.743590 , 0.538462 , -0.444305
0.743590 , 0.564103 , -0.430242
0.743590 , 0.589744 , -0.416807
0.743590 , 0.615385 , -0.402862
0.743590 , 0.641026 , -0.388763
0.743590 , 0.666667 , -0.376559
0.743590 , 0.692308 , -0.365974
0.743590 , 0.717949 , -0.355283
0.743590 , 0.743590 , -0.344698
0.743590 , 0.769231 , -0.335702
0.743590 , 0.794872 , -0.328244
0.743590 , 0.820513 , -0.322159
0.743590 , 0.846154 , -0.319718
0.743590 , 0.871795 , -0.318378
0.743590 , 0.897436 , -0.319092
0.743590 , 0.923077 , -0.320611
0.743590 , 0.948718 , -0.321928
0.743590 , 0.974359 , -0.322073
0.743590 , 1.000000 , -0.321959
0.769231 , 0.000000 , -0.574028
0.769231 , 0.025641 , -0.574304
0.769231 , 0.051282 , -0.575633
0.769231 , 0.076923 , -0.578040
0.769231 , 0.102564 , -0.580961
0.769231 , 0.128205 , -0.584501
0.769231 , 0.153846 , -0.587229
0.769231 , 0.179487 , -0.589382
0.769231 , 0.205128 , -0.590986
0.769231 , 0.230769 , -0.590323
0.769231 , 0.256410 , -0.590112
0.769231 , 0.282051 , -0.591304
0.769231 , 0.307692 , -0.589926
0.769231 , 0.333333 , -0.584250
0.769231 , 0.358974 , -0.577864
0.769231 , 0.384615 , -0.570811
0.769231 , 0.410256 , -0.562008
0.769231 , 0.435897 , -0.551857
0.769231 , 0.461538 , -0.539879
0.769231 , 0.487179 , -0.526762
0.769231 , 0.512821 , -0.513374
0.769231 , 0.538462 , -0.499836
0.769231 , 0.564103 , -0.485278
0.769231 , 0.589744 , -0.471083
0.769231 , 0.615385 , -0.455893
0.769231 , 0.641026 , -0.441497
0.769231 , 0.666667 , -0.428399
0.769231 , 0.692308 , -0.417461
0.769231 , 0.717949 , -0.405806
0.769231 , 0.743590 , -0.394293
0.769231 , 0.769231 , -0.384622
0.769231 , 0.794872 , -0.376109
0.769231 , 0.820513 , -0.369058
0.769231 , 0.846154 , -0.365526
0.769231 , 0.871795 , -0.363767
0.769231 , 0.897436 , -0.363661
0.769231 , 0.923077 , -0.363426
0.769231 , 0.948718 , -0.363672
0.769231 , 0.974359 , -0.362896
0.769231 , 1.000000 , -0.362417
0.794872 , 0.000000 , -0.628419
0.794872 , 0.025641 , -0.628651
0.794872 , 0.051282 , -0.629646
0.794872 , 0.076923 , -0.631180
0.794872 , 0.102564 , -0.633518
0.794872 , 0.128205 , -0.636604
0.794872 , 0.153846 , -0.639358
0.794872 , 0.179487 , -0.641535
0.794872 , 0.205128 , -0.641870
0.794872 , 0.230769 , -0.641853
0.794872 , 0.256410 , -0.640916
0.794872 , 0.282051 , -0.641282
0.794872 , 0.307692 , -0.640214
0.794872 , 0.333333 , -0.634859
0.794872 , 0.358974 , -0.628326
0.794872 , 0.384615 , -0.621682
0.794872 , 0.410256 , -0.612455
0.794872 , 0.435897 , -0.601566
0.794872 , 0.461538 , -0.590043
0.794872 , 0.487179 , -0.577188
0.794872 , 0.512821 , -0.563385
0.794872 , 0.538462 , -0.549513
0.794872 , 0.564103 , -0.534819
0.794872 , 0.589744 , -0.519440
0.794872 , 0.615385 , -0.503319
0.794872 , 0.641026 , -0.487801
0.794872 , 0.666667 , -0.474193
0.794872 , 0.692308 , -0.462775
0.794872 , 0.717949 , -0.451688
0.794872 , 0.743590 , -0.439763
0.794872 , 0.769231 , -0.429702
0.794872 , 0.794872 , -0.420264
0.794872 , 0.820513 , -0.412588
0.794872 , 0.846154 , -0.406975
0.794872 , 0.871795 , -0.403931
0.794872 , 0.897436 , -0.402997
0.794872 , 0.923077 , -0.402094
0.794872 , 0.948718 , -0.401359
0.794872 , 0.974359 , -0.399862
0.794872 , 1.000000 , -0.399311
0.820513 , 0.000000 , -0.676284
0.820513 , 0.025641 , -0.676593
0.820513 , 0.051282 , -0.677108
0.820513 , 0.076923 , -0.678424
0.820513 , 0.102564 , -0.680335
0.820513 , 0.128205 , -0.682933
0.820513 , 0.153846 , -0.685128
0.820513 , 0.179487 , -0.686329
0.820513 , 0.205128 , -0.685483
0.820513 , 0.230769 , -0.685486
0.820513 , 0.256410 , -0.684289
0.820513 , 0.282051 , -0.684361
0.820513 , 0.307692 , -0.682685
0.820513 , 0.333333 , -0.678815
0.820513 , 0.358974 , -0.672225
0.820513 , 0.384615 , -0.665344
0.820513 , 0.410256 , -0.656570
0.820513 , 0.435897 , -0.645518
0.820513 , 0.461538 , -0.633440
0.820513 , 0.487179 , -0.620938
0.820513 , 0.512821 , -0.606687
0.820513 , 0.538462 , -0.592810
0.820513 , 0.564103 , -0.577525
0.820513 , 0.589744 , -0.561719
0.820513 , 0.615385 , -0.545412
0.820513 , 0.641026 , -0.529148
0.820513 , 0.666667 , -0.514911
0.820513 , 0.692308 , -0.503234
0.820513 , 0.717949 , -0.491798
0.820513 , 0.743590 , -0.480017
0.820513 , 0.769231 , -0.469238
0.820513 , 0.794872 , -0.459508
0.820513 , 0.820513 , -0.450726
0.820513 , 0.846154 , -0.444769
0.820513 , 0.871795 , -0.440160
0.820513 , 0.897436 , -0.437546
0.820513 , 0.923077 , -0.435639
0.820513 , 0.948718 , -0.434834
0.820513 , 0.974359 , -0.433067
0.820513 , 1.000000 , -0.432299
0.846154 , 0.000000 , -0.717676
0.846154 , 0.025641 , -0.717904
0.846154 , 0.051282 , -0.718249
0.846154 , 0.076923 , -0.719343
0.846154 , 0.102564 , -0.720703
0.846154 , 0.128205 , -0.722175
0.846154 , 0.153846 , -0.723523
0.846154 , 0.179487 , -0.724630
0.846154 , 0.205128 , -0.723574
0.846154 , 0.230769 , -0.723518
0.846154 , 0.256410 , -0.721747
0.846154 , 0.282051 , -0.720545
0.846154 , 0.307692 , -0.718735
0.846154 , 0.333333 , -0.714826
0.846154 , 0.358974 , -0.708888
0.846154 , 0.384615 , -0.701982
0.846154 , 0.410256 , -0.693882
0.846154 , 0.435897 , -0.683296
0.846154 , 0.461538 , -0.671383
0.846154 , 0.487179 , -0.658434
0.846154 , 0.512821 , -0.644356
0.846154 , 0.538462 , -0.629910
0.846154 , 0.564103 , -0.614455
0.846154 , 0.589744 , -0.598990
0.846154 , 0.615385 , -0.583350
0.846154 , 0.641026 , -0.566730
0.846154 , 0.666667 , -0.551448
0.846154 , 0.692308 , -0.539036
0.846154 , 0.717949 , -0.527288
0.846154 , 0.743590 , -0.514830
0.846154 , 0.769231 , -0.503488
0.846154 , 0.794872 , -0.493070
0.846154 , 0.820513 , -0.483538
0.846154 , 0.846154 , -0.476891
0.846154 , 0.871795 , -0.472102
0.846154 , 0.897436 , -0.468499
0.846154 , 0.923077 , -0.465633
0.846154 , 0.948718 , -0.464302
0.846154 , 0.974359 , -0.462703
0.846154 , 1.000000 , -0.462071
0.871795 , 0.000000 , -0.753491
0.871795 , 0.025641 , -0.752795
0.871795 , 0.051282 , -0.752597
0.871795 , 0.076923 , -0.753195
0.871795 , 0.102564 , -0.753910
0.871795 , 0.128205 , -0.755144
0.871795 , 0.153846 , -0.755423
0.871795 , 0.179487 , -0.755541
0.871795 , 0.205128 , -0.754661
0.871795 , 0.230769 , -0.754397
0.871795 , 0.256410 , -0.753456
0.871795 , 0.282051 , -0.751139
0.871795 , 0.307692 , -0.748807
0.871795 , 0.333333 , -0.744995
0.871795 , 0.358974 , -0.738511
0.871795 , 0.384615 , -0.731744
0.871795 , 0.410256 , -0.724453
0.871795 , 0.435897 , -0.714254
0.871795 , 0.461538 , -0.702618
0.871795 , 0.487179 , -0.689749
0.871795 , 0.512821 , -0.675801
0.871795 , 0.538462 , -0.661308
0.871795 , 0.564103 , -0.646059
0.871795 , 0.589744 , -0.630602
0.871795 , 0.615385 , -0.615262
0.871795 , 0.641026 , -0.599614
0.871795 , 0.666667 , -0.583501
0.871795 , 0.692308 , -0.569245
0.871795 , 0.717949 , -0.557223
0.871795 , 0.743590 , -0.545149
0.871795 , 0.769231 , -0.534042
0.871795 , 0.794872 , -0.522686
0.871795 , 0.820513 , -0.512511
0.871795 , 0.846154 , -0.505123
0.871795 , 0.871795 , -0.499060
0.871795 , 0.897436 , -0.495106
0.871795 , 0.923077 , -0.492062
0.871795 , 0.948718 , -0.490156
0.871795 , 0.974359 , -0.488854
0.871795 , 1.000000 , -0.488143
0.897436 , 0.000000 , -0.782350
0.897436 , 0.025641 , -0.781601
0.897436 , 0.051282 , -0.780943
0.897436 , 0.076923 , -0.781081
0.897436 , 0.102564 , -0.781658
0.897436 , 0.128205 , -0.781947
0.897436 , 0.153846 , -0.781252
0.897436 , 0.179487 , -0.781146
0.897436 , 0.205128 , -0.780685
0.897436 , 0.230769 , -0.780087
0.897436 , 0.256410 , -0.779025
0.897436 , 0.282051 , -0.776467
0.897436 , 0.307692 , -0.772779
0.897436 , 0.333333 , -0.768702
0.897436 , 0.358974 , -0.763428
0.897436 , 0.384615 , -0.756676
0.897436 , 0.410256 , -0.748979
0.897436 , 0.435897 , -0.738914
0.897436 , 0.461538 , -0.727518
0.897436 , 0.487179 , -0.715194
0.897436 , 0.512821 , -0.701115
0.897436 , 0.538462 , -0.686701
0.897436 , 0.564103 , -0.672131
0.897436 , 0.589744 , -0.656467
0.897436 , 0.615385 , -0.640985
0.897436 , 0.641026 , -0.625616
0.897436 , 0.666667 , -0.610502
0.897436 , 0.692308 , -0.595763
0.897436 , 0.717949 , -0.582978
0.897436 , 0.743590 , -0.571623
0.897436 , 0.769231 , -0.559745
0.897436 , 0.794872 , -0.548286
0.897436 , 0.820513 , -0.537669
0.897436 , 0.846154 , -0.529135
0.897436 , 0.871795 , -0.522345
0.897436 , 0.897436 , -0.517849
0.897436 , 0.923077 , -0.514784
0.897436 , 0.948718 , -0.512333
0.897436 , 0.974359 , -0.511087
0.897436 , 1.000000 , -0.510824
0.923077 , 0.000000 , -0.802998
0.923077 , 0.025641 , -0.802810
0.923077 , 0.051282 , -0.802723
0.923077 , 0.076923 , -0.802876
0.923077 , 0.102564 , -0.803101
0.923077 , 0.128205 , -0.802606
0.923077 , 0.153846 , -0.801524
0.923077 , 0.179487 , -0.800420
0.923077 , 0.205128 , -0.800923
0.923077 , 0.230769 , -0.799535
0.923077 , 0.256410 , -0.798192
0.923077 , 0.282051 , -0.795552
0.923077 , 0.307692 , -0.791137
0.923077 , 0.333333 , -0.786802
0.923077 , 0.358974 , -0.781484
0.923077 , 0.384615 , -0.775357
0.923077 , 0.410256 , -0.767229
0.923077 , 0.435897 , -0.757013
0.923077 , 0.461538 , -0.746234
0.923077 , 0.487179 , -0.734487
0.923077 , 0.512821 , -0.721309
0.923077 , 0.538462 , -0.707518
0.923077 , 0.564103 , -0.693339
0.923077 , 0.589744 , -0.677598
0.923077 , 0.615385 , -0.661514
0.923077 , 0.641026 , -0.646174
0.923077 , 0.666667 , -0.631259
0.923077 , 0.692308 , -0.616614
0.923077 , 0.717949 , -0.603533
0.923077 , 0.743590 , -0.591753
0.923077 , 0.769231 , -0.579422
0.923077 , 0.794872 , -0.567775
0.923077 , 0.820513 , -0.557799
0.923077 , 0.846154 , -0.548636
0.923077 , 0.871795 , -0.541774
0.923077 , 0.897436 , -0.536575
0.923077 , 0.923077 , -0.532668
0.923077 , 0.948718 , -0.529803
0.923077 , 0.974359 , -0.528350
0.923077 , 1.000000 , -0.527889
0.948718 , 0.000000 , -0.817821
0.948718 , 0.025641 , -0.817929
0.948718 , 0.051282 , -0.818005
0.948718 , 0.076923 , -0.818082
0.948718 , 0.102564 , -0.818190
0.948718 , 0.128205 , -0.817557
0.948718 , 0.153846 , -0.816485
0.948718 , 0.179487 , -0.815065
0.948718 , 0.205128 , -0.814830
0.948718 , 0.230769 , -0.813760
0.948718 , 0.256410 , -0.811846
0.948718 , 0.282051 , -0.809440
0.948718 , 0.307692 , -0.805095
0.948718 , 0.333333 , -0.800626
0.948718 , 0.358974 , -0.795363
0.948718 , 0.384615 , -0.788371
0.948718 , 0.410256 , -0.779901
0.948718 , 0.435897 , -0.769750
0.948718 , 0.461538 , -0.758773
0.948718 , 0.487179 , -0.747684
0.948718 , 0.512821 , -0.735223
0.948718 , 0.538462 , -0.722424
0.948718 , 0.564103 , -0.708600
0.948718 , 0.589744 , -0.693249
0.948718 , 0.615385 , -0.677324
0.948718 , 0.641026 , -0.661707
0.948718 , 0.666667 , -0.646689
0.948718 , 0.692308 , -0.632216
0.948718 , 0.717949 , -0.618430
0.948718 , 0.743590 , -0.605773
0.948718 , 0.769231 , -0.593682
0.948718 , 0.794872 , -0.581827
0.948718 , 0.820513 , -0.571964
0.948718 , 0.846154 , -0.563413
0.948718 , 0.871795 , -0.556220
0.948718 , 0.897436 , -0.550322
0.948718 , 0.923077 , -0.545304
0.948718 , 0.948718 , -0.541982
0.948718 , 0.974359 , -0.540419
0.948718 , 1.000000 , -0.540169
0.974359 , 0.000000 , -0.827111
0.974359 , 0.025641 , -0.827161
0.974359 , 0.051282 , -0.827517
0.974359 , 0.076923 , -0.828087
0.974359 , 0.102564 , -0.827531
0.974359 , 0.128205 , -0.827114
0.974359 , 0.153846 , -0.825590
0.974359 , 0.179487 , -0.824181
0.974359 , 0.205128 , -0.822998
0.974359 , 0.230769 , -0.822344
0.974359 , 0.256410 , -0.820316
0.974359 , 0.282051 , -0.817032
0.974359 , 0.307692 , -0.813688
0.974359 , 0.333333 , -0.809330
0.974359 , 0.358974 , -0.803533
0.974359 , 0.384615 , -0.796224
0.974359 , 0.410256 , -0.787596
0.974359 , 0.435897 , -0.777670
0.974359 , 0.461538 , -0.766676
0.974359 , 0.487179 , -0.755164
0.974359 , 0.512821 , -0.743272
0.974359 , 0.538462 , -0.730841
0.974359 , 0.564103 , -0.716830
0.974359 , 0.589744 , -0.702166
0.974359 , 0.615385 , -0.686936
0.974359 , 0.641026 , -0.671304
0.974359 , 0.666667 , -0.656286
0.974359 , 0.692308 , -0.641969
0.974359 , 0.717949 , -0.628280
0.974359 , 0.743590 , -0.615284
0.974359 , 0.769231 , -0.602553
0.974359 , 0.794872 , -0.590893
0.974359 , 0.820513 , -0.580927
0.974359 , 0.846154 , -0.572453
0.974359 , 0.871795 , -0.564860
0.974359 , 0.897436 , -0.558526
0.974359 , 0.923077 , -0.553151
0.974359 , 0.948718 , -0.549629
0.974359 , 0.974359 , -0.547481
0.974359 , 1.000000 , -0.546895
1.000000 , 0.000000 , -0.829590
1.000000 , 0.025641 , -0.830307
1.000000 , 0.051282 , -0.830735
1.000000 , 0.076923 , -0.831157
1.000000 , 0.102564 , -0.830996
1.000000 , 0.128205 , -0.829932
1.000000 , 0.153846 , -0.829025
1.000000 , 0.179487 , -0.826849
1.000000 , 0.205128 , -0.825613
1.000000 , 0.230769 , -0.824551
1.000000 , 0.256410 , -0.823151
1.000000 , 0.282051 , -0.819909
1.000000 , 0.307692 , -0.816603
1.000000 , 0.333333 , -0.812599
1.000000 , 0.358974 , -0.806352
1.000000 , 0.384615 , -0.798728
1.000000 , 0.410256 , -0.790503
1.000000 , 0.435897 , -0.780656
1.000000 , 0.461538 , -0.769785
1.000000 , 0.487179 , -0.758556
1.000000 , 0.512821 , -0.746275
1.000000 , 0.538462 , -0.733454
1.000000 , 0.564103 , -0.719598
1.000000 , 0.589744 , -0.704978
1.000000 , 0.615385 , -0.689798
1.000000 , 0.641026 , -0.674276
1.000000 , 0.666667 , -0.659297
1.000000 , 0.692308 , -0.644710
1.000000 , 0.717949 , -0.631289
1.000000 , 0.743590 , -0.618228
1.000000 , 0.769231 , -0.605884
1.000000 , 0.794872 , -0.594108
1.000000 , 0.820513 , -0.584134
1.000000 , 0.846154 , -0.575383
1.000000 , 0.871795 , -0.567896
1.000000 , 0.897436 , -0.561619
1.000000 , 0.923077 , -0.556189
1.000000 , 0.948718 , -0.552461
1.000000 , 0.974359 , -0.549988
1.000000 , 1.000000 , -0.549554
