0.000000 , 0.000000 , 4.000000
0.000000 , 0.025641 , 4.000000
0.000000 , 0.051282 , 4.000000
0.000000 , 0.076923 , 4.000000
0.000000 , 0.102564 , 4.000000
0.000000 , 0.128205 , 4.000000
0.000000 , 0.153846 , 4.000000
0.000000 , 0.179487 , 4.000000
0.000000 , 0.205128 , 4.000000
0.000000 , 0.230769 , 4.000000
0.000000 , 0.256410 , 4.000000
0.000000 , 0.282051 , 4.000000
0.000000 , 0.307692 , 4.000000
0.000000 , 0.333333 , 4.000000
0.000000 , 0.358974 , 4.000000
0.000000 , 0.384615 , 4.000000
0.000000 , 0.410256 , 4.000000
0.000000 , 0.435897 , 4.000000
0.000000 , 0.461538 , 4.000000
0.000000 , 0.487179 , 4.000000
0.000000 , 0.512821 , 4.000000
0.000000 , 0.538462 , 4.000000
0.000000 , 0.564103 , 4.000000
0.000000 , 0.589744 , 4.000000
0.000000 , 0.615385 , 4.000000
0.000000 , 0.641026 , 4.000000
0.000000 , 0.666667 , 4.000000
0.000000 , 0.692308 , 4.000000
0.000000 , 0.717949 , 4.000000
0.000000 , 0.743590 , 4.000000
0.000000 , 0.769231 , 4.000000
0.000000 , 0.794872 , 4.000000
0.000000 , 0.820513 , 4.000000
0.000000 , 0.846154 , 4.000000
0.000000 , 0.871795 , 4.000000
0.000000 , 0.897436 , 4.000000
0.000000 , 0.923077 , 4.000000
0.000000 , 0.948718 , 4.000000
0.000000 , 0.974359 , 4.000000
0.000000 , 1.000000 , 4.000000
0.025641 , 0.000000 , 3.884874
0.025641 , 0.025641 , 3.884627
0.025641 , 0.051282 , 3.885023
0.025641 , 0.076923 , 3.884916
0.025641 , 0.102564 , 3.884589
0.025641 , 0.128205 , 3.883401
0.025641 , 0.153846 , 3.881594
0.025641 , 0.179487 , 3.878694
0.025641 , 0.205128 , 3.875082
0.025641 , 0.230769 , 3.871601
0.025641 , 0.256410 , 3.868812
0.025641 , 0.282051 , 3.865134
0.025641 , 0.307692 , 3.860472
0.025641 , 0.333333 , 3.855726
0.025641 , 0.358974 , 3.849853
0.025641 , 0.384615 , 3.843762
0.025641 , 0.410256 , 3.838251
0.025641 , 0.435897 , 3.832797
0.025641 , 0.461538 , 3.826536
0.025641 , 0.487179 , 3.820434
0.025641 , 0.512821 , 3.814917
0.025641 , 0.538462 , 3.809202
0.025641 , 0.564103 , 3.803795
0.025641 , 0.589744 , 3.798428
0.025641 , 0.615385 , 3.793216
0.025641 , 0.641026 , 3.788531
0.025641 , 0.666667 , 3.784117
0.025641 , 0.692308 , 3.779732
0.025641 , 0.717949 , 3.775358
0.025641 , 0.743590 , 3.771688
0.025641 , 0.769231 , 3.768844
0.025641 , 0.794872 , 3.766271
0.025641 , 0.820513 , 3.764052
0.025641 , 0.846154 , 3.761470
0.025641 , 0.871795 , 3.759021
0.025641 , 0.897436 , 3.757760
0.025641 , 0.923077 , 3.756565
0.025641 , 0.948718 , 3.755829
0.025641 , 0.974359 , 3.756263
0.025641 , 1.000000 , 3.756215
0.051282 , 0.000000 , 3.768894
0.051282 , 0.025641 , 3.769122
0.051282 , 0.051282 , 3.769183
0.051282 , 0.076923 , 3.769049
0.051282 , 0.102564 , 3.768042
0.051282 , 0.128205 , 3.765758
0.051282 , 0.153846 , 3.762394
0.051282 , 0.179487 , 3.757617
0.051282 , 0.205128 , 3.750942
0.051282 , 0.230769 , 3.744065
0.051282 , 0.256410 , 3.736969
0.051282 , 0.282051 , 3.728838
0.051282 , 0.307692 , 3.719987
0.051282 , 0.333333 , 3.710836
0.051282 , 0.358974 , 3.700041
0.051282 , 0.384615 , 3.687899
0.051282 , 0.410256 , 3.676881
0.051282 , 0.435897 , 3.666162
0.051282 , 0.461538 , 3.654073
0.051282 , 0.487179 , 3.642496
0.051282 , 0.512821 , 3.630811
0.051282 , 0.538462 , 3.620001
0.051282 , 0.564103 , 3.609093
0.051282 , 0.589744 , 3.598472
0.051282 , 0.615385 , 3.588025
0.051282 , 0.641026 , 3.578183
0.051282 , 0.666667 , 3.569344
0.051282 , 0.692308 , 3.560976
0.051282 , 0.717949 , 3.552628
0.051282 , 0.743590 , 3.545426
0.051282 , 0.769231 , 3.539660
0.051282 , 0.794872 , 3.534356
0.051282 , 0.820513 , 3.529410
0.051282 , 0.846154 , 3.524885
0.051282 , 0.871795 , 3.520478
0.051282 , 0.897436 , 3.517390
0.051282 , 0.923077 , 3.515572
0.051282 , 0.948718 , 3.513966
0.051282 , 0.974359 , 3.512944
0.051282 , 1.000000 , 3.513318
0.076923 , 0.000000 , 3.652726
0.076923 , 0.025641 , 3.653455
0.076923 , 0.051282 , 3.653629
0.076923 , 0.076923 , 3.652873
0.076923 , 0.102564 , 3.651010
0.076923 , 0.128205 , 3.648062
0.076923 , 0.153846 , 3.643354
0.076923 , 0.179487 , 3.636599
0.076923 , 0.205128 , 3.627862
0.076923 , 0.230769 , 3.617744
0.076923 , 0.256410 , 3.607211
0.076923 , 0.282051 , 3.594892
0.076923 , 0.307692 , 3.581098
0.076923 , 0.333333 , 3.567023
0.076923 , 0.358974 , 3.551334
0.076923 , 0.384615 , 3.534184
0.076923 , 0.410256 , 3.517513
0.076923 , 0.435897 , 3.500598
0.076923 , 0.461538 , 3.483728
0.076923 , 0.487179 , 3.465872
0.076923 , 0.512821 , 3.448755
0.076923 , 0.538462 , 3.432101
0.076923 , 0.564103 , 3.415970
0.076923 , 0.589744 , 3.400132
0.076923 , 0.615385 , 3.384862
0.076923 , 0.641026 , 3.369882
0.076923 , 0.666667 , 3.356375
0.076923 , 0.692308 , 3.343844
0.076923 , 0.717949 , 3.332073
0.076923 , 0.743590 , 3.321329
0.076923 , 0.769231 , 3.311767
0.076923 , 0.794872 , 3.303839
0.076923 , 0.820513 , 3.296654
0.076923 , 0.846154 , 3.290042
0.076923 , 0.871795 , 3.284522
0.076923 , 0.897436 , 3.279716
0.076923 , 0.923077 , 3.276197
0.076923 , 0.948718 , 3.274333
0.076923 , 0.974359 , 3.272856
0.076923 , 1.000000 , 3.272064
0.102564 , 0.000000 , 3.539059
0.102564 , 0.025641 , 3.538994
0.102564 , 0.051282 , 3.538698
0.102564 , 0.076923 , 3.537487
0.102564 , 0.102564 , 3.534578
0.102564 , 0.128205 , 3.530457
0.102564 , 0.153846 , 3.524487
0.102564 , 0.179487 , 3.516075
0.102564 , 0.205128 , 3.505485
0.102564 , 0.230769 , 3.492649
0.102564 , 0.256410 , 3.478554
0.102564 , 0.282051 , 3.462809
0.102564 , 0.307692 , 3.445435
0.102564 , 0.333333 , 3.426005
0.102564 , 0.358974 , 3.404881
0.102564 , 0.384615 , 3.382935
0.102564 , 0.410256 , 3.360749
0.102564 , 0.435897 , 3.337526
0.102564 , 0.461538 , 3.314821
0.102564 , 0.487179 , 3.291518
0.102564 , 0.512821 , 3.268890
0.102564 , 0.538462 , 3.246973
0.102564 , 0.564103 , 3.225497
0.102564 , 0.589744 , 3.204599
0.102564 , 0.615385 , 3.183962
0.102564 , 0.641026 , 3.164232
0.102564 , 0.666667 , 3.146415
0.102564 , 0.692308 , 3.129325
0.102564 , 0.717949 , 3.113869
0.102564 , 0.743590 , 3.099984
0.102564 , 0.769231 , 3.086446
0.102564 , 0.794872 , 3.074761
0.102564 , 0.820513 , 3.065349
0.102564 , 0.846154 , 3.056398
0.102564 , 0.871795 , 3.049421
0.102564 , 0.897436 , 3.044178
0.102564 , 0.923077 , 3.039335
0.102564 , 0.948718 , 3.036494
0.102564 , 0.974359 , 3.035549
0.102564 , 1.000000 , 3.034767
0.128205 , 0.000000 , 3.426097
0.128205 , 0.025641 , 3.426045
0.128205 , 0.051282 , 3.424878
0.128205 , 0.076923 , 3.423206
0.128205 , 0.102564 , 3.419358
0.128205 , 0.128205 , 3.413983
0.128205 , 0.153846 , 3.406637
0.128205 , 0.179487 , 3.396755
0.128205 , 0.205128 , 3.384178
0.128205 , 0.230769 , 3.368903
0.128205 , 0.256410 , 3.351761
0.128205 , 0.282051 , 3.332407
0.128205 , 0.307692 , 3.311476
0.128205 , 0.333333 , 3.288249
0.128205 , 0.358974 , 3.262501
0.128205 , 0.384615 , 3.234896
0.128205 , 0.410256 , 3.206883
0.128205 , 0.435897 , 3.177766
0.128205 , 0.461538 , 3.148622
0.128205 , 0.487179 , 3.119871
0.128205 , 0.512821 , 3.091968
0.128205 , 0.538462 , 3.064823
0.128205 , 0.564103 , 3.037173
0.128205 , 0.589744 , 3.010140
0.128205 , 0.615385 , 2.985047
0.128205 , 0.641026 , 2.961153
0.128205 , 0.666667 , 2.939102
0.128205 , 0.692308 , 2.918090
0.128205 , 0.717949 , 2.898337
0.128205 , 0.743590 , 2.879985
0.128205 , 0.769231 , 2.863753
0.128205 , 0.794872 , 2.848131
0.128205 , 0.820513 , 2.835575
0.128205 , 0.846154 , 2.825200
0.128205 , 0.871795 , 2.817681
0.128205 , 0.897436 , 2.810739
0.128205 , 0.923077 , 2.804999
0.128205 , 0.948718 , 2.801440
0.128205 , 0.974359 , 2.800878
0.128205 , 1.000000 , 2.800040
0.153846 , 0.000000 , 3.315260
0.153846 , 0.025641 , 3.314392
0.153846 , 0.051282 , 3.312974
0.153846 , 0.076923 , 3.310673
0.153846 , 0.102564 , 3.306359
0.153846 , 0.128205 , 3.299366
0.153846 , 0.153846 , 3.290317
0.153846 , 0.179487 , 3.278809
0.153846 , 0.205128 , 3.264350
0.153846 , 0.230769 , 3.246837
0.153846 , 0.256410 , 3.226352
0.153846 , 0.282051 , 3.203695
0.153846 , 0.307692 , 3.179146
0.153846 , 0.333333 , 3.152218
0.153846 , 0.358974 , 3.122081
0.153846 , 0.384615 , 3.090092
0.153846 , 0.410256 , 3.056292
0.153846 , 0.435897 , 3.021309
0.153846 , 0.461538 , 2.986661
0.153846 , 0.487179 , 2.951920
0.153846 , 0.512821 , 2.918250
0.153846 , 0.538462 , 2.885542
0.153846 , 0.564103 , 2.852893
0.153846 , 0.589744 , 2.820492
0.153846 , 0.615385 , 2.790094
0.153846 , 0.641026 , 2.762246
0.153846 , 0.666667 , 2.734674
0.153846 , 0.692308 , 2.708742
0.153846 , 0.717949 , 2.685186
0.153846 , 0.743590 , 2.663107
0.153846 , 0.769231 , 2.643553
0.153846 , 0.794872 , 2.625472
0.153846 , 0.820513 , 2.610306
0.153846 , 0.846154 , 2.597467
0.153846 , 0.871795 , 2.587672
0.153846 , 0.897436 , 2.579414
0.153846 , 0.923077 , 2.573055
0.153846 , 0.948718 , 2.570270
0.153846 , 0.974359 , 2.568212
0.153846 , 1.000000 , 2.567981
0.179487 , 0.000000 , 3.206559
0.179487 , 0.025641 , 3.205908
0.179487 , 0.051282 , 3.204286
0.179487 , 0.076923 , 3.201016
0.179487 , 0.102564 , 3.195800
0.179487 , 0.128205 , 3.187083
0.179487 , 0.153846 , 3.175780
0.179487 , 0.179487 , 3.162632
0.179487 , 0.205128 , 3.145767
0.179487 , 0.230769 , 3.125736
0.179487 , 0.256410 , 3.102835
0.179487 , 0.282051 , 3.076975
0.179487 , 0.307692 , 3.048469
0.179487 , 0.333333 , 3.017276
0.179487 , 0.358974 , 2.983212
0.179487 , 0.384615 , 2.947026
0.179487 , 0.410256 , 2.909310
0.179487 , 0.435897 , 2.869066
0.179487 , 0.461538 , 2.827903
0.179487 , 0.487179 , 2.787483
0.179487 , 0.512821 , 2.748075
0.179487 , 0.538462 , 2.709432
0.179487 , 0.564103 , 2.671860
0.179487 , 0.589744 , 2.634880
0.179487 , 0.615385 , 2.598759
0.179487 , 0.641026 , 2.565723
0.179487 , 0.666667 , 2.534321
0.179487 , 0.692308 , 2.503908
0.179487 , 0.717949 , 2.475507
0.179487 , 0.743590 , 2.449232
0.179487 , 0.769231 , 2.425799
0.179487 , 0.794872 , 2.405549
0.179487 , 0.820513 , 2.388208
0.179487 , 0.846154 , 2.372541
0.179487 , 0.871795 , 2.360367
0.179487 , 0.897436 , 2.351224
0.179487 , 0.923077 , 2.344775
0.179487 , 0.948718 , 2.341053
0.179487 , 0.974359 , 2.338996
0.179487 , 1.000000 , 2.337798
0.205128 , 0.000000 , 3.102107
0.205128 , 0.025641 , 3.101209
0.205128 , 0.051282 , 3.099136
0.205128 , 0.076923 , 3.095369
0.205128 , 0.102564 , 3.088405
0.205128 , 0.128205 , 3.078258
0.205128 , 0.153846 , 3.064594
0.205128 , 0.179487 , 3.049646
0.205128 , 0.205128 , 3.031410
0.205128 , 0.230769 , 3.008420
0.205128 , 0.256410 , 2.981941
0.205128 , 0.282051 , 2.952461
0.205128 , 0.307692 , 2.919776
0.205128 , 0.333333 , 2.884569
0.205128 , 0.358974 , 2.846627
0.205128 , 0.384615 , 2.806842
0.205128 , 0.410256 , 2.764971
0.205128 , 0.435897 , 2.720374
0.205128 , 0.461538 , 2.673353
0.205128 , 0.487179 , 2.626882
0.205128 , 0.512821 , 2.581926
0.205128 , 0.538462 , 2.537778
0.205128 , 0.564103 , 2.495205
0.205128 , 0.589744 , 2.453251
0.205128 , 0.615385 , 2.412877
0.205128 , 0.641026 , 2.373796
0.205128 , 0.666667 , 2.337332
0.205128 , 0.692308 , 2.302888
0.205128 , 0.717949 , 2.270163
0.205128 , 0.743590 , 2.240431
0.205128 , 0.769231 , 2.213205
0.205128 , 0.794872 , 2.189916
0.205128 , 0.820513 , 2.169540
0.205128 , 0.846154 , 2.150986
0.205128 , 0.871795 , 2.136689
0.205128 , 0.897436 , 2.126573
0.205128 , 0.923077 , 2.118825
0.205128 , 0.948718 , 2.114301
0.205128 , 0.974359 , 2.111377
0.205128 , 1.000000 , 2.110059
0.230769 , 0.000000 , 3.002412
0.230769 , 0.025641 , 3.000878
0.230769 , 0.051282 , 2.997992
0.230769 , 0.076923 , 2.993519
0.230769 , 0.102564 , 2.985549
0.230769 , 0.128205 , 2.973906
0.230769 , 0.153846 , 2.958483
0.230769 , 0.179487 , 2.940571
0.230769 , 0.205128 , 2.920496
0.230769 , 0.230769 , 2.895402
0.230769 , 0.256410 , 2.865856
0.230769 , 0.282051 , 2.832147
0.230769 , 0.307692 , 2.794794
0.230769 , 0.333333 , 2.755338
0.230769 , 0.358974 , 2.713733
0.230769 , 0.384615 , 2.670077
0.230769 , 0.410256 , 2.623840
0.230769 , 0.435897 , 2.574851
0.230769 , 0.461538 , 2.523216
0.230769 , 0.487179 , 2.471066
0.230769 , 0.512821 , 2.420294
0.230769 , 0.538462 , 2.370808
0.230769 , 0.564103 , 2.323037
0.230769 , 0.589744 , 2.275780
0.230769 , 0.615385 , 2.230309
0.230769 , 0.641026 , 2.187261
0.230769 , 0.666667 , 2.145799
0.230769 , 0.692308 , 2.105863
0.230769 , 0.717949 , 2.068361
0.230769 , 0.743590 , 2.034410
0.230769 , 0.769231 , 2.003802
0.230769 , 0.794872 , 1.976777
0.230769 , 0.820513 , 1.954488
0.230769 , 0.846154 , 1.934395
0.230769 , 0.871795 , 1.917949
0.230769 , 0.897436 , 1.905549
0.230769 , 0.923077 , 1.896247
0.230769 , 0.948718 , 1.889752
0.230769 , 0.974359 , 1.886342
0.230769 , 1.000000 , 1.884667
0.256410 , 0.000000 , 2.908070
0.256410 , 0.025641 , 2.906215
0.256410 , 0.051282 , 2.901969
0.256410 , 0.076923 , 2.895979
0.256410 , 0.102564 , 2.886602
0.256410 , 0.128205 , 2.873898
0.256410 , 0.153846 , 2.857054
0.256410 , 0.179487 , 2.836123
0.256410 , 0.205128 , 2.812546
0.256410 , 0.230769 , 2.784969
0.256410 , 0.256410 , 2.752956
0.256410 , 0.282051 , 2.716200
0.256410 , 0.307692 , 2.675097
0.256410 , 0.333333 , 2.631027
0.256410 , 0.358974 , 2.584795
0.256410 , 0.384615 , 2.536801
0.256410 , 0.410256 , 2.485682
0.256410 , 0.435897 , 2.432793
0.256410 , 0.461538 , 2.377029
0.256410 , 0.487179 , 2.319951
0.256410 , 0.512821 , 2.263910
0.256410 , 0.538462 , 2.208990
0.256410 , 0.564103 , 2.155352
0.256410 , 0.589744 , 2.102581
0.256410 , 0.615385 , 2.052029
0.256410 , 0.641026 , 2.004298
0.256410 , 0.666667 , 1.958181
0.256410 , 0.692308 , 1.913275
0.256410 , 0.717949 , 1.871435
0.256410 , 0.743590 , 1.833031
0.256410 , 0.769231 , 1.798677
0.256410 , 0.794872 , 1.768078
0.256410 , 0.820513 , 1.742575
0.256410 , 0.846154 , 1.721842
0.256410 , 0.871795 , 1.703177
0.256410 , 0.897436 , 1.687306
0.256410 , 0.923077 , 1.676191
0.256410 , 0.948718 , 1.668479
0.256410 , 0.974359 , 1.664385
0.256410 , 1.000000 , 1.662136
0.282051 , 0.000000 , 2.819165
0.282051 , 0.025641 , 2.816995
0.282051 , 0.051282 , 2.811966
0.282051 , 0.076923 , 2.803904
0.282051 , 0.102564 , 2.792701
0.282051 , 0.128205 , 2.778428
0.282051 , 0.153846 , 2.759552
0.282051 , 0.179487 , 2.736211
0.282051 , 0.205128 , 2.709504
0.282051 , 0.230769 , 2.678997
0.282051 , 0.256410 , 2.643851
0.282051 , 0.282051 , 2.603734
0.282051 , 0.307692 , 2.558599
0.282051 , 0.333333 , 2.509861
0.282051 , 0.358974 , 2.459420
0.282051 , 0.384615 , 2.406681
0.282051 , 0.410256 , 2.351365
0.282051 , 0.435897 , 2.294458
0.282051 , 0.461538 , 2.234757
0.282051 , 0.487179 , 2.172973
0.282051 , 0.512821 , 2.111592
0.282051 , 0.538462 , 2.051107
0.282051 , 0.564103 , 1.991785
0.282051 , 0.589744 , 1.933916
0.282051 , 0.615385 , 1.878475
0.282051 , 0.641026 , 1.825223
0.282051 , 0.666667 , 1.773590
0.282051 , 0.692308 , 1.724380
0.282051 , 0.717949 , 1.678792
0.282051 , 0.743590 , 1.636572
0.282051 , 0.769231 , 1.598514
0.282051 , 0.794872 , 1.564824
0.282051 , 0.820513 , 1.535981
0.282051 , 0.846154 , 1.512194
0.282051 , 0.871795 , 1.491329
0.282051 , 0.897436 , 1.472560
0.282051 , 0.923077 , 1.458673
0.282051 , 0.948718 , 1.450158
0.282051 , 0.974359 , 1.445128
0.282051 , 1.000000 , 1.443016
0.307692 , 0.000000 , 2.736475
0.307692 , 0.025641 , 2.734141
0.307692 , 0.051282 , 2.728666
0.307692 , 0.076923 , 2.719403
0.307692 , 0.102564 , 2.705948
0.307692 , 0.128205 , 2.689789
0.307692 , 0.153846 , 2.668305
0.307692 , 0.179487 , 2.641734
0.307692 , 0.205128 , 2.611363
0.307692 , 0.230769 , 2.577704
0.307692 , 0.256410 , 2.538450
0.307692 , 0.282051 , 2.495134
0.307692 , 0.307692 , 2.446523
0.307692 , 0.333333 , 2.393498
0.307692 , 0.358974 , 2.338671
0.307692 , 0.384615 , 2.281518
0.307692 , 0.410256 , 2.221481
0.307692 , 0.435897 , 2.160078
0.307692 , 0.461538 , 2.096534
0.307692 , 0.487179 , 2.030436
0.307692 , 0.512821 , 1.963750
0.307692 , 0.538462 , 1.897754
0.307692 , 0.564103 , 1.832959
0.307692 , 0.589744 , 1.770025
0.307692 , 0.615385 , 1.708933
0.307692 , 0.641026 , 1.650830
0.307692 , 0.666667 , 1.594381
0.307692 , 0.692308 , 1.540387
0.307692 , 0.717949 , 1.490199
0.307692 , 0.743590 , 1.444261
0.307692 , 0.769231 , 1.402481
0.307692 , 0.794872 , 1.364847
0.307692 , 0.820513 , 1.332442
0.307692 , 0.846154 , 1.305851
0.307692 , 0.871795 , 1.282175
0.307692 , 0.897436 , 1.261353
0.307692 , 0.923077 , 1.245374
0.307692 , 0.948718 , 1.234932
0.307692 , 0.974359 , 1.229084
0.307692 , 1.000000 , 1.227451
0.333333 , 0.000000 , 2.661690
0.333333 , 0.025641 , 2.658837
0.333333 , 0.051282 , 2.652608
0.333333 , 0.076923 , 2.642510
0.333333 , 0.102564 , 2.628141
0.333333 , 0.128205 , 2.608858
0.333333 , 0.153846 , 2.584452
0.333333 , 0.179487 , 2.554913
0.333333 , 0.205128 , 2.520292
0.333333 , 0.230769 , 2.482099
0.333333 , 0.256410 , 2.438433
0.333333 , 0.282051 , 2.391451
0.333333 , 0.307692 , 2.339796
0.333333 , 0.333333 , 2.283488
0.333333 , 0.358974 , 2.224196
0.333333 , 0.384615 , 2.162157
0.333333 , 0.410256 , 2.097170
0.333333 , 0.435897 , 2.030481
0.333333 , 0.461538 , 1.962140
0.333333 , 0.487179 , 1.891722
0.333333 , 0.512821 , 1.820337
0.333333 , 0.538462 , 1.749364
0.333333 , 0.564103 , 1.679215
0.333333 , 0.589744 , 1.610816
0.333333 , 0.615385 , 1.544249
0.333333 , 0.641026 , 1.480709
0.333333 , 0.666667 , 1.419421
0.333333 , 0.692308 , 1.360654
0.333333 , 0.717949 , 1.305257
0.333333 , 0.743590 , 1.254450
0.333333 , 0.769231 , 1.209006
0.333333 , 0.794872 , 1.167618
0.333333 , 0.820513 , 1.131546
0.333333 , 0.846154 , 1.102018
0.333333 , 0.871795 , 1.076126
0.333333 , 0.897436 , 1.053335
0.333333 , 0.923077 , 1.035762
0.333333 , 0.948718 , 1.023472
0.333333 , 0.974359 , 1.015898
0.333333 , 1.000000 , 1.014013
0.358974 , 0.000000 , 2.594639
0.358974 , 0.025641 , 2.591563
0.358974 , 0.051282 , 2.584776
0.358974 , 0.076923 , 2.573199
0.358974 , 0.102564 , 2.557234
0.358974 , 0.128205 , 2.535829
0.358974 , 0.153846 , 2.508368
0.358974 , 0.179487 , 2.475818
0.358974 , 0.205128 , 2.437578
0.358974 , 0.230769 , 2.394284
0.358974 , 0.256410 , 2.346401
0.358974 , 0.282051 , 2.295158
0.358974 , 0.307692 , 2.239574
0.358974 , 0.333333 , 2.179597
0.358974 , 0.358974 , 2.116122
0.358974 , 0.384615 , 2.048781
0.358974 , 0.410256 , 1.978698
0.358974 , 0.435897 , 1.907144
0.358974 , 0.461538 , 1.833532
0.358974 , 0.487179 , 1.757980
0.358974 , 0.512821 , 1.681284
0.358974 , 0.538462 , 1.604969
0.358974 , 0.564103 , 1.529250
0.358974 , 0.589744 , 1.455312
0.358974 , 0.615385 , 1.383552
0.358974 , 0.641026 , 1.314562
0.358974 , 0.666667 , 1.248186
0.358974 , 0.692308 , 1.184366
0.358974 , 0.717949 , 1.124040
0.358974 , 0.743590 , 1.068504
0.358974 , 0.769231 , 1.018772
0.358974 , 0.794872 , 0.973555
0.358974 , 0.820513 , 0.933881
0.358974 , 0.846154 , 0.900208
0.358974 , 0.871795 , 0.871817
0.358974 , 0.897436 , 0.847518
0.358974 , 0.923077 , 0.827836
0.358974 , 0.948718 , 0.813725
0.358974 , 0.974359 , 0.805152
0.358974 , 1.000000 , 0.802637
0.384615 , 0.000000 , 2.536453
0.384615 , 0.025641 , 2.533719
0.384615 , 0.051282 , 2.526469
0.384615 , 0.076923 , 2.513272
0.384615 , 0.102564 , 2.494422
0.384615 , 0.128205 , 2.470522
0.384615 , 0.153846 , 2.440385
0.384615 , 0.179487 , 2.404455
0.384615 , 0.205128 , 2.362485
0.384615 , 0.230769 , 2.314969
0.384615 , 0.256410 , 2.262599
0.384615 , 0.282051 , 2.206915
0.384615 , 0.307692 , 2.146508
0.384615 , 0.333333 , 2.082606
0.384615 , 0.358974 , 2.014377
0.384615 , 0.384615 , 1.942172
0.384615 , 0.410256 , 1.866772
0.384615 , 0.435897 , 1.789078
0.384615 , 0.461538 , 1.709463
0.384615 , 0.487179 , 1.628725
0.384615 , 0.512821 , 1.546525
0.384615 , 0.538462 , 1.464710
0.384615 , 0.564103 , 1.383634
0.384615 , 0.589744 , 1.304003
0.384615 , 0.615385 , 1.226617
0.384615 , 0.641026 , 1.152142
0.384615 , 0.666667 , 1.080686
0.384615 , 0.692308 , 1.011846
0.384615 , 0.717949 , 0.946938
0.384615 , 0.743590 , 0.886488
0.384615 , 0.769231 , 0.831858
0.384615 , 0.794872 , 0.782414
0.384615 , 0.820513 , 0.738982
0.384615 , 0.846154 , 0.701341
0.384615 , 0.871795 , 0.669435
0.384615 , 0.897436 , 0.642515
0.384615 , 0.923077 , 0.621332
0.384615 , 0.948718 , 0.605540
0.384615 , 0.974359 , 0.596296
0.384615 , 1.000000 , 0.594153
0.410256 , 0.000000 , 2.489912
0.410256 , 0.025641 , 2.486711
0.410256 , 0.051282 , 2.478439
0.410256 , 0.076923 , 2.463090
0.410256 , 0.102564 , 2.442055
0.410256 , 0.128205 , 2.414720
0.410256 , 0.153846 , 2.381286
0.410256 , 0.179487 , 2.341571
0.410256 , 0.205128 , 2.295939
0.410256 , 0.230769 , 2.244203
0.410256 , 0.256410 , 2.187382
0.410256 , 0.282051 , 2.126724
0.410256 , 0.307692 , 2.061339
0.410256 , 0.333333 , 1.991983
0.410256 , 0.358974 , 1.918621
0.410256 , 0.384615 , 1.841147
0.410256 , 0.410256 , 1.760205
0.410256 , 0.435897 , 1.676611
0.410256 , 0.461538 , 1.590906
0.410256 , 0.487179 , 1.504089
0.410256 , 0.512821 , 1.416116
0.410256 , 0.538462 , 1.328348
0.410256 , 0.564103 , 1.241806
0.410256 , 0.589744 , 1.156530
0.410256 , 0.615385 , 1.073387
0.410256 , 0.641026 , 0.993056
0.410256 , 0.666667 , 0.915863
0.410256 , 0.692308 , 0.841585
0.410256 , 0.717949 , 0.771407
0.410256 , 0.743590 , 0.706061
0.410256 , 0.769231 , 0.646551
0.410256 , 0.794872 , 0.593098
0.410256 , 0.820513 , 0.545991
0.410256 , 0.846154 , 0.504190
0.410256 , 0.871795 , 0.468366
0.410256 , 0.897436 , 0.438966
0.410256 , 0.923077 , 0.415800
0.410256 , 0.948718 , 0.399026
0.410256 , 0.974359 , 0.388974
0.410256 , 1.000000 , 0.385873
0.435897 , 0.000000 , 2.454186
0.435897 , 0.025641 , 2.450445
0.435897 , 0.051282 , 2.440688
0.435897 , 0.076923 , 2.423533
0.435897 , 0.102564 , 2.400158
0.435897 , 0.128205 , 2.369430
0.435897 , 0.153846 , 2.332082
0.435897 , 0.179487 , 2.288177
0.435897 , 0.205128 , 2.238598
0.435897 , 0.230769 , 2.182830
0.435897 , 0.256410 , 2.121491
0.435897 , 0.282051 , 2.055773
0.435897 , 0.307692 , 1.984753
0.435897 , 0.333333 , 1.908866
0.435897 , 0.358974 , 1.829589
0.435897 , 0.384615 , 1.746445
0.435897 , 0.410256 , 1.659418
0.435897 , 0.435897 , 1.569578
0.435897 , 0.461538 , 1.477649
0.435897 , 0.487179 , 1.384513
0.435897 , 0.512821 , 1.290578
0.435897 , 0.538462 , 1.197000
0.435897 , 0.564103 , 1.103933
0.435897 , 0.589744 , 1.012242
0.435897 , 0.615385 , 0.922880
0.435897 , 0.641026 , 0.836780
0.435897 , 0.666667 , 0.753486
0.435897 , 0.692308 , 0.673536
0.435897 , 0.717949 , 0.598094
0.435897 , 0.743590 , 0.527077
0.435897 , 0.769231 , 0.462483
0.435897 , 0.794872 , 0.404648
0.435897 , 0.820513 , 0.353492
0.435897 , 0.846154 , 0.308012
0.435897 , 0.871795 , 0.269059
0.435897 , 0.897436 , 0.237055
0.435897 , 0.923077 , 0.212313
0.435897 , 0.948718 , 0.194102
0.435897 , 0.974359 , 0.183191
0.435897 , 1.000000 , 0.178885
0.461538 , 0.000000 , 2.429145
0.461538 , 0.025641 , 2.425107
0.461538 , 0.051282 , 2.413711
0.461538 , 0.076923 , 2.394715
0.461538 , 0.102564 , 2.369090
0.461538 , 0.128205 , 2.335245
0.461538 , 0.153846 , 2.294221
0.461538 , 0.179487 , 2.245947
0.461538 , 0.205128 , 2.192333
0.461538 , 0.230769 , 2.131832
0.461538 , 0.256410 , 2.065244
0.461538 , 0.282051 , 1.993558
0.461538 , 0.307692 , 1.916740
0.461538 , 0.333333 , 1.834681
0.461538 , 0.358974 , 1.748407
0.461538 , 0.384615 , 1.658598
0.461538 , 0.410256 , 1.565124
0.461538 , 0.435897 , 1.468753
0.461538 , 0.461538 , 1.369981
0.461538 , 0.487179 , 1.269947
0.461538 , 0.512821 , 1.169418
0.461538 , 0.538462 , 1.069344
0.461538 , 0.564103 , 0.969650
0.461538 , 0.589744 , 0.870777
0.461538 , 0.615385 , 0.774315
0.461538 , 0.641026 , 0.681267
0.461538 , 0.666667 , 0.591548
0.461538 , 0.692308 , 0.506352
0.461538 , 0.717949 , 0.425810
0.461538 , 0.743590 , 0.349841
0.461538 , 0.769231 , 0.279749
0.461538 , 0.794872 , 0.216858
0.461538 , 0.820513 , 0.160809
0.461538 , 0.846154 , 0.111919
0.461538 , 0.871795 , 0.070525
0.461538 , 0.897436 , 0.035561
0.461538 , 0.923077 , 0.008754
0.461538 , 0.948718 , -0.010773
0.461538 , 0.974359 , -0.022663
0.461538 , 1.000000 , -0.027067
0.487179 , 0.000000 , 2.415371
0.487179 , 0.025641 , 2.411032
0.487179 , 0.051282 , 2.397743
0.487179 , 0.076923 , 2.376785
0.487179 , 0.102564 , 2.348829
0.487179 , 0.128205 , 2.312042
0.487179 , 0.153846 , 2.267343
0.487179 , 0.179487 , 2.214608
0.487179 , 0.205128 , 2.155665
0.487179 , 0.230769 , 2.090506
0.487179 , 0.256410 , 2.018284
0.487179 , 0.282051 , 1.941228
0.487179 , 0.307692 , 1.858503
0.487179 , 0.333333 , 1.769855
0.487179 , 0.358974 , 1.676495
0.487179 , 0.384615 , 1.579291
0.487179 , 0.410256 , 1.478317
0.487179 , 0.435897 , 1.374436
0.487179 , 0.461538 , 1.268492
0.487179 , 0.487179 , 1.160730
0.487179 , 0.512821 , 1.052301
0.487179 , 0.538462 , 0.944555
0.487179 , 0.564103 , 0.837636
0.487179 , 0.589744 , 0.731512
0.487179 , 0.615385 , 0.627676
0.487179 , 0.641026 , 0.527061
0.487179 , 0.666667 , 0.430777
0.487179 , 0.692308 , 0.339785
0.487179 , 0.717949 , 0.253685
0.487179 , 0.743590 , 0.172402
0.487179 , 0.769231 , 0.097451
0.487179 , 0.794872 , 0.029582
0.487179 , 0.820513 , -0.031438
0.487179 , 0.846154 , -0.083987
0.487179 , 0.871795 , -0.128891
0.487179 , 0.897436 , -0.165716
0.487179 , 0.923077 , -0.194843
0.487179 , 0.948718 , -0.215786
0.487179 , 0.974359 , -0.228800
0.487179 , 1.000000 , -0.233591
0.512821 , 0.000000 , 2.413815
0.512821 , 0.025641 , 2.408906
0.512821 , 0.051282 , 2.394341
0.512821 , 0.076923 , 2.371213
0.512821 , 0.102564 , 2.340073
0.512821 , 0.128205 , 2.300077
0.512821 , 0.153846 , 2.251604
0.512821 , 0.179487 , 2.194856
0.512821 , 0.205128 , 2.130932
0.512821 , 0.230769 , 2.061180
0.512821 , 0.256410 , 1.983579
0.512821 , 0.282051 , 1.899976
0.512821 , 0.307692 , 1.810339
0.512821 , 0.333333 , 1.714528
0.512821 , 0.358974 , 1.613699
0.512821 , 0.384615 , 1.508458
0.512821 , 0.410256 , 1.399681
0.512821 , 0.435897 , 1.287626
0.512821 , 0.461538 , 1.173222
0.512821 , 0.487179 , 1.057311
0.512821 , 0.512821 , 0.940642
0.512821 , 0.538462 , 0.824168
0.512821 , 0.564103 , 0.708482
0.512821 , 0.589744 , 0.594636
0.512821 , 0.615385 , 0.483158
0.512821 , 0.641026 , 0.375189
0.512821 , 0.666667 , 0.272025
0.512821 , 0.692308 , 0.173977
0.512821 , 0.717949 , 0.082040
0.512821 , 0.743590 , -0.004959
0.512821 , 0.769231 , -0.085083
0.512821 , 0.794872 , -0.158226
0.512821 , 0.820513 , -0.223304
0.512821 , 0.846154 , -0.280087
0.512821 , 0.871795 , -0.328656
0.512821 , 0.897436 , -0.368495
0.512821 , 0.923077 , -0.399402
0.512821 , 0.948718 , -0.421801
0.512821 , 0.974359 , -0.436167
0.512821 , 1.000000 , -0.440914
0.538462 , 0.000000 , 2.424772
0.538462 , 0.025641 , 2.420262
0.538462 , 0.051282 , 2.404400
0.538462 , 0.076923 , 2.379277
0.538462 , 0.102564 , 2.345113
0.538462 , 0.128205 , 2.302069
0.538462 , 0.153846 , 2.250196
0.538462 , 0.179487 , 2.189037
0.538462 , 0.205128 , 2.120494
0.538462 , 0.230769 , 2.044772
0.538462 , 0.256410 , 1.960583
0.538462 , 0.282051 , 1.870019
0.538462 , 0.307692 , 1.773206
0.538462 , 0.333333 , 1.669670
0.538462 , 0.358974 , 1.560888
0.538462 , 0.384615 , 1.447266
0.538462 , 0.410256 , 1.329473
0.538462 , 0.435897 , 1.208611
0.538462 , 0.461538 , 1.084856
0.538462 , 0.487179 , 0.959482
0.538462 , 0.512821 , 0.833381
0.538462 , 0.538462 , 0.707503
0.538462 , 0.564103 , 0.582416
0.538462 , 0.589744 , 0.459694
0.538462 , 0.615385 , 0.339875
0.538462 , 0.641026 , 0.223706
0.538462 , 0.666667 , 0.113175
0.538462 , 0.692308 , 0.008147
0.538462 , 0.717949 , -0.090479
0.538462 , 0.743590 , -0.182844
0.538462 , 0.769231 , -0.268641
0.538462 , 0.794872 , -0.346670
0.538462 , 0.820513 , -0.416655
0.538462 , 0.846154 , -0.477835
0.538462 , 0.871795 , -0.529941
0.538462 , 0.897436 , -0.573017
0.538462 , 0.923077 , -0.606194
0.538462 , 0.948718 , -0.629654
0.538462 , 0.974359 , -0.644813
0.538462 , 1.000000 , -0.649880
0.564103 , 0.000000 , 2.450456
0.564103 , 0.025641 , 2.445098
0.564103 , 0.051282 , 2.428289
0.564103 , 0.076923 , 2.401807
0.564103 , 0.102564 , 2.365034
0.564103 , 0.128205 , 2.318635
0.564103 , 0.153846 , 2.263588
0.564103 , 0.179487 , 2.197667
0.564103 , 0.205128 , 2.123973
0.564103 , 0.230769 , 2.041573
0.564103 , 0.256410 , 1.951032
0.564103 , 0.282051 , 1.852737
0.564103 , 0.307692 , 1.747968
0.564103 , 0.333333 , 1.636560
0.564103 , 0.358974 , 1.518861
0.564103 , 0.384615 , 1.395616
0.564103 , 0.410256 , 1.268211
0.564103 , 0.435897 , 1.136611
0.564103 , 0.461538 , 1.002633
0.564103 , 0.487179 , 0.867219
0.564103 , 0.512821 , 0.731002
0.564103 , 0.538462 , 0.594189
0.564103 , 0.564103 , 0.458732
0.564103 , 0.589744 , 0.325968
0.564103 , 0.615385 , 0.197120
0.564103 , 0.641026 , 0.072224
0.564103 , 0.666667 , -0.046659
0.564103 , 0.692308 , -0.158933
0.564103 , 0.717949 , -0.264580
0.564103 , 0.743590 , -0.363711
0.564103 , 0.769231 , -0.455109
0.564103 , 0.794872 , -0.538270
0.564103 , 0.820513 , -0.612729
0.564103 , 0.846154 , -0.678061
0.564103 , 0.871795 , -0.733708
0.564103 , 0.897436 , -0.779518
0.564103 , 0.923077 , -0.814414
0.564103 , 0.948718 , -0.839940
0.564103 , 0.974359 , -0.855023
0.564103 , 1.000000 , -0.860117
0.589744 , 0.000000 , 2.491579
0.589744 , 0.025641 , 2.485194
0.589744 , 0.051282 , 2.467602
0.589744 , 0.076923 , 2.439354
0.589744 , 0.102564 , 2.399956
0.589744 , 0.128205 , 2.351071
0.589744 , 0.153846 , 2.291781
0.589744 , 0.179487 , 2.222281
0.589744 , 0.205128 , 2.143044
0.589744 , 0.230769 , 2.054457
0.589744 , 0.256410 , 1.956249
0.589744 , 0.282051 , 1.850004
0.589744 , 0.307692 , 1.736501
0.589744 , 0.333333 , 1.616321
0.589744 , 0.358974 , 1.488786
0.589744 , 0.384615 , 1.354916
0.589744 , 0.410256 , 1.216404
0.589744 , 0.435897 , 1.073475
0.589744 , 0.461538 , 0.927420
0.589744 , 0.487179 , 0.779746
0.589744 , 0.512821 , 0.632113
0.589744 , 0.538462 , 0.484371
0.589744 , 0.564103 , 0.337637
0.589744 , 0.589744 , 0.194181
0.589744 , 0.615385 , 0.054851
0.589744 , 0.641026 , -0.079242
0.589744 , 0.666667 , -0.207130
0.589744 , 0.692308 , -0.328278
0.589744 , 0.717949 , -0.441882
0.589744 , 0.743590 , -0.547585
0.589744 , 0.769231 , -0.644284
0.589744 , 0.794872 , -0.732395
0.589744 , 0.820513 , -0.811440
0.589744 , 0.846154 , -0.880554
0.589744 , 0.871795 , -0.939993
0.589744 , 0.897436 , -0.988727
0.589744 , 0.923077 , -1.025276
0.589744 , 0.948718 , -1.052932
0.589744 , 0.974359 , -1.068998
0.589744 , 1.000000 , -1.073975
0.615385 , 0.000000 , 2.548652
0.615385 , 0.025641 , 2.541769
0.615385 , 0.051282 , 2.522950
0.615385 , 0.076923 , 2.493162
0.615385 , 0.102564 , 2.451747
0.615385 , 0.128205 , 2.399787
0.615385 , 0.153846 , 2.336721
0.615385 , 0.179487 , 2.263450
0.615385 , 0.205128 , 2.178316
0.615385 , 0.230769 , 2.083164
0.615385 , 0.256410 , 1.977737
0.615385 , 0.282051 , 1.863322
0.615385 , 0.307692 , 1.740825
0.615385 , 0.333333 , 1.610962
0.615385 , 0.358974 , 1.472621
0.615385 , 0.384615 , 1.326328
0.615385 , 0.410256 , 1.175075
0.615385 , 0.435897 , 1.019383
0.615385 , 0.461538 , 0.859746
0.615385 , 0.487179 , 0.698674
0.615385 , 0.512821 , 0.537621
0.615385 , 0.538462 , 0.377333
0.615385 , 0.564103 , 0.218675
0.615385 , 0.589744 , 0.063340
0.615385 , 0.615385 , -0.087595
0.615385 , 0.641026 , -0.232713
0.615385 , 0.666667 , -0.370514
0.615385 , 0.692308 , -0.500881
0.615385 , 0.717949 , -0.623128
0.615385 , 0.743590 , -0.735269
0.615385 , 0.769231 , -0.838167
0.615385 , 0.794872 , -0.931590
0.615385 , 0.820513 , -1.014879
0.615385 , 0.846154 , -1.088529
0.615385 , 0.871795 , -1.151296
0.615385 , 0.897436 , -1.202721
0.615385 , 0.923077 , -1.241442
0.615385 , 0.948718 , -1.269523
0.615385 , 0.974359 , -1.286552
0.615385 , 1.000000 , -1.292126
0.641026 , 0.000000 , 2.621630
0.641026 , 0.025641 , 2.615204
0.641026 , 0.051282 , 2.595568
0.641026 , 0.076923 , 2.564556
0.641026 , 0.102564 , 2.521253
0.641026 , 0.128205 , 2.466575
0.641026 , 0.153846 , 2.400298
0.641026 , 0.179487 , 2.322101
0.641026 , 0.205128 , 2.231188
0.641026 , 0.230769 , 2.129028
0.641026 , 0.256410 , 2.016223
0.641026 , 0.282051 , 1.893450
0.641026 , 0.307692 , 1.761355
0.641026 , 0.333333 , 1.620521
0.641026 , 0.358974 , 1.469948
0.641026 , 0.384615 , 1.310689
0.641026 , 0.410256 , 1.144855
0.641026 , 0.435897 , 0.974131
0.641026 , 0.461538 , 0.799558
0.641026 , 0.487179 , 0.622952
0.641026 , 0.512821 , 0.447036
0.641026 , 0.538462 , 0.272551
0.641026 , 0.564103 , 0.099922
0.641026 , 0.589744 , -0.068422
0.641026 , 0.615385 , -0.231921
0.641026 , 0.641026 , -0.388793
0.641026 , 0.666667 , -0.537573
0.641026 , 0.692308 , -0.678016
0.641026 , 0.717949 , -0.809316
0.641026 , 0.743590 , -0.928985
0.641026 , 0.769231 , -1.038284
0.641026 , 0.794872 , -1.137635
0.641026 , 0.820513 , -1.225296
0.641026 , 0.846154 , -1.302585
0.641026 , 0.871795 , -1.367970
0.641026 , 0.897436 , -1.421239
0.641026 , 0.923077 , -1.462105
0.641026 , 0.948718 , -1.491408
0.641026 , 0.974359 , -1.508945
0.641026 , 1.000000 , -1.515047
0.666667 , 0.000000 , 2.712043
0.666667 , 0.025641 , 2.705623
0.666667 , 0.051282 , 2.686173
0.666667 , 0.076923 , 2.654203
0.666667 , 0.102564 , 2.609022
0.666667 , 0.128205 , 2.551876
0.666667 , 0.153846 , 2.482386
0.666667 , 0.179487 , 2.399430
0.666667 , 0.205128 , 2.302809
0.666667 , 0.230769 , 2.193251
0.666667 , 0.256410 , 2.072007
0.666667 , 0.282051 , 1.940237
0.666667 , 0.307692 , 1.798157
0.666667 , 0.333333 , 1.646175
0.666667 , 0.358974 , 1.482373
0.666667 , 0.384615 , 1.308830
0.666667 , 0.410256 , 1.127132
0.666667 , 0.435897 , 0.939198
0.666667 , 0.461538 , 0.747616
0.666667 , 0.487179 , 0.554047
0.666667 , 0.512821 , 0.361328
0.666667 , 0.538462 , 0.170677
0.666667 , 0.564103 , -0.017060
0.666667 , 0.589744 , -0.200755
0.666667 , 0.615385 , -0.378379
0.666667 , 0.641026 , -0.548471
0.666667 , 0.666667 , -0.709390
0.666667 , 0.692308 , -0.861160
0.666667 , 0.717949 , -1.002477
0.666667 , 0.743590 , -1.130930
0.666667 , 0.769231 , -1.247039
0.666667 , 0.794872 , -1.352017
0.666667 , 0.820513 , -1.444387
0.666667 , 0.846154 , -1.524462
0.666667 , 0.871795 , -1.590996
0.666667 , 0.897436 , -1.645665
0.666667 , 0.923077 , -1.687942
0.666667 , 0.948718 , -1.718605
0.666667 , 0.974359 , -1.737007
0.666667 , 1.000000 , -1.743483
0.692308 , 0.000000 , 2.821299
0.692308 , 0.025641 , 2.814937
0.692308 , 0.051282 , 2.795340
0.692308 , 0.076923 , 2.762149
0.692308 , 0.102564 , 2.715929
0.692308 , 0.128205 , 2.656801
0.692308 , 0.153846 , 2.584204
0.692308 , 0.179487 , 2.497069
0.692308 , 0.205128 , 2.394888
0.692308 , 0.230769 , 2.278315
0.692308 , 0.256410 , 2.148322
0.692308 , 0.282051 , 2.006199
0.692308 , 0.307692 , 1.853263
0.692308 , 0.333333 , 1.688805
0.692308 , 0.358974 , 1.511224
0.692308 , 0.384615 , 1.321370
0.692308 , 0.410256 , 1.121543
0.692308 , 0.435897 , 0.915156
0.692308 , 0.461538 , 0.704935
0.692308 , 0.487179 , 0.492480
0.692308 , 0.512821 , 0.280929
0.692308 , 0.538462 , 0.071617
0.692308 , 0.564103 , -0.133912
0.692308 , 0.589744 , -0.334786
0.692308 , 0.615385 , -0.528352
0.692308 , 0.641026 , -0.713013
0.692308 , 0.666667 , -0.887373
0.692308 , 0.692308 , -1.051063
0.692308 , 0.717949 , -1.202889
0.692308 , 0.743590 , -1.340793
0.692308 , 0.769231 , -1.465239
0.692308 , 0.794872 , -1.575803
0.692308 , 0.820513 , -1.672323
0.692308 , 0.846154 , -1.754225
0.692308 , 0.871795 , -1.822546
0.692308 , 0.897436 , -1.878696
0.692308 , 0.923077 , -1.922410
0.692308 , 0.948718 , -1.954236
0.692308 , 0.974359 , -1.972342
0.692308 , 1.000000 , -1.978333
0.717949 , 0.000000 , 2.949226
0.717949 , 0.025641 , 2.942503
0.717949 , 0.051282 , 2.922727
0.717949 , 0.076923 , 2.889542
0.717949 , 0.102564 , 2.842963
0.717949 , 0.128205 , 2.782490
0.717949 , 0.153846 , 2.707235
0.717949 , 0.179487 , 2.616746
0.717949 , 0.205128 , 2.509322
0.717949 , 0.230769 , 2.386006
0.717949 , 0.256410 , 2.248027
0.717949 , 0.282051 , 2.095096
0.717949 , 0.307692 , 1.929992
0.717949 , 0.333333 , 1.751242
0.717949 , 0.358974 , 1.557316
0.717949 , 0.384615 , 1.349286
0.717949 , 0.410256 , 1.129657
0.717949 , 0.435897 , 0.903058
0.717949 , 0.461538 , 0.671887
0.717949 , 0.487179 , 0.438085
0.717949 , 0.512821 , 0.205396
0.717949 , 0.538462 , -0.025175
0.717949 , 0.564103 , -0.251239
0.717949 , 0.589744 , -0.472102
0.717949 , 0.615385 , -0.683844
0.717949 , 0.641026 , -0.885247
0.717949 , 0.666667 , -1.074317
0.717949 , 0.692308 , -1.250854
0.717949 , 0.717949 , -1.413842
0.717949 , 0.743590 , -1.560480
0.717949 , 0.769231 , -1.692104
0.717949 , 0.794872 , -1.808381
0.717949 , 0.820513 , -1.909553
0.717949 , 0.846154 , -1.994373
0.717949 , 0.871795 , -2.064548
0.717949 , 0.897436 , -2.122333
0.717949 , 0.923077 , -2.166216
0.717949 , 0.948718 , -2.197349
0.717949 , 0.974359 , -2.215774
0.717949 , 1.000000 , -2.221885
0.743590 , 0.000000 , 3.094882
0.743590 , 0.025641 , 3.088333
0.743590 , 0.051282 , 3.069158
0.743590 , 0.076923 , 3.036686
0.743590 , 0.102564 , 2.990426
0.743590 , 0.128205 , 2.929518
0.743590 , 0.153846 , 2.852342
0.743590 , 0.179487 , 2.759778
0.743590 , 0.205128 , 2.648252
0.743590 , 0.230769 , 2.518976
0.743590 , 0.256410 , 2.373111
0.743590 , 0.282051 , 2.208771
0.743590 , 0.307692 , 2.029313
0.743590 , 0.333333 , 1.833988
0.743590 , 0.358974 , 1.621190
0.743590 , 0.384615 , 1.393389
0.743590 , 0.410256 , 1.152804
0.743590 , 0.435897 , 0.903723
0.743590 , 0.461538 , 0.649255
0.743590 , 0.487179 , 0.391819
0.743590 , 0.512821 , 0.134756
0.743590 , 0.538462 , -0.120364
0.743590 , 0.564103 , -0.370135
0.743590 , 0.589744 , -0.613487
0.743590 , 0.615385 , -0.845714
0.743590 , 0.641026 , -1.065690
0.743590 , 0.666667 , -1.270918
0.743590 , 0.692308 , -1.461406
0.743590 , 0.717949 , -1.636006
0.743590 , 0.743590 , -1.793026
0.743590 , 0.769231 , -1.932249
0.743590 , 0.794872 , -2.053675
0.743590 , 0.820513 , -2.158017
0.743590 , 0.846154 , -2.245511
0.743590 , 0.871795 , -2.317618
0.743590 , 0.897436 , -2.375400
0.743590 , 0.923077 , -2.419145
0.743590 , 0.948718 , -2.449258
0.743590 , 0.974359 , -2.467241
0.743590 , 1.000000 , -2.473268
0.769231 , 0.000000 , 3.258404
0.769231 , 0.025641 , 3.252544
0.769231 , 0.051282 , 3.234513
0.769231 , 0.076923 , 3.203257
0.769231 , 0.102564 , 3.157731
0.769231 , 0.128205 , 3.097528
0.769231 , 0.153846 , 3.020802
0.769231 , 0.179487 , 2.926429
0.769231 , 0.205128 , 2.812008
0.769231 , 0.230769 , 2.676953
0.769231 , 0.256410 , 2.522745
0.769231 , 0.282051 , 2.347620
0.769231 , 0.307692 , 2.151979
0.769231 , 0.333333 , 1.937805
0.769231 , 0.358974 , 1.704727
0.769231 , 0.384615 , 1.456124
0.769231 , 0.410256 , 1.192659
0.769231 , 0.435897 , 0.918492
0.769231 , 0.461538 , 0.637471
0.769231 , 0.487179 , 0.353328
0.769231 , 0.512821 , 0.068327
0.769231 , 0.538462 , -0.214402
0.769231 , 0.564103 , -0.490691
0.769231 , 0.589744 , -0.758563
0.769231 , 0.615385 , -1.014198
0.769231 , 0.641026 , -1.255026
0.769231 , 0.666667 , -1.479576
0.769231 , 0.692308 , -1.686097
0.769231 , 0.717949 , -1.873497
0.769231 , 0.743590 , -2.041198
0.769231 , 0.769231 , -2.188145
0.769231 , 0.794872 , -2.314879
0.769231 , 0.820513 , -2.420815
0.769231 , 0.846154 , -2.508491
0.769231 , 0.871795 , -2.580709
0.769231 , 0.897436 , -2.637145
0.769231 , 0.923077 , -2.679665
0.769231 , 0.948718 , -2.709042
0.769231 , 0.974359 , -2.726466
0.769231 , 1.000000 , -2.732464
0.794872 , 0.000000 , 3.439784
0.794872 , 0.025641 , 3.434303
0.794872 , 0.051282 , 3.418067
0.794872 , 0.076923 , 3.389311
0.794872 , 0.102564 , 3.346405
0.794872 , 0.128205 , 3.288572
0.794872 , 0.153846 , 3.213800
0.794872 , 0.179487 , 3.120286
0.794872 , 0.205128 , 3.003019
0.794872 , 0.230769 , 2.862164
0.794872 , 0.256410 , 2.698067
0.794872 , 0.282051 , 2.510422
0.794872 , 0.307692 , 2.299984
0.794872 , 0.333333 , 2.067088
0.794872 , 0.358974 , 1.812639
0.794872 , 0.384615 , 1.540156
0.794872 , 0.410256 , 1.251302
0.794872 , 0.435897 , 0.948717
0.794872 , 0.461538 , 0.637572
0.794872 , 0.487179 , 0.322272
0.794872 , 0.512821 , 0.005230
0.794872 , 0.538462 , -0.308454
0.794872 , 0.564103 , -0.613735
0.794872 , 0.589744 , -0.909817
0.794872 , 0.615385 , -1.192417
0.794872 , 0.641026 , -1.457880
0.794872 , 0.666667 , -1.703370
0.794872 , 0.692308 , -1.928138
0.794872 , 0.717949 , -2.129264
0.794872 , 0.743590 , -2.307264
0.794872 , 0.769231 , -2.461503
0.794872 , 0.794872 , -2.592806
0.794872 , 0.820513 , -2.700762
0.794872 , 0.846154 , -2.787916
0.794872 , 0.871795 , -2.857773
0.794872 , 0.897436 , -2.911535
0.794872 , 0.923077 , -2.951077
0.794872 , 0.948718 , -2.977583
0.794872 , 0.974359 , -2.993396
0.794872 , 1.000000 , -2.999134
0.820513 , 0.000000 , 3.636342
0.820513 , 0.025641 , 3.632272
0.820513 , 0.051282 , 3.619353
0.820513 , 0.076923 , 3.595274
0.820513 , 0.102564 , 3.557796
0.820513 , 0.128205 , 3.504809
0.820513 , 0.153846 , 3.433588
0.820513 , 0.179487 , 3.340807
0.820513 , 0.205128 , 3.223345
0.820513 , 0.230769 , 3.077976
0.820513 , 0.256410 , 2.905683
0.820513 , 0.282051 , 2.705537
0.820513 , 0.307692 , 2.478534
0.820513 , 0.333333 , 2.226168
0.820513 , 0.358974 , 1.948328
0.820513 , 0.384615 , 1.648637
0.820513 , 0.410256 , 1.330092
0.820513 , 0.435897 , 0.995385
0.820513 , 0.461538 , 0.649348
0.820513 , 0.487179 , 0.298071
0.820513 , 0.512821 , -0.054838
0.820513 , 0.538462 , -0.403477
0.820513 , 0.564103 , -0.742498
0.820513 , 0.589744 , -1.069903
0.820513 , 0.615385 , -1.382166
0.820513 , 0.641026 , -1.675067
0.820513 , 0.666667 , -1.944112
0.820513 , 0.692308 , -2.188261
0.820513 , 0.717949 , -2.404895
0.820513 , 0.743590 , -2.593687
0.820513 , 0.769231 , -2.755101
0.820513 , 0.794872 , -2.889731
0.820513 , 0.820513 , -2.998575
0.820513 , 0.846154 , -3.084387
0.820513 , 0.871795 , -3.150182
0.820513 , 0.897436 , -3.198636
0.820513 , 0.923077 , -3.232689
0.820513 , 0.948718 , -3.254687
0.820513 , 0.974359 , -3.267731
0.820513 , 1.000000 , -3.271776
0.846154 , 0.000000 , 3.848089
0.846154 , 0.025641 , 3.845383
0.846154 , 0.051282 , 3.837416
0.846154 , 0.076923 , 3.820195
0.846154 , 0.102564 , 3.791240
0.846154 , 0.128205 , 3.746238
0.846154 , 0.153846 , 3.681724
0.846154 , 0.179487 , 3.592152
0.846154 , 0.205128 , 3.475454
0.846154 , 0.230769 , 3.327526
0.846154 , 0.256410 , 3.148390
0.846154 , 0.282051 , 2.936084
0.846154 , 0.307692 , 2.692311
0.846154 , 0.333333 , 2.418241
0.846154 , 0.358974 , 2.114499
0.846154 , 0.384615 , 1.783693
0.846154 , 0.410256 , 1.430896
0.846154 , 0.435897 , 1.059467
0.846154 , 0.461538 , 0.674377
0.846154 , 0.487179 , 0.282582
0.846154 , 0.512821 , -0.110748
0.846154 , 0.538462 , -0.500151
0.846154 , 0.564103 , -0.878364
0.846154 , 0.589744 , -1.242033
0.846154 , 0.615385 , -1.587708
0.846154 , 0.641026 , -1.910948
0.846154 , 0.666667 , -2.206281
0.846154 , 0.692308 , -2.472008
0.846154 , 0.717949 , -2.706002
0.846154 , 0.743590 , -2.906456
0.846154 , 0.769231 , -3.074375
0.846154 , 0.794872 , -3.210440
0.846154 , 0.820513 , -3.317096
0.846154 , 0.846154 , -3.398712
0.846154 , 0.871795 , -3.457962
0.846154 , 0.897436 , -3.498701
0.846154 , 0.923077 , -3.524469
0.846154 , 0.948718 , -3.539484
0.846154 , 0.974359 , -3.547383
0.846154 , 1.000000 , -3.549560
0.871795 , 0.000000 , 4.070249
0.871795 , 0.025641 , 4.070504
0.871795 , 0.051282 , 4.069692
0.871795 , 0.076923 , 4.063439
0.871795 , 0.102564 , 4.046246
0.871795 , 0.128205 , 4.013342
0.871795 , 0.153846 , 3.959632
0.871795 , 0.179487 , 3.877992
0.871795 , 0.205128 , 3.765316
0.871795 , 0.230769 , 3.616470
0.871795 , 0.256410 , 3.430764
0.871795 , 0.282051 , 3.206720
0.871795 , 0.307692 , 2.944177
0.871795 , 0.333333 , 2.646179
0.871795 , 0.358974 , 2.313020
0.871795 , 0.384615 , 1.947880
0.871795 , 0.410256 , 1.556379
0.871795 , 0.435897 , 1.142600
0.871795 , 0.461538 , 0.713406
0.871795 , 0.487179 , 0.275972
0.871795 , 0.512821 , -0.164101
0.871795 , 0.538462 , -0.599359
0.871795 , 0.564103 , -1.023296
0.871795 , 0.589744 , -1.429154
0.871795 , 0.615385 , -1.813299
0.871795 , 0.641026 , -2.170904
0.871795 , 0.666667 , -2.495782
0.871795 , 0.692308 , -2.784537
0.871795 , 0.717949 , -3.036605
0.871795 , 0.743590 , -3.248709
0.871795 , 0.769231 , -3.421970
0.871795 , 0.794872 , -3.558442
0.871795 , 0.820513 , -3.661702
0.871795 , 0.846154 , -3.734972
0.871795 , 0.871795 , -3.782368
0.871795 , 0.897436 , -3.810610
0.871795 , 0.923077 , -3.824006
0.871795 , 0.948718 , -3.828517
0.871795 , 0.974359 , -3.828457
0.871795 , 1.000000 , -3.827850
0.897436 , 0.000000 , 4.298240
0.897436 , 0.025641 , 4.302280
0.897436 , 0.051282 , 4.312658
0.897436 , 0.076923 , 4.321676
0.897436 , 0.102564 , 4.323115
0.897436 , 0.128205 , 4.308980
0.897436 , 0.153846 , 4.271205
0.897436 , 0.179487 , 4.202339
0.897436 , 0.205128 , 4.096813
0.897436 , 0.230769 , 3.949228
0.897436 , 0.256410 , 3.758176
0.897436 , 0.282051 , 3.521571
0.897436 , 0.307692 , 3.239476
0.897436 , 0.333333 , 2.915452
0.897436 , 0.358974 , 2.549669
0.897436 , 0.384615 , 2.145444
0.897436 , 0.410256 , 1.709617
0.897436 , 0.435897 , 1.247656
0.897436 , 0.461538 , 0.767732
0.897436 , 0.487179 , 0.277558
0.897436 , 0.512821 , -0.215691
0.897436 , 0.538462 , -0.703787
0.897436 , 0.564103 , -1.179150
0.897436 , 0.589744 , -1.633834
0.897436 , 0.615385 , -2.061929
0.897436 , 0.641026 , -2.457854
0.897436 , 0.666667 , -2.815433
0.897436 , 0.692308 , -3.130383
0.897436 , 0.717949 , -3.400902
0.897436 , 0.743590 , -3.625206
0.897436 , 0.769231 , -3.803683
0.897436 , 0.794872 , -3.938849
0.897436 , 0.820513 , -4.034910
0.897436 , 0.846154 , -4.095985
0.897436 , 0.871795 , -4.126772
0.897436 , 0.897436 , -4.135512
0.897436 , 0.923077 , -4.130120
0.897436 , 0.948718 , -4.118724
0.897436 , 0.974359 , -4.107441
0.897436 , 1.000000 , -4.102676
0.923077 , 0.000000 , 4.524195
0.923077 , 0.025641 , 4.534100
0.923077 , 0.051282 , 4.560944
0.923077 , 0.076923 , 4.593556
0.923077 , 0.102564 , 4.621772
0.923077 , 0.128205 , 4.633630
0.923077 , 0.153846 , 4.619544
0.923077 , 0.179487 , 4.569510
0.923077 , 0.205128 , 4.475618
0.923077 , 0.230769 , 4.332518
0.923077 , 0.256410 , 4.137391
0.923077 , 0.282051 , 3.887909
0.923077 , 0.307692 , 3.585487
0.923077 , 0.333333 , 3.232123
0.923077 , 0.358974 , 2.830368
0.923077 , 0.384615 , 2.382250
0.923077 , 0.410256 , 1.896099
0.923077 , 0.435897 , 1.379372
0.923077 , 0.461538 , 0.840472
0.923077 , 0.487179 , 0.288924
0.923077 , 0.512821 , -0.265695
0.923077 , 0.538462 , -0.814364
0.923077 , 0.564103 , -1.348575
0.923077 , 0.589744 , -1.858558
0.923077 , 0.615385 , -2.336881
0.923077 , 0.641026 , -2.776467
0.923077 , 0.666667 , -3.171037
0.923077 , 0.692308 , -3.515412
0.923077 , 0.717949 , -3.806032
0.923077 , 0.743590 , -4.042644
0.923077 , 0.769231 , -4.225324
0.923077 , 0.794872 , -4.356316
0.923077 , 0.820513 , -4.440194
0.923077 , 0.846154 , -4.482514
0.923077 , 0.871795 , -4.490087
0.923077 , 0.897436 , -4.472545
0.923077 , 0.923077 , -4.440209
0.923077 , 0.948718 , -4.404653
0.923077 , 0.974359 , -4.376846
0.923077 , 1.000000 , -4.366134
0.948718 , 0.000000 , 4.736281
0.948718 , 0.025641 , 4.756224
0.948718 , 0.051282 , 4.807966
0.948718 , 0.076923 , 4.875955
0.948718 , 0.102564 , 4.942421
0.948718 , 0.128205 , 4.991306
0.948718 , 0.153846 , 5.009355
0.948718 , 0.179487 , 4.985465
0.948718 , 0.205128 , 4.908745
0.948718 , 0.230769 , 4.773403
0.948718 , 0.256410 , 4.577080
0.948718 , 0.282051 , 4.315506
0.948718 , 0.307692 , 3.990905
0.948718 , 0.333333 , 3.604836
0.948718 , 0.358974 , 3.160637
0.948718 , 0.384615 , 2.663120
0.948718 , 0.410256 , 2.119293
0.948718 , 0.435897 , 1.539309
0.948718 , 0.461538 , 0.933176
0.948718 , 0.487179 , 0.311769
0.948718 , 0.512821 , -0.313775
0.948718 , 0.538462 , -0.932612
0.948718 , 0.564103 , -1.534362
0.948718 , 0.589744 , -2.108455
0.948718 , 0.615385 , -2.645005
0.948718 , 0.641026 , -3.134797
0.948718 , 0.666667 , -3.571035
0.948718 , 0.692308 , -3.947999
0.948718 , 0.717949 , -4.261262
0.948718 , 0.743590 , -4.510296
0.948718 , 0.769231 , -4.695153
0.948718 , 0.794872 , -4.817984
0.948718 , 0.820513 , -4.884043
0.948718 , 0.846154 , -4.900107
0.948718 , 0.871795 , -4.874895
0.948718 , 0.897436 , -4.820312
0.948718 , 0.923077 , -4.749925
0.948718 , 0.948718 , -4.678979
0.948718 , 0.974359 , -4.625221
0.948718 , 1.000000 , -4.604381
0.974359 , 0.000000 , 4.913925
0.974359 , 0.025641 , 4.951968
0.974359 , 0.051282 , 5.045750
0.974359 , 0.076923 , 5.165568
0.974359 , 0.102564 , 5.285765
0.974359 , 0.128205 , 5.385237
0.974359 , 0.153846 , 5.447637
0.974359 , 0.179487 , 5.458832
0.974359 , 0.205128 , 5.406441
0.974359 , 0.230769 , 5.283297
0.974359 , 0.256410 , 5.087076
0.974359 , 0.282051 , 4.814604
0.974359 , 0.307692 , 4.465505
0.974359 , 0.333333 , 4.042206
0.974359 , 0.358974 , 3.549697
0.974359 , 0.384615 , 2.994334
0.974359 , 0.410256 , 2.384611
0.974359 , 0.435897 , 1.731774
0.974359 , 0.461538 , 1.048022
0.974359 , 0.487179 , 0.345666
0.974359 , 0.512821 , -0.362077
0.974359 , 0.538462 , -1.062560
0.974359 , 0.564103 , -1.742621
0.974359 , 0.589744 , -2.389516
0.974359 , 0.615385 , -2.992401
0.974359 , 0.641026 , -3.540321
0.974359 , 0.666667 , -4.024261
0.974359 , 0.692308 , -4.438022
0.974359 , 0.717949 , -4.776282
0.974359 , 0.743590 , -5.037156
0.974359 , 0.769231 , -5.221578
0.974359 , 0.794872 , -5.332303
0.974359 , 0.820513 , -5.374338
0.974359 , 0.846154 , -5.355047
0.974359 , 0.871795 , -5.285515
0.974359 , 0.897436 , -5.179810
0.974359 , 0.923077 , -5.055090
0.974359 , 0.948718 , -4.932363
0.974359 , 0.974359 , -4.836551
0.974359 , 1.000000 , -4.798288
1.000000 , 0.000000 , 5.021941
1.000000 , 0.025641 , 5.097095
1.000000 , 0.051282 , 5.262737
1.000000 , 0.076923 , 5.460170
1.000000 , 0.102564 , 5.655581
1.000000 , 0.128205 , 5.822043
1.000000 , 0.153846 , 5.941997
1.000000 , 0.179487 , 5.999168
1.000000 , 0.205128 , 5.979342
1.000000 , 0.230769 , 5.873684
1.000000 , 0.256410 , 5.680048
1.000000 , 0.282051 , 5.395465
1.000000 , 0.307692 , 5.019842
1.000000 , 0.333333 , 4.554980
1.000000 , 0.358974 , 4.007327
1.000000 , 0.384615 , 3.385842
1.000000 , 0.410256 , 2.700105
1.000000 , 0.435897 , 1.962494
1.000000 , 0.461538 , 1.187711
1.000000 , 0.487179 , 0.390983
1.000000 , 0.512821 , -0.412432
1.000000 , 0.538462 , -1.207026
1.000000 , 0.564103 , -1.977756
1.000000 , 0.589744 , -2.709450
1.000000 , 0.615385 , -3.388889
1.000000 , 0.641026 , -4.003455
1.000000 , 0.666667 , -4.542473
1.000000 , 0.692308 , -4.997213
1.000000 , 0.717949 , -5.362953
1.000000 , 0.743590 , -5.636207
1.000000 , 0.769231 , -5.817802
1.000000 , 0.794872 , -5.910538
1.000000 , 0.820513 , -5.920531
1.000000 , 0.846154 , -5.855884
1.000000 , 0.871795 , -5.728429
1.000000 , 0.897436 , -5.555323
1.000000 , 0.923077 , -5.355528
1.000000 , 0.948718 , -5.154597
1.000000 , 0.974359 , -4.987322
1.000000 , 1.000000 , -4.911003
