0.000000 , 0.000000 , -0.994760
0.000000 , 0.025641 , -0.994760
0.000000 , 0.051282 , -0.994760
0.000000 , 0.076923 , -0.994760
0.000000 , 0.102564 , -0.994760
0.000000 , 0.128205 , -0.994760
0.000000 , 0.153846 , -0.994760
0.000000 , 0.179487 , -0.994760
0.000000 , 0.205128 , -0.994760
0.000000 , 0.230769 , -0.994760
0.000000 , 0.256410 , -0.994760
0.000000 , 0.282051 , -0.994760
0.000000 , 0.307692 , -0.994760
0.000000 , 0.333333 , -0.994760
0.000000 , 0.358974 , -0.994760
0.000000 , 0.384615 , -0.994760
0.000000 , 0.410256 , -0.994760
0.000000 , 0.435897 , -0.994760
0.000000 , 0.461538 , -0.994760
0.000000 , 0.487179 , -0.994760
0.000000 , 0.512821 , -0.994760
0.000000 , 0.538462 , -0.994760
0.000000 , 0.564103 , -0.994760
0.000000 , 0.589744 , -0.994760
0.000000 , 0.615385 , -0.994760
0.000000 , 0.641026 , -0.994760
0.000000 , 0.666667 , -0.994760
0.000000 , 0.692308 , -0.994760
0.000000 , 0.717949 , -0.994760
0.000000 , 0.743590 , -0.994760
0.000000 , 0.769231 , -0.994760
0.000000 , 0.794872 , -0.994760
0.000000 , 0.820513 , -0.994760
0.000000 , 0.846154 , -0.994760
0.000000 , 0.871795 , -0.994760
0.000000 , 0.897436 , -0.994760
0.000000 , 0.923077 , -0.994760
0.000000 , 0.948718 , -0.994760
0.000000 , 0.974359 , -0.994760
0.000000 , 1.000000 , -0.994760
0.025641 , 0.000000 , -0.702051
0.025641 , 0.025641 , -0.701805
0.025641 , 0.051282 , -0.701334
0.025641 , 0.076923 , -0.700870
0.025641 , 0.102564 , -0.700738
0.025641 , 0.128205 , -0.701531
0.025641 , 0.153846 , -0.703646
0.025641 , 0.179487 , -0.706023
0.025641 , 0.205128 , -0.708940
0.025641 , 0.230769 , -0.712898
0.025641 , 0.256410 , -0.716793
0.025641 , 0.282051 , -0.720654
0.025641 , 0.307692 , -0.725258
0.025641 , 0.333333 , -0.730471
0.025641 , 0.358974 , -0.736168
0.025641 , 0.384615 , -0.740999
0.025641 , 0.410256 , -0.745620
0.025641 , 0.435897 , -0.751268
0.025641 , 0.461538 , -0.757198
0.025641 , 0.487179 , -0.763354
0.025641 , 0.512821 , -0.769403
0.025641 , 0.538462 , -0.775371
0.025641 , 0.564103 , -0.781002
0.025641 , 0.589744 , -0.786555
0.025641 , 0.615385 , -0.792200
0.025641 , 0.641026 , -0.797530
0.025641 , 0.666667 , -0.801415
0.025641 , 0.692308 , -0.805859
0.025641 , 0.717949 , -0.809535
0.025641 , 0.743590 , -0.812879
0.025641 , 0.769231 , -0.816039
0.025641 , 0.794872 , -0.818649
0.025641 , 0.820513 , -0.821184
0.025641 , 0.846154 , -0.823661
0.025641 , 0.871795 , -0.825295
0.025641 , 0.897436 , -0.826610
0.025641 , 0.923077 , -0.828224
0.025641 , 0.948718 , -0.829116
0.025641 , 0.974359 , -0.829664
0.025641 , 1.000000 , -0.829350
0.051282 , 0.000000 , -0.424920
0.051282 , 0.025641 , -0.425061
0.051282 , 0.051282 , -0.424943
0.051282 , 0.076923 , -0.424197
0.051282 , 0.102564 , -0.424281
0.051282 , 0.128205 , -0.426004
0.051282 , 0.153846 , -0.429380
0.051282 , 0.179487 , -0.434052
0.051282 , 0.205128 , -0.439643
0.051282 , 0.230769 , -0.447108
0.051282 , 0.256410 , -0.455348
0.051282 , 0.282051 , -0.463504
0.051282 , 0.307692 , -0.472664
0.051282 , 0.333333 , -0.482636
0.051282 , 0.358974 , -0.492898
0.051282 , 0.384615 , -0.503054
0.051282 , 0.410256 , -0.512837
0.051282 , 0.435897 , -0.523876
0.051282 , 0.461538 , -0.535908
0.051282 , 0.487179 , -0.547675
0.051282 , 0.512821 , -0.560286
0.051282 , 0.538462 , -0.572168
0.051282 , 0.564103 , -0.583346
0.051282 , 0.589744 , -0.594127
0.051282 , 0.615385 , -0.604997
0.051282 , 0.641026 , -0.614940
0.051282 , 0.666667 , -0.623936
0.051282 , 0.692308 , -0.632423
0.051282 , 0.717949 , -0.640008
0.051282 , 0.743590 , -0.646762
0.051282 , 0.769231 , -0.652835
0.051282 , 0.794872 , -0.657540
0.051282 , 0.820513 , -0.662668
0.051282 , 0.846154 , -0.667426
0.051282 , 0.871795 , -0.671330
0.051282 , 0.897436 , -0.674493
0.051282 , 0.923077 , -0.676852
0.051282 , 0.948718 , -0.678657
0.051282 , 0.974359 , -0.679347
0.051282 , 1.000000 , -0.679244
0.076923 , 0.000000 , -0.165019
0.076923 , 0.025641 , -0.164823
0.076923 , 0.051282 , -0.164584
0.076923 , 0.076923 , -0.164563
0.076923 , 0.102564 , -0.165245
0.076923 , 0.128205 , -0.167648
0.076923 , 0.153846 , -0.172293
0.076923 , 0.179487 , -0.178499
0.076923 , 0.205128 , -0.186707
0.076923 , 0.230769 , -0.196924
0.076923 , 0.256410 , -0.209405
0.076923 , 0.282051 , -0.222395
0.076923 , 0.307692 , -0.236341
0.076923 , 0.333333 , -0.250236
0.076923 , 0.358974 , -0.264713
0.076923 , 0.384615 , -0.279809
0.076923 , 0.410256 , -0.295608
0.076923 , 0.435897 , -0.312317
0.076923 , 0.461538 , -0.330532
0.076923 , 0.487179 , -0.348461
0.076923 , 0.512821 , -0.366013
0.076923 , 0.538462 , -0.382823
0.076923 , 0.564103 , -0.400029
0.076923 , 0.589744 , -0.416192
0.076923 , 0.615385 , -0.432746
0.076923 , 0.641026 , -0.448083
0.076923 , 0.666667 , -0.461857
0.076923 , 0.692308 , -0.474330
0.076923 , 0.717949 , -0.486073
0.076923 , 0.743590 , -0.495874
0.076923 , 0.769231 , -0.505030
0.076923 , 0.794872 , -0.512307
0.076923 , 0.820513 , -0.519340
0.076923 , 0.846154 , -0.526119
0.076923 , 0.871795 , -0.531384
0.076923 , 0.897436 , -0.535866
0.076923 , 0.923077 , -0.540190
0.076923 , 0.948718 , -0.542726
0.076923 , 0.974359 , -0.544036
0.076923 , 1.000000 , -0.544176
0.102564 , 0.000000 , 0.079636
0.102564 , 0.025641 , 0.079357
0.102564 , 0.051282 , 0.079412
0.102564 , 0.076923 , 0.079417
0.102564 , 0.102564 , 0.077414
0.102564 , 0.128205 , 0.074033
0.102564 , 0.153846 , 0.068396
0.102564 , 0.179487 , 0.060539
0.102564 , 0.205128 , 0.050028
0.102564 , 0.230769 , 0.037324
0.102564 , 0.256410 , 0.022100
0.102564 , 0.282051 , 0.005296
0.102564 , 0.307692 , -0.013289
0.102564 , 0.333333 , -0.031897
0.102564 , 0.358974 , -0.050932
0.102564 , 0.384615 , -0.071424
0.102564 , 0.410256 , -0.093091
0.102564 , 0.435897 , -0.115189
0.102564 , 0.461538 , -0.138971
0.102564 , 0.487179 , -0.162530
0.102564 , 0.512821 , -0.185613
0.102564 , 0.538462 , -0.207838
0.102564 , 0.564103 , -0.231020
0.102564 , 0.589744 , -0.253011
0.102564 , 0.615385 , -0.274676
0.102564 , 0.641026 , -0.294692
0.102564 , 0.666667 , -0.313372
0.102564 , 0.692308 , -0.330984
0.102564 , 0.717949 , -0.346495
0.102564 , 0.743590 , -0.359313
0.102564 , 0.769231 , -0.370820
0.102564 , 0.794872 , -0.381825
0.102564 , 0.820513 , -0.391079
0.102564 , 0.846154 , -0.399583
0.102564 , 0.871795 , -0.406655
0.102564 , 0.897436 , -0.412900
0.102564 , 0.923077 , -0.418171
0.102564 , 0.948718 , -0.421940
0.102564 , 0.974359 , -0.423180
0.102564 , 1.000000 , -0.423493
0.128205 , 0.000000 , 0.310581
0.128205 , 0.025641 , 0.310168
0.128205 , 0.051282 , 0.309331
0.128205 , 0.076923 , 0.308152
0.128205 , 0.102564 , 0.305204
0.128205 , 0.128205 , 0.300678
0.128205 , 0.153846 , 0.294068
0.128205 , 0.179487 , 0.284272
0.128205 , 0.205128 , 0.271380
0.128205 , 0.230769 , 0.255841
0.128205 , 0.256410 , 0.237518
0.128205 , 0.282051 , 0.217648
0.128205 , 0.307692 , 0.195929
0.128205 , 0.333333 , 0.172404
0.128205 , 0.358974 , 0.147744
0.128205 , 0.384615 , 0.122205
0.128205 , 0.410256 , 0.095062
0.128205 , 0.435897 , 0.067586
0.128205 , 0.461538 , 0.039203
0.128205 , 0.487179 , 0.010139
0.128205 , 0.512821 , -0.018942
0.128205 , 0.538462 , -0.046850
0.128205 , 0.564103 , -0.075671
0.128205 , 0.589744 , -0.103096
0.128205 , 0.615385 , -0.130318
0.128205 , 0.641026 , -0.155425
0.128205 , 0.666667 , -0.178077
0.128205 , 0.692308 , -0.199705
0.128205 , 0.717949 , -0.219381
0.128205 , 0.743590 , -0.236395
0.128205 , 0.769231 , -0.250647
0.128205 , 0.794872 , -0.264638
0.128205 , 0.820513 , -0.277652
0.128205 , 0.846154 , -0.288137
0.128205 , 0.871795 , -0.296913
0.128205 , 0.897436 , -0.303403
0.128205 , 0.923077 , -0.310051
0.128205 , 0.948718 , -0.314758
0.128205 , 0.974359 , -0.316143
0.128205 , 1.000000 , -0.315760
0.153846 , 0.000000 , 0.527447
0.153846 , 0.025641 , 0.526935
0.153846 , 0.051282 , 0.525856
0.153846 , 0.076923 , 0.523363
0.153846 , 0.102564 , 0.519249
0.153846 , 0.128205 , 0.513233
0.153846 , 0.153846 , 0.505037
0.153846 , 0.179487 , 0.493457
0.153846 , 0.205128 , 0.478312
0.153846 , 0.230769 , 0.459378
0.153846 , 0.256410 , 0.437235
0.153846 , 0.282051 , 0.414511
0.153846 , 0.307692 , 0.390248
0.153846 , 0.333333 , 0.363026
0.153846 , 0.358974 , 0.332987
0.153846 , 0.384615 , 0.302607
0.153846 , 0.410256 , 0.271003
0.153846 , 0.435897 , 0.238282
0.153846 , 0.461538 , 0.203915
0.153846 , 0.487179 , 0.168675
0.153846 , 0.512821 , 0.133655
0.153846 , 0.538462 , 0.099682
0.153846 , 0.564103 , 0.066340
0.153846 , 0.589744 , 0.033175
0.153846 , 0.615385 , 0.000666
0.153846 , 0.641026 , -0.029529
0.153846 , 0.666667 , -0.056773
0.153846 , 0.692308 , -0.082602
0.153846 , 0.717949 , -0.105588
0.153846 , 0.743590 , -0.126516
0.153846 , 0.769231 , -0.143998
0.153846 , 0.794872 , -0.160000
0.153846 , 0.820513 , -0.175448
0.153846 , 0.846154 , -0.188508
0.153846 , 0.871795 , -0.199477
0.153846 , 0.897436 , -0.208009
0.153846 , 0.923077 , -0.214945
0.153846 , 0.948718 , -0.220441
0.153846 , 0.974359 , -0.222179
0.153846 , 1.000000 , -0.221988
0.179487 , 0.000000 , 0.730639
0.179487 , 0.025641 , 0.730053
0.179487 , 0.051282 , 0.728381
0.179487 , 0.076923 , 0.725586
0.179487 , 0.102564 , 0.720497
0.179487 , 0.128205 , 0.712681
0.179487 , 0.153846 , 0.701969
0.179487 , 0.179487 , 0.688072
0.179487 , 0.205128 , 0.670557
0.179487 , 0.230769 , 0.649144
0.179487 , 0.256410 , 0.624142
0.179487 , 0.282051 , 0.597487
0.179487 , 0.307692 , 0.570215
0.179487 , 0.333333 , 0.539976
0.179487 , 0.358974 , 0.505601
0.179487 , 0.384615 , 0.470322
0.179487 , 0.410256 , 0.433707
0.179487 , 0.435897 , 0.395260
0.179487 , 0.461538 , 0.355404
0.179487 , 0.487179 , 0.315357
0.179487 , 0.512821 , 0.274562
0.179487 , 0.538462 , 0.234648
0.179487 , 0.564103 , 0.195715
0.179487 , 0.589744 , 0.156946
0.179487 , 0.615385 , 0.119880
0.179487 , 0.641026 , 0.084694
0.179487 , 0.666667 , 0.052496
0.179487 , 0.692308 , 0.023069
0.179487 , 0.717949 , -0.003450
0.179487 , 0.743590 , -0.027696
0.179487 , 0.769231 , -0.048897
0.179487 , 0.794872 , -0.068355
0.179487 , 0.820513 , -0.086258
0.179487 , 0.846154 , -0.102665
0.179487 , 0.871795 , -0.115552
0.179487 , 0.897436 , -0.125474
0.179487 , 0.923077 , -0.133529
0.179487 , 0.948718 , -0.139408
0.179487 , 0.974359 , -0.141936
0.179487 , 1.000000 , -0.141937
0.205128 , 0.000000 , 0.921832
0.205128 , 0.025641 , 0.921326
0.205128 , 0.051282 , 0.919111
0.205128 , 0.076923 , 0.914988
0.205128 , 0.102564 , 0.908822
0.205128 , 0.128205 , 0.899827
0.205128 , 0.153846 , 0.886922
0.205128 , 0.179487 , 0.870502
0.205128 , 0.205128 , 0.850941
0.205128 , 0.230769 , 0.827156
0.205128 , 0.256410 , 0.799855
0.205128 , 0.282051 , 0.769872
0.205128 , 0.307692 , 0.737538
0.205128 , 0.333333 , 0.703682
0.205128 , 0.358974 , 0.665596
0.205128 , 0.384615 , 0.625696
0.205128 , 0.410256 , 0.583633
0.205128 , 0.435897 , 0.540024
0.205128 , 0.461538 , 0.495339
0.205128 , 0.487179 , 0.450054
0.205128 , 0.512821 , 0.403535
0.205128 , 0.538462 , 0.357886
0.205128 , 0.564103 , 0.313194
0.205128 , 0.589744 , 0.269394
0.205128 , 0.615385 , 0.227481
0.205128 , 0.641026 , 0.187873
0.205128 , 0.666667 , 0.150515
0.205128 , 0.692308 , 0.116362
0.205128 , 0.717949 , 0.086417
0.205128 , 0.743590 , 0.059128
0.205128 , 0.769231 , 0.033613
0.205128 , 0.794872 , 0.010247
0.205128 , 0.820513 , -0.009868
0.205128 , 0.846154 , -0.027912
0.205128 , 0.871795 , -0.043449
0.205128 , 0.897436 , -0.054522
0.205128 , 0.923077 , -0.064321
0.205128 , 0.948718 , -0.071134
0.205128 , 0.974359 , -0.074241
0.205128 , 1.000000 , -0.075145
0.230769 , 0.000000 , 1.102843
0.230769 , 0.025641 , 1.101767
0.230769 , 0.051282 , 1.099165
0.230769 , 0.076923 , 1.093851
0.230769 , 0.102564 , 1.086152
0.230769 , 0.128205 , 1.075642
0.230769 , 0.153846 , 1.061194
0.230769 , 0.179487 , 1.042301
0.230769 , 0.205128 , 1.019736
0.230769 , 0.230769 , 0.992650
0.230769 , 0.256410 , 0.961892
0.230769 , 0.282051 , 0.929617
0.230769 , 0.307692 , 0.894204
0.230769 , 0.333333 , 0.855624
0.230769 , 0.358974 , 0.813238
0.230769 , 0.384615 , 0.768309
0.230769 , 0.410256 , 0.721636
0.230769 , 0.435897 , 0.672857
0.230769 , 0.461538 , 0.623974
0.230769 , 0.487179 , 0.573379
0.230769 , 0.512821 , 0.521748
0.230769 , 0.538462 , 0.470345
0.230769 , 0.564103 , 0.419781
0.230769 , 0.589744 , 0.371081
0.230769 , 0.615385 , 0.325207
0.230769 , 0.641026 , 0.280572
0.230769 , 0.666667 , 0.238263
0.230769 , 0.692308 , 0.199619
0.230769 , 0.717949 , 0.165005
0.230769 , 0.743590 , 0.134291
0.230769 , 0.769231 , 0.104906
0.230769 , 0.794872 , 0.078145
0.230769 , 0.820513 , 0.054834
0.230769 , 0.846154 , 0.035024
0.230769 , 0.871795 , 0.016902
0.230769 , 0.897436 , 0.003059
0.230769 , 0.923077 , -0.007496
0.230769 , 0.948718 , -0.015175
0.230769 , 0.974359 , -0.018926
0.230769 , 1.000000 , -0.019339
0.256410 , 0.000000 , 1.273520
0.256410 , 0.025641 , 1.272575
0.256410 , 0.051282 , 1.269193
0.256410 , 0.076923 , 1.262786
0.256410 , 0.102564 , 1.253428
0.256410 , 0.128205 , 1.240980
0.256410 , 0.153846 , 1.224186
0.256410 , 0.179487 , 1.203194
0.256410 , 0.205128 , 1.177288
0.256410 , 0.230769 , 1.147191
0.256410 , 0.256410 , 1.113240
0.256410 , 0.282051 , 1.077264
0.256410 , 0.307692 , 1.038888
0.256410 , 0.333333 , 0.995946
0.256410 , 0.358974 , 0.949968
0.256410 , 0.384615 , 0.901044
0.256410 , 0.410256 , 0.848921
0.256410 , 0.435897 , 0.795178
0.256410 , 0.461538 , 0.740634
0.256410 , 0.487179 , 0.685063
0.256410 , 0.512821 , 0.628650
0.256410 , 0.538462 , 0.572265
0.256410 , 0.564103 , 0.516516
0.256410 , 0.589744 , 0.462987
0.256410 , 0.615385 , 0.412490
0.256410 , 0.641026 , 0.363076
0.256410 , 0.666667 , 0.315955
0.256410 , 0.692308 , 0.272590
0.256410 , 0.717949 , 0.232652
0.256410 , 0.743590 , 0.196896
0.256410 , 0.769231 , 0.164572
0.256410 , 0.794872 , 0.135432
0.256410 , 0.820513 , 0.109355
0.256410 , 0.846154 , 0.086451
0.256410 , 0.871795 , 0.066452
0.256410 , 0.897436 , 0.049806
0.256410 , 0.923077 , 0.038063
0.256410 , 0.948718 , 0.029311
0.256410 , 0.974359 , 0.024311
0.256410 , 1.000000 , 0.023074
0.282051 , 0.000000 , 1.435213
0.282051 , 0.025641 , 1.434581
0.282051 , 0.051282 , 1.430592
0.282051 , 0.076923 , 1.422589
0.282051 , 0.102564 , 1.411398
0.282051 , 0.128205 , 1.396593
0.282051 , 0.153846 , 1.377076
0.282051 , 0.179487 , 1.353092
0.282051 , 0.205128 , 1.324535
0.282051 , 0.230769 , 1.291173
0.282051 , 0.256410 , 1.254066
0.282051 , 0.282051 , 1.214432
0.282051 , 0.307692 , 1.171775
0.282051 , 0.333333 , 1.125326
0.282051 , 0.358974 , 1.075410
0.282051 , 0.384615 , 1.022826
0.282051 , 0.410256 , 0.966238
0.282051 , 0.435897 , 0.907318
0.282051 , 0.461538 , 0.847379
0.282051 , 0.487179 , 0.786799
0.282051 , 0.512821 , 0.725570
0.282051 , 0.538462 , 0.664157
0.282051 , 0.564103 , 0.603915
0.282051 , 0.589744 , 0.545474
0.282051 , 0.615385 , 0.489251
0.282051 , 0.641026 , 0.435170
0.282051 , 0.666667 , 0.383491
0.282051 , 0.692308 , 0.335683
0.282051 , 0.717949 , 0.290710
0.282051 , 0.743590 , 0.248931
0.282051 , 0.769231 , 0.211876
0.282051 , 0.794872 , 0.179889
0.282051 , 0.820513 , 0.151288
0.282051 , 0.846154 , 0.125529
0.282051 , 0.871795 , 0.103973
0.282051 , 0.897436 , 0.086026
0.282051 , 0.923077 , 0.072485
0.282051 , 0.948718 , 0.062025
0.282051 , 0.974359 , 0.055880
0.282051 , 1.000000 , 0.053604
0.307692 , 0.000000 , 1.590131
0.307692 , 0.025641 , 1.589095
0.307692 , 0.051282 , 1.584384
0.307692 , 0.076923 , 1.575084
0.307692 , 0.102564 , 1.562111
0.307692 , 0.128205 , 1.544546
0.307692 , 0.153846 , 1.521750
0.307692 , 0.179487 , 1.493843
0.307692 , 0.205128 , 1.461702
0.307692 , 0.230769 , 1.425638
0.307692 , 0.256410 , 1.384991
0.307692 , 0.282051 , 1.341135
0.307692 , 0.307692 , 1.294811
0.307692 , 0.333333 , 1.244664
0.307692 , 0.358974 , 1.191273
0.307692 , 0.384615 , 1.134210
0.307692 , 0.410256 , 1.073283
0.307692 , 0.435897 , 1.009792
0.307692 , 0.461538 , 0.944522
0.307692 , 0.487179 , 0.879807
0.307692 , 0.512821 , 0.813541
0.307692 , 0.538462 , 0.747389
0.307692 , 0.564103 , 0.682443
0.307692 , 0.589744 , 0.618694
0.307692 , 0.615385 , 0.556689
0.307692 , 0.641026 , 0.497198
0.307692 , 0.666667 , 0.441007
0.307692 , 0.692308 , 0.388197
0.307692 , 0.717949 , 0.337831
0.307692 , 0.743590 , 0.291052
0.307692 , 0.769231 , 0.250051
0.307692 , 0.794872 , 0.214235
0.307692 , 0.820513 , 0.182766
0.307692 , 0.846154 , 0.154266
0.307692 , 0.871795 , 0.130101
0.307692 , 0.897436 , 0.110919
0.307692 , 0.923077 , 0.095163
0.307692 , 0.948718 , 0.083872
0.307692 , 0.974359 , 0.076774
0.307692 , 1.000000 , 0.074055
0.333333 , 0.000000 , 1.739324
0.333333 , 0.025641 , 1.737300
0.333333 , 0.051282 , 1.731252
0.333333 , 0.076923 , 1.720781
0.333333 , 0.102564 , 1.705646
0.333333 , 0.128205 , 1.685357
0.333333 , 0.153846 , 1.660098
0.333333 , 0.179487 , 1.629332
0.333333 , 0.205128 , 1.593943
0.333333 , 0.230769 , 1.554498
0.333333 , 0.256410 , 1.510401
0.333333 , 0.282051 , 1.462286
0.333333 , 0.307692 , 1.411480
0.333333 , 0.333333 , 1.356804
0.333333 , 0.358974 , 1.298716
0.333333 , 0.384615 , 1.236917
0.333333 , 0.410256 , 1.171510
0.333333 , 0.435897 , 1.103360
0.333333 , 0.461538 , 1.033369
0.333333 , 0.487179 , 0.963240
0.333333 , 0.512821 , 0.892253
0.333333 , 0.538462 , 0.821112
0.333333 , 0.564103 , 0.751216
0.333333 , 0.589744 , 0.682281
0.333333 , 0.615385 , 0.614647
0.333333 , 0.641026 , 0.549860
0.333333 , 0.666667 , 0.488681
0.333333 , 0.692308 , 0.431133
0.333333 , 0.717949 , 0.376050
0.333333 , 0.743590 , 0.324671
0.333333 , 0.769231 , 0.278570
0.333333 , 0.794872 , 0.239017
0.333333 , 0.820513 , 0.203518
0.333333 , 0.846154 , 0.171752
0.333333 , 0.871795 , 0.145370
0.333333 , 0.897436 , 0.123939
0.333333 , 0.923077 , 0.106479
0.333333 , 0.948718 , 0.093912
0.333333 , 0.974359 , 0.086597
0.333333 , 1.000000 , 0.083649
0.358974 , 0.000000 , 1.882938
0.358974 , 0.025641 , 1.880236
0.358974 , 0.051282 , 1.872842
0.358974 , 0.076923 , 1.860448
0.358974 , 0.102564 , 1.843848
0.358974 , 0.128205 , 1.820753
0.358974 , 0.153846 , 1.792637
0.358974 , 0.179487 , 1.758503
0.358974 , 0.205128 , 1.719647
0.358974 , 0.230769 , 1.676367
0.358974 , 0.256410 , 1.628502
0.358974 , 0.282051 , 1.576827
0.358974 , 0.307692 , 1.521474
0.358974 , 0.333333 , 1.461326
0.358974 , 0.358974 , 1.398226
0.358974 , 0.384615 , 1.331713
0.358974 , 0.410256 , 1.261916
0.358974 , 0.435897 , 1.188726
0.358974 , 0.461538 , 1.113507
0.358974 , 0.487179 , 1.038048
0.358974 , 0.512821 , 0.961627
0.358974 , 0.538462 , 0.885673
0.358974 , 0.564103 , 0.810403
0.358974 , 0.589744 , 0.735745
0.358974 , 0.615385 , 0.662943
0.358974 , 0.641026 , 0.592754
0.358974 , 0.666667 , 0.526108
0.358974 , 0.692308 , 0.463086
0.358974 , 0.717949 , 0.404083
0.358974 , 0.743590 , 0.348985
0.358974 , 0.769231 , 0.297988
0.358974 , 0.794872 , 0.253168
0.358974 , 0.820513 , 0.213875
0.358974 , 0.846154 , 0.179148
0.358974 , 0.871795 , 0.149836
0.358974 , 0.897436 , 0.125964
0.358974 , 0.923077 , 0.106551
0.358974 , 0.948718 , 0.092966
0.358974 , 0.974359 , 0.085256
0.358974 , 1.000000 , 0.082368
0.384615 , 0.000000 , 2.022830
0.384615 , 0.025641 , 2.019666
0.384615 , 0.051282 , 2.010506
0.384615 , 0.076923 , 1.996681
0.384615 , 0.102564 , 1.977576
0.384615 , 0.128205 , 1.952555
0.384615 , 0.153846 , 1.921327
0.384615 , 0.179487 , 1.883214
0.384615 , 0.205128 , 1.840948
0.384615 , 0.230769 , 1.794049
0.384615 , 0.256410 , 1.741626
0.384615 , 0.282051 , 1.685850
0.384615 , 0.307692 , 1.625511
0.384615 , 0.333333 , 1.560486
0.384615 , 0.358974 , 1.491588
0.384615 , 0.384615 , 1.419942
0.384615 , 0.410256 , 1.344687
0.384615 , 0.435897 , 1.266277
0.384615 , 0.461538 , 1.186011
0.384615 , 0.487179 , 1.105160
0.384615 , 0.512821 , 1.023265
0.384615 , 0.538462 , 0.941901
0.384615 , 0.564103 , 0.861113
0.384615 , 0.589744 , 0.780974
0.384615 , 0.615385 , 0.702748
0.384615 , 0.641026 , 0.627052
0.384615 , 0.666667 , 0.554550
0.384615 , 0.692308 , 0.486030
0.384615 , 0.717949 , 0.422382
0.384615 , 0.743590 , 0.363047
0.384615 , 0.769231 , 0.307907
0.384615 , 0.794872 , 0.258364
0.384615 , 0.820513 , 0.214282
0.384615 , 0.846154 , 0.176004
0.384615 , 0.871795 , 0.143328
0.384615 , 0.897436 , 0.116885
0.384615 , 0.923077 , 0.095685
0.384615 , 0.948718 , 0.080653
0.384615 , 0.974359 , 0.072841
0.384615 , 1.000000 , 0.070279
0.410256 , 0.000000 , 2.159667
0.410256 , 0.025641 , 2.156137
0.410256 , 0.051282 , 2.145897
0.410256 , 0.076923 , 2.130463
0.410256 , 0.102564 , 2.108692
0.410256 , 0.128205 , 2.080653
0.410256 , 0.153846 , 2.046277
0.410256 , 0.179487 , 2.005712
0.410256 , 0.205128 , 1.959434
0.410256 , 0.230769 , 1.908420
0.410256 , 0.256410 , 1.851895
0.410256 , 0.282051 , 1.790884
0.410256 , 0.307692 , 1.725097
0.410256 , 0.333333 , 1.653884
0.410256 , 0.358974 , 1.579018
0.410256 , 0.384615 , 1.501968
0.410256 , 0.410256 , 1.421603
0.410256 , 0.435897 , 1.337827
0.410256 , 0.461538 , 1.251698
0.410256 , 0.487179 , 1.165001
0.410256 , 0.512821 , 1.077484
0.410256 , 0.538462 , 0.989938
0.410256 , 0.564103 , 0.903207
0.410256 , 0.589744 , 0.817438
0.410256 , 0.615385 , 0.733396
0.410256 , 0.641026 , 0.651899
0.410256 , 0.666667 , 0.574123
0.410256 , 0.692308 , 0.499975
0.410256 , 0.717949 , 0.431465
0.410256 , 0.743590 , 0.367610
0.410256 , 0.769231 , 0.307998
0.410256 , 0.794872 , 0.253751
0.410256 , 0.820513 , 0.204992
0.410256 , 0.846154 , 0.162104
0.410256 , 0.871795 , 0.126212
0.410256 , 0.897436 , 0.097670
0.410256 , 0.923077 , 0.074839
0.410256 , 0.948718 , 0.057910
0.410256 , 0.974359 , 0.049105
0.410256 , 1.000000 , 0.046348
0.435897 , 0.000000 , 2.294476
0.435897 , 0.025641 , 2.290177
0.435897 , 0.051282 , 2.279086
0.435897 , 0.076923 , 2.262170
0.435897 , 0.102564 , 2.238024
0.435897 , 0.128205 , 2.206220
0.435897 , 0.153846 , 2.168696
0.435897 , 0.179487 , 2.124913
0.435897 , 0.205128 , 2.075429
0.435897 , 0.230769 , 2.020243
0.435897 , 0.256410 , 1.958903
0.435897 , 0.282051 , 1.892081
0.435897 , 0.307692 , 1.820428
0.435897 , 0.333333 , 1.743600
0.435897 , 0.358974 , 1.662729
0.435897 , 0.384615 , 1.579134
0.435897 , 0.410256 , 1.492533
0.435897 , 0.435897 , 1.402644
0.435897 , 0.461538 , 1.310754
0.435897 , 0.487179 , 1.217800
0.435897 , 0.512821 , 1.123906
0.435897 , 0.538462 , 1.029960
0.435897 , 0.564103 , 0.936793
0.435897 , 0.589744 , 0.844856
0.435897 , 0.615385 , 0.754742
0.435897 , 0.641026 , 0.667298
0.435897 , 0.666667 , 0.583935
0.435897 , 0.692308 , 0.504750
0.435897 , 0.717949 , 0.429835
0.435897 , 0.743590 , 0.359870
0.435897 , 0.769231 , 0.295712
0.435897 , 0.794872 , 0.237612
0.435897 , 0.820513 , 0.184428
0.435897 , 0.846154 , 0.137344
0.435897 , 0.871795 , 0.098552
0.435897 , 0.897436 , 0.066835
0.435897 , 0.923077 , 0.042494
0.435897 , 0.948718 , 0.024828
0.435897 , 0.974359 , 0.014613
0.435897 , 1.000000 , 0.011585
0.461538 , 0.000000 , 2.427944
0.461538 , 0.025641 , 2.423875
0.461538 , 0.051282 , 2.411609
0.461538 , 0.076923 , 2.392379
0.461538 , 0.102564 , 2.366140
0.461538 , 0.128205 , 2.331340
0.461538 , 0.153846 , 2.289484
0.461538 , 0.179487 , 2.242442
0.461538 , 0.205128 , 2.188594
0.461538 , 0.230769 , 2.129054
0.461538 , 0.256410 , 2.062648
0.461538 , 0.282051 , 1.990015
0.461538 , 0.307692 , 1.912697
0.461538 , 0.333333 , 1.830333
0.461538 , 0.358974 , 1.743106
0.461538 , 0.384615 , 1.652279
0.461538 , 0.410256 , 1.558616
0.461538 , 0.435897 , 1.462352
0.461538 , 0.461538 , 1.363555
0.461538 , 0.487179 , 1.263801
0.461538 , 0.512821 , 1.163046
0.461538 , 0.538462 , 1.062552
0.461538 , 0.564103 , 0.962667
0.461538 , 0.589744 , 0.863912
0.461538 , 0.615385 , 0.767251
0.461538 , 0.641026 , 0.673312
0.461538 , 0.666667 , 0.583496
0.461538 , 0.692308 , 0.497955
0.461538 , 0.717949 , 0.417265
0.461538 , 0.743590 , 0.341657
0.461538 , 0.769231 , 0.272215
0.461538 , 0.794872 , 0.209484
0.461538 , 0.820513 , 0.152962
0.461538 , 0.846154 , 0.102535
0.461538 , 0.871795 , 0.060230
0.461538 , 0.897436 , 0.025966
0.461538 , 0.923077 , -0.000787
0.461538 , 0.948718 , -0.019658
0.461538 , 0.974359 , -0.030475
0.461538 , 1.000000 , -0.034177
0.487179 , 0.000000 , 2.561873
0.487179 , 0.025641 , 2.557285
0.487179 , 0.051282 , 2.543764
0.487179 , 0.076923 , 2.522711
0.487179 , 0.102564 , 2.493842
0.487179 , 0.128205 , 2.456714
0.487179 , 0.153846 , 2.411884
0.487179 , 0.179487 , 2.360197
0.487179 , 0.205128 , 2.301984
0.487179 , 0.230769 , 2.237352
0.487179 , 0.256410 , 2.165989
0.487179 , 0.282051 , 2.087276
0.487179 , 0.307692 , 2.003445
0.487179 , 0.333333 , 1.914782
0.487179 , 0.358974 , 1.821251
0.487179 , 0.384615 , 1.722906
0.487179 , 0.410256 , 1.621427
0.487179 , 0.435897 , 1.517669
0.487179 , 0.461538 , 1.411440
0.487179 , 0.487179 , 1.303966
0.487179 , 0.512821 , 1.195935
0.487179 , 0.538462 , 1.088082
0.487179 , 0.564103 , 0.981090
0.487179 , 0.589744 , 0.875561
0.487179 , 0.615385 , 0.771535
0.487179 , 0.641026 , 0.670565
0.487179 , 0.666667 , 0.573603
0.487179 , 0.692308 , 0.481694
0.487179 , 0.717949 , 0.394809
0.487179 , 0.743590 , 0.313215
0.487179 , 0.769231 , 0.238218
0.487179 , 0.794872 , 0.170381
0.487179 , 0.820513 , 0.110265
0.487179 , 0.846154 , 0.056903
0.487179 , 0.871795 , 0.011209
0.487179 , 0.897436 , -0.025989
0.487179 , 0.923077 , -0.054825
0.487179 , 0.948718 , -0.075275
0.487179 , 0.974359 , -0.087076
0.487179 , 1.000000 , -0.090935
0.512821 , 0.000000 , 2.697889
0.512821 , 0.025641 , 2.692946
0.512821 , 0.051282 , 2.677702
0.512821 , 0.076923 , 2.654511
0.512821 , 0.102564 , 2.623562
0.512821 , 0.128205 , 2.583603
0.512821 , 0.153846 , 2.536087
0.512821 , 0.179487 , 2.480494
0.512821 , 0.205128 , 2.417165
0.512821 , 0.230769 , 2.346854
0.512821 , 0.256410 , 2.269538
0.512821 , 0.282051 , 2.185236
0.512821 , 0.307692 , 2.094762
0.512821 , 0.333333 , 1.998837
0.512821 , 0.358974 , 1.897480
0.512821 , 0.384615 , 1.791239
0.512821 , 0.410256 , 1.681819
0.512821 , 0.435897 , 1.569310
0.512821 , 0.461538 , 1.454328
0.512821 , 0.487179 , 1.338258
0.512821 , 0.512821 , 1.222075
0.512821 , 0.538462 , 1.106606
0.512821 , 0.564103 , 0.991427
0.512821 , 0.589744 , 0.878148
0.512821 , 0.615385 , 0.766715
0.512821 , 0.641026 , 0.658493
0.512821 , 0.666667 , 0.554248
0.512821 , 0.692308 , 0.455636
0.512821 , 0.717949 , 0.361983
0.512821 , 0.743590 , 0.274250
0.512821 , 0.769231 , 0.194142
0.512821 , 0.794872 , 0.121640
0.512821 , 0.820513 , 0.056761
0.512821 , 0.846154 , -0.000468
0.512821 , 0.871795 , -0.049202
0.512821 , 0.897436 , -0.089061
0.512821 , 0.923077 , -0.119995
0.512821 , 0.948718 , -0.141748
0.512821 , 0.974359 , -0.155042
0.512821 , 1.000000 , -0.158926
0.538462 , 0.000000 , 2.836654
0.538462 , 0.025641 , 2.831891
0.538462 , 0.051282 , 2.815451
0.538462 , 0.076923 , 2.790705
0.538462 , 0.102564 , 2.757303
0.538462 , 0.128205 , 2.714351
0.538462 , 0.153846 , 2.663290
0.538462 , 0.179487 , 2.603947
0.538462 , 0.205128 , 2.535802
0.538462 , 0.230769 , 2.459595
0.538462 , 0.256410 , 2.375541
0.538462 , 0.282051 , 2.284450
0.538462 , 0.307692 , 2.186744
0.538462 , 0.333333 , 2.082937
0.538462 , 0.358974 , 1.973636
0.538462 , 0.384615 , 1.858842
0.538462 , 0.410256 , 1.740228
0.538462 , 0.435897 , 1.618241
0.538462 , 0.461538 , 1.493570
0.538462 , 0.487179 , 1.368076
0.538462 , 0.512821 , 1.242751
0.538462 , 0.538462 , 1.118175
0.538462 , 0.564103 , 0.994612
0.538462 , 0.589744 , 0.872452
0.538462 , 0.615385 , 0.752171
0.538462 , 0.641026 , 0.635855
0.538462 , 0.666667 , 0.524113
0.538462 , 0.692308 , 0.418199
0.538462 , 0.717949 , 0.318427
0.538462 , 0.743590 , 0.224318
0.538462 , 0.769231 , 0.138603
0.538462 , 0.794872 , 0.061357
0.538462 , 0.820513 , -0.008053
0.538462 , 0.846154 , -0.069884
0.538462 , 0.871795 , -0.121916
0.538462 , 0.897436 , -0.163432
0.538462 , 0.923077 , -0.196661
0.538462 , 0.948718 , -0.219942
0.538462 , 0.974359 , -0.234483
0.538462 , 1.000000 , -0.239185
0.564103 , 0.000000 , 2.981080
0.564103 , 0.025641 , 2.975178
0.564103 , 0.051282 , 2.958806
0.564103 , 0.076923 , 2.932430
0.564103 , 0.102564 , 2.896645
0.564103 , 0.128205 , 2.850453
0.564103 , 0.153846 , 2.795382
0.564103 , 0.179487 , 2.731304
0.564103 , 0.205128 , 2.658156
0.564103 , 0.230769 , 2.576658
0.564103 , 0.256410 , 2.485546
0.564103 , 0.282051 , 2.386812
0.564103 , 0.307692 , 2.281160
0.564103 , 0.333333 , 2.168974
0.564103 , 0.358974 , 2.050862
0.564103 , 0.384615 , 1.926742
0.564103 , 0.410256 , 1.798175
0.564103 , 0.435897 , 1.665593
0.564103 , 0.461538 , 1.530354
0.564103 , 0.487179 , 1.394268
0.564103 , 0.512821 , 1.258433
0.564103 , 0.538462 , 1.123474
0.564103 , 0.564103 , 0.990027
0.564103 , 0.589744 , 0.858357
0.564103 , 0.615385 , 0.728796
0.564103 , 0.641026 , 0.603160
0.564103 , 0.666667 , 0.483624
0.564103 , 0.692308 , 0.369806
0.564103 , 0.717949 , 0.262730
0.564103 , 0.743590 , 0.162586
0.564103 , 0.769231 , 0.071053
0.564103 , 0.794872 , -0.010477
0.564103 , 0.820513 , -0.083991
0.564103 , 0.846154 , -0.149505
0.564103 , 0.871795 , -0.205223
0.564103 , 0.897436 , -0.249742
0.564103 , 0.923077 , -0.285448
0.564103 , 0.948718 , -0.309996
0.564103 , 0.974359 , -0.325046
0.564103 , 1.000000 , -0.330204
0.589744 , 0.000000 , 3.132136
0.589744 , 0.025641 , 3.125417
0.589744 , 0.051282 , 3.108115
0.589744 , 0.076923 , 3.081032
0.589744 , 0.102564 , 3.042687
0.589744 , 0.128205 , 2.993805
0.589744 , 0.153846 , 2.934787
0.589744 , 0.179487 , 2.865294
0.589744 , 0.205128 , 2.786803
0.589744 , 0.230769 , 2.699498
0.589744 , 0.256410 , 2.601903
0.589744 , 0.282051 , 2.494882
0.589744 , 0.307692 , 2.380011
0.589744 , 0.333333 , 2.257606
0.589744 , 0.358974 , 2.129511
0.589744 , 0.384615 , 1.995049
0.589744 , 0.410256 , 1.855270
0.589744 , 0.435897 , 1.711375
0.589744 , 0.461538 , 1.564929
0.589744 , 0.487179 , 1.416915
0.589744 , 0.512821 , 1.269036
0.589744 , 0.538462 , 1.122623
0.589744 , 0.564103 , 0.977828
0.589744 , 0.589744 , 0.835511
0.589744 , 0.615385 , 0.695554
0.589744 , 0.641026 , 0.559726
0.589744 , 0.666667 , 0.431380
0.589744 , 0.692308 , 0.309677
0.589744 , 0.717949 , 0.194574
0.589744 , 0.743590 , 0.088559
0.589744 , 0.769231 , -0.008954
0.589744 , 0.794872 , -0.095865
0.589744 , 0.820513 , -0.173637
0.589744 , 0.846154 , -0.241884
0.589744 , 0.871795 , -0.300832
0.589744 , 0.897436 , -0.348298
0.589744 , 0.923077 , -0.386207
0.589744 , 0.948718 , -0.412214
0.589744 , 0.974359 , -0.428306
0.589744 , 1.000000 , -0.433636
0.615385 , 0.000000 , 3.290089
0.615385 , 0.025641 , 3.283650
0.615385 , 0.051282 , 3.265314
0.615385 , 0.076923 , 3.236665
0.615385 , 0.102564 , 3.195940
0.615385 , 0.128205 , 3.144362
0.615385 , 0.153846 , 3.081783
0.615385 , 0.179487 , 3.007362
0.615385 , 0.205128 , 2.923139
0.615385 , 0.230769 , 2.829288
0.615385 , 0.256410 , 2.724532
0.615385 , 0.282051 , 2.609315
0.615385 , 0.307692 , 2.484517
0.615385 , 0.333333 , 2.351317
0.615385 , 0.358974 , 2.211595
0.615385 , 0.384615 , 2.065048
0.615385 , 0.410256 , 1.913557
0.615385 , 0.435897 , 1.757042
0.615385 , 0.461538 , 1.597444
0.615385 , 0.487179 , 1.436664
0.615385 , 0.512821 , 1.275277
0.615385 , 0.538462 , 1.115376
0.615385 , 0.564103 , 0.957498
0.615385 , 0.589744 , 0.803108
0.615385 , 0.615385 , 0.652116
0.615385 , 0.641026 , 0.505736
0.615385 , 0.666667 , 0.367626
0.615385 , 0.692308 , 0.237244
0.615385 , 0.717949 , 0.114271
0.615385 , 0.743590 , 0.001517
0.615385 , 0.769231 , -0.101735
0.615385 , 0.794872 , -0.194166
0.615385 , 0.820513 , -0.277217
0.615385 , 0.846154 , -0.349419
0.615385 , 0.871795 , -0.411010
0.615385 , 0.897436 , -0.461082
0.615385 , 0.923077 , -0.501082
0.615385 , 0.948718 , -0.528774
0.615385 , 0.974359 , -0.545419
0.615385 , 1.000000 , -0.551658
0.641026 , 0.000000 , 3.456881
0.641026 , 0.025641 , 3.450032
0.641026 , 0.051282 , 3.430918
0.641026 , 0.076923 , 3.400372
0.641026 , 0.102564 , 3.357957
0.641026 , 0.128205 , 3.303483
0.641026 , 0.153846 , 3.237715
0.641026 , 0.179487 , 3.159141
0.641026 , 0.205128 , 3.069335
0.641026 , 0.230769 , 2.967912
0.641026 , 0.256410 , 2.854803
0.641026 , 0.282051 , 2.730852
0.641026 , 0.307692 , 2.596086
0.641026 , 0.333333 , 2.451659
0.641026 , 0.358974 , 2.299476
0.641026 , 0.384615 , 2.139758
0.641026 , 0.410256 , 1.974501
0.641026 , 0.435897 , 1.803762
0.641026 , 0.461538 , 1.629909
0.641026 , 0.487179 , 1.453892
0.641026 , 0.512821 , 1.277193
0.641026 , 0.538462 , 1.102012
0.641026 , 0.564103 , 0.929867
0.641026 , 0.589744 , 0.761773
0.641026 , 0.615385 , 0.598344
0.641026 , 0.641026 , 0.440748
0.641026 , 0.666667 , 0.292063
0.641026 , 0.692308 , 0.151437
0.641026 , 0.717949 , 0.020326
0.641026 , 0.743590 , -0.099925
0.641026 , 0.769231 , -0.209743
0.641026 , 0.794872 , -0.307900
0.641026 , 0.820513 , -0.395603
0.641026 , 0.846154 , -0.471237
0.641026 , 0.871795 , -0.535437
0.641026 , 0.897436 , -0.588579
0.641026 , 0.923077 , -0.630375
0.641026 , 0.948718 , -0.659691
0.641026 , 0.974359 , -0.676308
0.641026 , 1.000000 , -0.682237
0.666667 , 0.000000 , 3.631923
0.666667 , 0.025641 , 3.625301
0.666667 , 0.051282 , 3.605651
0.666667 , 0.076923 , 3.573621
0.666667 , 0.102564 , 3.529751
0.666667 , 0.128205 , 3.472304
0.666667 , 0.153846 , 3.403825
0.666667 , 0.179487 , 3.321762
0.666667 , 0.205128 , 3.225989
0.666667 , 0.230769 , 3.117440
0.666667 , 0.256410 , 2.995569
0.666667 , 0.282051 , 2.862143
0.666667 , 0.307692 , 2.716254
0.666667 , 0.333333 , 2.559920
0.666667 , 0.358974 , 2.394227
0.666667 , 0.384615 , 2.221006
0.666667 , 0.410256 , 2.040870
0.666667 , 0.435897 , 1.853893
0.666667 , 0.461538 , 1.663113
0.666667 , 0.487179 , 1.470315
0.666667 , 0.512821 , 1.276041
0.666667 , 0.538462 , 1.083510
0.666667 , 0.564103 , 0.895467
0.666667 , 0.589744 , 0.712127
0.666667 , 0.615385 , 0.534517
0.666667 , 0.641026 , 0.363484
0.666667 , 0.666667 , 0.202757
0.666667 , 0.692308 , 0.051397
0.666667 , 0.717949 , -0.089069
0.666667 , 0.743590 , -0.216985
0.666667 , 0.769231 , -0.332843
0.666667 , 0.794872 , -0.437003
0.666667 , 0.820513 , -0.528680
0.666667 , 0.846154 , -0.607747
0.666667 , 0.871795 , -0.674270
0.666667 , 0.897436 , -0.729717
0.666667 , 0.923077 , -0.772632
0.666667 , 0.948718 , -0.803122
0.666667 , 0.974359 , -0.821200
0.666667 , 1.000000 , -0.826827
0.692308 , 0.000000 , 3.816915
0.692308 , 0.025641 , 3.809965
0.692308 , 0.051282 , 3.790715
0.692308 , 0.076923 , 3.757705
0.692308 , 0.102564 , 3.712157
0.692308 , 0.128205 , 3.652819
0.692308 , 0.153846 , 3.580878
0.692308 , 0.179487 , 3.495338
0.692308 , 0.205128 , 3.395360
0.692308 , 0.230769 , 3.279266
0.692308 , 0.256410 , 3.148754
0.692308 , 0.282051 , 3.004165
0.692308 , 0.307692 , 2.846699
0.692308 , 0.333333 , 2.677538
0.692308 , 0.358974 , 2.497707
0.692308 , 0.384615 , 2.308500
0.692308 , 0.410256 , 2.111518
0.692308 , 0.435897 , 1.907522
0.692308 , 0.461538 , 1.697446
0.692308 , 0.487179 , 1.485255
0.692308 , 0.512821 , 1.272015
0.692308 , 0.538462 , 1.060815
0.692308 , 0.564103 , 0.853894
0.692308 , 0.589744 , 0.653378
0.692308 , 0.615385 , 0.459784
0.692308 , 0.641026 , 0.274185
0.692308 , 0.666667 , 0.099880
0.692308 , 0.692308 , -0.063790
0.692308 , 0.717949 , -0.214587
0.692308 , 0.743590 , -0.350898
0.692308 , 0.769231 , -0.473741
0.692308 , 0.794872 , -0.583353
0.692308 , 0.820513 , -0.678739
0.692308 , 0.846154 , -0.760686
0.692308 , 0.871795 , -0.829645
0.692308 , 0.897436 , -0.886391
0.692308 , 0.923077 , -0.929912
0.692308 , 0.948718 , -0.961332
0.692308 , 0.974359 , -0.980434
0.692308 , 1.000000 , -0.986733
0.717949 , 0.000000 , 4.012766
0.717949 , 0.025641 , 4.005971
0.717949 , 0.051282 , 3.986695
0.717949 , 0.076923 , 3.953415
0.717949 , 0.102564 , 3.906953
0.717949 , 0.128205 , 3.846495
0.717949 , 0.153846 , 3.771513
0.717949 , 0.179487 , 3.681802
0.717949 , 0.205128 , 3.577051
0.717949 , 0.230769 , 3.455483
0.717949 , 0.256410 , 3.316215
0.717949 , 0.282051 , 3.160612
0.717949 , 0.307692 , 2.990428
0.717949 , 0.333333 , 2.807046
0.717949 , 0.358974 , 2.611910
0.717949 , 0.384615 , 2.404869
0.717949 , 0.410256 , 2.188590
0.717949 , 0.435897 , 1.964182
0.717949 , 0.461538 , 1.733232
0.717949 , 0.487179 , 1.499600
0.717949 , 0.512821 , 1.264989
0.717949 , 0.538462 , 1.032725
0.717949 , 0.564103 , 0.805361
0.717949 , 0.589744 , 0.585112
0.717949 , 0.615385 , 0.373400
0.717949 , 0.641026 , 0.170926
0.717949 , 0.666667 , -0.018750
0.717949 , 0.692308 , -0.195131
0.717949 , 0.717949 , -0.357248
0.717949 , 0.743590 , -0.503365
0.717949 , 0.769231 , -0.633491
0.717949 , 0.794872 , -0.748462
0.717949 , 0.820513 , -0.848002
0.717949 , 0.846154 , -0.932419
0.717949 , 0.871795 , -1.003274
0.717949 , 0.897436 , -1.060034
0.717949 , 0.923077 , -1.103490
0.717949 , 0.948718 , -1.134934
0.717949 , 0.974359 , -1.154426
0.717949 , 1.000000 , -1.160764
0.743590 , 0.000000 , 4.219493
0.743590 , 0.025641 , 4.213019
0.743590 , 0.051282 , 4.194047
0.743590 , 0.076923 , 4.161557
0.743590 , 0.102564 , 4.115008
0.743590 , 0.128205 , 4.054161
0.743590 , 0.153846 , 3.977457
0.743590 , 0.179487 , 3.884592
0.743590 , 0.205128 , 3.774971
0.743590 , 0.230769 , 3.646001
0.743590 , 0.256410 , 3.498176
0.743590 , 0.282051 , 3.332135
0.743590 , 0.307692 , 3.149213
0.743590 , 0.333333 , 2.951213
0.743590 , 0.358974 , 2.739349
0.743590 , 0.384615 , 2.512940
0.743590 , 0.410256 , 2.275012
0.743590 , 0.435897 , 2.026908
0.743590 , 0.461538 , 1.772014
0.743590 , 0.487179 , 1.513607
0.743590 , 0.512821 , 1.254486
0.743590 , 0.538462 , 0.998680
0.743590 , 0.564103 , 0.748486
0.743590 , 0.589744 , 0.506307
0.743590 , 0.615385 , 0.273887
0.743590 , 0.641026 , 0.053355
0.743590 , 0.666667 , -0.153034
0.743590 , 0.692308 , -0.343912
0.743590 , 0.717949 , -0.518447
0.743590 , 0.743590 , -0.675524
0.743590 , 0.769231 , -0.813375
0.743590 , 0.794872 , -0.933157
0.743590 , 0.820513 , -1.036123
0.743590 , 0.846154 , -1.122934
0.743590 , 0.871795 , -1.194259
0.743590 , 0.897436 , -1.250751
0.743590 , 0.923077 , -1.293917
0.743590 , 0.948718 , -1.324843
0.743590 , 0.974359 , -1.343317
0.743590 , 1.000000 , -1.349670
0.769231 , 0.000000 , 4.437704
0.769231 , 0.025641 , 4.431295
0.769231 , 0.051282 , 4.413412
0.769231 , 0.076923 , 4.382066
0.769231 , 0.102564 , 4.337352
0.769231 , 0.128205 , 4.277479
0.769231 , 0.153846 , 4.200302
0.769231 , 0.179487 , 4.104815
0.769231 , 0.205128 , 3.991563
0.769231 , 0.230769 , 3.855673
0.769231 , 0.256410 , 3.699029
0.769231 , 0.282051 , 3.522474
0.769231 , 0.307692 , 3.325791
0.769231 , 0.333333 , 3.111754
0.769231 , 0.358974 , 2.881454
0.769231 , 0.384615 , 2.633990
0.769231 , 0.410256 , 2.371990
0.769231 , 0.435897 , 2.097652
0.769231 , 0.461538 , 1.815022
0.769231 , 0.487179 , 1.529231
0.769231 , 0.512821 , 1.242410
0.769231 , 0.538462 , 0.959025
0.769231 , 0.564103 , 0.682273
0.769231 , 0.589744 , 0.415140
0.769231 , 0.615385 , 0.159475
0.769231 , 0.641026 , -0.082046
0.769231 , 0.666667 , -0.307391
0.769231 , 0.692308 , -0.513842
0.769231 , 0.717949 , -0.701949
0.769231 , 0.743590 , -0.869602
0.769231 , 0.769231 , -1.015567
0.769231 , 0.794872 , -1.140317
0.769231 , 0.820513 , -1.245197
0.769231 , 0.846154 , -1.331759
0.769231 , 0.871795 , -1.402471
0.769231 , 0.897436 , -1.457567
0.769231 , 0.923077 , -1.499744
0.769231 , 0.948718 , -1.529700
0.769231 , 0.974359 , -1.547001
0.769231 , 1.000000 , -1.553075
0.794872 , 0.000000 , 4.666513
0.794872 , 0.025641 , 4.660739
0.794872 , 0.051282 , 4.644152
0.794872 , 0.076923 , 4.616241
0.794872 , 0.102564 , 4.573837
0.794872 , 0.128205 , 4.516798
0.794872 , 0.153846 , 4.441362
0.794872 , 0.179487 , 4.344720
0.794872 , 0.205128 , 4.228048
0.794872 , 0.230769 , 4.087410
0.794872 , 0.256410 , 3.922984
0.794872 , 0.282051 , 3.736071
0.794872 , 0.307692 , 3.525441
0.794872 , 0.333333 , 3.291720
0.794872 , 0.358974 , 3.039255
0.794872 , 0.384615 , 2.767631
0.794872 , 0.410256 , 2.478857
0.794872 , 0.435897 , 2.176074
0.794872 , 0.461538 , 1.863310
0.794872 , 0.487179 , 1.546779
0.794872 , 0.512821 , 1.229006
0.794872 , 0.538462 , 0.914129
0.794872 , 0.564103 , 0.607157
0.794872 , 0.589744 , 0.310997
0.794872 , 0.615385 , 0.029253
0.794872 , 0.641026 , -0.235822
0.794872 , 0.666667 , -0.482048
0.794872 , 0.692308 , -0.706627
0.794872 , 0.717949 , -0.909474
0.794872 , 0.743590 , -1.087676
0.794872 , 0.769231 , -1.240827
0.794872 , 0.794872 , -1.369551
0.794872 , 0.820513 , -1.476220
0.794872 , 0.846154 , -1.562332
0.794872 , 0.871795 , -1.630919
0.794872 , 0.897436 , -1.683192
0.794872 , 0.923077 , -1.721846
0.794872 , 0.948718 , -1.749107
0.794872 , 0.974359 , -1.764423
0.794872 , 1.000000 , -1.769579
0.820513 , 0.000000 , 4.904913
0.820513 , 0.025641 , 4.900698
0.820513 , 0.051282 , 4.887254
0.820513 , 0.076923 , 4.864038
0.820513 , 0.102564 , 4.826903
0.820513 , 0.128205 , 4.773837
0.820513 , 0.153846 , 4.702445
0.820513 , 0.179487 , 4.607875
0.820513 , 0.205128 , 4.489398
0.820513 , 0.230769 , 4.344967
0.820513 , 0.256410 , 4.173155
0.820513 , 0.282051 , 3.974551
0.820513 , 0.307692 , 3.748495
0.820513 , 0.333333 , 3.494771
0.820513 , 0.358974 , 3.217356
0.820513 , 0.384615 , 2.918147
0.820513 , 0.410256 , 2.598617
0.820513 , 0.435897 , 2.263405
0.820513 , 0.461538 , 1.917482
0.820513 , 0.487179 , 1.566004
0.820513 , 0.512821 , 1.212584
0.820513 , 0.538462 , 0.862227
0.820513 , 0.564103 , 0.520805
0.820513 , 0.589744 , 0.192237
0.820513 , 0.615385 , -0.119524
0.820513 , 0.641026 , -0.411307
0.820513 , 0.666667 , -0.680560
0.820513 , 0.692308 , -0.925421
0.820513 , 0.717949 , -1.143296
0.820513 , 0.743590 , -1.332080
0.820513 , 0.769231 , -1.491728
0.820513 , 0.794872 , -1.624119
0.820513 , 0.820513 , -1.731550
0.820513 , 0.846154 , -1.816379
0.820513 , 0.871795 , -1.880551
0.820513 , 0.897436 , -1.927545
0.820513 , 0.923077 , -1.960933
0.820513 , 0.948718 , -1.983026
0.820513 , 0.974359 , -1.995455
0.820513 , 1.000000 , -1.999547
0.846154 , 0.000000 , 5.151502
0.846154 , 0.025641 , 5.149037
0.846154 , 0.051282 , 5.141154
0.846154 , 0.076923 , 5.124533
0.846154 , 0.102564 , 5.095624
0.846154 , 0.128205 , 5.050552
0.846154 , 0.153846 , 4.985649
0.846154 , 0.179487 , 4.895835
0.846154 , 0.205128 , 4.778880
0.846154 , 0.230769 , 4.631095
0.846154 , 0.256410 , 4.451470
0.846154 , 0.282051 , 4.240298
0.846154 , 0.307692 , 3.997346
0.846154 , 0.333333 , 3.721906
0.846154 , 0.358974 , 3.418415
0.846154 , 0.384615 , 3.088828
0.846154 , 0.410256 , 2.735232
0.846154 , 0.435897 , 2.363194
0.846154 , 0.461538 , 1.978728
0.846154 , 0.487179 , 1.586782
0.846154 , 0.512821 , 1.192522
0.846154 , 0.538462 , 0.802280
0.846154 , 0.564103 , 0.422154
0.846154 , 0.589744 , 0.057175
0.846154 , 0.615385 , -0.288226
0.846154 , 0.641026 , -0.610069
0.846154 , 0.666667 , -0.905654
0.846154 , 0.692308 , -1.172550
0.846154 , 0.717949 , -1.408167
0.846154 , 0.743590 , -1.608881
0.846154 , 0.769231 , -1.774974
0.846154 , 0.794872 , -1.909706
0.846154 , 0.820513 , -2.015755
0.846154 , 0.846154 , -2.094945
0.846154 , 0.871795 , -2.152444
0.846154 , 0.897436 , -2.191152
0.846154 , 0.923077 , -2.216034
0.846154 , 0.948718 , -2.230237
0.846154 , 0.974359 , -2.237949
0.846154 , 1.000000 , -2.240617
0.871795 , 0.000000 , 5.402861
0.871795 , 0.025641 , 5.402923
0.871795 , 0.051282 , 5.402595
0.871795 , 0.076923 , 5.396951
0.871795 , 0.102564 , 5.380259
0.871795 , 0.128205 , 5.347478
0.871795 , 0.153846 , 5.293450
0.871795 , 0.179487 , 5.212072
0.871795 , 0.205128 , 5.098751
0.871795 , 0.230769 , 4.950307
0.871795 , 0.256410 , 4.764660
0.871795 , 0.282051 , 4.540367
0.871795 , 0.307692 , 4.279179
0.871795 , 0.333333 , 3.980650
0.871795 , 0.358974 , 3.647607
0.871795 , 0.384615 , 3.284009
0.871795 , 0.410256 , 2.891293
0.871795 , 0.435897 , 2.476863
0.871795 , 0.461538 , 2.047985
0.871795 , 0.487179 , 1.610051
0.871795 , 0.512821 , 1.169454
0.871795 , 0.538462 , 0.733175
0.871795 , 0.564103 , 0.308764
0.871795 , 0.589744 , -0.098652
0.871795 , 0.615385 , -0.482097
0.871795 , 0.641026 , -0.838720
0.871795 , 0.666667 , -1.163417
0.871795 , 0.692308 , -1.453643
0.871795 , 0.717949 , -1.706890
0.871795 , 0.743590 , -1.919813
0.871795 , 0.769231 , -2.092670
0.871795 , 0.794872 , -2.228796
0.871795 , 0.820513 , -2.331140
0.871795 , 0.846154 , -2.401394
0.871795 , 0.871795 , -2.446775
0.871795 , 0.897436 , -2.472739
0.871795 , 0.923077 , -2.484642
0.871795 , 0.948718 , -2.488033
0.871795 , 0.974359 , -2.488346
0.871795 , 1.000000 , -2.488314
0.897436 , 0.000000 , 5.654913
0.897436 , 0.025641 , 5.658905
0.897436 , 0.051282 , 5.669382
0.897436 , 0.076923 , 5.680065
0.897436 , 0.102564 , 5.682111
0.897436 , 0.128205 , 5.667587
0.897436 , 0.153846 , 5.629871
0.897436 , 0.179487 , 5.561141
0.897436 , 0.205128 , 5.454932
0.897436 , 0.230769 , 5.307711
0.897436 , 0.256410 , 5.117003
0.897436 , 0.282051 , 4.880590
0.897436 , 0.307692 , 4.599829
0.897436 , 0.333333 , 4.275347
0.897436 , 0.358974 , 3.908820
0.897436 , 0.384615 , 3.506122
0.897436 , 0.410256 , 3.069856
0.897436 , 0.435897 , 2.607924
0.897436 , 0.461538 , 2.127261
0.897436 , 0.487179 , 1.636732
0.897436 , 0.512821 , 1.143673
0.897436 , 0.538462 , 0.654749
0.897436 , 0.564103 , 0.179090
0.897436 , 0.589744 , -0.276505
0.897436 , 0.615385 , -0.704712
0.897436 , 0.641026 , -1.099709
0.897436 , 0.666667 , -1.457600
0.897436 , 0.692308 , -1.773339
0.897436 , 0.717949 , -2.045275
0.897436 , 0.743590 , -2.270370
0.897436 , 0.769231 , -2.449473
0.897436 , 0.794872 , -2.584188
0.897436 , 0.820513 , -2.678263
0.897436 , 0.846154 , -2.736398
0.897436 , 0.871795 , -2.765163
0.897436 , 0.897436 , -2.772768
0.897436 , 0.923077 , -2.765915
0.897436 , 0.948718 , -2.753142
0.897436 , 0.974359 , -2.742326
0.897436 , 1.000000 , -2.738119
0.923077 , 0.000000 , 5.899831
0.923077 , 0.025641 , 5.910562
0.923077 , 0.051282 , 5.937232
0.923077 , 0.076923 , 5.971129
0.923077 , 0.102564 , 6.000304
0.923077 , 0.128205 , 6.012699
0.923077 , 0.153846 , 5.998485
0.923077 , 0.179487 , 5.947989
0.923077 , 0.205128 , 5.853801
0.923077 , 0.230769 , 5.711071
0.923077 , 0.256410 , 5.516486
0.923077 , 0.282051 , 5.267815
0.923077 , 0.307692 , 4.966056
0.923077 , 0.333333 , 4.611928
0.923077 , 0.358974 , 4.208068
0.923077 , 0.384615 , 3.760261
0.923077 , 0.410256 , 3.274278
0.923077 , 0.435897 , 2.757893
0.923077 , 0.461538 , 2.219354
0.923077 , 0.487179 , 1.667906
0.923077 , 0.512821 , 1.113803
0.923077 , 0.538462 , 0.564854
0.923077 , 0.564103 , 0.030230
0.923077 , 0.589744 , -0.480725
0.923077 , 0.615385 , -0.959794
0.923077 , 0.641026 , -1.399285
0.923077 , 0.666667 , -1.794063
0.923077 , 0.692308 , -2.139234
0.923077 , 0.717949 , -2.431549
0.923077 , 0.743590 , -2.669295
0.923077 , 0.769231 , -2.851293
0.923077 , 0.794872 , -2.981434
0.923077 , 0.820513 , -3.063513
0.923077 , 0.846154 , -3.103098
0.923077 , 0.871795 , -3.109100
0.923077 , 0.897436 , -3.090531
0.923077 , 0.923077 , -3.056712
0.923077 , 0.948718 , -3.020492
0.923077 , 0.974359 , -2.992786
0.923077 , 1.000000 , -2.982195
0.948718 , 0.000000 , 6.125374
0.948718 , 0.025641 , 6.145904
0.948718 , 0.051282 , 6.198302
0.948718 , 0.076923 , 6.267264
0.948718 , 0.102564 , 6.334494
0.948718 , 0.128205 , 6.384126
0.948718 , 0.153846 , 6.402998
0.948718 , 0.179487 , 6.378316
0.948718 , 0.205128 , 6.302218
0.948718 , 0.230769 , 6.167975
0.948718 , 0.256410 , 5.971429
0.948718 , 0.282051 , 5.710358
0.948718 , 0.307692 , 5.385697
0.948718 , 0.333333 , 4.998177
0.948718 , 0.358974 , 4.552338
0.948718 , 0.384615 , 4.054389
0.948718 , 0.410256 , 3.511315
0.948718 , 0.435897 , 2.932066
0.948718 , 0.461538 , 2.326273
0.948718 , 0.487179 , 1.704486
0.948718 , 0.512821 , 1.078626
0.948718 , 0.538462 , 0.459620
0.948718 , 0.564103 , -0.142445
0.948718 , 0.589744 , -0.716727
0.948718 , 0.615385 , -1.253635
0.948718 , 0.641026 , -1.743629
0.948718 , 0.666667 , -2.180378
0.948718 , 0.692308 , -2.558537
0.948718 , 0.717949 , -2.873419
0.948718 , 0.743590 , -3.122996
0.948718 , 0.769231 , -3.307560
0.948718 , 0.794872 , -3.429088
0.948718 , 0.820513 , -3.493599
0.948718 , 0.846154 , -3.507533
0.948718 , 0.871795 , -3.480699
0.948718 , 0.897436 , -3.425011
0.948718 , 0.923077 , -3.354056
0.948718 , 0.948718 , -3.282754
0.948718 , 0.974359 , -3.229149
0.948718 , 1.000000 , -3.208267
0.974359 , 0.000000 , 6.311637
0.974359 , 0.025641 , 6.349440
0.974359 , 0.051282 , 6.443448
0.974359 , 0.076923 , 6.564245
0.974359 , 0.102564 , 6.685578
0.974359 , 0.128205 , 6.786071
0.974359 , 0.153846 , 6.848909
0.974359 , 0.179487 , 6.860151
0.974359 , 0.205128 , 6.808498
0.974359 , 0.230769 , 6.687452
0.974359 , 0.256410 , 6.491078
0.974359 , 0.282051 , 6.217896
0.974359 , 0.307692 , 5.867855
0.974359 , 0.333333 , 5.443620
0.974359 , 0.358974 , 4.950276
0.974359 , 0.384615 , 4.394550
0.974359 , 0.410256 , 3.785314
0.974359 , 0.435897 , 3.132640
0.974359 , 0.461538 , 2.449095
0.974359 , 0.487179 , 1.746840
0.974359 , 0.512821 , 1.038402
0.974359 , 0.538462 , 0.337597
0.974359 , 0.564103 , -0.342709
0.974359 , 0.589744 , -0.990225
0.974359 , 0.615385 , -1.593187
0.974359 , 0.641026 , -2.141306
0.974359 , 0.666667 , -2.625661
0.974359 , 0.692308 , -3.040021
0.974359 , 0.717949 , -3.379699
0.974359 , 0.743590 , -3.641306
0.974359 , 0.769231 , -3.825677
0.974359 , 0.794872 , -3.935206
0.974359 , 0.820513 , -3.975605
0.974359 , 0.846154 , -3.954865
0.974359 , 0.871795 , -3.884529
0.974359 , 0.897436 , -3.777739
0.974359 , 0.923077 , -3.652475
0.974359 , 0.948718 , -3.529765
0.974359 , 0.974359 , -3.434189
0.974359 , 1.000000 , -3.395387
1.000000 , 0.000000 , 6.421932
1.000000 , 0.025641 , 6.497572
1.000000 , 0.051282 , 6.662887
1.000000 , 0.076923 , 6.861042
1.000000 , 0.102564 , 7.057581
1.000000 , 0.128205 , 7.225458
1.000000 , 0.153846 , 7.346130
1.000000 , 0.179487 , 7.402940
1.000000 , 0.205128 , 7.384246
1.000000 , 0.230769 , 7.281366
1.000000 , 0.256410 , 7.088144
1.000000 , 0.282051 , 6.802152
1.000000 , 0.307692 , 6.424573
1.000000 , 0.333333 , 5.958466
1.000000 , 0.358974 , 5.410554
1.000000 , 0.384615 , 4.788717
1.000000 , 0.410256 , 4.102842
1.000000 , 0.435897 , 3.366032
1.000000 , 0.461538 , 2.591801
1.000000 , 0.487179 , 1.794965
1.000000 , 0.512821 , 0.990797
1.000000 , 0.538462 , 0.195501
1.000000 , 0.564103 , -0.575563
1.000000 , 0.589744 , -1.307239
1.000000 , 0.615385 , -1.986598
1.000000 , 0.641026 , -2.601146
1.000000 , 0.666667 , -3.140409
1.000000 , 0.692308 , -3.596774
1.000000 , 0.717949 , -3.963622
1.000000 , 0.743590 , -4.237722
1.000000 , 0.769231 , -4.419363
1.000000 , 0.794872 , -4.511089
1.000000 , 0.820513 , -4.519210
1.000000 , 0.846154 , -4.453033
1.000000 , 0.871795 , -4.324688
1.000000 , 0.897436 , -4.150680
1.000000 , 0.923077 , -3.950447
1.000000 , 0.948718 , -3.749864
1.000000 , 0.974359 , -3.582859
1.000000 , 1.000000 , -3.506462
