0.000000 , 0.000000 , -0.749524
0.000000 , 0.025641 , -0.749524
0.000000 , 0.051282 , -0.749524
0.000000 , 0.076923 , -0.749524
0.000000 , 0.102564 , -0.749524
0.000000 , 0.128205 , -0.749524
0.000000 , 0.153846 , -0.749524
0.000000 , 0.179487 , -0.749524
0.000000 , 0.205128 , -0.749524
0.000000 , 0.230769 , -0.749524
0.000000 , 0.256410 , -0.749524
0.000000 , 0.282051 , -0.749524
0.000000 , 0.307692 , -0.749524
0.000000 , 0.333333 , -0.749524
0.000000 , 0.358974 , -0.749524
0.000000 , 0.384615 , -0.749524
0.000000 , 0.410256 , -0.749524
0.000000 , 0.435897 , -0.749524
0.000000 , 0.461538 , -0.749524
0.000000 , 0.487179 , -0.749524
0.000000 , 0.512821 , -0.749524
0.000000 , 0.538462 , -0.749524
0.000000 , 0.564103 , -0.749524
0.000000 , 0.589744 , -0.749524
0.000000 , 0.615385 , -0.749524
0.000000 , 0.641026 , -0.749524
0.000000 , 0.666667 , -0.749524
0.000000 , 0.692308 , -0.749524
0.000000 , 0.717949 , -0.749524
0.000000 , 0.743590 , -0.749524
0.000000 , 0.769231 , -0.749524
0.000000 , 0.794872 , -0.749524
0.000000 , 0.820513 , -0.749524
0.000000 , 0.846154 , -0.749524
0.000000 , 0.871795 , -0.749524
0.000000 , 0.897436 , -0.749524
0.000000 , 0.923077 , -0.749524
0.000000 , 0.948718 , -0.749524
0.000000 , 0.974359 , -0.749524
0.000000 , 1.000000 , -0.749524
0.025641 , 0.000000 , -0.816763
0.025641 , 0.025641 , -0.816808
0.025641 , 0.051282 , -0.817139
0.025641 , 0.076923 , -0.817752
0.025641 , 0.102564 , -0.818079
0.025641 , 0.128205 , -0.819033
0.025641 , 0.153846 , -0.820774
0.025641 , 0.179487 , -0.822788
0.025641 , 0.205128 , -0.825668
0.025641 , 0.230769 , -0.828531
0.025641 , 0.256410 , -0.832150
0.025641 , 0.282051 , -0.835942
0.025641 , 0.307692 , -0.840641
0.025641 , 0.333333 , -0.845935
0.025641 , 0.358974 , -0.852161
0.025641 , 0.384615 , -0.858070
0.025641 , 0.410256 , -0.863649
0.025641 , 0.435897 , -0.869106
0.025641 , 0.461538 , -0.875349
0.025641 , 0.487179 , -0.881037
0.025641 , 0.512821 , -0.886721
0.025641 , 0.538462 , -0.891926
0.025641 , 0.564103 , -0.897494
0.025641 , 0.589744 , -0.903233
0.025641 , 0.615385 , -0.908538
0.025641 , 0.641026 , -0.913365
0.025641 , 0.666667 , -0.918174
0.025641 , 0.692308 , -0.922554
0.025641 , 0.717949 , -0.926158
0.025641 , 0.743590 , -0.929798
0.025641 , 0.769231 , -0.933172
0.025641 , 0.794872 , -0.935488
0.025641 , 0.820513 , -0.938047
0.025641 , 0.846154 , -0.940301
0.025641 , 0.871795 , -0.942275
0.025641 , 0.897436 , -0.943507
0.025641 , 0.923077 , -0.944822
0.025641 , 0.948718 , -0.945465
0.025641 , 0.974359 , -0.945962
0.025641 , 1.000000 , -0.946070
0.051282 , 0.000000 , -0.871781
0.051282 , 0.025641 , -0.871038
0.051282 , 0.051282 , -0.871334
0.051282 , 0.076923 , -0.872330
0.051282 , 0.102564 , -0.873321
0.051282 , 0.128205 , -0.875194
0.051282 , 0.153846 , -0.878290
0.051282 , 0.179487 , -0.882399
0.051282 , 0.205128 , -0.887570
0.051282 , 0.230769 , -0.893864
0.051282 , 0.256410 , -0.900679
0.051282 , 0.282051 , -0.908561
0.051282 , 0.307692 , -0.917825
0.051282 , 0.333333 , -0.928260
0.051282 , 0.358974 , -0.939597
0.051282 , 0.384615 , -0.951239
0.051282 , 0.410256 , -0.962174
0.051282 , 0.435897 , -0.973943
0.051282 , 0.461538 , -0.985827
0.051282 , 0.487179 , -0.997437
0.051282 , 0.512821 , -1.008061
0.051282 , 0.538462 , -1.018854
0.051282 , 0.564103 , -1.029966
0.051282 , 0.589744 , -1.041269
0.051282 , 0.615385 , -1.051858
0.051282 , 0.641026 , -1.061597
0.051282 , 0.666667 , -1.071033
0.051282 , 0.692308 , -1.079588
0.051282 , 0.717949 , -1.087361
0.051282 , 0.743590 , -1.094359
0.051282 , 0.769231 , -1.100845
0.051282 , 0.794872 , -1.106110
0.051282 , 0.820513 , -1.111452
0.051282 , 0.846154 , -1.115715
0.051282 , 0.871795 , -1.119172
0.051282 , 0.897436 , -1.122592
0.051282 , 0.923077 , -1.125141
0.051282 , 0.948718 , -1.126438
0.051282 , 0.974359 , -1.127029
0.051282 , 1.000000 , -1.127281
0.076923 , 0.000000 , -0.912769
0.076923 , 0.025641 , -0.913211
0.076923 , 0.051282 , -0.913073
0.076923 , 0.076923 , -0.914534
0.076923 , 0.102564 , -0.916787
0.076923 , 0.128205 , -0.920277
0.076923 , 0.153846 , -0.924350
0.076923 , 0.179487 , -0.929654
0.076923 , 0.205128 , -0.937060
0.076923 , 0.230769 , -0.945954
0.076923 , 0.256410 , -0.956502
0.076923 , 0.282051 , -0.968540
0.076923 , 0.307692 , -0.982139
0.076923 , 0.333333 , -0.997404
0.076923 , 0.358974 , -1.013606
0.076923 , 0.384615 , -1.030603
0.076923 , 0.410256 , -1.047100
0.076923 , 0.435897 , -1.064544
0.076923 , 0.461538 , -1.082137
0.076923 , 0.487179 , -1.098683
0.076923 , 0.512821 , -1.115464
0.076923 , 0.538462 , -1.132008
0.076923 , 0.564103 , -1.148992
0.076923 , 0.589744 , -1.165456
0.076923 , 0.615385 , -1.181201
0.076923 , 0.641026 , -1.196100
0.076923 , 0.666667 , -1.209664
0.076923 , 0.692308 , -1.222420
0.076923 , 0.717949 , -1.234164
0.076923 , 0.743590 , -1.245202
0.076923 , 0.769231 , -1.254529
0.076923 , 0.794872 , -1.262709
0.076923 , 0.820513 , -1.270395
0.076923 , 0.846154 , -1.277011
0.076923 , 0.871795 , -1.282148
0.076923 , 0.897436 , -1.286736
0.076923 , 0.923077 , -1.290451
0.076923 , 0.948718 , -1.292960
0.076923 , 0.974359 , -1.293587
0.076923 , 1.000000 , -1.293414
0.102564 , 0.000000 , -0.941180
0.102564 , 0.025641 , -0.942217
0.102564 , 0.051282 , -0.943474
0.102564 , 0.076923 , -0.945169
0.102564 , 0.102564 , -0.948716
0.102564 , 0.128205 , -0.953791
0.102564 , 0.153846 , -0.959277
0.102564 , 0.179487 , -0.965792
0.102564 , 0.205128 , -0.975188
0.102564 , 0.230769 , -0.986906
0.102564 , 0.256410 , -1.000633
0.102564 , 0.282051 , -1.016794
0.102564 , 0.307692 , -1.034785
0.102564 , 0.333333 , -1.053834
0.102564 , 0.358974 , -1.074466
0.102564 , 0.384615 , -1.096633
0.102564 , 0.410256 , -1.119580
0.102564 , 0.435897 , -1.142285
0.102564 , 0.461538 , -1.165968
0.102564 , 0.487179 , -1.187822
0.102564 , 0.512821 , -1.210364
0.102564 , 0.538462 , -1.232052
0.102564 , 0.564103 , -1.254435
0.102564 , 0.589744 , -1.276460
0.102564 , 0.615385 , -1.297688
0.102564 , 0.641026 , -1.317663
0.102564 , 0.666667 , -1.335937
0.102564 , 0.692308 , -1.352477
0.102564 , 0.717949 , -1.367638
0.102564 , 0.743590 , -1.382112
0.102564 , 0.769231 , -1.395270
0.102564 , 0.794872 , -1.406441
0.102564 , 0.820513 , -1.416013
0.102564 , 0.846154 , -1.424606
0.102564 , 0.871795 , -1.431432
0.102564 , 0.897436 , -1.437918
0.102564 , 0.923077 , -1.442933
0.102564 , 0.948718 , -1.445511
0.102564 , 0.974359 , -1.446779
0.102564 , 1.000000 , -1.446911
0.128205 , 0.000000 , -0.959077
0.128205 , 0.025641 , -0.960336
0.128205 , 0.051282 , -0.962724
0.128205 , 0.076923 , -0.965471
0.128205 , 0.102564 , -0.969333
0.128205 , 0.128205 , -0.975389
0.128205 , 0.153846 , -0.982474
0.128205 , 0.179487 , -0.990764
0.128205 , 0.205128 , -1.002523
0.128205 , 0.230769 , -1.017334
0.128205 , 0.256410 , -1.034260
0.128205 , 0.282051 , -1.053767
0.128205 , 0.307692 , -1.075213
0.128205 , 0.333333 , -1.098877
0.128205 , 0.358974 , -1.123936
0.128205 , 0.384615 , -1.150901
0.128205 , 0.410256 , -1.179872
0.128205 , 0.435897 , -1.207608
0.128205 , 0.461538 , -1.236294
0.128205 , 0.487179 , -1.264769
0.128205 , 0.512821 , -1.292822
0.128205 , 0.538462 , -1.319821
0.128205 , 0.564103 , -1.347359
0.128205 , 0.589744 , -1.374324
0.128205 , 0.615385 , -1.400640
0.128205 , 0.641026 , -1.425871
0.128205 , 0.666667 , -1.449168
0.128205 , 0.692308 , -1.469785
0.128205 , 0.717949 , -1.488277
0.128205 , 0.743590 , -1.506264
0.128205 , 0.769231 , -1.523014
0.128205 , 0.794872 , -1.537617
0.128205 , 0.820513 , -1.549529
0.128205 , 0.846154 , -1.560124
0.128205 , 0.871795 , -1.568443
0.128205 , 0.897436 , -1.576240
0.128205 , 0.923077 , -1.582541
0.128205 , 0.948718 , -1.585932
0.128205 , 0.974359 , -1.588020
0.128205 , 1.000000 , -1.588325
0.153846 , 0.000000 , -0.967678
0.153846 , 0.025641 , -0.968635
0.153846 , 0.051282 , -0.971311
0.153846 , 0.076923 , -0.975298
0.153846 , 0.102564 , -0.980478
0.153846 , 0.128205 , -0.987014
0.153846 , 0.153846 , -0.995051
0.153846 , 0.179487 , -1.005714
0.153846 , 0.205128 , -1.020261
0.153846 , 0.230769 , -1.038224
0.153846 , 0.256410 , -1.058594
0.153846 , 0.282051 , -1.081041
0.153846 , 0.307692 , -1.105968
0.153846 , 0.333333 , -1.133330
0.153846 , 0.358974 , -1.163441
0.153846 , 0.384615 , -1.194355
0.153846 , 0.410256 , -1.227438
0.153846 , 0.435897 , -1.260736
0.153846 , 0.461538 , -1.294814
0.153846 , 0.487179 , -1.329942
0.153846 , 0.512821 , -1.364071
0.153846 , 0.538462 , -1.396634
0.153846 , 0.564103 , -1.429401
0.153846 , 0.589744 , -1.461361
0.153846 , 0.615385 , -1.491689
0.153846 , 0.641026 , -1.521135
0.153846 , 0.666667 , -1.549919
0.153846 , 0.692308 , -1.575583
0.153846 , 0.717949 , -1.598547
0.153846 , 0.743590 , -1.619902
0.153846 , 0.769231 , -1.639588
0.153846 , 0.794872 , -1.657413
0.153846 , 0.820513 , -1.672661
0.153846 , 0.846154 , -1.685185
0.153846 , 0.871795 , -1.695246
0.153846 , 0.897436 , -1.703445
0.153846 , 0.923077 , -1.710099
0.153846 , 0.948718 , -1.714944
0.153846 , 0.974359 , -1.717734
0.153846 , 1.000000 , -1.718245
0.179487 , 0.000000 , -0.967738
0.179487 , 0.025641 , -0.968365
0.179487 , 0.051282 , -0.970733
0.179487 , 0.076923 , -0.975087
0.179487 , 0.102564 , -0.981396
0.179487 , 0.128205 , -0.989898
0.179487 , 0.153846 , -0.999584
0.179487 , 0.179487 , -1.012584
0.179487 , 0.205128 , -1.029737
0.179487 , 0.230769 , -1.050480
0.179487 , 0.256410 , -1.074060
0.179487 , 0.282051 , -1.099511
0.179487 , 0.307692 , -1.127676
0.179487 , 0.333333 , -1.157875
0.179487 , 0.358974 , -1.192508
0.179487 , 0.384615 , -1.228190
0.179487 , 0.410256 , -1.265908
0.179487 , 0.435897 , -1.304006
0.179487 , 0.461538 , -1.343277
0.179487 , 0.487179 , -1.384254
0.179487 , 0.512821 , -1.424014
0.179487 , 0.538462 , -1.462387
0.179487 , 0.564103 , -1.500241
0.179487 , 0.589744 , -1.537430
0.179487 , 0.615385 , -1.573125
0.179487 , 0.641026 , -1.607316
0.179487 , 0.666667 , -1.640148
0.179487 , 0.692308 , -1.670516
0.179487 , 0.717949 , -1.698010
0.179487 , 0.743590 , -1.723795
0.179487 , 0.769231 , -1.746986
0.179487 , 0.794872 , -1.767331
0.179487 , 0.820513 , -1.785496
0.179487 , 0.846154 , -1.800106
0.179487 , 0.871795 , -1.810951
0.179487 , 0.897436 , -1.820341
0.179487 , 0.923077 , -1.828676
0.179487 , 0.948718 , -1.834859
0.179487 , 0.974359 , -1.838114
0.179487 , 1.000000 , -1.838616
0.205128 , 0.000000 , -0.958151
0.205128 , 0.025641 , -0.958169
0.205128 , 0.051282 , -0.960829
0.205128 , 0.076923 , -0.965865
0.205128 , 0.102564 , -0.973817
0.205128 , 0.128205 , -0.983915
0.205128 , 0.153846 , -0.995969
0.205128 , 0.179487 , -1.011040
0.205128 , 0.205128 , -1.030087
0.205128 , 0.230769 , -1.053068
0.205128 , 0.256410 , -1.079693
0.205128 , 0.282051 , -1.109013
0.205128 , 0.307692 , -1.140736
0.205128 , 0.333333 , -1.174376
0.205128 , 0.358974 , -1.212772
0.205128 , 0.384615 , -1.253028
0.205128 , 0.410256 , -1.295390
0.205128 , 0.435897 , -1.338493
0.205128 , 0.461538 , -1.382517
0.205128 , 0.487179 , -1.428787
0.205128 , 0.512821 , -1.473940
0.205128 , 0.538462 , -1.518142
0.205128 , 0.564103 , -1.561567
0.205128 , 0.589744 , -1.603614
0.205128 , 0.615385 , -1.645178
0.205128 , 0.641026 , -1.684268
0.205128 , 0.666667 , -1.721563
0.205128 , 0.692308 , -1.755844
0.205128 , 0.717949 , -1.787014
0.205128 , 0.743590 , -1.816783
0.205128 , 0.769231 , -1.844328
0.205128 , 0.794872 , -1.867888
0.205128 , 0.820513 , -1.888666
0.205128 , 0.846154 , -1.905374
0.205128 , 0.871795 , -1.919063
0.205128 , 0.897436 , -1.929550
0.205128 , 0.923077 , -1.938359
0.205128 , 0.948718 , -1.945758
0.205128 , 0.974359 , -1.949355
0.205128 , 1.000000 , -1.950296
0.230769 , 0.000000 , -0.938142
0.230769 , 0.025641 , -0.938224
0.230769 , 0.051282 , -0.940468
0.230769 , 0.076923 , -0.946934
0.230769 , 0.102564 , -0.956387
0.230769 , 0.128205 , -0.968554
0.230769 , 0.153846 , -0.982658
0.230769 , 0.179487 , -1.000259
0.230769 , 0.205128 , -1.021094
0.230769 , 0.230769 , -1.046220
0.230769 , 0.256410 , -1.075822
0.230769 , 0.282051 , -1.108722
0.230769 , 0.307692 , -1.144656
0.230769 , 0.333333 , -1.182695
0.230769 , 0.358974 , -1.224860
0.230769 , 0.384615 , -1.269157
0.230769 , 0.410256 , -1.315875
0.230769 , 0.435897 , -1.364345
0.230769 , 0.461538 , -1.413696
0.230769 , 0.487179 , -1.464568
0.230769 , 0.512821 , -1.514883
0.230769 , 0.538462 , -1.564330
0.230769 , 0.564103 , -1.613552
0.230769 , 0.589744 , -1.661620
0.230769 , 0.615385 , -1.708910
0.230769 , 0.641026 , -1.753219
0.230769 , 0.666667 , -1.794103
0.230769 , 0.692308 , -1.832734
0.230769 , 0.717949 , -1.868085
0.230769 , 0.743590 , -1.901391
0.230769 , 0.769231 , -1.932635
0.230769 , 0.794872 , -1.959665
0.230769 , 0.820513 , -1.982856
0.230769 , 0.846154 , -2.002324
0.230769 , 0.871795 , -2.018308
0.230769 , 0.897436 , -2.031040
0.230769 , 0.923077 , -2.040616
0.230769 , 0.948718 , -2.048192
0.230769 , 0.974359 , -2.052317
0.230769 , 1.000000 , -2.054221
0.256410 , 0.000000 , -0.908097
0.256410 , 0.025641 , -0.908666
0.256410 , 0.051282 , -0.911789
0.256410 , 0.076923 , -0.918679
0.256410 , 0.102564 , -0.929346
0.256410 , 0.128205 , -0.943803
0.256410 , 0.153846 , -0.961028
0.256410 , 0.179487 , -0.980922
0.256410 , 0.205128 , -1.004090
0.256410 , 0.230769 , -1.031400
0.256410 , 0.256410 , -1.064281
0.256410 , 0.282051 , -1.100544
0.256410 , 0.307692 , -1.140220
0.256410 , 0.333333 , -1.182693
0.256410 , 0.358974 , -1.228503
0.256410 , 0.384615 , -1.277686
0.256410 , 0.410256 , -1.328812
0.256410 , 0.435897 , -1.382898
0.256410 , 0.461538 , -1.437332
0.256410 , 0.487179 , -1.492891
0.256410 , 0.512821 , -1.548300
0.256410 , 0.538462 , -1.603823
0.256410 , 0.564103 , -1.658431
0.256410 , 0.589744 , -1.711947
0.256410 , 0.615385 , -1.763880
0.256410 , 0.641026 , -1.813113
0.256410 , 0.666667 , -1.858564
0.256410 , 0.692308 , -1.901319
0.256410 , 0.717949 , -1.941202
0.256410 , 0.743590 , -1.979335
0.256410 , 0.769231 , -2.014347
0.256410 , 0.794872 , -2.044686
0.256410 , 0.820513 , -2.071439
0.256410 , 0.846154 , -2.093841
0.256410 , 0.871795 , -2.111560
0.256410 , 0.897436 , -2.125643
0.256410 , 0.923077 , -2.136589
0.256410 , 0.948718 , -2.144745
0.256410 , 0.974359 , -2.149160
0.256410 , 1.000000 , -2.150656
0.282051 , 0.000000 , -0.868104
0.282051 , 0.025641 , -0.869569
0.282051 , 0.051282 , -0.874123
0.282051 , 0.076923 , -0.881817
0.282051 , 0.102564 , -0.894021
0.282051 , 0.128205 , -0.910731
0.282051 , 0.153846 , -0.931396
0.282051 , 0.179487 , -0.953611
0.282051 , 0.205128 , -0.979247
0.282051 , 0.230769 , -1.009335
0.282051 , 0.256410 , -1.045274
0.282051 , 0.282051 , -1.085447
0.282051 , 0.307692 , -1.128809
0.282051 , 0.333333 , -1.175515
0.282051 , 0.358974 , -1.225926
0.282051 , 0.384615 , -1.279536
0.282051 , 0.410256 , -1.335725
0.282051 , 0.435897 , -1.394553
0.282051 , 0.461538 , -1.453845
0.282051 , 0.487179 , -1.513979
0.282051 , 0.512821 , -1.574430
0.282051 , 0.538462 , -1.635145
0.282051 , 0.564103 , -1.695442
0.282051 , 0.589744 , -1.754504
0.282051 , 0.615385 , -1.811268
0.282051 , 0.641026 , -1.864755
0.282051 , 0.666667 , -1.915133
0.282051 , 0.692308 , -1.963356
0.282051 , 0.717949 , -2.008165
0.282051 , 0.743590 , -2.050763
0.282051 , 0.769231 , -2.089591
0.282051 , 0.794872 , -2.123396
0.282051 , 0.820513 , -2.152592
0.282051 , 0.846154 , -2.178098
0.282051 , 0.871795 , -2.197655
0.282051 , 0.897436 , -2.214343
0.282051 , 0.923077 , -2.226547
0.282051 , 0.948718 , -2.235966
0.282051 , 0.974359 , -2.240744
0.282051 , 1.000000 , -2.242479
0.307692 , 0.000000 , -0.819160
0.307692 , 0.025641 , -0.821425
0.307692 , 0.051282 , -0.827480
0.307692 , 0.076923 , -0.836588
0.307692 , 0.102564 , -0.850565
0.307692 , 0.128205 , -0.869270
0.307692 , 0.153846 , -0.892974
0.307692 , 0.179487 , -0.918273
0.307692 , 0.205128 , -0.946646
0.307692 , 0.230769 , -0.979986
0.307692 , 0.256410 , -1.019503
0.307692 , 0.282051 , -1.063758
0.307692 , 0.307692 , -1.111692
0.307692 , 0.333333 , -1.162030
0.307692 , 0.358974 , -1.217088
0.307692 , 0.384615 , -1.275309
0.307692 , 0.410256 , -1.335844
0.307692 , 0.435897 , -1.398784
0.307692 , 0.461538 , -1.463484
0.307692 , 0.487179 , -1.528690
0.307692 , 0.512821 , -1.594310
0.307692 , 0.538462 , -1.660011
0.307692 , 0.564103 , -1.725843
0.307692 , 0.589744 , -1.790623
0.307692 , 0.615385 , -1.852454
0.307692 , 0.641026 , -1.910685
0.307692 , 0.666667 , -1.966434
0.307692 , 0.692308 , -2.019643
0.307692 , 0.717949 , -2.069247
0.307692 , 0.743590 , -2.115985
0.307692 , 0.769231 , -2.158755
0.307692 , 0.794872 , -2.196340
0.307692 , 0.820513 , -2.228766
0.307692 , 0.846154 , -2.256400
0.307692 , 0.871795 , -2.279091
0.307692 , 0.897436 , -2.297753
0.307692 , 0.923077 , -2.311243
0.307692 , 0.948718 , -2.322223
0.307692 , 0.974359 , -2.328202
0.307692 , 1.000000 , -2.329632
0.333333 , 0.000000 , -0.762525
0.333333 , 0.025641 , -0.764548
0.333333 , 0.051282 , -0.771859
0.333333 , 0.076923 , -0.782926
0.333333 , 0.102564 , -0.798848
0.333333 , 0.128205 , -0.819926
0.333333 , 0.153846 , -0.845431
0.333333 , 0.179487 , -0.874633
0.333333 , 0.205128 , -0.907042
0.333333 , 0.230769 , -0.944491
0.333333 , 0.256410 , -0.987380
0.333333 , 0.282051 , -1.035924
0.333333 , 0.307692 , -1.088021
0.333333 , 0.333333 , -1.142552
0.333333 , 0.358974 , -1.201713
0.333333 , 0.384615 , -1.264326
0.333333 , 0.410256 , -1.329763
0.333333 , 0.435897 , -1.397084
0.333333 , 0.461538 , -1.466936
0.333333 , 0.487179 , -1.537359
0.333333 , 0.512821 , -1.608270
0.333333 , 0.538462 , -1.679457
0.333333 , 0.564103 , -1.750537
0.333333 , 0.589744 , -1.820514
0.333333 , 0.615385 , -1.887912
0.333333 , 0.641026 , -1.951102
0.333333 , 0.666667 , -2.011654
0.333333 , 0.692308 , -2.069418
0.333333 , 0.717949 , -2.124454
0.333333 , 0.743590 , -2.175702
0.333333 , 0.769231 , -2.222452
0.333333 , 0.794872 , -2.263987
0.333333 , 0.820513 , -2.300351
0.333333 , 0.846154 , -2.331048
0.333333 , 0.871795 , -2.356402
0.333333 , 0.897436 , -2.377300
0.333333 , 0.923077 , -2.393143
0.333333 , 0.948718 , -2.404954
0.333333 , 0.974359 , -2.412241
0.333333 , 1.000000 , -2.413548
0.358974 , 0.000000 , -0.698163
0.358974 , 0.025641 , -0.700114
0.358974 , 0.051282 , -0.707689
0.358974 , 0.076923 , -0.721017
0.358974 , 0.102564 , -0.739833
0.358974 , 0.128205 , -0.762844
0.358974 , 0.153846 , -0.791247
0.358974 , 0.179487 , -0.823763
0.358974 , 0.205128 , -0.860330
0.358974 , 0.230769 , -0.901874
0.358974 , 0.256410 , -0.948307
0.358974 , 0.282051 , -1.000120
0.358974 , 0.307692 , -1.056934
0.358974 , 0.333333 , -1.116508
0.358974 , 0.358974 , -1.180334
0.358974 , 0.384615 , -1.247456
0.358974 , 0.410256 , -1.318331
0.358974 , 0.435897 , -1.390806
0.358974 , 0.461538 , -1.465304
0.358974 , 0.487179 , -1.540702
0.358974 , 0.512821 , -1.617161
0.358974 , 0.538462 , -1.693929
0.358974 , 0.564103 , -1.770361
0.358974 , 0.589744 , -1.845756
0.358974 , 0.615385 , -1.918117
0.358974 , 0.641026 , -1.986834
0.358974 , 0.666667 , -2.052282
0.358974 , 0.692308 , -2.115129
0.358974 , 0.717949 , -2.175013
0.358974 , 0.743590 , -2.231146
0.358974 , 0.769231 , -2.282316
0.358974 , 0.794872 , -2.328068
0.358974 , 0.820513 , -2.368457
0.358974 , 0.846154 , -2.403287
0.358974 , 0.871795 , -2.431369
0.358974 , 0.897436 , -2.454560
0.358974 , 0.923077 , -2.472937
0.358974 , 0.948718 , -2.485675
0.358974 , 0.974359 , -2.492687
0.358974 , 1.000000 , -2.494974
0.384615 , 0.000000 , -0.624991
0.384615 , 0.025641 , -0.627117
0.384615 , 0.051282 , -0.635903
0.384615 , 0.076923 , -0.650648
0.384615 , 0.102564 , -0.671754
0.384615 , 0.128205 , -0.697098
0.384615 , 0.153846 , -0.727566
0.384615 , 0.179487 , -0.764244
0.384615 , 0.205128 , -0.804862
0.384615 , 0.230769 , -0.850830
0.384615 , 0.256410 , -0.901671
0.384615 , 0.282051 , -0.957798
0.384615 , 0.307692 , -1.019252
0.384615 , 0.333333 , -1.084365
0.384615 , 0.358974 , -1.153074
0.384615 , 0.384615 , -1.225474
0.384615 , 0.410256 , -1.301617
0.384615 , 0.435897 , -1.379762
0.384615 , 0.461538 , -1.459468
0.384615 , 0.487179 , -1.540077
0.384615 , 0.512821 , -1.621956
0.384615 , 0.538462 , -1.704517
0.384615 , 0.564103 , -1.786441
0.384615 , 0.589744 , -1.867418
0.384615 , 0.615385 , -1.945332
0.384615 , 0.641026 , -2.019642
0.384615 , 0.666667 , -2.090421
0.384615 , 0.692308 , -2.158538
0.384615 , 0.717949 , -2.223395
0.384615 , 0.743590 , -2.284184
0.384615 , 0.769231 , -2.339971
0.384615 , 0.794872 , -2.390189
0.384615 , 0.820513 , -2.434765
0.384615 , 0.846154 , -2.473076
0.384615 , 0.871795 , -2.504123
0.384615 , 0.897436 , -2.529829
0.384615 , 0.923077 , -2.550640
0.384615 , 0.948718 , -2.564621
0.384615 , 0.974359 , -2.572857
0.384615 , 1.000000 , -2.575457
0.410256 , 0.000000 , -0.543426
0.410256 , 0.025641 , -0.546167
0.410256 , 0.051282 , -0.556336
0.410256 , 0.076923 , -0.572687
0.410256 , 0.102564 , -0.595207
0.410256 , 0.128205 , -0.622382
0.410256 , 0.153846 , -0.656331
0.410256 , 0.179487 , -0.695996
0.410256 , 0.205128 , -0.741752
0.410256 , 0.230769 , -0.792660
0.410256 , 0.256410 , -0.848237
0.410256 , 0.282051 , -0.908769
0.410256 , 0.307692 , -0.975273
0.410256 , 0.333333 , -1.046099
0.410256 , 0.358974 , -1.119985
0.410256 , 0.384615 , -1.197984
0.410256 , 0.410256 , -1.279845
0.410256 , 0.435897 , -1.363692
0.410256 , 0.461538 , -1.449292
0.410256 , 0.487179 , -1.536078
0.410256 , 0.512821 , -1.623750
0.410256 , 0.538462 , -1.712170
0.410256 , 0.564103 , -1.799962
0.410256 , 0.589744 , -1.886092
0.410256 , 0.615385 , -1.969958
0.410256 , 0.641026 , -2.050767
0.410256 , 0.666667 , -2.127798
0.410256 , 0.692308 , -2.201149
0.410256 , 0.717949 , -2.271128
0.410256 , 0.743590 , -2.336829
0.410256 , 0.769231 , -2.397056
0.410256 , 0.794872 , -2.451078
0.410256 , 0.820513 , -2.499470
0.410256 , 0.846154 , -2.541894
0.410256 , 0.871795 , -2.577014
0.410256 , 0.897436 , -2.605169
0.410256 , 0.923077 , -2.627220
0.410256 , 0.948718 , -2.642644
0.410256 , 0.974359 , -2.652611
0.410256 , 1.000000 , -2.655911
0.435897 , 0.000000 , -0.453684
0.435897 , 0.025641 , -0.456766
0.435897 , 0.051282 , -0.468233
0.435897 , 0.076923 , -0.486622
0.435897 , 0.102564 , -0.510383
0.435897 , 0.128205 , -0.540266
0.435897 , 0.153846 , -0.577747
0.435897 , 0.179487 , -0.621868
0.435897 , 0.205128 , -0.671623
0.435897 , 0.230769 , -0.727402
0.435897 , 0.256410 , -0.788072
0.435897 , 0.282051 , -0.853424
0.435897 , 0.307692 , -0.924676
0.435897 , 0.333333 , -1.001591
0.435897 , 0.358974 , -1.081899
0.435897 , 0.384615 , -1.165621
0.435897 , 0.410256 , -1.252943
0.435897 , 0.435897 , -1.343402
0.435897 , 0.461538 , -1.435484
0.435897 , 0.487179 , -1.528813
0.435897 , 0.512821 , -1.622967
0.435897 , 0.538462 , -1.717023
0.435897 , 0.564103 , -1.811249
0.435897 , 0.589744 , -1.903400
0.435897 , 0.615385 , -1.993500
0.435897 , 0.641026 , -2.080747
0.435897 , 0.666667 , -2.163817
0.435897 , 0.692308 , -2.243309
0.435897 , 0.717949 , -2.318271
0.435897 , 0.743590 , -2.388492
0.435897 , 0.769231 , -2.453190
0.435897 , 0.794872 , -2.511719
0.435897 , 0.820513 , -2.564225
0.435897 , 0.846154 , -2.610441
0.435897 , 0.871795 , -2.649318
0.435897 , 0.897436 , -2.680440
0.435897 , 0.923077 , -2.704928
0.435897 , 0.948718 , -2.721762
0.435897 , 0.974359 , -2.732542
0.435897 , 1.000000 , -2.736084
0.461538 , 0.000000 , -0.355484
0.461538 , 0.025641 , -0.359268
0.461538 , 0.051282 , -0.371214
0.461538 , 0.076923 , -0.390509
0.461538 , 0.102564 , -0.416717
0.461538 , 0.128205 , -0.449980
0.461538 , 0.153846 , -0.491066
0.461538 , 0.179487 , -0.538934
0.461538 , 0.205128 , -0.593767
0.461538 , 0.230769 , -0.654106
0.461538 , 0.256410 , -0.719970
0.461538 , 0.282051 , -0.791514
0.461538 , 0.307692 , -0.868561
0.461538 , 0.333333 , -0.950777
0.461538 , 0.358974 , -1.037952
0.461538 , 0.384615 , -1.128527
0.461538 , 0.410256 , -1.222194
0.461538 , 0.435897 , -1.319248
0.461538 , 0.461538 , -1.418782
0.461538 , 0.487179 , -1.518609
0.461538 , 0.512821 , -1.619838
0.461538 , 0.538462 , -1.720470
0.461538 , 0.564103 , -1.820742
0.461538 , 0.589744 , -1.920138
0.461538 , 0.615385 , -2.016642
0.461538 , 0.641026 , -2.110381
0.461538 , 0.666667 , -2.200284
0.461538 , 0.692308 , -2.285829
0.461538 , 0.717949 , -2.366262
0.461538 , 0.743590 , -2.441259
0.461538 , 0.769231 , -2.510980
0.461538 , 0.794872 , -2.574357
0.461538 , 0.820513 , -2.631266
0.461538 , 0.846154 , -2.681295
0.461538 , 0.871795 , -2.722856
0.461538 , 0.897436 , -2.756553
0.461538 , 0.923077 , -2.783220
0.461538 , 0.948718 , -2.802597
0.461538 , 0.974359 , -2.814571
0.461538 , 1.000000 , -2.818375
0.487179 , 0.000000 , -0.248725
0.487179 , 0.025641 , -0.253245
0.487179 , 0.051282 , -0.265554
0.487179 , 0.076923 , -0.286069
0.487179 , 0.102564 , -0.314690
0.487179 , 0.128205 , -0.351422
0.487179 , 0.153846 , -0.395973
0.487179 , 0.179487 , -0.447318
0.487179 , 0.205128 , -0.506699
0.487179 , 0.230769 , -0.572841
0.487179 , 0.256410 , -0.644542
0.487179 , 0.282051 , -0.721908
0.487179 , 0.307692 , -0.805440
0.487179 , 0.333333 , -0.894190
0.487179 , 0.358974 , -0.988240
0.487179 , 0.384615 , -1.086064
0.487179 , 0.410256 , -1.187351
0.487179 , 0.435897 , -1.291606
0.487179 , 0.461538 , -1.398531
0.487179 , 0.487179 , -1.506393
0.487179 , 0.512821 , -1.614993
0.487179 , 0.538462 , -1.723059
0.487179 , 0.564103 , -1.830595
0.487179 , 0.589744 , -1.937392
0.487179 , 0.615385 , -2.041148
0.487179 , 0.641026 , -2.141486
0.487179 , 0.666667 , -2.238075
0.487179 , 0.692308 , -2.329625
0.487179 , 0.717949 , -2.416109
0.487179 , 0.743590 , -2.496198
0.487179 , 0.769231 , -2.570995
0.487179 , 0.794872 , -2.639766
0.487179 , 0.820513 , -2.700709
0.487179 , 0.846154 , -2.754386
0.487179 , 0.871795 , -2.799390
0.487179 , 0.897436 , -2.835555
0.487179 , 0.923077 , -2.864488
0.487179 , 0.948718 , -2.885412
0.487179 , 0.974359 , -2.898890
0.487179 , 1.000000 , -2.903305
0.512821 , 0.000000 , -0.131790
0.512821 , 0.025641 , -0.136855
0.512821 , 0.051282 , -0.150305
0.512821 , 0.076923 , -0.172737
0.512821 , 0.102564 , -0.204230
0.512821 , 0.128205 , -0.243664
0.512821 , 0.153846 , -0.291481
0.512821 , 0.179487 , -0.346857
0.512821 , 0.205128 , -0.411172
0.512821 , 0.230769 , -0.482932
0.512821 , 0.256410 , -0.561192
0.512821 , 0.282051 , -0.645213
0.512821 , 0.307692 , -0.735330
0.512821 , 0.333333 , -0.831434
0.512821 , 0.358974 , -0.932726
0.512821 , 0.384615 , -1.038551
0.512821 , 0.410256 , -1.147750
0.512821 , 0.435897 , -1.260036
0.512821 , 0.461538 , -1.374894
0.512821 , 0.487179 , -1.491395
0.512821 , 0.512821 , -1.608254
0.512821 , 0.538462 , -1.725336
0.512821 , 0.564103 , -1.841115
0.512821 , 0.589744 , -1.955628
0.512821 , 0.615385 , -2.067178
0.512821 , 0.641026 , -2.174951
0.512821 , 0.666667 , -2.278345
0.512821 , 0.692308 , -2.376583
0.512821 , 0.717949 , -2.468837
0.512821 , 0.743590 , -2.555038
0.512821 , 0.769231 , -2.635109
0.512821 , 0.794872 , -2.708809
0.512821 , 0.820513 , -2.774504
0.512821 , 0.846154 , -2.831210
0.512821 , 0.871795 , -2.879267
0.512821 , 0.897436 , -2.918399
0.512821 , 0.923077 , -2.949991
0.512821 , 0.948718 , -2.972449
0.512821 , 0.974359 , -2.986560
0.512821 , 1.000000 , -2.991581
0.538462 , 0.000000 , -0.005799
0.538462 , 0.025641 , -0.010717
0.538462 , 0.051282 , -0.025070
0.538462 , 0.076923 , -0.049149
0.538462 , 0.102564 , -0.083091
0.538462 , 0.128205 , -0.125919
0.538462 , 0.153846 , -0.177492
0.538462 , 0.179487 , -0.237721
0.538462 , 0.205128 , -0.306980
0.538462 , 0.230769 , -0.384297
0.538462 , 0.256410 , -0.468667
0.538462 , 0.282051 , -0.559749
0.538462 , 0.307692 , -0.657365
0.538462 , 0.333333 , -0.761363
0.538462 , 0.358974 , -0.870838
0.538462 , 0.384615 , -0.985436
0.538462 , 0.410256 , -1.103751
0.538462 , 0.435897 , -1.225249
0.538462 , 0.461538 , -1.349111
0.538462 , 0.487179 , -1.474131
0.538462 , 0.512821 , -1.600375
0.538462 , 0.538462 , -1.726625
0.538462 , 0.564103 , -1.852702
0.538462 , 0.589744 , -1.975431
0.538462 , 0.615385 , -2.095217
0.538462 , 0.641026 , -2.211114
0.538462 , 0.666667 , -2.322364
0.538462 , 0.692308 , -2.427829
0.538462 , 0.717949 , -2.526463
0.538462 , 0.743590 , -2.618404
0.538462 , 0.769231 , -2.704525
0.538462 , 0.794872 , -2.782620
0.538462 , 0.820513 , -2.853197
0.538462 , 0.846154 , -2.913916
0.538462 , 0.871795 , -2.964213
0.538462 , 0.897436 , -3.006833
0.538462 , 0.923077 , -3.040721
0.538462 , 0.948718 , -3.065604
0.538462 , 0.974359 , -3.080370
0.538462 , 1.000000 , -3.085573
0.564103 , 0.000000 , 0.129189
0.564103 , 0.025641 , 0.124825
0.564103 , 0.051282 , 0.110056
0.564103 , 0.076923 , 0.084718
0.564103 , 0.102564 , 0.048234
0.564103 , 0.128205 , 0.002274
0.564103 , 0.153846 , -0.052936
0.564103 , 0.179487 , -0.118228
0.564103 , 0.205128 , -0.192595
0.564103 , 0.230769 , -0.276077
0.564103 , 0.256410 , -0.367147
0.564103 , 0.282051 , -0.465528
0.564103 , 0.307692 , -0.570643
0.564103 , 0.333333 , -0.683412
0.564103 , 0.358974 , -0.802189
0.564103 , 0.384615 , -0.926110
0.564103 , 0.410256 , -1.055109
0.564103 , 0.435897 , -1.186906
0.564103 , 0.461538 , -1.320980
0.564103 , 0.487179 , -1.456759
0.564103 , 0.512821 , -1.593259
0.564103 , 0.538462 , -1.729690
0.564103 , 0.564103 , -1.865498
0.564103 , 0.589744 , -1.998588
0.564103 , 0.615385 , -2.127408
0.564103 , 0.641026 , -2.251998
0.564103 , 0.666667 , -2.371073
0.564103 , 0.692308 , -2.484593
0.564103 , 0.717949 , -2.590211
0.564103 , 0.743590 , -2.688441
0.564103 , 0.769231 , -2.780328
0.564103 , 0.794872 , -2.863317
0.564103 , 0.820513 , -2.937637
0.564103 , 0.846154 , -3.002703
0.564103 , 0.871795 , -3.056560
0.564103 , 0.897436 , -3.102653
0.564103 , 0.923077 , -3.138641
0.564103 , 0.948718 , -3.165013
0.564103 , 0.974359 , -3.180260
0.564103 , 1.000000 , -3.186210
0.589744 , 0.000000 , 0.276222
0.589744 , 0.025641 , 0.271219
0.589744 , 0.051282 , 0.255346
0.589744 , 0.076923 , 0.228331
0.589744 , 0.102564 , 0.189165
0.589744 , 0.128205 , 0.140500
0.589744 , 0.153846 , 0.082178
0.589744 , 0.179487 , 0.012140
0.589744 , 0.205128 , -0.067164
0.589744 , 0.230769 , -0.156669
0.589744 , 0.256410 , -0.255234
0.589744 , 0.282051 , -0.361840
0.589744 , 0.307692 , -0.475529
0.589744 , 0.333333 , -0.597457
0.589744 , 0.358974 , -0.726507
0.589744 , 0.384615 , -0.861277
0.589744 , 0.410256 , -1.000752
0.589744 , 0.435897 , -1.144492
0.589744 , 0.461538 , -1.290522
0.589744 , 0.487179 , -1.438158
0.589744 , 0.512821 , -1.586479
0.589744 , 0.538462 , -1.734374
0.589744 , 0.564103 , -1.880902
0.589744 , 0.589744 , -2.024950
0.589744 , 0.615385 , -2.164383
0.589744 , 0.641026 , -2.298643
0.589744 , 0.666667 , -2.426613
0.589744 , 0.692308 , -2.548076
0.589744 , 0.717949 , -2.661675
0.589744 , 0.743590 , -2.766973
0.589744 , 0.769231 , -2.864352
0.589744 , 0.794872 , -2.952283
0.589744 , 0.820513 , -3.030714
0.589744 , 0.846154 , -3.099551
0.589744 , 0.871795 , -3.157131
0.589744 , 0.897436 , -3.206120
0.589744 , 0.923077 , -3.244386
0.589744 , 0.948718 , -3.272076
0.589744 , 0.974359 , -3.288213
0.589744 , 1.000000 , -3.294481
0.615385 , 0.000000 , 0.434880
0.615385 , 0.025641 , 0.429358
0.615385 , 0.051282 , 0.412069
0.615385 , 0.076923 , 0.383182
0.615385 , 0.102564 , 0.341983
0.615385 , 0.128205 , 0.290238
0.615385 , 0.153846 , 0.227910
0.615385 , 0.179487 , 0.153492
0.615385 , 0.205128 , 0.069257
0.615385 , 0.230769 , -0.026101
0.615385 , 0.256410 , -0.131670
0.615385 , 0.282051 , -0.247370
0.615385 , 0.307692 , -0.370487
0.615385 , 0.333333 , -0.502626
0.615385 , 0.358974 , -0.642580
0.615385 , 0.384615 , -0.789340
0.615385 , 0.410256 , -0.941124
0.615385 , 0.435897 , -1.097286
0.615385 , 0.461538 , -1.256948
0.615385 , 0.487179 , -1.418449
0.615385 , 0.512821 , -1.580151
0.615385 , 0.538462 , -1.741024
0.615385 , 0.564103 , -1.899756
0.615385 , 0.589744 , -2.055251
0.615385 , 0.615385 , -2.206568
0.615385 , 0.641026 , -2.351425
0.615385 , 0.666667 , -2.489616
0.615385 , 0.692308 , -2.619864
0.615385 , 0.717949 , -2.742264
0.615385 , 0.743590 , -2.854639
0.615385 , 0.769231 , -2.957982
0.615385 , 0.794872 , -3.051104
0.615385 , 0.820513 , -3.134157
0.615385 , 0.846154 , -3.207290
0.615385 , 0.871795 , -3.267867
0.615385 , 0.897436 , -3.318956
0.615385 , 0.923077 , -3.358376
0.615385 , 0.948718 , -3.388092
0.615385 , 0.974359 , -3.405041
0.615385 , 1.000000 , -3.411625
0.641026 , 0.000000 , 0.604429
0.641026 , 0.025641 , 0.598278
0.641026 , 0.051282 , 0.580005
0.641026 , 0.076923 , 0.549745
0.641026 , 0.102564 , 0.507559
0.641026 , 0.128205 , 0.452528
0.641026 , 0.153846 , 0.385889
0.641026 , 0.179487 , 0.307189
0.641026 , 0.205128 , 0.217945
0.641026 , 0.230769 , 0.116328
0.641026 , 0.256410 , 0.003086
0.641026 , 0.282051 , -0.121577
0.641026 , 0.307692 , -0.255318
0.641026 , 0.333333 , -0.397604
0.641026 , 0.358974 , -0.549511
0.641026 , 0.384615 , -0.709751
0.641026 , 0.410256 , -0.876128
0.641026 , 0.435897 , -1.046663
0.641026 , 0.461538 , -1.220785
0.641026 , 0.487179 , -1.397620
0.641026 , 0.512821 , -1.574549
0.641026 , 0.538462 , -1.750541
0.641026 , 0.564103 , -1.923694
0.641026 , 0.589744 , -2.092069
0.641026 , 0.615385 , -2.255814
0.641026 , 0.641026 , -2.412653
0.641026 , 0.666667 , -2.561834
0.641026 , 0.692308 , -2.701852
0.641026 , 0.717949 , -2.833172
0.641026 , 0.743590 , -2.953564
0.641026 , 0.769231 , -3.063713
0.641026 , 0.794872 , -3.162803
0.641026 , 0.820513 , -3.250559
0.641026 , 0.846154 , -3.327297
0.641026 , 0.871795 , -3.391005
0.641026 , 0.897436 , -3.443653
0.641026 , 0.923077 , -3.483506
0.641026 , 0.948718 , -3.513487
0.641026 , 0.974359 , -3.532088
0.641026 , 1.000000 , -3.538800
0.666667 , 0.000000 , 0.785032
0.666667 , 0.025641 , 0.778203
0.666667 , 0.051282 , 0.759735
0.666667 , 0.076923 , 0.727959
0.666667 , 0.102564 , 0.684600
0.666667 , 0.128205 , 0.627376
0.666667 , 0.153846 , 0.556899
0.666667 , 0.179487 , 0.473759
0.666667 , 0.205128 , 0.378405
0.666667 , 0.230769 , 0.269845
0.666667 , 0.256410 , 0.149251
0.666667 , 0.282051 , 0.015918
0.666667 , 0.307692 , -0.128141
0.666667 , 0.333333 , -0.282066
0.666667 , 0.358974 , -0.446314
0.666667 , 0.384615 , -0.621108
0.666667 , 0.410256 , -0.803366
0.666667 , 0.435897 , -0.990519
0.666667 , 0.461538 , -1.182136
0.666667 , 0.487179 , -1.375791
0.666667 , 0.512821 , -1.569819
0.666667 , 0.538462 , -1.762784
0.666667 , 0.564103 , -1.952419
0.666667 , 0.589744 , -2.136398
0.666667 , 0.615385 , -2.314329
0.666667 , 0.641026 , -2.484528
0.666667 , 0.666667 , -2.645950
0.666667 , 0.692308 , -2.796896
0.666667 , 0.717949 , -2.937748
0.666667 , 0.743590 , -3.066450
0.666667 , 0.769231 , -3.182854
0.666667 , 0.794872 , -3.287537
0.666667 , 0.820513 , -3.380098
0.666667 , 0.846154 , -3.459680
0.666667 , 0.871795 , -3.525775
0.666667 , 0.897436 , -3.580424
0.666667 , 0.923077 , -3.621795
0.666667 , 0.948718 , -3.651823
0.666667 , 0.974359 , -3.671298
0.666667 , 1.000000 , -3.677798
0.692308 , 0.000000 , 0.977110
0.692308 , 0.025641 , 0.970709
0.692308 , 0.051282 , 0.951162
0.692308 , 0.076923 , 0.919112
0.692308 , 0.102564 , 0.874286
0.692308 , 0.128205 , 0.814819
0.692308 , 0.153846 , 0.741537
0.692308 , 0.179487 , 0.654670
0.692308 , 0.205128 , 0.553495
0.692308 , 0.230769 , 0.437512
0.692308 , 0.256410 , 0.309000
0.692308 , 0.282051 , 0.166600
0.692308 , 0.307692 , 0.011971
0.692308 , 0.333333 , -0.154877
0.692308 , 0.358974 , -0.333584
0.692308 , 0.384615 , -0.523988
0.692308 , 0.410256 , -0.723982
0.692308 , 0.435897 , -0.929651
0.692308 , 0.461538 , -1.140194
0.692308 , 0.487179 , -1.353374
0.692308 , 0.512821 , -1.566536
0.692308 , 0.538462 , -1.778227
0.692308 , 0.564103 , -1.986125
0.692308 , 0.589744 , -2.187891
0.692308 , 0.615385 , -2.382497
0.692308 , 0.641026 , -2.568055
0.692308 , 0.666667 , -2.742544
0.692308 , 0.692308 , -2.905250
0.692308 , 0.717949 , -3.056330
0.692308 , 0.743590 , -3.194237
0.692308 , 0.769231 , -3.317448
0.692308 , 0.794872 , -3.427350
0.692308 , 0.820513 , -3.524373
0.692308 , 0.846154 , -3.606112
0.692308 , 0.871795 , -3.673723
0.692308 , 0.897436 , -3.729952
0.692308 , 0.923077 , -3.773438
0.692308 , 0.948718 , -3.803537
0.692308 , 0.974359 , -3.823267
0.692308 , 1.000000 , -3.829707
0.717949 , 0.000000 , 1.181160
0.717949 , 0.025641 , 1.175006
0.717949 , 0.051282 , 1.155071
0.717949 , 0.076923 , 1.123287
0.717949 , 0.102564 , 1.077509
0.717949 , 0.128205 , 1.016504
0.717949 , 0.153846 , 0.940999
0.717949 , 0.179487 , 0.850509
0.717949 , 0.205128 , 0.744993
0.717949 , 0.230769 , 0.622805
0.717949 , 0.256410 , 0.486208
0.717949 , 0.282051 , 0.333402
0.717949 , 0.307692 , 0.165692
0.717949 , 0.333333 , -0.015407
0.717949 , 0.358974 , -0.210369
0.717949 , 0.384615 , -0.418084
0.717949 , 0.410256 , -0.636972
0.717949 , 0.435897 , -0.862932
0.717949 , 0.461538 , -1.094304
0.717949 , 0.487179 , -1.328747
0.717949 , 0.512821 , -1.564048
0.717949 , 0.538462 , -1.796746
0.717949 , 0.564103 , -2.025323
0.717949 , 0.589744 , -2.247086
0.717949 , 0.615385 , -2.460519
0.717949 , 0.641026 , -2.663882
0.717949 , 0.666667 , -2.853473
0.717949 , 0.692308 , -3.028581
0.717949 , 0.717949 , -3.189909
0.717949 , 0.743590 , -3.337300
0.717949 , 0.769231 , -3.468413
0.717949 , 0.794872 , -3.584031
0.717949 , 0.820513 , -3.684681
0.717949 , 0.846154 , -3.769780
0.717949 , 0.871795 , -3.838848
0.717949 , 0.897436 , -3.895049
0.717949 , 0.923077 , -3.938332
0.717949 , 0.948718 , -3.968875
0.717949 , 0.974359 , -3.987776
0.717949 , 1.000000 , -3.993951
0.743590 , 0.000000 , 1.397528
0.743590 , 0.025641 , 1.391215
0.743590 , 0.051282 , 1.371954
0.743590 , 0.076923 , 1.340237
0.743590 , 0.102564 , 1.294567
0.743590 , 0.128205 , 1.233679
0.743590 , 0.153846 , 1.156575
0.743590 , 0.179487 , 1.063244
0.743590 , 0.205128 , 0.953308
0.743590 , 0.230769 , 0.825169
0.743590 , 0.256410 , 0.679481
0.743590 , 0.282051 , 0.516442
0.743590 , 0.307692 , 0.335514
0.743590 , 0.333333 , 0.138126
0.743590 , 0.358974 , -0.074120
0.743590 , 0.384615 , -0.301331
0.743590 , 0.410256 , -0.540930
0.743590 , 0.435897 , -0.789847
0.743590 , 0.461538 , -1.044936
0.743590 , 0.487179 , -1.303557
0.743590 , 0.512821 , -1.563228
0.743590 , 0.538462 , -1.819999
0.743590 , 0.564103 , -2.071578
0.743590 , 0.589744 , -2.315663
0.743590 , 0.615385 , -2.550152
0.743590 , 0.641026 , -2.773117
0.743590 , 0.666667 , -2.979083
0.743590 , 0.692308 , -3.168729
0.743590 , 0.717949 , -3.342289
0.743590 , 0.743590 , -3.500065
0.743590 , 0.769231 , -3.639019
0.743590 , 0.794872 , -3.759568
0.743590 , 0.820513 , -3.863030
0.743590 , 0.846154 , -3.950005
0.743590 , 0.871795 , -4.020176
0.743590 , 0.897436 , -4.076005
0.743590 , 0.923077 , -4.118431
0.743590 , 0.948718 , -4.148048
0.743590 , 0.974359 , -4.165989
0.743590 , 1.000000 , -4.172275
0.769231 , 0.000000 , 1.625282
0.769231 , 0.025641 , 1.619326
0.769231 , 0.051282 , 1.601057
0.769231 , 0.076923 , 1.570407
0.769231 , 0.102564 , 1.526117
0.769231 , 0.128205 , 1.466715
0.769231 , 0.153846 , 1.388911
0.769231 , 0.179487 , 1.293674
0.769231 , 0.205128 , 1.180281
0.769231 , 0.230769 , 1.046267
0.769231 , 0.256410 , 0.891362
0.769231 , 0.282051 , 0.716248
0.769231 , 0.307692 , 0.522131
0.769231 , 0.333333 , 0.308346
0.769231 , 0.358974 , 0.076438
0.769231 , 0.384615 , -0.172117
0.769231 , 0.410256 , -0.435042
0.769231 , 0.435897 , -0.708855
0.769231 , 0.461538 , -0.991002
0.769231 , 0.487179 , -1.277148
0.769231 , 0.512821 , -1.564575
0.769231 , 0.538462 , -1.848288
0.769231 , 0.564103 , -2.126467
0.769231 , 0.589744 , -2.395798
0.769231 , 0.615385 , -2.653971
0.769231 , 0.641026 , -2.897733
0.769231 , 0.666667 , -3.123308
0.769231 , 0.692308 , -3.330122
0.769231 , 0.717949 , -3.516851
0.769231 , 0.743590 , -3.683979
0.769231 , 0.769231 , -3.830272
0.769231 , 0.794872 , -3.956004
0.769231 , 0.820513 , -4.062287
0.769231 , 0.846154 , -4.149923
0.769231 , 0.871795 , -4.219877
0.769231 , 0.897436 , -4.274741
0.769231 , 0.923077 , -4.315212
0.769231 , 0.948718 , -4.343330
0.769231 , 0.974359 , -4.360058
0.769231 , 1.000000 , -4.365888
0.794872 , 0.000000 , 1.863783
0.794872 , 0.025641 , 1.858956
0.794872 , 0.051282 , 1.842130
0.794872 , 0.076923 , 1.813962
0.794872 , 0.102564 , 1.772612
0.794872 , 0.128205 , 1.715259
0.794872 , 0.153846 , 1.639410
0.794872 , 0.179487 , 1.544284
0.794872 , 0.205128 , 1.428351
0.794872 , 0.230769 , 1.289481
0.794872 , 0.256410 , 1.126682
0.794872 , 0.282051 , 0.939384
0.794872 , 0.307692 , 0.729544
0.794872 , 0.333333 , 0.497632
0.794872 , 0.358974 , 0.243570
0.794872 , 0.384615 , -0.029431
0.794872 , 0.410256 , -0.318816
0.794872 , 0.435897 , -0.621091
0.794872 , 0.461538 , -0.932839
0.794872 , 0.487179 , -1.249600
0.794872 , 0.512821 , -1.568383
0.794872 , 0.538462 , -1.883470
0.794872 , 0.564103 , -2.191681
0.794872 , 0.589744 , -2.489529
0.794872 , 0.615385 , -2.774034
0.794872 , 0.641026 , -3.040439
0.794872 , 0.666667 , -3.287004
0.794872 , 0.692308 , -3.511866
0.794872 , 0.717949 , -3.713364
0.794872 , 0.743590 , -3.891251
0.794872 , 0.769231 , -4.045670
0.794872 , 0.794872 , -4.176768
0.794872 , 0.820513 , -4.285038
0.794872 , 0.846154 , -4.371694
0.794872 , 0.871795 , -4.439887
0.794872 , 0.897436 , -4.491658
0.794872 , 0.923077 , -4.529092
0.794872 , 0.948718 , -4.553999
0.794872 , 0.974359 , -4.568322
0.794872 , 1.000000 , -4.573468
0.820513 , 0.000000 , 2.111988
0.820513 , 0.025641 , 2.108221
0.820513 , 0.051282 , 2.094758
0.820513 , 0.076923 , 2.071286
0.820513 , 0.102564 , 2.034734
0.820513 , 0.128205 , 1.982262
0.820513 , 0.153846 , 1.910037
0.820513 , 0.179487 , 1.816581
0.820513 , 0.205128 , 1.699190
0.820513 , 0.230769 , 1.556606
0.820513 , 0.256410 , 1.386564
0.820513 , 0.282051 , 1.187887
0.820513 , 0.307692 , 0.961451
0.820513 , 0.333333 , 0.708399
0.820513 , 0.358974 , 0.430160
0.820513 , 0.384615 , 0.130351
0.820513 , 0.410256 , -0.188984
0.820513 , 0.435897 , -0.523716
0.820513 , 0.461538 , -0.869442
0.820513 , 0.487179 , -1.221237
0.820513 , 0.512821 , -1.574901
0.820513 , 0.538462 , -1.924666
0.820513 , 0.564103 , -2.267537
0.820513 , 0.589744 , -2.597667
0.820513 , 0.615385 , -2.912345
0.820513 , 0.641026 , -3.205716
0.820513 , 0.666667 , -3.475883
0.820513 , 0.692308 , -3.720077
0.820513 , 0.717949 , -3.937279
0.820513 , 0.743590 , -4.126500
0.820513 , 0.769231 , -4.288298
0.820513 , 0.794872 , -4.423045
0.820513 , 0.820513 , -4.531061
0.820513 , 0.846154 , -4.616518
0.820513 , 0.871795 , -4.680779
0.820513 , 0.897436 , -4.726941
0.820513 , 0.923077 , -4.758704
0.820513 , 0.948718 , -4.779321
0.820513 , 0.974359 , -4.790698
0.820513 , 1.000000 , -4.794499
0.846154 , 0.000000 , 2.367927
0.846154 , 0.025641 , 2.365830
0.846154 , 0.051282 , 2.357256
0.846154 , 0.076923 , 2.340749
0.846154 , 0.102564 , 2.312377
0.846154 , 0.128205 , 2.268598
0.846154 , 0.153846 , 2.203286
0.846154 , 0.179487 , 2.113817
0.846154 , 0.205128 , 1.997032
0.846154 , 0.230769 , 1.851179
0.846154 , 0.256410 , 1.674239
0.846154 , 0.282051 , 1.463540
0.846154 , 0.307692 , 1.219713
0.846154 , 0.333333 , 0.944750
0.846154 , 0.358974 , 0.640605
0.846154 , 0.384615 , 0.310665
0.846154 , 0.410256 , -0.042423
0.846154 , 0.435897 , -0.414281
0.846154 , 0.461538 , -0.799009
0.846154 , 0.487179 , -1.191520
0.846154 , 0.512821 , -1.585293
0.846154 , 0.538462 , -1.975394
0.846154 , 0.564103 , -2.356948
0.846154 , 0.589744 , -2.724201
0.846154 , 0.615385 , -3.071733
0.846154 , 0.641026 , -3.395427
0.846154 , 0.666667 , -3.692008
0.846154 , 0.692308 , -3.957420
0.846154 , 0.717949 , -4.190670
0.846154 , 0.743590 , -4.391458
0.846154 , 0.769231 , -4.560213
0.846154 , 0.794872 , -4.697851
0.846154 , 0.820513 , -4.804241
0.846154 , 0.846154 , -4.884944
0.846154 , 0.871795 , -4.942753
0.846154 , 0.897436 , -4.981768
0.846154 , 0.923077 , -5.004915
0.846154 , 0.948718 , -5.018699
0.846154 , 0.974359 , -5.025164
0.846154 , 1.000000 , -5.027238
0.871795 , 0.000000 , 2.627919
0.871795 , 0.025641 , 2.628312
0.871795 , 0.051282 , 2.627354
0.871795 , 0.076923 , 2.621573
0.871795 , 0.102564 , 2.605637
0.871795 , 0.128205 , 2.573549
0.871795 , 0.153846 , 2.519171
0.871795 , 0.179487 , 2.437819
0.871795 , 0.205128 , 2.325302
0.871795 , 0.230769 , 2.178395
0.871795 , 0.256410 , 1.994574
0.871795 , 0.282051 , 1.772107
0.871795 , 0.307692 , 1.510149
0.871795 , 0.333333 , 1.211036
0.871795 , 0.358974 , 0.877280
0.871795 , 0.384615 , 0.512487
0.871795 , 0.410256 , 0.121205
0.871795 , 0.435897 , -0.291826
0.871795 , 0.461538 , -0.721168
0.871795 , 0.487179 , -1.159602
0.871795 , 0.512821 , -1.600060
0.871795 , 0.538462 , -2.036515
0.871795 , 0.564103 , -2.461736
0.871795 , 0.589744 , -2.870215
0.871795 , 0.615385 , -3.256059
0.871795 , 0.641026 , -3.613323
0.871795 , 0.666667 , -3.937972
0.871795 , 0.692308 , -4.228073
0.871795 , 0.717949 , -4.480537
0.871795 , 0.743590 , -4.693201
0.871795 , 0.769231 , -4.867179
0.871795 , 0.794872 , -5.005028
0.871795 , 0.820513 , -5.108230
0.871795 , 0.846154 , -5.180855
0.871795 , 0.871795 , -5.227740
0.871795 , 0.897436 , -5.254311
0.871795 , 0.923077 , -5.265554
0.871795 , 0.948718 , -5.268490
0.871795 , 0.974359 , -5.268397
0.871795 , 1.000000 , -5.267514
0.897436 , 0.000000 , 2.887430
0.897436 , 0.025641 , 2.891894
0.897436 , 0.051282 , 2.901347
0.897436 , 0.076923 , 2.911996
0.897436 , 0.102564 , 2.914424
0.897436 , 0.128205 , 2.900717
0.897436 , 0.153846 , 2.862376
0.897436 , 0.179487 , 2.793051
0.897436 , 0.205128 , 2.688489
0.897436 , 0.230769 , 2.542913
0.897436 , 0.256410 , 2.352802
0.897436 , 0.282051 , 2.118410
0.897436 , 0.307692 , 1.838408
0.897436 , 0.333333 , 1.512948
0.897436 , 0.358974 , 1.145984
0.897436 , 0.384615 , 0.742013
0.897436 , 0.410256 , 0.306655
0.897436 , 0.435897 , -0.153685
0.897436 , 0.461538 , -0.633526
0.897436 , 0.487179 , -1.124782
0.897436 , 0.512821 , -1.618878
0.897436 , 0.538462 , -2.108322
0.897436 , 0.564103 , -2.585018
0.897436 , 0.589744 , -3.041315
0.897436 , 0.615385 , -3.470779
0.897436 , 0.641026 , -3.866647
0.897436 , 0.666667 , -4.223920
0.897436 , 0.692308 , -4.539099
0.897436 , 0.717949 , -4.810360
0.897436 , 0.743590 , -5.035566
0.897436 , 0.769231 , -5.215251
0.897436 , 0.794872 , -5.352029
0.897436 , 0.820513 , -5.448187
0.897436 , 0.846154 , -5.508665
0.897436 , 0.871795 , -5.538763
0.897436 , 0.897436 , -5.545582
0.897436 , 0.923077 , -5.538210
0.897436 , 0.948718 , -5.525194
0.897436 , 0.974359 , -5.513983
0.897436 , 1.000000 , -5.509419
0.923077 , 0.000000 , 3.137398
0.923077 , 0.025641 , 3.148160
0.923077 , 0.051282 , 3.174747
0.923077 , 0.076923 , 3.208180
0.923077 , 0.102564 , 3.237059
0.923077 , 0.128205 , 3.249890
0.923077 , 0.153846 , 3.235677
0.923077 , 0.179487 , 3.185062
0.923077 , 0.205128 , 3.091787
0.923077 , 0.230769 , 2.950446
0.923077 , 0.256410 , 2.756842
0.923077 , 0.282051 , 2.509941
0.923077 , 0.307692 , 2.209028
0.923077 , 0.333333 , 1.855204
0.923077 , 0.358974 , 1.452172
0.923077 , 0.384615 , 1.004170
0.923077 , 0.410256 , 0.518429
0.923077 , 0.435897 , 0.002472
0.923077 , 0.461538 , -0.535577
0.923077 , 0.487179 , -1.087500
0.923077 , 0.512821 , -1.643254
0.923077 , 0.538462 , -2.193284
0.923077 , 0.564103 , -2.728777
0.923077 , 0.589744 , -3.240227
0.923077 , 0.615385 , -3.719276
0.923077 , 0.641026 , -4.158909
0.923077 , 0.666667 , -4.552899
0.923077 , 0.692308 , -4.897036
0.923077 , 0.717949 , -5.188449
0.923077 , 0.743590 , -5.426442
0.923077 , 0.769231 , -5.610515
0.923077 , 0.794872 , -5.742834
0.923077 , 0.820513 , -5.827615
0.923077 , 0.846154 , -5.870030
0.923077 , 0.871795 , -5.875872
0.923077 , 0.897436 , -5.856363
0.923077 , 0.923077 , -5.822168
0.923077 , 0.948718 , -5.785174
0.923077 , 0.974359 , -5.757174
0.923077 , 1.000000 , -5.746681
0.948718 , 0.000000 , 3.367250
0.948718 , 0.025641 , 3.387703
0.948718 , 0.051282 , 3.440221
0.948718 , 0.076923 , 3.508165
0.948718 , 0.102564 , 3.574353
0.948718 , 0.128205 , 3.624220
0.948718 , 0.153846 , 3.642502
0.948718 , 0.179487 , 3.619253
0.948718 , 0.205128 , 3.543869
0.948718 , 0.230769 , 3.409881
0.948718 , 0.256410 , 3.214529
0.948718 , 0.282051 , 2.955478
0.948718 , 0.307692 , 2.632110
0.948718 , 0.333333 , 2.245799
0.948718 , 0.358974 , 1.800862
0.948718 , 0.384615 , 1.303410
0.948718 , 0.410256 , 0.759875
0.948718 , 0.435897 , 0.180553
0.948718 , 0.461538 , -0.424625
0.948718 , 0.487179 , -1.046240
0.948718 , 0.512821 , -1.672564
0.948718 , 0.538462 , -2.293398
0.948718 , 0.564103 , -2.896322
0.948718 , 0.589744 , -3.471628
0.948718 , 0.615385 , -4.008492
0.948718 , 0.641026 , -4.498637
0.948718 , 0.666667 , -4.934164
0.948718 , 0.692308 , -5.310914
0.948718 , 0.717949 , -5.624975
0.948718 , 0.743590 , -5.874686
0.948718 , 0.769231 , -6.060842
0.948718 , 0.794872 , -6.184512
0.948718 , 0.820513 , -6.251161
0.948718 , 0.846154 , -6.267410
0.948718 , 0.871795 , -6.241652
0.948718 , 0.897436 , -6.185623
0.948718 , 0.923077 , -6.113584
0.948718 , 0.948718 , -6.041433
0.948718 , 0.974359 , -5.986911
0.948718 , 1.000000 , -5.966504
0.974359 , 0.000000 , 3.554976
0.974359 , 0.025641 , 3.593970
0.974359 , 0.051282 , 3.688454
0.974359 , 0.076923 , 3.808518
0.974359 , 0.102564 , 3.928027
0.974359 , 0.128205 , 4.028088
0.974359 , 0.153846 , 4.091048
0.974359 , 0.179487 , 4.102626
0.974359 , 0.205128 , 4.052612
0.974359 , 0.230769 , 3.932155
0.974359 , 0.256410 , 3.736638
0.974359 , 0.282051 , 3.464250
0.974359 , 0.307692 , 3.115489
0.974359 , 0.333333 , 2.693007
0.974359 , 0.358974 , 2.200922
0.974359 , 0.384615 , 1.646044
0.974359 , 0.410256 , 1.036911
0.974359 , 0.435897 , 0.383804
0.974359 , 0.461538 , -0.299503
0.974359 , 0.487179 , -1.001575
0.974359 , 0.512821 , -1.710966
0.974359 , 0.538462 , -2.412938
0.974359 , 0.564103 , -3.094317
0.974359 , 0.589744 , -3.742289
0.974359 , 0.615385 , -4.345442
0.974359 , 0.641026 , -4.893038
0.974359 , 0.666667 , -5.376857
0.974359 , 0.692308 , -5.790649
0.974359 , 0.717949 , -6.129457
0.974359 , 0.743590 , -6.391091
0.974359 , 0.769231 , -6.576167
0.974359 , 0.794872 , -6.687126
0.974359 , 0.820513 , -6.729025
0.974359 , 0.846154 , -6.709951
0.974359 , 0.871795 , -6.640487
0.974359 , 0.897436 , -6.534245
0.974359 , 0.923077 , -6.408415
0.974359 , 0.948718 , -6.284040
0.974359 , 0.974359 , -6.187351
0.974359 , 1.000000 , -6.148288
1.000000 , 0.000000 , 3.665383
1.000000 , 0.025641 , 3.741997
1.000000 , 0.051282 , 3.908922
1.000000 , 0.076923 , 4.107225
1.000000 , 0.102564 , 4.301145
1.000000 , 0.128205 , 4.468115
1.000000 , 0.153846 , 4.588939
1.000000 , 0.179487 , 4.647070
1.000000 , 0.205128 , 4.629135
1.000000 , 0.230769 , 4.527053
1.000000 , 0.256410 , 4.334584
1.000000 , 0.282051 , 4.049418
1.000000 , 0.307692 , 3.673098
1.000000 , 0.333333 , 3.209540
1.000000 , 0.358974 , 2.662732
1.000000 , 0.384615 , 2.041295
1.000000 , 0.410256 , 1.355809
1.000000 , 0.435897 , 0.618040
1.000000 , 0.461538 , -0.156423
1.000000 , 0.487179 , -0.952724
1.000000 , 0.512821 , -1.757498
1.000000 , 0.538462 , -2.553871
1.000000 , 0.564103 , -3.326230
1.000000 , 0.589744 , -4.059191
1.000000 , 0.615385 , -4.738842
1.000000 , 0.641026 , -5.353312
1.000000 , 0.666667 , -5.891400
1.000000 , 0.692308 , -6.346444
1.000000 , 0.717949 , -6.712825
1.000000 , 0.743590 , -6.987147
1.000000 , 0.769231 , -7.168996
1.000000 , 0.794872 , -7.261560
1.000000 , 0.820513 , -7.271378
1.000000 , 0.846154 , -7.206777
1.000000 , 0.871795 , -7.079442
1.000000 , 0.897436 , -6.905656
1.000000 , 0.923077 , -6.704763
1.000000 , 0.948718 , -6.502629
1.000000 , 0.974359 , -6.334091
1.000000 , 1.000000 , -6.256400
