0.000000 , 0.000000 , -3.505227
0.000000 , 0.025641 , -3.505227
0.000000 , 0.051282 , -3.505227
0.000000 , 0.076923 , -3.505227
0.000000 , 0.102564 , -3.505227
0.000000 , 0.128205 , -3.505227
0.000000 , 0.153846 , -3.505227
0.000000 , 0.179487 , -3.505227
0.000000 , 0.205128 , -3.505227
0.000000 , 0.230769 , -3.505227
0.000000 , 0.256410 , -3.505227
0.000000 , 0.282051 , -3.505227
0.000000 , 0.307692 , -3.505227
0.000000 , 0.333333 , -3.505227
0.000000 , 0.358974 , -3.505227
0.000000 , 0.384615 , -3.505227
0.000000 , 0.410256 , -3.505227
0.000000 , 0.435897 , -3.505227
0.000000 , 0.461538 , -3.505227
0.000000 , 0.487179 , -3.505227
0.000000 , 0.512821 , -3.505227
0.000000 , 0.538462 , -3.505227
0.000000 , 0.564103 , -3.505227
0.000000 , 0.589744 , -3.505227
0.000000 , 0.615385 , -3.505227
0.000000 , 0.641026 , -3.505227
0.000000 , 0.666667 , -3.505227
0.000000 , 0.692308 , -3.505227
0.000000 , 0.717949 , -3.505227
0.000000 , 0.743590 , -3.505227
0.000000 , 0.769231 , -3.505227
0.000000 , 0.794872 , -3.505227
0.000000 , 0.820513 , -3.505227
0.000000 , 0.846154 , -3.505227
0.000000 , 0.871795 , -3.505227
0.000000 , 0.897436 , -3.505227
0.000000 , 0.923077 , -3.505227
0.000000 , 0.948718 , -3.505227
0.000000 , 0.974359 , -3.505227
0.000000 , 1.000000 , -3.505227
0.025641 , 0.000000 , -3.309163
0.025641 , 0.025641 , -3.309059
0.025641 , 0.051282 , -3.308758
0.025641 , 0.076923 , -3.308510
0.025641 , 0.102564 , -3.308407
0.025641 , 0.128205 , -3.308545
0.025641 , 0.153846 , -3.310067
0.025641 , 0.179487 , -3.312054
0.025641 , 0.205128 , -3.314995
0.025641 , 0.230769 , -3.318649
0.025641 , 0.256410 , -3.322708
0.025641 , 0.282051 , -3.328133
0.025641 , 0.307692 , -3.333112
0.025641 , 0.333333 , -3.337427
0.025641 , 0.358974 , -3.342776
0.025641 , 0.384615 , -3.347894
0.025641 , 0.410256 , -3.353237
0.025641 , 0.435897 , -3.359410
0.025641 , 0.461538 , -3.365627
0.025641 , 0.487179 , -3.371020
0.025641 , 0.512821 , -3.377359
0.025641 , 0.538462 , -3.383191
0.025641 , 0.564103 , -3.388755
0.025641 , 0.589744 , -3.393939
0.025641 , 0.615385 , -3.398826
0.025641 , 0.641026 , -3.403483
0.025641 , 0.666667 , -3.407523
0.025641 , 0.692308 , -3.412064
0.025641 , 0.717949 , -3.416099
0.025641 , 0.743590 , -3.419686
0.025641 , 0.769231 , -3.423126
0.025641 , 0.794872 , -3.426123
0.025641 , 0.820513 , -3.428550
0.025641 , 0.846154 , -3.431238
0.025641 , 0.871795 , -3.433234
0.025641 , 0.897436 , -3.434376
0.025641 , 0.923077 , -3.435257
0.025641 , 0.948718 , -3.435994
0.025641 , 0.974359 , -3.435572
0.025641 , 1.000000 , -3.435553
0.051282 , 0.000000 , -3.108517
0.051282 , 0.025641 , -3.108084
0.051282 , 0.051282 , -3.107111
0.051282 , 0.076923 , -3.106717
0.051282 , 0.102564 , -3.107010
0.051282 , 0.128205 , -3.108258
0.051282 , 0.153846 , -3.110952
0.051282 , 0.179487 , -3.115195
0.051282 , 0.205128 , -3.120591
0.051282 , 0.230769 , -3.127259
0.051282 , 0.256410 , -3.135332
0.051282 , 0.282051 , -3.144840
0.051282 , 0.307692 , -3.154592
0.051282 , 0.333333 , -3.164115
0.051282 , 0.358974 , -3.173768
0.051282 , 0.384615 , -3.184658
0.051282 , 0.410256 , -3.195264
0.051282 , 0.435897 , -3.207112
0.051282 , 0.461538 , -3.219119
0.051282 , 0.487179 , -3.230497
0.051282 , 0.512821 , -3.242531
0.051282 , 0.538462 , -3.253821
0.051282 , 0.564103 , -3.264751
0.051282 , 0.589744 , -3.275110
0.051282 , 0.615385 , -3.284946
0.051282 , 0.641026 , -3.294828
0.051282 , 0.666667 , -3.303738
0.051282 , 0.692308 , -3.312217
0.051282 , 0.717949 , -3.320277
0.051282 , 0.743590 , -3.327581
0.051282 , 0.769231 , -3.333986
0.051282 , 0.794872 , -3.339813
0.051282 , 0.820513 , -3.344992
0.051282 , 0.846154 , -3.349144
0.051282 , 0.871795 , -3.353146
0.051282 , 0.897436 , -3.355444
0.051282 , 0.923077 , -3.357112
0.051282 , 0.948718 , -3.358526
0.051282 , 0.974359 , -3.359027
0.051282 , 1.000000 , -3.358990
0.076923 , 0.000000 , -2.905328
0.076923 , 0.025641 , -2.903989
0.076923 , 0.051282 , -2.902528
0.076923 , 0.076923 , -2.901863
0.076923 , 0.102564 , -2.902451
0.076923 , 0.128205 , -2.904437
0.076923 , 0.153846 , -2.908346
0.076923 , 0.179487 , -2.914401
0.076923 , 0.205128 , -2.922740
0.076923 , 0.230769 , -2.932586
0.076923 , 0.256410 , -2.944391
0.076923 , 0.282051 , -2.957870
0.076923 , 0.307692 , -2.971420
0.076923 , 0.333333 , -2.985392
0.076923 , 0.358974 , -3.000584
0.076923 , 0.384615 , -3.016621
0.076923 , 0.410256 , -3.032898
0.076923 , 0.435897 , -3.049609
0.076923 , 0.461538 , -3.067196
0.076923 , 0.487179 , -3.084652
0.076923 , 0.512821 , -3.101838
0.076923 , 0.538462 , -3.119431
0.076923 , 0.564103 , -3.136119
0.076923 , 0.589744 , -3.151498
0.076923 , 0.615385 , -3.165757
0.076923 , 0.641026 , -3.180824
0.076923 , 0.666667 , -3.194024
0.076923 , 0.692308 , -3.206635
0.076923 , 0.717949 , -3.218658
0.076923 , 0.743590 , -3.229816
0.076923 , 0.769231 , -3.240322
0.076923 , 0.794872 , -3.249358
0.076923 , 0.820513 , -3.256362
0.076923 , 0.846154 , -3.261915
0.076923 , 0.871795 , -3.266892
0.076923 , 0.897436 , -3.270933
0.076923 , 0.923077 , -3.273146
0.076923 , 0.948718 , -3.275270
0.076923 , 0.974359 , -3.276592
0.076923 , 1.000000 , -3.277582
0.102564 , 0.000000 , -2.698086
0.102564 , 0.025641 , -2.696856
0.102564 , 0.051282 , -2.694748
0.102564 , 0.076923 , -2.694253
0.102564 , 0.102564 , -2.695433
0.102564 , 0.128205 , -2.698458
0.102564 , 0.153846 , -2.703562
0.102564 , 0.179487 , -2.711467
0.102564 , 0.205128 , -2.721490
0.102564 , 0.230769 , -2.733737
0.102564 , 0.256410 , -2.748868
0.102564 , 0.282051 , -2.766179
0.102564 , 0.307692 , -2.785071
0.102564 , 0.333333 , -2.803794
0.102564 , 0.358974 , -2.822996
0.102564 , 0.384615 , -2.844454
0.102564 , 0.410256 , -2.866693
0.102564 , 0.435897 , -2.888907
0.102564 , 0.461538 , -2.910942
0.102564 , 0.487179 , -2.934129
0.102564 , 0.512821 , -2.956995
0.102564 , 0.538462 , -2.980094
0.102564 , 0.564103 , -3.002226
0.102564 , 0.589744 , -3.023137
0.102564 , 0.615385 , -3.042971
0.102564 , 0.641026 , -3.062596
0.102564 , 0.666667 , -3.080607
0.102564 , 0.692308 , -3.097213
0.102564 , 0.717949 , -3.113401
0.102564 , 0.743590 , -3.127675
0.102564 , 0.769231 , -3.141175
0.102564 , 0.794872 , -3.152807
0.102564 , 0.820513 , -3.162934
0.102564 , 0.846154 , -3.170442
0.102564 , 0.871795 , -3.176850
0.102564 , 0.897436 , -3.182466
0.102564 , 0.923077 , -3.186496
0.102564 , 0.948718 , -3.189674
0.102564 , 0.974359 , -3.191123
0.102564 , 1.000000 , -3.191792
0.128205 , 0.000000 , -2.487320
0.128205 , 0.025641 , -2.486748
0.128205 , 0.051282 , -2.484939
0.128205 , 0.076923 , -2.484511
0.128205 , 0.102564 , -2.486396
0.128205 , 0.128205 , -2.490528
0.128205 , 0.153846 , -2.496714
0.128205 , 0.179487 , -2.505695
0.128205 , 0.205128 , -2.517956
0.128205 , 0.230769 , -2.532249
0.128205 , 0.256410 , -2.550483
0.128205 , 0.282051 , -2.571044
0.128205 , 0.307692 , -2.594225
0.128205 , 0.333333 , -2.618553
0.128205 , 0.358974 , -2.642267
0.128205 , 0.384615 , -2.668051
0.128205 , 0.410256 , -2.695838
0.128205 , 0.435897 , -2.723818
0.128205 , 0.461538 , -2.752007
0.128205 , 0.487179 , -2.780732
0.128205 , 0.512821 , -2.808959
0.128205 , 0.538462 , -2.837215
0.128205 , 0.564103 , -2.865408
0.128205 , 0.589744 , -2.891890
0.128205 , 0.615385 , -2.917077
0.128205 , 0.641026 , -2.940778
0.128205 , 0.666667 , -2.963553
0.128205 , 0.692308 , -2.984063
0.128205 , 0.717949 , -3.004906
0.128205 , 0.743590 , -3.023836
0.128205 , 0.769231 , -3.039698
0.128205 , 0.794872 , -3.053639
0.128205 , 0.820513 , -3.065510
0.128205 , 0.846154 , -3.076499
0.128205 , 0.871795 , -3.084159
0.128205 , 0.897436 , -3.090593
0.128205 , 0.923077 , -3.096067
0.128205 , 0.948718 , -3.100961
0.128205 , 0.974359 , -3.103156
0.128205 , 1.000000 , -3.103481
0.153846 , 0.000000 , -2.272542
0.153846 , 0.025641 , -2.272837
0.153846 , 0.051282 , -2.273086
0.153846 , 0.076923 , -2.274022
0.153846 , 0.102564 , -2.276425
0.153846 , 0.128205 , -2.281226
0.153846 , 0.153846 , -2.288542
0.153846 , 0.179487 , -2.299170
0.153846 , 0.205128 , -2.313226
0.153846 , 0.230769 , -2.330208
0.153846 , 0.256410 , -2.351032
0.153846 , 0.282051 , -2.374998
0.153846 , 0.307692 , -2.401392
0.153846 , 0.333333 , -2.429684
0.153846 , 0.358974 , -2.458762
0.153846 , 0.384615 , -2.489526
0.153846 , 0.410256 , -2.523115
0.153846 , 0.435897 , -2.557717
0.153846 , 0.461538 , -2.591533
0.153846 , 0.487179 , -2.625394
0.153846 , 0.512821 , -2.658765
0.153846 , 0.538462 , -2.691601
0.153846 , 0.564103 , -2.725255
0.153846 , 0.589744 , -2.757355
0.153846 , 0.615385 , -2.786990
0.153846 , 0.641026 , -2.815354
0.153846 , 0.666667 , -2.843620
0.153846 , 0.692308 , -2.869589
0.153846 , 0.717949 , -2.893670
0.153846 , 0.743590 , -2.916214
0.153846 , 0.769231 , -2.935748
0.153846 , 0.794872 , -2.952694
0.153846 , 0.820513 , -2.966813
0.153846 , 0.846154 , -2.979696
0.153846 , 0.871795 , -2.989195
0.153846 , 0.897436 , -2.996491
0.153846 , 0.923077 , -3.003141
0.153846 , 0.948718 , -3.009150
0.153846 , 0.974359 , -3.012867
0.153846 , 1.000000 , -3.013574
0.179487 , 0.000000 , -2.057057
0.179487 , 0.025641 , -2.057639
0.179487 , 0.051282 , -2.059201
0.179487 , 0.076923 , -2.062038
0.179487 , 0.102564 , -2.065921
0.179487 , 0.128205 , -2.072018
0.179487 , 0.153846 , -2.080926
0.179487 , 0.179487 , -2.093482
0.179487 , 0.205128 , -2.109248
0.179487 , 0.230769 , -2.128576
0.179487 , 0.256410 , -2.151366
0.179487 , 0.282051 , -2.178129
0.179487 , 0.307692 , -2.207827
0.179487 , 0.333333 , -2.240783
0.179487 , 0.358974 , -2.274559
0.179487 , 0.384615 , -2.310525
0.179487 , 0.410256 , -2.349376
0.179487 , 0.435897 , -2.389196
0.179487 , 0.461538 , -2.428746
0.179487 , 0.487179 , -2.467530
0.179487 , 0.512821 , -2.506832
0.179487 , 0.538462 , -2.545270
0.179487 , 0.564103 , -2.583205
0.179487 , 0.589744 , -2.620650
0.179487 , 0.615385 , -2.655674
0.179487 , 0.641026 , -2.689432
0.179487 , 0.666667 , -2.722326
0.179487 , 0.692308 , -2.752570
0.179487 , 0.717949 , -2.780048
0.179487 , 0.743590 , -2.805916
0.179487 , 0.769231 , -2.828554
0.179487 , 0.794872 , -2.848861
0.179487 , 0.820513 , -2.866695
0.179487 , 0.846154 , -2.881809
0.179487 , 0.871795 , -2.893193
0.179487 , 0.897436 , -2.902467
0.179487 , 0.923077 , -2.910330
0.179487 , 0.948718 , -2.916554
0.179487 , 0.974359 , -2.920953
0.179487 , 1.000000 , -2.922360
0.205128 , 0.000000 , -1.842896
0.205128 , 0.025641 , -1.843136
0.205128 , 0.051282 , -1.844082
0.205128 , 0.076923 , -1.847810
0.205128 , 0.102564 , -1.853710
0.205128 , 0.128205 , -1.862067
0.205128 , 0.153846 , -1.873475
0.205128 , 0.179487 , -1.888430
0.205128 , 0.205128 , -1.906397
0.205128 , 0.230769 , -1.927871
0.205128 , 0.256410 , -1.952579
0.205128 , 0.282051 , -1.981400
0.205128 , 0.307692 , -2.014938
0.205128 , 0.333333 , -2.052561
0.205128 , 0.358974 , -2.091076
0.205128 , 0.384615 , -2.131633
0.205128 , 0.410256 , -2.175551
0.205128 , 0.435897 , -2.220351
0.205128 , 0.461538 , -2.265284
0.205128 , 0.487179 , -2.309668
0.205128 , 0.512821 , -2.354298
0.205128 , 0.538462 , -2.398173
0.205128 , 0.564103 , -2.440987
0.205128 , 0.589744 , -2.482966
0.205128 , 0.615385 , -2.523347
0.205128 , 0.641026 , -2.562633
0.205128 , 0.666667 , -2.600154
0.205128 , 0.692308 , -2.634629
0.205128 , 0.717949 , -2.666000
0.205128 , 0.743590 , -2.695425
0.205128 , 0.769231 , -2.721565
0.205128 , 0.794872 , -2.745174
0.205128 , 0.820513 , -2.766048
0.205128 , 0.846154 , -2.784505
0.205128 , 0.871795 , -2.797844
0.205128 , 0.897436 , -2.809601
0.205128 , 0.923077 , -2.818356
0.205128 , 0.948718 , -2.824698
0.205128 , 0.974359 , -2.828730
0.205128 , 1.000000 , -2.830764
0.230769 , 0.000000 , -1.627574
0.230769 , 0.025641 , -1.627789
0.230769 , 0.051282 , -1.628673
0.230769 , 0.076923 , -1.632825
0.230769 , 0.102564 , -1.640459
0.230769 , 0.128205 , -1.651746
0.230769 , 0.153846 , -1.665927
0.230769 , 0.179487 , -1.683242
0.230769 , 0.205128 , -1.704017
0.230769 , 0.230769 , -1.727886
0.230769 , 0.256410 , -1.754805
0.230769 , 0.282051 , -1.786067
0.230769 , 0.307692 , -1.822586
0.230769 , 0.333333 , -1.864180
0.230769 , 0.358974 , -1.907987
0.230769 , 0.384615 , -1.953053
0.230769 , 0.410256 , -2.001069
0.230769 , 0.435897 , -2.050087
0.230769 , 0.461538 , -2.100848
0.230769 , 0.487179 , -2.151032
0.230769 , 0.512821 , -2.200102
0.230769 , 0.538462 , -2.249674
0.230769 , 0.564103 , -2.298071
0.230769 , 0.589744 , -2.345001
0.230769 , 0.615385 , -2.390568
0.230769 , 0.641026 , -2.435304
0.230769 , 0.666667 , -2.477446
0.230769 , 0.692308 , -2.516349
0.230769 , 0.717949 , -2.552028
0.230769 , 0.743590 , -2.585172
0.230769 , 0.769231 , -2.615718
0.230769 , 0.794872 , -2.642745
0.230769 , 0.820513 , -2.666499
0.230769 , 0.846154 , -2.686986
0.230769 , 0.871795 , -2.702488
0.230769 , 0.897436 , -2.715374
0.230769 , 0.923077 , -2.726137
0.230769 , 0.948718 , -2.733304
0.230769 , 0.974359 , -2.737365
0.230769 , 1.000000 , -2.739020
0.256410 , 0.000000 , -1.409334
0.256410 , 0.025641 , -1.410070
0.256410 , 0.051282 , -1.412623
0.256410 , 0.076923 , -1.418404
0.256410 , 0.102564 , -1.427898
0.256410 , 0.128205 , -1.441754
0.256410 , 0.153846 , -1.458016
0.256410 , 0.179487 , -1.477505
0.256410 , 0.205128 , -1.500626
0.256410 , 0.230769 , -1.527686
0.256410 , 0.256410 , -1.557468
0.256410 , 0.282051 , -1.592446
0.256410 , 0.307692 , -1.632494
0.256410 , 0.333333 , -1.677242
0.256410 , 0.358974 , -1.725479
0.256410 , 0.384615 , -1.774972
0.256410 , 0.410256 , -1.827257
0.256410 , 0.435897 , -1.881115
0.256410 , 0.461538 , -1.936247
0.256410 , 0.487179 , -1.991816
0.256410 , 0.512821 , -2.046678
0.256410 , 0.538462 , -2.101491
0.256410 , 0.564103 , -2.155745
0.256410 , 0.589744 , -2.207928
0.256410 , 0.615385 , -2.258332
0.256410 , 0.641026 , -2.307987
0.256410 , 0.666667 , -2.355089
0.256410 , 0.692308 , -2.398572
0.256410 , 0.717949 , -2.438536
0.256410 , 0.743590 , -2.475407
0.256410 , 0.769231 , -2.510253
0.256410 , 0.794872 , -2.541002
0.256410 , 0.820513 , -2.567161
0.256410 , 0.846154 , -2.589959
0.256410 , 0.871795 , -2.608275
0.256410 , 0.897436 , -2.622899
0.256410 , 0.923077 , -2.634346
0.256410 , 0.948718 , -2.643040
0.256410 , 0.974359 , -2.647555
0.256410 , 1.000000 , -2.649160
0.282051 , 0.000000 , -1.189885
0.282051 , 0.025641 , -1.191888
0.282051 , 0.051282 , -1.196714
0.282051 , 0.076923 , -1.204025
0.282051 , 0.102564 , -1.215054
0.282051 , 0.128205 , -1.230978
0.282051 , 0.153846 , -1.249601
0.282051 , 0.179487 , -1.272281
0.282051 , 0.205128 , -1.298215
0.282051 , 0.230769 , -1.328399
0.282051 , 0.256410 , -1.362094
0.282051 , 0.282051 , -1.400722
0.282051 , 0.307692 , -1.444594
0.282051 , 0.333333 , -1.492574
0.282051 , 0.358974 , -1.544429
0.282051 , 0.384615 , -1.598424
0.282051 , 0.410256 , -1.654855
0.282051 , 0.435897 , -1.713481
0.282051 , 0.461538 , -1.773634
0.282051 , 0.487179 , -1.834035
0.282051 , 0.512821 , -1.894055
0.282051 , 0.538462 , -1.954142
0.282051 , 0.564103 , -2.013499
0.282051 , 0.589744 , -2.071079
0.282051 , 0.615385 , -2.126414
0.282051 , 0.641026 , -2.181050
0.282051 , 0.666667 , -2.233423
0.282051 , 0.692308 , -2.281693
0.282051 , 0.717949 , -2.326389
0.282051 , 0.743590 , -2.367846
0.282051 , 0.769231 , -2.407015
0.282051 , 0.794872 , -2.441488
0.282051 , 0.820513 , -2.470198
0.282051 , 0.846154 , -2.494895
0.282051 , 0.871795 , -2.515739
0.282051 , 0.897436 , -2.532837
0.282051 , 0.923077 , -2.545548
0.282051 , 0.948718 , -2.554993
0.282051 , 0.974359 , -2.560561
0.282051 , 1.000000 , -2.561890
0.307692 , 0.000000 , -0.972478
0.307692 , 0.025641 , -0.974502
0.307692 , 0.051282 , -0.981122
0.307692 , 0.076923 , -0.990368
0.307692 , 0.102564 , -1.003139
0.307692 , 0.128205 , -1.020200
0.307692 , 0.153846 , -1.041094
0.307692 , 0.179487 , -1.065963
0.307692 , 0.205128 , -1.095132
0.307692 , 0.230769 , -1.129222
0.307692 , 0.256410 , -1.167675
0.307692 , 0.282051 , -1.210774
0.307692 , 0.307692 , -1.258548
0.307692 , 0.333333 , -1.309962
0.307692 , 0.358974 , -1.365468
0.307692 , 0.384615 , -1.423831
0.307692 , 0.410256 , -1.484858
0.307692 , 0.435897 , -1.548420
0.307692 , 0.461538 , -1.612734
0.307692 , 0.487179 , -1.678480
0.307692 , 0.512821 , -1.743882
0.307692 , 0.538462 , -1.809281
0.307692 , 0.564103 , -1.873812
0.307692 , 0.589744 , -1.937165
0.307692 , 0.615385 , -1.998459
0.307692 , 0.641026 , -2.057781
0.307692 , 0.666667 , -2.114439
0.307692 , 0.692308 , -2.167558
0.307692 , 0.717949 , -2.216966
0.307692 , 0.743590 , -2.262738
0.307692 , 0.769231 , -2.305430
0.307692 , 0.794872 , -2.343186
0.307692 , 0.820513 , -2.375727
0.307692 , 0.846154 , -2.404106
0.307692 , 0.871795 , -2.427536
0.307692 , 0.897436 , -2.446451
0.307692 , 0.923077 , -2.460830
0.307692 , 0.948718 , -2.471125
0.307692 , 0.974359 , -2.477719
0.307692 , 1.000000 , -2.479086
0.333333 , 0.000000 , -0.755710
0.333333 , 0.025641 , -0.758009
0.333333 , 0.051282 , -0.765026
0.333333 , 0.076923 , -0.776240
0.333333 , 0.102564 , -0.792398
0.333333 , 0.128205 , -0.811413
0.333333 , 0.153846 , -0.834713
0.333333 , 0.179487 , -0.862317
0.333333 , 0.205128 , -0.893465
0.333333 , 0.230769 , -0.930901
0.333333 , 0.256410 , -0.973998
0.333333 , 0.282051 , -1.021425
0.333333 , 0.307692 , -1.073312
0.333333 , 0.333333 , -1.128603
0.333333 , 0.358974 , -1.188696
0.333333 , 0.384615 , -1.252097
0.333333 , 0.410256 , -1.317326
0.333333 , 0.435897 , -1.385296
0.333333 , 0.461538 , -1.454509
0.333333 , 0.487179 , -1.525388
0.333333 , 0.512821 , -1.596674
0.333333 , 0.538462 , -1.667722
0.333333 , 0.564103 , -1.737646
0.333333 , 0.589744 , -1.806273
0.333333 , 0.615385 , -1.872938
0.333333 , 0.641026 , -1.937397
0.333333 , 0.666667 , -1.999072
0.333333 , 0.692308 , -2.057043
0.333333 , 0.717949 , -2.111463
0.333333 , 0.743590 , -2.161486
0.333333 , 0.769231 , -2.207648
0.333333 , 0.794872 , -2.249272
0.333333 , 0.820513 , -2.285091
0.333333 , 0.846154 , -2.317114
0.333333 , 0.871795 , -2.344154
0.333333 , 0.897436 , -2.365316
0.333333 , 0.923077 , -2.381770
0.333333 , 0.948718 , -2.393009
0.333333 , 0.974359 , -2.399947
0.333333 , 1.000000 , -2.401912
0.358974 , 0.000000 , -0.538120
0.358974 , 0.025641 , -0.541016
0.358974 , 0.051282 , -0.548542
0.358974 , 0.076923 , -0.561682
0.358974 , 0.102564 , -0.580251
0.358974 , 0.128205 , -0.601944
0.358974 , 0.153846 , -0.627220
0.358974 , 0.179487 , -0.657920
0.358974 , 0.205128 , -0.692717
0.358974 , 0.230769 , -0.734166
0.358974 , 0.256410 , -0.781334
0.358974 , 0.282051 , -0.833612
0.358974 , 0.307692 , -0.890007
0.358974 , 0.333333 , -0.950092
0.358974 , 0.358974 , -1.014430
0.358974 , 0.384615 , -1.082251
0.358974 , 0.410256 , -1.152527
0.358974 , 0.435897 , -1.225080
0.358974 , 0.461538 , -1.299193
0.358974 , 0.487179 , -1.375674
0.358974 , 0.512821 , -1.452739
0.358974 , 0.538462 , -1.529219
0.358974 , 0.564103 , -1.604985
0.358974 , 0.589744 , -1.679298
0.358974 , 0.615385 , -1.751251
0.358974 , 0.641026 , -1.820963
0.358974 , 0.666667 , -1.887631
0.358974 , 0.692308 , -1.950312
0.358974 , 0.717949 , -2.009235
0.358974 , 0.743590 , -2.064316
0.358974 , 0.769231 , -2.114326
0.358974 , 0.794872 , -2.160081
0.358974 , 0.820513 , -2.200649
0.358974 , 0.846154 , -2.235570
0.358974 , 0.871795 , -2.265204
0.358974 , 0.897436 , -2.288701
0.358974 , 0.923077 , -2.307704
0.358974 , 0.948718 , -2.320781
0.358974 , 0.974359 , -2.328391
0.358974 , 1.000000 , -2.330845
0.384615 , 0.000000 , -0.320892
0.384615 , 0.025641 , -0.323629
0.384615 , 0.051282 , -0.331909
0.384615 , 0.076923 , -0.346324
0.384615 , 0.102564 , -0.366798
0.384615 , 0.128205 , -0.390728
0.384615 , 0.153846 , -0.419583
0.384615 , 0.179487 , -0.453127
0.384615 , 0.205128 , -0.492237
0.384615 , 0.230769 , -0.538147
0.384615 , 0.256410 , -0.590008
0.384615 , 0.282051 , -0.647191
0.384615 , 0.307692 , -0.708070
0.384615 , 0.333333 , -0.772782
0.384615 , 0.358974 , -0.842050
0.384615 , 0.384615 , -0.914588
0.384615 , 0.410256 , -0.990189
0.384615 , 0.435897 , -1.068132
0.384615 , 0.461538 , -1.148045
0.384615 , 0.487179 , -1.230178
0.384615 , 0.512821 , -1.312787
0.384615 , 0.538462 , -1.395021
0.384615 , 0.564103 , -1.476562
0.384615 , 0.589744 , -1.556523
0.384615 , 0.615385 , -1.634063
0.384615 , 0.641026 , -1.709030
0.384615 , 0.666667 , -1.780267
0.384615 , 0.692308 , -1.848332
0.384615 , 0.717949 , -1.912231
0.384615 , 0.743590 , -1.972427
0.384615 , 0.769231 , -2.027160
0.384615 , 0.794872 , -2.076519
0.384615 , 0.820513 , -2.121269
0.384615 , 0.846154 , -2.160137
0.384615 , 0.871795 , -2.192570
0.384615 , 0.897436 , -2.219014
0.384615 , 0.923077 , -2.239800
0.384615 , 0.948718 , -2.254486
0.384615 , 0.974359 , -2.263060
0.384615 , 1.000000 , -2.265911
0.410256 , 0.000000 , -0.103800
0.410256 , 0.025641 , -0.106064
0.410256 , 0.051282 , -0.115070
0.410256 , 0.076923 , -0.130671
0.410256 , 0.102564 , -0.152516
0.410256 , 0.128205 , -0.179415
0.410256 , 0.153846 , -0.212023
0.410256 , 0.179487 , -0.249669
0.410256 , 0.205128 , -0.293221
0.410256 , 0.230769 , -0.343160
0.410256 , 0.256410 , -0.399525
0.410256 , 0.282051 , -0.460519
0.410256 , 0.307692 , -0.526620
0.410256 , 0.333333 , -0.596988
0.410256 , 0.358974 , -0.671731
0.410256 , 0.384615 , -0.749592
0.410256 , 0.410256 , -0.831236
0.410256 , 0.435897 , -0.915019
0.410256 , 0.461538 , -1.000796
0.410256 , 0.487179 , -1.088444
0.410256 , 0.512821 , -1.177133
0.410256 , 0.538462 , -1.265183
0.410256 , 0.564103 , -1.353043
0.410256 , 0.589744 , -1.438680
0.410256 , 0.615385 , -1.521482
0.410256 , 0.641026 , -1.602190
0.410256 , 0.666667 , -1.679385
0.410256 , 0.692308 , -1.752984
0.410256 , 0.717949 , -1.821991
0.410256 , 0.743590 , -1.886630
0.410256 , 0.769231 , -1.945950
0.410256 , 0.794872 , -2.000079
0.410256 , 0.820513 , -2.048924
0.410256 , 0.846154 , -2.091205
0.410256 , 0.871795 , -2.126497
0.410256 , 0.897436 , -2.155335
0.410256 , 0.923077 , -2.178350
0.410256 , 0.948718 , -2.194990
0.410256 , 0.974359 , -2.204523
0.410256 , 1.000000 , -2.206962
0.435897 , 0.000000 , 0.114691
0.435897 , 0.025641 , 0.111743
0.435897 , 0.051282 , 0.102349
0.435897 , 0.076923 , 0.085800
0.435897 , 0.102564 , 0.061920
0.435897 , 0.128205 , 0.032523
0.435897 , 0.153846 , -0.003776
0.435897 , 0.179487 , -0.045787
0.435897 , 0.205128 , -0.094042
0.435897 , 0.230769 , -0.148525
0.435897 , 0.256410 , -0.209740
0.435897 , 0.282051 , -0.275822
0.435897 , 0.307692 , -0.346665
0.435897 , 0.333333 , -0.422718
0.435897 , 0.358974 , -0.503765
0.435897 , 0.384615 , -0.587477
0.435897 , 0.410256 , -0.675118
0.435897 , 0.435897 , -0.765272
0.435897 , 0.461538 , -0.857423
0.435897 , 0.487179 , -0.950828
0.435897 , 0.512821 , -1.045499
0.435897 , 0.538462 , -1.140088
0.435897 , 0.564103 , -1.233860
0.435897 , 0.589744 , -1.325939
0.435897 , 0.615385 , -1.414717
0.435897 , 0.641026 , -1.501587
0.435897 , 0.666667 , -1.584737
0.435897 , 0.692308 , -1.663816
0.435897 , 0.717949 , -1.738275
0.435897 , 0.743590 , -1.808151
0.435897 , 0.769231 , -1.872757
0.435897 , 0.794872 , -1.931789
0.435897 , 0.820513 , -1.984465
0.435897 , 0.846154 , -2.030020
0.435897 , 0.871795 , -2.068939
0.435897 , 0.897436 , -2.100417
0.435897 , 0.923077 , -2.125719
0.435897 , 0.948718 , -2.143723
0.435897 , 0.974359 , -2.154606
0.435897 , 1.000000 , -2.158190
0.461538 , 0.000000 , 0.335268
0.461538 , 0.025641 , 0.331809
0.461538 , 0.051282 , 0.321058
0.461538 , 0.076923 , 0.303510
0.461538 , 0.102564 , 0.277549
0.461538 , 0.128205 , 0.244412
0.461538 , 0.153846 , 0.204887
0.461538 , 0.179487 , 0.158934
0.461538 , 0.205128 , 0.105850
0.461538 , 0.230769 , 0.046786
0.461538 , 0.256410 , -0.019224
0.461538 , 0.282051 , -0.091686
0.461538 , 0.307692 , -0.168501
0.461538 , 0.333333 , -0.250281
0.461538 , 0.358974 , -0.337363
0.461538 , 0.384615 , -0.427876
0.461538 , 0.410256 , -0.522024
0.461538 , 0.435897 , -0.619368
0.461538 , 0.461538 , -0.718215
0.461538 , 0.487179 , -0.818122
0.461538 , 0.512821 , -0.919197
0.461538 , 0.538462 , -1.020555
0.461538 , 0.564103 , -1.120574
0.461538 , 0.589744 , -1.218886
0.461538 , 0.615385 , -1.314916
0.461538 , 0.641026 , -1.407737
0.461538 , 0.666667 , -1.497339
0.461538 , 0.692308 , -1.582441
0.461538 , 0.717949 , -1.663139
0.461538 , 0.743590 , -1.738186
0.461538 , 0.769231 , -1.807859
0.461538 , 0.794872 , -1.871998
0.461538 , 0.820513 , -1.929379
0.461538 , 0.846154 , -1.978527
0.461538 , 0.871795 , -2.020261
0.461538 , 0.897436 , -2.054982
0.461538 , 0.923077 , -2.081881
0.461538 , 0.948718 , -2.101186
0.461538 , 0.974359 , -2.113360
0.461538 , 1.000000 , -2.117558
0.487179 , 0.000000 , 0.558859
0.487179 , 0.025641 , 0.554078
0.487179 , 0.051282 , 0.542391
0.487179 , 0.076923 , 0.522608
0.487179 , 0.102564 , 0.494149
0.487179 , 0.128205 , 0.457321
0.487179 , 0.153846 , 0.413890
0.487179 , 0.179487 , 0.363853
0.487179 , 0.205128 , 0.306435
0.487179 , 0.230769 , 0.242429
0.487179 , 0.256410 , 0.171096
0.487179 , 0.282051 , 0.092490
0.487179 , 0.307692 , 0.008824
0.487179 , 0.333333 , -0.079201
0.487179 , 0.358974 , -0.172526
0.487179 , 0.384615 , -0.270267
0.487179 , 0.410256 , -0.371472
0.487179 , 0.435897 , -0.475864
0.487179 , 0.461538 , -0.582359
0.487179 , 0.487179 , -0.690085
0.487179 , 0.512821 , -0.798460
0.487179 , 0.538462 , -0.906925
0.487179 , 0.564103 , -1.014591
0.487179 , 0.589744 , -1.119676
0.487179 , 0.615385 , -1.222983
0.487179 , 0.641026 , -1.322912
0.487179 , 0.666667 , -1.419043
0.487179 , 0.692308 , -1.510640
0.487179 , 0.717949 , -1.597097
0.487179 , 0.743590 , -1.677848
0.487179 , 0.769231 , -1.753203
0.487179 , 0.794872 , -1.821986
0.487179 , 0.820513 , -1.883980
0.487179 , 0.846154 , -1.937576
0.487179 , 0.871795 , -1.982394
0.487179 , 0.897436 , -2.019752
0.487179 , 0.923077 , -2.048442
0.487179 , 0.948718 , -2.069165
0.487179 , 0.974359 , -2.081885
0.487179 , 1.000000 , -2.086007
0.512821 , 0.000000 , 0.785351
0.512821 , 0.025641 , 0.779788
0.512821 , 0.051282 , 0.765294
0.512821 , 0.076923 , 0.743448
0.512821 , 0.102564 , 0.712818
0.512821 , 0.128205 , 0.672719
0.512821 , 0.153846 , 0.624819
0.512821 , 0.179487 , 0.569912
0.512821 , 0.205128 , 0.507585
0.512821 , 0.230769 , 0.439278
0.512821 , 0.256410 , 0.362266
0.512821 , 0.282051 , 0.278028
0.512821 , 0.307692 , 0.186921
0.512821 , 0.333333 , 0.091568
0.512821 , 0.358974 , -0.009093
0.512821 , 0.384615 , -0.114256
0.512821 , 0.410256 , -0.223374
0.512821 , 0.435897 , -0.335922
0.512821 , 0.461538 , -0.450557
0.512821 , 0.487179 , -0.566480
0.512821 , 0.512821 , -0.683017
0.512821 , 0.538462 , -0.799554
0.512821 , 0.564103 , -0.915322
0.512821 , 0.589744 , -1.029111
0.512821 , 0.615385 , -1.139674
0.512821 , 0.641026 , -1.247132
0.512821 , 0.666667 , -1.350490
0.512821 , 0.692308 , -1.448824
0.512821 , 0.717949 , -1.541421
0.512821 , 0.743590 , -1.627954
0.512821 , 0.769231 , -1.709039
0.512821 , 0.794872 , -1.783062
0.512821 , 0.820513 , -1.849108
0.512821 , 0.846154 , -1.906769
0.512821 , 0.871795 , -1.955843
0.512821 , 0.897436 , -1.995849
0.512821 , 0.923077 , -2.027439
0.512821 , 0.948718 , -2.049436
0.512821 , 0.974359 , -2.062076
0.512821 , 1.000000 , -2.066120
0.538462 , 0.000000 , 1.014887
0.538462 , 0.025641 , 1.009007
0.538462 , 0.051282 , 0.993323
0.538462 , 0.076923 , 0.967677
0.538462 , 0.102564 , 0.934150
0.538462 , 0.128205 , 0.890960
0.538462 , 0.153846 , 0.839472
0.538462 , 0.179487 , 0.779970
0.538462 , 0.205128 , 0.711940
0.538462 , 0.230769 , 0.637807
0.538462 , 0.256410 , 0.555254
0.538462 , 0.282051 , 0.464497
0.538462 , 0.307692 , 0.366181
0.538462 , 0.333333 , 0.262547
0.538462 , 0.358974 , 0.153840
0.538462 , 0.384615 , 0.040365
0.538462 , 0.410256 , -0.077470
0.538462 , 0.435897 , -0.198777
0.538462 , 0.461538 , -0.322976
0.538462 , 0.487179 , -0.448566
0.538462 , 0.512821 , -0.574354
0.538462 , 0.538462 , -0.699859
0.538462 , 0.564103 , -0.824133
0.538462 , 0.589744 , -0.946363
0.538462 , 0.615385 , -1.065757
0.538462 , 0.641026 , -1.181321
0.538462 , 0.666667 , -1.292404
0.538462 , 0.692308 , -1.398074
0.538462 , 0.717949 , -1.497510
0.538462 , 0.743590 , -1.590354
0.538462 , 0.769231 , -1.676600
0.538462 , 0.794872 , -1.755860
0.538462 , 0.820513 , -1.827396
0.538462 , 0.846154 , -1.889194
0.538462 , 0.871795 , -1.941111
0.538462 , 0.897436 , -1.983849
0.538462 , 0.923077 , -2.018380
0.538462 , 0.948718 , -2.042162
0.538462 , 0.974359 , -2.055127
0.538462 , 1.000000 , -2.059963
0.564103 , 0.000000 , 1.246842
0.564103 , 0.025641 , 1.241258
0.564103 , 0.051282 , 1.224840
0.564103 , 0.076923 , 1.197067
0.564103 , 0.102564 , 1.159473
0.564103 , 0.128205 , 1.112852
0.564103 , 0.153846 , 1.057573
0.564103 , 0.179487 , 0.993836
0.564103 , 0.205128 , 0.921182
0.564103 , 0.230769 , 0.840345
0.564103 , 0.256410 , 0.750971
0.564103 , 0.282051 , 0.652988
0.564103 , 0.307692 , 0.547340
0.564103 , 0.333333 , 0.434751
0.564103 , 0.358974 , 0.316747
0.564103 , 0.384615 , 0.193843
0.564103 , 0.410256 , 0.066375
0.564103 , 0.435897 , -0.064831
0.564103 , 0.461538 , -0.199386
0.564103 , 0.487179 , -0.335520
0.564103 , 0.512821 , -0.472500
0.564103 , 0.538462 , -0.608266
0.564103 , 0.564103 , -0.742132
0.564103 , 0.589744 , -0.873554
0.564103 , 0.615385 , -1.002196
0.564103 , 0.641026 , -1.126722
0.564103 , 0.666667 , -1.246625
0.564103 , 0.692308 , -1.359957
0.564103 , 0.717949 , -1.466747
0.564103 , 0.743590 , -1.565801
0.564103 , 0.769231 , -1.657742
0.564103 , 0.794872 , -1.742146
0.564103 , 0.820513 , -1.818236
0.564103 , 0.846154 , -1.884780
0.564103 , 0.871795 , -1.940251
0.564103 , 0.897436 , -1.985499
0.564103 , 0.923077 , -2.021794
0.564103 , 0.948718 , -2.047312
0.564103 , 0.974359 , -2.061735
0.564103 , 1.000000 , -2.066376
0.589744 , 0.000000 , 1.482069
0.589744 , 0.025641 , 1.476835
0.589744 , 0.051282 , 1.459545
0.589744 , 0.076923 , 1.430834
0.589744 , 0.102564 , 1.390749
0.589744 , 0.128205 , 1.340647
0.589744 , 0.153846 , 1.280829
0.589744 , 0.179487 , 1.212725
0.589744 , 0.205128 , 1.135058
0.589744 , 0.230769 , 1.047896
0.589744 , 0.256410 , 0.950884
0.589744 , 0.282051 , 0.844325
0.589744 , 0.307692 , 0.730494
0.589744 , 0.333333 , 0.608827
0.589744 , 0.358974 , 0.480606
0.589744 , 0.384615 , 0.347230
0.589744 , 0.410256 , 0.208417
0.589744 , 0.435897 , 0.065647
0.589744 , 0.461538 , -0.080155
0.589744 , 0.487179 , -0.227576
0.589744 , 0.512821 , -0.376010
0.589744 , 0.538462 , -0.523992
0.589744 , 0.564103 , -0.669660
0.589744 , 0.589744 , -0.811829
0.589744 , 0.615385 , -0.950772
0.589744 , 0.641026 , -1.085266
0.589744 , 0.666667 , -1.214564
0.589744 , 0.692308 , -1.336231
0.589744 , 0.717949 , -1.449760
0.589744 , 0.743590 , -1.555545
0.589744 , 0.769231 , -1.653942
0.589744 , 0.794872 , -1.743940
0.589744 , 0.820513 , -1.824126
0.589744 , 0.846154 , -1.893968
0.589744 , 0.871795 , -1.953521
0.589744 , 0.897436 , -2.002354
0.589744 , 0.923077 , -2.040433
0.589744 , 0.948718 , -2.066806
0.589744 , 0.974359 , -2.082678
0.589744 , 1.000000 , -2.087521
0.615385 , 0.000000 , 1.722491
0.615385 , 0.025641 , 1.716958
0.615385 , 0.051282 , 1.698874
0.615385 , 0.076923 , 1.668080
0.615385 , 0.102564 , 1.625935
0.615385 , 0.128205 , 1.573766
0.615385 , 0.153846 , 1.510501
0.615385 , 0.179487 , 1.436966
0.615385 , 0.205128 , 1.353450
0.615385 , 0.230769 , 1.259782
0.615385 , 0.256410 , 1.155204
0.615385 , 0.282051 , 1.040212
0.615385 , 0.307692 , 0.917063
0.615385 , 0.333333 , 0.785534
0.615385 , 0.358974 , 0.646385
0.615385 , 0.384615 , 0.501059
0.615385 , 0.410256 , 0.349814
0.615385 , 0.435897 , 0.193408
0.615385 , 0.461538 , 0.034791
0.615385 , 0.487179 , -0.125518
0.615385 , 0.512821 , -0.286565
0.615385 , 0.538462 , -0.447476
0.615385 , 0.564103 , -0.606345
0.615385 , 0.589744 , -0.760825
0.615385 , 0.615385 , -0.910763
0.615385 , 0.641026 , -1.056251
0.615385 , 0.666667 , -1.195692
0.615385 , 0.692308 , -1.326642
0.615385 , 0.717949 , -1.448085
0.615385 , 0.743590 , -1.561286
0.615385 , 0.769231 , -1.665799
0.615385 , 0.794872 , -1.760609
0.615385 , 0.820513 , -1.845844
0.615385 , 0.846154 , -1.919826
0.615385 , 0.871795 , -1.982563
0.615385 , 0.897436 , -2.033718
0.615385 , 0.923077 , -2.073547
0.615385 , 0.948718 , -2.101858
0.615385 , 0.974359 , -2.118772
0.615385 , 1.000000 , -2.123671
0.641026 , 0.000000 , 1.968054
0.641026 , 0.025641 , 1.961825
0.641026 , 0.051282 , 1.943240
0.641026 , 0.076923 , 1.911184
0.641026 , 0.102564 , 1.867528
0.641026 , 0.128205 , 1.812945
0.641026 , 0.153846 , 1.746649
0.641026 , 0.179487 , 1.667886
0.641026 , 0.205128 , 1.577747
0.641026 , 0.230769 , 1.477243
0.641026 , 0.256410 , 1.365343
0.641026 , 0.282051 , 1.241900
0.641026 , 0.307692 , 1.108824
0.641026 , 0.333333 , 0.966220
0.641026 , 0.358974 , 0.814689
0.641026 , 0.384615 , 0.655539
0.641026 , 0.410256 , 0.490466
0.641026 , 0.435897 , 0.319371
0.641026 , 0.461538 , 0.146010
0.641026 , 0.487179 , -0.028923
0.641026 , 0.512821 , -0.204500
0.641026 , 0.538462 , -0.380295
0.641026 , 0.564103 , -0.552900
0.641026 , 0.589744 , -0.721260
0.641026 , 0.615385 , -0.884360
0.641026 , 0.641026 , -1.041722
0.641026 , 0.666667 , -1.191558
0.641026 , 0.692308 , -1.332721
0.641026 , 0.717949 , -1.462778
0.641026 , 0.743590 , -1.584091
0.641026 , 0.769231 , -1.695285
0.641026 , 0.794872 , -1.795153
0.641026 , 0.820513 , -1.884960
0.641026 , 0.846154 , -1.962918
0.641026 , 0.871795 , -2.028170
0.641026 , 0.897436 , -2.081262
0.641026 , 0.923077 , -2.122882
0.641026 , 0.948718 , -2.152524
0.641026 , 0.974359 , -2.170806
0.641026 , 1.000000 , -2.176409
0.666667 , 0.000000 , 2.218873
0.666667 , 0.025641 , 2.212361
0.666667 , 0.051282 , 2.193380
0.666667 , 0.076923 , 2.160977
0.666667 , 0.102564 , 2.116316
0.666667 , 0.128205 , 2.059092
0.666667 , 0.153846 , 1.989197
0.666667 , 0.179487 , 1.906788
0.666667 , 0.205128 , 1.810896
0.666667 , 0.230769 , 1.703365
0.666667 , 0.256410 , 1.583572
0.666667 , 0.282051 , 1.451468
0.666667 , 0.307692 , 1.307382
0.666667 , 0.333333 , 1.152376
0.666667 , 0.358974 , 0.986855
0.666667 , 0.384615 , 0.812567
0.666667 , 0.410256 , 0.631343
0.666667 , 0.435897 , 0.444297
0.666667 , 0.461538 , 0.254698
0.666667 , 0.487179 , 0.063239
0.666667 , 0.512821 , -0.129565
0.666667 , 0.538462 , -0.321539
0.666667 , 0.564103 , -0.510499
0.666667 , 0.589744 , -0.694264
0.666667 , 0.615385 , -0.872150
0.666667 , 0.641026 , -1.042866
0.666667 , 0.666667 , -1.204543
0.666667 , 0.692308 , -1.356087
0.666667 , 0.717949 , -1.496385
0.666667 , 0.743590 , -1.626413
0.666667 , 0.769231 , -1.744199
0.666667 , 0.794872 , -1.849902
0.666667 , 0.820513 , -1.943050
0.666667 , 0.846154 , -2.023856
0.666667 , 0.871795 , -2.091339
0.666667 , 0.897436 , -2.146433
0.666667 , 0.923077 , -2.189936
0.666667 , 0.948718 , -2.220735
0.666667 , 0.974359 , -2.239201
0.666667 , 1.000000 , -2.245531
0.692308 , 0.000000 , 2.476446
0.692308 , 0.025641 , 2.469645
0.692308 , 0.051282 , 2.450523
0.692308 , 0.076923 , 2.417911
0.692308 , 0.102564 , 2.372810
0.692308 , 0.128205 , 2.313253
0.692308 , 0.153846 , 2.240157
0.692308 , 0.179487 , 2.154203
0.692308 , 0.205128 , 2.053431
0.692308 , 0.230769 , 1.938531
0.692308 , 0.256410 , 1.810702
0.692308 , 0.282051 , 1.668004
0.692308 , 0.307692 , 1.512480
0.692308 , 0.333333 , 1.343774
0.692308 , 0.358974 , 1.163177
0.692308 , 0.384615 , 0.972492
0.692308 , 0.410256 , 0.773977
0.692308 , 0.435897 , 0.569122
0.692308 , 0.461538 , 0.360901
0.692308 , 0.487179 , 0.150157
0.692308 , 0.512821 , -0.061509
0.692308 , 0.538462 , -0.271516
0.692308 , 0.564103 , -0.478163
0.692308 , 0.589744 , -0.679668
0.692308 , 0.615385 , -0.873817
0.692308 , 0.641026 , -1.059551
0.692308 , 0.666667 , -1.235904
0.692308 , 0.692308 , -1.399321
0.692308 , 0.717949 , -1.549947
0.692308 , 0.743590 , -1.688447
0.692308 , 0.769231 , -1.813364
0.692308 , 0.794872 , -1.924734
0.692308 , 0.820513 , -2.021805
0.692308 , 0.846154 , -2.105291
0.692308 , 0.871795 , -2.175400
0.692308 , 0.897436 , -2.232008
0.692308 , 0.923077 , -2.275810
0.692308 , 0.948718 , -2.306935
0.692308 , 0.974359 , -2.325685
0.692308 , 1.000000 , -2.332088
0.717949 , 0.000000 , 2.739733
0.717949 , 0.025641 , 2.733315
0.717949 , 0.051282 , 2.714171
0.717949 , 0.076923 , 2.681960
0.717949 , 0.102564 , 2.636487
0.717949 , 0.128205 , 2.576027
0.717949 , 0.153846 , 2.500567
0.717949 , 0.179487 , 2.410488
0.717949 , 0.205128 , 2.304912
0.717949 , 0.230769 , 2.183583
0.717949 , 0.256410 , 2.046672
0.717949 , 0.282051 , 1.892604
0.717949 , 0.307692 , 1.723770
0.717949 , 0.333333 , 1.541353
0.717949 , 0.358974 , 1.345202
0.717949 , 0.384615 , 1.137066
0.717949 , 0.410256 , 0.919279
0.717949 , 0.435897 , 0.694683
0.717949 , 0.461538 , 0.464989
0.717949 , 0.487179 , 0.232335
0.717949 , 0.512821 , -0.000456
0.717949 , 0.538462 , -0.231307
0.717949 , 0.564103 , -0.458374
0.717949 , 0.589744 , -0.679293
0.717949 , 0.615385 , -0.892131
0.717949 , 0.641026 , -1.094817
0.717949 , 0.666667 , -1.287075
0.717949 , 0.692308 , -1.464506
0.717949 , 0.717949 , -1.626681
0.717949 , 0.743590 , -1.773779
0.717949 , 0.769231 , -1.905244
0.717949 , 0.794872 , -2.022027
0.717949 , 0.820513 , -2.122891
0.717949 , 0.846154 , -2.209104
0.717949 , 0.871795 , -2.281562
0.717949 , 0.897436 , -2.339094
0.717949 , 0.923077 , -2.381909
0.717949 , 0.948718 , -2.412942
0.717949 , 0.974359 , -2.431586
0.717949 , 1.000000 , -2.438449
0.743590 , 0.000000 , 3.009475
0.743590 , 0.025641 , 3.003433
0.743590 , 0.051282 , 2.984564
0.743590 , 0.076923 , 2.953340
0.743590 , 0.102564 , 2.908010
0.743590 , 0.128205 , 2.847542
0.743590 , 0.153846 , 2.770689
0.743590 , 0.179487 , 2.677339
0.743590 , 0.205128 , 2.566777
0.743590 , 0.230769 , 2.438983
0.743590 , 0.256410 , 2.293535
0.743590 , 0.282051 , 2.128359
0.743590 , 0.307692 , 1.945671
0.743590 , 0.333333 , 1.748117
0.743590 , 0.358974 , 1.534356
0.743590 , 0.384615 , 1.306677
0.743590 , 0.410256 , 1.067918
0.743590 , 0.435897 , 0.821369
0.743590 , 0.461538 , 0.567898
0.743590 , 0.487179 , 0.311218
0.743590 , 0.512821 , 0.053832
0.743590 , 0.538462 , -0.201284
0.743590 , 0.564103 , -0.452002
0.743590 , 0.589744 , -0.695115
0.743590 , 0.615385 , -0.928479
0.743590 , 0.641026 , -1.150036
0.743590 , 0.666667 , -1.358893
0.743590 , 0.692308 , -1.551759
0.743590 , 0.717949 , -1.726617
0.743590 , 0.743590 , -1.883803
0.743590 , 0.769231 , -2.021915
0.743590 , 0.794872 , -2.142718
0.743590 , 0.820513 , -2.246614
0.743590 , 0.846154 , -2.334379
0.743590 , 0.871795 , -2.408424
0.743590 , 0.897436 , -2.466710
0.743590 , 0.923077 , -2.509534
0.743590 , 0.948718 , -2.539789
0.743590 , 0.974359 , -2.557701
0.743590 , 1.000000 , -2.563659
0.769231 , 0.000000 , 3.285835
0.769231 , 0.025641 , 3.280288
0.769231 , 0.051282 , 3.262584
0.769231 , 0.076923 , 3.232875
0.769231 , 0.102564 , 3.188719
0.769231 , 0.128205 , 3.128842
0.769231 , 0.153846 , 3.052198
0.769231 , 0.179487 , 2.956792
0.769231 , 0.205128 , 2.841869
0.769231 , 0.230769 , 2.707405
0.769231 , 0.256410 , 2.553695
0.769231 , 0.282051 , 2.378224
0.769231 , 0.307692 , 2.181370
0.769231 , 0.333333 , 1.966223
0.769231 , 0.358974 , 1.732583
0.769231 , 0.384615 , 1.482982
0.769231 , 0.410256 , 1.220391
0.769231 , 0.435897 , 0.949388
0.769231 , 0.461538 , 0.670092
0.769231 , 0.487179 , 0.385446
0.769231 , 0.512821 , 0.100717
0.769231 , 0.538462 , -0.182270
0.769231 , 0.564103 , -0.460125
0.769231 , 0.589744 , -0.729094
0.769231 , 0.615385 , -0.985714
0.769231 , 0.641026 , -1.228445
0.769231 , 0.666667 , -1.454974
0.769231 , 0.692308 , -1.663409
0.769231 , 0.717949 , -1.851151
0.769231 , 0.743590 , -2.019152
0.769231 , 0.769231 , -2.165899
0.769231 , 0.794872 , -2.291713
0.769231 , 0.820513 , -2.398184
0.769231 , 0.846154 , -2.486129
0.769231 , 0.871795 , -2.558647
0.769231 , 0.897436 , -2.616018
0.769231 , 0.923077 , -2.657866
0.769231 , 0.948718 , -2.687033
0.769231 , 0.974359 , -2.703835
0.769231 , 1.000000 , -2.709494
0.794872 , 0.000000 , 3.568081
0.794872 , 0.025641 , 3.562818
0.794872 , 0.051282 , 3.547066
0.794872 , 0.076923 , 3.519785
0.794872 , 0.102564 , 3.478751
0.794872 , 0.128205 , 3.420954
0.794872 , 0.153846 , 3.344822
0.794872 , 0.179487 , 3.249068
0.794872 , 0.205128 , 3.132511
0.794872 , 0.230769 , 2.992206
0.794872 , 0.256410 , 2.829826
0.794872 , 0.282051 , 2.642903
0.794872 , 0.307692 , 2.431409
0.794872 , 0.333333 , 2.197809
0.794872 , 0.358974 , 1.942798
0.794872 , 0.384615 , 1.668796
0.794872 , 0.410256 , 1.379435
0.794872 , 0.435897 , 1.079223
0.794872 , 0.461538 , 0.770658
0.794872 , 0.487179 , 0.455560
0.794872 , 0.512821 , 0.138991
0.794872 , 0.538462 , -0.174732
0.794872 , 0.564103 , -0.482758
0.794872 , 0.589744 , -0.781272
0.794872 , 0.615385 , -1.064722
0.794872 , 0.641026 , -1.330486
0.794872 , 0.666667 , -1.577456
0.794872 , 0.692308 , -1.803069
0.794872 , 0.717949 , -2.005568
0.794872 , 0.743590 , -2.183821
0.794872 , 0.769231 , -2.337456
0.794872 , 0.794872 , -2.468365
0.794872 , 0.820513 , -2.576580
0.794872 , 0.846154 , -2.664650
0.794872 , 0.871795 , -2.734862
0.794872 , 0.897436 , -2.789062
0.794872 , 0.923077 , -2.828043
0.794872 , 0.948718 , -2.854533
0.794872 , 0.974359 , -2.869120
0.794872 , 1.000000 , -2.873867
0.820513 , 0.000000 , 3.855553
0.820513 , 0.025641 , 3.850701
0.820513 , 0.051282 , 3.837671
0.820513 , 0.076923 , 3.814306
0.820513 , 0.102564 , 3.777938
0.820513 , 0.128205 , 3.725574
0.820513 , 0.153846 , 3.653311
0.820513 , 0.179487 , 3.559277
0.820513 , 0.205128 , 3.441604
0.820513 , 0.230769 , 3.297111
0.820513 , 0.256410 , 3.125835
0.820513 , 0.282051 , 2.927565
0.820513 , 0.307692 , 2.700312
0.820513 , 0.333333 , 2.446495
0.820513 , 0.358974 , 2.167864
0.820513 , 0.384615 , 1.866231
0.820513 , 0.410256 , 1.546736
0.820513 , 0.435897 , 1.213748
0.820513 , 0.461538 , 0.870528
0.820513 , 0.487179 , 0.520680
0.820513 , 0.512821 , 0.168483
0.820513 , 0.538462 , -0.180898
0.820513 , 0.564103 , -0.522568
0.820513 , 0.589744 , -0.853161
0.820513 , 0.615385 , -1.166849
0.820513 , 0.641026 , -1.459029
0.820513 , 0.666667 , -1.728429
0.820513 , 0.692308 , -1.973046
0.820513 , 0.717949 , -2.190616
0.820513 , 0.743590 , -2.380295
0.820513 , 0.769231 , -2.541294
0.820513 , 0.794872 , -2.676430
0.820513 , 0.820513 , -2.785288
0.820513 , 0.846154 , -2.871668
0.820513 , 0.871795 , -2.938269
0.820513 , 0.897436 , -2.987020
0.820513 , 0.923077 , -3.020568
0.820513 , 0.948718 , -3.042177
0.820513 , 0.974359 , -3.053618
0.820513 , 1.000000 , -3.057222
0.846154 , 0.000000 , 4.144501
0.846154 , 0.025641 , 4.141481
0.846154 , 0.051282 , 4.132784
0.846154 , 0.076923 , 4.115856
0.846154 , 0.102564 , 4.087467
0.846154 , 0.128205 , 4.043515
0.846154 , 0.153846 , 3.978534
0.846154 , 0.179487 , 3.889037
0.846154 , 0.205128 , 3.771867
0.846154 , 0.230769 , 3.623928
0.846154 , 0.256410 , 3.445289
0.846154 , 0.282051 , 3.235472
0.846154 , 0.307692 , 2.990849
0.846154 , 0.333333 , 2.715720
0.846154 , 0.358974 , 2.410433
0.846154 , 0.384615 , 2.078818
0.846154 , 0.410256 , 1.724995
0.846154 , 0.435897 , 1.354593
0.846154 , 0.461538 , 0.971969
0.846154 , 0.487179 , 0.582208
0.846154 , 0.512821 , 0.189620
0.846154 , 0.538462 , -0.199996
0.846154 , 0.564103 , -0.581123
0.846154 , 0.589744 , -0.947880
0.846154 , 0.615385 , -1.294603
0.846154 , 0.641026 , -1.616537
0.846154 , 0.666667 , -1.911939
0.846154 , 0.692308 , -2.177663
0.846154 , 0.717949 , -2.412750
0.846154 , 0.743590 , -2.613918
0.846154 , 0.769231 , -2.782389
0.846154 , 0.794872 , -2.920204
0.846154 , 0.820513 , -3.028368
0.846154 , 0.846154 , -3.109521
0.846154 , 0.871795 , -3.168667
0.846154 , 0.897436 , -3.208609
0.846154 , 0.923077 , -3.233966
0.846154 , 0.948718 , -3.248467
0.846154 , 0.974359 , -3.254854
0.846154 , 1.000000 , -3.257233
0.871795 , 0.000000 , 4.431963
0.871795 , 0.025641 , 4.431328
0.871795 , 0.051282 , 4.429754
0.871795 , 0.076923 , 4.423533
0.871795 , 0.102564 , 4.407204
0.871795 , 0.128205 , 4.375136
0.871795 , 0.153846 , 4.321251
0.871795 , 0.179487 , 4.240379
0.871795 , 0.205128 , 4.127304
0.871795 , 0.230769 , 3.978782
0.871795 , 0.256410 , 3.793595
0.871795 , 0.282051 , 3.571004
0.871795 , 0.307692 , 3.308562
0.871795 , 0.333333 , 3.009108
0.871795 , 0.358974 , 2.674252
0.871795 , 0.384615 , 2.308581
0.871795 , 0.410256 , 1.916936
0.871795 , 0.435897 , 1.504362
0.871795 , 0.461538 , 1.076804
0.871795 , 0.487179 , 0.640215
0.871795 , 0.512821 , 0.201533
0.871795 , 0.538462 , -0.233179
0.871795 , 0.564103 , -0.657962
0.871795 , 0.589744 , -1.066656
0.871795 , 0.615385 , -1.452218
0.871795 , 0.641026 , -1.809107
0.871795 , 0.666667 , -2.134278
0.871795 , 0.692308 , -2.423830
0.871795 , 0.717949 , -2.676654
0.871795 , 0.743590 , -2.890375
0.871795 , 0.769231 , -3.065023
0.871795 , 0.794872 , -3.202246
0.871795 , 0.820513 , -3.306471
0.871795 , 0.846154 , -3.379781
0.871795 , 0.871795 , -3.427297
0.871795 , 0.897436 , -3.454070
0.871795 , 0.923077 , -3.466965
0.871795 , 0.948718 , -3.470345
0.871795 , 0.974359 , -3.469974
0.871795 , 1.000000 , -3.469493
0.897436 , 0.000000 , 4.713208
0.897436 , 0.025641 , 4.716747
0.897436 , 0.051282 , 4.725952
0.897436 , 0.076923 , 4.735624
0.897436 , 0.102564 , 4.737376
0.897436 , 0.128205 , 4.723204
0.897436 , 0.153846 , 4.685320
0.897436 , 0.179487 , 4.616894
0.897436 , 0.205128 , 4.512228
0.897436 , 0.230769 , 4.365486
0.897436 , 0.256410 , 4.174463
0.897436 , 0.282051 , 3.939406
0.897436 , 0.307692 , 3.657271
0.897436 , 0.333333 , 3.331701
0.897436 , 0.358974 , 2.964396
0.897436 , 0.384615 , 2.560420
0.897436 , 0.410256 , 2.125413
0.897436 , 0.435897 , 1.664966
0.897436 , 0.461538 , 1.186398
0.897436 , 0.487179 , 0.696372
0.897436 , 0.512821 , 0.203899
0.897436 , 0.538462 , -0.283556
0.897436 , 0.564103 , -0.759288
0.897436 , 0.589744 , -1.215219
0.897436 , 0.615385 , -1.643706
0.897436 , 0.641026 , -2.039546
0.897436 , 0.666667 , -2.398534
0.897436 , 0.692308 , -2.714879
0.897436 , 0.717949 , -2.987045
0.897436 , 0.743590 , -3.212818
0.897436 , 0.769231 , -3.393306
0.897436 , 0.794872 , -3.529288
0.897436 , 0.820513 , -3.624728
0.897436 , 0.846154 , -3.684549
0.897436 , 0.871795 , -3.714524
0.897436 , 0.897436 , -3.722206
0.897436 , 0.923077 , -3.716587
0.897436 , 0.948718 , -3.703795
0.897436 , 0.974359 , -3.692605
0.897436 , 1.000000 , -3.688827
0.923077 , 0.000000 , 4.979577
0.923077 , 0.025641 , 4.990070
0.923077 , 0.051282 , 5.016437
0.923077 , 0.076923 , 5.049488
0.923077 , 0.102564 , 5.077527
0.923077 , 0.128205 , 5.090042
0.923077 , 0.153846 , 5.075209
0.923077 , 0.179487 , 5.025129
0.923077 , 0.205128 , 4.932077
0.923077 , 0.230769 , 4.790374
0.923077 , 0.256410 , 4.596010
0.923077 , 0.282051 , 4.348197
0.923077 , 0.307692 , 4.045752
0.923077 , 0.333333 , 3.691119
0.923077 , 0.358974 , 3.287134
0.923077 , 0.384615 , 2.838880
0.923077 , 0.410256 , 2.353606
0.923077 , 0.435897 , 1.838434
0.923077 , 0.461538 , 1.301263
0.923077 , 0.487179 , 0.750993
0.923077 , 0.512821 , 0.196917
0.923077 , 0.538462 , -0.351807
0.923077 , 0.564103 , -0.886317
0.923077 , 0.589744 , -1.397143
0.923077 , 0.615385 , -1.875880
0.923077 , 0.641026 , -2.315790
0.923077 , 0.666667 , -2.711632
0.923077 , 0.692308 , -3.057414
0.923077 , 0.717949 , -3.350584
0.923077 , 0.743590 , -3.589252
0.923077 , 0.769231 , -3.773054
0.923077 , 0.794872 , -3.903942
0.923077 , 0.820513 , -3.987153
0.923077 , 0.846154 , -4.027791
0.923077 , 0.871795 , -4.034036
0.923077 , 0.897436 , -4.015389
0.923077 , 0.923077 , -3.982960
0.923077 , 0.948718 , -3.946580
0.923077 , 0.974359 , -3.918389
0.923077 , 1.000000 , -3.908149
0.948718 , 0.000000 , 5.220084
0.948718 , 0.025641 , 5.240848
0.948718 , 0.051282 , 5.293082
0.948718 , 0.076923 , 5.361083
0.948718 , 0.102564 , 5.427225
0.948718 , 0.128205 , 5.476299
0.948718 , 0.153846 , 5.494508
0.948718 , 0.179487 , 5.470333
0.948718 , 0.205128 , 5.395338
0.948718 , 0.230769 , 5.261569
0.948718 , 0.256410 , 5.065489
0.948718 , 0.282051 , 4.806208
0.948718 , 0.307692 , 4.481313
0.948718 , 0.333333 , 4.093993
0.948718 , 0.358974 , 3.648459
0.948718 , 0.384615 , 3.150695
0.948718 , 0.410256 , 2.607676
0.948718 , 0.435897 , 2.028928
0.948718 , 0.461538 , 1.424344
0.948718 , 0.487179 , 0.803840
0.948718 , 0.512821 , 0.178294
0.948718 , 0.538462 , -0.440554
0.948718 , 0.564103 , -1.042369
0.948718 , 0.589744 , -1.616634
0.948718 , 0.615385 , -2.153178
0.948718 , 0.641026 , -2.643764
0.948718 , 0.666667 , -3.081113
0.948718 , 0.692308 , -3.459830
0.948718 , 0.717949 , -3.775110
0.948718 , 0.743590 , -4.025863
0.948718 , 0.769231 , -4.211243
0.948718 , 0.794872 , -4.334273
0.948718 , 0.820513 , -4.399354
0.948718 , 0.846154 , -4.413744
0.948718 , 0.871795 , -4.387666
0.948718 , 0.897436 , -4.332459
0.948718 , 0.923077 , -4.262024
0.948718 , 0.948718 , -4.190745
0.948718 , 0.974359 , -4.136350
0.948718 , 1.000000 , -4.115447
0.974359 , 0.000000 , 5.415827
0.974359 , 0.025641 , 5.453882
0.974359 , 0.051282 , 5.547876
0.974359 , 0.076923 , 5.667447
0.974359 , 0.102564 , 5.787957
0.974359 , 0.128205 , 5.887649
0.974359 , 0.153846 , 5.949818
0.974359 , 0.179487 , 5.960840
0.974359 , 0.205128 , 5.910270
0.974359 , 0.230769 , 5.789285
0.974359 , 0.256410 , 5.593919
0.974359 , 0.282051 , 5.322412
0.974359 , 0.307692 , 4.973364
0.974359 , 0.333333 , 4.549650
0.974359 , 0.358974 , 4.056644
0.974359 , 0.384615 , 3.500921
0.974359 , 0.410256 , 2.891812
0.974359 , 0.435897 , 2.240022
0.974359 , 0.461538 , 1.557034
0.974359 , 0.487179 , 0.855653
0.974359 , 0.512821 , 0.147860
0.974359 , 0.538462 , -0.552751
0.974359 , 0.564103 , -1.232972
0.974359 , 0.589744 , -1.880515
0.974359 , 0.615385 , -2.483581
0.974359 , 0.641026 , -3.031698
0.974359 , 0.666667 , -3.516883
0.974359 , 0.692308 , -3.931297
0.974359 , 0.717949 , -4.270839
0.974359 , 0.743590 , -4.533505
0.974359 , 0.769231 , -4.718988
0.974359 , 0.794872 , -4.829764
0.974359 , 0.820513 , -4.870685
0.974359 , 0.846154 , -4.850100
0.974359 , 0.871795 , -4.779987
0.974359 , 0.897436 , -4.673878
0.974359 , 0.923077 , -4.548743
0.974359 , 0.948718 , -4.425047
0.974359 , 0.974359 , -4.328838
0.974359 , 1.000000 , -4.289926
1.000000 , 0.000000 , 5.528810
1.000000 , 0.025641 , 5.604833
1.000000 , 0.051282 , 5.770651
1.000000 , 0.076923 , 5.967720
1.000000 , 0.102564 , 6.163048
1.000000 , 0.128205 , 6.330559
1.000000 , 0.153846 , 6.450655
1.000000 , 0.179487 , 6.507348
1.000000 , 0.205128 , 6.488488
1.000000 , 0.230769 , 6.386206
1.000000 , 0.256410 , 6.193684
1.000000 , 0.282051 , 5.909758
1.000000 , 0.307692 , 5.533240
1.000000 , 0.333333 , 5.068217
1.000000 , 0.358974 , 4.521061
1.000000 , 0.384615 , 3.899132
1.000000 , 0.410256 , 3.213338
1.000000 , 0.435897 , 2.476452
1.000000 , 0.461538 , 1.702511
1.000000 , 0.487179 , 0.906512
1.000000 , 0.512821 , 0.103198
1.000000 , 0.538462 , -0.691348
1.000000 , 0.564103 , -1.462149
1.000000 , 0.589744 , -2.194511
1.000000 , 0.615385 , -2.873596
1.000000 , 0.641026 , -3.488665
1.000000 , 0.666667 , -4.028766
1.000000 , 0.692308 , -4.485480
1.000000 , 0.717949 , -4.851994
1.000000 , 0.743590 , -5.126791
1.000000 , 0.769231 , -5.308809
1.000000 , 0.794872 , -5.401692
1.000000 , 0.820513 , -5.410378
1.000000 , 0.846154 , -5.344569
1.000000 , 0.871795 , -5.216417
1.000000 , 0.897436 , -5.042978
1.000000 , 0.923077 , -4.843034
1.000000 , 0.948718 , -4.641225
1.000000 , 0.974359 , -4.472703
1.000000 , 1.000000 , -4.394976
