0.000000 , 0.000000 , 2.915876
0.000000 , 0.025641 , 2.915876
0.000000 , 0.051282 , 2.915876
0.000000 , 0.076923 , 2.915876
0.000000 , 0.102564 , 2.915876
0.000000 , 0.128205 , 2.915876
0.000000 , 0.153846 , 2.915876
0.000000 , 0.179487 , 2.915876
0.000000 , 0.205128 , 2.915876
0.000000 , 0.230769 , 2.915876
0.000000 , 0.256410 , 2.915876
0.000000 , 0.282051 , 2.915876
0.000000 , 0.307692 , 2.915876
0.000000 , 0.333333 , 2.915876
0.000000 , 0.358974 , 2.915876
0.000000 , 0.384615 , 2.915876
0.000000 , 0.410256 , 2.915876
0.000000 , 0.435897 , 2.915876
0.000000 , 0.461538 , 2.915876
0.000000 , 0.487179 , 2.915876
0.000000 , 0.512821 , 2.915876
0.000000 , 0.538462 , 2.915876
0.000000 , 0.564103 , 2.915876
0.000000 , 0.589744 , 2.915876
0.000000 , 0.615385 , 2.915876
0.000000 , 0.641026 , 2.915876
0.000000 , 0.666667 , 2.915876
0.000000 , 0.692308 , 2.915876
0.000000 , 0.717949 , 2.915876
0.000000 , 0.743590 , 2.915876
0.000000 , 0.769231 , 2.915876
0.000000 , 0.794872 , 2.915876
0.000000 , 0.820513 , 2.915876
0.000000 , 0.846154 , 2.915876
0.000000 , 0.871795 , 2.915876
0.000000 , 0.897436 , 2.915876
0.000000 , 0.923077 , 2.915876
0.000000 , 0.948718 , 2.915876
0.000000 , 0.974359 , 2.915876
0.000000 , 1.000000 , 2.915876
0.025641 , 0.000000 , 2.670259
0.025641 , 0.025641 , 2.670179
0.025641 , 0.051282 , 2.670391
0.025641 , 0.076923 , 2.671305
0.025641 , 0.102564 , 2.671777
0.025641 , 0.128205 , 2.672621
0.025641 , 0.153846 , 2.672872
0.025641 , 0.179487 , 2.672697
0.025641 , 0.205128 , 2.673009
0.025641 , 0.230769 , 2.672116
0.025641 , 0.256410 , 2.671255
0.025641 , 0.282051 , 2.670061
0.025641 , 0.307692 , 2.668718
0.025641 , 0.333333 , 2.667015
0.025641 , 0.358974 , 2.664954
0.025641 , 0.384615 , 2.662743
0.025641 , 0.410256 , 2.660193
0.025641 , 0.435897 , 2.658675
0.025641 , 0.461538 , 2.657005
0.025641 , 0.487179 , 2.654638
0.025641 , 0.512821 , 2.651742
0.025641 , 0.538462 , 2.649341
0.025641 , 0.564103 , 2.646779
0.025641 , 0.589744 , 2.644767
0.025641 , 0.615385 , 2.643216
0.025641 , 0.641026 , 2.641349
0.025641 , 0.666667 , 2.639637
0.025641 , 0.692308 , 2.638280
0.025641 , 0.717949 , 2.637674
0.025641 , 0.743590 , 2.636400
0.025641 , 0.769231 , 2.635494
0.025641 , 0.794872 , 2.635326
0.025641 , 0.820513 , 2.634654
0.025641 , 0.846154 , 2.633884
0.025641 , 0.871795 , 2.633556
0.025641 , 0.897436 , 2.633245
0.025641 , 0.923077 , 2.632462
0.025641 , 0.948718 , 2.632922
0.025641 , 0.974359 , 2.633008
0.025641 , 1.000000 , 2.633334
0.051282 , 0.000000 , 2.435133
0.051282 , 0.025641 , 2.434896
0.051282 , 0.051282 , 2.435550
0.051282 , 0.076923 , 2.436455
0.051282 , 0.102564 , 2.437786
0.051282 , 0.128205 , 2.438446
0.051282 , 0.153846 , 2.439528
0.051282 , 0.179487 , 2.439848
0.051282 , 0.205128 , 2.439724
0.051282 , 0.230769 , 2.438464
0.051282 , 0.256410 , 2.436415
0.051282 , 0.282051 , 2.434158
0.051282 , 0.307692 , 2.431436
0.051282 , 0.333333 , 2.428522
0.051282 , 0.358974 , 2.424789
0.051282 , 0.384615 , 2.420225
0.051282 , 0.410256 , 2.415540
0.051282 , 0.435897 , 2.411387
0.051282 , 0.461538 , 2.408297
0.051282 , 0.487179 , 2.404072
0.051282 , 0.512821 , 2.398818
0.051282 , 0.538462 , 2.393832
0.051282 , 0.564103 , 2.389260
0.051282 , 0.589744 , 2.385232
0.051282 , 0.615385 , 2.381697
0.051282 , 0.641026 , 2.378789
0.051282 , 0.666667 , 2.376094
0.051282 , 0.692308 , 2.373864
0.051282 , 0.717949 , 2.371938
0.051282 , 0.743590 , 2.369682
0.051282 , 0.769231 , 2.367753
0.051282 , 0.794872 , 2.366503
0.051282 , 0.820513 , 2.364952
0.051282 , 0.846154 , 2.363917
0.051282 , 0.871795 , 2.362902
0.051282 , 0.897436 , 2.362070
0.051282 , 0.923077 , 2.361718
0.051282 , 0.948718 , 2.361818
0.051282 , 0.974359 , 2.362117
0.051282 , 1.000000 , 2.362370
0.076923 , 0.000000 , 2.208877
0.076923 , 0.025641 , 2.209249
0.076923 , 0.051282 , 2.210302
0.076923 , 0.076923 , 2.211984
0.076923 , 0.102564 , 2.213356
0.076923 , 0.128205 , 2.214413
0.076923 , 0.153846 , 2.215113
0.076923 , 0.179487 , 2.215714
0.076923 , 0.205128 , 2.215239
0.076923 , 0.230769 , 2.213956
0.076923 , 0.256410 , 2.211478
0.076923 , 0.282051 , 2.208127
0.076923 , 0.307692 , 2.204235
0.076923 , 0.333333 , 2.199480
0.076923 , 0.358974 , 2.193854
0.076923 , 0.384615 , 2.188016
0.076923 , 0.410256 , 2.181855
0.076923 , 0.435897 , 2.175968
0.076923 , 0.461538 , 2.170820
0.076923 , 0.487179 , 2.164440
0.076923 , 0.512821 , 2.157012
0.076923 , 0.538462 , 2.149655
0.076923 , 0.564103 , 2.142904
0.076923 , 0.589744 , 2.137026
0.076923 , 0.615385 , 2.131945
0.076923 , 0.641026 , 2.127620
0.076923 , 0.666667 , 2.124271
0.076923 , 0.692308 , 2.120584
0.076923 , 0.717949 , 2.117345
0.076923 , 0.743590 , 2.113823
0.076923 , 0.769231 , 2.111088
0.076923 , 0.794872 , 2.109821
0.076923 , 0.820513 , 2.107440
0.076923 , 0.846154 , 2.105981
0.076923 , 0.871795 , 2.104631
0.076923 , 0.897436 , 2.103478
0.076923 , 0.923077 , 2.102894
0.076923 , 0.948718 , 2.103563
0.076923 , 0.974359 , 2.104496
0.076923 , 1.000000 , 2.104458
0.102564 , 0.000000 , 1.991547
0.102564 , 0.025641 , 1.991762
0.102564 , 0.051282 , 1.993277
0.102564 , 0.076923 , 1.995593
0.102564 , 0.102564 , 1.997848
0.102564 , 0.128205 , 1.999753
0.102564 , 0.153846 , 2.000838
0.102564 , 0.179487 , 2.001393
0.102564 , 0.205128 , 2.000878
0.102564 , 0.230769 , 1.998892
0.102564 , 0.256410 , 1.995799
0.102564 , 0.282051 , 1.991807
0.102564 , 0.307692 , 1.987111
0.102564 , 0.333333 , 1.980900
0.102564 , 0.358974 , 1.973316
0.102564 , 0.384615 , 1.965427
0.102564 , 0.410256 , 1.958527
0.102564 , 0.435897 , 1.950983
0.102564 , 0.461538 , 1.943916
0.102564 , 0.487179 , 1.935222
0.102564 , 0.512821 , 1.926236
0.102564 , 0.538462 , 1.917438
0.102564 , 0.564103 , 1.909132
0.102564 , 0.589744 , 1.901195
0.102564 , 0.615385 , 1.894306
0.102564 , 0.641026 , 1.888993
0.102564 , 0.666667 , 1.883653
0.102564 , 0.692308 , 1.879103
0.102564 , 0.717949 , 1.874737
0.102564 , 0.743590 , 1.870402
0.102564 , 0.769231 , 1.866432
0.102564 , 0.794872 , 1.864469
0.102564 , 0.820513 , 1.862812
0.102564 , 0.846154 , 1.860859
0.102564 , 0.871795 , 1.859126
0.102564 , 0.897436 , 1.857618
0.102564 , 0.923077 , 1.857141
0.102564 , 0.948718 , 1.857205
0.102564 , 0.974359 , 1.858217
0.102564 , 1.000000 , 1.859147
0.128205 , 0.000000 , 1.781826
0.128205 , 0.025641 , 1.782576
0.128205 , 0.051282 , 1.783733
0.128205 , 0.076923 , 1.786555
0.128205 , 0.102564 , 1.789707
0.128205 , 0.128205 , 1.792828
0.128205 , 0.153846 , 1.794583
0.128205 , 0.179487 , 1.795161
0.128205 , 0.205128 , 1.794809
0.128205 , 0.230769 , 1.792290
0.128205 , 0.256410 , 1.788269
0.128205 , 0.282051 , 1.783823
0.128205 , 0.307692 , 1.778765
0.128205 , 0.333333 , 1.771945
0.128205 , 0.358974 , 1.763681
0.128205 , 0.384615 , 1.754704
0.128205 , 0.410256 , 1.745947
0.128205 , 0.435897 , 1.737199
0.128205 , 0.461538 , 1.727785
0.128205 , 0.487179 , 1.717070
0.128205 , 0.512821 , 1.705819
0.128205 , 0.538462 , 1.696061
0.128205 , 0.564103 , 1.686683
0.128205 , 0.589744 , 1.676618
0.128205 , 0.615385 , 1.668013
0.128205 , 0.641026 , 1.661304
0.128205 , 0.666667 , 1.654746
0.128205 , 0.692308 , 1.648758
0.128205 , 0.717949 , 1.643687
0.128205 , 0.743590 , 1.638645
0.128205 , 0.769231 , 1.634615
0.128205 , 0.794872 , 1.632320
0.128205 , 0.820513 , 1.629751
0.128205 , 0.846154 , 1.627805
0.128205 , 0.871795 , 1.626780
0.128205 , 0.897436 , 1.625056
0.128205 , 0.923077 , 1.623941
0.128205 , 0.948718 , 1.623706
0.128205 , 0.974359 , 1.623585
0.128205 , 1.000000 , 1.624125
0.153846 , 0.000000 , 1.579230
0.153846 , 0.025641 , 1.580697
0.153846 , 0.051282 , 1.582999
0.153846 , 0.076923 , 1.585991
0.153846 , 0.102564 , 1.589667
0.153846 , 0.128205 , 1.593485
0.153846 , 0.153846 , 1.595781
0.153846 , 0.179487 , 1.596407
0.153846 , 0.205128 , 1.595722
0.153846 , 0.230769 , 1.593122
0.153846 , 0.256410 , 1.589622
0.153846 , 0.282051 , 1.585132
0.153846 , 0.307692 , 1.579546
0.153846 , 0.333333 , 1.572076
0.153846 , 0.358974 , 1.563213
0.153846 , 0.384615 , 1.553517
0.153846 , 0.410256 , 1.543365
0.153846 , 0.435897 , 1.533177
0.153846 , 0.461538 , 1.522009
0.153846 , 0.487179 , 1.509828
0.153846 , 0.512821 , 1.497319
0.153846 , 0.538462 , 1.485550
0.153846 , 0.564103 , 1.474984
0.153846 , 0.589744 , 1.464439
0.153846 , 0.615385 , 1.454232
0.153846 , 0.641026 , 1.445456
0.153846 , 0.666667 , 1.437116
0.153846 , 0.692308 , 1.430067
0.153846 , 0.717949 , 1.425100
0.153846 , 0.743590 , 1.419811
0.153846 , 0.769231 , 1.415541
0.153846 , 0.794872 , 1.412906
0.153846 , 0.820513 , 1.410716
0.153846 , 0.846154 , 1.409092
0.153846 , 0.871795 , 1.407184
0.153846 , 0.897436 , 1.405749
0.153846 , 0.923077 , 1.404429
0.153846 , 0.948718 , 1.403054
0.153846 , 0.974359 , 1.402645
0.153846 , 1.000000 , 1.402401
0.179487 , 0.000000 , 1.386857
0.179487 , 0.025641 , 1.387845
0.179487 , 0.051282 , 1.390823
0.179487 , 0.076923 , 1.394731
0.179487 , 0.102564 , 1.398979
0.179487 , 0.128205 , 1.402378
0.179487 , 0.153846 , 1.404626
0.179487 , 0.179487 , 1.405081
0.179487 , 0.205128 , 1.404767
0.179487 , 0.230769 , 1.403088
0.179487 , 0.256410 , 1.399557
0.179487 , 0.282051 , 1.395572
0.179487 , 0.307692 , 1.389130
0.179487 , 0.333333 , 1.381105
0.179487 , 0.358974 , 1.371832
0.179487 , 0.384615 , 1.361413
0.179487 , 0.410256 , 1.350074
0.179487 , 0.435897 , 1.338591
0.179487 , 0.461538 , 1.325946
0.179487 , 0.487179 , 1.312317
0.179487 , 0.512821 , 1.299087
0.179487 , 0.538462 , 1.286768
0.179487 , 0.564103 , 1.274234
0.179487 , 0.589744 , 1.262256
0.179487 , 0.615385 , 1.251005
0.179487 , 0.641026 , 1.240319
0.179487 , 0.666667 , 1.231075
0.179487 , 0.692308 , 1.223025
0.179487 , 0.717949 , 1.217688
0.179487 , 0.743590 , 1.212467
0.179487 , 0.769231 , 1.207623
0.179487 , 0.794872 , 1.204642
0.179487 , 0.820513 , 1.202440
0.179487 , 0.846154 , 1.202086
0.179487 , 0.871795 , 1.200282
0.179487 , 0.897436 , 1.198421
0.179487 , 0.923077 , 1.197666
0.179487 , 0.948718 , 1.196107
0.179487 , 0.974359 , 1.194912
0.179487 , 1.000000 , 1.194539
0.205128 , 0.000000 , 1.206383
0.205128 , 0.025641 , 1.206412
0.205128 , 0.051282 , 1.208240
0.205128 , 0.076923 , 1.211518
0.205128 , 0.102564 , 1.216112
0.205128 , 0.128205 , 1.219015
0.205128 , 0.153846 , 1.220924
0.205128 , 0.179487 , 1.221295
0.205128 , 0.205128 , 1.220956
0.205128 , 0.230769 , 1.220665
0.205128 , 0.256410 , 1.217161
0.205128 , 0.282051 , 1.212045
0.205128 , 0.307692 , 1.205771
0.205128 , 0.333333 , 1.197430
0.205128 , 0.358974 , 1.188153
0.205128 , 0.384615 , 1.176881
0.205128 , 0.410256 , 1.164946
0.205128 , 0.435897 , 1.152821
0.205128 , 0.461538 , 1.139453
0.205128 , 0.487179 , 1.125924
0.205128 , 0.512821 , 1.111446
0.205128 , 0.538462 , 1.097980
0.205128 , 0.564103 , 1.084767
0.205128 , 0.589744 , 1.071717
0.205128 , 0.615385 , 1.059195
0.205128 , 0.641026 , 1.048030
0.205128 , 0.666667 , 1.038481
0.205128 , 0.692308 , 1.029924
0.205128 , 0.717949 , 1.022522
0.205128 , 0.743590 , 1.017479
0.205128 , 0.769231 , 1.012500
0.205128 , 0.794872 , 1.009082
0.205128 , 0.820513 , 1.007155
0.205128 , 0.846154 , 1.005757
0.205128 , 0.871795 , 1.004940
0.205128 , 0.897436 , 1.003437
0.205128 , 0.923077 , 1.001837
0.205128 , 0.948718 , 1.001032
0.205128 , 0.974359 , 1.000178
0.205128 , 1.000000 , 0.999697
0.230769 , 0.000000 , 1.032847
0.230769 , 0.025641 , 1.032664
0.230769 , 0.051282 , 1.034072
0.230769 , 0.076923 , 1.036569
0.230769 , 0.102564 , 1.040440
0.230769 , 0.128205 , 1.043203
0.230769 , 0.153846 , 1.044636
0.230769 , 0.179487 , 1.045113
0.230769 , 0.205128 , 1.044491
0.230769 , 0.230769 , 1.044565
0.230769 , 0.256410 , 1.041817
0.230769 , 0.282051 , 1.036390
0.230769 , 0.307692 , 1.029960
0.230769 , 0.333333 , 1.021671
0.230769 , 0.358974 , 1.012061
0.230769 , 0.384615 , 1.001129
0.230769 , 0.410256 , 0.988517
0.230769 , 0.435897 , 0.976173
0.230769 , 0.461538 , 0.962026
0.230769 , 0.487179 , 0.947776
0.230769 , 0.512821 , 0.933047
0.230769 , 0.538462 , 0.919077
0.230769 , 0.564103 , 0.905994
0.230769 , 0.589744 , 0.892899
0.230769 , 0.615385 , 0.879899
0.230769 , 0.641026 , 0.867918
0.230769 , 0.666667 , 0.857300
0.230769 , 0.692308 , 0.847851
0.230769 , 0.717949 , 0.839739
0.230769 , 0.743590 , 0.834314
0.230769 , 0.769231 , 0.830308
0.230769 , 0.794872 , 0.825818
0.230769 , 0.820513 , 0.823255
0.230769 , 0.846154 , 0.820635
0.230769 , 0.871795 , 0.819784
0.230769 , 0.897436 , 0.819745
0.230769 , 0.923077 , 0.819319
0.230769 , 0.948718 , 0.818130
0.230769 , 0.974359 , 0.818355
0.230769 , 1.000000 , 0.817843
0.256410 , 0.000000 , 0.865327
0.256410 , 0.025641 , 0.865481
0.256410 , 0.051282 , 0.866425
0.256410 , 0.076923 , 0.869015
0.256410 , 0.102564 , 0.871949
0.256410 , 0.128205 , 0.874332
0.256410 , 0.153846 , 0.876087
0.256410 , 0.179487 , 0.877002
0.256410 , 0.205128 , 0.876985
0.256410 , 0.230769 , 0.876316
0.256410 , 0.256410 , 0.873508
0.256410 , 0.282051 , 0.868311
0.256410 , 0.307692 , 0.861528
0.256410 , 0.333333 , 0.853569
0.256410 , 0.358974 , 0.843978
0.256410 , 0.384615 , 0.832827
0.256410 , 0.410256 , 0.820083
0.256410 , 0.435897 , 0.807390
0.256410 , 0.461538 , 0.793852
0.256410 , 0.487179 , 0.779349
0.256410 , 0.512821 , 0.764989
0.256410 , 0.538462 , 0.751056
0.256410 , 0.564103 , 0.737364
0.256410 , 0.589744 , 0.723573
0.256410 , 0.615385 , 0.710451
0.256410 , 0.641026 , 0.699045
0.256410 , 0.666667 , 0.688292
0.256410 , 0.692308 , 0.678321
0.256410 , 0.717949 , 0.670004
0.256410 , 0.743590 , 0.664113
0.256410 , 0.769231 , 0.659762
0.256410 , 0.794872 , 0.654990
0.256410 , 0.820513 , 0.650708
0.256410 , 0.846154 , 0.648115
0.256410 , 0.871795 , 0.647440
0.256410 , 0.897436 , 0.647596
0.256410 , 0.923077 , 0.647738
0.256410 , 0.948718 , 0.647234
0.256410 , 0.974359 , 0.647767
0.256410 , 1.000000 , 0.648118
0.282051 , 0.000000 , 0.704405
0.282051 , 0.025641 , 0.705095
0.282051 , 0.051282 , 0.706404
0.282051 , 0.076923 , 0.708346
0.282051 , 0.102564 , 0.710566
0.282051 , 0.128205 , 0.712428
0.282051 , 0.153846 , 0.714142
0.282051 , 0.179487 , 0.715163
0.282051 , 0.205128 , 0.714726
0.282051 , 0.230769 , 0.713632
0.282051 , 0.256410 , 0.710954
0.282051 , 0.282051 , 0.706294
0.282051 , 0.307692 , 0.699708
0.282051 , 0.333333 , 0.691365
0.282051 , 0.358974 , 0.682392
0.282051 , 0.384615 , 0.671276
0.282051 , 0.410256 , 0.659524
0.282051 , 0.435897 , 0.647575
0.282051 , 0.461538 , 0.634447
0.282051 , 0.487179 , 0.620159
0.282051 , 0.512821 , 0.606256
0.282051 , 0.538462 , 0.592661
0.282051 , 0.564103 , 0.579580
0.282051 , 0.589744 , 0.565173
0.282051 , 0.615385 , 0.551642
0.282051 , 0.641026 , 0.540366
0.282051 , 0.666667 , 0.529117
0.282051 , 0.692308 , 0.518915
0.282051 , 0.717949 , 0.510531
0.282051 , 0.743590 , 0.504369
0.282051 , 0.769231 , 0.499509
0.282051 , 0.794872 , 0.495221
0.282051 , 0.820513 , 0.490025
0.282051 , 0.846154 , 0.486476
0.282051 , 0.871795 , 0.485651
0.282051 , 0.897436 , 0.486688
0.282051 , 0.923077 , 0.487244
0.282051 , 0.948718 , 0.486879
0.282051 , 0.974359 , 0.487303
0.282051 , 1.000000 , 0.487988
0.307692 , 0.000000 , 0.550896
0.307692 , 0.025641 , 0.551376
0.307692 , 0.051282 , 0.552716
0.307692 , 0.076923 , 0.554115
0.307692 , 0.102564 , 0.555972
0.307692 , 0.128205 , 0.557379
0.307692 , 0.153846 , 0.558460
0.307692 , 0.179487 , 0.558663
0.307692 , 0.205128 , 0.557498
0.307692 , 0.230769 , 0.556444
0.307692 , 0.256410 , 0.554115
0.307692 , 0.282051 , 0.549756
0.307692 , 0.307692 , 0.543585
0.307692 , 0.333333 , 0.535761
0.307692 , 0.358974 , 0.527528
0.307692 , 0.384615 , 0.517352
0.307692 , 0.410256 , 0.506268
0.307692 , 0.435897 , 0.495460
0.307692 , 0.461538 , 0.482930
0.307692 , 0.487179 , 0.469490
0.307692 , 0.512821 , 0.455872
0.307692 , 0.538462 , 0.442645
0.307692 , 0.564103 , 0.429941
0.307692 , 0.589744 , 0.416928
0.307692 , 0.615385 , 0.403845
0.307692 , 0.641026 , 0.391981
0.307692 , 0.666667 , 0.381052
0.307692 , 0.692308 , 0.370904
0.307692 , 0.717949 , 0.362785
0.307692 , 0.743590 , 0.356092
0.307692 , 0.769231 , 0.350136
0.307692 , 0.794872 , 0.345420
0.307692 , 0.820513 , 0.340752
0.307692 , 0.846154 , 0.337537
0.307692 , 0.871795 , 0.336488
0.307692 , 0.897436 , 0.336520
0.307692 , 0.923077 , 0.336340
0.307692 , 0.948718 , 0.336303
0.307692 , 0.974359 , 0.337575
0.307692 , 1.000000 , 0.337918
0.333333 , 0.000000 , 0.404796
0.333333 , 0.025641 , 0.404890
0.333333 , 0.051282 , 0.405731
0.333333 , 0.076923 , 0.406628
0.333333 , 0.102564 , 0.408167
0.333333 , 0.128205 , 0.409179
0.333333 , 0.153846 , 0.409559
0.333333 , 0.179487 , 0.408992
0.333333 , 0.205128 , 0.407168
0.333333 , 0.230769 , 0.405738
0.333333 , 0.256410 , 0.403857
0.333333 , 0.282051 , 0.399544
0.333333 , 0.307692 , 0.393216
0.333333 , 0.333333 , 0.386256
0.333333 , 0.358974 , 0.379057
0.333333 , 0.384615 , 0.370888
0.333333 , 0.410256 , 0.360916
0.333333 , 0.435897 , 0.350556
0.333333 , 0.461538 , 0.339040
0.333333 , 0.487179 , 0.326894
0.333333 , 0.512821 , 0.314483
0.333333 , 0.538462 , 0.302349
0.333333 , 0.564103 , 0.289961
0.333333 , 0.589744 , 0.277420
0.333333 , 0.615385 , 0.265398
0.333333 , 0.641026 , 0.253900
0.333333 , 0.666667 , 0.243045
0.333333 , 0.692308 , 0.233131
0.333333 , 0.717949 , 0.224750
0.333333 , 0.743590 , 0.217706
0.333333 , 0.769231 , 0.211250
0.333333 , 0.794872 , 0.206056
0.333333 , 0.820513 , 0.202350
0.333333 , 0.846154 , 0.200066
0.333333 , 0.871795 , 0.198512
0.333333 , 0.897436 , 0.197351
0.333333 , 0.923077 , 0.196036
0.333333 , 0.948718 , 0.195959
0.333333 , 0.974359 , 0.196679
0.333333 , 1.000000 , 0.196992
0.358974 , 0.000000 , 0.264885
0.358974 , 0.025641 , 0.264802
0.358974 , 0.051282 , 0.264989
0.358974 , 0.076923 , 0.265852
0.358974 , 0.102564 , 0.266779
0.358974 , 0.128205 , 0.267004
0.358974 , 0.153846 , 0.266340
0.358974 , 0.179487 , 0.266111
0.358974 , 0.205128 , 0.264348
0.358974 , 0.230769 , 0.262570
0.358974 , 0.256410 , 0.259663
0.358974 , 0.282051 , 0.255571
0.358974 , 0.307692 , 0.250365
0.358974 , 0.333333 , 0.244233
0.358974 , 0.358974 , 0.238288
0.358974 , 0.384615 , 0.230833
0.358974 , 0.410256 , 0.222566
0.358974 , 0.435897 , 0.212961
0.358974 , 0.461538 , 0.202773
0.358974 , 0.487179 , 0.192287
0.358974 , 0.512821 , 0.181568
0.358974 , 0.538462 , 0.170492
0.358974 , 0.564103 , 0.159374
0.358974 , 0.589744 , 0.147297
0.358974 , 0.615385 , 0.135620
0.358974 , 0.641026 , 0.125259
0.358974 , 0.666667 , 0.115489
0.358974 , 0.692308 , 0.106042
0.358974 , 0.717949 , 0.097488
0.358974 , 0.743590 , 0.090310
0.358974 , 0.769231 , 0.084075
0.358974 , 0.794872 , 0.078898
0.358974 , 0.820513 , 0.074886
0.358974 , 0.846154 , 0.071947
0.358974 , 0.871795 , 0.070291
0.358974 , 0.897436 , 0.068999
0.358974 , 0.923077 , 0.067466
0.358974 , 0.948718 , 0.066520
0.358974 , 0.974359 , 0.066031
0.358974 , 1.000000 , 0.065909
0.384615 , 0.000000 , 0.131695
0.384615 , 0.025641 , 0.131212
0.384615 , 0.051282 , 0.130834
0.384615 , 0.076923 , 0.131917
0.384615 , 0.102564 , 0.132037
0.384615 , 0.128205 , 0.131378
0.384615 , 0.153846 , 0.129683
0.384615 , 0.179487 , 0.129098
0.384615 , 0.205128 , 0.128148
0.384615 , 0.230769 , 0.125948
0.384615 , 0.256410 , 0.122971
0.384615 , 0.282051 , 0.118391
0.384615 , 0.307692 , 0.114249
0.384615 , 0.333333 , 0.109959
0.384615 , 0.358974 , 0.104407
0.384615 , 0.384615 , 0.097471
0.384615 , 0.410256 , 0.089866
0.384615 , 0.435897 , 0.081815
0.384615 , 0.461538 , 0.073570
0.384615 , 0.487179 , 0.064967
0.384615 , 0.512821 , 0.055863
0.384615 , 0.538462 , 0.046020
0.384615 , 0.564103 , 0.036095
0.384615 , 0.589744 , 0.025317
0.384615 , 0.615385 , 0.014825
0.384615 , 0.641026 , 0.005214
0.384615 , 0.666667 , -0.003712
0.384615 , 0.692308 , -0.012611
0.384615 , 0.717949 , -0.020784
0.384615 , 0.743590 , -0.027364
0.384615 , 0.769231 , -0.032749
0.384615 , 0.794872 , -0.038103
0.384615 , 0.820513 , -0.042281
0.384615 , 0.846154 , -0.046184
0.384615 , 0.871795 , -0.048655
0.384615 , 0.897436 , -0.049412
0.384615 , 0.923077 , -0.050665
0.384615 , 0.948718 , -0.052478
0.384615 , 0.974359 , -0.053982
0.384615 , 1.000000 , -0.054065
0.410256 , 0.000000 , 0.005347
0.410256 , 0.025641 , 0.005072
0.410256 , 0.051282 , 0.004230
0.410256 , 0.076923 , 0.004484
0.410256 , 0.102564 , 0.003760
0.410256 , 0.128205 , 0.002324
0.410256 , 0.153846 , -0.000217
0.410256 , 0.179487 , -0.001689
0.410256 , 0.205128 , -0.003154
0.410256 , 0.230769 , -0.004944
0.410256 , 0.256410 , -0.006979
0.410256 , 0.282051 , -0.010594
0.410256 , 0.307692 , -0.014692
0.410256 , 0.333333 , -0.018877
0.410256 , 0.358974 , -0.023517
0.410256 , 0.384615 , -0.029393
0.410256 , 0.410256 , -0.035389
0.410256 , 0.435897 , -0.041852
0.410256 , 0.461538 , -0.048104
0.410256 , 0.487179 , -0.055393
0.410256 , 0.512821 , -0.063320
0.410256 , 0.538462 , -0.071274
0.410256 , 0.564103 , -0.079937
0.410256 , 0.589744 , -0.088327
0.410256 , 0.615385 , -0.097720
0.410256 , 0.641026 , -0.106025
0.410256 , 0.666667 , -0.114339
0.410256 , 0.692308 , -0.122799
0.410256 , 0.717949 , -0.130564
0.410256 , 0.743590 , -0.136594
0.410256 , 0.769231 , -0.141599
0.410256 , 0.794872 , -0.146798
0.410256 , 0.820513 , -0.151175
0.410256 , 0.846154 , -0.154524
0.410256 , 0.871795 , -0.157134
0.410256 , 0.897436 , -0.159155
0.410256 , 0.923077 , -0.160840
0.410256 , 0.948718 , -0.162212
0.410256 , 0.974359 , -0.164121
0.410256 , 1.000000 , -0.164575
0.435897 , 0.000000 , -0.115927
0.435897 , 0.025641 , -0.115724
0.435897 , 0.051282 , -0.116083
0.435897 , 0.076923 , -0.116843
0.435897 , 0.102564 , -0.118729
0.435897 , 0.128205 , -0.120134
0.435897 , 0.153846 , -0.122609
0.435897 , 0.179487 , -0.124747
0.435897 , 0.205128 , -0.126942
0.435897 , 0.230769 , -0.128097
0.435897 , 0.256410 , -0.130347
0.435897 , 0.282051 , -0.133539
0.435897 , 0.307692 , -0.136775
0.435897 , 0.333333 , -0.140364
0.435897 , 0.358974 , -0.144344
0.435897 , 0.384615 , -0.148738
0.435897 , 0.410256 , -0.153106
0.435897 , 0.435897 , -0.157749
0.435897 , 0.461538 , -0.162704
0.435897 , 0.487179 , -0.168652
0.435897 , 0.512821 , -0.174979
0.435897 , 0.538462 , -0.181156
0.435897 , 0.564103 , -0.188364
0.435897 , 0.589744 , -0.195259
0.435897 , 0.615385 , -0.202165
0.435897 , 0.641026 , -0.208458
0.435897 , 0.666667 , -0.215381
0.435897 , 0.692308 , -0.223345
0.435897 , 0.717949 , -0.230886
0.435897 , 0.743590 , -0.237228
0.435897 , 0.769231 , -0.242503
0.435897 , 0.794872 , -0.246619
0.435897 , 0.820513 , -0.250234
0.435897 , 0.846154 , -0.252794
0.435897 , 0.871795 , -0.255485
0.435897 , 0.897436 , -0.258795
0.435897 , 0.923077 , -0.261209
0.435897 , 0.948718 , -0.262888
0.435897 , 0.974359 , -0.264141
0.435897 , 1.000000 , -0.264756
0.461538 , 0.000000 , -0.230303
0.461538 , 0.025641 , -0.230463
0.461538 , 0.051282 , -0.230957
0.461538 , 0.076923 , -0.232620
0.461538 , 0.102564 , -0.235062
0.461538 , 0.128205 , -0.237130
0.461538 , 0.153846 , -0.239244
0.461538 , 0.179487 , -0.241519
0.461538 , 0.205128 , -0.243472
0.461538 , 0.230769 , -0.244932
0.461538 , 0.256410 , -0.246907
0.461538 , 0.282051 , -0.250041
0.461538 , 0.307692 , -0.252992
0.461538 , 0.333333 , -0.255655
0.461538 , 0.358974 , -0.258934
0.461538 , 0.384615 , -0.261796
0.461538 , 0.410256 , -0.264294
0.461538 , 0.435897 , -0.267546
0.461538 , 0.461538 , -0.271054
0.461538 , 0.487179 , -0.275605
0.461538 , 0.512821 , -0.280191
0.461538 , 0.538462 , -0.284345
0.461538 , 0.564103 , -0.289459
0.461538 , 0.589744 , -0.294645
0.461538 , 0.615385 , -0.299490
0.461538 , 0.641026 , -0.303324
0.461538 , 0.666667 , -0.308728
0.461538 , 0.692308 , -0.315465
0.461538 , 0.717949 , -0.322652
0.461538 , 0.743590 , -0.328953
0.461538 , 0.769231 , -0.334226
0.461538 , 0.794872 , -0.338367
0.461538 , 0.820513 , -0.341906
0.461538 , 0.846154 , -0.344563
0.461538 , 0.871795 , -0.346960
0.461538 , 0.897436 , -0.350234
0.461538 , 0.923077 , -0.352577
0.461538 , 0.948718 , -0.354032
0.461538 , 0.974359 , -0.354777
0.461538 , 1.000000 , -0.355606
0.487179 , 0.000000 , -0.337518
0.487179 , 0.025641 , -0.337903
0.487179 , 0.051282 , -0.339838
0.487179 , 0.076923 , -0.342456
0.487179 , 0.102564 , -0.344577
0.487179 , 0.128205 , -0.346994
0.487179 , 0.153846 , -0.349206
0.487179 , 0.179487 , -0.351676
0.487179 , 0.205128 , -0.353543
0.487179 , 0.230769 , -0.355395
0.487179 , 0.256410 , -0.357647
0.487179 , 0.282051 , -0.360070
0.487179 , 0.307692 , -0.362907
0.487179 , 0.333333 , -0.365483
0.487179 , 0.358974 , -0.367242
0.487179 , 0.384615 , -0.368568
0.487179 , 0.410256 , -0.369851
0.487179 , 0.435897 , -0.371145
0.487179 , 0.461538 , -0.372928
0.487179 , 0.487179 , -0.375297
0.487179 , 0.512821 , -0.378707
0.487179 , 0.538462 , -0.380907
0.487179 , 0.564103 , -0.384205
0.487179 , 0.589744 , -0.387231
0.487179 , 0.615385 , -0.390265
0.487179 , 0.641026 , -0.392467
0.487179 , 0.666667 , -0.396510
0.487179 , 0.692308 , -0.402000
0.487179 , 0.717949 , -0.407567
0.487179 , 0.743590 , -0.412722
0.487179 , 0.769231 , -0.417938
0.487179 , 0.794872 , -0.422412
0.487179 , 0.820513 , -0.425999
0.487179 , 0.846154 , -0.429415
0.487179 , 0.871795 , -0.432127
0.487179 , 0.897436 , -0.434686
0.487179 , 0.923077 , -0.436172
0.487179 , 0.948718 , -0.437514
0.487179 , 0.974359 , -0.438025
0.487179 , 1.000000 , -0.437942
0.512821 , 0.000000 , -0.440440
0.512821 , 0.025641 , -0.440690
0.512821 , 0.051282 , -0.442344
0.512821 , 0.076923 , -0.445630
0.512821 , 0.102564 , -0.448378
0.512821 , 0.128205 , -0.450769
0.512821 , 0.153846 , -0.453662
0.512821 , 0.179487 , -0.456174
0.512821 , 0.205128 , -0.458249
0.512821 , 0.230769 , -0.460620
0.512821 , 0.256410 , -0.462921
0.512821 , 0.282051 , -0.464842
0.512821 , 0.307692 , -0.467218
0.512821 , 0.333333 , -0.469081
0.512821 , 0.358974 , -0.469461
0.512821 , 0.384615 , -0.469337
0.512821 , 0.410256 , -0.469135
0.512821 , 0.435897 , -0.468825
0.512821 , 0.461538 , -0.468619
0.512821 , 0.487179 , -0.469064
0.512821 , 0.512821 , -0.470451
0.512821 , 0.538462 , -0.471222
0.512821 , 0.564103 , -0.471856
0.512821 , 0.589744 , -0.473159
0.512821 , 0.615385 , -0.474853
0.512821 , 0.641026 , -0.476139
0.512821 , 0.666667 , -0.478703
0.512821 , 0.692308 , -0.482414
0.512821 , 0.717949 , -0.486037
0.512821 , 0.743590 , -0.490291
0.512821 , 0.769231 , -0.494587
0.512821 , 0.794872 , -0.498404
0.512821 , 0.820513 , -0.501785
0.512821 , 0.846154 , -0.504940
0.512821 , 0.871795 , -0.508380
0.512821 , 0.897436 , -0.510766
0.512821 , 0.923077 , -0.512172
0.512821 , 0.948718 , -0.513820
0.512821 , 0.974359 , -0.514760
0.512821 , 1.000000 , -0.514290
0.538462 , 0.000000 , -0.538991
0.538462 , 0.025641 , -0.538894
0.538462 , 0.051282 , -0.539910
0.538462 , 0.076923 , -0.542511
0.538462 , 0.102564 , -0.545725
0.538462 , 0.128205 , -0.548984
0.538462 , 0.153846 , -0.551793
0.538462 , 0.179487 , -0.554462
0.538462 , 0.205128 , -0.556840
0.538462 , 0.230769 , -0.559757
0.538462 , 0.256410 , -0.562136
0.538462 , 0.282051 , -0.563687
0.538462 , 0.307692 , -0.564769
0.538462 , 0.333333 , -0.565416
0.538462 , 0.358974 , -0.565025
0.538462 , 0.384615 , -0.563907
0.538462 , 0.410256 , -0.562281
0.538462 , 0.435897 , -0.560627
0.538462 , 0.461538 , -0.559101
0.538462 , 0.487179 , -0.557292
0.538462 , 0.512821 , -0.556734
0.538462 , 0.538462 , -0.555687
0.538462 , 0.564103 , -0.555051
0.538462 , 0.589744 , -0.554305
0.538462 , 0.615385 , -0.553906
0.538462 , 0.641026 , -0.553888
0.538462 , 0.666667 , -0.554884
0.538462 , 0.692308 , -0.556430
0.538462 , 0.717949 , -0.558427
0.538462 , 0.743590 , -0.561345
0.538462 , 0.769231 , -0.564714
0.538462 , 0.794872 , -0.567276
0.538462 , 0.820513 , -0.570186
0.538462 , 0.846154 , -0.573616
0.538462 , 0.871795 , -0.577349
0.538462 , 0.897436 , -0.579885
0.538462 , 0.923077 , -0.581006
0.538462 , 0.948718 , -0.582462
0.538462 , 0.974359 , -0.583963
0.538462 , 1.000000 , -0.584264
0.564103 , 0.000000 , -0.631281
0.564103 , 0.025641 , -0.631346
0.564103 , 0.051282 , -0.632172
0.564103 , 0.076923 , -0.634793
0.564103 , 0.102564 , -0.637901
0.564103 , 0.128205 , -0.641239
0.564103 , 0.153846 , -0.644210
0.564103 , 0.179487 , -0.646816
0.564103 , 0.205128 , -0.649460
0.564103 , 0.230769 , -0.652170
0.564103 , 0.256410 , -0.654852
0.564103 , 0.282051 , -0.656220
0.564103 , 0.307692 , -0.656066
0.564103 , 0.333333 , -0.655566
0.564103 , 0.358974 , -0.654267
0.564103 , 0.384615 , -0.652304
0.564103 , 0.410256 , -0.649657
0.564103 , 0.435897 , -0.646300
0.564103 , 0.461538 , -0.643390
0.564103 , 0.487179 , -0.639925
0.564103 , 0.512821 , -0.636776
0.564103 , 0.538462 , -0.633892
0.564103 , 0.564103 , -0.631340
0.564103 , 0.589744 , -0.629344
0.564103 , 0.615385 , -0.627445
0.564103 , 0.641026 , -0.625715
0.564103 , 0.666667 , -0.624761
0.564103 , 0.692308 , -0.624446
0.564103 , 0.717949 , -0.624849
0.564103 , 0.743590 , -0.626574
0.564103 , 0.769231 , -0.628408
0.564103 , 0.794872 , -0.629560
0.564103 , 0.820513 , -0.632148
0.564103 , 0.846154 , -0.635383
0.564103 , 0.871795 , -0.638930
0.564103 , 0.897436 , -0.641731
0.564103 , 0.923077 , -0.642805
0.564103 , 0.948718 , -0.643300
0.564103 , 0.974359 , -0.644773
0.564103 , 1.000000 , -0.645415
0.589744 , 0.000000 , -0.717502
0.589744 , 0.025641 , -0.718316
0.589744 , 0.051282 , -0.719155
0.589744 , 0.076923 , -0.721463
0.589744 , 0.102564 , -0.724655
0.589744 , 0.128205 , -0.727537
0.589744 , 0.153846 , -0.730466
0.589744 , 0.179487 , -0.732984
0.589744 , 0.205128 , -0.735845
0.589744 , 0.230769 , -0.739051
0.589744 , 0.256410 , -0.741360
0.589744 , 0.282051 , -0.741951
0.589744 , 0.307692 , -0.741158
0.589744 , 0.333333 , -0.739469
0.589744 , 0.358974 , -0.737132
0.589744 , 0.384615 , -0.733929
0.589744 , 0.410256 , -0.730315
0.589744 , 0.435897 , -0.726097
0.589744 , 0.461538 , -0.721758
0.589744 , 0.487179 , -0.716977
0.589744 , 0.512821 , -0.711752
0.589744 , 0.538462 , -0.707067
0.589744 , 0.564103 , -0.702736
0.589744 , 0.589744 , -0.698472
0.589744 , 0.615385 , -0.694343
0.589744 , 0.641026 , -0.690900
0.589744 , 0.666667 , -0.688065
0.589744 , 0.692308 , -0.686432
0.589744 , 0.717949 , -0.685976
0.589744 , 0.743590 , -0.686251
0.589744 , 0.769231 , -0.686807
0.589744 , 0.794872 , -0.687717
0.589744 , 0.820513 , -0.688372
0.589744 , 0.846154 , -0.690316
0.589744 , 0.871795 , -0.693041
0.589744 , 0.897436 , -0.695353
0.589744 , 0.923077 , -0.697371
0.589744 , 0.948718 , -0.697867
0.589744 , 0.974359 , -0.698447
0.589744 , 1.000000 , -0.699401
0.615385 , 0.000000 , -0.797478
0.615385 , 0.025641 , -0.798481
0.615385 , 0.051282 , -0.799488
0.615385 , 0.076923 , -0.801725
0.615385 , 0.102564 , -0.804773
0.615385 , 0.128205 , -0.807112
0.615385 , 0.153846 , -0.809898
0.615385 , 0.179487 , -0.813060
0.615385 , 0.205128 , -0.815695
0.615385 , 0.230769 , -0.819202
0.615385 , 0.256410 , -0.821380
0.615385 , 0.282051 , -0.821534
0.615385 , 0.307692 , -0.820072
0.615385 , 0.333333 , -0.817626
0.615385 , 0.358974 , -0.814080
0.615385 , 0.384615 , -0.809884
0.615385 , 0.410256 , -0.805180
0.615385 , 0.435897 , -0.800157
0.615385 , 0.461538 , -0.794258
0.615385 , 0.487179 , -0.788382
0.615385 , 0.512821 , -0.781388
0.615385 , 0.538462 , -0.775106
0.615385 , 0.564103 , -0.769203
0.615385 , 0.589744 , -0.763113
0.615385 , 0.615385 , -0.756758
0.615385 , 0.641026 , -0.751291
0.615385 , 0.666667 , -0.746610
0.615385 , 0.692308 , -0.744025
0.615385 , 0.717949 , -0.742671
0.615385 , 0.743590 , -0.741344
0.615385 , 0.769231 , -0.740276
0.615385 , 0.794872 , -0.740319
0.615385 , 0.820513 , -0.740547
0.615385 , 0.846154 , -0.740713
0.615385 , 0.871795 , -0.742636
0.615385 , 0.897436 , -0.744283
0.615385 , 0.923077 , -0.745966
0.615385 , 0.948718 , -0.746581
0.615385 , 0.974359 , -0.746875
0.615385 , 1.000000 , -0.747473
0.641026 , 0.000000 , -0.871564
0.641026 , 0.025641 , -0.872253
0.641026 , 0.051282 , -0.873462
0.641026 , 0.076923 , -0.875665
0.641026 , 0.102564 , -0.878296
0.641026 , 0.128205 , -0.881098
0.641026 , 0.153846 , -0.883272
0.641026 , 0.179487 , -0.886624
0.641026 , 0.205128 , -0.889768
0.641026 , 0.230769 , -0.892450
0.641026 , 0.256410 , -0.893688
0.641026 , 0.282051 , -0.893966
0.641026 , 0.307692 , -0.892610
0.641026 , 0.333333 , -0.889590
0.641026 , 0.358974 , -0.885524
0.641026 , 0.384615 , -0.880692
0.641026 , 0.410256 , -0.875332
0.641026 , 0.435897 , -0.868808
0.641026 , 0.461538 , -0.861478
0.641026 , 0.487179 , -0.853922
0.641026 , 0.512821 , -0.845780
0.641026 , 0.538462 , -0.837922
0.641026 , 0.564103 , -0.830114
0.641026 , 0.589744 , -0.822298
0.641026 , 0.615385 , -0.814697
0.641026 , 0.641026 , -0.807306
0.641026 , 0.666667 , -0.800612
0.641026 , 0.692308 , -0.796115
0.641026 , 0.717949 , -0.793608
0.641026 , 0.743590 , -0.791279
0.641026 , 0.769231 , -0.788915
0.641026 , 0.794872 , -0.787262
0.641026 , 0.820513 , -0.786783
0.641026 , 0.846154 , -0.787105
0.641026 , 0.871795 , -0.788268
0.641026 , 0.897436 , -0.789236
0.641026 , 0.923077 , -0.789974
0.641026 , 0.948718 , -0.790449
0.641026 , 0.974359 , -0.790908
0.641026 , 1.000000 , -0.791598
0.666667 , 0.000000 , -0.940565
0.666667 , 0.025641 , -0.941129
0.666667 , 0.051282 , -0.941848
0.666667 , 0.076923 , -0.943712
0.666667 , 0.102564 , -0.946536
0.666667 , 0.128205 , -0.948944
0.666667 , 0.153846 , -0.951278
0.666667 , 0.179487 , -0.954169
0.666667 , 0.205128 , -0.957205
0.666667 , 0.230769 , -0.959363
0.666667 , 0.256410 , -0.959542
0.666667 , 0.282051 , -0.959304
0.666667 , 0.307692 , -0.958411
0.666667 , 0.333333 , -0.955800
0.666667 , 0.358974 , -0.951190
0.666667 , 0.384615 , -0.945621
0.666667 , 0.410256 , -0.939496
0.666667 , 0.435897 , -0.931896
0.666667 , 0.461538 , -0.923260
0.666667 , 0.487179 , -0.914026
0.666667 , 0.512821 , -0.904855
0.666667 , 0.538462 , -0.895915
0.666667 , 0.564103 , -0.886356
0.666667 , 0.589744 , -0.876707
0.666667 , 0.615385 , -0.867585
0.666667 , 0.641026 , -0.858418
0.666667 , 0.666667 , -0.850412
0.666667 , 0.692308 , -0.843797
0.666667 , 0.717949 , -0.838662
0.666667 , 0.743590 , -0.835424
0.666667 , 0.769231 , -0.832754
0.666667 , 0.794872 , -0.830876
0.666667 , 0.820513 , -0.829338
0.666667 , 0.846154 , -0.828424
0.666667 , 0.871795 , -0.829060
0.666667 , 0.897436 , -0.829615
0.666667 , 0.923077 , -0.829847
0.666667 , 0.948718 , -0.830968
0.666667 , 0.974359 , -0.831274
0.666667 , 1.000000 , -0.831902
0.692308 , 0.000000 , -1.003154
0.692308 , 0.025641 , -1.004056
0.692308 , 0.051282 , -1.005080
0.692308 , 0.076923 , -1.006220
0.692308 , 0.102564 , -1.008453
0.692308 , 0.128205 , -1.010602
0.692308 , 0.153846 , -1.012737
0.692308 , 0.179487 , -1.015801
0.692308 , 0.205128 , -1.018504
0.692308 , 0.230769 , -1.020477
0.692308 , 0.256410 , -1.019977
0.692308 , 0.282051 , -1.019079
0.692308 , 0.307692 , -1.017569
0.692308 , 0.333333 , -1.014970
0.692308 , 0.358974 , -1.010472
0.692308 , 0.384615 , -1.004351
0.692308 , 0.410256 , -0.997296
0.692308 , 0.435897 , -0.989034
0.692308 , 0.461538 , -0.980016
0.692308 , 0.487179 , -0.969610
0.692308 , 0.512821 , -0.959181
0.692308 , 0.538462 , -0.948852
0.692308 , 0.564103 , -0.937881
0.692308 , 0.589744 , -0.926927
0.692308 , 0.615385 , -0.916411
0.692308 , 0.641026 , -0.906287
0.692308 , 0.666667 , -0.896575
0.692308 , 0.692308 , -0.888391
0.692308 , 0.717949 , -0.880836
0.692308 , 0.743590 , -0.875267
0.692308 , 0.769231 , -0.871683
0.692308 , 0.794872 , -0.869308
0.692308 , 0.820513 , -0.867303
0.692308 , 0.846154 , -0.865395
0.692308 , 0.871795 , -0.865372
0.692308 , 0.897436 , -0.864973
0.692308 , 0.923077 , -0.865843
0.692308 , 0.948718 , -0.867262
0.692308 , 0.974359 , -0.868012
0.692308 , 1.000000 , -0.868818
0.717949 , 0.000000 , -1.059358
0.717949 , 0.025641 , -1.060192
0.717949 , 0.051282 , -1.061705
0.717949 , 0.076923 , -1.063085
0.717949 , 0.102564 , -1.064685
0.717949 , 0.128205 , -1.066908
0.717949 , 0.153846 , -1.068891
0.717949 , 0.179487 , -1.072025
0.717949 , 0.205128 , -1.074286
0.717949 , 0.230769 , -1.076641
0.717949 , 0.256410 , -1.076067
0.717949 , 0.282051 , -1.073920
0.717949 , 0.307692 , -1.071313
0.717949 , 0.333333 , -1.068287
0.717949 , 0.358974 , -1.063585
0.717949 , 0.384615 , -1.057176
0.717949 , 0.410256 , -1.049599
0.717949 , 0.435897 , -1.041025
0.717949 , 0.461538 , -1.031352
0.717949 , 0.487179 , -1.020472
0.717949 , 0.512821 , -1.008959
0.717949 , 0.538462 , -0.997542
0.717949 , 0.564103 , -0.985566
0.717949 , 0.589744 , -0.973929
0.717949 , 0.615385 , -0.962499
0.717949 , 0.641026 , -0.950681
0.717949 , 0.666667 , -0.938722
0.717949 , 0.692308 , -0.929104
0.717949 , 0.717949 , -0.920858
0.717949 , 0.743590 , -0.914120
0.717949 , 0.769231 , -0.908914
0.717949 , 0.794872 , -0.905327
0.717949 , 0.820513 , -0.901287
0.717949 , 0.846154 , -0.898063
0.717949 , 0.871795 , -0.897786
0.717949 , 0.897436 , -0.897583
0.717949 , 0.923077 , -0.898059
0.717949 , 0.948718 , -0.899691
0.717949 , 0.974359 , -0.900196
0.717949 , 1.000000 , -0.901230
0.743590 , 0.000000 , -1.109328
0.743590 , 0.025641 , -1.110442
0.743590 , 0.051282 , -1.112397
0.743590 , 0.076923 , -1.114067
0.743590 , 0.102564 , -1.115190
0.743590 , 0.128205 , -1.117555
0.743590 , 0.153846 , -1.119503
0.743590 , 0.179487 , -1.121989
0.743590 , 0.205128 , -1.124375
0.743590 , 0.230769 , -1.126679
0.743590 , 0.256410 , -1.127129
0.743590 , 0.282051 , -1.124554
0.743590 , 0.307692 , -1.120057
0.743590 , 0.333333 , -1.116445
0.743590 , 0.358974 , -1.111345
0.743590 , 0.384615 , -1.105015
0.743590 , 0.410256 , -1.096775
0.743590 , 0.435897 , -1.087089
0.743590 , 0.461538 , -1.076604
0.743590 , 0.487179 , -1.065461
0.743590 , 0.512821 , -1.053676
0.743590 , 0.538462 , -1.041499
0.743590 , 0.564103 , -1.028424
0.743590 , 0.589744 , -1.015938
0.743590 , 0.615385 , -1.003345
0.743590 , 0.641026 , -0.990787
0.743590 , 0.666667 , -0.978306
0.743590 , 0.692308 , -0.967652
0.743590 , 0.717949 , -0.958887
0.743590 , 0.743590 , -0.950720
0.743590 , 0.769231 , -0.944153
0.743590 , 0.794872 , -0.938753
0.743590 , 0.820513 , -0.933256
0.743590 , 0.846154 , -0.928943
0.743590 , 0.871795 , -0.927872
0.743590 , 0.897436 , -0.927683
0.743590 , 0.923077 , -0.927710
0.743590 , 0.948718 , -0.928607
0.743590 , 0.974359 , -0.929060
0.743590 , 1.000000 , -0.929663
0.769231 , 0.000000 , -1.154407
0.769231 , 0.025641 , -1.155312
0.769231 , 0.051282 , -1.157682
0.769231 , 0.076923 , -1.159599
0.769231 , 0.102564 , -1.160490
0.769231 , 0.128205 , -1.163155
0.769231 , 0.153846 , -1.165049
0.769231 , 0.179487 , -1.167120
0.769231 , 0.205128 , -1.169214
0.769231 , 0.230769 , -1.170788
0.769231 , 0.256410 , -1.171619
0.769231 , 0.282051 , -1.169322
0.769231 , 0.307692 , -1.164490
0.769231 , 0.333333 , -1.158825
0.769231 , 0.358974 , -1.153084
0.769231 , 0.384615 , -1.146891
0.769231 , 0.410256 , -1.138708
0.769231 , 0.435897 , -1.128190
0.769231 , 0.461538 , -1.116594
0.769231 , 0.487179 , -1.105319
0.769231 , 0.512821 , -1.093058
0.769231 , 0.538462 , -1.080641
0.769231 , 0.564103 , -1.067250
0.769231 , 0.589744 , -1.053174
0.769231 , 0.615385 , -1.039706
0.769231 , 0.641026 , -1.026230
0.769231 , 0.666667 , -1.013416
0.769231 , 0.692308 , -1.002325
0.769231 , 0.717949 , -0.992960
0.769231 , 0.743590 , -0.983450
0.769231 , 0.769231 , -0.975403
0.769231 , 0.794872 , -0.968832
0.769231 , 0.820513 , -0.963170
0.769231 , 0.846154 , -0.958522
0.769231 , 0.871795 , -0.956247
0.769231 , 0.897436 , -0.955130
0.769231 , 0.923077 , -0.955241
0.769231 , 0.948718 , -0.955014
0.769231 , 0.974359 , -0.955116
0.769231 , 1.000000 , -0.955027
0.794872 , 0.000000 , -1.195491
0.794872 , 0.025641 , -1.196036
0.794872 , 0.051282 , -1.197871
0.794872 , 0.076923 , -1.199763
0.794872 , 0.102564 , -1.201546
0.794872 , 0.128205 , -1.203467
0.794872 , 0.153846 , -1.204707
0.794872 , 0.179487 , -1.206816
0.794872 , 0.205128 , -1.208946
0.794872 , 0.230769 , -1.209178
0.794872 , 0.256410 , -1.209231
0.794872 , 0.282051 , -1.207873
0.794872 , 0.307692 , -1.203577
0.794872 , 0.333333 , -1.196993
0.794872 , 0.358974 , -1.189845
0.794872 , 0.384615 , -1.182331
0.794872 , 0.410256 , -1.174422
0.794872 , 0.435897 , -1.164511
0.794872 , 0.461538 , -1.152664
0.794872 , 0.487179 , -1.140769
0.794872 , 0.512821 , -1.128170
0.794872 , 0.538462 , -1.114962
0.794872 , 0.564103 , -1.101713
0.794872 , 0.589744 , -1.087163
0.794872 , 0.615385 , -1.072943
0.794872 , 0.641026 , -1.059771
0.794872 , 0.666667 , -1.046529
0.794872 , 0.692308 , -1.033500
0.794872 , 0.717949 , -1.022547
0.794872 , 0.743590 , -1.011429
0.794872 , 0.769231 , -1.002025
0.794872 , 0.794872 , -0.994490
0.794872 , 0.820513 , -0.988450
0.794872 , 0.846154 , -0.984698
0.794872 , 0.871795 , -0.982607
0.794872 , 0.897436 , -0.980594
0.794872 , 0.923077 , -0.979650
0.794872 , 0.948718 , -0.978214
0.794872 , 0.974359 , -0.978166
0.794872 , 1.000000 , -0.977876
0.820513 , 0.000000 , -1.230918
0.820513 , 0.025641 , -1.231387
0.820513 , 0.051282 , -1.232685
0.820513 , 0.076923 , -1.234173
0.820513 , 0.102564 , -1.236480
0.820513 , 0.128205 , -1.238466
0.820513 , 0.153846 , -1.239376
0.820513 , 0.179487 , -1.240560
0.820513 , 0.205128 , -1.242258
0.820513 , 0.230769 , -1.241889
0.820513 , 0.256410 , -1.241703
0.820513 , 0.282051 , -1.239867
0.820513 , 0.307692 , -1.235370
0.820513 , 0.333333 , -1.228557
0.820513 , 0.358974 , -1.221619
0.820513 , 0.384615 , -1.214018
0.820513 , 0.410256 , -1.205859
0.820513 , 0.435897 , -1.196645
0.820513 , 0.461538 , -1.184628
0.820513 , 0.487179 , -1.172019
0.820513 , 0.512821 , -1.159670
0.820513 , 0.538462 , -1.146246
0.820513 , 0.564103 , -1.132659
0.820513 , 0.589744 , -1.117804
0.820513 , 0.615385 , -1.102966
0.820513 , 0.641026 , -1.089450
0.820513 , 0.666667 , -1.076315
0.820513 , 0.692308 , -1.062245
0.820513 , 0.717949 , -1.049043
0.820513 , 0.743590 , -1.036287
0.820513 , 0.769231 , -1.025497
0.820513 , 0.794872 , -1.017635
0.820513 , 0.820513 , -1.010983
0.820513 , 0.846154 , -1.007424
0.820513 , 0.871795 , -1.005058
0.820513 , 0.897436 , -1.002700
0.820513 , 0.923077 , -1.000589
0.820513 , 0.948718 , -0.998434
0.820513 , 0.974359 , -0.998020
0.820513 , 1.000000 , -0.998220
0.846154 , 0.000000 , -1.260539
0.846154 , 0.025641 , -1.261177
0.846154 , 0.051282 , -1.262423
0.846154 , 0.076923 , -1.263932
0.846154 , 0.102564 , -1.265694
0.846154 , 0.128205 , -1.267725
0.846154 , 0.153846 , -1.268375
0.846154 , 0.179487 , -1.268785
0.846154 , 0.205128 , -1.269866
0.846154 , 0.230769 , -1.268810
0.846154 , 0.256410 , -1.267903
0.846154 , 0.282051 , -1.265558
0.846154 , 0.307692 , -1.261432
0.846154 , 0.333333 , -1.255373
0.846154 , 0.358974 , -1.248390
0.846154 , 0.384615 , -1.241501
0.846154 , 0.410256 , -1.233703
0.846154 , 0.435897 , -1.224288
0.846154 , 0.461538 , -1.212569
0.846154 , 0.487179 , -1.199516
0.846154 , 0.512821 , -1.186139
0.846154 , 0.538462 , -1.173626
0.846154 , 0.564103 , -1.159401
0.846154 , 0.589744 , -1.143876
0.846154 , 0.615385 , -1.128343
0.846154 , 0.641026 , -1.114312
0.846154 , 0.666667 , -1.101009
0.846154 , 0.692308 , -1.086777
0.846154 , 0.717949 , -1.073300
0.846154 , 0.743590 , -1.059736
0.846154 , 0.769231 , -1.048099
0.846154 , 0.794872 , -1.039332
0.846154 , 0.820513 , -1.032665
0.846154 , 0.846154 , -1.028090
0.846154 , 0.871795 , -1.024694
0.846154 , 0.897436 , -1.021485
0.846154 , 0.923077 , -1.018439
0.846154 , 0.948718 , -1.016952
0.846154 , 0.974359 , -1.016042
0.846154 , 1.000000 , -1.015623
0.871795 , 0.000000 , -1.284906
0.871795 , 0.025641 , -1.286408
0.871795 , 0.051282 , -1.287389
0.871795 , 0.076923 , -1.288647
0.871795 , 0.102564 , -1.289944
0.871795 , 0.128205 , -1.291276
0.871795 , 0.153846 , -1.291652
0.871795 , 0.179487 , -1.291933
0.871795 , 0.205128 , -1.292281
0.871795 , 0.230769 , -1.291435
0.871795 , 0.256410 , -1.290152
0.871795 , 0.282051 , -1.287639
0.871795 , 0.307692 , -1.283371
0.871795 , 0.333333 , -1.277507
0.871795 , 0.358974 , -1.271372
0.871795 , 0.384615 , -1.263900
0.871795 , 0.410256 , -1.255535
0.871795 , 0.435897 , -1.246153
0.871795 , 0.461538 , -1.234850
0.871795 , 0.487179 , -1.222754
0.871795 , 0.512821 , -1.209425
0.871795 , 0.538462 , -1.195695
0.871795 , 0.564103 , -1.181165
0.871795 , 0.589744 , -1.165218
0.871795 , 0.615385 , -1.149743
0.871795 , 0.641026 , -1.135400
0.871795 , 0.666667 , -1.122158
0.871795 , 0.692308 , -1.108141
0.871795 , 0.717949 , -1.093761
0.871795 , 0.743590 , -1.080829
0.871795 , 0.769231 , -1.069659
0.871795 , 0.794872 , -1.060010
0.871795 , 0.820513 , -1.052088
0.871795 , 0.846154 , -1.045611
0.871795 , 0.871795 , -1.040800
0.871795 , 0.897436 , -1.036974
0.871795 , 0.923077 , -1.033121
0.871795 , 0.948718 , -1.031323
0.871795 , 0.974359 , -1.030686
0.871795 , 1.000000 , -1.030022
0.897436 , 0.000000 , -1.306935
0.897436 , 0.025641 , -1.307612
0.897436 , 0.051282 , -1.308059
0.897436 , 0.076923 , -1.308509
0.897436 , 0.102564 , -1.309484
0.897436 , 0.128205 , -1.310036
0.897436 , 0.153846 , -1.310293
0.897436 , 0.179487 , -1.311067
0.897436 , 0.205128 , -1.310789
0.897436 , 0.230769 , -1.309678
0.897436 , 0.256410 , -1.308258
0.897436 , 0.282051 , -1.304794
0.897436 , 0.307692 , -1.300579
0.897436 , 0.333333 , -1.294660
0.897436 , 0.358974 , -1.288112
0.897436 , 0.384615 , -1.280869
0.897436 , 0.410256 , -1.272292
0.897436 , 0.435897 , -1.262663
0.897436 , 0.461538 , -1.251884
0.897436 , 0.487179 , -1.240035
0.897436 , 0.512821 , -1.227516
0.897436 , 0.538462 , -1.213912
0.897436 , 0.564103 , -1.198826
0.897436 , 0.589744 , -1.183216
0.897436 , 0.615385 , -1.168033
0.897436 , 0.641026 , -1.153202
0.897436 , 0.666667 , -1.138883
0.897436 , 0.692308 , -1.125260
0.897436 , 0.717949 , -1.111078
0.897436 , 0.743590 , -1.098822
0.897436 , 0.769231 , -1.088667
0.897436 , 0.794872 , -1.078974
0.897436 , 0.820513 , -1.070289
0.897436 , 0.846154 , -1.061422
0.897436 , 0.871795 , -1.054371
0.897436 , 0.897436 , -1.049872
0.897436 , 0.923077 , -1.046170
0.897436 , 0.948718 , -1.043883
0.897436 , 0.974359 , -1.042312
0.897436 , 1.000000 , -1.041395
0.923077 , 0.000000 , -1.323888
0.923077 , 0.025641 , -1.324081
0.923077 , 0.051282 , -1.323784
0.923077 , 0.076923 , -1.323502
0.923077 , 0.102564 , -1.323907
0.923077 , 0.128205 , -1.324393
0.923077 , 0.153846 , -1.324649
0.923077 , 0.179487 , -1.325361
0.923077 , 0.205128 , -1.325598
0.923077 , 0.230769 , -1.324231
0.923077 , 0.256410 , -1.322468
0.923077 , 0.282051 , -1.318171
0.923077 , 0.307692 , -1.313214
0.923077 , 0.333333 , -1.307695
0.923077 , 0.358974 , -1.300621
0.923077 , 0.384615 , -1.293322
0.923077 , 0.410256 , -1.285521
0.923077 , 0.435897 , -1.276182
0.923077 , 0.461538 , -1.265233
0.923077 , 0.487179 , -1.253187
0.923077 , 0.512821 , -1.240434
0.923077 , 0.538462 , -1.227133
0.923077 , 0.564103 , -1.212812
0.923077 , 0.589744 , -1.196692
0.923077 , 0.615385 , -1.181634
0.923077 , 0.641026 , -1.166783
0.923077 , 0.666667 , -1.152167
0.923077 , 0.692308 , -1.139171
0.923077 , 0.717949 , -1.125717
0.923077 , 0.743590 , -1.113151
0.923077 , 0.769231 , -1.102468
0.923077 , 0.794872 , -1.092971
0.923077 , 0.820513 , -1.083633
0.923077 , 0.846154 , -1.074614
0.923077 , 0.871795 , -1.066683
0.923077 , 0.897436 , -1.060809
0.923077 , 0.923077 , -1.056608
0.923077 , 0.948718 , -1.053875
0.923077 , 0.974359 , -1.051625
0.923077 , 1.000000 , -1.050854
0.948718 , 0.000000 , -1.335730
0.948718 , 0.025641 , -1.335378
0.948718 , 0.051282 , -1.335016
0.948718 , 0.076923 , -1.334348
0.948718 , 0.102564 , -1.334272
0.948718 , 0.128205 , -1.334595
0.948718 , 0.153846 , -1.334633
0.948718 , 0.179487 , -1.335340
0.948718 , 0.205128 , -1.335513
0.948718 , 0.230769 , -1.334267
0.948718 , 0.256410 , -1.332066
0.948718 , 0.282051 , -1.327993
0.948718 , 0.307692 , -1.322546
0.948718 , 0.333333 , -1.316723
0.948718 , 0.358974 , -1.310229
0.948718 , 0.384615 , -1.303028
0.948718 , 0.410256 , -1.294787
0.948718 , 0.435897 , -1.285114
0.948718 , 0.461538 , -1.274136
0.948718 , 0.487179 , -1.262150
0.948718 , 0.512821 , -1.249359
0.948718 , 0.538462 , -1.236081
0.948718 , 0.564103 , -1.222149
0.948718 , 0.589744 , -1.206807
0.948718 , 0.615385 , -1.191390
0.948718 , 0.641026 , -1.176385
0.948718 , 0.666667 , -1.161991
0.948718 , 0.692308 , -1.149039
0.948718 , 0.717949 , -1.136123
0.948718 , 0.743590 , -1.123319
0.948718 , 0.769231 , -1.111823
0.948718 , 0.794872 , -1.101709
0.948718 , 0.820513 , -1.092340
0.948718 , 0.846154 , -1.083483
0.948718 , 0.871795 , -1.075597
0.948718 , 0.897436 , -1.069337
0.948718 , 0.923077 , -1.064660
0.948718 , 0.948718 , -1.060875
0.948718 , 0.974359 , -1.058481
0.948718 , 1.000000 , -1.057824
0.974359 , 0.000000 , -1.342153
0.974359 , 0.025641 , -1.342256
0.974359 , 0.051282 , -1.341777
0.974359 , 0.076923 , -1.340842
0.974359 , 0.102564 , -1.340443
0.974359 , 0.128205 , -1.340873
0.974359 , 0.153846 , -1.340618
0.974359 , 0.179487 , -1.340647
0.974359 , 0.205128 , -1.340892
0.974359 , 0.230769 , -1.339627
0.974359 , 0.256410 , -1.336969
0.974359 , 0.282051 , -1.333097
0.974359 , 0.307692 , -1.327978
0.974359 , 0.333333 , -1.322410
0.974359 , 0.358974 , -1.315506
0.974359 , 0.384615 , -1.307791
0.974359 , 0.410256 , -1.299808
0.974359 , 0.435897 , -1.290281
0.974359 , 0.461538 , -1.279109
0.974359 , 0.487179 , -1.267142
0.974359 , 0.512821 , -1.254364
0.974359 , 0.538462 , -1.240736
0.974359 , 0.564103 , -1.226601
0.974359 , 0.589744 , -1.211997
0.974359 , 0.615385 , -1.196927
0.974359 , 0.641026 , -1.182413
0.974359 , 0.666667 , -1.168683
0.974359 , 0.692308 , -1.154693
0.974359 , 0.717949 , -1.141348
0.974359 , 0.743590 , -1.128854
0.974359 , 0.769231 , -1.117515
0.974359 , 0.794872 , -1.106583
0.974359 , 0.820513 , -1.096738
0.974359 , 0.846154 , -1.088270
0.974359 , 0.871795 , -1.080537
0.974359 , 0.897436 , -1.074244
0.974359 , 0.923077 , -1.069045
0.974359 , 0.948718 , -1.065492
0.974359 , 0.974359 , -1.062828
0.974359 , 1.000000 , -1.062420
1.000000 , 0.000000 , -1.343744
1.000000 , 0.025641 , -1.344247
1.000000 , 0.051282 , -1.343989
1.000000 , 0.076923 , -1.343159
1.000000 , 0.102564 , -1.342341
1.000000 , 0.128205 , -1.343121
1.000000 , 0.153846 , -1.343027
1.000000 , 0.179487 , -1.342384
1.000000 , 0.205128 , -1.342443
1.000000 , 0.230769 , -1.341134
1.000000 , 0.256410 , -1.338433
1.000000 , 0.282051 , -1.334355
1.000000 , 0.307692 , -1.329124
1.000000 , 0.333333 , -1.323970
1.000000 , 0.358974 , -1.317849
1.000000 , 0.384615 , -1.310098
1.000000 , 0.410256 , -1.301158
1.000000 , 0.435897 , -1.291438
1.000000 , 0.461538 , -1.280396
1.000000 , 0.487179 , -1.268459
1.000000 , 0.512821 , -1.255990
1.000000 , 0.538462 , -1.242533
1.000000 , 0.564103 , -1.228429
1.000000 , 0.589744 , -1.213963
1.000000 , 0.615385 , -1.199549
1.000000 , 0.641026 , -1.184958
1.000000 , 0.666667 , -1.171316
1.000000 , 0.692308 , -1.157531
1.000000 , 0.717949 , -1.143839
1.000000 , 0.743590 , -1.131145
1.000000 , 0.769231 , -1.119269
1.000000 , 0.794872 , -1.108200
1.000000 , 0.820513 , -1.098611
1.000000 , 0.846154 , -1.089625
1.000000 , 0.871795 , -1.082235
1.000000 , 0.897436 , -1.076023
1.000000 , 0.923077 , -1.070779
1.000000 , 0.948718 , -1.066896
1.000000 , 0.974359 , -1.064346
1.000000 , 1.000000 , -1.063117
