0.000000 , 0.000000 , -2.738189
0.000000 , 0.025641 , -2.738189
0.000000 , 0.051282 , -2.738189
0.000000 , 0.076923 , -2.738189
0.000000 , 0.102564 , -2.738189
0.000000 , 0.128205 , -2.738189
0.000000 , 0.153846 , -2.738189
0.000000 , 0.179487 , -2.738189
0.000000 , 0.205128 , -2.738189
0.000000 , 0.230769 , -2.738189
0.000000 , 0.256410 , -2.738189
0.000000 , 0.282051 , -2.738189
0.000000 , 0.307692 , -2.738189
0.000000 , 0.333333 , -2.738189
0.000000 , 0.358974 , -2.738189
0.000000 , 0.384615 , -2.738189
0.000000 , 0.410256 , -2.738189
0.000000 , 0.435897 , -2.738189
0.000000 , 0.461538 , -2.738189
0.000000 , 0.487179 , -2.738189
0.000000 , 0.512821 , -2.738189
0.000000 , 0.538462 , -2.738189
0.000000 , 0.564103 , -2.738189
0.000000 , 0.589744 , -2.738189
0.000000 , 0.615385 , -2.738189
0.000000 , 0.641026 , -2.738189
0.000000 , 0.666667 , -2.738189
0.000000 , 0.692308 , -2.738189
0.000000 , 0.717949 , -2.738189
0.000000 , 0.743590 , -2.738189
0.000000 , 0.769231 , -2.738189
0.000000 , 0.794872 , -2.738189
0.000000 , 0.820513 , -2.738189
0.000000 , 0.846154 , -2.738189
0.000000 , 0.871795 , -2.738189
0.000000 , 0.897436 , -2.738189
0.000000 , 0.923077 , -2.738189
0.000000 , 0.948718 , -2.738189
0.000000 , 0.974359 , -2.738189
0.000000 , 1.000000 , -2.738189
0.025641 , 0.000000 , -2.404476
0.025641 , 0.025641 , -2.404036
0.025641 , 0.051282 , -2.403572
0.025641 , 0.076923 , -2.403814
0.025641 , 0.102564 , -2.404650
0.025641 , 0.128205 , -2.405485
0.025641 , 0.153846 , -2.406435
0.025641 , 0.179487 , -2.408348
0.025641 , 0.205128 , -2.410833
0.025641 , 0.230769 , -2.413576
0.025641 , 0.256410 , -2.416883
0.025641 , 0.282051 , -2.420915
0.025641 , 0.307692 , -2.425592
0.025641 , 0.333333 , -2.430860
0.025641 , 0.358974 , -2.436158
0.025641 , 0.384615 , -2.441748
0.025641 , 0.410256 , -2.448042
0.025641 , 0.435897 , -2.453476
0.025641 , 0.461538 , -2.458908
0.025641 , 0.487179 , -2.465416
0.025641 , 0.512821 , -2.470999
0.025641 , 0.538462 , -2.477191
0.025641 , 0.564103 , -2.482724
0.025641 , 0.589744 , -2.488188
0.025641 , 0.615385 , -2.493042
0.025641 , 0.641026 , -2.497976
0.025641 , 0.666667 , -2.502707
0.025641 , 0.692308 , -2.506425
0.025641 , 0.717949 , -2.510424
0.025641 , 0.743590 , -2.513973
0.025641 , 0.769231 , -2.517771
0.025641 , 0.794872 , -2.521246
0.025641 , 0.820513 , -2.523918
0.025641 , 0.846154 , -2.525827
0.025641 , 0.871795 , -2.527968
0.025641 , 0.897436 , -2.529116
0.025641 , 0.923077 , -2.529962
0.025641 , 0.948718 , -2.530598
0.025641 , 0.974359 , -2.530459
0.025641 , 1.000000 , -2.530626
0.051282 , 0.000000 , -2.084092
0.051282 , 0.025641 , -2.084008
0.051282 , 0.051282 , -2.083664
0.051282 , 0.076923 , -2.083688
0.051282 , 0.102564 , -2.085314
0.051282 , 0.128205 , -2.087265
0.051282 , 0.153846 , -2.089309
0.051282 , 0.179487 , -2.092529
0.051282 , 0.205128 , -2.097180
0.051282 , 0.230769 , -2.103069
0.051282 , 0.256410 , -2.109762
0.051282 , 0.282051 , -2.117785
0.051282 , 0.307692 , -2.126919
0.051282 , 0.333333 , -2.137287
0.051282 , 0.358974 , -2.148128
0.051282 , 0.384615 , -2.159060
0.051282 , 0.410256 , -2.170469
0.051282 , 0.435897 , -2.181113
0.051282 , 0.461538 , -2.192541
0.051282 , 0.487179 , -2.205291
0.051282 , 0.512821 , -2.216882
0.051282 , 0.538462 , -2.227963
0.051282 , 0.564103 , -2.239471
0.051282 , 0.589744 , -2.249975
0.051282 , 0.615385 , -2.260158
0.051282 , 0.641026 , -2.269932
0.051282 , 0.666667 , -2.279128
0.051282 , 0.692308 , -2.287772
0.051282 , 0.717949 , -2.295197
0.051282 , 0.743590 , -2.302147
0.051282 , 0.769231 , -2.309250
0.051282 , 0.794872 , -2.315778
0.051282 , 0.820513 , -2.321461
0.051282 , 0.846154 , -2.325766
0.051282 , 0.871795 , -2.329418
0.051282 , 0.897436 , -2.331969
0.051282 , 0.923077 , -2.333620
0.051282 , 0.948718 , -2.334914
0.051282 , 0.974359 , -2.334911
0.051282 , 1.000000 , -2.334685
0.076923 , 0.000000 , -1.776858
0.076923 , 0.025641 , -1.776733
0.076923 , 0.051282 , -1.776823
0.076923 , 0.076923 , -1.776844
0.076923 , 0.102564 , -1.778875
0.076923 , 0.128205 , -1.782096
0.076923 , 0.153846 , -1.785507
0.076923 , 0.179487 , -1.790174
0.076923 , 0.205128 , -1.797472
0.076923 , 0.230769 , -1.806527
0.076923 , 0.256410 , -1.816951
0.076923 , 0.282051 , -1.828221
0.076923 , 0.307692 , -1.841780
0.076923 , 0.333333 , -1.856367
0.076923 , 0.358974 , -1.872503
0.076923 , 0.384615 , -1.889044
0.076923 , 0.410256 , -1.906470
0.076923 , 0.435897 , -1.922581
0.076923 , 0.461538 , -1.938234
0.076923 , 0.487179 , -1.957031
0.076923 , 0.512821 , -1.974763
0.076923 , 0.538462 , -1.991776
0.076923 , 0.564103 , -2.008340
0.076923 , 0.589744 , -2.024419
0.076923 , 0.615385 , -2.039241
0.076923 , 0.641026 , -2.053907
0.076923 , 0.666667 , -2.067105
0.076923 , 0.692308 , -2.079688
0.076923 , 0.717949 , -2.092105
0.076923 , 0.743590 , -2.103014
0.076923 , 0.769231 , -2.113486
0.076923 , 0.794872 , -2.122110
0.076923 , 0.820513 , -2.130181
0.076923 , 0.846154 , -2.136984
0.076923 , 0.871795 , -2.142645
0.076923 , 0.897436 , -2.146588
0.076923 , 0.923077 , -2.149422
0.076923 , 0.948718 , -2.151357
0.076923 , 0.974359 , -2.151968
0.076923 , 1.000000 , -2.151307
0.102564 , 0.000000 , -1.483579
0.102564 , 0.025641 , -1.482968
0.102564 , 0.051282 , -1.482628
0.102564 , 0.076923 , -1.483613
0.102564 , 0.102564 , -1.485803
0.102564 , 0.128205 , -1.489482
0.102564 , 0.153846 , -1.494404
0.102564 , 0.179487 , -1.501245
0.102564 , 0.205128 , -1.511200
0.102564 , 0.230769 , -1.523245
0.102564 , 0.256410 , -1.537024
0.102564 , 0.282051 , -1.551905
0.102564 , 0.307692 , -1.568974
0.102564 , 0.333333 , -1.588632
0.102564 , 0.358974 , -1.609233
0.102564 , 0.384615 , -1.631209
0.102564 , 0.410256 , -1.653480
0.102564 , 0.435897 , -1.675510
0.102564 , 0.461538 , -1.696535
0.102564 , 0.487179 , -1.720121
0.102564 , 0.512821 , -1.744121
0.102564 , 0.538462 , -1.767167
0.102564 , 0.564103 , -1.789281
0.102564 , 0.589744 , -1.809987
0.102564 , 0.615385 , -1.830461
0.102564 , 0.641026 , -1.849924
0.102564 , 0.666667 , -1.868023
0.102564 , 0.692308 , -1.884482
0.102564 , 0.717949 , -1.900964
0.102564 , 0.743590 , -1.915597
0.102564 , 0.769231 , -1.929371
0.102564 , 0.794872 , -1.940166
0.102564 , 0.820513 , -1.949890
0.102564 , 0.846154 , -1.958902
0.102564 , 0.871795 , -1.967023
0.102564 , 0.897436 , -1.973785
0.102564 , 0.923077 , -1.977057
0.102564 , 0.948718 , -1.979496
0.102564 , 0.974359 , -1.980204
0.102564 , 1.000000 , -1.980059
0.128205 , 0.000000 , -1.203274
0.128205 , 0.025641 , -1.202414
0.128205 , 0.051282 , -1.201973
0.128205 , 0.076923 , -1.203539
0.128205 , 0.102564 , -1.206885
0.128205 , 0.128205 , -1.211011
0.128205 , 0.153846 , -1.216941
0.128205 , 0.179487 , -1.225795
0.128205 , 0.205128 , -1.237400
0.128205 , 0.230769 , -1.252011
0.128205 , 0.256410 , -1.268748
0.128205 , 0.282051 , -1.287459
0.128205 , 0.307692 , -1.308508
0.128205 , 0.333333 , -1.332120
0.128205 , 0.358974 , -1.357284
0.128205 , 0.384615 , -1.384088
0.128205 , 0.410256 , -1.411983
0.128205 , 0.435897 , -1.439398
0.128205 , 0.461538 , -1.467483
0.128205 , 0.487179 , -1.496829
0.128205 , 0.512821 , -1.525827
0.128205 , 0.538462 , -1.554418
0.128205 , 0.564103 , -1.582009
0.128205 , 0.589744 , -1.608099
0.128205 , 0.615385 , -1.633808
0.128205 , 0.641026 , -1.658207
0.128205 , 0.666667 , -1.681148
0.128205 , 0.692308 , -1.702341
0.128205 , 0.717949 , -1.722416
0.128205 , 0.743590 , -1.740371
0.128205 , 0.769231 , -1.757318
0.128205 , 0.794872 , -1.770620
0.128205 , 0.820513 , -1.782363
0.128205 , 0.846154 , -1.792943
0.128205 , 0.871795 , -1.802911
0.128205 , 0.897436 , -1.812144
0.128205 , 0.923077 , -1.817086
0.128205 , 0.948718 , -1.820057
0.128205 , 0.974359 , -1.820803
0.128205 , 1.000000 , -1.820560
0.153846 , 0.000000 , -0.935019
0.153846 , 0.025641 , -0.933729
0.153846 , 0.051282 , -0.933378
0.153846 , 0.076923 , -0.935054
0.153846 , 0.102564 , -0.939142
0.153846 , 0.128205 , -0.944405
0.153846 , 0.153846 , -0.951969
0.153846 , 0.179487 , -0.962860
0.153846 , 0.205128 , -0.976571
0.153846 , 0.230769 , -0.992679
0.153846 , 0.256410 , -1.012588
0.153846 , 0.282051 , -1.035444
0.153846 , 0.307692 , -1.060766
0.153846 , 0.333333 , -1.089054
0.153846 , 0.358974 , -1.118407
0.153846 , 0.384615 , -1.149042
0.153846 , 0.410256 , -1.181987
0.153846 , 0.435897 , -1.215034
0.153846 , 0.461538 , -1.248553
0.153846 , 0.487179 , -1.283929
0.153846 , 0.512821 , -1.319029
0.153846 , 0.538462 , -1.352667
0.153846 , 0.564103 , -1.385713
0.153846 , 0.589744 , -1.417438
0.153846 , 0.615385 , -1.448258
0.153846 , 0.641026 , -1.477647
0.153846 , 0.666667 , -1.505292
0.153846 , 0.692308 , -1.531176
0.153846 , 0.717949 , -1.555205
0.153846 , 0.743590 , -1.576333
0.153846 , 0.769231 , -1.595897
0.153846 , 0.794872 , -1.612338
0.153846 , 0.820513 , -1.626562
0.153846 , 0.846154 , -1.639148
0.153846 , 0.871795 , -1.651326
0.153846 , 0.897436 , -1.661231
0.153846 , 0.923077 , -1.668191
0.153846 , 0.948718 , -1.672174
0.153846 , 0.974359 , -1.673831
0.153846 , 1.000000 , -1.673407
0.179487 , 0.000000 , -0.676738
0.179487 , 0.025641 , -0.676064
0.179487 , 0.051282 , -0.676320
0.179487 , 0.076923 , -0.678192
0.179487 , 0.102564 , -0.682097
0.179487 , 0.128205 , -0.688145
0.179487 , 0.153846 , -0.697500
0.179487 , 0.179487 , -0.710154
0.179487 , 0.205128 , -0.726409
0.179487 , 0.230769 , -0.746027
0.179487 , 0.256410 , -0.769141
0.179487 , 0.282051 , -0.795732
0.179487 , 0.307692 , -0.825192
0.179487 , 0.333333 , -0.857080
0.179487 , 0.358974 , -0.891082
0.179487 , 0.384615 , -0.926704
0.179487 , 0.410256 , -0.964685
0.179487 , 0.435897 , -1.002548
0.179487 , 0.461538 , -1.041265
0.179487 , 0.487179 , -1.081779
0.179487 , 0.512821 , -1.122495
0.179487 , 0.538462 , -1.162169
0.179487 , 0.564103 , -1.200102
0.179487 , 0.589744 , -1.237159
0.179487 , 0.615385 , -1.273126
0.179487 , 0.641026 , -1.307443
0.179487 , 0.666667 , -1.340216
0.179487 , 0.692308 , -1.370578
0.179487 , 0.717949 , -1.398383
0.179487 , 0.743590 , -1.423698
0.179487 , 0.769231 , -1.446170
0.179487 , 0.794872 , -1.465273
0.179487 , 0.820513 , -1.482332
0.179487 , 0.846154 , -1.497358
0.179487 , 0.871795 , -1.510670
0.179487 , 0.897436 , -1.522177
0.179487 , 0.923077 , -1.530126
0.179487 , 0.948718 , -1.535288
0.179487 , 0.974359 , -1.538451
0.179487 , 1.000000 , -1.538853
0.205128 , 0.000000 , -0.429247
0.205128 , 0.025641 , -0.429384
0.205128 , 0.051282 , -0.429854
0.205128 , 0.076923 , -0.431904
0.205128 , 0.102564 , -0.436720
0.205128 , 0.128205 , -0.444307
0.205128 , 0.153846 , -0.455195
0.205128 , 0.179487 , -0.469679
0.205128 , 0.205128 , -0.488083
0.205128 , 0.230769 , -0.511205
0.205128 , 0.256410 , -0.537972
0.205128 , 0.282051 , -0.568320
0.205128 , 0.307692 , -0.600788
0.205128 , 0.333333 , -0.636335
0.205128 , 0.358974 , -0.674753
0.205128 , 0.384615 , -0.715742
0.205128 , 0.410256 , -0.758696
0.205128 , 0.435897 , -0.801690
0.205128 , 0.461538 , -0.845728
0.205128 , 0.487179 , -0.891254
0.205128 , 0.512821 , -0.937390
0.205128 , 0.538462 , -0.982919
0.205128 , 0.564103 , -1.027048
0.205128 , 0.589744 , -1.068647
0.205128 , 0.615385 , -1.108920
0.205128 , 0.641026 , -1.147386
0.205128 , 0.666667 , -1.184890
0.205128 , 0.692308 , -1.219977
0.205128 , 0.717949 , -1.252033
0.205128 , 0.743590 , -1.281036
0.205128 , 0.769231 , -1.307187
0.205128 , 0.794872 , -1.329109
0.205128 , 0.820513 , -1.349732
0.205128 , 0.846154 , -1.368120
0.205128 , 0.871795 , -1.382758
0.205128 , 0.897436 , -1.395132
0.205128 , 0.923077 , -1.403756
0.205128 , 0.948718 , -1.410004
0.205128 , 0.974359 , -1.413733
0.205128 , 1.000000 , -1.414865
0.230769 , 0.000000 , -0.189289
0.230769 , 0.025641 , -0.190479
0.230769 , 0.051282 , -0.192464
0.230769 , 0.076923 , -0.195939
0.230769 , 0.102564 , -0.202665
0.230769 , 0.128205 , -0.212218
0.230769 , 0.153846 , -0.224774
0.230769 , 0.179487 , -0.241383
0.230769 , 0.205128 , -0.262448
0.230769 , 0.230769 , -0.288344
0.230769 , 0.256410 , -0.318212
0.230769 , 0.282051 , -0.352072
0.230769 , 0.307692 , -0.388338
0.230769 , 0.333333 , -0.427141
0.230769 , 0.358974 , -0.470074
0.230769 , 0.384615 , -0.515678
0.230769 , 0.410256 , -0.563161
0.230769 , 0.435897 , -0.611085
0.230769 , 0.461538 , -0.660517
0.230769 , 0.487179 , -0.711006
0.230769 , 0.512821 , -0.762676
0.230769 , 0.538462 , -0.813997
0.230769 , 0.564103 , -0.863525
0.230769 , 0.589744 , -0.910531
0.230769 , 0.615385 , -0.955475
0.230769 , 0.641026 , -0.998948
0.230769 , 0.666667 , -1.040491
0.230769 , 0.692308 , -1.080492
0.230769 , 0.717949 , -1.116578
0.230769 , 0.743590 , -1.149209
0.230769 , 0.769231 , -1.178571
0.230769 , 0.794872 , -1.204808
0.230769 , 0.820513 , -1.228418
0.230769 , 0.846154 , -1.249423
0.230769 , 0.871795 , -1.266120
0.230769 , 0.897436 , -1.279305
0.230769 , 0.923077 , -1.289121
0.230769 , 0.948718 , -1.296370
0.230769 , 0.974359 , -1.300494
0.230769 , 1.000000 , -1.301347
0.256410 , 0.000000 , 0.040462
0.256410 , 0.025641 , 0.039296
0.256410 , 0.051282 , 0.035876
0.256410 , 0.076923 , 0.030229
0.256410 , 0.102564 , 0.021455
0.256410 , 0.128205 , 0.010122
0.256410 , 0.153846 , -0.004541
0.256410 , 0.179487 , -0.023779
0.256410 , 0.205128 , -0.047963
0.256410 , 0.230769 , -0.077113
0.256410 , 0.256410 , -0.109946
0.256410 , 0.282051 , -0.146570
0.256410 , 0.307692 , -0.186497
0.256410 , 0.333333 , -0.229355
0.256410 , 0.358974 , -0.276419
0.256410 , 0.384615 , -0.326289
0.256410 , 0.410256 , -0.377930
0.256410 , 0.435897 , -0.431155
0.256410 , 0.461538 , -0.485946
0.256410 , 0.487179 , -0.541463
0.256410 , 0.512821 , -0.598223
0.256410 , 0.538462 , -0.654994
0.256410 , 0.564103 , -0.709436
0.256410 , 0.589744 , -0.761823
0.256410 , 0.615385 , -0.812771
0.256410 , 0.641026 , -0.861378
0.256410 , 0.666667 , -0.907794
0.256410 , 0.692308 , -0.952270
0.256410 , 0.717949 , -0.992779
0.256410 , 0.743590 , -1.029181
0.256410 , 0.769231 , -1.061934
0.256410 , 0.794872 , -1.092041
0.256410 , 0.820513 , -1.117967
0.256410 , 0.846154 , -1.141429
0.256410 , 0.871795 , -1.161138
0.256410 , 0.897436 , -1.176155
0.256410 , 0.923077 , -1.187255
0.256410 , 0.948718 , -1.194947
0.256410 , 0.974359 , -1.199181
0.256410 , 1.000000 , -1.200152
0.282051 , 0.000000 , 0.260078
0.282051 , 0.025641 , 0.258301
0.282051 , 0.051282 , 0.254092
0.282051 , 0.076923 , 0.246426
0.282051 , 0.102564 , 0.236318
0.282051 , 0.128205 , 0.222963
0.282051 , 0.153846 , 0.205646
0.282051 , 0.179487 , 0.183221
0.282051 , 0.205128 , 0.156177
0.282051 , 0.230769 , 0.124189
0.282051 , 0.256410 , 0.087967
0.282051 , 0.282051 , 0.048135
0.282051 , 0.307692 , 0.004874
0.282051 , 0.333333 , -0.041771
0.282051 , 0.358974 , -0.093200
0.282051 , 0.384615 , -0.148257
0.282051 , 0.410256 , -0.204250
0.282051 , 0.435897 , -0.262431
0.282051 , 0.461538 , -0.321880
0.282051 , 0.487179 , -0.382528
0.282051 , 0.512821 , -0.443858
0.282051 , 0.538462 , -0.505102
0.282051 , 0.564103 , -0.565292
0.282051 , 0.589744 , -0.623568
0.282051 , 0.615385 , -0.679601
0.282051 , 0.641026 , -0.733850
0.282051 , 0.666667 , -0.785624
0.282051 , 0.692308 , -0.834049
0.282051 , 0.717949 , -0.878644
0.282051 , 0.743590 , -0.919894
0.282051 , 0.769231 , -0.957548
0.282051 , 0.794872 , -0.991230
0.282051 , 0.820513 , -1.020575
0.282051 , 0.846154 , -1.045968
0.282051 , 0.871795 , -1.067527
0.282051 , 0.897436 , -1.084481
0.282051 , 0.923077 , -1.097299
0.282051 , 0.948718 , -1.106071
0.282051 , 0.974359 , -1.110370
0.282051 , 1.000000 , -1.111518
0.307692 , 0.000000 , 0.470538
0.307692 , 0.025641 , 0.468638
0.307692 , 0.051282 , 0.463726
0.307692 , 0.076923 , 0.454551
0.307692 , 0.102564 , 0.442696
0.307692 , 0.128205 , 0.427446
0.307692 , 0.153846 , 0.407291
0.307692 , 0.179487 , 0.381492
0.307692 , 0.205128 , 0.350640
0.307692 , 0.230769 , 0.315907
0.307692 , 0.256410 , 0.276539
0.307692 , 0.282051 , 0.233435
0.307692 , 0.307692 , 0.186569
0.307692 , 0.333333 , 0.135885
0.307692 , 0.358974 , 0.080463
0.307692 , 0.384615 , 0.021167
0.307692 , 0.410256 , -0.040199
0.307692 , 0.435897 , -0.103222
0.307692 , 0.461538 , -0.167658
0.307692 , 0.487179 , -0.233501
0.307692 , 0.512821 , -0.299915
0.307692 , 0.538462 , -0.366341
0.307692 , 0.564103 , -0.431769
0.307692 , 0.589744 , -0.495707
0.307692 , 0.615385 , -0.556921
0.307692 , 0.641026 , -0.616360
0.307692 , 0.666667 , -0.673321
0.307692 , 0.692308 , -0.726233
0.307692 , 0.717949 , -0.775092
0.307692 , 0.743590 , -0.820340
0.307692 , 0.769231 , -0.862200
0.307692 , 0.794872 , -0.899864
0.307692 , 0.820513 , -0.932555
0.307692 , 0.846154 , -0.960657
0.307692 , 0.871795 , -0.984479
0.307692 , 0.897436 , -1.004665
0.307692 , 0.923077 , -1.019876
0.307692 , 0.948718 , -1.029989
0.307692 , 0.974359 , -1.034786
0.307692 , 1.000000 , -1.036046
0.333333 , 0.000000 , 0.674627
0.333333 , 0.025641 , 0.672185
0.333333 , 0.051282 , 0.666230
0.333333 , 0.076923 , 0.655560
0.333333 , 0.102564 , 0.641525
0.333333 , 0.128205 , 0.624089
0.333333 , 0.153846 , 0.600836
0.333333 , 0.179487 , 0.572069
0.333333 , 0.205128 , 0.537801
0.333333 , 0.230769 , 0.499067
0.333333 , 0.256410 , 0.456498
0.333333 , 0.282051 , 0.409633
0.333333 , 0.307692 , 0.358506
0.333333 , 0.333333 , 0.303472
0.333333 , 0.358974 , 0.243958
0.333333 , 0.384615 , 0.180546
0.333333 , 0.410256 , 0.113981
0.333333 , 0.435897 , 0.046636
0.333333 , 0.461538 , -0.023058
0.333333 , 0.487179 , -0.094149
0.333333 , 0.512821 , -0.165734
0.333333 , 0.538462 , -0.236980
0.333333 , 0.564103 , -0.307616
0.333333 , 0.589744 , -0.377037
0.333333 , 0.615385 , -0.443494
0.333333 , 0.641026 , -0.508023
0.333333 , 0.666667 , -0.570036
0.333333 , 0.692308 , -0.628491
0.333333 , 0.717949 , -0.682416
0.333333 , 0.743590 , -0.731967
0.333333 , 0.769231 , -0.777623
0.333333 , 0.794872 , -0.818187
0.333333 , 0.820513 , -0.854474
0.333333 , 0.846154 , -0.885865
0.333333 , 0.871795 , -0.912892
0.333333 , 0.897436 , -0.935880
0.333333 , 0.923077 , -0.953529
0.333333 , 0.948718 , -0.965481
0.333333 , 0.974359 , -0.971825
0.333333 , 1.000000 , -0.973480
0.358974 , 0.000000 , 0.873560
0.358974 , 0.025641 , 0.870705
0.358974 , 0.051282 , 0.863100
0.358974 , 0.076923 , 0.850885
0.358974 , 0.102564 , 0.834466
0.358974 , 0.128205 , 0.813695
0.358974 , 0.153846 , 0.787248
0.358974 , 0.179487 , 0.755537
0.358974 , 0.205128 , 0.718685
0.358974 , 0.230769 , 0.676724
0.358974 , 0.256410 , 0.630101
0.358974 , 0.282051 , 0.578743
0.358974 , 0.307692 , 0.522540
0.358974 , 0.333333 , 0.462259
0.358974 , 0.358974 , 0.397985
0.358974 , 0.384615 , 0.330257
0.358974 , 0.410256 , 0.258827
0.358974 , 0.435897 , 0.186783
0.358974 , 0.461538 , 0.112006
0.358974 , 0.487179 , 0.035645
0.358974 , 0.512821 , -0.041053
0.358974 , 0.538462 , -0.117863
0.358974 , 0.564103 , -0.193825
0.358974 , 0.589744 , -0.268411
0.358974 , 0.615385 , -0.340630
0.358974 , 0.641026 , -0.409858
0.358974 , 0.666667 , -0.477001
0.358974 , 0.692308 , -0.541000
0.358974 , 0.717949 , -0.600597
0.358974 , 0.743590 , -0.654858
0.358974 , 0.769231 , -0.704634
0.358974 , 0.794872 , -0.749485
0.358974 , 0.820513 , -0.789376
0.358974 , 0.846154 , -0.824017
0.358974 , 0.871795 , -0.853963
0.358974 , 0.897436 , -0.878938
0.358974 , 0.923077 , -0.897973
0.358974 , 0.948718 , -0.911524
0.358974 , 0.974359 , -0.919347
0.358974 , 1.000000 , -0.921843
0.384615 , 0.000000 , 1.066009
0.384615 , 0.025641 , 1.063607
0.384615 , 0.051282 , 1.055256
0.384615 , 0.076923 , 1.041093
0.384615 , 0.102564 , 1.022612
0.384615 , 0.128205 , 0.999007
0.384615 , 0.153846 , 0.969441
0.384615 , 0.179487 , 0.934052
0.384615 , 0.205128 , 0.893045
0.384615 , 0.230769 , 0.846917
0.384615 , 0.256410 , 0.796538
0.384615 , 0.282051 , 0.741175
0.384615 , 0.307692 , 0.680393
0.384615 , 0.333333 , 0.614542
0.384615 , 0.358974 , 0.544361
0.384615 , 0.384615 , 0.471468
0.384615 , 0.410256 , 0.395448
0.384615 , 0.435897 , 0.317701
0.384615 , 0.461538 , 0.237905
0.384615 , 0.487179 , 0.156197
0.384615 , 0.512821 , 0.073985
0.384615 , 0.538462 , -0.007947
0.384615 , 0.564103 , -0.089467
0.384615 , 0.589744 , -0.169446
0.384615 , 0.615385 , -0.247404
0.384615 , 0.641026 , -0.322438
0.384615 , 0.666667 , -0.394536
0.384615 , 0.692308 , -0.463384
0.384615 , 0.717949 , -0.528231
0.384615 , 0.743590 , -0.587790
0.384615 , 0.769231 , -0.642323
0.384615 , 0.794872 , -0.692304
0.384615 , 0.820513 , -0.736260
0.384615 , 0.846154 , -0.774244
0.384615 , 0.871795 , -0.806473
0.384615 , 0.897436 , -0.833041
0.384615 , 0.923077 , -0.853575
0.384615 , 0.948718 , -0.868530
0.384615 , 0.974359 , -0.877633
0.384615 , 1.000000 , -0.880128
0.410256 , 0.000000 , 1.255064
0.410256 , 0.025641 , 1.251700
0.410256 , 0.051282 , 1.242834
0.410256 , 0.076923 , 1.227487
0.410256 , 0.102564 , 1.206054
0.410256 , 0.128205 , 1.179866
0.410256 , 0.153846 , 1.146987
0.410256 , 0.179487 , 1.107888
0.410256 , 0.205128 , 1.063317
0.410256 , 0.230769 , 1.012522
0.410256 , 0.256410 , 0.956988
0.410256 , 0.282051 , 0.896281
0.410256 , 0.307692 , 0.830718
0.410256 , 0.333333 , 0.759628
0.410256 , 0.358974 , 0.684130
0.410256 , 0.384615 , 0.605418
0.410256 , 0.410256 , 0.524663
0.410256 , 0.435897 , 0.440547
0.410256 , 0.461538 , 0.355002
0.410256 , 0.487179 , 0.268178
0.410256 , 0.512821 , 0.180342
0.410256 , 0.538462 , 0.092704
0.410256 , 0.564103 , 0.005689
0.410256 , 0.589744 , -0.080379
0.410256 , 0.615385 , -0.164329
0.410256 , 0.641026 , -0.245654
0.410256 , 0.666667 , -0.323286
0.410256 , 0.692308 , -0.396981
0.410256 , 0.717949 , -0.466982
0.410256 , 0.743590 , -0.532077
0.410256 , 0.769231 , -0.591184
0.410256 , 0.794872 , -0.645674
0.410256 , 0.820513 , -0.693754
0.410256 , 0.846154 , -0.735163
0.410256 , 0.871795 , -0.770448
0.410256 , 0.897436 , -0.799278
0.410256 , 0.923077 , -0.821187
0.410256 , 0.948718 , -0.837298
0.410256 , 0.974359 , -0.847631
0.410256 , 1.000000 , -0.850576
0.435897 , 0.000000 , 1.440167
0.435897 , 0.025641 , 1.437101
0.435897 , 0.051282 , 1.427227
0.435897 , 0.076923 , 1.410839
0.435897 , 0.102564 , 1.386853
0.435897 , 0.128205 , 1.357781
0.435897 , 0.153846 , 1.321359
0.435897 , 0.179487 , 1.277687
0.435897 , 0.205128 , 1.228628
0.435897 , 0.230769 , 1.173933
0.435897 , 0.256410 , 1.113487
0.435897 , 0.282051 , 1.046874
0.435897 , 0.307692 , 0.975296
0.435897 , 0.333333 , 0.898543
0.435897 , 0.358974 , 0.817698
0.435897 , 0.384615 , 0.733330
0.435897 , 0.410256 , 0.646431
0.435897 , 0.435897 , 0.556230
0.435897 , 0.461538 , 0.464535
0.435897 , 0.487179 , 0.371437
0.435897 , 0.512821 , 0.277460
0.435897 , 0.538462 , 0.183654
0.435897 , 0.564103 , 0.090716
0.435897 , 0.589744 , -0.001598
0.435897 , 0.615385 , -0.091159
0.435897 , 0.641026 , -0.178560
0.435897 , 0.666667 , -0.262703
0.435897 , 0.692308 , -0.342622
0.435897 , 0.717949 , -0.417756
0.435897 , 0.743590 , -0.487764
0.435897 , 0.769231 , -0.551202
0.435897 , 0.794872 , -0.610011
0.435897 , 0.820513 , -0.662386
0.435897 , 0.846154 , -0.707449
0.435897 , 0.871795 , -0.745775
0.435897 , 0.897436 , -0.776637
0.435897 , 0.923077 , -0.800483
0.435897 , 0.948718 , -0.818219
0.435897 , 0.974359 , -0.829398
0.435897 , 1.000000 , -0.832820
0.461538 , 0.000000 , 1.624000
0.461538 , 0.025641 , 1.620611
0.461538 , 0.051282 , 1.609501
0.461538 , 0.076923 , 1.591982
0.461538 , 0.102564 , 1.565965
0.461538 , 0.128205 , 1.533134
0.461538 , 0.153846 , 1.493255
0.461538 , 0.179487 , 1.445519
0.461538 , 0.205128 , 1.391946
0.461538 , 0.230769 , 1.332170
0.461538 , 0.256410 , 1.266270
0.461538 , 0.282051 , 1.194427
0.461538 , 0.307692 , 1.116164
0.461538 , 0.333333 , 1.033442
0.461538 , 0.358974 , 0.947100
0.461538 , 0.384615 , 0.856284
0.461538 , 0.410256 , 0.762688
0.461538 , 0.435897 , 0.666136
0.461538 , 0.461538 , 0.567299
0.461538 , 0.487179 , 0.467266
0.461538 , 0.512821 , 0.366469
0.461538 , 0.538462 , 0.266102
0.461538 , 0.564103 , 0.166336
0.461538 , 0.589744 , 0.067755
0.461538 , 0.615385 , -0.029099
0.461538 , 0.641026 , -0.122810
0.461538 , 0.666667 , -0.212791
0.461538 , 0.692308 , -0.298752
0.461538 , 0.717949 , -0.379648
0.461538 , 0.743590 , -0.454547
0.461538 , 0.769231 , -0.523123
0.461538 , 0.794872 , -0.586200
0.461538 , 0.820513 , -0.642731
0.461538 , 0.846154 , -0.691210
0.461538 , 0.871795 , -0.732342
0.461538 , 0.897436 , -0.765876
0.461538 , 0.923077 , -0.792348
0.461538 , 0.948718 , -0.811567
0.461538 , 0.974359 , -0.823559
0.461538 , 1.000000 , -0.827348
0.487179 , 0.000000 , 1.806837
0.487179 , 0.025641 , 1.802480
0.487179 , 0.051282 , 1.790153
0.487179 , 0.076923 , 1.771182
0.487179 , 0.102564 , 1.743835
0.487179 , 0.128205 , 1.707259
0.487179 , 0.153846 , 1.663498
0.487179 , 0.179487 , 1.612009
0.487179 , 0.205128 , 1.553248
0.487179 , 0.230769 , 1.488602
0.487179 , 0.256410 , 1.417274
0.487179 , 0.282051 , 1.339399
0.487179 , 0.307692 , 1.255749
0.487179 , 0.333333 , 1.166236
0.487179 , 0.358974 , 1.072872
0.487179 , 0.384615 , 0.974968
0.487179 , 0.410256 , 0.874014
0.487179 , 0.435897 , 0.769941
0.487179 , 0.461538 , 0.663002
0.487179 , 0.487179 , 0.555798
0.487179 , 0.512821 , 0.447419
0.487179 , 0.538462 , 0.339439
0.487179 , 0.564103 , 0.232612
0.487179 , 0.589744 , 0.127542
0.487179 , 0.615385 , 0.023397
0.487179 , 0.641026 , -0.077595
0.487179 , 0.666667 , -0.174213
0.487179 , 0.692308 , -0.266354
0.487179 , 0.717949 , -0.353138
0.487179 , 0.743590 , -0.433837
0.487179 , 0.769231 , -0.508168
0.487179 , 0.794872 , -0.575496
0.487179 , 0.820513 , -0.636052
0.487179 , 0.846154 , -0.688144
0.487179 , 0.871795 , -0.732432
0.487179 , 0.897436 , -0.768895
0.487179 , 0.923077 , -0.797203
0.487179 , 0.948718 , -0.818432
0.487179 , 0.974359 , -0.831251
0.487179 , 1.000000 , -0.835343
0.512821 , 0.000000 , 1.990429
0.512821 , 0.025641 , 1.985179
0.512821 , 0.051282 , 1.971663
0.512821 , 0.076923 , 1.950319
0.512821 , 0.102564 , 1.921265
0.512821 , 0.128205 , 1.881272
0.512821 , 0.153846 , 1.833592
0.512821 , 0.179487 , 1.777868
0.512821 , 0.205128 , 1.714357
0.512821 , 0.230769 , 1.644162
0.512821 , 0.256410 , 1.567243
0.512821 , 0.282051 , 1.483372
0.512821 , 0.307692 , 1.393173
0.512821 , 0.333333 , 1.296548
0.512821 , 0.358974 , 1.194851
0.512821 , 0.384615 , 1.089281
0.512821 , 0.410256 , 0.980426
0.512821 , 0.435897 , 0.868194
0.512821 , 0.461538 , 0.753187
0.512821 , 0.487179 , 0.637358
0.512821 , 0.512821 , 0.521776
0.512821 , 0.538462 , 0.405200
0.512821 , 0.564103 , 0.289886
0.512821 , 0.589744 , 0.176605
0.512821 , 0.615385 , 0.065147
0.512821 , 0.641026 , -0.043142
0.512821 , 0.666667 , -0.147059
0.512821 , 0.692308 , -0.245771
0.512821 , 0.717949 , -0.338515
0.512821 , 0.743590 , -0.424920
0.512821 , 0.769231 , -0.505474
0.512821 , 0.794872 , -0.578555
0.512821 , 0.820513 , -0.643116
0.512821 , 0.846154 , -0.698738
0.512821 , 0.871795 , -0.747129
0.512821 , 0.897436 , -0.786565
0.512821 , 0.923077 , -0.816838
0.512821 , 0.948718 , -0.839225
0.512821 , 0.974359 , -0.852195
0.512821 , 1.000000 , -0.856652
0.538462 , 0.000000 , 2.175485
0.538462 , 0.025641 , 2.169848
0.538462 , 0.051282 , 2.155236
0.538462 , 0.076923 , 2.132092
0.538462 , 0.102564 , 2.099622
0.538462 , 0.128205 , 2.056819
0.538462 , 0.153846 , 2.005497
0.538462 , 0.179487 , 1.945541
0.538462 , 0.205128 , 1.876775
0.538462 , 0.230769 , 1.800989
0.538462 , 0.256410 , 1.717341
0.538462 , 0.282051 , 1.626702
0.538462 , 0.307692 , 1.529362
0.538462 , 0.333333 , 1.424969
0.538462 , 0.358974 , 1.315020
0.538462 , 0.384615 , 1.201470
0.538462 , 0.410256 , 1.083159
0.538462 , 0.435897 , 0.962062
0.538462 , 0.461538 , 0.838254
0.538462 , 0.487179 , 0.713407
0.538462 , 0.512821 , 0.588049
0.538462 , 0.538462 , 0.462543
0.538462 , 0.564103 , 0.337775
0.538462 , 0.589744 , 0.215237
0.538462 , 0.615385 , 0.095190
0.538462 , 0.641026 , -0.020035
0.538462 , 0.666667 , -0.131288
0.538462 , 0.692308 , -0.237493
0.538462 , 0.717949 , -0.336988
0.538462 , 0.743590 , -0.429236
0.538462 , 0.769231 , -0.514968
0.538462 , 0.794872 , -0.593866
0.538462 , 0.820513 , -0.663853
0.538462 , 0.846154 , -0.723968
0.538462 , 0.871795 , -0.775126
0.538462 , 0.897436 , -0.817938
0.538462 , 0.923077 , -0.849909
0.538462 , 0.948718 , -0.873690
0.538462 , 0.974359 , -0.887157
0.538462 , 1.000000 , -0.890863
0.564103 , 0.000000 , 2.362913
0.564103 , 0.025641 , 2.357353
0.564103 , 0.051282 , 2.341676
0.564103 , 0.076923 , 2.316607
0.564103 , 0.102564 , 2.281541
0.564103 , 0.128205 , 2.235979
0.564103 , 0.153846 , 2.180694
0.564103 , 0.179487 , 2.115851
0.564103 , 0.205128 , 2.041973
0.564103 , 0.230769 , 1.959639
0.564103 , 0.256410 , 1.869442
0.564103 , 0.282051 , 1.771593
0.564103 , 0.307692 , 1.666535
0.564103 , 0.333333 , 1.553850
0.564103 , 0.358974 , 1.434985
0.564103 , 0.384615 , 1.311503
0.564103 , 0.410256 , 1.182970
0.564103 , 0.435897 , 1.051253
0.564103 , 0.461538 , 0.917945
0.564103 , 0.487179 , 0.782869
0.564103 , 0.512821 , 0.647191
0.564103 , 0.538462 , 0.511209
0.564103 , 0.564103 , 0.376270
0.564103 , 0.589744 , 0.243823
0.564103 , 0.615385 , 0.114868
0.564103 , 0.641026 , -0.009333
0.564103 , 0.666667 , -0.128705
0.564103 , 0.692308 , -0.242763
0.564103 , 0.717949 , -0.349040
0.564103 , 0.743590 , -0.447500
0.564103 , 0.769231 , -0.538810
0.564103 , 0.794872 , -0.622597
0.564103 , 0.820513 , -0.697611
0.564103 , 0.846154 , -0.763246
0.564103 , 0.871795 , -0.818247
0.564103 , 0.897436 , -0.863108
0.564103 , 0.923077 , -0.897572
0.564103 , 0.948718 , -0.922776
0.564103 , 0.974359 , -0.937286
0.564103 , 1.000000 , -0.940918
0.589744 , 0.000000 , 2.554374
0.589744 , 0.025641 , 2.548486
0.589744 , 0.051282 , 2.532158
0.589744 , 0.076923 , 2.505551
0.589744 , 0.102564 , 2.467559
0.589744 , 0.128205 , 2.418760
0.589744 , 0.153846 , 2.359743
0.589744 , 0.179487 , 2.289811
0.589744 , 0.205128 , 2.210690
0.589744 , 0.230769 , 2.122418
0.589744 , 0.256410 , 2.024980
0.589744 , 0.282051 , 1.919838
0.589744 , 0.307692 , 1.805709
0.589744 , 0.333333 , 1.684357
0.589744 , 0.358974 , 1.555257
0.589744 , 0.384615 , 1.420546
0.589744 , 0.410256 , 1.280979
0.589744 , 0.435897 , 1.137526
0.589744 , 0.461538 , 0.992656
0.589744 , 0.487179 , 0.846346
0.589744 , 0.512821 , 0.698897
0.589744 , 0.538462 , 0.551609
0.589744 , 0.564103 , 0.405416
0.589744 , 0.589744 , 0.262013
0.589744 , 0.615385 , 0.122512
0.589744 , 0.641026 , -0.011734
0.589744 , 0.666667 , -0.140455
0.589744 , 0.692308 , -0.262365
0.589744 , 0.717949 , -0.375984
0.589744 , 0.743590 , -0.481171
0.589744 , 0.769231 , -0.578555
0.589744 , 0.794872 , -0.666500
0.589744 , 0.820513 , -0.746355
0.589744 , 0.846154 , -0.816123
0.589744 , 0.871795 , -0.874743
0.589744 , 0.897436 , -0.923011
0.589744 , 0.923077 , -0.959207
0.589744 , 0.948718 , -0.986436
0.589744 , 0.974359 , -1.001983
0.589744 , 1.000000 , -1.005737
0.615385 , 0.000000 , 2.750645
0.615385 , 0.025641 , 2.744603
0.615385 , 0.051282 , 2.727313
0.615385 , 0.076923 , 2.699514
0.615385 , 0.102564 , 2.659432
0.615385 , 0.128205 , 2.607299
0.615385 , 0.153846 , 2.544398
0.615385 , 0.179487 , 2.469848
0.615385 , 0.205128 , 2.385087
0.615385 , 0.230769 , 2.290657
0.615385 , 0.256410 , 2.186431
0.615385 , 0.282051 , 2.073124
0.615385 , 0.307692 , 1.949430
0.615385 , 0.333333 , 1.817414
0.615385 , 0.358974 , 1.677209
0.615385 , 0.384615 , 1.530155
0.615385 , 0.410256 , 1.377895
0.615385 , 0.435897 , 1.222178
0.615385 , 0.461538 , 1.064430
0.615385 , 0.487179 , 0.905241
0.615385 , 0.512821 , 0.744587
0.615385 , 0.538462 , 0.584533
0.615385 , 0.564103 , 0.425559
0.615385 , 0.589744 , 0.269792
0.615385 , 0.615385 , 0.118380
0.615385 , 0.641026 , -0.027234
0.615385 , 0.666667 , -0.165898
0.615385 , 0.692308 , -0.295903
0.615385 , 0.717949 , -0.417712
0.615385 , 0.743590 , -0.530339
0.615385 , 0.769231 , -0.634632
0.615385 , 0.794872 , -0.727691
0.615385 , 0.820513 , -0.810966
0.615385 , 0.846154 , -0.884645
0.615385 , 0.871795 , -0.945917
0.615385 , 0.897436 , -0.996771
0.615385 , 0.923077 , -1.036112
0.615385 , 0.948718 , -1.064218
0.615385 , 0.974359 , -1.080728
0.615385 , 1.000000 , -1.085588
0.641026 , 0.000000 , 2.953809
0.641026 , 0.025641 , 2.947329
0.641026 , 0.051282 , 2.928656
0.641026 , 0.076923 , 2.899342
0.641026 , 0.102564 , 2.857477
0.641026 , 0.128205 , 2.803381
0.641026 , 0.153846 , 2.737161
0.641026 , 0.179487 , 2.658715
0.641026 , 0.205128 , 2.568247
0.641026 , 0.230769 , 2.467218
0.641026 , 0.256410 , 2.354965
0.641026 , 0.282051 , 2.231681
0.641026 , 0.307692 , 2.097621
0.641026 , 0.333333 , 1.954761
0.641026 , 0.358974 , 1.803218
0.641026 , 0.384615 , 1.642318
0.641026 , 0.410256 , 1.476240
0.641026 , 0.435897 , 1.306377
0.641026 , 0.461538 , 1.134121
0.641026 , 0.487179 , 0.960081
0.641026 , 0.512821 , 0.784511
0.641026 , 0.538462 , 0.609482
0.641026 , 0.564103 , 0.436610
0.641026 , 0.589744 , 0.267105
0.641026 , 0.615385 , 0.102377
0.641026 , 0.641026 , -0.055736
0.641026 , 0.666667 , -0.204810
0.641026 , 0.692308 , -0.344777
0.641026 , 0.717949 , -0.475636
0.641026 , 0.743590 , -0.596305
0.641026 , 0.769231 , -0.706573
0.641026 , 0.794872 , -0.805532
0.641026 , 0.820513 , -0.892947
0.641026 , 0.846154 , -0.969752
0.641026 , 0.871795 , -1.033916
0.641026 , 0.897436 , -1.087433
0.641026 , 0.923077 , -1.129027
0.641026 , 0.948718 , -1.157911
0.641026 , 0.974359 , -1.175200
0.641026 , 1.000000 , -1.180691
0.666667 , 0.000000 , 3.163736
0.666667 , 0.025641 , 3.157111
0.666667 , 0.051282 , 3.137675
0.666667 , 0.076923 , 3.106746
0.666667 , 0.102564 , 3.063266
0.666667 , 0.128205 , 3.007205
0.666667 , 0.153846 , 2.938492
0.666667 , 0.179487 , 2.855900
0.666667 , 0.205128 , 2.759288
0.666667 , 0.230769 , 2.651635
0.666667 , 0.256410 , 2.531180
0.666667 , 0.282051 , 2.398218
0.666667 , 0.307692 , 2.252955
0.666667 , 0.333333 , 2.097025
0.666667 , 0.358974 , 1.932849
0.666667 , 0.384615 , 1.758529
0.666667 , 0.410256 , 1.576838
0.666667 , 0.435897 , 1.391508
0.666667 , 0.461538 , 1.201855
0.666667 , 0.487179 , 1.010644
0.666667 , 0.512821 , 0.817927
0.666667 , 0.538462 , 0.626209
0.666667 , 0.564103 , 0.437199
0.666667 , 0.589744 , 0.252014
0.666667 , 0.615385 , 0.072919
0.666667 , 0.641026 , -0.098134
0.666667 , 0.666667 , -0.259387
0.666667 , 0.692308 , -0.409745
0.666667 , 0.717949 , -0.550135
0.666667 , 0.743590 , -0.679198
0.666667 , 0.769231 , -0.796006
0.666667 , 0.794872 , -0.900421
0.666667 , 0.820513 , -0.992511
0.666667 , 0.846154 , -1.073372
0.666667 , 0.871795 , -1.139936
0.666667 , 0.897436 , -1.195397
0.666667 , 0.923077 , -1.237714
0.666667 , 0.948718 , -1.268005
0.666667 , 0.974359 , -1.285855
0.666667 , 1.000000 , -1.291360
0.692308 , 0.000000 , 3.380850
0.692308 , 0.025641 , 3.373912
0.692308 , 0.051282 , 3.354679
0.692308 , 0.076923 , 3.323178
0.692308 , 0.102564 , 3.277932
0.692308 , 0.128205 , 3.220406
0.692308 , 0.153846 , 3.149074
0.692308 , 0.179487 , 3.062407
0.692308 , 0.205128 , 2.959719
0.692308 , 0.230769 , 2.844769
0.692308 , 0.256410 , 2.716763
0.692308 , 0.282051 , 2.573961
0.692308 , 0.307692 , 2.418114
0.692308 , 0.333333 , 2.248774
0.692308 , 0.358974 , 2.068818
0.692308 , 0.384615 , 1.879422
0.692308 , 0.410256 , 1.680763
0.692308 , 0.435897 , 1.476914
0.692308 , 0.461538 , 1.268613
0.692308 , 0.487179 , 1.058058
0.692308 , 0.512821 , 0.846316
0.692308 , 0.538462 , 0.635236
0.692308 , 0.564103 , 0.428215
0.692308 , 0.589744 , 0.225704
0.692308 , 0.615385 , 0.030264
0.692308 , 0.641026 , -0.155799
0.692308 , 0.666667 , -0.330544
0.692308 , 0.692308 , -0.493562
0.692308 , 0.717949 , -0.643936
0.692308 , 0.743590 , -0.781718
0.692308 , 0.769231 , -0.905612
0.692308 , 0.794872 , -1.015150
0.692308 , 0.820513 , -1.111458
0.692308 , 0.846154 , -1.195239
0.692308 , 0.871795 , -1.264114
0.692308 , 0.897436 , -1.320235
0.692308 , 0.923077 , -1.363000
0.692308 , 0.948718 , -1.394291
0.692308 , 0.974359 , -1.412989
0.692308 , 1.000000 , -1.418871
0.717949 , 0.000000 , 3.606447
0.717949 , 0.025641 , 3.599624
0.717949 , 0.051282 , 3.580242
0.717949 , 0.076923 , 3.548122
0.717949 , 0.102564 , 3.502713
0.717949 , 0.128205 , 3.444149
0.717949 , 0.153846 , 3.370748
0.717949 , 0.179487 , 3.280333
0.717949 , 0.205128 , 3.172205
0.717949 , 0.230769 , 3.049635
0.717949 , 0.256410 , 2.913141
0.717949 , 0.282051 , 2.760133
0.717949 , 0.307692 , 2.591738
0.717949 , 0.333333 , 2.409319
0.717949 , 0.358974 , 2.213658
0.717949 , 0.384615 , 2.006787
0.717949 , 0.410256 , 1.789432
0.717949 , 0.435897 , 1.564644
0.717949 , 0.461538 , 1.334594
0.717949 , 0.487179 , 1.101962
0.717949 , 0.512821 , 0.868964
0.717949 , 0.538462 , 0.636803
0.717949 , 0.564103 , 0.409020
0.717949 , 0.589744 , 0.187287
0.717949 , 0.615385 , -0.026148
0.717949 , 0.641026 , -0.229092
0.717949 , 0.666667 , -0.418794
0.717949 , 0.692308 , -0.595459
0.717949 , 0.717949 , -0.756971
0.717949 , 0.743590 , -0.903547
0.717949 , 0.769231 , -1.035104
0.717949 , 0.794872 , -1.150050
0.717949 , 0.820513 , -1.250697
0.717949 , 0.846154 , -1.336473
0.717949 , 0.871795 , -1.407244
0.717949 , 0.897436 , -1.464058
0.717949 , 0.923077 , -1.506850
0.717949 , 0.948718 , -1.538634
0.717949 , 0.974359 , -1.557686
0.717949 , 1.000000 , -1.563793
0.743590 , 0.000000 , 3.841626
0.743590 , 0.025641 , 3.834658
0.743590 , 0.051282 , 3.815312
0.743590 , 0.076923 , 3.782931
0.743590 , 0.102564 , 3.737892
0.743590 , 0.128205 , 3.678446
0.743590 , 0.153846 , 3.603840
0.743590 , 0.179487 , 3.510391
0.743590 , 0.205128 , 3.399053
0.743590 , 0.230769 , 3.270536
0.743590 , 0.256410 , 3.123748
0.743590 , 0.282051 , 2.959507
0.743590 , 0.307692 , 2.777720
0.743590 , 0.333333 , 2.579704
0.743590 , 0.358974 , 2.367286
0.743590 , 0.384615 , 2.141453
0.743590 , 0.410256 , 1.902915
0.743590 , 0.435897 , 1.655361
0.743590 , 0.461538 , 1.401113
0.743590 , 0.487179 , 1.143766
0.743590 , 0.512821 , 0.886334
0.743590 , 0.538462 , 0.630719
0.743590 , 0.564103 , 0.379360
0.743590 , 0.589744 , 0.134927
0.743590 , 0.615385 , -0.098825
0.743590 , 0.641026 , -0.320013
0.743590 , 0.666667 , -0.526785
0.743590 , 0.692308 , -0.717792
0.743590 , 0.717949 , -0.891461
0.743590 , 0.743590 , -1.047141
0.743590 , 0.769231 , -1.186265
0.743590 , 0.794872 , -1.307890
0.743590 , 0.820513 , -1.412896
0.743590 , 0.846154 , -1.500185
0.743590 , 0.871795 , -1.570992
0.743590 , 0.897436 , -1.627661
0.743590 , 0.923077 , -1.669675
0.743590 , 0.948718 , -1.700855
0.743590 , 0.974359 , -1.719500
0.743590 , 1.000000 , -1.725384
0.769231 , 0.000000 , 4.084162
0.769231 , 0.025641 , 4.078119
0.769231 , 0.051282 , 4.059648
0.769231 , 0.076923 , 4.028567
0.769231 , 0.102564 , 3.984571
0.769231 , 0.128205 , 3.925775
0.769231 , 0.153846 , 3.850693
0.769231 , 0.179487 , 3.755035
0.769231 , 0.205128 , 3.640641
0.769231 , 0.230769 , 3.506742
0.769231 , 0.256410 , 3.351641
0.769231 , 0.282051 , 3.175705
0.769231 , 0.307692 , 2.980083
0.769231 , 0.333333 , 2.765310
0.769231 , 0.358974 , 2.532655
0.769231 , 0.384615 , 2.285124
0.769231 , 0.410256 , 2.022993
0.769231 , 0.435897 , 1.749879
0.769231 , 0.461538 , 1.469321
0.769231 , 0.487179 , 1.183951
0.769231 , 0.512821 , 0.898489
0.769231 , 0.538462 , 0.615713
0.769231 , 0.564103 , 0.338428
0.769231 , 0.589744 , 0.068891
0.769231 , 0.615385 , -0.188019
0.769231 , 0.641026 , -0.429882
0.769231 , 0.666667 , -0.655893
0.769231 , 0.692308 , -0.862847
0.769231 , 0.717949 , -1.049594
0.769231 , 0.743590 , -1.215630
0.769231 , 0.769231 , -1.362175
0.769231 , 0.794872 , -1.489935
0.769231 , 0.820513 , -1.597719
0.769231 , 0.846154 , -1.685138
0.769231 , 0.871795 , -1.755175
0.769231 , 0.897436 , -1.810423
0.769231 , 0.923077 , -1.851728
0.769231 , 0.948718 , -1.881249
0.769231 , 0.974359 , -1.898285
0.769231 , 1.000000 , -1.903892
0.794872 , 0.000000 , 4.334806
0.794872 , 0.025641 , 4.329308
0.794872 , 0.051282 , 4.312755
0.794872 , 0.076923 , 4.284814
0.794872 , 0.102564 , 4.243140
0.794872 , 0.128205 , 4.187134
0.794872 , 0.153846 , 4.113174
0.794872 , 0.179487 , 4.017034
0.794872 , 0.205128 , 3.899688
0.794872 , 0.230769 , 3.760722
0.794872 , 0.256410 , 3.597406
0.794872 , 0.282051 , 3.410552
0.794872 , 0.307692 , 3.200268
0.794872 , 0.333333 , 2.966361
0.794872 , 0.358974 , 2.712496
0.794872 , 0.384615 , 2.440532
0.794872 , 0.410256 , 2.151270
0.794872 , 0.435897 , 1.849411
0.794872 , 0.461538 , 1.538829
0.794872 , 0.487179 , 1.223066
0.794872 , 0.512821 , 0.906273
0.794872 , 0.538462 , 0.591740
0.794872 , 0.564103 , 0.284816
0.794872 , 0.589744 , -0.012663
0.794872 , 0.615385 , -0.295864
0.794872 , 0.641026 , -0.560511
0.794872 , 0.666667 , -0.806641
0.794872 , 0.692308 , -1.030672
0.794872 , 0.717949 , -1.231331
0.794872 , 0.743590 , -1.409394
0.794872 , 0.769231 , -1.564191
0.794872 , 0.794872 , -1.696787
0.794872 , 0.820513 , -1.806434
0.794872 , 0.846154 , -1.893938
0.794872 , 0.871795 , -1.962140
0.794872 , 0.897436 , -2.014059
0.794872 , 0.923077 , -2.052414
0.794872 , 0.948718 , -2.078971
0.794872 , 0.974359 , -2.094058
0.794872 , 1.000000 , -2.099005
0.820513 , 0.000000 , 4.592070
0.820513 , 0.025641 , 4.588345
0.820513 , 0.051282 , 4.574803
0.820513 , 0.076923 , 4.551601
0.820513 , 0.102564 , 4.515368
0.820513 , 0.128205 , 4.464054
0.820513 , 0.153846 , 4.393274
0.820513 , 0.179487 , 4.298555
0.820513 , 0.205128 , 4.180389
0.820513 , 0.230769 , 4.037423
0.820513 , 0.256410 , 3.865825
0.820513 , 0.282051 , 3.667488
0.820513 , 0.307692 , 3.441673
0.820513 , 0.333333 , 3.187402
0.820513 , 0.358974 , 2.909231
0.820513 , 0.384615 , 2.609945
0.820513 , 0.410256 , 2.290636
0.820513 , 0.435897 , 1.956278
0.820513 , 0.461538 , 1.611631
0.820513 , 0.487179 , 1.261412
0.820513 , 0.512821 , 0.909490
0.820513 , 0.538462 , 0.559027
0.820513 , 0.564103 , 0.217616
0.820513 , 0.589744 , -0.111698
0.820513 , 0.615385 , -0.424683
0.820513 , 0.641026 , -0.716443
0.820513 , 0.666667 , -0.985072
0.820513 , 0.692308 , -1.227927
0.820513 , 0.717949 , -1.443555
0.820513 , 0.743590 , -1.632680
0.820513 , 0.769231 , -1.794782
0.820513 , 0.794872 , -1.930436
0.820513 , 0.820513 , -2.040862
0.820513 , 0.846154 , -2.127005
0.820513 , 0.871795 , -2.191543
0.820513 , 0.897436 , -2.238583
0.820513 , 0.923077 , -2.271831
0.820513 , 0.948718 , -2.293639
0.820513 , 0.974359 , -2.305694
0.820513 , 1.000000 , -2.309256
0.846154 , 0.000000 , 4.855260
0.846154 , 0.025641 , 4.853280
0.846154 , 0.051282 , 4.844655
0.846154 , 0.076923 , 4.828630
0.846154 , 0.102564 , 4.801352
0.846154 , 0.128205 , 4.757737
0.846154 , 0.153846 , 4.694057
0.846154 , 0.179487 , 4.604149
0.846154 , 0.205128 , 4.487101
0.846154 , 0.230769 , 4.340784
0.846154 , 0.256410 , 4.162096
0.846154 , 0.282051 , 3.950872
0.846154 , 0.307692 , 3.707522
0.846154 , 0.333333 , 3.431158
0.846154 , 0.358974 , 3.126660
0.846154 , 0.384615 , 2.797266
0.846154 , 0.410256 , 2.444296
0.846154 , 0.435897 , 2.073484
0.846154 , 0.461538 , 1.690313
0.846154 , 0.487179 , 1.299676
0.846154 , 0.512821 , 0.906269
0.846154 , 0.538462 , 0.516466
0.846154 , 0.564103 , 0.135982
0.846154 , 0.589744 , -0.229673
0.846154 , 0.615385 , -0.576403
0.846154 , 0.641026 , -0.898904
0.846154 , 0.666667 , -1.194061
0.846154 , 0.692308 , -1.458508
0.846154 , 0.717949 , -1.690588
0.846154 , 0.743590 , -1.890853
0.846154 , 0.769231 , -2.059246
0.846154 , 0.794872 , -2.196602
0.846154 , 0.820513 , -2.304900
0.846154 , 0.846154 , -2.386100
0.846154 , 0.871795 , -2.443730
0.846154 , 0.897436 , -2.483405
0.846154 , 0.923077 , -2.509378
0.846154 , 0.948718 , -2.524812
0.846154 , 0.974359 , -2.531959
0.846154 , 1.000000 , -2.534020
0.871795 , 0.000000 , 5.122271
0.871795 , 0.025641 , 5.122341
0.871795 , 0.051282 , 5.120983
0.871795 , 0.076923 , 5.115455
0.871795 , 0.102564 , 5.100705
0.871795 , 0.128205 , 5.069523
0.871795 , 0.153846 , 5.016717
0.871795 , 0.179487 , 4.935613
0.871795 , 0.205128 , 4.823447
0.871795 , 0.230769 , 4.674902
0.871795 , 0.256410 , 4.488850
0.871795 , 0.282051 , 4.265007
0.871795 , 0.307692 , 4.002921
0.871795 , 0.333333 , 3.703113
0.871795 , 0.358974 , 3.369717
0.871795 , 0.384615 , 3.005828
0.871795 , 0.410256 , 2.615264
0.871795 , 0.435897 , 2.203047
0.871795 , 0.461538 , 1.775505
0.871795 , 0.487179 , 1.337478
0.871795 , 0.512821 , 0.896676
0.871795 , 0.538462 , 0.461060
0.871795 , 0.564103 , 0.037499
0.871795 , 0.589744 , -0.370150
0.871795 , 0.615385 , -0.754733
0.871795 , 0.641026 , -1.111593
0.871795 , 0.666667 , -1.436176
0.871795 , 0.692308 , -1.724491
0.871795 , 0.717949 , -1.975079
0.871795 , 0.743590 , -2.186874
0.871795 , 0.769231 , -2.361586
0.871795 , 0.794872 , -2.499875
0.871795 , 0.820513 , -2.603465
0.871795 , 0.846154 , -2.675392
0.871795 , 0.871795 , -2.722182
0.871795 , 0.897436 , -2.749929
0.871795 , 0.923077 , -2.763816
0.871795 , 0.948718 , -2.768825
0.871795 , 0.974359 , -2.768628
0.871795 , 1.000000 , -2.768735
0.897436 , 0.000000 , 5.386773
0.897436 , 0.025641 , 5.390506
0.897436 , 0.051282 , 5.399952
0.897436 , 0.076923 , 5.410451
0.897436 , 0.102564 , 5.413258
0.897436 , 0.128205 , 5.400661
0.897436 , 0.153846 , 5.363826
0.897436 , 0.179487 , 5.296020
0.897436 , 0.205128 , 5.191281
0.897436 , 0.230769 , 5.044332
0.897436 , 0.256410 , 4.852442
0.897436 , 0.282051 , 4.616104
0.897436 , 0.307692 , 4.334594
0.897436 , 0.333333 , 4.009174
0.897436 , 0.358974 , 3.643473
0.897436 , 0.384615 , 3.240974
0.897436 , 0.410256 , 2.806637
0.897436 , 0.435897 , 2.346072
0.897436 , 0.461538 , 1.867086
0.897436 , 0.487179 , 1.376267
0.897436 , 0.512821 , 0.882038
0.897436 , 0.538462 , 0.393749
0.897436 , 0.564103 , -0.080709
0.897436 , 0.589744 , -0.535969
0.897436 , 0.615385 , -0.964676
0.897436 , 0.641026 , -1.359864
0.897436 , 0.666667 , -1.717018
0.897436 , 0.692308 , -2.032114
0.897436 , 0.717949 , -2.302376
0.897436 , 0.743590 , -2.526931
0.897436 , 0.769231 , -2.706821
0.897436 , 0.794872 , -2.843413
0.897436 , 0.820513 , -2.938934
0.897436 , 0.846154 , -2.998848
0.897436 , 0.871795 , -3.029200
0.897436 , 0.897436 , -3.038640
0.897436 , 0.923077 , -3.033791
0.897436 , 0.948718 , -3.022516
0.897436 , 0.974359 , -3.011469
0.897436 , 1.000000 , -3.007073
0.923077 , 0.000000 , 5.640432
0.923077 , 0.025641 , 5.650410
0.923077 , 0.051282 , 5.676959
0.923077 , 0.076923 , 5.710239
0.923077 , 0.102564 , 5.739025
0.923077 , 0.128205 , 5.752367
0.923077 , 0.153846 , 5.739671
0.923077 , 0.179487 , 5.690756
0.923077 , 0.205128 , 5.597961
0.923077 , 0.230769 , 5.455039
0.923077 , 0.256410 , 5.259709
0.923077 , 0.282051 , 5.011118
0.923077 , 0.307692 , 4.709119
0.923077 , 0.333333 , 4.355000
0.923077 , 0.358974 , 3.952861
0.923077 , 0.384615 , 3.506026
0.923077 , 0.410256 , 3.021382
0.923077 , 0.435897 , 2.505872
0.923077 , 0.461538 , 1.967646
0.923077 , 0.487179 , 1.416757
0.923077 , 0.512821 , 0.861415
0.923077 , 0.538462 , 0.312838
0.923077 , 0.564103 , -0.220546
0.923077 , 0.589744 , -0.730814
0.923077 , 0.615385 , -1.209132
0.923077 , 0.641026 , -1.648635
0.923077 , 0.666667 , -2.043276
0.923077 , 0.692308 , -2.388408
0.923077 , 0.717949 , -2.680162
0.923077 , 0.743590 , -2.917170
0.923077 , 0.769231 , -3.100709
0.923077 , 0.794872 , -3.232620
0.923077 , 0.820513 , -3.315585
0.923077 , 0.846154 , -3.356784
0.923077 , 0.871795 , -3.363937
0.923077 , 0.897436 , -3.346542
0.923077 , 0.923077 , -3.315149
0.923077 , 0.948718 , -3.280406
0.923077 , 0.974359 , -3.252621
0.923077 , 1.000000 , -3.241704
0.948718 , 0.000000 , 5.871466
0.948718 , 0.025641 , 5.891997
0.948718 , 0.051282 , 5.943835
0.948718 , 0.076923 , 6.012319
0.948718 , 0.102564 , 6.078874
0.948718 , 0.128205 , 6.129009
0.948718 , 0.153846 , 6.148599
0.948718 , 0.179487 , 6.125638
0.948718 , 0.205128 , 6.051255
0.948718 , 0.230769 , 5.917052
0.948718 , 0.256410 , 5.719981
0.948718 , 0.282051 , 5.458683
0.948718 , 0.307692 , 5.134625
0.948718 , 0.333333 , 4.748612
0.948718 , 0.358974 , 4.304442
0.948718 , 0.384615 , 3.807359
0.948718 , 0.410256 , 3.264344
0.948718 , 0.435897 , 2.685626
0.948718 , 0.461538 , 2.080217
0.948718 , 0.487179 , 1.459161
0.948718 , 0.512821 , 0.832999
0.948718 , 0.538462 , 0.214733
0.948718 , 0.564103 , -0.386374
0.948718 , 0.589744 , -0.960139
0.948718 , 0.615385 , -1.495892
0.948718 , 0.641026 , -1.985597
0.948718 , 0.666667 , -2.422376
0.948718 , 0.692308 , -2.800586
0.948718 , 0.717949 , -3.115506
0.948718 , 0.743590 , -3.365307
0.948718 , 0.769231 , -3.550820
0.948718 , 0.794872 , -3.674143
0.948718 , 0.820513 , -3.738911
0.948718 , 0.846154 , -3.753722
0.948718 , 0.871795 , -3.728201
0.948718 , 0.897436 , -3.673496
0.948718 , 0.923077 , -3.603785
0.948718 , 0.948718 , -3.533615
0.948718 , 0.974359 , -3.480264
0.948718 , 1.000000 , -3.459785
0.974359 , 0.000000 , 6.060822
0.974359 , 0.025641 , 6.099028
0.974359 , 0.051282 , 6.193102
0.974359 , 0.076923 , 6.313258
0.974359 , 0.102564 , 6.433934
0.974359 , 0.128205 , 6.534670
0.974359 , 0.153846 , 6.598260
0.974359 , 0.179487 , 6.609797
0.974359 , 0.205128 , 6.559420
0.974359 , 0.230769 , 6.439022
0.974359 , 0.256410 , 6.242568
0.974359 , 0.282051 , 5.969135
0.974359 , 0.307692 , 5.620026
0.974359 , 0.333333 , 5.196964
0.974359 , 0.358974 , 4.705351
0.974359 , 0.384615 , 4.151563
0.974359 , 0.410256 , 3.543213
0.974359 , 0.435897 , 2.891619
0.974359 , 0.461538 , 2.207572
0.974359 , 0.487179 , 1.505439
0.974359 , 0.512821 , 0.797232
0.974359 , 0.538462 , 0.096674
0.974359 , 0.564103 , -0.582867
0.974359 , 0.589744 , -1.229870
0.974359 , 0.615385 , -1.832509
0.974359 , 0.641026 , -2.380046
0.974359 , 0.666667 , -2.864170
0.974359 , 0.692308 , -3.278774
0.974359 , 0.717949 , -3.618503
0.974359 , 0.743590 , -3.880864
0.974359 , 0.769231 , -4.065670
0.974359 , 0.794872 , -4.175895
0.974359 , 0.820513 , -4.216334
0.974359 , 0.846154 , -4.196249
0.974359 , 0.871795 , -4.127005
0.974359 , 0.897436 , -4.021357
0.974359 , 0.923077 , -3.897209
0.974359 , 0.948718 , -3.774674
0.974359 , 0.974359 , -3.679122
0.974359 , 1.000000 , -3.640759
1.000000 , 0.000000 , 6.172324
1.000000 , 0.025641 , 6.247888
1.000000 , 0.051282 , 6.414090
1.000000 , 0.076923 , 6.611933
1.000000 , 0.102564 , 6.807515
1.000000 , 0.128205 , 6.975743
1.000000 , 0.153846 , 7.096697
1.000000 , 0.179487 , 7.154121
1.000000 , 0.205128 , 7.135421
1.000000 , 0.230769 , 7.033400
1.000000 , 0.256410 , 6.840255
1.000000 , 0.282051 , 6.554621
1.000000 , 0.307692 , 6.177845
1.000000 , 0.333333 , 5.712938
1.000000 , 0.358974 , 5.166530
1.000000 , 0.384615 , 4.546757
1.000000 , 0.410256 , 3.862478
1.000000 , 0.435897 , 3.126406
1.000000 , 0.461538 , 2.351708
1.000000 , 0.487179 , 1.554381
1.000000 , 0.512821 , 0.750581
1.000000 , 0.538462 , -0.044524
1.000000 , 0.564103 , -0.814502
1.000000 , 0.589744 , -1.546393
1.000000 , 0.615385 , -2.225497
1.000000 , 0.641026 , -2.839617
1.000000 , 0.666667 , -3.378915
1.000000 , 0.692308 , -3.834260
1.000000 , 0.717949 , -4.201694
1.000000 , 0.743590 , -4.476224
1.000000 , 0.769231 , -4.657534
1.000000 , 0.794872 , -4.749532
1.000000 , 0.820513 , -4.758041
1.000000 , 0.846154 , -4.692446
1.000000 , 0.871795 , -4.565447
1.000000 , 0.897436 , -4.392523
1.000000 , 0.923077 , -4.192928
1.000000 , 0.948718 , -3.992649
1.000000 , 0.974359 , -3.825540
1.000000 , 1.000000 , -3.748648
