0.000000 , 0.000000 , 3.082055
0.000000 , 0.025641 , 3.082055
0.000000 , 0.051282 , 3.082055
0.000000 , 0.076923 , 3.082055
0.000000 , 0.102564 , 3.082055
0.000000 , 0.128205 , 3.082055
0.000000 , 0.153846 , 3.082055
0.000000 , 0.179487 , 3.082055
0.000000 , 0.205128 , 3.082055
0.000000 , 0.230769 , 3.082055
0.000000 , 0.256410 , 3.082055
0.000000 , 0.282051 , 3.082055
0.000000 , 0.307692 , 3.082055
0.000000 , 0.333333 , 3.082055
0.000000 , 0.358974 , 3.082055
0.000000 , 0.384615 , 3.082055
0.000000 , 0.410256 , 3.082055
0.000000 , 0.435897 , 3.082055
0.000000 , 0.461538 , 3.082055
0.000000 , 0.487179 , 3.082055
0.000000 , 0.512821 , 3.082055
0.000000 , 0.538462 , 3.082055
0.000000 , 0.564103 , 3.082055
0.000000 , 0.589744 , 3.082055
0.000000 , 0.615385 , 3.082055
0.000000 , 0.641026 , 3.082055
0.000000 , 0.666667 , 3.082055
0.000000 , 0.692308 , 3.082055
0.000000 , 0.717949 , 3.082055
0.000000 , 0.743590 , 3.082055
0.000000 , 0.769231 , 3.082055
0.000000 , 0.794872 , 3.082055
0.000000 , 0.820513 , 3.082055
0.000000 , 0.846154 , 3.082055
0.000000 , 0.871795 , 3.082055
0.000000 , 0.897436 , 3.082055
0.000000 , 0.923077 , 3.082055
0.000000 , 0.948718 , 3.082055
0.000000 , 0.974359 , 3.082055
0.000000 , 1.000000 , 3.082055
0.025641 , 0.000000 , 2.832487
0.025641 , 0.025641 , 2.833208
0.025641 , 0.051282 , 2.834066
0.025641 , 0.076923 , 2.835432
0.025641 , 0.102564 , 2.836712
0.025641 , 0.128205 , 2.837781
0.025641 , 0.153846 , 2.838089
0.025641 , 0.179487 , 2.838276
0.025641 , 0.205128 , 2.837826
0.025641 , 0.230769 , 2.836387
0.025641 , 0.256410 , 2.834940
0.025641 , 0.282051 , 2.834295
0.025641 , 0.307692 , 2.833980
0.025641 , 0.333333 , 2.833175
0.025641 , 0.358974 , 2.831041
0.025641 , 0.384615 , 2.828238
0.025641 , 0.410256 , 2.825934
0.025641 , 0.435897 , 2.823741
0.025641 , 0.461538 , 2.821495
0.025641 , 0.487179 , 2.819368
0.025641 , 0.512821 , 2.816902
0.025641 , 0.538462 , 2.814559
0.025641 , 0.564103 , 2.812376
0.025641 , 0.589744 , 2.810703
0.025641 , 0.615385 , 2.808833
0.025641 , 0.641026 , 2.807330
0.025641 , 0.666667 , 2.805882
0.025641 , 0.692308 , 2.804529
0.025641 , 0.717949 , 2.803392
0.025641 , 0.743590 , 2.802211
0.025641 , 0.769231 , 2.801772
0.025641 , 0.794872 , 2.801420
0.025641 , 0.820513 , 2.800555
0.025641 , 0.846154 , 2.799458
0.025641 , 0.871795 , 2.799032
0.025641 , 0.897436 , 2.799087
0.025641 , 0.923077 , 2.798941
0.025641 , 0.948718 , 2.799459
0.025641 , 0.974359 , 2.799710
0.025641 , 1.000000 , 2.799563
0.051282 , 0.000000 , 2.593424
0.051282 , 0.025641 , 2.593863
0.051282 , 0.051282 , 2.595821
0.051282 , 0.076923 , 2.597860
0.051282 , 0.102564 , 2.599797
0.051282 , 0.128205 , 2.601721
0.051282 , 0.153846 , 2.603088
0.051282 , 0.179487 , 2.603153
0.051282 , 0.205128 , 2.602290
0.051282 , 0.230769 , 2.600838
0.051282 , 0.256410 , 2.598852
0.051282 , 0.282051 , 2.597053
0.051282 , 0.307692 , 2.595012
0.051282 , 0.333333 , 2.592573
0.051282 , 0.358974 , 2.588820
0.051282 , 0.384615 , 2.583990
0.051282 , 0.410256 , 2.579644
0.051282 , 0.435897 , 2.575817
0.051282 , 0.461538 , 2.570968
0.051282 , 0.487179 , 2.566448
0.051282 , 0.512821 , 2.562156
0.051282 , 0.538462 , 2.557851
0.051282 , 0.564103 , 2.554122
0.051282 , 0.589744 , 2.550281
0.051282 , 0.615385 , 2.546490
0.051282 , 0.641026 , 2.543303
0.051282 , 0.666667 , 2.540200
0.051282 , 0.692308 , 2.537988
0.051282 , 0.717949 , 2.535814
0.051282 , 0.743590 , 2.533948
0.051282 , 0.769231 , 2.532041
0.051282 , 0.794872 , 2.530901
0.051282 , 0.820513 , 2.529853
0.051282 , 0.846154 , 2.528842
0.051282 , 0.871795 , 2.528074
0.051282 , 0.897436 , 2.527427
0.051282 , 0.923077 , 2.527817
0.051282 , 0.948718 , 2.528119
0.051282 , 0.974359 , 2.528557
0.051282 , 1.000000 , 2.528257
0.076923 , 0.000000 , 2.363563
0.076923 , 0.025641 , 2.364059
0.076923 , 0.051282 , 2.366306
0.076923 , 0.076923 , 2.369743
0.076923 , 0.102564 , 2.372496
0.076923 , 0.128205 , 2.374535
0.076923 , 0.153846 , 2.376732
0.076923 , 0.179487 , 2.377194
0.076923 , 0.205128 , 2.375695
0.076923 , 0.230769 , 2.374156
0.076923 , 0.256410 , 2.372271
0.076923 , 0.282051 , 2.369836
0.076923 , 0.307692 , 2.366055
0.076923 , 0.333333 , 2.361412
0.076923 , 0.358974 , 2.356302
0.076923 , 0.384615 , 2.350303
0.076923 , 0.410256 , 2.343477
0.076923 , 0.435897 , 2.337357
0.076923 , 0.461538 , 2.330813
0.076923 , 0.487179 , 2.324037
0.076923 , 0.512821 , 2.317966
0.076923 , 0.538462 , 2.312316
0.076923 , 0.564103 , 2.306499
0.076923 , 0.589744 , 2.301176
0.076923 , 0.615385 , 2.295688
0.076923 , 0.641026 , 2.290886
0.076923 , 0.666667 , 2.286691
0.076923 , 0.692308 , 2.282956
0.076923 , 0.717949 , 2.279407
0.076923 , 0.743590 , 2.277097
0.076923 , 0.769231 , 2.275128
0.076923 , 0.794872 , 2.273217
0.076923 , 0.820513 , 2.271810
0.076923 , 0.846154 , 2.270266
0.076923 , 0.871795 , 2.268973
0.076923 , 0.897436 , 2.267982
0.076923 , 0.923077 , 2.267842
0.076923 , 0.948718 , 2.268571
0.076923 , 0.974359 , 2.269048
0.076923 , 1.000000 , 2.269050
0.102564 , 0.000000 , 2.144035
0.102564 , 0.025641 , 2.144316
0.102564 , 0.051282 , 2.146520
0.102564 , 0.076923 , 2.150644
0.102564 , 0.102564 , 2.154054
0.102564 , 0.128205 , 2.156577
0.102564 , 0.153846 , 2.158085
0.102564 , 0.179487 , 2.159569
0.102564 , 0.205128 , 2.158569
0.102564 , 0.230769 , 2.156251
0.102564 , 0.256410 , 2.154129
0.102564 , 0.282051 , 2.151029
0.102564 , 0.307692 , 2.146510
0.102564 , 0.333333 , 2.139927
0.102564 , 0.358974 , 2.132790
0.102564 , 0.384615 , 2.125874
0.102564 , 0.410256 , 2.118324
0.102564 , 0.435897 , 2.110073
0.102564 , 0.461538 , 2.101310
0.102564 , 0.487179 , 2.091912
0.102564 , 0.512821 , 2.083719
0.102564 , 0.538462 , 2.076429
0.102564 , 0.564103 , 2.069315
0.102564 , 0.589744 , 2.062690
0.102564 , 0.615385 , 2.055814
0.102564 , 0.641026 , 2.049771
0.102564 , 0.666667 , 2.043978
0.102564 , 0.692308 , 2.038995
0.102564 , 0.717949 , 2.034971
0.102564 , 0.743590 , 2.031682
0.102564 , 0.769231 , 2.029025
0.102564 , 0.794872 , 2.026743
0.102564 , 0.820513 , 2.024463
0.102564 , 0.846154 , 2.022966
0.102564 , 0.871795 , 2.021133
0.102564 , 0.897436 , 2.020059
0.102564 , 0.923077 , 2.019716
0.102564 , 0.948718 , 2.020269
0.102564 , 0.974359 , 2.020672
0.102564 , 1.000000 , 2.021183
0.128205 , 0.000000 , 1.933060
0.128205 , 0.025641 , 1.934110
0.128205 , 0.051282 , 1.936295
0.128205 , 0.076923 , 1.940065
0.128205 , 0.102564 , 1.943917
0.128205 , 0.128205 , 1.946672
0.128205 , 0.153846 , 1.948033
0.128205 , 0.179487 , 1.949018
0.128205 , 0.205128 , 1.949038
0.128205 , 0.230769 , 1.947273
0.128205 , 0.256410 , 1.944400
0.128205 , 0.282051 , 1.940315
0.128205 , 0.307692 , 1.935250
0.128205 , 0.333333 , 1.927957
0.128205 , 0.358974 , 1.919667
0.128205 , 0.384615 , 1.911393
0.128205 , 0.410256 , 1.902217
0.128205 , 0.435897 , 1.892498
0.128205 , 0.461538 , 1.881875
0.128205 , 0.487179 , 1.870818
0.128205 , 0.512821 , 1.859945
0.128205 , 0.538462 , 1.850477
0.128205 , 0.564103 , 1.841988
0.128205 , 0.589744 , 1.834442
0.128205 , 0.615385 , 1.826177
0.128205 , 0.641026 , 1.818870
0.128205 , 0.666667 , 1.812414
0.128205 , 0.692308 , 1.806002
0.128205 , 0.717949 , 1.800264
0.128205 , 0.743590 , 1.795733
0.128205 , 0.769231 , 1.793327
0.128205 , 0.794872 , 1.790449
0.128205 , 0.820513 , 1.789037
0.128205 , 0.846154 , 1.786844
0.128205 , 0.871795 , 1.785517
0.128205 , 0.897436 , 1.784210
0.128205 , 0.923077 , 1.784113
0.128205 , 0.948718 , 1.784972
0.128205 , 0.974359 , 1.785181
0.128205 , 1.000000 , 1.785307
0.153846 , 0.000000 , 1.730874
0.153846 , 0.025641 , 1.731930
0.153846 , 0.051282 , 1.734616
0.153846 , 0.076923 , 1.737411
0.153846 , 0.102564 , 1.740831
0.153846 , 0.128205 , 1.743939
0.153846 , 0.153846 , 1.745655
0.153846 , 0.179487 , 1.746732
0.153846 , 0.205128 , 1.747104
0.153846 , 0.230769 , 1.745732
0.153846 , 0.256410 , 1.742940
0.153846 , 0.282051 , 1.738126
0.153846 , 0.307692 , 1.732411
0.153846 , 0.333333 , 1.724506
0.153846 , 0.358974 , 1.715447
0.153846 , 0.384615 , 1.705420
0.153846 , 0.410256 , 1.694743
0.153846 , 0.435897 , 1.683349
0.153846 , 0.461538 , 1.671271
0.153846 , 0.487179 , 1.659637
0.153846 , 0.512821 , 1.647695
0.153846 , 0.538462 , 1.636747
0.153846 , 0.564103 , 1.626473
0.153846 , 0.589744 , 1.617840
0.153846 , 0.615385 , 1.608826
0.153846 , 0.641026 , 1.600180
0.153846 , 0.666667 , 1.591958
0.153846 , 0.692308 , 1.583744
0.153846 , 0.717949 , 1.576443
0.153846 , 0.743590 , 1.571795
0.153846 , 0.769231 , 1.569205
0.153846 , 0.794872 , 1.565974
0.153846 , 0.820513 , 1.564648
0.153846 , 0.846154 , 1.563020
0.153846 , 0.871795 , 1.560929
0.153846 , 0.897436 , 1.559769
0.153846 , 0.923077 , 1.560324
0.153846 , 0.948718 , 1.561433
0.153846 , 0.974359 , 1.562297
0.153846 , 1.000000 , 1.562311
0.179487 , 0.000000 , 1.536562
0.179487 , 0.025641 , 1.537402
0.179487 , 0.051282 , 1.539379
0.179487 , 0.076923 , 1.542397
0.179487 , 0.102564 , 1.545746
0.179487 , 0.128205 , 1.548733
0.179487 , 0.153846 , 1.550535
0.179487 , 0.179487 , 1.551691
0.179487 , 0.205128 , 1.552264
0.179487 , 0.230769 , 1.551801
0.179487 , 0.256410 , 1.548913
0.179487 , 0.282051 , 1.544058
0.179487 , 0.307692 , 1.537727
0.179487 , 0.333333 , 1.529118
0.179487 , 0.358974 , 1.519388
0.179487 , 0.384615 , 1.507553
0.179487 , 0.410256 , 1.496095
0.179487 , 0.435897 , 1.483403
0.179487 , 0.461538 , 1.470314
0.179487 , 0.487179 , 1.458176
0.179487 , 0.512821 , 1.445660
0.179487 , 0.538462 , 1.433106
0.179487 , 0.564103 , 1.421992
0.179487 , 0.589744 , 1.411591
0.179487 , 0.615385 , 1.401521
0.179487 , 0.641026 , 1.391418
0.179487 , 0.666667 , 1.381842
0.179487 , 0.692308 , 1.373094
0.179487 , 0.717949 , 1.365245
0.179487 , 0.743590 , 1.359922
0.179487 , 0.769231 , 1.356121
0.179487 , 0.794872 , 1.352368
0.179487 , 0.820513 , 1.350069
0.179487 , 0.846154 , 1.349096
0.179487 , 0.871795 , 1.347681
0.179487 , 0.897436 , 1.346498
0.179487 , 0.923077 , 1.347708
0.179487 , 0.948718 , 1.349572
0.179487 , 0.974359 , 1.350452
0.179487 , 1.000000 , 1.350256
0.205128 , 0.000000 , 1.348035
0.205128 , 0.025641 , 1.349647
0.205128 , 0.051282 , 1.351811
0.205128 , 0.076923 , 1.354367
0.205128 , 0.102564 , 1.357491
0.205128 , 0.128205 , 1.360475
0.205128 , 0.153846 , 1.362099
0.205128 , 0.179487 , 1.363581
0.205128 , 0.205128 , 1.364800
0.205128 , 0.230769 , 1.364349
0.205128 , 0.256410 , 1.361816
0.205128 , 0.282051 , 1.357008
0.205128 , 0.307692 , 1.350309
0.205128 , 0.333333 , 1.341261
0.205128 , 0.358974 , 1.331093
0.205128 , 0.384615 , 1.319055
0.205128 , 0.410256 , 1.307027
0.205128 , 0.435897 , 1.294024
0.205128 , 0.461538 , 1.280520
0.205128 , 0.487179 , 1.267263
0.205128 , 0.512821 , 1.253409
0.205128 , 0.538462 , 1.240211
0.205128 , 0.564103 , 1.228409
0.205128 , 0.589744 , 1.216995
0.205128 , 0.615385 , 1.205420
0.205128 , 0.641026 , 1.193909
0.205128 , 0.666667 , 1.183842
0.205128 , 0.692308 , 1.174322
0.205128 , 0.717949 , 1.166331
0.205128 , 0.743590 , 1.160469
0.205128 , 0.769231 , 1.155209
0.205128 , 0.794872 , 1.151256
0.205128 , 0.820513 , 1.148644
0.205128 , 0.846154 , 1.146700
0.205128 , 0.871795 , 1.146150
0.205128 , 0.897436 , 1.146363
0.205128 , 0.923077 , 1.148040
0.205128 , 0.948718 , 1.149740
0.205128 , 0.974359 , 1.151043
0.205128 , 1.000000 , 1.150574
0.230769 , 0.000000 , 1.168056
0.230769 , 0.025641 , 1.169480
0.230769 , 0.051282 , 1.171533
0.230769 , 0.076923 , 1.173866
0.230769 , 0.102564 , 1.176564
0.230769 , 0.128205 , 1.179063
0.230769 , 0.153846 , 1.180839
0.230769 , 0.179487 , 1.182351
0.230769 , 0.205128 , 1.183579
0.230769 , 0.230769 , 1.183221
0.230769 , 0.256410 , 1.180695
0.230769 , 0.282051 , 1.176625
0.230769 , 0.307692 , 1.170267
0.230769 , 0.333333 , 1.160994
0.230769 , 0.358974 , 1.151005
0.230769 , 0.384615 , 1.139158
0.230769 , 0.410256 , 1.126655
0.230769 , 0.435897 , 1.112946
0.230769 , 0.461538 , 1.099423
0.230769 , 0.487179 , 1.085355
0.230769 , 0.512821 , 1.071297
0.230769 , 0.538462 , 1.058027
0.230769 , 0.564103 , 1.045632
0.230769 , 0.589744 , 1.033298
0.230769 , 0.615385 , 1.020514
0.230769 , 0.641026 , 1.007763
0.230769 , 0.666667 , 0.996888
0.230769 , 0.692308 , 0.986870
0.230769 , 0.717949 , 0.978881
0.230769 , 0.743590 , 0.972967
0.230769 , 0.769231 , 0.966685
0.230769 , 0.794872 , 0.961614
0.230769 , 0.820513 , 0.958905
0.230769 , 0.846154 , 0.957382
0.230769 , 0.871795 , 0.957503
0.230769 , 0.897436 , 0.957789
0.230769 , 0.923077 , 0.959485
0.230769 , 0.948718 , 0.960636
0.230769 , 0.974359 , 0.962100
0.230769 , 1.000000 , 0.962546
0.256410 , 0.000000 , 0.996131
0.256410 , 0.025641 , 0.997045
0.256410 , 0.051282 , 0.998440
0.256410 , 0.076923 , 1.000470
0.256410 , 0.102564 , 1.003150
0.256410 , 0.128205 , 1.005276
0.256410 , 0.153846 , 1.006122
0.256410 , 0.179487 , 1.007257
0.256410 , 0.205128 , 1.008468
0.256410 , 0.230769 , 1.007970
0.256410 , 0.256410 , 1.005235
0.256410 , 0.282051 , 1.001349
0.256410 , 0.307692 , 0.996231
0.256410 , 0.333333 , 0.987676
0.256410 , 0.358974 , 0.977337
0.256410 , 0.384615 , 0.966992
0.256410 , 0.410256 , 0.954779
0.256410 , 0.435897 , 0.940906
0.256410 , 0.461538 , 0.927048
0.256410 , 0.487179 , 0.912833
0.256410 , 0.512821 , 0.898781
0.256410 , 0.538462 , 0.885699
0.256410 , 0.564103 , 0.872081
0.256410 , 0.589744 , 0.859289
0.256410 , 0.615385 , 0.846613
0.256410 , 0.641026 , 0.833697
0.256410 , 0.666667 , 0.821815
0.256410 , 0.692308 , 0.811594
0.256410 , 0.717949 , 0.802905
0.256410 , 0.743590 , 0.796047
0.256410 , 0.769231 , 0.789601
0.256410 , 0.794872 , 0.784810
0.256410 , 0.820513 , 0.781923
0.256410 , 0.846154 , 0.780124
0.256410 , 0.871795 , 0.780248
0.256410 , 0.897436 , 0.780781
0.256410 , 0.923077 , 0.781789
0.256410 , 0.948718 , 0.782929
0.256410 , 0.974359 , 0.783848
0.256410 , 1.000000 , 0.784242
0.282051 , 0.000000 , 0.831043
0.282051 , 0.025641 , 0.831233
0.282051 , 0.051282 , 0.831476
0.282051 , 0.076923 , 0.833219
0.282051 , 0.102564 , 0.836094
0.282051 , 0.128205 , 0.837744
0.282051 , 0.153846 , 0.838424
0.282051 , 0.179487 , 0.839339
0.282051 , 0.205128 , 0.839700
0.282051 , 0.230769 , 0.838916
0.282051 , 0.256410 , 0.836446
0.282051 , 0.282051 , 0.832918
0.282051 , 0.307692 , 0.828539
0.282051 , 0.333333 , 0.821222
0.282051 , 0.358974 , 0.811335
0.282051 , 0.384615 , 0.801289
0.282051 , 0.410256 , 0.789932
0.282051 , 0.435897 , 0.777131
0.282051 , 0.461538 , 0.763704
0.282051 , 0.487179 , 0.749948
0.282051 , 0.512821 , 0.735938
0.282051 , 0.538462 , 0.722935
0.282051 , 0.564103 , 0.709309
0.282051 , 0.589744 , 0.696007
0.282051 , 0.615385 , 0.683236
0.282051 , 0.641026 , 0.670457
0.282051 , 0.666667 , 0.658543
0.282051 , 0.692308 , 0.648671
0.282051 , 0.717949 , 0.639864
0.282051 , 0.743590 , 0.632711
0.282051 , 0.769231 , 0.625649
0.282051 , 0.794872 , 0.620158
0.282051 , 0.820513 , 0.616703
0.282051 , 0.846154 , 0.614325
0.282051 , 0.871795 , 0.613740
0.282051 , 0.897436 , 0.614116
0.282051 , 0.923077 , 0.615497
0.282051 , 0.948718 , 0.616681
0.282051 , 0.974359 , 0.617753
0.282051 , 1.000000 , 0.617460
0.307692 , 0.000000 , 0.672733
0.307692 , 0.025641 , 0.672712
0.307692 , 0.051282 , 0.672861
0.307692 , 0.076923 , 0.673436
0.307692 , 0.102564 , 0.676030
0.307692 , 0.128205 , 0.677405
0.307692 , 0.153846 , 0.677723
0.307692 , 0.179487 , 0.677768
0.307692 , 0.205128 , 0.677786
0.307692 , 0.230769 , 0.677437
0.307692 , 0.256410 , 0.675174
0.307692 , 0.282051 , 0.671409
0.307692 , 0.307692 , 0.666512
0.307692 , 0.333333 , 0.660399
0.307692 , 0.358974 , 0.652601
0.307692 , 0.384615 , 0.643342
0.307692 , 0.410256 , 0.632789
0.307692 , 0.435897 , 0.620940
0.307692 , 0.461538 , 0.608357
0.307692 , 0.487179 , 0.595252
0.307692 , 0.512821 , 0.581600
0.307692 , 0.538462 , 0.568160
0.307692 , 0.564103 , 0.554989
0.307692 , 0.589744 , 0.542076
0.307692 , 0.615385 , 0.530112
0.307692 , 0.641026 , 0.518160
0.307692 , 0.666667 , 0.506786
0.307692 , 0.692308 , 0.496487
0.307692 , 0.717949 , 0.486985
0.307692 , 0.743590 , 0.479348
0.307692 , 0.769231 , 0.473307
0.307692 , 0.794872 , 0.467804
0.307692 , 0.820513 , 0.462710
0.307692 , 0.846154 , 0.460078
0.307692 , 0.871795 , 0.458991
0.307692 , 0.897436 , 0.458163
0.307692 , 0.923077 , 0.459108
0.307692 , 0.948718 , 0.460844
0.307692 , 0.974359 , 0.462405
0.307692 , 1.000000 , 0.462508
0.333333 , 0.000000 , 0.521445
0.333333 , 0.025641 , 0.521101
0.333333 , 0.051282 , 0.521406
0.333333 , 0.076923 , 0.521544
0.333333 , 0.102564 , 0.522435
0.333333 , 0.128205 , 0.523378
0.333333 , 0.153846 , 0.523319
0.333333 , 0.179487 , 0.522570
0.333333 , 0.205128 , 0.522443
0.333333 , 0.230769 , 0.522753
0.333333 , 0.256410 , 0.521269
0.333333 , 0.282051 , 0.517671
0.333333 , 0.307692 , 0.512605
0.333333 , 0.333333 , 0.506732
0.333333 , 0.358974 , 0.500453
0.333333 , 0.384615 , 0.492615
0.333333 , 0.410256 , 0.483019
0.333333 , 0.435897 , 0.472601
0.333333 , 0.461538 , 0.460882
0.333333 , 0.487179 , 0.448479
0.333333 , 0.512821 , 0.436006
0.333333 , 0.538462 , 0.423214
0.333333 , 0.564103 , 0.410227
0.333333 , 0.589744 , 0.398077
0.333333 , 0.615385 , 0.386555
0.333333 , 0.641026 , 0.375250
0.333333 , 0.666667 , 0.364240
0.333333 , 0.692308 , 0.354042
0.333333 , 0.717949 , 0.344191
0.333333 , 0.743590 , 0.335829
0.333333 , 0.769231 , 0.329794
0.333333 , 0.794872 , 0.325353
0.333333 , 0.820513 , 0.320285
0.333333 , 0.846154 , 0.316354
0.333333 , 0.871795 , 0.314731
0.333333 , 0.897436 , 0.314237
0.333333 , 0.923077 , 0.314216
0.333333 , 0.948718 , 0.315575
0.333333 , 0.974359 , 0.316564
0.333333 , 1.000000 , 0.316575
0.358974 , 0.000000 , 0.376084
0.358974 , 0.025641 , 0.375725
0.358974 , 0.051282 , 0.375819
0.358974 , 0.076923 , 0.375883
0.358974 , 0.102564 , 0.376322
0.358974 , 0.128205 , 0.376185
0.358974 , 0.153846 , 0.375567
0.358974 , 0.179487 , 0.374753
0.358974 , 0.205128 , 0.374506
0.358974 , 0.230769 , 0.374361
0.358974 , 0.256410 , 0.373039
0.358974 , 0.282051 , 0.370438
0.358974 , 0.307692 , 0.365224
0.358974 , 0.333333 , 0.359677
0.358974 , 0.358974 , 0.354078
0.358974 , 0.384615 , 0.347963
0.358974 , 0.410256 , 0.340088
0.358974 , 0.435897 , 0.331054
0.358974 , 0.461538 , 0.320671
0.358974 , 0.487179 , 0.309352
0.358974 , 0.512821 , 0.297935
0.358974 , 0.538462 , 0.286406
0.358974 , 0.564103 , 0.274875
0.358974 , 0.589744 , 0.263812
0.358974 , 0.615385 , 0.252790
0.358974 , 0.641026 , 0.242331
0.358974 , 0.666667 , 0.231517
0.358974 , 0.692308 , 0.221932
0.358974 , 0.717949 , 0.212060
0.358974 , 0.743590 , 0.203560
0.358974 , 0.769231 , 0.197479
0.358974 , 0.794872 , 0.192910
0.358974 , 0.820513 , 0.188850
0.358974 , 0.846154 , 0.183971
0.358974 , 0.871795 , 0.181250
0.358974 , 0.897436 , 0.180435
0.358974 , 0.923077 , 0.180433
0.358974 , 0.948718 , 0.181352
0.358974 , 0.974359 , 0.181755
0.358974 , 1.000000 , 0.182025
0.384615 , 0.000000 , 0.236507
0.384615 , 0.025641 , 0.236509
0.384615 , 0.051282 , 0.236620
0.384615 , 0.076923 , 0.236390
0.384615 , 0.102564 , 0.236982
0.384615 , 0.128205 , 0.236031
0.384615 , 0.153846 , 0.234715
0.384615 , 0.179487 , 0.233772
0.384615 , 0.205128 , 0.232417
0.384615 , 0.230769 , 0.232462
0.384615 , 0.256410 , 0.231558
0.384615 , 0.282051 , 0.229388
0.384615 , 0.307692 , 0.225115
0.384615 , 0.333333 , 0.220345
0.384615 , 0.358974 , 0.215312
0.384615 , 0.384615 , 0.209829
0.384615 , 0.410256 , 0.203296
0.384615 , 0.435897 , 0.195485
0.384615 , 0.461538 , 0.186749
0.384615 , 0.487179 , 0.176942
0.384615 , 0.512821 , 0.166839
0.384615 , 0.538462 , 0.156498
0.384615 , 0.564103 , 0.146667
0.384615 , 0.589744 , 0.137319
0.384615 , 0.615385 , 0.127941
0.384615 , 0.641026 , 0.117766
0.384615 , 0.666667 , 0.107900
0.384615 , 0.692308 , 0.098630
0.384615 , 0.717949 , 0.089466
0.384615 , 0.743590 , 0.081125
0.384615 , 0.769231 , 0.075409
0.384615 , 0.794872 , 0.070820
0.384615 , 0.820513 , 0.066520
0.384615 , 0.846154 , 0.061486
0.384615 , 0.871795 , 0.058307
0.384615 , 0.897436 , 0.056744
0.384615 , 0.923077 , 0.056371
0.384615 , 0.948718 , 0.057083
0.384615 , 0.974359 , 0.057450
0.384615 , 1.000000 , 0.057666
0.410256 , 0.000000 , 0.103686
0.410256 , 0.025641 , 0.103775
0.410256 , 0.051282 , 0.104357
0.410256 , 0.076923 , 0.103610
0.410256 , 0.102564 , 0.103435
0.410256 , 0.128205 , 0.102403
0.410256 , 0.153846 , 0.100927
0.410256 , 0.179487 , 0.100538
0.410256 , 0.205128 , 0.098769
0.410256 , 0.230769 , 0.097697
0.410256 , 0.256410 , 0.095924
0.410256 , 0.282051 , 0.093723
0.410256 , 0.307692 , 0.089955
0.410256 , 0.333333 , 0.086136
0.410256 , 0.358974 , 0.082017
0.410256 , 0.384615 , 0.077409
0.410256 , 0.410256 , 0.072760
0.410256 , 0.435897 , 0.066334
0.410256 , 0.461538 , 0.059034
0.410256 , 0.487179 , 0.051338
0.410256 , 0.512821 , 0.043147
0.410256 , 0.538462 , 0.034633
0.410256 , 0.564103 , 0.026228
0.410256 , 0.589744 , 0.018215
0.410256 , 0.615385 , 0.010518
0.410256 , 0.641026 , 0.001768
0.410256 , 0.666667 , -0.007029
0.410256 , 0.692308 , -0.016091
0.410256 , 0.717949 , -0.024689
0.410256 , 0.743590 , -0.032545
0.410256 , 0.769231 , -0.038113
0.410256 , 0.794872 , -0.042658
0.410256 , 0.820513 , -0.047147
0.410256 , 0.846154 , -0.051328
0.410256 , 0.871795 , -0.054408
0.410256 , 0.897436 , -0.056654
0.410256 , 0.923077 , -0.057806
0.410256 , 0.948718 , -0.057441
0.410256 , 0.974359 , -0.056853
0.410256 , 1.000000 , -0.056878
0.435897 , 0.000000 , -0.022833
0.435897 , 0.025641 , -0.022738
0.435897 , 0.051282 , -0.022256
0.435897 , 0.076923 , -0.022635
0.435897 , 0.102564 , -0.023954
0.435897 , 0.128205 , -0.025711
0.435897 , 0.153846 , -0.026617
0.435897 , 0.179487 , -0.027127
0.435897 , 0.205128 , -0.029115
0.435897 , 0.230769 , -0.030395
0.435897 , 0.256410 , -0.032392
0.435897 , 0.282051 , -0.035065
0.435897 , 0.307692 , -0.038072
0.435897 , 0.333333 , -0.041893
0.435897 , 0.358974 , -0.045521
0.435897 , 0.384615 , -0.048799
0.435897 , 0.410256 , -0.052071
0.435897 , 0.435897 , -0.056423
0.435897 , 0.461538 , -0.062292
0.435897 , 0.487179 , -0.067608
0.435897 , 0.512821 , -0.073370
0.435897 , 0.538462 , -0.079825
0.435897 , 0.564103 , -0.086358
0.435897 , 0.589744 , -0.093128
0.435897 , 0.615385 , -0.099693
0.435897 , 0.641026 , -0.106384
0.435897 , 0.666667 , -0.113447
0.435897 , 0.692308 , -0.121743
0.435897 , 0.717949 , -0.129503
0.435897 , 0.743590 , -0.136855
0.435897 , 0.769231 , -0.142964
0.435897 , 0.794872 , -0.147464
0.435897 , 0.820513 , -0.151895
0.435897 , 0.846154 , -0.156086
0.435897 , 0.871795 , -0.158839
0.435897 , 0.897436 , -0.161105
0.435897 , 0.923077 , -0.162833
0.435897 , 0.948718 , -0.162870
0.435897 , 0.974359 , -0.162338
0.435897 , 1.000000 , -0.162098
0.461538 , 0.000000 , -0.142813
0.461538 , 0.025641 , -0.142685
0.461538 , 0.051282 , -0.142760
0.461538 , 0.076923 , -0.143464
0.461538 , 0.102564 , -0.144905
0.461538 , 0.128205 , -0.147165
0.461538 , 0.153846 , -0.148763
0.461538 , 0.179487 , -0.149552
0.461538 , 0.205128 , -0.151091
0.461538 , 0.230769 , -0.153011
0.461538 , 0.256410 , -0.155342
0.461538 , 0.282051 , -0.157396
0.461538 , 0.307692 , -0.159871
0.461538 , 0.333333 , -0.162451
0.461538 , 0.358974 , -0.165356
0.461538 , 0.384615 , -0.167649
0.461538 , 0.410256 , -0.169863
0.461538 , 0.435897 , -0.172442
0.461538 , 0.461538 , -0.176342
0.461538 , 0.487179 , -0.179836
0.461538 , 0.512821 , -0.183105
0.461538 , 0.538462 , -0.187561
0.461538 , 0.564103 , -0.191894
0.461538 , 0.589744 , -0.196783
0.461538 , 0.615385 , -0.202220
0.461538 , 0.641026 , -0.207081
0.461538 , 0.666667 , -0.212699
0.461538 , 0.692308 , -0.219878
0.461538 , 0.717949 , -0.226872
0.461538 , 0.743590 , -0.232935
0.461538 , 0.769231 , -0.238626
0.461538 , 0.794872 , -0.243321
0.461538 , 0.820513 , -0.247542
0.461538 , 0.846154 , -0.251199
0.461538 , 0.871795 , -0.253856
0.461538 , 0.897436 , -0.256462
0.461538 , 0.923077 , -0.258339
0.461538 , 0.948718 , -0.259133
0.461538 , 0.974359 , -0.258962
0.461538 , 1.000000 , -0.258570
0.487179 , 0.000000 , -0.256792
0.487179 , 0.025641 , -0.256905
0.487179 , 0.051282 , -0.257510
0.487179 , 0.076923 , -0.258721
0.487179 , 0.102564 , -0.260161
0.487179 , 0.128205 , -0.261987
0.487179 , 0.153846 , -0.265043
0.487179 , 0.179487 , -0.266456
0.487179 , 0.205128 , -0.267057
0.487179 , 0.230769 , -0.269039
0.487179 , 0.256410 , -0.271324
0.487179 , 0.282051 , -0.273009
0.487179 , 0.307692 , -0.274623
0.487179 , 0.333333 , -0.276542
0.487179 , 0.358974 , -0.278414
0.487179 , 0.384615 , -0.279522
0.487179 , 0.410256 , -0.280515
0.487179 , 0.435897 , -0.281600
0.487179 , 0.461538 , -0.283041
0.487179 , 0.487179 , -0.284860
0.487179 , 0.512821 , -0.286430
0.487179 , 0.538462 , -0.288527
0.487179 , 0.564103 , -0.291324
0.487179 , 0.589744 , -0.293588
0.487179 , 0.615385 , -0.297477
0.487179 , 0.641026 , -0.301549
0.487179 , 0.666667 , -0.305514
0.487179 , 0.692308 , -0.311506
0.487179 , 0.717949 , -0.316988
0.487179 , 0.743590 , -0.321668
0.487179 , 0.769231 , -0.326358
0.487179 , 0.794872 , -0.330363
0.487179 , 0.820513 , -0.334287
0.487179 , 0.846154 , -0.337448
0.487179 , 0.871795 , -0.339924
0.487179 , 0.897436 , -0.342707
0.487179 , 0.923077 , -0.344837
0.487179 , 0.948718 , -0.346786
0.487179 , 0.974359 , -0.346790
0.487179 , 1.000000 , -0.347352
0.512821 , 0.000000 , -0.364359
0.512821 , 0.025641 , -0.364853
0.512821 , 0.051282 , -0.365441
0.512821 , 0.076923 , -0.367371
0.512821 , 0.102564 , -0.369730
0.512821 , 0.128205 , -0.371776
0.512821 , 0.153846 , -0.374839
0.512821 , 0.179487 , -0.377552
0.512821 , 0.205128 , -0.378301
0.512821 , 0.230769 , -0.380168
0.512821 , 0.256410 , -0.381776
0.512821 , 0.282051 , -0.382591
0.512821 , 0.307692 , -0.383559
0.512821 , 0.333333 , -0.384545
0.512821 , 0.358974 , -0.385056
0.512821 , 0.384615 , -0.384998
0.512821 , 0.410256 , -0.384481
0.512821 , 0.435897 , -0.383856
0.512821 , 0.461538 , -0.383407
0.512821 , 0.487179 , -0.383354
0.512821 , 0.512821 , -0.382999
0.512821 , 0.538462 , -0.383356
0.512821 , 0.564103 , -0.384375
0.512821 , 0.589744 , -0.385690
0.512821 , 0.615385 , -0.386561
0.512821 , 0.641026 , -0.389512
0.512821 , 0.666667 , -0.391740
0.512821 , 0.692308 , -0.395581
0.512821 , 0.717949 , -0.399429
0.512821 , 0.743590 , -0.403187
0.512821 , 0.769231 , -0.406997
0.512821 , 0.794872 , -0.410165
0.512821 , 0.820513 , -0.413064
0.512821 , 0.846154 , -0.416170
0.512821 , 0.871795 , -0.419068
0.512821 , 0.897436 , -0.421691
0.512821 , 0.923077 , -0.424368
0.512821 , 0.948718 , -0.426938
0.512821 , 0.974359 , -0.427162
0.512821 , 1.000000 , -0.427661
0.538462 , 0.000000 , -0.464477
0.538462 , 0.025641 , -0.465427
0.538462 , 0.051282 , -0.466629
0.538462 , 0.076923 , -0.468662
0.538462 , 0.102564 , -0.471872
0.538462 , 0.128205 , -0.474868
0.538462 , 0.153846 , -0.477534
0.538462 , 0.179487 , -0.480458
0.538462 , 0.205128 , -0.482212
0.538462 , 0.230769 , -0.484149
0.538462 , 0.256410 , -0.485521
0.538462 , 0.282051 , -0.486467
0.538462 , 0.307692 , -0.485897
0.538462 , 0.333333 , -0.485798
0.538462 , 0.358974 , -0.485310
0.538462 , 0.384615 , -0.484231
0.538462 , 0.410256 , -0.482304
0.538462 , 0.435897 , -0.479908
0.538462 , 0.461538 , -0.477291
0.538462 , 0.487179 , -0.475359
0.538462 , 0.512821 , -0.473126
0.538462 , 0.538462 , -0.471857
0.538462 , 0.564103 , -0.471670
0.538462 , 0.589744 , -0.471458
0.538462 , 0.615385 , -0.470499
0.538462 , 0.641026 , -0.470712
0.538462 , 0.666667 , -0.471711
0.538462 , 0.692308 , -0.473536
0.538462 , 0.717949 , -0.475529
0.538462 , 0.743590 , -0.478179
0.538462 , 0.769231 , -0.480919
0.538462 , 0.794872 , -0.483543
0.538462 , 0.820513 , -0.485614
0.538462 , 0.846154 , -0.488064
0.538462 , 0.871795 , -0.490756
0.538462 , 0.897436 , -0.494065
0.538462 , 0.923077 , -0.497076
0.538462 , 0.948718 , -0.499543
0.538462 , 0.974359 , -0.500770
0.538462 , 1.000000 , -0.500707
0.564103 , 0.000000 , -0.558203
0.564103 , 0.025641 , -0.559301
0.564103 , 0.051282 , -0.561361
0.564103 , 0.076923 , -0.563566
0.564103 , 0.102564 , -0.567096
0.564103 , 0.128205 , -0.570782
0.564103 , 0.153846 , -0.574090
0.564103 , 0.179487 , -0.576694
0.564103 , 0.205128 , -0.579001
0.564103 , 0.230769 , -0.580420
0.564103 , 0.256410 , -0.581121
0.564103 , 0.282051 , -0.582759
0.564103 , 0.307692 , -0.582337
0.564103 , 0.333333 , -0.581190
0.564103 , 0.358974 , -0.579406
0.564103 , 0.384615 , -0.577421
0.564103 , 0.410256 , -0.574068
0.564103 , 0.435897 , -0.569676
0.564103 , 0.461538 , -0.565109
0.564103 , 0.487179 , -0.561416
0.564103 , 0.512821 , -0.557831
0.564103 , 0.538462 , -0.554460
0.564103 , 0.564103 , -0.552425
0.564103 , 0.589744 , -0.550674
0.564103 , 0.615385 , -0.548120
0.564103 , 0.641026 , -0.546120
0.564103 , 0.666667 , -0.545341
0.564103 , 0.692308 , -0.545816
0.564103 , 0.717949 , -0.546224
0.564103 , 0.743590 , -0.547387
0.564103 , 0.769231 , -0.548814
0.564103 , 0.794872 , -0.550876
0.564103 , 0.820513 , -0.552200
0.564103 , 0.846154 , -0.553659
0.564103 , 0.871795 , -0.555751
0.564103 , 0.897436 , -0.559348
0.564103 , 0.923077 , -0.562661
0.564103 , 0.948718 , -0.565187
0.564103 , 0.974359 , -0.566339
0.564103 , 1.000000 , -0.566344
0.589744 , 0.000000 , -0.646357
0.589744 , 0.025641 , -0.647348
0.589744 , 0.051282 , -0.649894
0.589744 , 0.076923 , -0.652335
0.589744 , 0.102564 , -0.656008
0.589744 , 0.128205 , -0.659987
0.589744 , 0.153846 , -0.664059
0.589744 , 0.179487 , -0.666719
0.589744 , 0.205128 , -0.669304
0.589744 , 0.230769 , -0.670134
0.589744 , 0.256410 , -0.670482
0.589744 , 0.282051 , -0.671681
0.589744 , 0.307692 , -0.671525
0.589744 , 0.333333 , -0.669899
0.589744 , 0.358974 , -0.667556
0.589744 , 0.384615 , -0.664032
0.589744 , 0.410256 , -0.659431
0.589744 , 0.435897 , -0.653484
0.589744 , 0.461538 , -0.647839
0.589744 , 0.487179 , -0.642096
0.589744 , 0.512821 , -0.636652
0.589744 , 0.538462 , -0.631902
0.589744 , 0.564103 , -0.627774
0.589744 , 0.589744 , -0.623874
0.589744 , 0.615385 , -0.619528
0.589744 , 0.641026 , -0.615736
0.589744 , 0.666667 , -0.613693
0.589744 , 0.692308 , -0.612465
0.589744 , 0.717949 , -0.611704
0.589744 , 0.743590 , -0.611377
0.589744 , 0.769231 , -0.611568
0.589744 , 0.794872 , -0.612257
0.589744 , 0.820513 , -0.612768
0.589744 , 0.846154 , -0.613566
0.589744 , 0.871795 , -0.614934
0.589744 , 0.897436 , -0.617694
0.589744 , 0.923077 , -0.620783
0.589744 , 0.948718 , -0.623620
0.589744 , 0.974359 , -0.624877
0.589744 , 1.000000 , -0.625223
0.615385 , 0.000000 , -0.730075
0.615385 , 0.025641 , -0.730826
0.615385 , 0.051282 , -0.732956
0.615385 , 0.076923 , -0.736214
0.615385 , 0.102564 , -0.739765
0.615385 , 0.128205 , -0.743875
0.615385 , 0.153846 , -0.747904
0.615385 , 0.179487 , -0.750788
0.615385 , 0.205128 , -0.753008
0.615385 , 0.230769 , -0.753766
0.615385 , 0.256410 , -0.754313
0.615385 , 0.282051 , -0.755159
0.615385 , 0.307692 , -0.754555
0.615385 , 0.333333 , -0.752276
0.615385 , 0.358974 , -0.748840
0.615385 , 0.384615 , -0.744526
0.615385 , 0.410256 , -0.738292
0.615385 , 0.435897 , -0.731774
0.615385 , 0.461538 , -0.724952
0.615385 , 0.487179 , -0.718140
0.615385 , 0.512821 , -0.711332
0.615385 , 0.538462 , -0.704579
0.615385 , 0.564103 , -0.698562
0.615385 , 0.589744 , -0.692540
0.615385 , 0.615385 , -0.686346
0.615385 , 0.641026 , -0.680611
0.615385 , 0.666667 , -0.676777
0.615385 , 0.692308 , -0.673561
0.615385 , 0.717949 , -0.671467
0.615385 , 0.743590 , -0.669404
0.615385 , 0.769231 , -0.668445
0.615385 , 0.794872 , -0.667949
0.615385 , 0.820513 , -0.667240
0.615385 , 0.846154 , -0.667300
0.615385 , 0.871795 , -0.668078
0.615385 , 0.897436 , -0.670010
0.615385 , 0.923077 , -0.673114
0.615385 , 0.948718 , -0.675415
0.615385 , 0.974359 , -0.677195
0.615385 , 1.000000 , -0.677981
0.641026 , 0.000000 , -0.807601
0.641026 , 0.025641 , -0.808881
0.641026 , 0.051282 , -0.811054
0.641026 , 0.076923 , -0.814332
0.641026 , 0.102564 , -0.817931
0.641026 , 0.128205 , -0.822078
0.641026 , 0.153846 , -0.825461
0.641026 , 0.179487 , -0.828050
0.641026 , 0.205128 , -0.830246
0.641026 , 0.230769 , -0.831436
0.641026 , 0.256410 , -0.832250
0.641026 , 0.282051 , -0.832129
0.641026 , 0.307692 , -0.831178
0.641026 , 0.333333 , -0.828043
0.641026 , 0.358974 , -0.823672
0.641026 , 0.384615 , -0.818424
0.641026 , 0.410256 , -0.811427
0.641026 , 0.435897 , -0.804277
0.641026 , 0.461538 , -0.796917
0.641026 , 0.487179 , -0.788675
0.641026 , 0.512821 , -0.780795
0.641026 , 0.538462 , -0.772559
0.641026 , 0.564103 , -0.764253
0.641026 , 0.589744 , -0.756533
0.641026 , 0.615385 , -0.748858
0.641026 , 0.641026 , -0.741239
0.641026 , 0.666667 , -0.735471
0.641026 , 0.692308 , -0.730405
0.641026 , 0.717949 , -0.726695
0.641026 , 0.743590 , -0.723620
0.641026 , 0.769231 , -0.721397
0.641026 , 0.794872 , -0.719306
0.641026 , 0.820513 , -0.717194
0.641026 , 0.846154 , -0.716243
0.641026 , 0.871795 , -0.716386
0.641026 , 0.897436 , -0.716917
0.641026 , 0.923077 , -0.719658
0.641026 , 0.948718 , -0.721898
0.641026 , 0.974359 , -0.723898
0.641026 , 1.000000 , -0.725100
0.666667 , 0.000000 , -0.879310
0.666667 , 0.025641 , -0.880590
0.666667 , 0.051282 , -0.882967
0.666667 , 0.076923 , -0.886060
0.666667 , 0.102564 , -0.889712
0.666667 , 0.128205 , -0.893958
0.666667 , 0.153846 , -0.897548
0.666667 , 0.179487 , -0.899437
0.666667 , 0.205128 , -0.901468
0.666667 , 0.230769 , -0.902679
0.666667 , 0.256410 , -0.903099
0.666667 , 0.282051 , -0.902726
0.666667 , 0.307692 , -0.901036
0.666667 , 0.333333 , -0.897283
0.666667 , 0.358974 , -0.891491
0.666667 , 0.384615 , -0.886346
0.666667 , 0.410256 , -0.878689
0.666667 , 0.435897 , -0.870532
0.666667 , 0.461538 , -0.862304
0.666667 , 0.487179 , -0.853426
0.666667 , 0.512821 , -0.844409
0.666667 , 0.538462 , -0.834820
0.666667 , 0.564103 , -0.824780
0.666667 , 0.589744 , -0.815272
0.666667 , 0.615385 , -0.806103
0.666667 , 0.641026 , -0.796918
0.666667 , 0.666667 , -0.789264
0.666667 , 0.692308 , -0.783570
0.666667 , 0.717949 , -0.778503
0.666667 , 0.743590 , -0.773799
0.666667 , 0.769231 , -0.770468
0.666667 , 0.794872 , -0.767142
0.666667 , 0.820513 , -0.763454
0.666667 , 0.846154 , -0.761093
0.666667 , 0.871795 , -0.760818
0.666667 , 0.897436 , -0.760430
0.666667 , 0.923077 , -0.762001
0.666667 , 0.948718 , -0.764639
0.666667 , 0.974359 , -0.766382
0.666667 , 1.000000 , -0.767208
0.692308 , 0.000000 , -0.945044
0.692308 , 0.025641 , -0.946002
0.692308 , 0.051282 , -0.948563
0.692308 , 0.076923 , -0.951339
0.692308 , 0.102564 , -0.954762
0.692308 , 0.128205 , -0.959116
0.692308 , 0.153846 , -0.962517
0.692308 , 0.179487 , -0.963978
0.692308 , 0.205128 , -0.965736
0.692308 , 0.230769 , -0.967454
0.692308 , 0.256410 , -0.966773
0.692308 , 0.282051 , -0.965710
0.692308 , 0.307692 , -0.963260
0.692308 , 0.333333 , -0.958928
0.692308 , 0.358974 , -0.953341
0.692308 , 0.384615 , -0.947721
0.692308 , 0.410256 , -0.939872
0.692308 , 0.435897 , -0.930747
0.692308 , 0.461538 , -0.921897
0.692308 , 0.487179 , -0.912090
0.692308 , 0.512821 , -0.902081
0.692308 , 0.538462 , -0.891061
0.692308 , 0.564103 , -0.880210
0.692308 , 0.589744 , -0.869255
0.692308 , 0.615385 , -0.858318
0.692308 , 0.641026 , -0.847870
0.692308 , 0.666667 , -0.838412
0.692308 , 0.692308 , -0.832081
0.692308 , 0.717949 , -0.825908
0.692308 , 0.743590 , -0.819157
0.692308 , 0.769231 , -0.814231
0.692308 , 0.794872 , -0.810166
0.692308 , 0.820513 , -0.805345
0.692308 , 0.846154 , -0.802479
0.692308 , 0.871795 , -0.800736
0.692308 , 0.897436 , -0.800103
0.692308 , 0.923077 , -0.800935
0.692308 , 0.948718 , -0.802939
0.692308 , 0.974359 , -0.804543
0.692308 , 1.000000 , -0.804858
0.717949 , 0.000000 , -1.005733
0.717949 , 0.025641 , -1.005761
0.717949 , 0.051282 , -1.008099
0.717949 , 0.076923 , -1.011032
0.717949 , 0.102564 , -1.013994
0.717949 , 0.128205 , -1.017833
0.717949 , 0.153846 , -1.020792
0.717949 , 0.179487 , -1.022253
0.717949 , 0.205128 , -1.023383
0.717949 , 0.230769 , -1.025212
0.717949 , 0.256410 , -1.024592
0.717949 , 0.282051 , -1.022813
0.717949 , 0.307692 , -1.018819
0.717949 , 0.333333 , -1.013714
0.717949 , 0.358974 , -1.008191
0.717949 , 0.384615 , -1.002893
0.717949 , 0.410256 , -0.994902
0.717949 , 0.435897 , -0.985787
0.717949 , 0.461538 , -0.975753
0.717949 , 0.487179 , -0.965007
0.717949 , 0.512821 , -0.954104
0.717949 , 0.538462 , -0.942165
0.717949 , 0.564103 , -0.930090
0.717949 , 0.589744 , -0.918346
0.717949 , 0.615385 , -0.905964
0.717949 , 0.641026 , -0.894710
0.717949 , 0.666667 , -0.883464
0.717949 , 0.692308 , -0.875336
0.717949 , 0.717949 , -0.867627
0.717949 , 0.743590 , -0.859981
0.717949 , 0.769231 , -0.853716
0.717949 , 0.794872 , -0.848081
0.717949 , 0.820513 , -0.843036
0.717949 , 0.846154 , -0.839587
0.717949 , 0.871795 , -0.837091
0.717949 , 0.897436 , -0.835700
0.717949 , 0.923077 , -0.836177
0.717949 , 0.948718 , -0.837665
0.717949 , 0.974359 , -0.839158
0.717949 , 1.000000 , -0.839313
0.743590 , 0.000000 , -1.060318
0.743590 , 0.025641 , -1.060119
0.743590 , 0.051282 , -1.061712
0.743590 , 0.076923 , -1.064636
0.743590 , 0.102564 , -1.067346
0.743590 , 0.128205 , -1.070415
0.743590 , 0.153846 , -1.072789
0.743590 , 0.179487 , -1.074105
0.743590 , 0.205128 , -1.074555
0.743590 , 0.230769 , -1.076861
0.743590 , 0.256410 , -1.076857
0.743590 , 0.282051 , -1.074891
0.743590 , 0.307692 , -1.069474
0.743590 , 0.333333 , -1.064115
0.743590 , 0.358974 , -1.057962
0.743590 , 0.384615 , -1.052296
0.743590 , 0.410256 , -1.044105
0.743590 , 0.435897 , -1.035210
0.743590 , 0.461538 , -1.024455
0.743590 , 0.487179 , -1.012813
0.743590 , 0.512821 , -1.001051
0.743590 , 0.538462 , -0.988250
0.743590 , 0.564103 , -0.974851
0.743590 , 0.589744 , -0.961579
0.743590 , 0.615385 , -0.948399
0.743590 , 0.641026 , -0.936355
0.743590 , 0.666667 , -0.924436
0.743590 , 0.692308 , -0.914228
0.743590 , 0.717949 , -0.905069
0.743590 , 0.743590 , -0.896325
0.743590 , 0.769231 , -0.889493
0.743590 , 0.794872 , -0.883593
0.743590 , 0.820513 , -0.878811
0.743590 , 0.846154 , -0.873828
0.743590 , 0.871795 , -0.869571
0.743590 , 0.897436 , -0.867350
0.743590 , 0.923077 , -0.867058
0.743590 , 0.948718 , -0.868261
0.743590 , 0.974359 , -0.869584
0.743590 , 1.000000 , -0.870169
0.769231 , 0.000000 , -1.108647
0.769231 , 0.025641 , -1.108843
0.769231 , 0.051282 , -1.110042
0.769231 , 0.076923 , -1.112157
0.769231 , 0.102564 , -1.114813
0.769231 , 0.128205 , -1.117088
0.769231 , 0.153846 , -1.119668
0.769231 , 0.179487 , -1.120977
0.769231 , 0.205128 , -1.122265
0.769231 , 0.230769 , -1.123668
0.769231 , 0.256410 , -1.124069
0.769231 , 0.282051 , -1.121629
0.769231 , 0.307692 , -1.116180
0.769231 , 0.333333 , -1.109904
0.769231 , 0.358974 , -1.103357
0.769231 , 0.384615 , -1.096563
0.769231 , 0.410256 , -1.088590
0.769231 , 0.435897 , -1.078923
0.769231 , 0.461538 , -1.067387
0.769231 , 0.487179 , -1.054490
0.769231 , 0.512821 , -1.042188
0.769231 , 0.538462 , -1.028880
0.769231 , 0.564103 , -1.015018
0.769231 , 0.589744 , -1.000829
0.769231 , 0.615385 , -0.987049
0.769231 , 0.641026 , -0.974196
0.769231 , 0.666667 , -0.962781
0.769231 , 0.692308 , -0.951149
0.769231 , 0.717949 , -0.939800
0.769231 , 0.743590 , -0.929923
0.769231 , 0.769231 , -0.922696
0.769231 , 0.794872 , -0.915627
0.769231 , 0.820513 , -0.909558
0.769231 , 0.846154 , -0.904600
0.769231 , 0.871795 , -0.899623
0.769231 , 0.897436 , -0.896604
0.769231 , 0.923077 , -0.895374
0.769231 , 0.948718 , -0.895704
0.769231 , 0.974359 , -0.897037
0.769231 , 1.000000 , -0.897289
0.794872 , 0.000000 , -1.151729
0.794872 , 0.025641 , -1.151705
0.794872 , 0.051282 , -1.152610
0.794872 , 0.076923 , -1.154763
0.794872 , 0.102564 , -1.156364
0.794872 , 0.128205 , -1.158017
0.794872 , 0.153846 , -1.160772
0.794872 , 0.179487 , -1.162323
0.794872 , 0.205128 , -1.164069
0.794872 , 0.230769 , -1.164747
0.794872 , 0.256410 , -1.163750
0.794872 , 0.282051 , -1.160688
0.794872 , 0.307692 , -1.155967
0.794872 , 0.333333 , -1.150255
0.794872 , 0.358974 , -1.143486
0.794872 , 0.384615 , -1.135942
0.794872 , 0.410256 , -1.127328
0.794872 , 0.435897 , -1.116874
0.794872 , 0.461538 , -1.105201
0.794872 , 0.487179 , -1.091767
0.794872 , 0.512821 , -1.078941
0.794872 , 0.538462 , -1.065607
0.794872 , 0.564103 , -1.050478
0.794872 , 0.589744 , -1.035471
0.794872 , 0.615385 , -1.021475
0.794872 , 0.641026 , -1.007465
0.794872 , 0.666667 , -0.995589
0.794872 , 0.692308 , -0.984904
0.794872 , 0.717949 , -0.972966
0.794872 , 0.743590 , -0.961334
0.794872 , 0.769231 , -0.952489
0.794872 , 0.794872 , -0.944467
0.794872 , 0.820513 , -0.937362
0.794872 , 0.846154 , -0.931732
0.794872 , 0.871795 , -0.926851
0.794872 , 0.897436 , -0.923109
0.794872 , 0.923077 , -0.920492
0.794872 , 0.948718 , -0.920569
0.794872 , 0.974359 , -0.921915
0.794872 , 1.000000 , -0.922244
0.820513 , 0.000000 , -1.189437
0.820513 , 0.025641 , -1.189529
0.820513 , 0.051282 , -1.189955
0.820513 , 0.076923 , -1.191465
0.820513 , 0.102564 , -1.192628
0.820513 , 0.128205 , -1.193937
0.820513 , 0.153846 , -1.196138
0.820513 , 0.179487 , -1.198118
0.820513 , 0.205128 , -1.199348
0.820513 , 0.230769 , -1.199500
0.820513 , 0.256410 , -1.196996
0.820513 , 0.282051 , -1.193786
0.820513 , 0.307692 , -1.188867
0.820513 , 0.333333 , -1.183698
0.820513 , 0.358974 , -1.176646
0.820513 , 0.384615 , -1.168549
0.820513 , 0.410256 , -1.159493
0.820513 , 0.435897 , -1.149137
0.820513 , 0.461538 , -1.137694
0.820513 , 0.487179 , -1.124649
0.820513 , 0.512821 , -1.111213
0.820513 , 0.538462 , -1.096903
0.820513 , 0.564103 , -1.081822
0.820513 , 0.589744 , -1.066284
0.820513 , 0.615385 , -1.051615
0.820513 , 0.641026 , -1.037418
0.820513 , 0.666667 , -1.024735
0.820513 , 0.692308 , -1.013446
0.820513 , 0.717949 , -1.001435
0.820513 , 0.743590 , -0.989811
0.820513 , 0.769231 , -0.979410
0.820513 , 0.794872 , -0.970573
0.820513 , 0.820513 , -0.961968
0.820513 , 0.846154 , -0.955897
0.820513 , 0.871795 , -0.950726
0.820513 , 0.897436 , -0.946179
0.820513 , 0.923077 , -0.943022
0.820513 , 0.948718 , -0.942737
0.820513 , 0.974359 , -0.943636
0.820513 , 1.000000 , -0.944345
0.846154 , 0.000000 , -1.221082
0.846154 , 0.025641 , -1.221003
0.846154 , 0.051282 , -1.221797
0.846154 , 0.076923 , -1.222900
0.846154 , 0.102564 , -1.223670
0.846154 , 0.128205 , -1.224312
0.846154 , 0.153846 , -1.225951
0.846154 , 0.179487 , -1.227494
0.846154 , 0.205128 , -1.228499
0.846154 , 0.230769 , -1.228238
0.846154 , 0.256410 , -1.225016
0.846154 , 0.282051 , -1.221306
0.846154 , 0.307692 , -1.215975
0.846154 , 0.333333 , -1.210199
0.846154 , 0.358974 , -1.203773
0.846154 , 0.384615 , -1.196443
0.846154 , 0.410256 , -1.187345
0.846154 , 0.435897 , -1.176498
0.846154 , 0.461538 , -1.165169
0.846154 , 0.487179 , -1.152674
0.846154 , 0.512821 , -1.139274
0.846154 , 0.538462 , -1.124452
0.846154 , 0.564103 , -1.109180
0.846154 , 0.589744 , -1.093568
0.846154 , 0.615385 , -1.078272
0.846154 , 0.641026 , -1.064201
0.846154 , 0.666667 , -1.050758
0.846154 , 0.692308 , -1.038825
0.846154 , 0.717949 , -1.026658
0.846154 , 0.743590 , -1.014716
0.846154 , 0.769231 , -1.003551
0.846154 , 0.794872 , -0.993501
0.846154 , 0.820513 , -0.984121
0.846154 , 0.846154 , -0.976915
0.846154 , 0.871795 , -0.971940
0.846154 , 0.897436 , -0.968046
0.846154 , 0.923077 , -0.965067
0.846154 , 0.948718 , -0.963552
0.846154 , 0.974359 , -0.963821
0.846154 , 1.000000 , -0.964091
0.871795 , 0.000000 , -1.246659
0.871795 , 0.025641 , -1.246820
0.871795 , 0.051282 , -1.247383
0.871795 , 0.076923 , -1.248452
0.871795 , 0.102564 , -1.248751
0.871795 , 0.128205 , -1.249266
0.871795 , 0.153846 , -1.249742
0.871795 , 0.179487 , -1.250733
0.871795 , 0.205128 , -1.251397
0.871795 , 0.230769 , -1.251142
0.871795 , 0.256410 , -1.248758
0.871795 , 0.282051 , -1.244483
0.871795 , 0.307692 , -1.239014
0.871795 , 0.333333 , -1.232810
0.871795 , 0.358974 , -1.226515
0.871795 , 0.384615 , -1.219586
0.871795 , 0.410256 , -1.210362
0.871795 , 0.435897 , -1.199650
0.871795 , 0.461538 , -1.188111
0.871795 , 0.487179 , -1.175758
0.871795 , 0.512821 , -1.162594
0.871795 , 0.538462 , -1.148369
0.871795 , 0.564103 , -1.132501
0.871795 , 0.589744 , -1.116978
0.871795 , 0.615385 , -1.101748
0.871795 , 0.641026 , -1.087261
0.871795 , 0.666667 , -1.073575
0.871795 , 0.692308 , -1.060874
0.871795 , 0.717949 , -1.048555
0.871795 , 0.743590 , -1.036179
0.871795 , 0.769231 , -1.025049
0.871795 , 0.794872 , -1.014948
0.871795 , 0.820513 , -1.005688
0.871795 , 0.846154 , -0.996828
0.871795 , 0.871795 , -0.990912
0.871795 , 0.897436 , -0.987367
0.871795 , 0.923077 , -0.984319
0.871795 , 0.948718 , -0.982628
0.871795 , 0.974359 , -0.982312
0.871795 , 1.000000 , -0.982286
0.897436 , 0.000000 , -1.267770
0.897436 , 0.025641 , -1.268098
0.897436 , 0.051282 , -1.267910
0.897436 , 0.076923 , -1.268504
0.897436 , 0.102564 , -1.268945
0.897436 , 0.128205 , -1.269340
0.897436 , 0.153846 , -1.268714
0.897436 , 0.179487 , -1.268555
0.897436 , 0.205128 , -1.268690
0.897436 , 0.230769 , -1.268206
0.897436 , 0.256410 , -1.266385
0.897436 , 0.282051 , -1.262352
0.897436 , 0.307692 , -1.257519
0.897436 , 0.333333 , -1.252036
0.897436 , 0.358974 , -1.245750
0.897436 , 0.384615 , -1.238723
0.897436 , 0.410256 , -1.229205
0.897436 , 0.435897 , -1.218425
0.897436 , 0.461538 , -1.206941
0.897436 , 0.487179 , -1.195031
0.897436 , 0.512821 , -1.181605
0.897436 , 0.538462 , -1.167325
0.897436 , 0.564103 , -1.152084
0.897436 , 0.589744 , -1.136858
0.897436 , 0.615385 , -1.122480
0.897436 , 0.641026 , -1.108109
0.897436 , 0.666667 , -1.094253
0.897436 , 0.692308 , -1.080998
0.897436 , 0.717949 , -1.068035
0.897436 , 0.743590 , -1.055565
0.897436 , 0.769231 , -1.043872
0.897436 , 0.794872 , -1.033227
0.897436 , 0.820513 , -1.023536
0.897436 , 0.846154 , -1.014746
0.897436 , 0.871795 , -1.007785
0.897436 , 0.897436 , -1.003707
0.897436 , 0.923077 , -1.000008
0.897436 , 0.948718 , -0.997951
0.897436 , 0.974359 , -0.997087
0.897436 , 1.000000 , -0.996902
0.923077 , 0.000000 , -1.283777
0.923077 , 0.025641 , -1.283937
0.923077 , 0.051282 , -1.284090
0.923077 , 0.076923 , -1.283814
0.923077 , 0.102564 , -1.284305
0.923077 , 0.128205 , -1.284624
0.923077 , 0.153846 , -1.283930
0.923077 , 0.179487 , -1.282499
0.923077 , 0.205128 , -1.281981
0.923077 , 0.230769 , -1.281311
0.923077 , 0.256410 , -1.279680
0.923077 , 0.282051 , -1.276437
0.923077 , 0.307692 , -1.271828
0.923077 , 0.333333 , -1.266303
0.923077 , 0.358974 , -1.259961
0.923077 , 0.384615 , -1.252477
0.923077 , 0.410256 , -1.243325
0.923077 , 0.435897 , -1.233052
0.923077 , 0.461538 , -1.221518
0.923077 , 0.487179 , -1.209675
0.923077 , 0.512821 , -1.196164
0.923077 , 0.538462 , -1.181446
0.923077 , 0.564103 , -1.166693
0.923077 , 0.589744 , -1.152595
0.923077 , 0.615385 , -1.138743
0.923077 , 0.641026 , -1.124306
0.923077 , 0.666667 , -1.110767
0.923077 , 0.692308 , -1.097909
0.923077 , 0.717949 , -1.084370
0.923077 , 0.743590 , -1.071710
0.923077 , 0.769231 , -1.059595
0.923077 , 0.794872 , -1.048365
0.923077 , 0.820513 , -1.038106
0.923077 , 0.846154 , -1.028858
0.923077 , 0.871795 , -1.021646
0.923077 , 0.897436 , -1.016758
0.923077 , 0.923077 , -1.013179
0.923077 , 0.948718 , -1.010296
0.923077 , 0.974359 , -1.008970
0.923077 , 1.000000 , -1.008825
0.948718 , 0.000000 , -1.294705
0.948718 , 0.025641 , -1.294934
0.948718 , 0.051282 , -1.294817
0.948718 , 0.076923 , -1.294738
0.948718 , 0.102564 , -1.295034
0.948718 , 0.128205 , -1.295053
0.948718 , 0.153846 , -1.294008
0.948718 , 0.179487 , -1.292721
0.948718 , 0.205128 , -1.291848
0.948718 , 0.230769 , -1.290893
0.948718 , 0.256410 , -1.288724
0.948718 , 0.282051 , -1.285305
0.948718 , 0.307692 , -1.280937
0.948718 , 0.333333 , -1.275364
0.948718 , 0.358974 , -1.269065
0.948718 , 0.384615 , -1.262045
0.948718 , 0.410256 , -1.252985
0.948718 , 0.435897 , -1.242622
0.948718 , 0.461538 , -1.231504
0.948718 , 0.487179 , -1.219227
0.948718 , 0.512821 , -1.206261
0.948718 , 0.538462 , -1.192396
0.948718 , 0.564103 , -1.177600
0.948718 , 0.589744 , -1.163436
0.948718 , 0.615385 , -1.149820
0.948718 , 0.641026 , -1.136083
0.948718 , 0.666667 , -1.122466
0.948718 , 0.692308 , -1.109467
0.948718 , 0.717949 , -1.096211
0.948718 , 0.743590 , -1.083294
0.948718 , 0.769231 , -1.070724
0.948718 , 0.794872 , -1.059346
0.948718 , 0.820513 , -1.048688
0.948718 , 0.846154 , -1.039660
0.948718 , 0.871795 , -1.032523
0.948718 , 0.897436 , -1.026816
0.948718 , 0.923077 , -1.022722
0.948718 , 0.948718 , -1.019744
0.948718 , 0.974359 , -1.018512
0.948718 , 1.000000 , -1.018021
0.974359 , 0.000000 , -1.300518
0.974359 , 0.025641 , -1.300933
0.974359 , 0.051282 , -1.301356
0.974359 , 0.076923 , -1.301299
0.974359 , 0.102564 , -1.301486
0.974359 , 0.128205 , -1.300911
0.974359 , 0.153846 , -1.299978
0.974359 , 0.179487 , -1.298732
0.974359 , 0.205128 , -1.297802
0.974359 , 0.230769 , -1.296136
0.974359 , 0.256410 , -1.293885
0.974359 , 0.282051 , -1.290726
0.974359 , 0.307692 , -1.286117
0.974359 , 0.333333 , -1.280929
0.974359 , 0.358974 , -1.274911
0.974359 , 0.384615 , -1.267347
0.974359 , 0.410256 , -1.258452
0.974359 , 0.435897 , -1.248498
0.974359 , 0.461538 , -1.237596
0.974359 , 0.487179 , -1.225837
0.974359 , 0.512821 , -1.212822
0.974359 , 0.538462 , -1.199041
0.974359 , 0.564103 , -1.184298
0.974359 , 0.589744 , -1.169942
0.974359 , 0.615385 , -1.156314
0.974359 , 0.641026 , -1.143020
0.974359 , 0.666667 , -1.129649
0.974359 , 0.692308 , -1.116002
0.974359 , 0.717949 , -1.102787
0.974359 , 0.743590 , -1.090240
0.974359 , 0.769231 , -1.077729
0.974359 , 0.794872 , -1.066175
0.974359 , 0.820513 , -1.056008
0.974359 , 0.846154 , -1.046617
0.974359 , 0.871795 , -1.039330
0.974359 , 0.897436 , -1.033315
0.974359 , 0.923077 , -1.028676
0.974359 , 0.948718 , -1.025924
0.974359 , 0.974359 , -1.024527
0.974359 , 1.000000 , -1.023917
1.000000 , 0.000000 , -1.302255
1.000000 , 0.025641 , -1.302742
1.000000 , 0.051282 , -1.303197
1.000000 , 0.076923 , -1.303461
1.000000 , 0.102564 , -1.303917
1.000000 , 0.128205 , -1.303556
1.000000 , 0.153846 , -1.302633
1.000000 , 0.179487 , -1.301330
1.000000 , 0.205128 , -1.299790
1.000000 , 0.230769 , -1.298254
1.000000 , 0.256410 , -1.295795
1.000000 , 0.282051 , -1.292546
1.000000 , 0.307692 , -1.287917
1.000000 , 0.333333 , -1.283130
1.000000 , 0.358974 , -1.277290
1.000000 , 0.384615 , -1.269459
1.000000 , 0.410256 , -1.260239
1.000000 , 0.435897 , -1.250518
1.000000 , 0.461538 , -1.239692
1.000000 , 0.487179 , -1.228178
1.000000 , 0.512821 , -1.215243
1.000000 , 0.538462 , -1.200834
1.000000 , 0.564103 , -1.186387
1.000000 , 0.589744 , -1.172419
1.000000 , 0.615385 , -1.158855
1.000000 , 0.641026 , -1.144931
1.000000 , 0.666667 , -1.131681
1.000000 , 0.692308 , -1.118350
1.000000 , 0.717949 , -1.104760
1.000000 , 0.743590 , -1.092282
1.000000 , 0.769231 , -1.080564
1.000000 , 0.794872 , -1.068846
1.000000 , 0.820513 , -1.058489
1.000000 , 0.846154 , -1.049107
1.000000 , 0.871795 , -1.041223
1.000000 , 0.897436 , -1.035507
1.000000 , 0.923077 , -1.031079
1.000000 , 0.948718 , -1.028022
1.000000 , 0.974359 , -1.026714
1.000000 , 1.000000 , -1.026409
