0.000000 , 0.000000 , -1.472496
0.000000 , 0.025641 , -1.472496
0.000000 , 0.051282 , -1.472496
0.000000 , 0.076923 , -1.472496
0.000000 , 0.102564 , -1.472496
0.000000 , 0.128205 , -1.472496
0.000000 , 0.153846 , -1.472496
0.000000 , 0.179487 , -1.472496
0.000000 , 0.205128 , -1.472496
0.000000 , 0.230769 , -1.472496
0.000000 , 0.256410 , -1.472496
0.000000 , 0.282051 , -1.472496
0.000000 , 0.307692 , -1.472496
0.000000 , 0.333333 , -1.472496
0.000000 , 0.358974 , -1.472496
0.000000 , 0.384615 , -1.472496
0.000000 , 0.410256 , -1.472496
0.000000 , 0.435897 , -1.472496
0.000000 , 0.461538 , -1.472496
0.000000 , 0.487179 , -1.472496
0.000000 , 0.512821 , -1.472496
0.000000 , 0.538462 , -1.472496
0.000000 , 0.564103 , -1.472496
0.000000 , 0.589744 , -1.472496
0.000000 , 0.615385 , -1.472496
0.000000 , 0.641026 , -1.472496
0.000000 , 0.666667 , -1.472496
0.000000 , 0.692308 , -1.472496
0.000000 , 0.717949 , -1.472496
0.000000 , 0.743590 , -1.472496
0.000000 , 0.769231 , -1.472496
0.000000 , 0.794872 , -1.472496
0.000000 , 0.820513 , -1.472496
0.000000 , 0.846154 , -1.472496
0.000000 , 0.871795 , -1.472496
0.000000 , 0.897436 , -1.472496
0.000000 , 0.923077 , -1.472496
0.000000 , 0.948718 , -1.472496
0.000000 , 0.974359 , -1.472496
0.000000 , 1.000000 , -1.472496
0.025641 , 0.000000 , -1.545581
0.025641 , 0.025641 , -1.545064
0.025641 , 0.051282 , -1.543732
0.025641 , 0.076923 , -1.543024
0.025641 , 0.102564 , -1.542557
0.025641 , 0.128205 , -1.542213
0.025641 , 0.153846 , -1.541943
0.025641 , 0.179487 , -1.541672
0.025641 , 0.205128 , -1.542081
0.025641 , 0.230769 , -1.542641
0.025641 , 0.256410 , -1.543524
0.025641 , 0.282051 , -1.545024
0.025641 , 0.307692 , -1.546779
0.025641 , 0.333333 , -1.549117
0.025641 , 0.358974 , -1.552107
0.025641 , 0.384615 , -1.554518
0.025641 , 0.410256 , -1.556420
0.025641 , 0.435897 , -1.558098
0.025641 , 0.461538 , -1.559542
0.025641 , 0.487179 , -1.561026
0.025641 , 0.512821 , -1.563167
0.025641 , 0.538462 , -1.565995
0.025641 , 0.564103 , -1.568493
0.025641 , 0.589744 , -1.570571
0.025641 , 0.615385 , -1.572548
0.025641 , 0.641026 , -1.573880
0.025641 , 0.666667 , -1.574955
0.025641 , 0.692308 , -1.576747
0.025641 , 0.717949 , -1.578186
0.025641 , 0.743590 , -1.578784
0.025641 , 0.769231 , -1.579127
0.025641 , 0.794872 , -1.580026
0.025641 , 0.820513 , -1.580620
0.025641 , 0.846154 , -1.581144
0.025641 , 0.871795 , -1.581210
0.025641 , 0.897436 , -1.581085
0.025641 , 0.923077 , -1.581097
0.025641 , 0.948718 , -1.580847
0.025641 , 0.974359 , -1.580430
0.025641 , 1.000000 , -1.580790
0.051282 , 0.000000 , -1.604475
0.051282 , 0.025641 , -1.603886
0.051282 , 0.051282 , -1.602633
0.051282 , 0.076923 , -1.601305
0.051282 , 0.102564 , -1.600206
0.051282 , 0.128205 , -1.599629
0.051282 , 0.153846 , -1.598955
0.051282 , 0.179487 , -1.598551
0.051282 , 0.205128 , -1.598737
0.051282 , 0.230769 , -1.600144
0.051282 , 0.256410 , -1.602119
0.051282 , 0.282051 , -1.605215
0.051282 , 0.307692 , -1.608939
0.051282 , 0.333333 , -1.613094
0.051282 , 0.358974 , -1.617524
0.051282 , 0.384615 , -1.622214
0.051282 , 0.410256 , -1.626384
0.051282 , 0.435897 , -1.629977
0.051282 , 0.461538 , -1.633351
0.051282 , 0.487179 , -1.637039
0.051282 , 0.512821 , -1.641539
0.051282 , 0.538462 , -1.646572
0.051282 , 0.564103 , -1.651659
0.051282 , 0.589744 , -1.655477
0.051282 , 0.615385 , -1.658769
0.051282 , 0.641026 , -1.661227
0.051282 , 0.666667 , -1.663763
0.051282 , 0.692308 , -1.666754
0.051282 , 0.717949 , -1.669143
0.051282 , 0.743590 , -1.670634
0.051282 , 0.769231 , -1.671775
0.051282 , 0.794872 , -1.672946
0.051282 , 0.820513 , -1.674120
0.051282 , 0.846154 , -1.674384
0.051282 , 0.871795 , -1.674789
0.051282 , 0.897436 , -1.674858
0.051282 , 0.923077 , -1.674811
0.051282 , 0.948718 , -1.673737
0.051282 , 0.974359 , -1.673992
0.051282 , 1.000000 , -1.673390
0.076923 , 0.000000 , -1.652454
0.076923 , 0.025641 , -1.652002
0.076923 , 0.051282 , -1.650457
0.076923 , 0.076923 , -1.648583
0.076923 , 0.102564 , -1.647174
0.076923 , 0.128205 , -1.646207
0.076923 , 0.153846 , -1.645266
0.076923 , 0.179487 , -1.644722
0.076923 , 0.205128 , -1.645042
0.076923 , 0.230769 , -1.646902
0.076923 , 0.256410 , -1.649854
0.076923 , 0.282051 , -1.653940
0.076923 , 0.307692 , -1.659229
0.076923 , 0.333333 , -1.665489
0.076923 , 0.358974 , -1.671424
0.076923 , 0.384615 , -1.677281
0.076923 , 0.410256 , -1.683408
0.076923 , 0.435897 , -1.688992
0.076923 , 0.461538 , -1.694378
0.076923 , 0.487179 , -1.700072
0.076923 , 0.512821 , -1.706770
0.076923 , 0.538462 , -1.714192
0.076923 , 0.564103 , -1.721458
0.076923 , 0.589744 , -1.727441
0.076923 , 0.615385 , -1.732590
0.076923 , 0.641026 , -1.736535
0.076923 , 0.666667 , -1.740307
0.076923 , 0.692308 , -1.744254
0.076923 , 0.717949 , -1.746793
0.076923 , 0.743590 , -1.748815
0.076923 , 0.769231 , -1.749895
0.076923 , 0.794872 , -1.751939
0.076923 , 0.820513 , -1.753566
0.076923 , 0.846154 , -1.754434
0.076923 , 0.871795 , -1.754504
0.076923 , 0.897436 , -1.754525
0.076923 , 0.923077 , -1.753652
0.076923 , 0.948718 , -1.752892
0.076923 , 0.974359 , -1.752604
0.076923 , 1.000000 , -1.753205
0.102564 , 0.000000 , -1.691014
0.102564 , 0.025641 , -1.690852
0.102564 , 0.051282 , -1.689590
0.102564 , 0.076923 , -1.687279
0.102564 , 0.102564 , -1.685222
0.102564 , 0.128205 , -1.684007
0.102564 , 0.153846 , -1.682717
0.102564 , 0.179487 , -1.681518
0.102564 , 0.205128 , -1.682271
0.102564 , 0.230769 , -1.684334
0.102564 , 0.256410 , -1.687461
0.102564 , 0.282051 , -1.692432
0.102564 , 0.307692 , -1.699109
0.102564 , 0.333333 , -1.706078
0.102564 , 0.358974 , -1.713918
0.102564 , 0.384615 , -1.721403
0.102564 , 0.410256 , -1.729486
0.102564 , 0.435897 , -1.737232
0.102564 , 0.461538 , -1.744794
0.102564 , 0.487179 , -1.752314
0.102564 , 0.512821 , -1.760095
0.102564 , 0.538462 , -1.768886
0.102564 , 0.564103 , -1.777634
0.102564 , 0.589744 , -1.785501
0.102564 , 0.615385 , -1.792691
0.102564 , 0.641026 , -1.798370
0.102564 , 0.666667 , -1.802748
0.102564 , 0.692308 , -1.807839
0.102564 , 0.717949 , -1.812019
0.102564 , 0.743590 , -1.814443
0.102564 , 0.769231 , -1.816065
0.102564 , 0.794872 , -1.818308
0.102564 , 0.820513 , -1.820705
0.102564 , 0.846154 , -1.821955
0.102564 , 0.871795 , -1.821881
0.102564 , 0.897436 , -1.821627
0.102564 , 0.923077 , -1.820577
0.102564 , 0.948718 , -1.819881
0.102564 , 0.974359 , -1.819225
0.102564 , 1.000000 , -1.819696
0.128205 , 0.000000 , -1.722290
0.128205 , 0.025641 , -1.721712
0.128205 , 0.051282 , -1.720546
0.128205 , 0.076923 , -1.717804
0.128205 , 0.102564 , -1.714853
0.128205 , 0.128205 , -1.713096
0.128205 , 0.153846 , -1.711205
0.128205 , 0.179487 , -1.709725
0.128205 , 0.205128 , -1.710545
0.128205 , 0.230769 , -1.713077
0.128205 , 0.256410 , -1.716282
0.128205 , 0.282051 , -1.721852
0.128205 , 0.307692 , -1.728974
0.128205 , 0.333333 , -1.736801
0.128205 , 0.358974 , -1.745121
0.128205 , 0.384615 , -1.754095
0.128205 , 0.410256 , -1.763357
0.128205 , 0.435897 , -1.774192
0.128205 , 0.461538 , -1.785101
0.128205 , 0.487179 , -1.794820
0.128205 , 0.512821 , -1.804499
0.128205 , 0.538462 , -1.814530
0.128205 , 0.564103 , -1.824287
0.128205 , 0.589744 , -1.833298
0.128205 , 0.615385 , -1.841532
0.128205 , 0.641026 , -1.848923
0.128205 , 0.666667 , -1.854688
0.128205 , 0.692308 , -1.859984
0.128205 , 0.717949 , -1.865127
0.128205 , 0.743590 , -1.868275
0.128205 , 0.769231 , -1.870596
0.128205 , 0.794872 , -1.872429
0.128205 , 0.820513 , -1.875205
0.128205 , 0.846154 , -1.876458
0.128205 , 0.871795 , -1.876935
0.128205 , 0.897436 , -1.876532
0.128205 , 0.923077 , -1.876348
0.128205 , 0.948718 , -1.875053
0.128205 , 0.974359 , -1.874054
0.128205 , 1.000000 , -1.874134
0.153846 , 0.000000 , -1.746041
0.153846 , 0.025641 , -1.745385
0.153846 , 0.051282 , -1.744215
0.153846 , 0.076923 , -1.740978
0.153846 , 0.102564 , -1.737172
0.153846 , 0.128205 , -1.734500
0.153846 , 0.153846 , -1.732055
0.153846 , 0.179487 , -1.730788
0.153846 , 0.205128 , -1.731721
0.153846 , 0.230769 , -1.734001
0.153846 , 0.256410 , -1.737773
0.153846 , 0.282051 , -1.743188
0.153846 , 0.307692 , -1.750562
0.153846 , 0.333333 , -1.758927
0.153846 , 0.358974 , -1.767665
0.153846 , 0.384615 , -1.777302
0.153846 , 0.410256 , -1.788205
0.153846 , 0.435897 , -1.800393
0.153846 , 0.461538 , -1.813422
0.153846 , 0.487179 , -1.825966
0.153846 , 0.512821 , -1.837245
0.153846 , 0.538462 , -1.848622
0.153846 , 0.564103 , -1.859375
0.153846 , 0.589744 , -1.869465
0.153846 , 0.615385 , -1.878782
0.153846 , 0.641026 , -1.887172
0.153846 , 0.666667 , -1.895176
0.153846 , 0.692308 , -1.901891
0.153846 , 0.717949 , -1.906827
0.153846 , 0.743590 , -1.911140
0.153846 , 0.769231 , -1.914539
0.153846 , 0.794872 , -1.916593
0.153846 , 0.820513 , -1.918380
0.153846 , 0.846154 , -1.919558
0.153846 , 0.871795 , -1.920674
0.153846 , 0.897436 , -1.920884
0.153846 , 0.923077 , -1.920272
0.153846 , 0.948718 , -1.919067
0.153846 , 0.974359 , -1.917728
0.153846 , 1.000000 , -1.917522
0.179487 , 0.000000 , -1.762538
0.179487 , 0.025641 , -1.761745
0.179487 , 0.051282 , -1.760270
0.179487 , 0.076923 , -1.757502
0.179487 , 0.102564 , -1.752801
0.179487 , 0.128205 , -1.749586
0.179487 , 0.153846 , -1.747208
0.179487 , 0.179487 , -1.745771
0.179487 , 0.205128 , -1.746581
0.179487 , 0.230769 , -1.748761
0.179487 , 0.256410 , -1.752187
0.179487 , 0.282051 , -1.757425
0.179487 , 0.307692 , -1.764912
0.179487 , 0.333333 , -1.773961
0.179487 , 0.358974 , -1.783382
0.179487 , 0.384615 , -1.793665
0.179487 , 0.410256 , -1.806163
0.179487 , 0.435897 , -1.819347
0.179487 , 0.461538 , -1.832832
0.179487 , 0.487179 , -1.846871
0.179487 , 0.512821 , -1.859711
0.179487 , 0.538462 , -1.872142
0.179487 , 0.564103 , -1.884270
0.179487 , 0.589744 , -1.894793
0.179487 , 0.615385 , -1.905319
0.179487 , 0.641026 , -1.914932
0.179487 , 0.666667 , -1.923327
0.179487 , 0.692308 , -1.931472
0.179487 , 0.717949 , -1.937669
0.179487 , 0.743590 , -1.942159
0.179487 , 0.769231 , -1.946140
0.179487 , 0.794872 , -1.949358
0.179487 , 0.820513 , -1.952026
0.179487 , 0.846154 , -1.953233
0.179487 , 0.871795 , -1.953741
0.179487 , 0.897436 , -1.953422
0.179487 , 0.923077 , -1.951757
0.179487 , 0.948718 , -1.950470
0.179487 , 0.974359 , -1.949199
0.179487 , 1.000000 , -1.949508
0.205128 , 0.000000 , -1.771280
0.205128 , 0.025641 , -1.771069
0.205128 , 0.051282 , -1.768826
0.205128 , 0.076923 , -1.766056
0.205128 , 0.102564 , -1.762093
0.205128 , 0.128205 , -1.758379
0.205128 , 0.153846 , -1.756130
0.205128 , 0.179487 , -1.755457
0.205128 , 0.205128 , -1.755675
0.205128 , 0.230769 , -1.757314
0.205128 , 0.256410 , -1.760413
0.205128 , 0.282051 , -1.765572
0.205128 , 0.307692 , -1.773218
0.205128 , 0.333333 , -1.782696
0.205128 , 0.358974 , -1.792604
0.205128 , 0.384615 , -1.803949
0.205128 , 0.410256 , -1.817415
0.205128 , 0.435897 , -1.830514
0.205128 , 0.461538 , -1.844259
0.205128 , 0.487179 , -1.858987
0.205128 , 0.512821 , -1.872612
0.205128 , 0.538462 , -1.885724
0.205128 , 0.564103 , -1.899222
0.205128 , 0.589744 , -1.911395
0.205128 , 0.615385 , -1.922801
0.205128 , 0.641026 , -1.933006
0.205128 , 0.666667 , -1.941774
0.205128 , 0.692308 , -1.949693
0.205128 , 0.717949 , -1.957246
0.205128 , 0.743590 , -1.962850
0.205128 , 0.769231 , -1.967530
0.205128 , 0.794872 , -1.971842
0.205128 , 0.820513 , -1.975365
0.205128 , 0.846154 , -1.977088
0.205128 , 0.871795 , -1.977094
0.205128 , 0.897436 , -1.975989
0.205128 , 0.923077 , -1.973403
0.205128 , 0.948718 , -1.971903
0.205128 , 0.974359 , -1.970942
0.205128 , 1.000000 , -1.971140
0.230769 , 0.000000 , -1.774625
0.230769 , 0.025641 , -1.774302
0.230769 , 0.051282 , -1.772258
0.230769 , 0.076923 , -1.769174
0.230769 , 0.102564 , -1.765273
0.230769 , 0.128205 , -1.761931
0.230769 , 0.153846 , -1.759634
0.230769 , 0.179487 , -1.758765
0.230769 , 0.205128 , -1.759308
0.230769 , 0.230769 , -1.761238
0.230769 , 0.256410 , -1.765340
0.230769 , 0.282051 , -1.770812
0.230769 , 0.307692 , -1.778269
0.230769 , 0.333333 , -1.786997
0.230769 , 0.358974 , -1.796626
0.230769 , 0.384615 , -1.807741
0.230769 , 0.410256 , -1.821463
0.230769 , 0.435897 , -1.835668
0.230769 , 0.461538 , -1.849071
0.230769 , 0.487179 , -1.863531
0.230769 , 0.512821 , -1.878099
0.230769 , 0.538462 , -1.891601
0.230769 , 0.564103 , -1.906059
0.230769 , 0.589744 , -1.919508
0.230769 , 0.615385 , -1.931857
0.230769 , 0.641026 , -1.942572
0.230769 , 0.666667 , -1.951671
0.230769 , 0.692308 , -1.959775
0.230769 , 0.717949 , -1.967816
0.230769 , 0.743590 , -1.974060
0.230769 , 0.769231 , -1.979622
0.230769 , 0.794872 , -1.984302
0.230769 , 0.820513 , -1.987711
0.230769 , 0.846154 , -1.989630
0.230769 , 0.871795 , -1.990255
0.230769 , 0.897436 , -1.989595
0.230769 , 0.923077 , -1.987078
0.230769 , 0.948718 , -1.985257
0.230769 , 0.974359 , -1.984884
0.230769 , 1.000000 , -1.984669
0.256410 , 0.000000 , -1.774302
0.256410 , 0.025641 , -1.773375
0.256410 , 0.051282 , -1.771547
0.256410 , 0.076923 , -1.768486
0.256410 , 0.102564 , -1.765270
0.256410 , 0.128205 , -1.761859
0.256410 , 0.153846 , -1.759298
0.256410 , 0.179487 , -1.758022
0.256410 , 0.205128 , -1.758777
0.256410 , 0.230769 , -1.761788
0.256410 , 0.256410 , -1.766389
0.256410 , 0.282051 , -1.772197
0.256410 , 0.307692 , -1.779341
0.256410 , 0.333333 , -1.787923
0.256410 , 0.358974 , -1.797363
0.256410 , 0.384615 , -1.808004
0.256410 , 0.410256 , -1.820759
0.256410 , 0.435897 , -1.834802
0.256410 , 0.461538 , -1.848435
0.256410 , 0.487179 , -1.862241
0.256410 , 0.512821 , -1.876935
0.256410 , 0.538462 , -1.890342
0.256410 , 0.564103 , -1.904638
0.256410 , 0.589744 , -1.918519
0.256410 , 0.615385 , -1.931250
0.256410 , 0.641026 , -1.942318
0.256410 , 0.666667 , -1.952563
0.256410 , 0.692308 , -1.962064
0.256410 , 0.717949 , -1.970607
0.256410 , 0.743590 , -1.977879
0.256410 , 0.769231 , -1.982869
0.256410 , 0.794872 , -1.987373
0.256410 , 0.820513 , -1.990984
0.256410 , 0.846154 , -1.993670
0.256410 , 0.871795 , -1.994979
0.256410 , 0.897436 , -1.994770
0.256410 , 0.923077 , -1.993121
0.256410 , 0.948718 , -1.991345
0.256410 , 0.974359 , -1.990614
0.256410 , 1.000000 , -1.991073
0.282051 , 0.000000 , -1.770141
0.282051 , 0.025641 , -1.769428
0.282051 , 0.051282 , -1.767144
0.282051 , 0.076923 , -1.764002
0.282051 , 0.102564 , -1.761475
0.282051 , 0.128205 , -1.758342
0.282051 , 0.153846 , -1.756161
0.282051 , 0.179487 , -1.754871
0.282051 , 0.205128 , -1.755341
0.282051 , 0.230769 , -1.758184
0.282051 , 0.256410 , -1.763192
0.282051 , 0.282051 , -1.769169
0.282051 , 0.307692 , -1.776288
0.282051 , 0.333333 , -1.784346
0.282051 , 0.358974 , -1.793398
0.282051 , 0.384615 , -1.804337
0.282051 , 0.410256 , -1.816925
0.282051 , 0.435897 , -1.829201
0.282051 , 0.461538 , -1.842029
0.282051 , 0.487179 , -1.855544
0.282051 , 0.512821 , -1.870064
0.282051 , 0.538462 , -1.883766
0.282051 , 0.564103 , -1.897699
0.282051 , 0.589744 , -1.911071
0.282051 , 0.615385 , -1.924062
0.282051 , 0.641026 , -1.935257
0.282051 , 0.666667 , -1.945354
0.282051 , 0.692308 , -1.955567
0.282051 , 0.717949 , -1.964765
0.282051 , 0.743590 , -1.972115
0.282051 , 0.769231 , -1.978181
0.282051 , 0.794872 , -1.982098
0.282051 , 0.820513 , -1.986044
0.282051 , 0.846154 , -1.988691
0.282051 , 0.871795 , -1.990568
0.282051 , 0.897436 , -1.991057
0.282051 , 0.923077 , -1.990134
0.282051 , 0.948718 , -1.989196
0.282051 , 0.974359 , -1.988230
0.282051 , 1.000000 , -1.988489
0.307692 , 0.000000 , -1.761755
0.307692 , 0.025641 , -1.761639
0.307692 , 0.051282 , -1.759795
0.307692 , 0.076923 , -1.757042
0.307692 , 0.102564 , -1.754852
0.307692 , 0.128205 , -1.752002
0.307692 , 0.153846 , -1.750011
0.307692 , 0.179487 , -1.749208
0.307692 , 0.205128 , -1.749718
0.307692 , 0.230769 , -1.752296
0.307692 , 0.256410 , -1.756609
0.307692 , 0.282051 , -1.763057
0.307692 , 0.307692 , -1.770347
0.307692 , 0.333333 , -1.778048
0.307692 , 0.358974 , -1.786784
0.307692 , 0.384615 , -1.797118
0.307692 , 0.410256 , -1.808547
0.307692 , 0.435897 , -1.819523
0.307692 , 0.461538 , -1.831037
0.307692 , 0.487179 , -1.844148
0.307692 , 0.512821 , -1.857889
0.307692 , 0.538462 , -1.871708
0.307692 , 0.564103 , -1.885071
0.307692 , 0.589744 , -1.897843
0.307692 , 0.615385 , -1.909720
0.307692 , 0.641026 , -1.920892
0.307692 , 0.666667 , -1.931331
0.307692 , 0.692308 , -1.941614
0.307692 , 0.717949 , -1.950695
0.307692 , 0.743590 , -1.958058
0.307692 , 0.769231 , -1.964937
0.307692 , 0.794872 , -1.969689
0.307692 , 0.820513 , -1.974215
0.307692 , 0.846154 , -1.977125
0.307692 , 0.871795 , -1.978755
0.307692 , 0.897436 , -1.979824
0.307692 , 0.923077 , -1.979571
0.307692 , 0.948718 , -1.978807
0.307692 , 0.974359 , -1.977954
0.307692 , 1.000000 , -1.978546
0.333333 , 0.000000 , -1.750868
0.333333 , 0.025641 , -1.750980
0.333333 , 0.051282 , -1.749649
0.333333 , 0.076923 , -1.747939
0.333333 , 0.102564 , -1.746341
0.333333 , 0.128205 , -1.743743
0.333333 , 0.153846 , -1.742095
0.333333 , 0.179487 , -1.741484
0.333333 , 0.205128 , -1.742532
0.333333 , 0.230769 , -1.745000
0.333333 , 0.256410 , -1.749132
0.333333 , 0.282051 , -1.754713
0.333333 , 0.307692 , -1.762029
0.333333 , 0.333333 , -1.769258
0.333333 , 0.358974 , -1.777347
0.333333 , 0.384615 , -1.786757
0.333333 , 0.410256 , -1.796322
0.333333 , 0.435897 , -1.805781
0.333333 , 0.461538 , -1.816542
0.333333 , 0.487179 , -1.828647
0.333333 , 0.512821 , -1.841439
0.333333 , 0.538462 , -1.854301
0.333333 , 0.564103 , -1.866874
0.333333 , 0.589744 , -1.878999
0.333333 , 0.615385 , -1.890624
0.333333 , 0.641026 , -1.901420
0.333333 , 0.666667 , -1.911965
0.333333 , 0.692308 , -1.921449
0.333333 , 0.717949 , -1.930279
0.333333 , 0.743590 , -1.937815
0.333333 , 0.769231 , -1.945089
0.333333 , 0.794872 , -1.950969
0.333333 , 0.820513 , -1.954787
0.333333 , 0.846154 , -1.958111
0.333333 , 0.871795 , -1.960507
0.333333 , 0.897436 , -1.961772
0.333333 , 0.923077 , -1.962148
0.333333 , 0.948718 , -1.962030
0.333333 , 0.974359 , -1.961040
0.333333 , 1.000000 , -1.960892
0.358974 , 0.000000 , -1.738777
0.358974 , 0.025641 , -1.738773
0.358974 , 0.051282 , -1.738112
0.358974 , 0.076923 , -1.736948
0.358974 , 0.102564 , -1.735982
0.358974 , 0.128205 , -1.734302
0.358974 , 0.153846 , -1.732922
0.358974 , 0.179487 , -1.732596
0.358974 , 0.205128 , -1.733870
0.358974 , 0.230769 , -1.736429
0.358974 , 0.256410 , -1.740619
0.358974 , 0.282051 , -1.746021
0.358974 , 0.307692 , -1.751620
0.358974 , 0.333333 , -1.757915
0.358974 , 0.358974 , -1.764714
0.358974 , 0.384615 , -1.772816
0.358974 , 0.410256 , -1.780591
0.358974 , 0.435897 , -1.788877
0.358974 , 0.461538 , -1.798901
0.358974 , 0.487179 , -1.809680
0.358974 , 0.512821 , -1.820875
0.358974 , 0.538462 , -1.832547
0.358974 , 0.564103 , -1.843916
0.358974 , 0.589744 , -1.854754
0.358974 , 0.615385 , -1.866179
0.358974 , 0.641026 , -1.876508
0.358974 , 0.666667 , -1.886792
0.358974 , 0.692308 , -1.895969
0.358974 , 0.717949 , -1.904277
0.358974 , 0.743590 , -1.912469
0.358974 , 0.769231 , -1.919315
0.358974 , 0.794872 , -1.925048
0.358974 , 0.820513 , -1.929798
0.358974 , 0.846154 , -1.933349
0.358974 , 0.871795 , -1.935912
0.358974 , 0.897436 , -1.937548
0.358974 , 0.923077 , -1.938495
0.358974 , 0.948718 , -1.938537
0.358974 , 0.974359 , -1.938301
0.358974 , 1.000000 , -1.937923
0.384615 , 0.000000 , -1.724960
0.384615 , 0.025641 , -1.724975
0.384615 , 0.051282 , -1.724994
0.384615 , 0.076923 , -1.724607
0.384615 , 0.102564 , -1.723891
0.384615 , 0.128205 , -1.723248
0.384615 , 0.153846 , -1.722859
0.384615 , 0.179487 , -1.723032
0.384615 , 0.205128 , -1.724317
0.384615 , 0.230769 , -1.726955
0.384615 , 0.256410 , -1.730169
0.384615 , 0.282051 , -1.735159
0.384615 , 0.307692 , -1.739686
0.384615 , 0.333333 , -1.744851
0.384615 , 0.358974 , -1.750865
0.384615 , 0.384615 , -1.757270
0.384615 , 0.410256 , -1.763791
0.384615 , 0.435897 , -1.770854
0.384615 , 0.461538 , -1.779116
0.384615 , 0.487179 , -1.787860
0.384615 , 0.512821 , -1.797610
0.384615 , 0.538462 , -1.807518
0.384615 , 0.564103 , -1.817344
0.384615 , 0.589744 , -1.826388
0.384615 , 0.615385 , -1.836610
0.384615 , 0.641026 , -1.846372
0.384615 , 0.666667 , -1.855922
0.384615 , 0.692308 , -1.865293
0.384615 , 0.717949 , -1.873745
0.384615 , 0.743590 , -1.881529
0.384615 , 0.769231 , -1.888242
0.384615 , 0.794872 , -1.893922
0.384615 , 0.820513 , -1.899155
0.384615 , 0.846154 , -1.903170
0.384615 , 0.871795 , -1.905940
0.384615 , 0.897436 , -1.907167
0.384615 , 0.923077 , -1.909006
0.384615 , 0.948718 , -1.909732
0.384615 , 0.974359 , -1.910031
0.384615 , 1.000000 , -1.909848
0.410256 , 0.000000 , -1.710310
0.410256 , 0.025641 , -1.710579
0.410256 , 0.051282 , -1.711353
0.410256 , 0.076923 , -1.711021
0.410256 , 0.102564 , -1.710500
0.410256 , 0.128205 , -1.710350
0.410256 , 0.153846 , -1.710722
0.410256 , 0.179487 , -1.711641
0.410256 , 0.205128 , -1.713542
0.410256 , 0.230769 , -1.716182
0.410256 , 0.256410 , -1.719039
0.410256 , 0.282051 , -1.722168
0.410256 , 0.307692 , -1.725646
0.410256 , 0.333333 , -1.729722
0.410256 , 0.358974 , -1.734878
0.410256 , 0.384615 , -1.740413
0.410256 , 0.410256 , -1.746036
0.410256 , 0.435897 , -1.751927
0.410256 , 0.461538 , -1.757713
0.410256 , 0.487179 , -1.764603
0.410256 , 0.512821 , -1.772589
0.410256 , 0.538462 , -1.780695
0.410256 , 0.564103 , -1.788861
0.410256 , 0.589744 , -1.796438
0.410256 , 0.615385 , -1.805239
0.410256 , 0.641026 , -1.813388
0.410256 , 0.666667 , -1.821845
0.410256 , 0.692308 , -1.830228
0.410256 , 0.717949 , -1.837497
0.410256 , 0.743590 , -1.844782
0.410256 , 0.769231 , -1.851736
0.410256 , 0.794872 , -1.857640
0.410256 , 0.820513 , -1.862821
0.410256 , 0.846154 , -1.866843
0.410256 , 0.871795 , -1.870284
0.410256 , 0.897436 , -1.872221
0.410256 , 0.923077 , -1.874565
0.410256 , 0.948718 , -1.876094
0.410256 , 0.974359 , -1.876393
0.410256 , 1.000000 , -1.876293
0.435897 , 0.000000 , -1.694400
0.435897 , 0.025641 , -1.694272
0.435897 , 0.051282 , -1.695111
0.435897 , 0.076923 , -1.695706
0.435897 , 0.102564 , -1.696307
0.435897 , 0.128205 , -1.696558
0.435897 , 0.153846 , -1.697252
0.435897 , 0.179487 , -1.698340
0.435897 , 0.205128 , -1.700627
0.435897 , 0.230769 , -1.702924
0.435897 , 0.256410 , -1.705676
0.435897 , 0.282051 , -1.708069
0.435897 , 0.307692 , -1.710736
0.435897 , 0.333333 , -1.713647
0.435897 , 0.358974 , -1.717030
0.435897 , 0.384615 , -1.721106
0.435897 , 0.410256 , -1.725603
0.435897 , 0.435897 , -1.730023
0.435897 , 0.461538 , -1.734425
0.435897 , 0.487179 , -1.739775
0.435897 , 0.512821 , -1.745638
0.435897 , 0.538462 , -1.751834
0.435897 , 0.564103 , -1.758435
0.435897 , 0.589744 , -1.764879
0.435897 , 0.615385 , -1.771457
0.435897 , 0.641026 , -1.777952
0.435897 , 0.666667 , -1.784872
0.435897 , 0.692308 , -1.791487
0.435897 , 0.717949 , -1.797791
0.435897 , 0.743590 , -1.804294
0.435897 , 0.769231 , -1.811467
0.435897 , 0.794872 , -1.817510
0.435897 , 0.820513 , -1.822075
0.435897 , 0.846154 , -1.825555
0.435897 , 0.871795 , -1.829374
0.435897 , 0.897436 , -1.832670
0.435897 , 0.923077 , -1.835563
0.435897 , 0.948718 , -1.837672
0.435897 , 0.974359 , -1.838106
0.435897 , 1.000000 , -1.838152
0.461538 , 0.000000 , -1.677262
0.461538 , 0.025641 , -1.677168
0.461538 , 0.051282 , -1.677778
0.461538 , 0.076923 , -1.678402
0.461538 , 0.102564 , -1.679865
0.461538 , 0.128205 , -1.681187
0.461538 , 0.153846 , -1.682877
0.461538 , 0.179487 , -1.684846
0.461538 , 0.205128 , -1.687052
0.461538 , 0.230769 , -1.689341
0.461538 , 0.256410 , -1.690912
0.461538 , 0.282051 , -1.692821
0.461538 , 0.307692 , -1.694678
0.461538 , 0.333333 , -1.696880
0.461538 , 0.358974 , -1.698744
0.461538 , 0.384615 , -1.700870
0.461538 , 0.410256 , -1.704161
0.461538 , 0.435897 , -1.707282
0.461538 , 0.461538 , -1.710121
0.461538 , 0.487179 , -1.713789
0.461538 , 0.512821 , -1.717975
0.461538 , 0.538462 , -1.721731
0.461538 , 0.564103 , -1.726358
0.461538 , 0.589744 , -1.730664
0.461538 , 0.615385 , -1.735362
0.461538 , 0.641026 , -1.740535
0.461538 , 0.666667 , -1.745591
0.461538 , 0.692308 , -1.750643
0.461538 , 0.717949 , -1.756041
0.461538 , 0.743590 , -1.762631
0.461538 , 0.769231 , -1.768529
0.461538 , 0.794872 , -1.773748
0.461538 , 0.820513 , -1.778370
0.461538 , 0.846154 , -1.782222
0.461538 , 0.871795 , -1.786136
0.461538 , 0.897436 , -1.789398
0.461538 , 0.923077 , -1.792546
0.461538 , 0.948718 , -1.795109
0.461538 , 0.974359 , -1.795804
0.461538 , 1.000000 , -1.796001
0.487179 , 0.000000 , -1.659328
0.487179 , 0.025641 , -1.659507
0.487179 , 0.051282 , -1.660721
0.487179 , 0.076923 , -1.661920
0.487179 , 0.102564 , -1.663403
0.487179 , 0.128205 , -1.665138
0.487179 , 0.153846 , -1.668012
0.487179 , 0.179487 , -1.670700
0.487179 , 0.205128 , -1.672625
0.487179 , 0.230769 , -1.674621
0.487179 , 0.256410 , -1.675997
0.487179 , 0.282051 , -1.677749
0.487179 , 0.307692 , -1.678828
0.487179 , 0.333333 , -1.679853
0.487179 , 0.358974 , -1.680563
0.487179 , 0.384615 , -1.680790
0.487179 , 0.410256 , -1.682235
0.487179 , 0.435897 , -1.683911
0.487179 , 0.461538 , -1.685128
0.487179 , 0.487179 , -1.686307
0.487179 , 0.512821 , -1.688695
0.487179 , 0.538462 , -1.690537
0.487179 , 0.564103 , -1.692851
0.487179 , 0.589744 , -1.695990
0.487179 , 0.615385 , -1.698295
0.487179 , 0.641026 , -1.701785
0.487179 , 0.666667 , -1.705468
0.487179 , 0.692308 , -1.709071
0.487179 , 0.717949 , -1.713459
0.487179 , 0.743590 , -1.718848
0.487179 , 0.769231 , -1.723798
0.487179 , 0.794872 , -1.728521
0.487179 , 0.820513 , -1.732356
0.487179 , 0.846154 , -1.735965
0.487179 , 0.871795 , -1.739924
0.487179 , 0.897436 , -1.743348
0.487179 , 0.923077 , -1.745969
0.487179 , 0.948718 , -1.748983
0.487179 , 0.974359 , -1.749956
0.487179 , 1.000000 , -1.750247
0.512821 , 0.000000 , -1.640873
0.512821 , 0.025641 , -1.641493
0.512821 , 0.051282 , -1.643473
0.512821 , 0.076923 , -1.645556
0.512821 , 0.102564 , -1.647221
0.512821 , 0.128205 , -1.649074
0.512821 , 0.153846 , -1.652174
0.512821 , 0.179487 , -1.655013
0.512821 , 0.205128 , -1.657131
0.512821 , 0.230769 , -1.659303
0.512821 , 0.256410 , -1.661181
0.512821 , 0.282051 , -1.661931
0.512821 , 0.307692 , -1.662618
0.512821 , 0.333333 , -1.662409
0.512821 , 0.358974 , -1.661744
0.512821 , 0.384615 , -1.661197
0.512821 , 0.410256 , -1.660672
0.512821 , 0.435897 , -1.660247
0.512821 , 0.461538 , -1.659929
0.512821 , 0.487179 , -1.659066
0.512821 , 0.512821 , -1.658667
0.512821 , 0.538462 , -1.658457
0.512821 , 0.564103 , -1.658549
0.512821 , 0.589744 , -1.659958
0.512821 , 0.615385 , -1.661137
0.512821 , 0.641026 , -1.662656
0.512821 , 0.666667 , -1.664987
0.512821 , 0.692308 , -1.667673
0.512821 , 0.717949 , -1.670938
0.512821 , 0.743590 , -1.674328
0.512821 , 0.769231 , -1.677784
0.512821 , 0.794872 , -1.681725
0.512821 , 0.820513 , -1.685422
0.512821 , 0.846154 , -1.688162
0.512821 , 0.871795 , -1.691979
0.512821 , 0.897436 , -1.695420
0.512821 , 0.923077 , -1.698320
0.512821 , 0.948718 , -1.700909
0.512821 , 0.974359 , -1.702245
0.512821 , 1.000000 , -1.702559
0.538462 , 0.000000 , -1.621937
0.538462 , 0.025641 , -1.623061
0.538462 , 0.051282 , -1.625425
0.538462 , 0.076923 , -1.628805
0.538462 , 0.102564 , -1.630987
0.538462 , 0.128205 , -1.633818
0.538462 , 0.153846 , -1.636375
0.538462 , 0.179487 , -1.639029
0.538462 , 0.205128 , -1.641543
0.538462 , 0.230769 , -1.643315
0.538462 , 0.256410 , -1.644611
0.538462 , 0.282051 , -1.644491
0.538462 , 0.307692 , -1.644450
0.538462 , 0.333333 , -1.643765
0.538462 , 0.358974 , -1.642393
0.538462 , 0.384615 , -1.640630
0.538462 , 0.410256 , -1.638808
0.538462 , 0.435897 , -1.636544
0.538462 , 0.461538 , -1.634523
0.538462 , 0.487179 , -1.631794
0.538462 , 0.512821 , -1.629354
0.538462 , 0.538462 , -1.627044
0.538462 , 0.564103 , -1.625088
0.538462 , 0.589744 , -1.623970
0.538462 , 0.615385 , -1.623254
0.538462 , 0.641026 , -1.623104
0.538462 , 0.666667 , -1.624119
0.538462 , 0.692308 , -1.625437
0.538462 , 0.717949 , -1.627087
0.538462 , 0.743590 , -1.628763
0.538462 , 0.769231 , -1.630888
0.538462 , 0.794872 , -1.634333
0.538462 , 0.820513 , -1.637259
0.538462 , 0.846154 , -1.639831
0.538462 , 0.871795 , -1.642843
0.538462 , 0.897436 , -1.646275
0.538462 , 0.923077 , -1.649260
0.538462 , 0.948718 , -1.651077
0.538462 , 0.974359 , -1.652995
0.538462 , 1.000000 , -1.653063
0.564103 , 0.000000 , -1.603866
0.564103 , 0.025641 , -1.604445
0.564103 , 0.051282 , -1.607320
0.564103 , 0.076923 , -1.611019
0.564103 , 0.102564 , -1.614255
0.564103 , 0.128205 , -1.617277
0.564103 , 0.153846 , -1.620138
0.564103 , 0.179487 , -1.622529
0.564103 , 0.205128 , -1.624845
0.564103 , 0.230769 , -1.626034
0.564103 , 0.256410 , -1.626342
0.564103 , 0.282051 , -1.626025
0.564103 , 0.307692 , -1.625633
0.564103 , 0.333333 , -1.624058
0.564103 , 0.358974 , -1.621724
0.564103 , 0.384615 , -1.618853
0.564103 , 0.410256 , -1.615823
0.564103 , 0.435897 , -1.612426
0.564103 , 0.461538 , -1.608675
0.564103 , 0.487179 , -1.604272
0.564103 , 0.512821 , -1.599524
0.564103 , 0.538462 , -1.595318
0.564103 , 0.564103 , -1.591303
0.564103 , 0.589744 , -1.588179
0.564103 , 0.615385 , -1.585500
0.564103 , 0.641026 , -1.583894
0.564103 , 0.666667 , -1.583306
0.564103 , 0.692308 , -1.582396
0.564103 , 0.717949 , -1.582240
0.564103 , 0.743590 , -1.582747
0.564103 , 0.769231 , -1.583781
0.564103 , 0.794872 , -1.586358
0.564103 , 0.820513 , -1.588919
0.564103 , 0.846154 , -1.591409
0.564103 , 0.871795 , -1.593521
0.564103 , 0.897436 , -1.596641
0.564103 , 0.923077 , -1.599305
0.564103 , 0.948718 , -1.601514
0.564103 , 0.974359 , -1.603196
0.564103 , 1.000000 , -1.602972
0.589744 , 0.000000 , -1.585510
0.589744 , 0.025641 , -1.586326
0.589744 , 0.051282 , -1.589333
0.589744 , 0.076923 , -1.592657
0.589744 , 0.102564 , -1.596531
0.589744 , 0.128205 , -1.599737
0.589744 , 0.153846 , -1.602922
0.589744 , 0.179487 , -1.605235
0.589744 , 0.205128 , -1.607084
0.589744 , 0.230769 , -1.607807
0.589744 , 0.256410 , -1.607424
0.589744 , 0.282051 , -1.607174
0.589744 , 0.307692 , -1.605662
0.589744 , 0.333333 , -1.603366
0.589744 , 0.358974 , -1.600308
0.589744 , 0.384615 , -1.596921
0.589744 , 0.410256 , -1.592861
0.589744 , 0.435897 , -1.588072
0.589744 , 0.461538 , -1.582438
0.589744 , 0.487179 , -1.576593
0.589744 , 0.512821 , -1.570332
0.589744 , 0.538462 , -1.564081
0.589744 , 0.564103 , -1.557971
0.589744 , 0.589744 , -1.552275
0.589744 , 0.615385 , -1.547994
0.589744 , 0.641026 , -1.544543
0.589744 , 0.666667 , -1.542271
0.589744 , 0.692308 , -1.539448
0.589744 , 0.717949 , -1.537159
0.589744 , 0.743590 , -1.537186
0.589744 , 0.769231 , -1.537488
0.589744 , 0.794872 , -1.538121
0.589744 , 0.820513 , -1.539335
0.589744 , 0.846154 , -1.541731
0.589744 , 0.871795 , -1.544058
0.589744 , 0.897436 , -1.547529
0.589744 , 0.923077 , -1.549783
0.589744 , 0.948718 , -1.551633
0.589744 , 0.974359 , -1.553296
0.589744 , 1.000000 , -1.553275
0.615385 , 0.000000 , -1.566920
0.615385 , 0.025641 , -1.568016
0.615385 , 0.051282 , -1.571207
0.615385 , 0.076923 , -1.574112
0.615385 , 0.102564 , -1.578000
0.615385 , 0.128205 , -1.580866
0.615385 , 0.153846 , -1.584338
0.615385 , 0.179487 , -1.586960
0.615385 , 0.205128 , -1.588829
0.615385 , 0.230769 , -1.589619
0.615385 , 0.256410 , -1.588608
0.615385 , 0.282051 , -1.587784
0.615385 , 0.307692 , -1.585760
0.615385 , 0.333333 , -1.582332
0.615385 , 0.358974 , -1.578823
0.615385 , 0.384615 , -1.574779
0.615385 , 0.410256 , -1.569835
0.615385 , 0.435897 , -1.564079
0.615385 , 0.461538 , -1.556747
0.615385 , 0.487179 , -1.549449
0.615385 , 0.512821 , -1.542045
0.615385 , 0.538462 , -1.534071
0.615385 , 0.564103 , -1.526237
0.615385 , 0.589744 , -1.518470
0.615385 , 0.615385 , -1.512049
0.615385 , 0.641026 , -1.506180
0.615385 , 0.666667 , -1.501805
0.615385 , 0.692308 , -1.497402
0.615385 , 0.717949 , -1.493373
0.615385 , 0.743590 , -1.492256
0.615385 , 0.769231 , -1.491625
0.615385 , 0.794872 , -1.491098
0.615385 , 0.820513 , -1.490870
0.615385 , 0.846154 , -1.492672
0.615385 , 0.871795 , -1.495288
0.615385 , 0.897436 , -1.498406
0.615385 , 0.923077 , -1.500635
0.615385 , 0.948718 , -1.501615
0.615385 , 0.974359 , -1.502654
0.615385 , 1.000000 , -1.502959
0.641026 , 0.000000 , -1.548783
0.641026 , 0.025641 , -1.549814
0.641026 , 0.051282 , -1.552337
0.641026 , 0.076923 , -1.555237
0.641026 , 0.102564 , -1.559150
0.641026 , 0.128205 , -1.562287
0.641026 , 0.153846 , -1.565626
0.641026 , 0.179487 , -1.567839
0.641026 , 0.205128 , -1.569524
0.641026 , 0.230769 , -1.570931
0.641026 , 0.256410 , -1.570606
0.641026 , 0.282051 , -1.569044
0.641026 , 0.307692 , -1.566140
0.641026 , 0.333333 , -1.561925
0.641026 , 0.358974 , -1.557562
0.641026 , 0.384615 , -1.552375
0.641026 , 0.410256 , -1.545858
0.641026 , 0.435897 , -1.539447
0.641026 , 0.461538 , -1.531312
0.641026 , 0.487179 , -1.523351
0.641026 , 0.512821 , -1.514466
0.641026 , 0.538462 , -1.505079
0.641026 , 0.564103 , -1.495715
0.641026 , 0.589744 , -1.486357
0.641026 , 0.615385 , -1.477946
0.641026 , 0.641026 , -1.470081
0.641026 , 0.666667 , -1.463336
0.641026 , 0.692308 , -1.457587
0.641026 , 0.717949 , -1.452206
0.641026 , 0.743590 , -1.448705
0.641026 , 0.769231 , -1.447213
0.641026 , 0.794872 , -1.446073
0.641026 , 0.820513 , -1.445466
0.641026 , 0.846154 , -1.446173
0.641026 , 0.871795 , -1.447788
0.641026 , 0.897436 , -1.450243
0.641026 , 0.923077 , -1.452191
0.641026 , 0.948718 , -1.453132
0.641026 , 0.974359 , -1.452976
0.641026 , 1.000000 , -1.453203
0.666667 , 0.000000 , -1.532074
0.666667 , 0.025641 , -1.532846
0.666667 , 0.051282 , -1.534375
0.666667 , 0.076923 , -1.536770
0.666667 , 0.102564 , -1.540260
0.666667 , 0.128205 , -1.543827
0.666667 , 0.153846 , -1.547169
0.666667 , 0.179487 , -1.549369
0.666667 , 0.205128 , -1.550835
0.666667 , 0.230769 , -1.551773
0.666667 , 0.256410 , -1.551230
0.666667 , 0.282051 , -1.549816
0.666667 , 0.307692 , -1.546748
0.666667 , 0.333333 , -1.542394
0.666667 , 0.358974 , -1.537164
0.666667 , 0.384615 , -1.530593
0.666667 , 0.410256 , -1.523752
0.666667 , 0.435897 , -1.515917
0.666667 , 0.461538 , -1.506919
0.666667 , 0.487179 , -1.497904
0.666667 , 0.512821 , -1.487893
0.666667 , 0.538462 , -1.477422
0.666667 , 0.564103 , -1.466655
0.666667 , 0.589744 , -1.456099
0.666667 , 0.615385 , -1.445923
0.666667 , 0.641026 , -1.436718
0.666667 , 0.666667 , -1.427756
0.666667 , 0.692308 , -1.420419
0.666667 , 0.717949 , -1.414184
0.666667 , 0.743590 , -1.408889
0.666667 , 0.769231 , -1.405113
0.666667 , 0.794872 , -1.402871
0.666667 , 0.820513 , -1.402278
0.666667 , 0.846154 , -1.401887
0.666667 , 0.871795 , -1.402647
0.666667 , 0.897436 , -1.404556
0.666667 , 0.923077 , -1.405663
0.666667 , 0.948718 , -1.406857
0.666667 , 0.974359 , -1.406905
0.666667 , 1.000000 , -1.406686
0.692308 , 0.000000 , -1.514850
0.692308 , 0.025641 , -1.515886
0.692308 , 0.051282 , -1.517185
0.692308 , 0.076923 , -1.519608
0.692308 , 0.102564 , -1.522999
0.692308 , 0.128205 , -1.525855
0.692308 , 0.153846 , -1.529324
0.692308 , 0.179487 , -1.531492
0.692308 , 0.205128 , -1.532421
0.692308 , 0.230769 , -1.533526
0.692308 , 0.256410 , -1.531902
0.692308 , 0.282051 , -1.529895
0.692308 , 0.307692 , -1.527537
0.692308 , 0.333333 , -1.523508
0.692308 , 0.358974 , -1.517698
0.692308 , 0.384615 , -1.510124
0.692308 , 0.410256 , -1.502679
0.692308 , 0.435897 , -1.493930
0.692308 , 0.461538 , -1.484302
0.692308 , 0.487179 , -1.474186
0.692308 , 0.512821 , -1.462588
0.692308 , 0.538462 , -1.450585
0.692308 , 0.564103 , -1.439068
0.692308 , 0.589744 , -1.427954
0.692308 , 0.615385 , -1.416271
0.692308 , 0.641026 , -1.405451
0.692308 , 0.666667 , -1.395361
0.692308 , 0.692308 , -1.386337
0.692308 , 0.717949 , -1.378142
0.692308 , 0.743590 , -1.371400
0.692308 , 0.769231 , -1.366606
0.692308 , 0.794872 , -1.362517
0.692308 , 0.820513 , -1.360828
0.692308 , 0.846154 , -1.359902
0.692308 , 0.871795 , -1.360127
0.692308 , 0.897436 , -1.361845
0.692308 , 0.923077 , -1.362256
0.692308 , 0.948718 , -1.363220
0.692308 , 0.974359 , -1.364183
0.692308 , 1.000000 , -1.363786
0.717949 , 0.000000 , -1.498476
0.717949 , 0.025641 , -1.499099
0.717949 , 0.051282 , -1.500419
0.717949 , 0.076923 , -1.503003
0.717949 , 0.102564 , -1.506465
0.717949 , 0.128205 , -1.509075
0.717949 , 0.153846 , -1.511604
0.717949 , 0.179487 , -1.513430
0.717949 , 0.205128 , -1.513966
0.717949 , 0.230769 , -1.514952
0.717949 , 0.256410 , -1.513446
0.717949 , 0.282051 , -1.509827
0.717949 , 0.307692 , -1.506800
0.717949 , 0.333333 , -1.503940
0.717949 , 0.358974 , -1.499097
0.717949 , 0.384615 , -1.490883
0.717949 , 0.410256 , -1.482063
0.717949 , 0.435897 , -1.473621
0.717949 , 0.461538 , -1.463340
0.717949 , 0.487179 , -1.451771
0.717949 , 0.512821 , -1.438928
0.717949 , 0.538462 , -1.425762
0.717949 , 0.564103 , -1.413192
0.717949 , 0.589744 , -1.401082
0.717949 , 0.615385 , -1.388255
0.717949 , 0.641026 , -1.375480
0.717949 , 0.666667 , -1.363910
0.717949 , 0.692308 , -1.353264
0.717949 , 0.717949 , -1.344712
0.717949 , 0.743590 , -1.337635
0.717949 , 0.769231 , -1.331701
0.717949 , 0.794872 , -1.326037
0.717949 , 0.820513 , -1.323002
0.717949 , 0.846154 , -1.321368
0.717949 , 0.871795 , -1.320982
0.717949 , 0.897436 , -1.320804
0.717949 , 0.923077 , -1.320907
0.717949 , 0.948718 , -1.321754
0.717949 , 0.974359 , -1.323210
0.717949 , 1.000000 , -1.323437
0.743590 , 0.000000 , -1.483080
0.743590 , 0.025641 , -1.483480
0.743590 , 0.051282 , -1.484744
0.743590 , 0.076923 , -1.487094
0.743590 , 0.102564 , -1.489824
0.743590 , 0.128205 , -1.491941
0.743590 , 0.153846 , -1.493690
0.743590 , 0.179487 , -1.495002
0.743590 , 0.205128 , -1.495388
0.743590 , 0.230769 , -1.495082
0.743590 , 0.256410 , -1.493686
0.743590 , 0.282051 , -1.490304
0.743590 , 0.307692 , -1.486917
0.743590 , 0.333333 , -1.484456
0.743590 , 0.358974 , -1.479655
0.743590 , 0.384615 , -1.471370
0.743590 , 0.410256 , -1.461707
0.743590 , 0.435897 , -1.452602
0.743590 , 0.461538 , -1.442277
0.743590 , 0.487179 , -1.430119
0.743590 , 0.512821 , -1.416294
0.743590 , 0.538462 , -1.402725
0.743590 , 0.564103 , -1.389441
0.743590 , 0.589744 , -1.375650
0.743590 , 0.615385 , -1.362101
0.743590 , 0.641026 , -1.348716
0.743590 , 0.666667 , -1.335547
0.743590 , 0.692308 , -1.323096
0.743590 , 0.717949 , -1.312658
0.743590 , 0.743590 , -1.304797
0.743590 , 0.769231 , -1.298169
0.743590 , 0.794872 , -1.291837
0.743590 , 0.820513 , -1.287906
0.743590 , 0.846154 , -1.285306
0.743590 , 0.871795 , -1.284056
0.743590 , 0.897436 , -1.282249
0.743590 , 0.923077 , -1.282140
0.743590 , 0.948718 , -1.282800
0.743590 , 0.974359 , -1.284438
0.743590 , 1.000000 , -1.284958
0.769231 , 0.000000 , -1.468279
0.769231 , 0.025641 , -1.468699
0.769231 , 0.051282 , -1.469862
0.769231 , 0.076923 , -1.471957
0.769231 , 0.102564 , -1.474264
0.769231 , 0.128205 , -1.475956
0.769231 , 0.153846 , -1.476342
0.769231 , 0.179487 , -1.477824
0.769231 , 0.205128 , -1.478751
0.769231 , 0.230769 , -1.477164
0.769231 , 0.256410 , -1.474939
0.769231 , 0.282051 , -1.472551
0.769231 , 0.307692 , -1.468740
0.769231 , 0.333333 , -1.465950
0.769231 , 0.358974 , -1.461000
0.769231 , 0.384615 , -1.452873
0.769231 , 0.410256 , -1.443053
0.769231 , 0.435897 , -1.433230
0.769231 , 0.461538 , -1.422091
0.769231 , 0.487179 , -1.409572
0.769231 , 0.512821 , -1.395116
0.769231 , 0.538462 , -1.381131
0.769231 , 0.564103 , -1.367401
0.769231 , 0.589744 , -1.353081
0.769231 , 0.615385 , -1.338733
0.769231 , 0.641026 , -1.323812
0.769231 , 0.666667 , -1.310319
0.769231 , 0.692308 , -1.297520
0.769231 , 0.717949 , -1.284516
0.769231 , 0.743590 , -1.274766
0.769231 , 0.769231 , -1.267629
0.769231 , 0.794872 , -1.260395
0.769231 , 0.820513 , -1.255123
0.769231 , 0.846154 , -1.251597
0.769231 , 0.871795 , -1.249608
0.769231 , 0.897436 , -1.247132
0.769231 , 0.923077 , -1.246887
0.769231 , 0.948718 , -1.247344
0.769231 , 0.974359 , -1.248638
0.769231 , 1.000000 , -1.249420
0.794872 , 0.000000 , -1.454841
0.794872 , 0.025641 , -1.454592
0.794872 , 0.051282 , -1.455726
0.794872 , 0.076923 , -1.457370
0.794872 , 0.102564 , -1.459309
0.794872 , 0.128205 , -1.461357
0.794872 , 0.153846 , -1.461926
0.794872 , 0.179487 , -1.462353
0.794872 , 0.205128 , -1.462248
0.794872 , 0.230769 , -1.460810
0.794872 , 0.256410 , -1.458424
0.794872 , 0.282051 , -1.456716
0.794872 , 0.307692 , -1.452222
0.794872 , 0.333333 , -1.447771
0.794872 , 0.358974 , -1.442606
0.794872 , 0.384615 , -1.435032
0.794872 , 0.410256 , -1.425539
0.794872 , 0.435897 , -1.414907
0.794872 , 0.461538 , -1.402938
0.794872 , 0.487179 , -1.390603
0.794872 , 0.512821 , -1.376161
0.794872 , 0.538462 , -1.361566
0.794872 , 0.564103 , -1.347110
0.794872 , 0.589744 , -1.332878
0.794872 , 0.615385 , -1.317757
0.794872 , 0.641026 , -1.301490
0.794872 , 0.666667 , -1.286056
0.794872 , 0.692308 , -1.273381
0.794872 , 0.717949 , -1.259594
0.794872 , 0.743590 , -1.248111
0.794872 , 0.769231 , -1.240241
0.794872 , 0.794872 , -1.232614
0.794872 , 0.820513 , -1.226067
0.794872 , 0.846154 , -1.222100
0.794872 , 0.871795 , -1.220109
0.794872 , 0.897436 , -1.217937
0.794872 , 0.923077 , -1.216724
0.794872 , 0.948718 , -1.215868
0.794872 , 0.974359 , -1.215936
0.794872 , 1.000000 , -1.216522
0.820513 , 0.000000 , -1.441923
0.820513 , 0.025641 , -1.441741
0.820513 , 0.051282 , -1.442119
0.820513 , 0.076923 , -1.443890
0.820513 , 0.102564 , -1.445311
0.820513 , 0.128205 , -1.447055
0.820513 , 0.153846 , -1.447028
0.820513 , 0.179487 , -1.447528
0.820513 , 0.205128 , -1.447441
0.820513 , 0.230769 , -1.445462
0.820513 , 0.256410 , -1.443145
0.820513 , 0.282051 , -1.440262
0.820513 , 0.307692 , -1.436294
0.820513 , 0.333333 , -1.431805
0.820513 , 0.358974 , -1.426061
0.820513 , 0.384615 , -1.417198
0.820513 , 0.410256 , -1.407851
0.820513 , 0.435897 , -1.397687
0.820513 , 0.461538 , -1.385672
0.820513 , 0.487179 , -1.373191
0.820513 , 0.512821 , -1.358907
0.820513 , 0.538462 , -1.343935
0.820513 , 0.564103 , -1.328960
0.820513 , 0.589744 , -1.314195
0.820513 , 0.615385 , -1.298958
0.820513 , 0.641026 , -1.282064
0.820513 , 0.666667 , -1.265460
0.820513 , 0.692308 , -1.251883
0.820513 , 0.717949 , -1.238689
0.820513 , 0.743590 , -1.226863
0.820513 , 0.769231 , -1.217432
0.820513 , 0.794872 , -1.208560
0.820513 , 0.820513 , -1.200928
0.820513 , 0.846154 , -1.196242
0.820513 , 0.871795 , -1.194127
0.820513 , 0.897436 , -1.192229
0.820513 , 0.923077 , -1.190165
0.820513 , 0.948718 , -1.188008
0.820513 , 0.974359 , -1.187467
0.820513 , 1.000000 , -1.187185
0.846154 , 0.000000 , -1.429874
0.846154 , 0.025641 , -1.430027
0.846154 , 0.051282 , -1.430218
0.846154 , 0.076923 , -1.431475
0.846154 , 0.102564 , -1.432531
0.846154 , 0.128205 , -1.432923
0.846154 , 0.153846 , -1.431922
0.846154 , 0.179487 , -1.432825
0.846154 , 0.205128 , -1.433433
0.846154 , 0.230769 , -1.432159
0.846154 , 0.256410 , -1.428849
0.846154 , 0.282051 , -1.425976
0.846154 , 0.307692 , -1.422521
0.846154 , 0.333333 , -1.418103
0.846154 , 0.358974 , -1.411756
0.846154 , 0.384615 , -1.401990
0.846154 , 0.410256 , -1.391993
0.846154 , 0.435897 , -1.381801
0.846154 , 0.461538 , -1.370189
0.846154 , 0.487179 , -1.357264
0.846154 , 0.512821 , -1.343136
0.846154 , 0.538462 , -1.328332
0.846154 , 0.564103 , -1.312755
0.846154 , 0.589744 , -1.297195
0.846154 , 0.615385 , -1.281755
0.846154 , 0.641026 , -1.266075
0.846154 , 0.666667 , -1.250064
0.846154 , 0.692308 , -1.235312
0.846154 , 0.717949 , -1.221766
0.846154 , 0.743590 , -1.209916
0.846154 , 0.769231 , -1.199777
0.846154 , 0.794872 , -1.189929
0.846154 , 0.820513 , -1.181610
0.846154 , 0.846154 , -1.176235
0.846154 , 0.871795 , -1.173126
0.846154 , 0.897436 , -1.169846
0.846154 , 0.923077 , -1.166935
0.846154 , 0.948718 , -1.164363
0.846154 , 0.974359 , -1.163529
0.846154 , 1.000000 , -1.163160
0.871795 , 0.000000 , -1.418751
0.871795 , 0.025641 , -1.419386
0.871795 , 0.051282 , -1.419796
0.871795 , 0.076923 , -1.420428
0.871795 , 0.102564 , -1.421079
0.871795 , 0.128205 , -1.420780
0.871795 , 0.153846 , -1.420280
0.871795 , 0.179487 , -1.420808
0.871795 , 0.205128 , -1.421450
0.871795 , 0.230769 , -1.419902
0.871795 , 0.256410 , -1.415839
0.871795 , 0.282051 , -1.412587
0.871795 , 0.307692 , -1.409943
0.871795 , 0.333333 , -1.405673
0.871795 , 0.358974 , -1.398929
0.871795 , 0.384615 , -1.389561
0.871795 , 0.410256 , -1.379518
0.871795 , 0.435897 , -1.368444
0.871795 , 0.461538 , -1.355915
0.871795 , 0.487179 , -1.343155
0.871795 , 0.512821 , -1.329709
0.871795 , 0.538462 , -1.315102
0.871795 , 0.564103 , -1.299032
0.871795 , 0.589744 , -1.282849
0.871795 , 0.615385 , -1.267765
0.871795 , 0.641026 , -1.252553
0.871795 , 0.666667 , -1.237507
0.871795 , 0.692308 , -1.222660
0.871795 , 0.717949 , -1.207992
0.871795 , 0.743590 , -1.195814
0.871795 , 0.769231 , -1.186023
0.871795 , 0.794872 , -1.175980
0.871795 , 0.820513 , -1.166759
0.871795 , 0.846154 , -1.160156
0.871795 , 0.871795 , -1.155422
0.871795 , 0.897436 , -1.151718
0.871795 , 0.923077 , -1.147927
0.871795 , 0.948718 , -1.145354
0.871795 , 0.974359 , -1.144379
0.871795 , 1.000000 , -1.144127
0.897436 , 0.000000 , -1.409548
0.897436 , 0.025641 , -1.409922
0.897436 , 0.051282 , -1.410566
0.897436 , 0.076923 , -1.411015
0.897436 , 0.102564 , -1.411037
0.897436 , 0.128205 , -1.410566
0.897436 , 0.153846 , -1.411223
0.897436 , 0.179487 , -1.411740
0.897436 , 0.205128 , -1.410944
0.897436 , 0.230769 , -1.409049
0.897436 , 0.256410 , -1.405692
0.897436 , 0.282051 , -1.402398
0.897436 , 0.307692 , -1.399124
0.897436 , 0.333333 , -1.394339
0.897436 , 0.358974 , -1.387764
0.897436 , 0.384615 , -1.379213
0.897436 , 0.410256 , -1.368577
0.897436 , 0.435897 , -1.356667
0.897436 , 0.461538 , -1.344215
0.897436 , 0.487179 , -1.331321
0.897436 , 0.512821 , -1.317876
0.897436 , 0.538462 , -1.303801
0.897436 , 0.564103 , -1.288406
0.897436 , 0.589744 , -1.272361
0.897436 , 0.615385 , -1.256902
0.897436 , 0.641026 , -1.242346
0.897436 , 0.666667 , -1.227254
0.897436 , 0.692308 , -1.212168
0.897436 , 0.717949 , -1.197745
0.897436 , 0.743590 , -1.185125
0.897436 , 0.769231 , -1.174771
0.897436 , 0.794872 , -1.164309
0.897436 , 0.820513 , -1.154724
0.897436 , 0.846154 , -1.147165
0.897436 , 0.871795 , -1.140945
0.897436 , 0.897436 , -1.136294
0.897436 , 0.923077 , -1.132688
0.897436 , 0.948718 , -1.129507
0.897436 , 0.974359 , -1.128233
0.897436 , 1.000000 , -1.127908
0.923077 , 0.000000 , -1.403202
0.923077 , 0.025641 , -1.402945
0.923077 , 0.051282 , -1.403113
0.923077 , 0.076923 , -1.403242
0.923077 , 0.102564 , -1.403151
0.923077 , 0.128205 , -1.402363
0.923077 , 0.153846 , -1.403326
0.923077 , 0.179487 , -1.403572
0.923077 , 0.205128 , -1.401954
0.923077 , 0.230769 , -1.399877
0.923077 , 0.256410 , -1.397251
0.923077 , 0.282051 , -1.394245
0.923077 , 0.307692 , -1.390677
0.923077 , 0.333333 , -1.384957
0.923077 , 0.358974 , -1.378198
0.923077 , 0.384615 , -1.369794
0.923077 , 0.410256 , -1.359375
0.923077 , 0.435897 , -1.347475
0.923077 , 0.461538 , -1.335265
0.923077 , 0.487179 , -1.322335
0.923077 , 0.512821 , -1.308874
0.923077 , 0.538462 , -1.294730
0.923077 , 0.564103 , -1.279742
0.923077 , 0.589744 , -1.263940
0.923077 , 0.615385 , -1.248371
0.923077 , 0.641026 , -1.234078
0.923077 , 0.666667 , -1.219201
0.923077 , 0.692308 , -1.204151
0.923077 , 0.717949 , -1.190189
0.923077 , 0.743590 , -1.177759
0.923077 , 0.769231 , -1.166279
0.923077 , 0.794872 , -1.155163
0.923077 , 0.820513 , -1.144955
0.923077 , 0.846154 , -1.137073
0.923077 , 0.871795 , -1.130324
0.923077 , 0.897436 , -1.124713
0.923077 , 0.923077 , -1.120666
0.923077 , 0.948718 , -1.117633
0.923077 , 0.974359 , -1.115797
0.923077 , 1.000000 , -1.115109
0.948718 , 0.000000 , -1.398258
0.948718 , 0.025641 , -1.397972
0.948718 , 0.051282 , -1.398365
0.948718 , 0.076923 , -1.398586
0.948718 , 0.102564 , -1.398311
0.948718 , 0.128205 , -1.397619
0.948718 , 0.153846 , -1.397901
0.948718 , 0.179487 , -1.397078
0.948718 , 0.205128 , -1.394940
0.948718 , 0.230769 , -1.393105
0.948718 , 0.256410 , -1.391057
0.948718 , 0.282051 , -1.388048
0.948718 , 0.307692 , -1.383859
0.948718 , 0.333333 , -1.378081
0.948718 , 0.358974 , -1.371161
0.948718 , 0.384615 , -1.362673
0.948718 , 0.410256 , -1.352130
0.948718 , 0.435897 , -1.340352
0.948718 , 0.461538 , -1.327999
0.948718 , 0.487179 , -1.315464
0.948718 , 0.512821 , -1.301985
0.948718 , 0.538462 , -1.288154
0.948718 , 0.564103 , -1.273084
0.948718 , 0.589744 , -1.257710
0.948718 , 0.615385 , -1.242542
0.948718 , 0.641026 , -1.227952
0.948718 , 0.666667 , -1.213489
0.948718 , 0.692308 , -1.198923
0.948718 , 0.717949 , -1.184827
0.948718 , 0.743590 , -1.172545
0.948718 , 0.769231 , -1.161109
0.948718 , 0.794872 , -1.149672
0.948718 , 0.820513 , -1.139051
0.948718 , 0.846154 , -1.130542
0.948718 , 0.871795 , -1.123036
0.948718 , 0.897436 , -1.117360
0.948718 , 0.923077 , -1.112539
0.948718 , 0.948718 , -1.109415
0.948718 , 0.974359 , -1.106635
0.948718 , 1.000000 , -1.105605
0.974359 , 0.000000 , -1.395604
0.974359 , 0.025641 , -1.395488
0.974359 , 0.051282 , -1.395321
0.974359 , 0.076923 , -1.395448
0.974359 , 0.102564 , -1.395318
0.974359 , 0.128205 , -1.394952
0.974359 , 0.153846 , -1.394295
0.974359 , 0.179487 , -1.393119
0.974359 , 0.205128 , -1.391561
0.974359 , 0.230769 , -1.389497
0.974359 , 0.256410 , -1.387490
0.974359 , 0.282051 , -1.384486
0.974359 , 0.307692 , -1.379807
0.974359 , 0.333333 , -1.373727
0.974359 , 0.358974 , -1.366836
0.974359 , 0.384615 , -1.358249
0.974359 , 0.410256 , -1.347296
0.974359 , 0.435897 , -1.335202
0.974359 , 0.461538 , -1.323135
0.974359 , 0.487179 , -1.311059
0.974359 , 0.512821 , -1.298711
0.974359 , 0.538462 , -1.284915
0.974359 , 0.564103 , -1.270075
0.974359 , 0.589744 , -1.254385
0.974359 , 0.615385 , -1.239208
0.974359 , 0.641026 , -1.224690
0.974359 , 0.666667 , -1.210245
0.974359 , 0.692308 , -1.196302
0.974359 , 0.717949 , -1.182790
0.974359 , 0.743590 , -1.169835
0.974359 , 0.769231 , -1.157899
0.974359 , 0.794872 , -1.146304
0.974359 , 0.820513 , -1.135683
0.974359 , 0.846154 , -1.126954
0.974359 , 0.871795 , -1.119478
0.974359 , 0.897436 , -1.113451
0.974359 , 0.923077 , -1.108561
0.974359 , 0.948718 , -1.104541
0.974359 , 0.974359 , -1.101984
0.974359 , 1.000000 , -1.100531
1.000000 , 0.000000 , -1.394656
1.000000 , 0.025641 , -1.394690
1.000000 , 0.051282 , -1.394813
1.000000 , 0.076923 , -1.394300
1.000000 , 0.102564 , -1.393725
1.000000 , 0.128205 , -1.393505
1.000000 , 0.153846 , -1.393240
1.000000 , 0.179487 , -1.391952
1.000000 , 0.205128 , -1.389745
1.000000 , 0.230769 , -1.387834
1.000000 , 0.256410 , -1.385063
1.000000 , 0.282051 , -1.382907
1.000000 , 0.307692 , -1.378865
1.000000 , 0.333333 , -1.372638
1.000000 , 0.358974 , -1.365175
1.000000 , 0.384615 , -1.356360
1.000000 , 0.410256 , -1.345017
1.000000 , 0.435897 , -1.333417
1.000000 , 0.461538 , -1.321012
1.000000 , 0.487179 , -1.309352
1.000000 , 0.512821 , -1.297475
1.000000 , 0.538462 , -1.283473
1.000000 , 0.564103 , -1.268042
1.000000 , 0.589744 , -1.252921
1.000000 , 0.615385 , -1.238027
1.000000 , 0.641026 , -1.223169
1.000000 , 0.666667 , -1.209328
1.000000 , 0.692308 , -1.196036
1.000000 , 0.717949 , -1.182418
1.000000 , 0.743590 , -1.169395
1.000000 , 0.769231 , -1.157644
1.000000 , 0.794872 , -1.145277
1.000000 , 0.820513 , -1.134629
1.000000 , 0.846154 , -1.125743
1.000000 , 0.871795 , -1.118098
1.000000 , 0.897436 , -1.112001
1.000000 , 0.923077 , -1.106848
1.000000 , 0.948718 , -1.102947
1.000000 , 0.974359 , -1.100348
1.000000 , 1.000000 , -1.098718
