0.000000 , 0.000000 , 3.082053
0.000000 , 0.025641 , 3.082053
0.000000 , 0.051282 , 3.082053
0.000000 , 0.076923 , 3.082053
0.000000 , 0.102564 , 3.082053
0.000000 , 0.128205 , 3.082053
0.000000 , 0.153846 , 3.082053
0.000000 , 0.179487 , 3.082053
0.000000 , 0.205128 , 3.082053
0.000000 , 0.230769 , 3.082053
0.000000 , 0.256410 , 3.082053
0.000000 , 0.282051 , 3.082053
0.000000 , 0.307692 , 3.082053
0.000000 , 0.333333 , 3.082053
0.000000 , 0.358974 , 3.082053
0.000000 , 0.384615 , 3.082053
0.000000 , 0.410256 , 3.082053
0.000000 , 0.435897 , 3.082053
0.000000 , 0.461538 , 3.082053
0.000000 , 0.487179 , 3.082053
0.000000 , 0.512821 , 3.082053
0.000000 , 0.538462 , 3.082053
0.000000 , 0.564103 , 3.082053
0.000000 , 0.589744 , 3.082053
0.000000 , 0.615385 , 3.082053
0.000000 , 0.641026 , 3.082053
0.000000 , 0.666667 , 3.082053
0.000000 , 0.692308 , 3.082053
0.000000 , 0.717949 , 3.082053
0.000000 , 0.743590 , 3.082053
0.000000 , 0.769231 , 3.082053
0.000000 , 0.794872 , 3.082053
0.000000 , 0.820513 , 3.082053
0.000000 , 0.846154 , 3.082053
0.000000 , 0.871795 , 3.082053
0.000000 , 0.897436 , 3.082053
0.000000 , 0.923077 , 3.082053
0.000000 , 0.948718 , 3.082053
0.000000 , 0.974359 , 3.082053
0.000000 , 1.000000 , 3.082053
0.025641 , 0.000000 , 3.219631
0.025641 , 0.025641 , 3.219612
0.025641 , 0.051282 , 3.219342
0.025641 , 0.076923 , 3.219348
0.025641 , 0.102564 , 3.219760
0.025641 , 0.128205 , 3.219738
0.025641 , 0.153846 , 3.219297
0.025641 , 0.179487 , 3.218426
0.025641 , 0.205128 , 3.217313
0.025641 , 0.230769 , 3.215874
0.025641 , 0.256410 , 3.213647
0.025641 , 0.282051 , 3.210334
0.025641 , 0.307692 , 3.207011
0.025641 , 0.333333 , 3.203768
0.025641 , 0.358974 , 3.200615
0.025641 , 0.384615 , 3.198242
0.025641 , 0.410256 , 3.194638
0.025641 , 0.435897 , 3.191118
0.025641 , 0.461538 , 3.186977
0.025641 , 0.487179 , 3.183180
0.025641 , 0.512821 , 3.179688
0.025641 , 0.538462 , 3.176558
0.025641 , 0.564103 , 3.173685
0.025641 , 0.589744 , 3.170968
0.025641 , 0.615385 , 3.167876
0.025641 , 0.641026 , 3.164782
0.025641 , 0.666667 , 3.162656
0.025641 , 0.692308 , 3.160159
0.025641 , 0.717949 , 3.158009
0.025641 , 0.743590 , 3.155827
0.025641 , 0.769231 , 3.153619
0.025641 , 0.794872 , 3.152063
0.025641 , 0.820513 , 3.151111
0.025641 , 0.846154 , 3.150157
0.025641 , 0.871795 , 3.149181
0.025641 , 0.897436 , 3.148559
0.025641 , 0.923077 , 3.148032
0.025641 , 0.948718 , 3.148033
0.025641 , 0.974359 , 3.147834
0.025641 , 1.000000 , 3.148924
0.051282 , 0.000000 , 3.345347
0.051282 , 0.025641 , 3.345972
0.051282 , 0.051282 , 3.346517
0.051282 , 0.076923 , 3.346411
0.051282 , 0.102564 , 3.346003
0.051282 , 0.128205 , 3.346036
0.051282 , 0.153846 , 3.345090
0.051282 , 0.179487 , 3.343752
0.051282 , 0.205128 , 3.341392
0.051282 , 0.230769 , 3.337910
0.051282 , 0.256410 , 3.333848
0.051282 , 0.282051 , 3.328354
0.051282 , 0.307692 , 3.321397
0.051282 , 0.333333 , 3.315681
0.051282 , 0.358974 , 3.310144
0.051282 , 0.384615 , 3.304229
0.051282 , 0.410256 , 3.297817
0.051282 , 0.435897 , 3.290734
0.051282 , 0.461538 , 3.283373
0.051282 , 0.487179 , 3.275741
0.051282 , 0.512821 , 3.268366
0.051282 , 0.538462 , 3.261606
0.051282 , 0.564103 , 3.255554
0.051282 , 0.589744 , 3.249879
0.051282 , 0.615385 , 3.244333
0.051282 , 0.641026 , 3.238697
0.051282 , 0.666667 , 3.233772
0.051282 , 0.692308 , 3.229052
0.051282 , 0.717949 , 3.224327
0.051282 , 0.743590 , 3.219925
0.051282 , 0.769231 , 3.216516
0.051282 , 0.794872 , 3.213223
0.051282 , 0.820513 , 3.210715
0.051282 , 0.846154 , 3.209466
0.051282 , 0.871795 , 3.207325
0.051282 , 0.897436 , 3.206073
0.051282 , 0.923077 , 3.204615
0.051282 , 0.948718 , 3.204198
0.051282 , 0.974359 , 3.204659
0.051282 , 1.000000 , 3.205619
0.076923 , 0.000000 , 3.461106
0.076923 , 0.025641 , 3.461237
0.076923 , 0.051282 , 3.462422
0.076923 , 0.076923 , 3.463068
0.076923 , 0.102564 , 3.462805
0.076923 , 0.128205 , 3.462131
0.076923 , 0.153846 , 3.460635
0.076923 , 0.179487 , 3.458321
0.076923 , 0.205128 , 3.454509
0.076923 , 0.230769 , 3.449271
0.076923 , 0.256410 , 3.443997
0.076923 , 0.282051 , 3.436849
0.076923 , 0.307692 , 3.427668
0.076923 , 0.333333 , 3.418516
0.076923 , 0.358974 , 3.410405
0.076923 , 0.384615 , 3.401192
0.076923 , 0.410256 , 3.391113
0.076923 , 0.435897 , 3.381062
0.076923 , 0.461538 , 3.370743
0.076923 , 0.487179 , 3.359631
0.076923 , 0.512821 , 3.348923
0.076923 , 0.538462 , 3.339028
0.076923 , 0.564103 , 3.329214
0.076923 , 0.589744 , 3.319985
0.076923 , 0.615385 , 3.311508
0.076923 , 0.641026 , 3.303680
0.076923 , 0.666667 , 3.295690
0.076923 , 0.692308 , 3.288931
0.076923 , 0.717949 , 3.282505
0.076923 , 0.743590 , 3.276172
0.076923 , 0.769231 , 3.270140
0.076923 , 0.794872 , 3.265647
0.076923 , 0.820513 , 3.262286
0.076923 , 0.846154 , 3.260044
0.076923 , 0.871795 , 3.257317
0.076923 , 0.897436 , 3.254882
0.076923 , 0.923077 , 3.252723
0.076923 , 0.948718 , 3.251671
0.076923 , 0.974359 , 3.251176
0.076923 , 1.000000 , 3.251605
0.102564 , 0.000000 , 3.567049
0.102564 , 0.025641 , 3.567541
0.102564 , 0.051282 , 3.568773
0.102564 , 0.076923 , 3.569178
0.102564 , 0.102564 , 3.569123
0.102564 , 0.128205 , 3.568337
0.102564 , 0.153846 , 3.566254
0.102564 , 0.179487 , 3.562921
0.102564 , 0.205128 , 3.558377
0.102564 , 0.230769 , 3.551561
0.102564 , 0.256410 , 3.544875
0.102564 , 0.282051 , 3.536603
0.102564 , 0.307692 , 3.526251
0.102564 , 0.333333 , 3.514400
0.102564 , 0.358974 , 3.502210
0.102564 , 0.384615 , 3.489673
0.102564 , 0.410256 , 3.476323
0.102564 , 0.435897 , 3.463629
0.102564 , 0.461538 , 3.449827
0.102564 , 0.487179 , 3.435559
0.102564 , 0.512821 , 3.421171
0.102564 , 0.538462 , 3.408220
0.102564 , 0.564103 , 3.395333
0.102564 , 0.589744 , 3.382797
0.102564 , 0.615385 , 3.370840
0.102564 , 0.641026 , 3.359312
0.102564 , 0.666667 , 3.348546
0.102564 , 0.692308 , 3.340022
0.102564 , 0.717949 , 3.332200
0.102564 , 0.743590 , 3.323876
0.102564 , 0.769231 , 3.316183
0.102564 , 0.794872 , 3.310312
0.102564 , 0.820513 , 3.306508
0.102564 , 0.846154 , 3.303304
0.102564 , 0.871795 , 3.299295
0.102564 , 0.897436 , 3.295599
0.102564 , 0.923077 , 3.293666
0.102564 , 0.948718 , 3.292154
0.102564 , 0.974359 , 3.290695
0.102564 , 1.000000 , 3.290149
0.128205 , 0.000000 , 3.663510
0.128205 , 0.025641 , 3.664547
0.128205 , 0.051282 , 3.666003
0.128205 , 0.076923 , 3.666540
0.128205 , 0.102564 , 3.665887
0.128205 , 0.128205 , 3.665050
0.128205 , 0.153846 , 3.663331
0.128205 , 0.179487 , 3.659513
0.128205 , 0.205128 , 3.654266
0.128205 , 0.230769 , 3.647445
0.128205 , 0.256410 , 3.639149
0.128205 , 0.282051 , 3.628449
0.128205 , 0.307692 , 3.615717
0.128205 , 0.333333 , 3.600872
0.128205 , 0.358974 , 3.585750
0.128205 , 0.384615 , 3.570198
0.128205 , 0.410256 , 3.553714
0.128205 , 0.435897 , 3.537666
0.128205 , 0.461538 , 3.521171
0.128205 , 0.487179 , 3.503981
0.128205 , 0.512821 , 3.487306
0.128205 , 0.538462 , 3.470921
0.128205 , 0.564103 , 3.454847
0.128205 , 0.589744 , 3.439207
0.128205 , 0.615385 , 3.423725
0.128205 , 0.641026 , 3.409089
0.128205 , 0.666667 , 3.395374
0.128205 , 0.692308 , 3.384236
0.128205 , 0.717949 , 3.374171
0.128205 , 0.743590 , 3.364607
0.128205 , 0.769231 , 3.355908
0.128205 , 0.794872 , 3.348653
0.128205 , 0.820513 , 3.343378
0.128205 , 0.846154 , 3.339404
0.128205 , 0.871795 , 3.334362
0.128205 , 0.897436 , 3.329400
0.128205 , 0.923077 , 3.326868
0.128205 , 0.948718 , 3.325021
0.128205 , 0.974359 , 3.323609
0.128205 , 1.000000 , 3.322871
0.153846 , 0.000000 , 3.753641
0.153846 , 0.025641 , 3.753984
0.153846 , 0.051282 , 3.754869
0.153846 , 0.076923 , 3.755314
0.153846 , 0.102564 , 3.754452
0.153846 , 0.128205 , 3.753076
0.153846 , 0.153846 , 3.751414
0.153846 , 0.179487 , 3.747917
0.153846 , 0.205128 , 3.742742
0.153846 , 0.230769 , 3.735254
0.153846 , 0.256410 , 3.725352
0.153846 , 0.282051 , 3.712648
0.153846 , 0.307692 , 3.697466
0.153846 , 0.333333 , 3.680180
0.153846 , 0.358974 , 3.662054
0.153846 , 0.384615 , 3.643978
0.153846 , 0.410256 , 3.624778
0.153846 , 0.435897 , 3.605511
0.153846 , 0.461538 , 3.586172
0.153846 , 0.487179 , 3.565490
0.153846 , 0.512821 , 3.545365
0.153846 , 0.538462 , 3.525959
0.153846 , 0.564103 , 3.506860
0.153846 , 0.589744 , 3.488431
0.153846 , 0.615385 , 3.470287
0.153846 , 0.641026 , 3.453088
0.153846 , 0.666667 , 3.437211
0.153846 , 0.692308 , 3.423162
0.153846 , 0.717949 , 3.410494
0.153846 , 0.743590 , 3.398883
0.153846 , 0.769231 , 3.389139
0.153846 , 0.794872 , 3.380558
0.153846 , 0.820513 , 3.373376
0.153846 , 0.846154 , 3.367851
0.153846 , 0.871795 , 3.362973
0.153846 , 0.897436 , 3.358116
0.153846 , 0.923077 , 3.354891
0.153846 , 0.948718 , 3.352344
0.153846 , 0.974359 , 3.350905
0.153846 , 1.000000 , 3.349958
0.179487 , 0.000000 , 3.838033
0.179487 , 0.025641 , 3.838064
0.179487 , 0.051282 , 3.838034
0.179487 , 0.076923 , 3.838103
0.179487 , 0.102564 , 3.836731
0.179487 , 0.128205 , 3.833772
0.179487 , 0.153846 , 3.831766
0.179487 , 0.179487 , 3.827991
0.179487 , 0.205128 , 3.821985
0.179487 , 0.230769 , 3.814238
0.179487 , 0.256410 , 3.803052
0.179487 , 0.282051 , 3.788397
0.179487 , 0.307692 , 3.771306
0.179487 , 0.333333 , 3.752198
0.179487 , 0.358974 , 3.732335
0.179487 , 0.384615 , 3.711645
0.179487 , 0.410256 , 3.690362
0.179487 , 0.435897 , 3.667710
0.179487 , 0.461538 , 3.644827
0.179487 , 0.487179 , 3.621571
0.179487 , 0.512821 , 3.597379
0.179487 , 0.538462 , 3.574948
0.179487 , 0.564103 , 3.552876
0.179487 , 0.589744 , 3.531871
0.179487 , 0.615385 , 3.511110
0.179487 , 0.641026 , 3.491356
0.179487 , 0.666667 , 3.473222
0.179487 , 0.692308 , 3.456099
0.179487 , 0.717949 , 3.440666
0.179487 , 0.743590 , 3.427054
0.179487 , 0.769231 , 3.415332
0.179487 , 0.794872 , 3.405398
0.179487 , 0.820513 , 3.397193
0.179487 , 0.846154 , 3.390395
0.179487 , 0.871795 , 3.384238
0.179487 , 0.897436 , 3.380097
0.179487 , 0.923077 , 3.376756
0.179487 , 0.948718 , 3.374406
0.179487 , 0.974359 , 3.373007
0.179487 , 1.000000 , 3.372003
0.205128 , 0.000000 , 3.917073
0.205128 , 0.025641 , 3.916810
0.205128 , 0.051282 , 3.916705
0.205128 , 0.076923 , 3.916359
0.205128 , 0.102564 , 3.914694
0.205128 , 0.128205 , 3.911100
0.205128 , 0.153846 , 3.906925
0.205128 , 0.179487 , 3.902272
0.205128 , 0.205128 , 3.895089
0.205128 , 0.230769 , 3.885605
0.205128 , 0.256410 , 3.873178
0.205128 , 0.282051 , 3.856691
0.205128 , 0.307692 , 3.838137
0.205128 , 0.333333 , 3.817426
0.205128 , 0.358974 , 3.796635
0.205128 , 0.384615 , 3.774112
0.205128 , 0.410256 , 3.750706
0.205128 , 0.435897 , 3.725609
0.205128 , 0.461538 , 3.698177
0.205128 , 0.487179 , 3.670921
0.205128 , 0.512821 , 3.644318
0.205128 , 0.538462 , 3.618658
0.205128 , 0.564103 , 3.594339
0.205128 , 0.589744 , 3.569847
0.205128 , 0.615385 , 3.546596
0.205128 , 0.641026 , 3.524267
0.205128 , 0.666667 , 3.503270
0.205128 , 0.692308 , 3.483871
0.205128 , 0.717949 , 3.465726
0.205128 , 0.743590 , 3.449828
0.205128 , 0.769231 , 3.436076
0.205128 , 0.794872 , 3.423977
0.205128 , 0.820513 , 3.414663
0.205128 , 0.846154 , 3.407046
0.205128 , 0.871795 , 3.400335
0.205128 , 0.897436 , 3.395366
0.205128 , 0.923077 , 3.391817
0.205128 , 0.948718 , 3.389681
0.205128 , 0.974359 , 3.388224
0.205128 , 1.000000 , 3.388040
0.230769 , 0.000000 , 3.989424
0.230769 , 0.025641 , 3.989952
0.230769 , 0.051282 , 3.989512
0.230769 , 0.076923 , 3.988126
0.230769 , 0.102564 , 3.986666
0.230769 , 0.128205 , 3.983087
0.230769 , 0.153846 , 3.977701
0.230769 , 0.179487 , 3.971114
0.230769 , 0.205128 , 3.962233
0.230769 , 0.230769 , 3.951187
0.230769 , 0.256410 , 3.936710
0.230769 , 0.282051 , 3.918860
0.230769 , 0.307692 , 3.899274
0.230769 , 0.333333 , 3.877880
0.230769 , 0.358974 , 3.855488
0.230769 , 0.384615 , 3.831330
0.230769 , 0.410256 , 3.805548
0.230769 , 0.435897 , 3.777069
0.230769 , 0.461538 , 3.747286
0.230769 , 0.487179 , 3.716925
0.230769 , 0.512821 , 3.686687
0.230769 , 0.538462 , 3.657870
0.230769 , 0.564103 , 3.629756
0.230769 , 0.589744 , 3.602501
0.230769 , 0.615385 , 3.576542
0.230769 , 0.641026 , 3.551359
0.230769 , 0.666667 , 3.527397
0.230769 , 0.692308 , 3.505675
0.230769 , 0.717949 , 3.485011
0.230769 , 0.743590 , 3.466964
0.230769 , 0.769231 , 3.451319
0.230769 , 0.794872 , 3.438176
0.230769 , 0.820513 , 3.428176
0.230769 , 0.846154 , 3.418608
0.230769 , 0.871795 , 3.410353
0.230769 , 0.897436 , 3.404650
0.230769 , 0.923077 , 3.399786
0.230769 , 0.948718 , 3.398245
0.230769 , 0.974359 , 3.396509
0.230769 , 1.000000 , 3.395962
0.256410 , 0.000000 , 4.057839
0.256410 , 0.025641 , 4.058089
0.256410 , 0.051282 , 4.057834
0.256410 , 0.076923 , 4.055328
0.256410 , 0.102564 , 4.053552
0.256410 , 0.128205 , 4.049722
0.256410 , 0.153846 , 4.043274
0.256410 , 0.179487 , 4.035139
0.256410 , 0.205128 , 4.024497
0.256410 , 0.230769 , 4.011362
0.256410 , 0.256410 , 3.995702
0.256410 , 0.282051 , 3.977097
0.256410 , 0.307692 , 3.955733
0.256410 , 0.333333 , 3.933188
0.256410 , 0.358974 , 3.908616
0.256410 , 0.384615 , 3.882744
0.256410 , 0.410256 , 3.854652
0.256410 , 0.435897 , 3.823310
0.256410 , 0.461538 , 3.790549
0.256410 , 0.487179 , 3.757767
0.256410 , 0.512821 , 3.724243
0.256410 , 0.538462 , 3.691876
0.256410 , 0.564103 , 3.661239
0.256410 , 0.589744 , 3.631024
0.256410 , 0.615385 , 3.601510
0.256410 , 0.641026 , 3.573305
0.256410 , 0.666667 , 3.546453
0.256410 , 0.692308 , 3.521867
0.256410 , 0.717949 , 3.499369
0.256410 , 0.743590 , 3.479346
0.256410 , 0.769231 , 3.461955
0.256410 , 0.794872 , 3.446969
0.256410 , 0.820513 , 3.435390
0.256410 , 0.846154 , 3.424440
0.256410 , 0.871795 , 3.414905
0.256410 , 0.897436 , 3.407700
0.256410 , 0.923077 , 3.402295
0.256410 , 0.948718 , 3.399925
0.256410 , 0.974359 , 3.398673
0.256410 , 1.000000 , 3.397507
0.282051 , 0.000000 , 4.124203
0.282051 , 0.025641 , 4.124055
0.282051 , 0.051282 , 4.124171
0.282051 , 0.076923 , 4.121683
0.282051 , 0.102564 , 4.118290
0.282051 , 0.128205 , 4.113515
0.282051 , 0.153846 , 4.105583
0.282051 , 0.179487 , 4.095751
0.282051 , 0.205128 , 4.083819
0.282051 , 0.230769 , 4.068487
0.282051 , 0.256410 , 4.051016
0.282051 , 0.282051 , 4.031494
0.282051 , 0.307692 , 4.008138
0.282051 , 0.333333 , 3.982913
0.282051 , 0.358974 , 3.956917
0.282051 , 0.384615 , 3.928640
0.282051 , 0.410256 , 3.898327
0.282051 , 0.435897 , 3.864845
0.282051 , 0.461538 , 3.829498
0.282051 , 0.487179 , 3.794326
0.282051 , 0.512821 , 3.757785
0.282051 , 0.538462 , 3.722014
0.282051 , 0.564103 , 3.688069
0.282051 , 0.589744 , 3.655403
0.282051 , 0.615385 , 3.622235
0.282051 , 0.641026 , 3.590313
0.282051 , 0.666667 , 3.561142
0.282051 , 0.692308 , 3.534427
0.282051 , 0.717949 , 3.509794
0.282051 , 0.743590 , 3.488193
0.282051 , 0.769231 , 3.468484
0.282051 , 0.794872 , 3.451487
0.282051 , 0.820513 , 3.437341
0.282051 , 0.846154 , 3.424752
0.282051 , 0.871795 , 3.414083
0.282051 , 0.897436 , 3.406197
0.282051 , 0.923077 , 3.399751
0.282051 , 0.948718 , 3.396266
0.282051 , 0.974359 , 3.393732
0.282051 , 1.000000 , 3.392208
0.307692 , 0.000000 , 4.189278
0.307692 , 0.025641 , 4.189118
0.307692 , 0.051282 , 4.188817
0.307692 , 0.076923 , 4.186637
0.307692 , 0.102564 , 4.181281
0.307692 , 0.128205 , 4.174263
0.307692 , 0.153846 , 4.164758
0.307692 , 0.179487 , 4.153126
0.307692 , 0.205128 , 4.139462
0.307692 , 0.230769 , 4.123272
0.307692 , 0.256410 , 4.103991
0.307692 , 0.282051 , 4.082105
0.307692 , 0.307692 , 4.056762
0.307692 , 0.333333 , 4.029358
0.307692 , 0.358974 , 4.001316
0.307692 , 0.384615 , 3.970405
0.307692 , 0.410256 , 3.937735
0.307692 , 0.435897 , 3.902225
0.307692 , 0.461538 , 3.864531
0.307692 , 0.487179 , 3.826697
0.307692 , 0.512821 , 3.787845
0.307692 , 0.538462 , 3.749356
0.307692 , 0.564103 , 3.711674
0.307692 , 0.589744 , 3.675386
0.307692 , 0.615385 , 3.639285
0.307692 , 0.641026 , 3.604049
0.307692 , 0.666667 , 3.571506
0.307692 , 0.692308 , 3.541774
0.307692 , 0.717949 , 3.514504
0.307692 , 0.743590 , 3.490366
0.307692 , 0.769231 , 3.468666
0.307692 , 0.794872 , 3.449522
0.307692 , 0.820513 , 3.432955
0.307692 , 0.846154 , 3.418226
0.307692 , 0.871795 , 3.406737
0.307692 , 0.897436 , 3.398432
0.307692 , 0.923077 , 3.391223
0.307692 , 0.948718 , 3.386667
0.307692 , 0.974359 , 3.384067
0.307692 , 1.000000 , 3.382048
0.333333 , 0.000000 , 4.254040
0.333333 , 0.025641 , 4.254214
0.333333 , 0.051282 , 4.253058
0.333333 , 0.076923 , 4.249603
0.333333 , 0.102564 , 4.242811
0.333333 , 0.128205 , 4.233262
0.333333 , 0.153846 , 4.222592
0.333333 , 0.179487 , 4.209534
0.333333 , 0.205128 , 4.194379
0.333333 , 0.230769 , 4.176286
0.333333 , 0.256410 , 4.155169
0.333333 , 0.282051 , 4.130695
0.333333 , 0.307692 , 4.103050
0.333333 , 0.333333 , 4.073061
0.333333 , 0.358974 , 4.042155
0.333333 , 0.384615 , 4.008469
0.333333 , 0.410256 , 3.972633
0.333333 , 0.435897 , 3.935200
0.333333 , 0.461538 , 3.895488
0.333333 , 0.487179 , 3.854921
0.333333 , 0.512821 , 3.813617
0.333333 , 0.538462 , 3.772217
0.333333 , 0.564103 , 3.731589
0.333333 , 0.589744 , 3.691742
0.333333 , 0.615385 , 3.652524
0.333333 , 0.641026 , 3.614446
0.333333 , 0.666667 , 3.578509
0.333333 , 0.692308 , 3.545225
0.333333 , 0.717949 , 3.515331
0.333333 , 0.743590 , 3.488748
0.333333 , 0.769231 , 3.464697
0.333333 , 0.794872 , 3.442677
0.333333 , 0.820513 , 3.423238
0.333333 , 0.846154 , 3.406668
0.333333 , 0.871795 , 3.393640
0.333333 , 0.897436 , 3.384258
0.333333 , 0.923077 , 3.376420
0.333333 , 0.948718 , 3.370589
0.333333 , 0.974359 , 3.368522
0.333333 , 1.000000 , 3.366894
0.358974 , 0.000000 , 4.318509
0.358974 , 0.025641 , 4.318746
0.358974 , 0.051282 , 4.317209
0.358974 , 0.076923 , 4.312414
0.358974 , 0.102564 , 4.304333
0.358974 , 0.128205 , 4.293198
0.358974 , 0.153846 , 4.279782
0.358974 , 0.179487 , 4.264359
0.358974 , 0.205128 , 4.247147
0.358974 , 0.230769 , 4.227108
0.358974 , 0.256410 , 4.203880
0.358974 , 0.282051 , 4.177035
0.358974 , 0.307692 , 4.148025
0.358974 , 0.333333 , 4.115227
0.358974 , 0.358974 , 4.081116
0.358974 , 0.384615 , 4.044292
0.358974 , 0.410256 , 4.005020
0.358974 , 0.435897 , 3.964202
0.358974 , 0.461538 , 3.922162
0.358974 , 0.487179 , 3.879163
0.358974 , 0.512821 , 3.835288
0.358974 , 0.538462 , 3.791361
0.358974 , 0.564103 , 3.747698
0.358974 , 0.589744 , 3.704350
0.358974 , 0.615385 , 3.661668
0.358974 , 0.641026 , 3.620523
0.358974 , 0.666667 , 3.581576
0.358974 , 0.692308 , 3.545527
0.358974 , 0.717949 , 3.512343
0.358974 , 0.743590 , 3.482158
0.358974 , 0.769231 , 3.455430
0.358974 , 0.794872 , 3.431273
0.358974 , 0.820513 , 3.409526
0.358974 , 0.846154 , 3.390764
0.358974 , 0.871795 , 3.375996
0.358974 , 0.897436 , 3.364210
0.358974 , 0.923077 , 3.355190
0.358974 , 0.948718 , 3.348973
0.358974 , 0.974359 , 3.346078
0.358974 , 1.000000 , 3.345803
0.384615 , 0.000000 , 4.384504
0.384615 , 0.025641 , 4.384280
0.384615 , 0.051282 , 4.381565
0.384615 , 0.076923 , 4.375577
0.384615 , 0.102564 , 4.366025
0.384615 , 0.128205 , 4.353520
0.384615 , 0.153846 , 4.338450
0.384615 , 0.179487 , 4.320301
0.384615 , 0.205128 , 4.300171
0.384615 , 0.230769 , 4.277228
0.384615 , 0.256410 , 4.251746
0.384615 , 0.282051 , 4.222849
0.384615 , 0.307692 , 4.191331
0.384615 , 0.333333 , 4.156136
0.384615 , 0.358974 , 4.118265
0.384615 , 0.384615 , 4.078171
0.384615 , 0.410256 , 4.035429
0.384615 , 0.435897 , 3.990913
0.384615 , 0.461538 , 3.945807
0.384615 , 0.487179 , 3.900260
0.384615 , 0.512821 , 3.853159
0.384615 , 0.538462 , 3.806212
0.384615 , 0.564103 , 3.759774
0.384615 , 0.589744 , 3.713355
0.384615 , 0.615385 , 3.667160
0.384615 , 0.641026 , 3.622800
0.384615 , 0.666667 , 3.580969
0.384615 , 0.692308 , 3.541525
0.384615 , 0.717949 , 3.505062
0.384615 , 0.743590 , 3.471457
0.384615 , 0.769231 , 3.441497
0.384615 , 0.794872 , 3.414340
0.384615 , 0.820513 , 3.389529
0.384615 , 0.846154 , 3.368573
0.384615 , 0.871795 , 3.352127
0.384615 , 0.897436 , 3.338595
0.384615 , 0.923077 , 3.327815
0.384615 , 0.948718 , 3.320896
0.384615 , 0.974359 , 3.316861
0.384615 , 1.000000 , 3.315518
0.410256 , 0.000000 , 4.453135
0.410256 , 0.025641 , 4.451506
0.410256 , 0.051282 , 4.447770
0.410256 , 0.076923 , 4.440225
0.410256 , 0.102564 , 4.428882
0.410256 , 0.128205 , 4.413977
0.410256 , 0.153846 , 4.396967
0.410256 , 0.179487 , 4.377061
0.410256 , 0.205128 , 4.353894
0.410256 , 0.230769 , 4.328083
0.410256 , 0.256410 , 4.299764
0.410256 , 0.282051 , 4.267957
0.410256 , 0.307692 , 4.233486
0.410256 , 0.333333 , 4.195623
0.410256 , 0.358974 , 4.153952
0.410256 , 0.384615 , 4.110191
0.410256 , 0.410256 , 4.063952
0.410256 , 0.435897 , 4.016161
0.410256 , 0.461538 , 3.967474
0.410256 , 0.487179 , 3.918198
0.410256 , 0.512821 , 3.867492
0.410256 , 0.538462 , 3.816949
0.410256 , 0.564103 , 3.767280
0.410256 , 0.589744 , 3.717458
0.410256 , 0.615385 , 3.667800
0.410256 , 0.641026 , 3.619904
0.410256 , 0.666667 , 3.574440
0.410256 , 0.692308 , 3.531931
0.410256 , 0.717949 , 3.491677
0.410256 , 0.743590 , 3.454771
0.410256 , 0.769231 , 3.421726
0.410256 , 0.794872 , 3.391489
0.410256 , 0.820513 , 3.363946
0.410256 , 0.846154 , 3.340562
0.410256 , 0.871795 , 3.321417
0.410256 , 0.897436 , 3.305706
0.410256 , 0.923077 , 3.294515
0.410256 , 0.948718 , 3.286202
0.410256 , 0.974359 , 3.281190
0.410256 , 1.000000 , 3.279334
0.435897 , 0.000000 , 4.524859
0.435897 , 0.025641 , 4.522606
0.435897 , 0.051282 , 4.516827
0.435897 , 0.076923 , 4.508045
0.435897 , 0.102564 , 4.494577
0.435897 , 0.128205 , 4.478028
0.435897 , 0.153846 , 4.458120
0.435897 , 0.179487 , 4.436080
0.435897 , 0.205128 , 4.410509
0.435897 , 0.230769 , 4.380799
0.435897 , 0.256410 , 4.349359
0.435897 , 0.282051 , 4.314187
0.435897 , 0.307692 , 4.275731
0.435897 , 0.333333 , 4.234415
0.435897 , 0.358974 , 4.189227
0.435897 , 0.384615 , 4.140981
0.435897 , 0.410256 , 4.090854
0.435897 , 0.435897 , 4.039128
0.435897 , 0.461538 , 3.986544
0.435897 , 0.487179 , 3.932952
0.435897 , 0.512821 , 3.878499
0.435897 , 0.538462 , 3.823707
0.435897 , 0.564103 , 3.769646
0.435897 , 0.589744 , 3.716005
0.435897 , 0.615385 , 3.662683
0.435897 , 0.641026 , 3.611145
0.435897 , 0.666667 , 3.562117
0.435897 , 0.692308 , 3.516065
0.435897 , 0.717949 , 3.472061
0.435897 , 0.743590 , 3.431536
0.435897 , 0.769231 , 3.394758
0.435897 , 0.794872 , 3.361327
0.435897 , 0.820513 , 3.331383
0.435897 , 0.846154 , 3.305991
0.435897 , 0.871795 , 3.284568
0.435897 , 0.897436 , 3.267014
0.435897 , 0.923077 , 3.254501
0.435897 , 0.948718 , 3.245606
0.435897 , 0.974359 , 3.239086
0.435897 , 1.000000 , 3.236595
0.461538 , 0.000000 , 4.600548
0.461538 , 0.025641 , 4.597875
0.461538 , 0.051282 , 4.590361
0.461538 , 0.076923 , 4.579779
0.461538 , 0.102564 , 4.565255
0.461538 , 0.128205 , 4.546451
0.461538 , 0.153846 , 4.523751
0.461538 , 0.179487 , 4.498787
0.461538 , 0.205128 , 4.470863
0.461538 , 0.230769 , 4.438544
0.461538 , 0.256410 , 4.402771
0.461538 , 0.282051 , 4.363812
0.461538 , 0.307692 , 4.320669
0.461538 , 0.333333 , 4.274810
0.461538 , 0.358974 , 4.225547
0.461538 , 0.384615 , 4.172375
0.461538 , 0.410256 , 4.117391
0.461538 , 0.435897 , 4.060939
0.461538 , 0.461538 , 4.003796
0.461538 , 0.487179 , 3.945711
0.461538 , 0.512821 , 3.886573
0.461538 , 0.538462 , 3.827147
0.461538 , 0.564103 , 3.767471
0.461538 , 0.589744 , 3.709149
0.461538 , 0.615385 , 3.652055
0.461538 , 0.641026 , 3.596523
0.461538 , 0.666667 , 3.543237
0.461538 , 0.692308 , 3.493145
0.461538 , 0.717949 , 3.445490
0.461538 , 0.743590 , 3.401773
0.461538 , 0.769231 , 3.361616
0.461538 , 0.794872 , 3.324803
0.461538 , 0.820513 , 3.292133
0.461538 , 0.846154 , 3.264290
0.461538 , 0.871795 , 3.240797
0.461538 , 0.897436 , 3.221754
0.461538 , 0.923077 , 3.207459
0.461538 , 0.948718 , 3.197529
0.461538 , 0.974359 , 3.190134
0.461538 , 1.000000 , 3.187064
0.487179 , 0.000000 , 4.680311
0.487179 , 0.025641 , 4.677326
0.487179 , 0.051282 , 4.668893
0.487179 , 0.076923 , 4.656636
0.487179 , 0.102564 , 4.640005
0.487179 , 0.128205 , 4.619218
0.487179 , 0.153846 , 4.594134
0.487179 , 0.179487 , 4.565633
0.487179 , 0.205128 , 4.534514
0.487179 , 0.230769 , 4.499405
0.487179 , 0.256410 , 4.459739
0.487179 , 0.282051 , 4.416159
0.487179 , 0.307692 , 4.368213
0.487179 , 0.333333 , 4.317071
0.487179 , 0.358974 , 4.262744
0.487179 , 0.384615 , 4.204337
0.487179 , 0.410256 , 4.144503
0.487179 , 0.435897 , 4.082919
0.487179 , 0.461538 , 4.020182
0.487179 , 0.487179 , 3.956620
0.487179 , 0.512821 , 3.891699
0.487179 , 0.538462 , 3.827075
0.487179 , 0.564103 , 3.761936
0.487179 , 0.589744 , 3.698140
0.487179 , 0.615385 , 3.635988
0.487179 , 0.641026 , 3.575876
0.487179 , 0.666667 , 3.518570
0.487179 , 0.692308 , 3.464401
0.487179 , 0.717949 , 3.412665
0.487179 , 0.743590 , 3.364469
0.487179 , 0.769231 , 3.320703
0.487179 , 0.794872 , 3.281108
0.487179 , 0.820513 , 3.245666
0.487179 , 0.846154 , 3.215135
0.487179 , 0.871795 , 3.189327
0.487179 , 0.897436 , 3.168892
0.487179 , 0.923077 , 3.152501
0.487179 , 0.948718 , 3.141113
0.487179 , 0.974359 , 3.133253
0.487179 , 1.000000 , 3.129979
0.512821 , 0.000000 , 4.766352
0.512821 , 0.025641 , 4.762804
0.512821 , 0.051282 , 4.753556
0.512821 , 0.076923 , 4.739786
0.512821 , 0.102564 , 4.720904
0.512821 , 0.128205 , 4.697942
0.512821 , 0.153846 , 4.670197
0.512821 , 0.179487 , 4.638426
0.512821 , 0.205128 , 4.603783
0.512821 , 0.230769 , 4.564837
0.512821 , 0.256410 , 4.520544
0.512821 , 0.282051 , 4.472109
0.512821 , 0.307692 , 4.418753
0.512821 , 0.333333 , 4.362032
0.512821 , 0.358974 , 4.301864
0.512821 , 0.384615 , 4.237953
0.512821 , 0.410256 , 4.172013
0.512821 , 0.435897 , 4.104692
0.512821 , 0.461538 , 4.036012
0.512821 , 0.487179 , 3.966088
0.512821 , 0.512821 , 3.894828
0.512821 , 0.538462 , 3.823484
0.512821 , 0.564103 , 3.752641
0.512821 , 0.589744 , 3.682992
0.512821 , 0.615385 , 3.615242
0.512821 , 0.641026 , 3.550035
0.512821 , 0.666667 , 3.487710
0.512821 , 0.692308 , 3.428847
0.512821 , 0.717949 , 3.373076
0.512821 , 0.743590 , 3.320566
0.512821 , 0.769231 , 3.272623
0.512821 , 0.794872 , 3.229376
0.512821 , 0.820513 , 3.191076
0.512821 , 0.846154 , 3.157401
0.512821 , 0.871795 , 3.129354
0.512821 , 0.897436 , 3.106739
0.512821 , 0.923077 , 3.089185
0.512821 , 0.948718 , 3.076558
0.512821 , 0.974359 , 3.068661
0.512821 , 1.000000 , 3.065658
0.538462 , 0.000000 , 4.857845
0.538462 , 0.025641 , 4.855086
0.538462 , 0.051282 , 4.845983
0.538462 , 0.076923 , 4.830536
0.538462 , 0.102564 , 4.809583
0.538462 , 0.128205 , 4.784502
0.538462 , 0.153846 , 4.753530
0.538462 , 0.179487 , 4.718734
0.538462 , 0.205128 , 4.679995
0.538462 , 0.230769 , 4.636456
0.538462 , 0.256410 , 4.587131
0.538462 , 0.282051 , 4.532955
0.538462 , 0.307692 , 4.473607
0.538462 , 0.333333 , 4.410648
0.538462 , 0.358974 , 4.344093
0.538462 , 0.384615 , 4.273885
0.538462 , 0.410256 , 4.200733
0.538462 , 0.435897 , 4.126335
0.538462 , 0.461538 , 4.050511
0.538462 , 0.487179 , 3.973522
0.538462 , 0.512821 , 3.895860
0.538462 , 0.538462 , 3.817232
0.538462 , 0.564103 , 3.739346
0.538462 , 0.589744 , 3.663679
0.538462 , 0.615385 , 3.589491
0.538462 , 0.641026 , 3.518297
0.538462 , 0.666667 , 3.450606
0.538462 , 0.692308 , 3.386171
0.538462 , 0.717949 , 3.325442
0.538462 , 0.743590 , 3.268804
0.538462 , 0.769231 , 3.216579
0.538462 , 0.794872 , 3.169543
0.538462 , 0.820513 , 3.128039
0.538462 , 0.846154 , 3.091784
0.538462 , 0.871795 , 3.060891
0.538462 , 0.897436 , 3.036245
0.538462 , 0.923077 , 3.017229
0.538462 , 0.948718 , 3.002912
0.538462 , 0.974359 , 2.994926
0.538462 , 1.000000 , 2.992543
0.564103 , 0.000000 , 4.958133
0.564103 , 0.025641 , 4.955400
0.564103 , 0.051282 , 4.946266
0.564103 , 0.076923 , 4.929766
0.564103 , 0.102564 , 4.906819
0.564103 , 0.128205 , 4.878990
0.564103 , 0.153846 , 4.845448
0.564103 , 0.179487 , 4.806809
0.564103 , 0.205128 , 4.763870
0.564103 , 0.230769 , 4.715073
0.564103 , 0.256410 , 4.660535
0.564103 , 0.282051 , 4.600558
0.564103 , 0.307692 , 4.534332
0.564103 , 0.333333 , 4.464445
0.564103 , 0.358974 , 4.390949
0.564103 , 0.384615 , 4.313018
0.564103 , 0.410256 , 4.231459
0.564103 , 0.435897 , 4.148516
0.564103 , 0.461538 , 4.064417
0.564103 , 0.487179 , 3.979769
0.564103 , 0.512821 , 3.893983
0.564103 , 0.538462 , 3.808400
0.564103 , 0.564103 , 3.722604
0.564103 , 0.589744 , 3.638882
0.564103 , 0.615385 , 3.557655
0.564103 , 0.641026 , 3.479367
0.564103 , 0.666667 , 3.405774
0.564103 , 0.692308 , 3.335089
0.564103 , 0.717949 , 3.268864
0.564103 , 0.743590 , 3.207016
0.564103 , 0.769231 , 3.150679
0.564103 , 0.794872 , 3.099387
0.564103 , 0.820513 , 3.055031
0.564103 , 0.846154 , 3.016130
0.564103 , 0.871795 , 2.983017
0.564103 , 0.897436 , 2.956095
0.564103 , 0.923077 , 2.935836
0.564103 , 0.948718 , 2.920454
0.564103 , 0.974359 , 2.911515
0.564103 , 1.000000 , 2.909371
0.589744 , 0.000000 , 5.068327
0.589744 , 0.025641 , 5.065474
0.589744 , 0.051282 , 5.055341
0.589744 , 0.076923 , 5.037486
0.589744 , 0.102564 , 5.013460
0.589744 , 0.128205 , 4.983065
0.589744 , 0.153846 , 4.947147
0.589744 , 0.179487 , 4.904983
0.589744 , 0.205128 , 4.857377
0.589744 , 0.230769 , 4.803170
0.589744 , 0.256410 , 4.742752
0.589744 , 0.282051 , 4.676304
0.589744 , 0.307692 , 4.603274
0.589744 , 0.333333 , 4.525503
0.589744 , 0.358974 , 4.443083
0.589744 , 0.384615 , 4.356728
0.589744 , 0.410256 , 4.266298
0.589744 , 0.435897 , 4.173848
0.589744 , 0.461538 , 4.079703
0.589744 , 0.487179 , 3.985639
0.589744 , 0.512821 , 3.890420
0.589744 , 0.538462 , 3.795079
0.589744 , 0.564103 , 3.700831
0.589744 , 0.589744 , 3.608013
0.589744 , 0.615385 , 3.518335
0.589744 , 0.641026 , 3.432366
0.589744 , 0.666667 , 3.351414
0.589744 , 0.692308 , 3.275017
0.589744 , 0.717949 , 3.202576
0.589744 , 0.743590 , 3.135214
0.589744 , 0.769231 , 3.074356
0.589744 , 0.794872 , 3.018716
0.589744 , 0.820513 , 2.970467
0.589744 , 0.846154 , 2.929279
0.589744 , 0.871795 , 2.894832
0.589744 , 0.897436 , 2.866126
0.589744 , 0.923077 , 2.843726
0.589744 , 0.948718 , 2.827488
0.589744 , 0.974359 , 2.818327
0.589744 , 1.000000 , 2.815231
0.615385 , 0.000000 , 5.188971
0.615385 , 0.025641 , 5.185532
0.615385 , 0.051282 , 5.174703
0.615385 , 0.076923 , 5.155598
0.615385 , 0.102564 , 5.130153
0.615385 , 0.128205 , 5.097329
0.615385 , 0.153846 , 5.058615
0.615385 , 0.179487 , 5.012774
0.615385 , 0.205128 , 4.960234
0.615385 , 0.230769 , 4.900214
0.615385 , 0.256410 , 4.833668
0.615385 , 0.282051 , 4.760414
0.615385 , 0.307692 , 4.680811
0.615385 , 0.333333 , 4.594383
0.615385 , 0.358974 , 4.502651
0.615385 , 0.384615 , 4.405537
0.615385 , 0.410256 , 4.305701
0.615385 , 0.435897 , 4.202597
0.615385 , 0.461538 , 4.096909
0.615385 , 0.487179 , 3.990369
0.615385 , 0.512821 , 3.884294
0.615385 , 0.538462 , 3.778406
0.615385 , 0.564103 , 3.673763
0.615385 , 0.589744 , 3.570934
0.615385 , 0.615385 , 3.471419
0.615385 , 0.641026 , 3.376605
0.615385 , 0.666667 , 3.287178
0.615385 , 0.692308 , 3.203432
0.615385 , 0.717949 , 3.124965
0.615385 , 0.743590 , 3.052117
0.615385 , 0.769231 , 2.986224
0.615385 , 0.794872 , 2.926780
0.615385 , 0.820513 , 2.874108
0.615385 , 0.846154 , 2.830229
0.615385 , 0.871795 , 2.794052
0.615385 , 0.897436 , 2.763935
0.615385 , 0.923077 , 2.739636
0.615385 , 0.948718 , 2.722025
0.615385 , 0.974359 , 2.712064
0.615385 , 1.000000 , 2.708428
0.641026 , 0.000000 , 5.320662
0.641026 , 0.025641 , 5.316632
0.641026 , 0.051282 , 5.304671
0.641026 , 0.076923 , 5.284610
0.641026 , 0.102564 , 5.257216
0.641026 , 0.128205 , 5.222736
0.641026 , 0.153846 , 5.181854
0.641026 , 0.179487 , 5.132648
0.641026 , 0.205128 , 5.075632
0.641026 , 0.230769 , 5.009433
0.641026 , 0.256410 , 4.935514
0.641026 , 0.282051 , 4.854362
0.641026 , 0.307692 , 4.766627
0.641026 , 0.333333 , 4.671321
0.641026 , 0.358974 , 4.569045
0.641026 , 0.384615 , 4.461334
0.641026 , 0.410256 , 4.349745
0.641026 , 0.435897 , 4.234553
0.641026 , 0.461538 , 4.116221
0.641026 , 0.487179 , 3.996081
0.641026 , 0.512821 , 3.876534
0.641026 , 0.538462 , 3.757477
0.641026 , 0.564103 , 3.640531
0.641026 , 0.589744 , 3.525983
0.641026 , 0.615385 , 3.415508
0.641026 , 0.641026 , 3.310617
0.641026 , 0.666667 , 3.211749
0.641026 , 0.692308 , 3.119974
0.641026 , 0.717949 , 3.034527
0.641026 , 0.743590 , 2.956699
0.641026 , 0.769231 , 2.885677
0.641026 , 0.794872 , 2.821284
0.641026 , 0.820513 , 2.764112
0.641026 , 0.846154 , 2.716771
0.641026 , 0.871795 , 2.678498
0.641026 , 0.897436 , 2.647173
0.641026 , 0.923077 , 2.622081
0.641026 , 0.948718 , 2.603199
0.641026 , 0.974359 , 2.592502
0.641026 , 1.000000 , 2.588461
0.666667 , 0.000000 , 5.463432
0.666667 , 0.025641 , 5.459147
0.666667 , 0.051282 , 5.446241
0.666667 , 0.076923 , 5.426067
0.666667 , 0.102564 , 5.397541
0.666667 , 0.128205 , 5.360974
0.666667 , 0.153846 , 5.317746
0.666667 , 0.179487 , 5.265294
0.666667 , 0.205128 , 5.203361
0.666667 , 0.230769 , 5.131757
0.666667 , 0.256410 , 5.050855
0.666667 , 0.282051 , 4.961344
0.666667 , 0.307692 , 4.864657
0.666667 , 0.333333 , 4.759384
0.666667 , 0.358974 , 4.645342
0.666667 , 0.384615 , 4.525062
0.666667 , 0.410256 , 4.399606
0.666667 , 0.435897 , 4.269776
0.666667 , 0.461538 , 4.136812
0.666667 , 0.487179 , 4.001742
0.666667 , 0.512821 , 3.866479
0.666667 , 0.538462 , 3.732670
0.666667 , 0.564103 , 3.601393
0.666667 , 0.589744 , 3.473603
0.666667 , 0.615385 , 3.350584
0.666667 , 0.641026 , 3.234433
0.666667 , 0.666667 , 3.125120
0.666667 , 0.692308 , 3.023805
0.666667 , 0.717949 , 2.930951
0.666667 , 0.743590 , 2.846561
0.666667 , 0.769231 , 2.769164
0.666667 , 0.794872 , 2.700310
0.666667 , 0.820513 , 2.639347
0.666667 , 0.846154 , 2.589056
0.666667 , 0.871795 , 2.548226
0.666667 , 0.897436 , 2.515265
0.666667 , 0.923077 , 2.489647
0.666667 , 0.948718 , 2.470232
0.666667 , 0.974359 , 2.459251
0.666667 , 1.000000 , 2.455667
0.692308 , 0.000000 , 5.618236
0.692308 , 0.025641 , 5.614476
0.692308 , 0.051282 , 5.601297
0.692308 , 0.076923 , 5.580927
0.692308 , 0.102564 , 5.552151
0.692308 , 0.128205 , 5.514227
0.692308 , 0.153846 , 5.468315
0.692308 , 0.179487 , 5.412842
0.692308 , 0.205128 , 5.346495
0.692308 , 0.230769 , 5.268590
0.692308 , 0.256410 , 5.181419
0.692308 , 0.282051 , 5.083538
0.692308 , 0.307692 , 4.976332
0.692308 , 0.333333 , 4.859541
0.692308 , 0.358974 , 4.733154
0.692308 , 0.384615 , 4.597609
0.692308 , 0.410256 , 4.456045
0.692308 , 0.435897 , 4.309370
0.692308 , 0.461538 , 4.159682
0.692308 , 0.487179 , 4.007632
0.692308 , 0.512821 , 3.854739
0.692308 , 0.538462 , 3.703422
0.692308 , 0.564103 , 3.555426
0.692308 , 0.589744 , 3.412792
0.692308 , 0.615385 , 3.275583
0.692308 , 0.641026 , 3.146175
0.692308 , 0.666667 , 3.025055
0.692308 , 0.692308 , 2.913421
0.692308 , 0.717949 , 2.811692
0.692308 , 0.743590 , 2.719742
0.692308 , 0.769231 , 2.636182
0.692308 , 0.794872 , 2.562491
0.692308 , 0.820513 , 2.498908
0.692308 , 0.846154 , 2.446034
0.692308 , 0.871795 , 2.403865
0.692308 , 0.897436 , 2.369581
0.692308 , 0.923077 , 2.342635
0.692308 , 0.948718 , 2.322608
0.692308 , 0.974359 , 2.311256
0.692308 , 1.000000 , 2.307539
0.717949 , 0.000000 , 5.787609
0.717949 , 0.025641 , 5.783368
0.717949 , 0.051282 , 5.770785
0.717949 , 0.076923 , 5.750216
0.717949 , 0.102564 , 5.720378
0.717949 , 0.128205 , 5.682069
0.717949 , 0.153846 , 5.634669
0.717949 , 0.179487 , 5.576573
0.717949 , 0.205128 , 5.506198
0.717949 , 0.230769 , 5.422470
0.717949 , 0.256410 , 5.328231
0.717949 , 0.282051 , 5.221504
0.717949 , 0.307692 , 5.102493
0.717949 , 0.333333 , 4.972521
0.717949 , 0.358974 , 4.831596
0.717949 , 0.384615 , 4.680524
0.717949 , 0.410256 , 4.521348
0.717949 , 0.435897 , 4.355599
0.717949 , 0.461538 , 4.186539
0.717949 , 0.487179 , 4.014293
0.717949 , 0.512821 , 3.841484
0.717949 , 0.538462 , 3.670557
0.717949 , 0.564103 , 3.503625
0.717949 , 0.589744 , 3.343229
0.717949 , 0.615385 , 3.189922
0.717949 , 0.641026 , 3.045064
0.717949 , 0.666667 , 2.910410
0.717949 , 0.692308 , 2.787237
0.717949 , 0.717949 , 2.676669
0.717949 , 0.743590 , 2.575675
0.717949 , 0.769231 , 2.485284
0.717949 , 0.794872 , 2.407442
0.717949 , 0.820513 , 2.341144
0.717949 , 0.846154 , 2.286630
0.717949 , 0.871795 , 2.242870
0.717949 , 0.897436 , 2.208175
0.717949 , 0.923077 , 2.180947
0.717949 , 0.948718 , 2.161512
0.717949 , 0.974359 , 2.149681
0.717949 , 1.000000 , 2.145397
0.743590 , 0.000000 , 5.970015
0.743590 , 0.025641 , 5.966243
0.743590 , 0.051282 , 5.953609
0.743590 , 0.076923 , 5.933738
0.743590 , 0.102564 , 5.904650
0.743590 , 0.128205 , 5.866504
0.743590 , 0.153846 , 5.818393
0.743590 , 0.179487 , 5.757971
0.743590 , 0.205128 , 5.684552
0.743590 , 0.230769 , 5.595411
0.743590 , 0.256410 , 5.493189
0.743590 , 0.282051 , 5.376883
0.743590 , 0.307692 , 5.246019
0.743590 , 0.333333 , 5.101003
0.743590 , 0.358974 , 4.943573
0.743590 , 0.384615 , 4.774273
0.743590 , 0.410256 , 4.596012
0.743590 , 0.435897 , 4.409530
0.743590 , 0.461538 , 4.218068
0.743590 , 0.487179 , 4.023326
0.743590 , 0.512821 , 3.827386
0.743590 , 0.538462 , 3.634238
0.743590 , 0.564103 , 3.445368
0.743590 , 0.589744 , 3.264223
0.743590 , 0.615385 , 3.091998
0.743590 , 0.641026 , 2.929722
0.743590 , 0.666667 , 2.779832
0.743590 , 0.692308 , 2.643283
0.743590 , 0.717949 , 2.521554
0.743590 , 0.743590 , 2.411683
0.743590 , 0.769231 , 2.314764
0.743590 , 0.794872 , 2.232099
0.743590 , 0.820513 , 2.163696
0.743590 , 0.846154 , 2.108526
0.743590 , 0.871795 , 2.064886
0.743590 , 0.897436 , 2.029883
0.743590 , 0.923077 , 2.003590
0.743590 , 0.948718 , 1.984977
0.743590 , 0.974359 , 1.973798
0.743590 , 1.000000 , 1.969976
0.769231 , 0.000000 , 6.165473
0.769231 , 0.025641 , 6.162003
0.769231 , 0.051282 , 6.150851
0.769231 , 0.076923 , 6.132335
0.769231 , 0.102564 , 6.106154
0.769231 , 0.128205 , 6.069755
0.769231 , 0.153846 , 6.021230
0.769231 , 0.179487 , 5.958828
0.769231 , 0.205128 , 5.881582
0.769231 , 0.230769 , 5.789034
0.769231 , 0.256410 , 5.678915
0.769231 , 0.282051 , 5.551568
0.769231 , 0.307692 , 5.407251
0.769231 , 0.333333 , 5.247448
0.769231 , 0.358974 , 5.072420
0.769231 , 0.384615 , 4.882412
0.769231 , 0.410256 , 4.681768
0.769231 , 0.435897 , 4.471867
0.769231 , 0.461538 , 4.254808
0.769231 , 0.487179 , 4.034425
0.769231 , 0.512821 , 3.812538
0.769231 , 0.538462 , 3.593761
0.769231 , 0.564103 , 3.380230
0.769231 , 0.589744 , 3.174945
0.769231 , 0.615385 , 2.980439
0.769231 , 0.641026 , 2.797873
0.769231 , 0.666667 , 2.630987
0.769231 , 0.692308 , 2.479956
0.769231 , 0.717949 , 2.345127
0.769231 , 0.743590 , 2.225337
0.769231 , 0.769231 , 2.122178
0.769231 , 0.794872 , 2.035432
0.769231 , 0.820513 , 1.964925
0.769231 , 0.846154 , 1.909369
0.769231 , 0.871795 , 1.867340
0.769231 , 0.897436 , 1.833680
0.769231 , 0.923077 , 1.809272
0.769231 , 0.948718 , 1.793080
0.769231 , 0.974359 , 1.783037
0.769231 , 1.000000 , 1.779525
0.794872 , 0.000000 , 6.373305
0.794872 , 0.025641 , 6.370885
0.794872 , 0.051282 , 6.362874
0.794872 , 0.076923 , 6.347846
0.794872 , 0.102564 , 6.324311
0.794872 , 0.128205 , 6.290396
0.794872 , 0.153846 , 6.243793
0.794872 , 0.179487 , 6.181421
0.794872 , 0.205128 , 6.101418
0.794872 , 0.230769 , 6.004419
0.794872 , 0.256410 , 5.887863
0.794872 , 0.282051 , 5.750437
0.794872 , 0.307692 , 5.593191
0.794872 , 0.333333 , 5.415698
0.794872 , 0.358974 , 5.220329
0.794872 , 0.384615 , 5.007600
0.794872 , 0.410256 , 4.780326
0.794872 , 0.435897 , 4.542883
0.794872 , 0.461538 , 4.297148
0.794872 , 0.487179 , 4.046933
0.794872 , 0.512821 , 3.795645
0.794872 , 0.538462 , 3.546928
0.794872 , 0.564103 , 3.304496
0.794872 , 0.589744 , 3.071841
0.794872 , 0.615385 , 2.852887
0.794872 , 0.641026 , 2.648478
0.794872 , 0.666667 , 2.462259
0.794872 , 0.692308 , 2.295120
0.794872 , 0.717949 , 2.146189
0.794872 , 0.743590 , 2.016028
0.794872 , 0.769231 , 1.906750
0.794872 , 0.794872 , 1.816998
0.794872 , 0.820513 , 1.745228
0.794872 , 0.846154 , 1.689801
0.794872 , 0.871795 , 1.649085
0.794872 , 0.897436 , 1.618695
0.794872 , 0.923077 , 1.597824
0.794872 , 0.948718 , 1.585290
0.794872 , 0.974359 , 1.577704
0.794872 , 1.000000 , 1.574810
0.820513 , 0.000000 , 6.594712
0.820513 , 0.025641 , 6.593362
0.820513 , 0.051282 , 6.588550
0.820513 , 0.076923 , 6.578592
0.820513 , 0.102564 , 6.560550
0.820513 , 0.128205 , 6.531695
0.820513 , 0.153846 , 6.489143
0.820513 , 0.179487 , 6.428875
0.820513 , 0.205128 , 6.348509
0.820513 , 0.230769 , 6.247480
0.820513 , 0.256410 , 6.123039
0.820513 , 0.282051 , 5.974953
0.820513 , 0.307692 , 5.804495
0.820513 , 0.333333 , 5.608397
0.820513 , 0.358974 , 5.389655
0.820513 , 0.384615 , 5.150645
0.820513 , 0.410256 , 4.894423
0.820513 , 0.435897 , 4.624791
0.820513 , 0.461538 , 4.346043
0.820513 , 0.487179 , 4.062128
0.820513 , 0.512821 , 3.776910
0.820513 , 0.538462 , 3.493978
0.820513 , 0.564103 , 3.218846
0.820513 , 0.589744 , 2.954357
0.820513 , 0.615385 , 2.706191
0.820513 , 0.641026 , 2.476758
0.820513 , 0.666667 , 2.268345
0.820513 , 0.692308 , 2.082250
0.820513 , 0.717949 , 1.919264
0.820513 , 0.743590 , 1.779404
0.820513 , 0.769231 , 1.663401
0.820513 , 0.794872 , 1.570948
0.820513 , 0.820513 , 1.499297
0.820513 , 0.846154 , 1.445939
0.820513 , 0.871795 , 1.408759
0.820513 , 0.897436 , 1.384308
0.820513 , 0.923077 , 1.369771
0.820513 , 0.948718 , 1.362791
0.820513 , 0.974359 , 1.359040
0.820513 , 1.000000 , 1.357696
0.846154 , 0.000000 , 6.826795
0.846154 , 0.025641 , 6.827426
0.846154 , 0.051282 , 6.827104
0.846154 , 0.076923 , 6.824523
0.846154 , 0.102564 , 6.815109
0.846154 , 0.128205 , 6.794997
0.846154 , 0.153846 , 6.759356
0.846154 , 0.179487 , 6.704319
0.846154 , 0.205128 , 6.625702
0.846154 , 0.230769 , 6.522275
0.846154 , 0.256410 , 6.391328
0.846154 , 0.282051 , 6.231674
0.846154 , 0.307692 , 6.044055
0.846154 , 0.333333 , 5.827582
0.846154 , 0.358974 , 5.582697
0.846154 , 0.384615 , 5.314255
0.846154 , 0.410256 , 5.025565
0.846154 , 0.435897 , 4.720242
0.846154 , 0.461538 , 4.403562
0.846154 , 0.487179 , 4.080814
0.846154 , 0.512821 , 3.755911
0.846154 , 0.538462 , 3.434002
0.846154 , 0.564103 , 3.121050
0.846154 , 0.589744 , 2.820939
0.846154 , 0.615385 , 2.539302
0.846154 , 0.641026 , 2.279959
0.846154 , 0.666667 , 2.046592
0.846154 , 0.692308 , 1.839566
0.846154 , 0.717949 , 1.660118
0.846154 , 0.743590 , 1.509995
0.846154 , 0.769231 , 1.388283
0.846154 , 0.794872 , 1.293332
0.846154 , 0.820513 , 1.223724
0.846154 , 0.846154 , 1.175350
0.846154 , 0.871795 , 1.145652
0.846154 , 0.897436 , 1.130343
0.846154 , 0.923077 , 1.125142
0.846154 , 0.948718 , 1.125720
0.846154 , 0.974359 , 1.127182
0.846154 , 1.000000 , 1.127514
0.871795 , 0.000000 , 7.067069
0.871795 , 0.025641 , 7.070013
0.871795 , 0.051282 , 7.076388
0.871795 , 0.076923 , 7.084502
0.871795 , 0.102564 , 7.087974
0.871795 , 0.128205 , 7.079766
0.871795 , 0.153846 , 7.055358
0.871795 , 0.179487 , 7.008864
0.871795 , 0.205128 , 6.936084
0.871795 , 0.230769 , 6.831932
0.871795 , 0.256410 , 6.694768
0.871795 , 0.282051 , 6.523685
0.871795 , 0.307692 , 6.317941
0.871795 , 0.333333 , 6.078806
0.871795 , 0.358974 , 5.805784
0.871795 , 0.384615 , 5.503276
0.871795 , 0.410256 , 5.177280
0.871795 , 0.435897 , 4.830884
0.871795 , 0.461538 , 4.471138
0.871795 , 0.487179 , 4.102962
0.871795 , 0.512821 , 3.731727
0.871795 , 0.538462 , 3.364533
0.871795 , 0.564103 , 3.008618
0.871795 , 0.589744 , 2.667812
0.871795 , 0.615385 , 2.348614
0.871795 , 0.641026 , 2.055051
0.871795 , 0.666667 , 1.791671
0.871795 , 0.692308 , 1.561329
0.871795 , 0.717949 , 1.365453
0.871795 , 0.743590 , 1.204078
0.871795 , 0.769231 , 1.077158
0.871795 , 0.794872 , 0.982647
0.871795 , 0.820513 , 0.917650
0.871795 , 0.846154 , 0.878130
0.871795 , 0.871795 , 0.860175
0.871795 , 0.897436 , 0.857775
0.871795 , 0.923077 , 0.865561
0.871795 , 0.948718 , 0.876760
0.871795 , 0.974359 , 0.885672
0.871795 , 1.000000 , 0.889272
0.897436 , 0.000000 , 7.308916
0.897436 , 0.025641 , 7.315492
0.897436 , 0.051282 , 7.333418
0.897436 , 0.076923 , 7.357136
0.897436 , 0.102564 , 7.378270
0.897436 , 0.128205 , 7.389483
0.897436 , 0.153846 , 7.381697
0.897436 , 0.179487 , 7.348537
0.897436 , 0.205128 , 7.283988
0.897436 , 0.230769 , 7.181363
0.897436 , 0.256410 , 7.039791
0.897436 , 0.282051 , 6.856631
0.897436 , 0.307692 , 6.631540
0.897436 , 0.333333 , 6.366199
0.897436 , 0.358974 , 6.061549
0.897436 , 0.384615 , 5.721723
0.897436 , 0.410256 , 5.352384
0.897436 , 0.435897 , 4.958902
0.897436 , 0.461538 , 4.549143
0.897436 , 0.487179 , 4.129028
0.897436 , 0.512821 , 3.705344
0.897436 , 0.538462 , 3.286447
0.897436 , 0.564103 , 2.880307
0.897436 , 0.589744 , 2.492335
0.897436 , 0.615385 , 2.129163
0.897436 , 0.641026 , 1.797294
0.897436 , 0.666667 , 1.500220
0.897436 , 0.692308 , 1.243457
0.897436 , 0.717949 , 1.028602
0.897436 , 0.743590 , 0.855821
0.897436 , 0.769231 , 0.724619
0.897436 , 0.794872 , 0.632384
0.897436 , 0.820513 , 0.576846
0.897436 , 0.846154 , 0.551589
0.897436 , 0.871795 , 0.550299
0.897436 , 0.897436 , 0.566810
0.897436 , 0.923077 , 0.593088
0.897436 , 0.948718 , 0.620096
0.897436 , 0.974359 , 0.640353
0.897436 , 1.000000 , 0.647836
0.923077 , 0.000000 , 7.545257
0.923077 , 0.025641 , 7.558086
0.923077 , 0.051282 , 7.592844
0.923077 , 0.076923 , 7.640397
0.923077 , 0.102564 , 7.688341
0.923077 , 0.128205 , 7.725789
0.923077 , 0.153846 , 7.741917
0.923077 , 0.179487 , 7.727548
0.923077 , 0.205128 , 7.674963
0.923077 , 0.230769 , 7.577480
0.923077 , 0.256410 , 7.432964
0.923077 , 0.282051 , 7.238147
0.923077 , 0.307692 , 6.992125
0.923077 , 0.333333 , 6.697831
0.923077 , 0.358974 , 6.356536
0.923077 , 0.384615 , 5.973751
0.923077 , 0.410256 , 5.554968
0.923077 , 0.435897 , 5.107050
0.923077 , 0.461538 , 4.638735
0.923077 , 0.487179 , 4.158371
0.923077 , 0.512821 , 3.674761
0.923077 , 0.538462 , 3.196176
0.923077 , 0.564103 , 2.731116
0.923077 , 0.589744 , 2.287937
0.923077 , 0.615385 , 1.875317
0.923077 , 0.641026 , 1.499577
0.923077 , 0.666667 , 1.165862
0.923077 , 0.692308 , 0.879858
0.923077 , 0.717949 , 0.643980
0.923077 , 0.743590 , 0.459676
0.923077 , 0.769231 , 0.325879
0.923077 , 0.794872 , 0.239317
0.923077 , 0.820513 , 0.195955
0.923077 , 0.846154 , 0.190287
0.923077 , 0.871795 , 0.213308
0.923077 , 0.897436 , 0.256424
0.923077 , 0.923077 , 0.309602
0.923077 , 0.948718 , 0.359994
0.923077 , 0.974359 , 0.396735
0.923077 , 1.000000 , 0.410066
0.948718 , 0.000000 , 7.764705
0.948718 , 0.025641 , 7.787779
0.948718 , 0.051282 , 7.848315
0.948718 , 0.076923 , 7.930739
0.948718 , 0.102564 , 8.016909
0.948718 , 0.128205 , 8.091062
0.948718 , 0.153846 , 8.140161
0.948718 , 0.179487 , 8.151553
0.948718 , 0.205128 , 8.117150
0.948718 , 0.230769 , 8.028744
0.948718 , 0.256410 , 7.882663
0.948718 , 0.282051 , 7.675955
0.948718 , 0.307692 , 7.407889
0.948718 , 0.333333 , 7.081294
0.948718 , 0.358974 , 6.698933
0.948718 , 0.384615 , 6.265820
0.948718 , 0.410256 , 5.790106
0.948718 , 0.435897 , 5.279190
0.948718 , 0.461538 , 4.743852
0.948718 , 0.487179 , 4.193842
0.948718 , 0.512821 , 3.639389
0.948718 , 0.538462 , 3.091063
0.948718 , 0.564103 , 2.558542
0.948718 , 0.589744 , 2.052145
0.948718 , 0.615385 , 1.581968
0.948718 , 0.641026 , 1.156678
0.948718 , 0.666667 , 0.781747
0.948718 , 0.692308 , 0.463837
0.948718 , 0.717949 , 0.205597
0.948718 , 0.743590 , 0.008861
0.948718 , 0.769231 , -0.126423
0.948718 , 0.794872 , -0.204040
0.948718 , 0.820513 , -0.229668
0.948718 , 0.846154 , -0.209360
0.948718 , 0.871795 , -0.152859
0.948718 , 0.897436 , -0.072356
0.948718 , 0.923077 , 0.018614
0.948718 , 0.948718 , 0.103740
0.948718 , 0.974359 , 0.166411
0.948718 , 1.000000 , 0.189837
0.974359 , 0.000000 , 7.947257
0.974359 , 0.025641 , 7.987932
0.974359 , 0.051282 , 8.090787
0.974359 , 0.076923 , 8.225302
0.974359 , 0.102564 , 8.365222
0.974359 , 0.128205 , 8.490164
0.974359 , 0.153846 , 8.583005
0.974359 , 0.179487 , 8.629906
0.974359 , 0.205128 , 8.620278
0.974359 , 0.230769 , 8.544894
0.974359 , 0.256410 , 8.399515
0.974359 , 0.282051 , 8.180608
0.974359 , 0.307692 , 7.887850
0.974359 , 0.333333 , 7.525077
0.974359 , 0.358974 , 7.095544
0.974359 , 0.384615 , 6.605504
0.974359 , 0.410256 , 6.063168
0.974359 , 0.435897 , 5.479324
0.974359 , 0.461538 , 4.866065
0.974359 , 0.487179 , 4.234711
0.974359 , 0.512821 , 3.597791
0.974359 , 0.538462 , 2.967921
0.974359 , 0.564103 , 2.357485
0.974359 , 0.589744 , 1.778465
0.974359 , 0.615385 , 1.242759
0.974359 , 0.641026 , 0.760256
0.974359 , 0.666667 , 0.338389
0.974359 , 0.692308 , -0.015978
0.974359 , 0.717949 , -0.298802
0.974359 , 0.743590 , -0.507970
0.974359 , 0.769231 , -0.642922
0.974359 , 0.794872 , -0.707658
0.974359 , 0.820513 , -0.708050
0.974359 , 0.846154 , -0.652731
0.974359 , 0.871795 , -0.552320
0.974359 , 0.897436 , -0.421302
0.974359 , 0.923077 , -0.276483
0.974359 , 0.948718 , -0.138796
0.974359 , 0.974359 , -0.034513
0.974359 , 1.000000 , 0.007474
1.000000 , 0.000000 , 8.057086
1.000000 , 0.025641 , 8.134805
1.000000 , 0.051282 , 8.308843
1.000000 , 0.076923 , 8.521964
1.000000 , 0.102564 , 8.736774
1.000000 , 0.128205 , 8.929308
1.000000 , 0.153846 , 9.079579
1.000000 , 0.179487 , 9.171806
1.000000 , 0.205128 , 9.194506
1.000000 , 0.230769 , 9.137140
1.000000 , 0.256410 , 8.994819
1.000000 , 0.282051 , 8.764353
1.000000 , 0.307692 , 8.444801
1.000000 , 0.333333 , 8.039763
1.000000 , 0.358974 , 7.555547
1.000000 , 0.384615 , 6.998917
1.000000 , 0.410256 , 6.380811
1.000000 , 0.435897 , 5.712172
1.000000 , 0.461538 , 5.007686
1.000000 , 0.487179 , 4.282023
1.000000 , 0.512821 , 3.549264
1.000000 , 0.538462 , 2.824997
1.000000 , 0.564103 , 2.124042
1.000000 , 0.589744 , 1.460835
1.000000 , 0.615385 , 0.848465
1.000000 , 0.641026 , 0.299793
1.000000 , 0.666667 , -0.176391
1.000000 , 0.692308 , -0.572330
1.000000 , 0.717949 , -0.882164
1.000000 , 0.743590 , -1.103693
1.000000 , 0.769231 , -1.235964
1.000000 , 0.794872 , -1.282551
1.000000 , 0.820513 , -1.250600
1.000000 , 0.846154 , -1.149377
1.000000 , 0.871795 , -0.991603
1.000000 , 0.897436 , -0.792999
1.000000 , 0.923077 , -0.573379
1.000000 , 0.948718 , -0.357542
1.000000 , 0.974359 , -0.181230
1.000000 , 1.000000 , -0.101373
