0.000000 , 0.000000 , -3.968459
0.000000 , 0.025641 , -3.968459
0.000000 , 0.051282 , -3.968459
0.000000 , 0.076923 , -3.968459
0.000000 , 0.102564 , -3.968459
0.000000 , 0.128205 , -3.968459
0.000000 , 0.153846 , -3.968459
0.000000 , 0.179487 , -3.968459
0.000000 , 0.205128 , -3.968459
0.000000 , 0.230769 , -3.968459
0.000000 , 0.256410 , -3.968459
0.000000 , 0.282051 , -3.968459
0.000000 , 0.307692 , -3.968459
0.000000 , 0.333333 , -3.968459
0.000000 , 0.358974 , -3.968459
0.000000 , 0.384615 , -3.968459
0.000000 , 0.410256 , -3.968459
0.000000 , 0.435897 , -3.968459
0.000000 , 0.461538 , -3.968459
0.000000 , 0.487179 , -3.968459
0.000000 , 0.512821 , -3.968459
0.000000 , 0.538462 , -3.968459
0.000000 , 0.564103 , -3.968459
0.000000 , 0.589744 , -3.968459
0.000000 , 0.615385 , -3.968459
0.000000 , 0.641026 , -3.968459
0.000000 , 0.666667 , -3.968459
0.000000 , 0.692308 , -3.968459
0.000000 , 0.717949 , -3.968459
0.000000 , 0.743590 , -3.968459
0.000000 , 0.769231 , -3.968459
0.000000 , 0.794872 , -3.968459
0.000000 , 0.820513 , -3.968459
0.000000 , 0.846154 , -3.968459
0.000000 , 0.871795 , -3.968459
0.000000 , 0.897436 , -3.968459
0.000000 , 0.923077 , -3.968459
0.000000 , 0.948718 , -3.968459
0.000000 , 0.974359 , -3.968459
0.000000 , 1.000000 , -3.968459
0.025641 , 0.000000 , -3.776397
0.025641 , 0.025641 , -3.776169
0.025641 , 0.051282 , -3.776001
0.025641 , 0.076923 , -3.775139
0.025641 , 0.102564 , -3.773997
0.025641 , 0.128205 , -3.773156
0.025641 , 0.153846 , -3.772796
0.025641 , 0.179487 , -3.773603
0.025641 , 0.205128 , -3.773851
0.025641 , 0.230769 , -3.774442
0.025641 , 0.256410 , -3.775881
0.025641 , 0.282051 , -3.777781
0.025641 , 0.307692 , -3.779070
0.025641 , 0.333333 , -3.780289
0.025641 , 0.358974 , -3.781582
0.025641 , 0.384615 , -3.783247
0.025641 , 0.410256 , -3.786020
0.025641 , 0.435897 , -3.788267
0.025641 , 0.461538 , -3.790516
0.025641 , 0.487179 , -3.793543
0.025641 , 0.512821 , -3.795963
0.025641 , 0.538462 , -3.797447
0.025641 , 0.564103 , -3.799494
0.025641 , 0.589744 , -3.801415
0.025641 , 0.615385 , -3.803320
0.025641 , 0.641026 , -3.805057
0.025641 , 0.666667 , -3.806318
0.025641 , 0.692308 , -3.807368
0.025641 , 0.717949 , -3.808329
0.025641 , 0.743590 , -3.809803
0.025641 , 0.769231 , -3.809826
0.025641 , 0.794872 , -3.810350
0.025641 , 0.820513 , -3.811084
0.025641 , 0.846154 , -3.811521
0.025641 , 0.871795 , -3.811231
0.025641 , 0.897436 , -3.811698
0.025641 , 0.923077 , -3.812840
0.025641 , 0.948718 , -3.812634
0.025641 , 0.974359 , -3.812857
0.025641 , 1.000000 , -3.812720
0.051282 , 0.000000 , -3.585902
0.051282 , 0.025641 , -3.584783
0.051282 , 0.051282 , -3.584081
0.051282 , 0.076923 , -3.582416
0.051282 , 0.102564 , -3.580736
0.051282 , 0.128205 , -3.579231
0.051282 , 0.153846 , -3.578516
0.051282 , 0.179487 , -3.578959
0.051282 , 0.205128 , -3.579647
0.051282 , 0.230769 , -3.581052
0.051282 , 0.256410 , -3.583541
0.051282 , 0.282051 , -3.586075
0.051282 , 0.307692 , -3.589057
0.051282 , 0.333333 , -3.591835
0.051282 , 0.358974 , -3.594811
0.051282 , 0.384615 , -3.598169
0.051282 , 0.410256 , -3.603163
0.051282 , 0.435897 , -3.608368
0.051282 , 0.461538 , -3.612522
0.051282 , 0.487179 , -3.616823
0.051282 , 0.512821 , -3.621383
0.051282 , 0.538462 , -3.626061
0.051282 , 0.564103 , -3.629728
0.051282 , 0.589744 , -3.633298
0.051282 , 0.615385 , -3.636913
0.051282 , 0.641026 , -3.640332
0.051282 , 0.666667 , -3.643055
0.051282 , 0.692308 , -3.645584
0.051282 , 0.717949 , -3.647063
0.051282 , 0.743590 , -3.649078
0.051282 , 0.769231 , -3.650147
0.051282 , 0.794872 , -3.650759
0.051282 , 0.820513 , -3.652222
0.051282 , 0.846154 , -3.653237
0.051282 , 0.871795 , -3.653592
0.051282 , 0.897436 , -3.654019
0.051282 , 0.923077 , -3.655073
0.051282 , 0.948718 , -3.655197
0.051282 , 0.974359 , -3.655363
0.051282 , 1.000000 , -3.655782
0.076923 , 0.000000 , -3.395462
0.076923 , 0.025641 , -3.394966
0.076923 , 0.051282 , -3.393338
0.076923 , 0.076923 , -3.391803
0.076923 , 0.102564 , -3.389745
0.076923 , 0.128205 , -3.387837
0.076923 , 0.153846 , -3.386917
0.076923 , 0.179487 , -3.387065
0.076923 , 0.205128 , -3.387687
0.076923 , 0.230769 , -3.389428
0.076923 , 0.256410 , -3.392704
0.076923 , 0.282051 , -3.396346
0.076923 , 0.307692 , -3.400865
0.076923 , 0.333333 , -3.406021
0.076923 , 0.358974 , -3.409839
0.076923 , 0.384615 , -3.414400
0.076923 , 0.410256 , -3.420674
0.076923 , 0.435897 , -3.427837
0.076923 , 0.461538 , -3.434048
0.076923 , 0.487179 , -3.440914
0.076923 , 0.512821 , -3.447434
0.076923 , 0.538462 , -3.454560
0.076923 , 0.564103 , -3.460539
0.076923 , 0.589744 , -3.465494
0.076923 , 0.615385 , -3.470409
0.076923 , 0.641026 , -3.475415
0.076923 , 0.666667 , -3.479760
0.076923 , 0.692308 , -3.483511
0.076923 , 0.717949 , -3.486232
0.076923 , 0.743590 , -3.488394
0.076923 , 0.769231 , -3.489829
0.076923 , 0.794872 , -3.491538
0.076923 , 0.820513 , -3.493202
0.076923 , 0.846154 , -3.493969
0.076923 , 0.871795 , -3.494740
0.076923 , 0.897436 , -3.495124
0.076923 , 0.923077 , -3.496338
0.076923 , 0.948718 , -3.496728
0.076923 , 0.974359 , -3.496483
0.076923 , 1.000000 , -3.497148
0.102564 , 0.000000 , -3.208946
0.102564 , 0.025641 , -3.207626
0.102564 , 0.051282 , -3.205760
0.102564 , 0.076923 , -3.204171
0.102564 , 0.102564 , -3.202045
0.102564 , 0.128205 , -3.200132
0.102564 , 0.153846 , -3.199490
0.102564 , 0.179487 , -3.199668
0.102564 , 0.205128 , -3.199908
0.102564 , 0.230769 , -3.201169
0.102564 , 0.256410 , -3.204003
0.102564 , 0.282051 , -3.208873
0.102564 , 0.307692 , -3.214900
0.102564 , 0.333333 , -3.221417
0.102564 , 0.358974 , -3.227082
0.102564 , 0.384615 , -3.232451
0.102564 , 0.410256 , -3.239729
0.102564 , 0.435897 , -3.248633
0.102564 , 0.461538 , -3.256899
0.102564 , 0.487179 , -3.265439
0.102564 , 0.512821 , -3.273761
0.102564 , 0.538462 , -3.282852
0.102564 , 0.564103 , -3.291177
0.102564 , 0.589744 , -3.297849
0.102564 , 0.615385 , -3.304492
0.102564 , 0.641026 , -3.310445
0.102564 , 0.666667 , -3.315963
0.102564 , 0.692308 , -3.321187
0.102564 , 0.717949 , -3.324873
0.102564 , 0.743590 , -3.327405
0.102564 , 0.769231 , -3.329742
0.102564 , 0.794872 , -3.331724
0.102564 , 0.820513 , -3.333453
0.102564 , 0.846154 , -3.334509
0.102564 , 0.871795 , -3.335957
0.102564 , 0.897436 , -3.336613
0.102564 , 0.923077 , -3.337862
0.102564 , 0.948718 , -3.338012
0.102564 , 0.974359 , -3.337167
0.102564 , 1.000000 , -3.337263
0.128205 , 0.000000 , -3.027199
0.128205 , 0.025641 , -3.025521
0.128205 , 0.051282 , -3.023284
0.128205 , 0.076923 , -3.021341
0.128205 , 0.102564 , -3.018948
0.128205 , 0.128205 , -3.016930
0.128205 , 0.153846 , -3.015872
0.128205 , 0.179487 , -3.015569
0.128205 , 0.205128 , -3.015617
0.128205 , 0.230769 , -3.016449
0.128205 , 0.256410 , -3.019229
0.128205 , 0.282051 , -3.023967
0.128205 , 0.307692 , -3.031267
0.128205 , 0.333333 , -3.038641
0.128205 , 0.358974 , -3.045780
0.128205 , 0.384615 , -3.053508
0.128205 , 0.410256 , -3.061949
0.128205 , 0.435897 , -3.072003
0.128205 , 0.461538 , -3.082329
0.128205 , 0.487179 , -3.092618
0.128205 , 0.512821 , -3.103029
0.128205 , 0.538462 , -3.113144
0.128205 , 0.564103 , -3.122567
0.128205 , 0.589744 , -3.131051
0.128205 , 0.615385 , -3.139157
0.128205 , 0.641026 , -3.145984
0.128205 , 0.666667 , -3.152229
0.128205 , 0.692308 , -3.158517
0.128205 , 0.717949 , -3.163695
0.128205 , 0.743590 , -3.167061
0.128205 , 0.769231 , -3.169924
0.128205 , 0.794872 , -3.171752
0.128205 , 0.820513 , -3.173639
0.128205 , 0.846154 , -3.175422
0.128205 , 0.871795 , -3.177062
0.128205 , 0.897436 , -3.177940
0.128205 , 0.923077 , -3.178824
0.128205 , 0.948718 , -3.179289
0.128205 , 0.974359 , -3.178443
0.128205 , 1.000000 , -3.177556
0.153846 , 0.000000 , -2.848275
0.153846 , 0.025641 , -2.847006
0.153846 , 0.051282 , -2.845205
0.153846 , 0.076923 , -2.843141
0.153846 , 0.102564 , -2.840391
0.153846 , 0.128205 , -2.837879
0.153846 , 0.153846 , -2.836837
0.153846 , 0.179487 , -2.836268
0.153846 , 0.205128 , -2.835682
0.153846 , 0.230769 , -2.836760
0.153846 , 0.256410 , -2.839180
0.153846 , 0.282051 , -2.843519
0.153846 , 0.307692 , -2.850510
0.153846 , 0.333333 , -2.859381
0.153846 , 0.358974 , -2.867963
0.153846 , 0.384615 , -2.877496
0.153846 , 0.410256 , -2.887614
0.153846 , 0.435897 , -2.898247
0.153846 , 0.461538 , -2.910332
0.153846 , 0.487179 , -2.922571
0.153846 , 0.512821 , -2.934564
0.153846 , 0.538462 , -2.945768
0.153846 , 0.564103 , -2.956036
0.153846 , 0.589744 , -2.966263
0.153846 , 0.615385 , -2.975175
0.153846 , 0.641026 , -2.983659
0.153846 , 0.666667 , -2.991016
0.153846 , 0.692308 , -2.997652
0.153846 , 0.717949 , -3.002830
0.153846 , 0.743590 , -3.007294
0.153846 , 0.769231 , -3.010908
0.153846 , 0.794872 , -3.013310
0.153846 , 0.820513 , -3.015142
0.153846 , 0.846154 , -3.017508
0.153846 , 0.871795 , -3.018185
0.153846 , 0.897436 , -3.018663
0.153846 , 0.923077 , -3.019962
0.153846 , 0.948718 , -3.020685
0.153846 , 0.974359 , -3.019714
0.153846 , 1.000000 , -3.019201
0.179487 , 0.000000 , -2.673497
0.179487 , 0.025641 , -2.672722
0.179487 , 0.051282 , -2.671367
0.179487 , 0.076923 , -2.669424
0.179487 , 0.102564 , -2.666597
0.179487 , 0.128205 , -2.663780
0.179487 , 0.153846 , -2.662373
0.179487 , 0.179487 , -2.662155
0.179487 , 0.205128 , -2.661423
0.179487 , 0.230769 , -2.662731
0.179487 , 0.256410 , -2.664460
0.179487 , 0.282051 , -2.668779
0.179487 , 0.307692 , -2.675374
0.179487 , 0.333333 , -2.684611
0.179487 , 0.358974 , -2.694642
0.179487 , 0.384615 , -2.705473
0.179487 , 0.410256 , -2.717224
0.179487 , 0.435897 , -2.729080
0.179487 , 0.461538 , -2.741558
0.179487 , 0.487179 , -2.755041
0.179487 , 0.512821 , -2.768331
0.179487 , 0.538462 , -2.780537
0.179487 , 0.564103 , -2.791448
0.179487 , 0.589744 , -2.802929
0.179487 , 0.615385 , -2.813002
0.179487 , 0.641026 , -2.821326
0.179487 , 0.666667 , -2.829632
0.179487 , 0.692308 , -2.837046
0.179487 , 0.717949 , -2.842938
0.179487 , 0.743590 , -2.848665
0.179487 , 0.769231 , -2.853755
0.179487 , 0.794872 , -2.856698
0.179487 , 0.820513 , -2.858100
0.179487 , 0.846154 , -2.859995
0.179487 , 0.871795 , -2.860863
0.179487 , 0.897436 , -2.860763
0.179487 , 0.923077 , -2.861660
0.179487 , 0.948718 , -2.862476
0.179487 , 0.974359 , -2.862305
0.179487 , 1.000000 , -2.862146
0.205128 , 0.000000 , -2.504150
0.205128 , 0.025641 , -2.504072
0.205128 , 0.051282 , -2.503120
0.205128 , 0.076923 , -2.500726
0.205128 , 0.102564 , -2.498122
0.205128 , 0.128205 , -2.495281
0.205128 , 0.153846 , -2.493225
0.205128 , 0.179487 , -2.492176
0.205128 , 0.205128 , -2.491801
0.205128 , 0.230769 , -2.493172
0.205128 , 0.256410 , -2.495601
0.205128 , 0.282051 , -2.499441
0.205128 , 0.307692 , -2.506278
0.205128 , 0.333333 , -2.515325
0.205128 , 0.358974 , -2.526319
0.205128 , 0.384615 , -2.538439
0.205128 , 0.410256 , -2.551165
0.205128 , 0.435897 , -2.563369
0.205128 , 0.461538 , -2.576061
0.205128 , 0.487179 , -2.589843
0.205128 , 0.512821 , -2.604065
0.205128 , 0.538462 , -2.617134
0.205128 , 0.564103 , -2.628578
0.205128 , 0.589744 , -2.640485
0.205128 , 0.615385 , -2.651825
0.205128 , 0.641026 , -2.661311
0.205128 , 0.666667 , -2.669937
0.205128 , 0.692308 , -2.677896
0.205128 , 0.717949 , -2.685038
0.205128 , 0.743590 , -2.691790
0.205128 , 0.769231 , -2.698080
0.205128 , 0.794872 , -2.701117
0.205128 , 0.820513 , -2.702418
0.205128 , 0.846154 , -2.702852
0.205128 , 0.871795 , -2.704109
0.205128 , 0.897436 , -2.705057
0.205128 , 0.923077 , -2.705634
0.205128 , 0.948718 , -2.706112
0.205128 , 0.974359 , -2.705767
0.205128 , 1.000000 , -2.705772
0.230769 , 0.000000 , -2.340920
0.230769 , 0.025641 , -2.340767
0.230769 , 0.051282 , -2.339947
0.230769 , 0.076923 , -2.337212
0.230769 , 0.102564 , -2.335090
0.230769 , 0.128205 , -2.332590
0.230769 , 0.153846 , -2.330472
0.230769 , 0.179487 , -2.328842
0.230769 , 0.205128 , -2.328373
0.230769 , 0.230769 , -2.329744
0.230769 , 0.256410 , -2.332451
0.230769 , 0.282051 , -2.336813
0.230769 , 0.307692 , -2.343926
0.230769 , 0.333333 , -2.352486
0.230769 , 0.358974 , -2.363019
0.230769 , 0.384615 , -2.375731
0.230769 , 0.410256 , -2.389047
0.230769 , 0.435897 , -2.401759
0.230769 , 0.461538 , -2.414824
0.230769 , 0.487179 , -2.428099
0.230769 , 0.512821 , -2.442354
0.230769 , 0.538462 , -2.456436
0.230769 , 0.564103 , -2.468942
0.230769 , 0.589744 , -2.481411
0.230769 , 0.615385 , -2.493021
0.230769 , 0.641026 , -2.503175
0.230769 , 0.666667 , -2.512160
0.230769 , 0.692308 , -2.520985
0.230769 , 0.717949 , -2.528934
0.230769 , 0.743590 , -2.535882
0.230769 , 0.769231 , -2.542190
0.230769 , 0.794872 , -2.545868
0.230769 , 0.820513 , -2.547913
0.230769 , 0.846154 , -2.548719
0.230769 , 0.871795 , -2.548726
0.230769 , 0.897436 , -2.549296
0.230769 , 0.923077 , -2.551062
0.230769 , 0.948718 , -2.551068
0.230769 , 0.974359 , -2.550132
0.230769 , 1.000000 , -2.549898
0.256410 , 0.000000 , -2.183047
0.256410 , 0.025641 , -2.183348
0.256410 , 0.051282 , -2.182472
0.256410 , 0.076923 , -2.179677
0.256410 , 0.102564 , -2.177797
0.256410 , 0.128205 , -2.176035
0.256410 , 0.153846 , -2.174551
0.256410 , 0.179487 , -2.172962
0.256410 , 0.205128 , -2.172196
0.256410 , 0.230769 , -2.173677
0.256410 , 0.256410 , -2.176441
0.256410 , 0.282051 , -2.181025
0.256410 , 0.307692 , -2.188308
0.256410 , 0.333333 , -2.196929
0.256410 , 0.358974 , -2.206486
0.256410 , 0.384615 , -2.218183
0.256410 , 0.410256 , -2.231148
0.256410 , 0.435897 , -2.244110
0.256410 , 0.461538 , -2.257615
0.256410 , 0.487179 , -2.270981
0.256410 , 0.512821 , -2.284699
0.256410 , 0.538462 , -2.298033
0.256410 , 0.564103 , -2.311382
0.256410 , 0.589744 , -2.324538
0.256410 , 0.615385 , -2.336810
0.256410 , 0.641026 , -2.347197
0.256410 , 0.666667 , -2.356867
0.256410 , 0.692308 , -2.366257
0.256410 , 0.717949 , -2.374651
0.256410 , 0.743590 , -2.381609
0.256410 , 0.769231 , -2.387347
0.256410 , 0.794872 , -2.391306
0.256410 , 0.820513 , -2.393719
0.256410 , 0.846154 , -2.395297
0.256410 , 0.871795 , -2.395832
0.256410 , 0.897436 , -2.396158
0.256410 , 0.923077 , -2.397606
0.256410 , 0.948718 , -2.397549
0.256410 , 0.974359 , -2.396104
0.256410 , 1.000000 , -2.395100
0.282051 , 0.000000 , -2.032165
0.282051 , 0.025641 , -2.031841
0.282051 , 0.051282 , -2.030946
0.282051 , 0.076923 , -2.028938
0.282051 , 0.102564 , -2.027302
0.282051 , 0.128205 , -2.026321
0.282051 , 0.153846 , -2.025714
0.282051 , 0.179487 , -2.024517
0.282051 , 0.205128 , -2.023872
0.282051 , 0.230769 , -2.024633
0.282051 , 0.256410 , -2.027103
0.282051 , 0.282051 , -2.032205
0.282051 , 0.307692 , -2.038811
0.282051 , 0.333333 , -2.046931
0.282051 , 0.358974 , -2.056476
0.282051 , 0.384615 , -2.067474
0.282051 , 0.410256 , -2.079153
0.282051 , 0.435897 , -2.091551
0.282051 , 0.461538 , -2.104845
0.282051 , 0.487179 , -2.117810
0.282051 , 0.512821 , -2.131474
0.282051 , 0.538462 , -2.144489
0.282051 , 0.564103 , -2.157914
0.282051 , 0.589744 , -2.170884
0.282051 , 0.615385 , -2.183231
0.282051 , 0.641026 , -2.194468
0.282051 , 0.666667 , -2.204923
0.282051 , 0.692308 , -2.214687
0.282051 , 0.717949 , -2.223078
0.282051 , 0.743590 , -2.229931
0.282051 , 0.769231 , -2.234969
0.282051 , 0.794872 , -2.239515
0.282051 , 0.820513 , -2.242242
0.282051 , 0.846154 , -2.243623
0.282051 , 0.871795 , -2.244163
0.282051 , 0.897436 , -2.245437
0.282051 , 0.923077 , -2.246448
0.282051 , 0.948718 , -2.246021
0.282051 , 0.974359 , -2.244860
0.282051 , 1.000000 , -2.243515
0.307692 , 0.000000 , -1.887931
0.307692 , 0.025641 , -1.887555
0.307692 , 0.051282 , -1.886266
0.307692 , 0.076923 , -1.884518
0.307692 , 0.102564 , -1.883240
0.307692 , 0.128205 , -1.882347
0.307692 , 0.153846 , -1.882238
0.307692 , 0.179487 , -1.882391
0.307692 , 0.205128 , -1.882714
0.307692 , 0.230769 , -1.883613
0.307692 , 0.256410 , -1.885782
0.307692 , 0.282051 , -1.890326
0.307692 , 0.307692 , -1.895892
0.307692 , 0.333333 , -1.902954
0.307692 , 0.358974 , -1.911599
0.307692 , 0.384615 , -1.921620
0.307692 , 0.410256 , -1.932984
0.307692 , 0.435897 , -1.944676
0.307692 , 0.461538 , -1.957335
0.307692 , 0.487179 , -1.969616
0.307692 , 0.512821 , -1.982438
0.307692 , 0.538462 , -1.995021
0.307692 , 0.564103 , -2.008204
0.307692 , 0.589744 , -2.020799
0.307692 , 0.615385 , -2.032995
0.307692 , 0.641026 , -2.044796
0.307692 , 0.666667 , -2.055563
0.307692 , 0.692308 , -2.065172
0.307692 , 0.717949 , -2.073140
0.307692 , 0.743590 , -2.080318
0.307692 , 0.769231 , -2.086022
0.307692 , 0.794872 , -2.090813
0.307692 , 0.820513 , -2.093334
0.307692 , 0.846154 , -2.094354
0.307692 , 0.871795 , -2.094796
0.307692 , 0.897436 , -2.096666
0.307692 , 0.923077 , -2.098232
0.307692 , 0.948718 , -2.098003
0.307692 , 0.974359 , -2.097016
0.307692 , 1.000000 , -2.095629
0.333333 , 0.000000 , -1.749388
0.333333 , 0.025641 , -1.749318
0.333333 , 0.051282 , -1.748252
0.333333 , 0.076923 , -1.747136
0.333333 , 0.102564 , -1.746257
0.333333 , 0.128205 , -1.744940
0.333333 , 0.153846 , -1.745175
0.333333 , 0.179487 , -1.746634
0.333333 , 0.205128 , -1.747912
0.333333 , 0.230769 , -1.748672
0.333333 , 0.256410 , -1.750362
0.333333 , 0.282051 , -1.754511
0.333333 , 0.307692 , -1.759788
0.333333 , 0.333333 , -1.766353
0.333333 , 0.358974 , -1.774030
0.333333 , 0.384615 , -1.782476
0.333333 , 0.410256 , -1.792649
0.333333 , 0.435897 , -1.803670
0.333333 , 0.461538 , -1.814976
0.333333 , 0.487179 , -1.826303
0.333333 , 0.512821 , -1.838404
0.333333 , 0.538462 , -1.850362
0.333333 , 0.564103 , -1.862643
0.333333 , 0.589744 , -1.874636
0.333333 , 0.615385 , -1.886107
0.333333 , 0.641026 , -1.896951
0.333333 , 0.666667 , -1.908287
0.333333 , 0.692308 , -1.918058
0.333333 , 0.717949 , -1.925946
0.333333 , 0.743590 , -1.932938
0.333333 , 0.769231 , -1.938538
0.333333 , 0.794872 , -1.944066
0.333333 , 0.820513 , -1.947227
0.333333 , 0.846154 , -1.948307
0.333333 , 0.871795 , -1.949329
0.333333 , 0.897436 , -1.950987
0.333333 , 0.923077 , -1.952876
0.333333 , 0.948718 , -1.953061
0.333333 , 0.974359 , -1.951959
0.333333 , 1.000000 , -1.950883
0.358974 , 0.000000 , -1.617044
0.358974 , 0.025641 , -1.617114
0.358974 , 0.051282 , -1.616571
0.358974 , 0.076923 , -1.616111
0.358974 , 0.102564 , -1.615742
0.358974 , 0.128205 , -1.614777
0.358974 , 0.153846 , -1.614939
0.358974 , 0.179487 , -1.616719
0.358974 , 0.205128 , -1.619628
0.358974 , 0.230769 , -1.620773
0.358974 , 0.256410 , -1.621915
0.358974 , 0.282051 , -1.624519
0.358974 , 0.307692 , -1.629604
0.358974 , 0.333333 , -1.635734
0.358974 , 0.358974 , -1.642778
0.358974 , 0.384615 , -1.649858
0.358974 , 0.410256 , -1.658414
0.358974 , 0.435897 , -1.668585
0.358974 , 0.461538 , -1.678583
0.358974 , 0.487179 , -1.688822
0.358974 , 0.512821 , -1.699480
0.358974 , 0.538462 , -1.710807
0.358974 , 0.564103 , -1.722155
0.358974 , 0.589744 , -1.733045
0.358974 , 0.615385 , -1.743607
0.358974 , 0.641026 , -1.753545
0.358974 , 0.666667 , -1.763570
0.358974 , 0.692308 , -1.772795
0.358974 , 0.717949 , -1.780525
0.358974 , 0.743590 , -1.788070
0.358974 , 0.769231 , -1.794198
0.358974 , 0.794872 , -1.799780
0.358974 , 0.820513 , -1.803909
0.358974 , 0.846154 , -1.805840
0.358974 , 0.871795 , -1.806730
0.358974 , 0.897436 , -1.808474
0.358974 , 0.923077 , -1.810002
0.358974 , 0.948718 , -1.810449
0.358974 , 0.974359 , -1.810459
0.358974 , 1.000000 , -1.810172
0.384615 , 0.000000 , -1.490602
0.384615 , 0.025641 , -1.491112
0.384615 , 0.051282 , -1.491182
0.384615 , 0.076923 , -1.491611
0.384615 , 0.102564 , -1.491734
0.384615 , 0.128205 , -1.491993
0.384615 , 0.153846 , -1.492248
0.384615 , 0.179487 , -1.494131
0.384615 , 0.205128 , -1.496929
0.384615 , 0.230769 , -1.498751
0.384615 , 0.256410 , -1.499729
0.384615 , 0.282051 , -1.501917
0.384615 , 0.307692 , -1.505853
0.384615 , 0.333333 , -1.511887
0.384615 , 0.358974 , -1.517621
0.384615 , 0.384615 , -1.523850
0.384615 , 0.410256 , -1.530840
0.384615 , 0.435897 , -1.539543
0.384615 , 0.461538 , -1.548301
0.384615 , 0.487179 , -1.557344
0.384615 , 0.512821 , -1.566540
0.384615 , 0.538462 , -1.576458
0.384615 , 0.564103 , -1.586719
0.384615 , 0.589744 , -1.596428
0.384615 , 0.615385 , -1.606048
0.384615 , 0.641026 , -1.615264
0.384615 , 0.666667 , -1.624092
0.384615 , 0.692308 , -1.631656
0.384615 , 0.717949 , -1.639018
0.384615 , 0.743590 , -1.646715
0.384615 , 0.769231 , -1.653273
0.384615 , 0.794872 , -1.658661
0.384615 , 0.820513 , -1.663384
0.384615 , 0.846154 , -1.666027
0.384615 , 0.871795 , -1.667725
0.384615 , 0.897436 , -1.669665
0.384615 , 0.923077 , -1.671372
0.384615 , 0.948718 , -1.672426
0.384615 , 0.974359 , -1.672678
0.384615 , 1.000000 , -1.672540
0.410256 , 0.000000 , -1.371228
0.410256 , 0.025641 , -1.371670
0.410256 , 0.051282 , -1.372267
0.410256 , 0.076923 , -1.373396
0.410256 , 0.102564 , -1.374669
0.410256 , 0.128205 , -1.375525
0.410256 , 0.153846 , -1.376740
0.410256 , 0.179487 , -1.378408
0.410256 , 0.205128 , -1.380465
0.410256 , 0.230769 , -1.382087
0.410256 , 0.256410 , -1.383502
0.410256 , 0.282051 , -1.385947
0.410256 , 0.307692 , -1.389652
0.410256 , 0.333333 , -1.394812
0.410256 , 0.358974 , -1.399452
0.410256 , 0.384615 , -1.404536
0.410256 , 0.410256 , -1.410280
0.410256 , 0.435897 , -1.417111
0.410256 , 0.461538 , -1.424734
0.410256 , 0.487179 , -1.431993
0.410256 , 0.512821 , -1.439419
0.410256 , 0.538462 , -1.448060
0.410256 , 0.564103 , -1.456430
0.410256 , 0.589744 , -1.465439
0.410256 , 0.615385 , -1.474234
0.410256 , 0.641026 , -1.482236
0.410256 , 0.666667 , -1.489753
0.410256 , 0.692308 , -1.496352
0.410256 , 0.717949 , -1.502721
0.410256 , 0.743590 , -1.509968
0.410256 , 0.769231 , -1.516637
0.410256 , 0.794872 , -1.522412
0.410256 , 0.820513 , -1.526737
0.410256 , 0.846154 , -1.529902
0.410256 , 0.871795 , -1.532800
0.410256 , 0.897436 , -1.535338
0.410256 , 0.923077 , -1.536652
0.410256 , 0.948718 , -1.537821
0.410256 , 0.974359 , -1.537765
0.410256 , 1.000000 , -1.537782
0.435897 , 0.000000 , -1.258559
0.435897 , 0.025641 , -1.258950
0.435897 , 0.051282 , -1.260242
0.435897 , 0.076923 , -1.262294
0.435897 , 0.102564 , -1.264273
0.435897 , 0.128205 , -1.265786
0.435897 , 0.153846 , -1.267745
0.435897 , 0.179487 , -1.269448
0.435897 , 0.205128 , -1.271104
0.435897 , 0.230769 , -1.273133
0.435897 , 0.256410 , -1.274966
0.435897 , 0.282051 , -1.277082
0.435897 , 0.307692 , -1.280053
0.435897 , 0.333333 , -1.283954
0.435897 , 0.358974 , -1.287829
0.435897 , 0.384615 , -1.291755
0.435897 , 0.410256 , -1.295964
0.435897 , 0.435897 , -1.300815
0.435897 , 0.461538 , -1.306605
0.435897 , 0.487179 , -1.312426
0.435897 , 0.512821 , -1.317959
0.435897 , 0.538462 , -1.324778
0.435897 , 0.564103 , -1.331757
0.435897 , 0.589744 , -1.339430
0.435897 , 0.615385 , -1.347084
0.435897 , 0.641026 , -1.353952
0.435897 , 0.666667 , -1.360185
0.435897 , 0.692308 , -1.366029
0.435897 , 0.717949 , -1.371794
0.435897 , 0.743590 , -1.377843
0.435897 , 0.769231 , -1.383908
0.435897 , 0.794872 , -1.389391
0.435897 , 0.820513 , -1.393991
0.435897 , 0.846154 , -1.398008
0.435897 , 0.871795 , -1.401276
0.435897 , 0.897436 , -1.403624
0.435897 , 0.923077 , -1.404859
0.435897 , 0.948718 , -1.406199
0.435897 , 0.974359 , -1.406107
0.435897 , 1.000000 , -1.406067
0.461538 , 0.000000 , -1.152872
0.461538 , 0.025641 , -1.153316
0.461538 , 0.051282 , -1.155066
0.461538 , 0.076923 , -1.156966
0.461538 , 0.102564 , -1.160142
0.461538 , 0.128205 , -1.162676
0.461538 , 0.153846 , -1.164427
0.461538 , 0.179487 , -1.166646
0.461538 , 0.205128 , -1.168065
0.461538 , 0.230769 , -1.170547
0.461538 , 0.256410 , -1.172615
0.461538 , 0.282051 , -1.174576
0.461538 , 0.307692 , -1.176968
0.461538 , 0.333333 , -1.179813
0.461538 , 0.358974 , -1.182339
0.461538 , 0.384615 , -1.184700
0.461538 , 0.410256 , -1.187294
0.461538 , 0.435897 , -1.191001
0.461538 , 0.461538 , -1.195111
0.461538 , 0.487179 , -1.198827
0.461538 , 0.512821 , -1.202756
0.461538 , 0.538462 , -1.207035
0.461538 , 0.564103 , -1.212071
0.461538 , 0.589744 , -1.217890
0.461538 , 0.615385 , -1.223952
0.461538 , 0.641026 , -1.229414
0.461538 , 0.666667 , -1.234932
0.461538 , 0.692308 , -1.240063
0.461538 , 0.717949 , -1.244917
0.461538 , 0.743590 , -1.249638
0.461538 , 0.769231 , -1.255393
0.461538 , 0.794872 , -1.260928
0.461538 , 0.820513 , -1.265387
0.461538 , 0.846154 , -1.269445
0.461538 , 0.871795 , -1.272479
0.461538 , 0.897436 , -1.275090
0.461538 , 0.923077 , -1.277093
0.461538 , 0.948718 , -1.278517
0.461538 , 0.974359 , -1.278852
0.461538 , 1.000000 , -1.278882
0.487179 , 0.000000 , -1.053806
0.487179 , 0.025641 , -1.054174
0.487179 , 0.051282 , -1.056383
0.487179 , 0.076923 , -1.058645
0.487179 , 0.102564 , -1.062276
0.487179 , 0.128205 , -1.065414
0.487179 , 0.153846 , -1.067345
0.487179 , 0.179487 , -1.069588
0.487179 , 0.205128 , -1.071423
0.487179 , 0.230769 , -1.074456
0.487179 , 0.256410 , -1.076771
0.487179 , 0.282051 , -1.078327
0.487179 , 0.307692 , -1.080380
0.487179 , 0.333333 , -1.081520
0.487179 , 0.358974 , -1.082674
0.487179 , 0.384615 , -1.083672
0.487179 , 0.410256 , -1.085112
0.487179 , 0.435897 , -1.087311
0.487179 , 0.461538 , -1.089334
0.487179 , 0.487179 , -1.090931
0.487179 , 0.512821 , -1.092798
0.487179 , 0.538462 , -1.095709
0.487179 , 0.564103 , -1.098364
0.487179 , 0.589744 , -1.101973
0.487179 , 0.615385 , -1.106164
0.487179 , 0.641026 , -1.109651
0.487179 , 0.666667 , -1.113920
0.487179 , 0.692308 , -1.118649
0.487179 , 0.717949 , -1.122736
0.487179 , 0.743590 , -1.126768
0.487179 , 0.769231 , -1.131310
0.487179 , 0.794872 , -1.136431
0.487179 , 0.820513 , -1.141059
0.487179 , 0.846154 , -1.144901
0.487179 , 0.871795 , -1.148409
0.487179 , 0.897436 , -1.151351
0.487179 , 0.923077 , -1.153627
0.487179 , 0.948718 , -1.154550
0.487179 , 0.974359 , -1.155265
0.487179 , 1.000000 , -1.155082
0.512821 , 0.000000 , -0.961436
0.512821 , 0.025641 , -0.962252
0.512821 , 0.051282 , -0.964122
0.512821 , 0.076923 , -0.967552
0.512821 , 0.102564 , -0.971226
0.512821 , 0.128205 , -0.974267
0.512821 , 0.153846 , -0.976691
0.512821 , 0.179487 , -0.978836
0.512821 , 0.205128 , -0.981218
0.512821 , 0.230769 , -0.984666
0.512821 , 0.256410 , -0.987487
0.512821 , 0.282051 , -0.988975
0.512821 , 0.307692 , -0.990231
0.512821 , 0.333333 , -0.989904
0.512821 , 0.358974 , -0.989595
0.512821 , 0.384615 , -0.989048
0.512821 , 0.410256 , -0.989282
0.512821 , 0.435897 , -0.989388
0.512821 , 0.461538 , -0.989576
0.512821 , 0.487179 , -0.988901
0.512821 , 0.512821 , -0.988771
0.512821 , 0.538462 , -0.989995
0.512821 , 0.564103 , -0.991417
0.512821 , 0.589744 , -0.992774
0.512821 , 0.615385 , -0.994952
0.512821 , 0.641026 , -0.996498
0.512821 , 0.666667 , -0.998991
0.512821 , 0.692308 , -1.002312
0.512821 , 0.717949 , -1.005233
0.512821 , 0.743590 , -1.008954
0.512821 , 0.769231 , -1.012900
0.512821 , 0.794872 , -1.016697
0.512821 , 0.820513 , -1.021017
0.512821 , 0.846154 , -1.025148
0.512821 , 0.871795 , -1.028661
0.512821 , 0.897436 , -1.031654
0.512821 , 0.923077 , -1.034023
0.512821 , 0.948718 , -1.034896
0.512821 , 0.974359 , -1.035553
0.512821 , 1.000000 , -1.035562
0.538462 , 0.000000 , -0.875650
0.538462 , 0.025641 , -0.876286
0.538462 , 0.051282 , -0.878689
0.538462 , 0.076923 , -0.882331
0.538462 , 0.102564 , -0.885916
0.538462 , 0.128205 , -0.889028
0.538462 , 0.153846 , -0.891979
0.538462 , 0.179487 , -0.894311
0.538462 , 0.205128 , -0.896875
0.538462 , 0.230769 , -0.899846
0.538462 , 0.256410 , -0.902721
0.538462 , 0.282051 , -0.904036
0.538462 , 0.307692 , -0.905081
0.538462 , 0.333333 , -0.904460
0.538462 , 0.358974 , -0.902769
0.538462 , 0.384615 , -0.901084
0.538462 , 0.410256 , -0.899342
0.538462 , 0.435897 , -0.897586
0.538462 , 0.461538 , -0.896281
0.538462 , 0.487179 , -0.894189
0.538462 , 0.512821 , -0.891868
0.538462 , 0.538462 , -0.890054
0.538462 , 0.564103 , -0.889280
0.538462 , 0.589744 , -0.889018
0.538462 , 0.615385 , -0.889169
0.538462 , 0.641026 , -0.889368
0.538462 , 0.666667 , -0.890096
0.538462 , 0.692308 , -0.891709
0.538462 , 0.717949 , -0.893823
0.538462 , 0.743590 , -0.896228
0.538462 , 0.769231 , -0.899414
0.538462 , 0.794872 , -0.902425
0.538462 , 0.820513 , -0.906233
0.538462 , 0.846154 , -0.909994
0.538462 , 0.871795 , -0.913679
0.538462 , 0.897436 , -0.916704
0.538462 , 0.923077 , -0.918226
0.538462 , 0.948718 , -0.919076
0.538462 , 0.974359 , -0.919925
0.538462 , 1.000000 , -0.920583
0.564103 , 0.000000 , -0.795575
0.564103 , 0.025641 , -0.796562
0.564103 , 0.051282 , -0.798427
0.564103 , 0.076923 , -0.801876
0.564103 , 0.102564 , -0.805515
0.564103 , 0.128205 , -0.809604
0.564103 , 0.153846 , -0.813399
0.564103 , 0.179487 , -0.815957
0.564103 , 0.205128 , -0.818475
0.564103 , 0.230769 , -0.819837
0.564103 , 0.256410 , -0.822922
0.564103 , 0.282051 , -0.824720
0.564103 , 0.307692 , -0.824773
0.564103 , 0.333333 , -0.823097
0.564103 , 0.358974 , -0.820281
0.564103 , 0.384615 , -0.817676
0.564103 , 0.410256 , -0.814948
0.564103 , 0.435897 , -0.811768
0.564103 , 0.461538 , -0.808319
0.564103 , 0.487179 , -0.804702
0.564103 , 0.512821 , -0.800679
0.564103 , 0.538462 , -0.796358
0.564103 , 0.564103 , -0.792770
0.564103 , 0.589744 , -0.790973
0.564103 , 0.615385 , -0.789616
0.564103 , 0.641026 , -0.788151
0.564103 , 0.666667 , -0.787166
0.564103 , 0.692308 , -0.787239
0.564103 , 0.717949 , -0.787811
0.564103 , 0.743590 , -0.789126
0.564103 , 0.769231 , -0.790949
0.564103 , 0.794872 , -0.793702
0.564103 , 0.820513 , -0.797234
0.564103 , 0.846154 , -0.800121
0.564103 , 0.871795 , -0.803190
0.564103 , 0.897436 , -0.806259
0.564103 , 0.923077 , -0.807283
0.564103 , 0.948718 , -0.808486
0.564103 , 0.974359 , -0.809413
0.564103 , 1.000000 , -0.809723
0.589744 , 0.000000 , -0.720640
0.589744 , 0.025641 , -0.722061
0.589744 , 0.051282 , -0.723871
0.589744 , 0.076923 , -0.726859
0.589744 , 0.102564 , -0.731065
0.589744 , 0.128205 , -0.735699
0.589744 , 0.153846 , -0.739961
0.589744 , 0.179487 , -0.742627
0.589744 , 0.205128 , -0.744733
0.589744 , 0.230769 , -0.745740
0.589744 , 0.256410 , -0.747094
0.589744 , 0.282051 , -0.748847
0.589744 , 0.307692 , -0.749196
0.589744 , 0.333333 , -0.746669
0.589744 , 0.358974 , -0.743526
0.589744 , 0.384615 , -0.739776
0.589744 , 0.410256 , -0.735960
0.589744 , 0.435897 , -0.731689
0.589744 , 0.461538 , -0.726589
0.589744 , 0.487179 , -0.720557
0.589744 , 0.512821 , -0.715111
0.589744 , 0.538462 , -0.709502
0.589744 , 0.564103 , -0.704219
0.589744 , 0.589744 , -0.699484
0.589744 , 0.615385 , -0.696182
0.589744 , 0.641026 , -0.692961
0.589744 , 0.666667 , -0.689976
0.589744 , 0.692308 , -0.688829
0.589744 , 0.717949 , -0.687585
0.589744 , 0.743590 , -0.687062
0.589744 , 0.769231 , -0.687930
0.589744 , 0.794872 , -0.689573
0.589744 , 0.820513 , -0.692770
0.589744 , 0.846154 , -0.696329
0.589744 , 0.871795 , -0.698926
0.589744 , 0.897436 , -0.701284
0.589744 , 0.923077 , -0.702316
0.589744 , 0.948718 , -0.703764
0.589744 , 0.974359 , -0.704678
0.589744 , 1.000000 , -0.704443
0.615385 , 0.000000 , -0.650863
0.615385 , 0.025641 , -0.652119
0.615385 , 0.051282 , -0.654117
0.615385 , 0.076923 , -0.657041
0.615385 , 0.102564 , -0.661405
0.615385 , 0.128205 , -0.666472
0.615385 , 0.153846 , -0.670419
0.615385 , 0.179487 , -0.672925
0.615385 , 0.205128 , -0.674984
0.615385 , 0.230769 , -0.677344
0.615385 , 0.256410 , -0.678823
0.615385 , 0.282051 , -0.678643
0.615385 , 0.307692 , -0.678349
0.615385 , 0.333333 , -0.675697
0.615385 , 0.358974 , -0.672335
0.615385 , 0.384615 , -0.667757
0.615385 , 0.410256 , -0.662558
0.615385 , 0.435897 , -0.656714
0.615385 , 0.461538 , -0.650197
0.615385 , 0.487179 , -0.642627
0.615385 , 0.512821 , -0.635559
0.615385 , 0.538462 , -0.628353
0.615385 , 0.564103 , -0.622239
0.615385 , 0.589744 , -0.616284
0.615385 , 0.615385 , -0.610410
0.615385 , 0.641026 , -0.604427
0.615385 , 0.666667 , -0.599357
0.615385 , 0.692308 , -0.596222
0.615385 , 0.717949 , -0.593178
0.615385 , 0.743590 , -0.590941
0.615385 , 0.769231 , -0.590399
0.615385 , 0.794872 , -0.591207
0.615385 , 0.820513 , -0.593382
0.615385 , 0.846154 , -0.597255
0.615385 , 0.871795 , -0.600239
0.615385 , 0.897436 , -0.601663
0.615385 , 0.923077 , -0.603310
0.615385 , 0.948718 , -0.604544
0.615385 , 0.974359 , -0.605179
0.615385 , 1.000000 , -0.604997
0.641026 , 0.000000 , -0.586539
0.641026 , 0.025641 , -0.587059
0.641026 , 0.051282 , -0.589220
0.641026 , 0.076923 , -0.591969
0.641026 , 0.102564 , -0.596763
0.641026 , 0.128205 , -0.601947
0.641026 , 0.153846 , -0.605539
0.641026 , 0.179487 , -0.607851
0.641026 , 0.205128 , -0.609822
0.641026 , 0.230769 , -0.613037
0.641026 , 0.256410 , -0.615048
0.641026 , 0.282051 , -0.614265
0.641026 , 0.307692 , -0.613296
0.641026 , 0.333333 , -0.610095
0.641026 , 0.358974 , -0.605911
0.641026 , 0.384615 , -0.600648
0.641026 , 0.410256 , -0.594161
0.641026 , 0.435897 , -0.587086
0.641026 , 0.461538 , -0.579076
0.641026 , 0.487179 , -0.570252
0.641026 , 0.512821 , -0.561688
0.641026 , 0.538462 , -0.553293
0.641026 , 0.564103 , -0.545784
0.641026 , 0.589744 , -0.538440
0.641026 , 0.615385 , -0.530651
0.641026 , 0.641026 , -0.522170
0.641026 , 0.666667 , -0.515116
0.641026 , 0.692308 , -0.509849
0.641026 , 0.717949 , -0.504815
0.641026 , 0.743590 , -0.501651
0.641026 , 0.769231 , -0.500191
0.641026 , 0.794872 , -0.499812
0.641026 , 0.820513 , -0.500821
0.641026 , 0.846154 , -0.503987
0.641026 , 0.871795 , -0.506696
0.641026 , 0.897436 , -0.507715
0.641026 , 0.923077 , -0.509397
0.641026 , 0.948718 , -0.510542
0.641026 , 0.974359 , -0.511284
0.641026 , 1.000000 , -0.511637
0.666667 , 0.000000 , -0.527407
0.666667 , 0.025641 , -0.527652
0.666667 , 0.051282 , -0.529233
0.666667 , 0.076923 , -0.531894
0.666667 , 0.102564 , -0.536567
0.666667 , 0.128205 , -0.541859
0.666667 , 0.153846 , -0.545983
0.666667 , 0.179487 , -0.548757
0.666667 , 0.205128 , -0.551045
0.666667 , 0.230769 , -0.553261
0.666667 , 0.256410 , -0.554836
0.666667 , 0.282051 , -0.554562
0.666667 , 0.307692 , -0.552302
0.666667 , 0.333333 , -0.548551
0.666667 , 0.358974 , -0.543701
0.666667 , 0.384615 , -0.537719
0.666667 , 0.410256 , -0.530434
0.666667 , 0.435897 , -0.522155
0.666667 , 0.461538 , -0.513477
0.666667 , 0.487179 , -0.503477
0.666667 , 0.512821 , -0.493788
0.666667 , 0.538462 , -0.484117
0.666667 , 0.564103 , -0.475039
0.666667 , 0.589744 , -0.466001
0.666667 , 0.615385 , -0.456442
0.666667 , 0.641026 , -0.446321
0.666667 , 0.666667 , -0.437809
0.666667 , 0.692308 , -0.430581
0.666667 , 0.717949 , -0.424549
0.666667 , 0.743590 , -0.419348
0.666667 , 0.769231 , -0.416512
0.666667 , 0.794872 , -0.415687
0.666667 , 0.820513 , -0.415558
0.666667 , 0.846154 , -0.416435
0.666667 , 0.871795 , -0.418419
0.666667 , 0.897436 , -0.419326
0.666667 , 0.923077 , -0.420765
0.666667 , 0.948718 , -0.421941
0.666667 , 0.974359 , -0.423236
0.666667 , 1.000000 , -0.423730
0.692308 , 0.000000 , -0.473587
0.692308 , 0.025641 , -0.473409
0.692308 , 0.051282 , -0.474148
0.692308 , 0.076923 , -0.476784
0.692308 , 0.102564 , -0.480553
0.692308 , 0.128205 , -0.486043
0.692308 , 0.153846 , -0.490419
0.692308 , 0.179487 , -0.493395
0.692308 , 0.205128 , -0.496123
0.692308 , 0.230769 , -0.497910
0.692308 , 0.256410 , -0.498141
0.692308 , 0.282051 , -0.497045
0.692308 , 0.307692 , -0.494707
0.692308 , 0.333333 , -0.490267
0.692308 , 0.358974 , -0.484990
0.692308 , 0.384615 , -0.479206
0.692308 , 0.410256 , -0.471584
0.692308 , 0.435897 , -0.462391
0.692308 , 0.461538 , -0.452880
0.692308 , 0.487179 , -0.442124
0.692308 , 0.512821 , -0.431261
0.692308 , 0.538462 , -0.420822
0.692308 , 0.564103 , -0.410356
0.692308 , 0.589744 , -0.399748
0.692308 , 0.615385 , -0.388633
0.692308 , 0.641026 , -0.377074
0.692308 , 0.666667 , -0.366124
0.692308 , 0.692308 , -0.357579
0.692308 , 0.717949 , -0.350885
0.692308 , 0.743590 , -0.344998
0.692308 , 0.769231 , -0.340291
0.692308 , 0.794872 , -0.337958
0.692308 , 0.820513 , -0.337142
0.692308 , 0.846154 , -0.336363
0.692308 , 0.871795 , -0.336145
0.692308 , 0.897436 , -0.336951
0.692308 , 0.923077 , -0.338539
0.692308 , 0.948718 , -0.339607
0.692308 , 0.974359 , -0.341304
0.692308 , 1.000000 , -0.341600
0.717949 , 0.000000 , -0.423140
0.717949 , 0.025641 , -0.423562
0.717949 , 0.051282 , -0.424075
0.717949 , 0.076923 , -0.426935
0.717949 , 0.102564 , -0.429582
0.717949 , 0.128205 , -0.434376
0.717949 , 0.153846 , -0.438612
0.717949 , 0.179487 , -0.442416
0.717949 , 0.205128 , -0.444466
0.717949 , 0.230769 , -0.445323
0.717949 , 0.256410 , -0.445378
0.717949 , 0.282051 , -0.444015
0.717949 , 0.307692 , -0.441129
0.717949 , 0.333333 , -0.437829
0.717949 , 0.358974 , -0.432241
0.717949 , 0.384615 , -0.425579
0.717949 , 0.410256 , -0.418063
0.717949 , 0.435897 , -0.408583
0.717949 , 0.461538 , -0.398271
0.717949 , 0.487179 , -0.386584
0.717949 , 0.512821 , -0.374524
0.717949 , 0.538462 , -0.363177
0.717949 , 0.564103 , -0.351175
0.717949 , 0.589744 , -0.339139
0.717949 , 0.615385 , -0.326309
0.717949 , 0.641026 , -0.313447
0.717949 , 0.666667 , -0.301879
0.717949 , 0.692308 , -0.291733
0.717949 , 0.717949 , -0.283834
0.717949 , 0.743590 , -0.276778
0.717949 , 0.769231 , -0.271647
0.717949 , 0.794872 , -0.266767
0.717949 , 0.820513 , -0.264046
0.717949 , 0.846154 , -0.262947
0.717949 , 0.871795 , -0.261446
0.717949 , 0.897436 , -0.261717
0.717949 , 0.923077 , -0.262713
0.717949 , 0.948718 , -0.264710
0.717949 , 0.974359 , -0.266297
0.717949 , 1.000000 , -0.267110
0.743590 , 0.000000 , -0.376945
0.743590 , 0.025641 , -0.377700
0.743590 , 0.051282 , -0.378601
0.743590 , 0.076923 , -0.380609
0.743590 , 0.102564 , -0.382907
0.743590 , 0.128205 , -0.386457
0.743590 , 0.153846 , -0.391322
0.743590 , 0.179487 , -0.394935
0.743590 , 0.205128 , -0.396467
0.743590 , 0.230769 , -0.396093
0.743590 , 0.256410 , -0.395922
0.743590 , 0.282051 , -0.394940
0.743590 , 0.307692 , -0.392660
0.743590 , 0.333333 , -0.389624
0.743590 , 0.358974 , -0.384310
0.743590 , 0.384615 , -0.376284
0.743590 , 0.410256 , -0.368086
0.743590 , 0.435897 , -0.359131
0.743590 , 0.461538 , -0.348521
0.743590 , 0.487179 , -0.336510
0.743590 , 0.512821 , -0.323017
0.743590 , 0.538462 , -0.310119
0.743590 , 0.564103 , -0.296676
0.743590 , 0.589744 , -0.283334
0.743590 , 0.615385 , -0.269317
0.743590 , 0.641026 , -0.255242
0.743590 , 0.666667 , -0.243430
0.743590 , 0.692308 , -0.232304
0.743590 , 0.717949 , -0.223146
0.743590 , 0.743590 , -0.215269
0.743590 , 0.769231 , -0.208652
0.743590 , 0.794872 , -0.202884
0.743590 , 0.820513 , -0.198557
0.743590 , 0.846154 , -0.196646
0.743590 , 0.871795 , -0.195223
0.743590 , 0.897436 , -0.194856
0.743590 , 0.923077 , -0.195214
0.743590 , 0.948718 , -0.196639
0.743590 , 0.974359 , -0.198269
0.743590 , 1.000000 , -0.199597
0.769231 , 0.000000 , -0.335287
0.769231 , 0.025641 , -0.335868
0.769231 , 0.051282 , -0.336770
0.769231 , 0.076923 , -0.337976
0.769231 , 0.102564 , -0.340415
0.769231 , 0.128205 , -0.343417
0.769231 , 0.153846 , -0.347905
0.769231 , 0.179487 , -0.351520
0.769231 , 0.205128 , -0.352610
0.769231 , 0.230769 , -0.352560
0.769231 , 0.256410 , -0.352101
0.769231 , 0.282051 , -0.350872
0.769231 , 0.307692 , -0.348332
0.769231 , 0.333333 , -0.345009
0.769231 , 0.358974 , -0.339674
0.769231 , 0.384615 , -0.331378
0.769231 , 0.410256 , -0.322609
0.769231 , 0.435897 , -0.313453
0.769231 , 0.461538 , -0.302546
0.769231 , 0.487179 , -0.290087
0.769231 , 0.512821 , -0.275814
0.769231 , 0.538462 , -0.261675
0.769231 , 0.564103 , -0.247683
0.769231 , 0.589744 , -0.233669
0.769231 , 0.615385 , -0.219008
0.769231 , 0.641026 , -0.204858
0.769231 , 0.666667 , -0.192262
0.769231 , 0.692308 , -0.179743
0.769231 , 0.717949 , -0.168275
0.769231 , 0.743590 , -0.159790
0.769231 , 0.769231 , -0.152726
0.769231 , 0.794872 , -0.146627
0.769231 , 0.820513 , -0.141834
0.769231 , 0.846154 , -0.138881
0.769231 , 0.871795 , -0.136672
0.769231 , 0.897436 , -0.134994
0.769231 , 0.923077 , -0.134592
0.769231 , 0.948718 , -0.135389
0.769231 , 0.974359 , -0.137150
0.769231 , 1.000000 , -0.137160
0.794872 , 0.000000 , -0.298362
0.794872 , 0.025641 , -0.297932
0.794872 , 0.051282 , -0.299104
0.794872 , 0.076923 , -0.300524
0.794872 , 0.102564 , -0.302089
0.794872 , 0.128205 , -0.305037
0.794872 , 0.153846 , -0.308943
0.794872 , 0.179487 , -0.312769
0.794872 , 0.205128 , -0.313610
0.794872 , 0.230769 , -0.313319
0.794872 , 0.256410 , -0.312227
0.794872 , 0.282051 , -0.310572
0.794872 , 0.307692 , -0.308484
0.794872 , 0.333333 , -0.304289
0.794872 , 0.358974 , -0.298166
0.794872 , 0.384615 , -0.290317
0.794872 , 0.410256 , -0.281616
0.794872 , 0.435897 , -0.271712
0.794872 , 0.461538 , -0.259914
0.794872 , 0.487179 , -0.247422
0.794872 , 0.512821 , -0.233358
0.794872 , 0.538462 , -0.218896
0.794872 , 0.564103 , -0.204212
0.794872 , 0.589744 , -0.189487
0.794872 , 0.615385 , -0.174370
0.794872 , 0.641026 , -0.160067
0.794872 , 0.666667 , -0.147071
0.794872 , 0.692308 , -0.134208
0.794872 , 0.717949 , -0.120994
0.794872 , 0.743590 , -0.110580
0.794872 , 0.769231 , -0.102863
0.794872 , 0.794872 , -0.097419
0.794872 , 0.820513 , -0.091497
0.794872 , 0.846154 , -0.087039
0.794872 , 0.871795 , -0.084258
0.794872 , 0.897436 , -0.081311
0.794872 , 0.923077 , -0.079852
0.794872 , 0.948718 , -0.080454
0.794872 , 0.974359 , -0.081910
0.794872 , 1.000000 , -0.082368
0.820513 , 0.000000 , -0.264942
0.820513 , 0.025641 , -0.265255
0.820513 , 0.051282 , -0.265765
0.820513 , 0.076923 , -0.267108
0.820513 , 0.102564 , -0.268221
0.820513 , 0.128205 , -0.269685
0.820513 , 0.153846 , -0.273656
0.820513 , 0.179487 , -0.277385
0.820513 , 0.205128 , -0.278743
0.820513 , 0.230769 , -0.279048
0.820513 , 0.256410 , -0.278032
0.820513 , 0.282051 , -0.275360
0.820513 , 0.307692 , -0.272150
0.820513 , 0.333333 , -0.268020
0.820513 , 0.358974 , -0.261936
0.820513 , 0.384615 , -0.253818
0.820513 , 0.410256 , -0.244881
0.820513 , 0.435897 , -0.234477
0.820513 , 0.461538 , -0.222176
0.820513 , 0.487179 , -0.209367
0.820513 , 0.512821 , -0.195869
0.820513 , 0.538462 , -0.180653
0.820513 , 0.564103 , -0.165491
0.820513 , 0.589744 , -0.150153
0.820513 , 0.615385 , -0.134602
0.820513 , 0.641026 , -0.120361
0.820513 , 0.666667 , -0.107740
0.820513 , 0.692308 , -0.094053
0.820513 , 0.717949 , -0.080158
0.820513 , 0.743590 , -0.068857
0.820513 , 0.769231 , -0.060867
0.820513 , 0.794872 , -0.055133
0.820513 , 0.820513 , -0.048410
0.820513 , 0.846154 , -0.042499
0.820513 , 0.871795 , -0.038670
0.820513 , 0.897436 , -0.034397
0.820513 , 0.923077 , -0.031880
0.820513 , 0.948718 , -0.031913
0.820513 , 0.974359 , -0.032930
0.820513 , 1.000000 , -0.034097
0.846154 , 0.000000 , -0.235826
0.846154 , 0.025641 , -0.236256
0.846154 , 0.051282 , -0.237254
0.846154 , 0.076923 , -0.237976
0.846154 , 0.102564 , -0.239542
0.846154 , 0.128205 , -0.240634
0.846154 , 0.153846 , -0.243298
0.846154 , 0.179487 , -0.246569
0.846154 , 0.205128 , -0.247890
0.846154 , 0.230769 , -0.248095
0.846154 , 0.256410 , -0.246712
0.846154 , 0.282051 , -0.244044
0.846154 , 0.307692 , -0.239942
0.846154 , 0.333333 , -0.235526
0.846154 , 0.358974 , -0.229844
0.846154 , 0.384615 , -0.221843
0.846154 , 0.410256 , -0.212311
0.846154 , 0.435897 , -0.201995
0.846154 , 0.461538 , -0.189840
0.846154 , 0.487179 , -0.177070
0.846154 , 0.512821 , -0.162704
0.846154 , 0.538462 , -0.147824
0.846154 , 0.564103 , -0.132023
0.846154 , 0.589744 , -0.117184
0.846154 , 0.615385 , -0.102828
0.846154 , 0.641026 , -0.087901
0.846154 , 0.666667 , -0.073592
0.846154 , 0.692308 , -0.060636
0.846154 , 0.717949 , -0.046811
0.846154 , 0.743590 , -0.034514
0.846154 , 0.769231 , -0.025514
0.846154 , 0.794872 , -0.019381
0.846154 , 0.820513 , -0.011910
0.846154 , 0.846154 , -0.005263
0.846154 , 0.871795 , -0.000244
0.846154 , 0.897436 , 0.004655
0.846154 , 0.923077 , 0.007604
0.846154 , 0.948718 , 0.009141
0.846154 , 0.974359 , 0.008791
0.846154 , 1.000000 , 0.007663
0.871795 , 0.000000 , -0.211638
0.871795 , 0.025641 , -0.211408
0.871795 , 0.051282 , -0.212553
0.871795 , 0.076923 , -0.212855
0.871795 , 0.102564 , -0.214283
0.871795 , 0.128205 , -0.215702
0.871795 , 0.153846 , -0.217829
0.871795 , 0.179487 , -0.219290
0.871795 , 0.205128 , -0.220714
0.871795 , 0.230769 , -0.220706
0.871795 , 0.256410 , -0.219048
0.871795 , 0.282051 , -0.216477
0.871795 , 0.307692 , -0.212285
0.871795 , 0.333333 , -0.208066
0.871795 , 0.358974 , -0.202327
0.871795 , 0.384615 , -0.194054
0.871795 , 0.410256 , -0.184205
0.871795 , 0.435897 , -0.173679
0.871795 , 0.461538 , -0.161936
0.871795 , 0.487179 , -0.149026
0.871795 , 0.512821 , -0.134438
0.871795 , 0.538462 , -0.119944
0.871795 , 0.564103 , -0.104524
0.871795 , 0.589744 , -0.089572
0.871795 , 0.615385 , -0.075976
0.871795 , 0.641026 , -0.061262
0.871795 , 0.666667 , -0.046197
0.871795 , 0.692308 , -0.032509
0.871795 , 0.717949 , -0.018683
0.871795 , 0.743590 , -0.006259
0.871795 , 0.769231 , 0.003568
0.871795 , 0.794872 , 0.010576
0.871795 , 0.820513 , 0.018502
0.871795 , 0.846154 , 0.025867
0.871795 , 0.871795 , 0.031876
0.871795 , 0.897436 , 0.037280
0.871795 , 0.923077 , 0.040208
0.871795 , 0.948718 , 0.042167
0.871795 , 0.974359 , 0.042257
0.871795 , 1.000000 , 0.041901
0.897436 , 0.000000 , -0.191502
0.897436 , 0.025641 , -0.191308
0.897436 , 0.051282 , -0.191625
0.897436 , 0.076923 , -0.192302
0.897436 , 0.102564 , -0.193156
0.897436 , 0.128205 , -0.194221
0.897436 , 0.153846 , -0.195330
0.897436 , 0.179487 , -0.197057
0.897436 , 0.205128 , -0.198003
0.897436 , 0.230769 , -0.197799
0.897436 , 0.256410 , -0.196122
0.897436 , 0.282051 , -0.192811
0.897436 , 0.307692 , -0.188743
0.897436 , 0.333333 , -0.184408
0.897436 , 0.358974 , -0.178687
0.897436 , 0.384615 , -0.170650
0.897436 , 0.410256 , -0.160841
0.897436 , 0.435897 , -0.149668
0.897436 , 0.461538 , -0.137939
0.897436 , 0.487179 , -0.125373
0.897436 , 0.512821 , -0.111039
0.897436 , 0.538462 , -0.097283
0.897436 , 0.564103 , -0.082559
0.897436 , 0.589744 , -0.067926
0.897436 , 0.615385 , -0.053423
0.897436 , 0.641026 , -0.037659
0.897436 , 0.666667 , -0.023189
0.897436 , 0.692308 , -0.009341
0.897436 , 0.717949 , 0.003095
0.897436 , 0.743590 , 0.015433
0.897436 , 0.769231 , 0.025725
0.897436 , 0.794872 , 0.034211
0.897436 , 0.820513 , 0.042953
0.897436 , 0.846154 , 0.050618
0.897436 , 0.871795 , 0.057136
0.897436 , 0.897436 , 0.062756
0.897436 , 0.923077 , 0.065860
0.897436 , 0.948718 , 0.067884
0.897436 , 0.974359 , 0.068338
0.897436 , 1.000000 , 0.068459
0.923077 , 0.000000 , -0.174955
0.923077 , 0.025641 , -0.175078
0.923077 , 0.051282 , -0.175536
0.923077 , 0.076923 , -0.175917
0.923077 , 0.102564 , -0.176740
0.923077 , 0.128205 , -0.177103
0.923077 , 0.153846 , -0.177778
0.923077 , 0.179487 , -0.178966
0.923077 , 0.205128 , -0.179523
0.923077 , 0.230769 , -0.179163
0.923077 , 0.256410 , -0.177347
0.923077 , 0.282051 , -0.174067
0.923077 , 0.307692 , -0.170465
0.923077 , 0.333333 , -0.165371
0.923077 , 0.358974 , -0.159231
0.923077 , 0.384615 , -0.151723
0.923077 , 0.410256 , -0.142047
0.923077 , 0.435897 , -0.131037
0.923077 , 0.461538 , -0.119224
0.923077 , 0.487179 , -0.106860
0.923077 , 0.512821 , -0.093416
0.923077 , 0.538462 , -0.079274
0.923077 , 0.564103 , -0.065208
0.923077 , 0.589744 , -0.050458
0.923077 , 0.615385 , -0.035799
0.923077 , 0.641026 , -0.020038
0.923077 , 0.666667 , -0.005424
0.923077 , 0.692308 , 0.007922
0.923077 , 0.717949 , 0.020346
0.923077 , 0.743590 , 0.032665
0.923077 , 0.769231 , 0.043311
0.923077 , 0.794872 , 0.052331
0.923077 , 0.820513 , 0.060911
0.923077 , 0.846154 , 0.068636
0.923077 , 0.871795 , 0.075287
0.923077 , 0.897436 , 0.081274
0.923077 , 0.923077 , 0.084736
0.923077 , 0.948718 , 0.086568
0.923077 , 0.974359 , 0.087776
0.923077 , 1.000000 , 0.088357
0.948718 , 0.000000 , -0.163422
0.948718 , 0.025641 , -0.163576
0.948718 , 0.051282 , -0.163987
0.948718 , 0.076923 , -0.164091
0.948718 , 0.102564 , -0.164871
0.948718 , 0.128205 , -0.164680
0.948718 , 0.153846 , -0.165169
0.948718 , 0.179487 , -0.166071
0.948718 , 0.205128 , -0.165688
0.948718 , 0.230769 , -0.165226
0.948718 , 0.256410 , -0.163154
0.948718 , 0.282051 , -0.160249
0.948718 , 0.307692 , -0.156269
0.948718 , 0.333333 , -0.151074
0.948718 , 0.358974 , -0.145077
0.948718 , 0.384615 , -0.137725
0.948718 , 0.410256 , -0.128352
0.948718 , 0.435897 , -0.118042
0.948718 , 0.461538 , -0.106666
0.948718 , 0.487179 , -0.094647
0.948718 , 0.512821 , -0.081019
0.948718 , 0.538462 , -0.066948
0.948718 , 0.564103 , -0.052461
0.948718 , 0.589744 , -0.037738
0.948718 , 0.615385 , -0.022785
0.948718 , 0.641026 , -0.007660
0.948718 , 0.666667 , 0.006915
0.948718 , 0.692308 , 0.020430
0.948718 , 0.717949 , 0.032510
0.948718 , 0.743590 , 0.044250
0.948718 , 0.769231 , 0.054593
0.948718 , 0.794872 , 0.064335
0.948718 , 0.820513 , 0.073592
0.948718 , 0.846154 , 0.081886
0.948718 , 0.871795 , 0.088739
0.948718 , 0.897436 , 0.094415
0.948718 , 0.923077 , 0.098076
0.948718 , 0.948718 , 0.100446
0.948718 , 0.974359 , 0.101662
0.948718 , 1.000000 , 0.102301
0.974359 , 0.000000 , -0.157347
0.974359 , 0.025641 , -0.156690
0.974359 , 0.051282 , -0.156838
0.974359 , 0.076923 , -0.157357
0.974359 , 0.102564 , -0.157295
0.974359 , 0.128205 , -0.156964
0.974359 , 0.153846 , -0.156905
0.974359 , 0.179487 , -0.157821
0.974359 , 0.205128 , -0.157743
0.974359 , 0.230769 , -0.156519
0.974359 , 0.256410 , -0.154538
0.974359 , 0.282051 , -0.151335
0.974359 , 0.307692 , -0.147801
0.974359 , 0.333333 , -0.142891
0.974359 , 0.358974 , -0.136317
0.974359 , 0.384615 , -0.128869
0.974359 , 0.410256 , -0.120230
0.974359 , 0.435897 , -0.109754
0.974359 , 0.461538 , -0.098421
0.974359 , 0.487179 , -0.086268
0.974359 , 0.512821 , -0.073421
0.974359 , 0.538462 , -0.059299
0.974359 , 0.564103 , -0.044831
0.974359 , 0.589744 , -0.029826
0.974359 , 0.615385 , -0.015564
0.974359 , 0.641026 , -0.001236
0.974359 , 0.666667 , 0.013196
0.974359 , 0.692308 , 0.026984
0.974359 , 0.717949 , 0.039161
0.974359 , 0.743590 , 0.050762
0.974359 , 0.769231 , 0.061170
0.974359 , 0.794872 , 0.071208
0.974359 , 0.820513 , 0.080735
0.974359 , 0.846154 , 0.088902
0.974359 , 0.871795 , 0.096376
0.974359 , 0.897436 , 0.102228
0.974359 , 0.923077 , 0.106375
0.974359 , 0.948718 , 0.108946
0.974359 , 0.974359 , 0.110048
0.974359 , 1.000000 , 0.110930
1.000000 , 0.000000 , -0.155267
1.000000 , 0.025641 , -0.155039
1.000000 , 0.051282 , -0.154286
1.000000 , 0.076923 , -0.154952
1.000000 , 0.102564 , -0.154855
1.000000 , 0.128205 , -0.154647
1.000000 , 0.153846 , -0.154016
1.000000 , 0.179487 , -0.154789
1.000000 , 0.205128 , -0.155214
1.000000 , 0.230769 , -0.153758
1.000000 , 0.256410 , -0.151943
1.000000 , 0.282051 , -0.148440
1.000000 , 0.307692 , -0.144486
1.000000 , 0.333333 , -0.139678
1.000000 , 0.358974 , -0.133724
1.000000 , 0.384615 , -0.126544
1.000000 , 0.410256 , -0.117992
1.000000 , 0.435897 , -0.107222
1.000000 , 0.461538 , -0.095711
1.000000 , 0.487179 , -0.083468
1.000000 , 0.512821 , -0.070465
1.000000 , 0.538462 , -0.056838
1.000000 , 0.564103 , -0.042302
1.000000 , 0.589744 , -0.027330
1.000000 , 0.615385 , -0.013297
1.000000 , 0.641026 , 0.000893
1.000000 , 0.666667 , 0.015285
1.000000 , 0.692308 , 0.029038
1.000000 , 0.717949 , 0.041257
1.000000 , 0.743590 , 0.052636
1.000000 , 0.769231 , 0.063739
1.000000 , 0.794872 , 0.073304
1.000000 , 0.820513 , 0.082917
1.000000 , 0.846154 , 0.091510
1.000000 , 0.871795 , 0.098757
1.000000 , 0.897436 , 0.104480
1.000000 , 0.923077 , 0.108615
1.000000 , 0.948718 , 0.111692
1.000000 , 0.974359 , 0.113211
1.000000 , 1.000000 , 0.114012
