0.000000 , 0.000000 , -3.804226
0.000000 , 0.025641 , -3.804226
0.000000 , 0.051282 , -3.804226
0.000000 , 0.076923 , -3.804226
0.000000 , 0.102564 , -3.804226
0.000000 , 0.128205 , -3.804226
0.000000 , 0.153846 , -3.804226
0.000000 , 0.179487 , -3.804226
0.000000 , 0.205128 , -3.804226
0.000000 , 0.230769 , -3.804226
0.000000 , 0.256410 , -3.804226
0.000000 , 0.282051 , -3.804226
0.000000 , 0.307692 , -3.804226
0.000000 , 0.333333 , -3.804226
0.000000 , 0.358974 , -3.804226
0.000000 , 0.384615 , -3.804226
0.000000 , 0.410256 , -3.804226
0.000000 , 0.435897 , -3.804226
0.000000 , 0.461538 , -3.804226
0.000000 , 0.487179 , -3.804226
0.000000 , 0.512821 , -3.804226
0.000000 , 0.538462 , -3.804226
0.000000 , 0.564103 , -3.804226
0.000000 , 0.589744 , -3.804226
0.000000 , 0.615385 , -3.804226
0.000000 , 0.641026 , -3.804226
0.000000 , 0.666667 , -3.804226
0.000000 , 0.692308 , -3.804226
0.000000 , 0.717949 , -3.804226
0.000000 , 0.743590 , -3.804226
0.000000 , 0.769231 , -3.804226
0.000000 , 0.794872 , -3.804226
0.000000 , 0.820513 , -3.804226
0.000000 , 0.846154 , -3.804226
0.000000 , 0.871795 , -3.804226
0.000000 , 0.897436 , -3.804226
0.000000 , 0.923077 , -3.804226
0.000000 , 0.948718 , -3.804226
0.000000 , 0.974359 , -3.804226
0.000000 , 1.000000 , -3.804226
0.025641 , 0.000000 , -3.559340
0.025641 , 0.025641 , -3.559163
0.025641 , 0.051282 , -3.558698
0.025641 , 0.076923 , -3.558064
0.025641 , 0.102564 , -3.558178
0.025641 , 0.128205 , -3.558604
0.025641 , 0.153846 , -3.559687
0.025641 , 0.179487 , -3.561985
0.025641 , 0.205128 , -3.564589
0.025641 , 0.230769 , -3.568188
0.025641 , 0.256410 , -3.571778
0.025641 , 0.282051 , -3.576394
0.025641 , 0.307692 , -3.581258
0.025641 , 0.333333 , -3.586519
0.025641 , 0.358974 , -3.591477
0.025641 , 0.384615 , -3.597592
0.025641 , 0.410256 , -3.603315
0.025641 , 0.435897 , -3.609820
0.025641 , 0.461538 , -3.615692
0.025641 , 0.487179 , -3.621137
0.025641 , 0.512821 , -3.626652
0.025641 , 0.538462 , -3.632623
0.025641 , 0.564103 , -3.638243
0.025641 , 0.589744 , -3.643836
0.025641 , 0.615385 , -3.648897
0.025641 , 0.641026 , -3.653712
0.025641 , 0.666667 , -3.658199
0.025641 , 0.692308 , -3.662002
0.025641 , 0.717949 , -3.665815
0.025641 , 0.743590 , -3.669371
0.025641 , 0.769231 , -3.671944
0.025641 , 0.794872 , -3.675208
0.025641 , 0.820513 , -3.677566
0.025641 , 0.846154 , -3.679782
0.025641 , 0.871795 , -3.681738
0.025641 , 0.897436 , -3.683566
0.025641 , 0.923077 , -3.684636
0.025641 , 0.948718 , -3.685160
0.025641 , 0.974359 , -3.685538
0.025641 , 1.000000 , -3.685668
0.051282 , 0.000000 , -3.311516
0.051282 , 0.025641 , -3.310874
0.051282 , 0.051282 , -3.309938
0.051282 , 0.076923 , -3.309450
0.051282 , 0.102564 , -3.309997
0.051282 , 0.128205 , -3.311613
0.051282 , 0.153846 , -3.314328
0.051282 , 0.179487 , -3.318531
0.051282 , 0.205128 , -3.323896
0.051282 , 0.230769 , -3.330135
0.051282 , 0.256410 , -3.337271
0.051282 , 0.282051 , -3.345965
0.051282 , 0.307692 , -3.355414
0.051282 , 0.333333 , -3.366304
0.051282 , 0.358974 , -3.376737
0.051282 , 0.384615 , -3.387977
0.051282 , 0.410256 , -3.399847
0.051282 , 0.435897 , -3.412160
0.051282 , 0.461538 , -3.423875
0.051282 , 0.487179 , -3.434674
0.051282 , 0.512821 , -3.446264
0.051282 , 0.538462 , -3.457569
0.051282 , 0.564103 , -3.468252
0.051282 , 0.589744 , -3.478622
0.051282 , 0.615385 , -3.489245
0.051282 , 0.641026 , -3.498737
0.051282 , 0.666667 , -3.507565
0.051282 , 0.692308 , -3.515548
0.051282 , 0.717949 , -3.523424
0.051282 , 0.743590 , -3.530891
0.051282 , 0.769231 , -3.537139
0.051282 , 0.794872 , -3.542868
0.051282 , 0.820513 , -3.546935
0.051282 , 0.846154 , -3.551290
0.051282 , 0.871795 , -3.555112
0.051282 , 0.897436 , -3.558700
0.051282 , 0.923077 , -3.561042
0.051282 , 0.948718 , -3.561941
0.051282 , 0.974359 , -3.563141
0.051282 , 1.000000 , -3.563482
0.076923 , 0.000000 , -3.063113
0.076923 , 0.025641 , -3.062080
0.076923 , 0.051282 , -3.060945
0.076923 , 0.076923 , -3.060579
0.076923 , 0.102564 , -3.061442
0.076923 , 0.128205 , -3.064210
0.076923 , 0.153846 , -3.068584
0.076923 , 0.179487 , -3.074663
0.076923 , 0.205128 , -3.083025
0.076923 , 0.230769 , -3.091892
0.076923 , 0.256410 , -3.101772
0.076923 , 0.282051 , -3.114788
0.076923 , 0.307692 , -3.128633
0.076923 , 0.333333 , -3.143970
0.076923 , 0.358974 , -3.159812
0.076923 , 0.384615 , -3.176278
0.076923 , 0.410256 , -3.194050
0.076923 , 0.435897 , -3.212418
0.076923 , 0.461538 , -3.230107
0.076923 , 0.487179 , -3.246346
0.076923 , 0.512821 , -3.262622
0.076923 , 0.538462 , -3.279357
0.076923 , 0.564103 , -3.295370
0.076923 , 0.589744 , -3.310997
0.076923 , 0.615385 , -3.326310
0.076923 , 0.641026 , -3.340759
0.076923 , 0.666667 , -3.354447
0.076923 , 0.692308 , -3.367005
0.076923 , 0.717949 , -3.377781
0.076923 , 0.743590 , -3.388747
0.076923 , 0.769231 , -3.397859
0.076923 , 0.794872 , -3.406997
0.076923 , 0.820513 , -3.414137
0.076923 , 0.846154 , -3.420632
0.076923 , 0.871795 , -3.426705
0.076923 , 0.897436 , -3.431230
0.076923 , 0.923077 , -3.434485
0.076923 , 0.948718 , -3.436825
0.076923 , 0.974359 , -3.438295
0.076923 , 1.000000 , -3.439176
0.102564 , 0.000000 , -2.813820
0.102564 , 0.025641 , -2.812806
0.102564 , 0.051282 , -2.811840
0.102564 , 0.076923 , -2.812135
0.102564 , 0.102564 , -2.813772
0.102564 , 0.128205 , -2.817268
0.102564 , 0.153846 , -2.822683
0.102564 , 0.179487 , -2.830277
0.102564 , 0.205128 , -2.840728
0.102564 , 0.230769 , -2.852666
0.102564 , 0.256410 , -2.865690
0.102564 , 0.282051 , -2.881924
0.102564 , 0.307692 , -2.900455
0.102564 , 0.333333 , -2.920269
0.102564 , 0.358974 , -2.941546
0.102564 , 0.384615 , -2.963772
0.102564 , 0.410256 , -2.987194
0.102564 , 0.435897 , -3.011095
0.102564 , 0.461538 , -3.034476
0.102564 , 0.487179 , -3.056927
0.102564 , 0.512821 , -3.078682
0.102564 , 0.538462 , -3.100162
0.102564 , 0.564103 , -3.121486
0.102564 , 0.589744 , -3.142152
0.102564 , 0.615385 , -3.162321
0.102564 , 0.641026 , -3.181690
0.102564 , 0.666667 , -3.200245
0.102564 , 0.692308 , -3.217786
0.102564 , 0.717949 , -3.232291
0.102564 , 0.743590 , -3.246239
0.102564 , 0.769231 , -3.258454
0.102564 , 0.794872 , -3.269781
0.102564 , 0.820513 , -3.279906
0.102564 , 0.846154 , -3.288584
0.102564 , 0.871795 , -3.296425
0.102564 , 0.897436 , -3.302285
0.102564 , 0.923077 , -3.306588
0.102564 , 0.948718 , -3.309234
0.102564 , 0.974359 , -3.311514
0.102564 , 1.000000 , -3.311954
0.128205 , 0.000000 , -2.564736
0.128205 , 0.025641 , -2.564140
0.128205 , 0.051282 , -2.563138
0.128205 , 0.076923 , -2.564264
0.128205 , 0.102564 , -2.566926
0.128205 , 0.128205 , -2.571494
0.128205 , 0.153846 , -2.578184
0.128205 , 0.179487 , -2.587015
0.128205 , 0.205128 , -2.598864
0.128205 , 0.230769 , -2.613352
0.128205 , 0.256410 , -2.630036
0.128205 , 0.282051 , -2.649738
0.128205 , 0.307692 , -2.672145
0.128205 , 0.333333 , -2.695998
0.128205 , 0.358974 , -2.722173
0.128205 , 0.384615 , -2.749604
0.128205 , 0.410256 , -2.778575
0.128205 , 0.435897 , -2.807555
0.128205 , 0.461538 , -2.836522
0.128205 , 0.487179 , -2.864802
0.128205 , 0.512821 , -2.892263
0.128205 , 0.538462 , -2.918777
0.128205 , 0.564103 , -2.945213
0.128205 , 0.589744 , -2.971733
0.128205 , 0.615385 , -2.997352
0.128205 , 0.641026 , -3.022149
0.128205 , 0.666667 , -3.045260
0.128205 , 0.692308 , -3.066926
0.128205 , 0.717949 , -3.085888
0.128205 , 0.743590 , -3.102780
0.128205 , 0.769231 , -3.118411
0.128205 , 0.794872 , -3.132458
0.128205 , 0.820513 , -3.144523
0.128205 , 0.846154 , -3.155845
0.128205 , 0.871795 , -3.164826
0.128205 , 0.897436 , -3.171491
0.128205 , 0.923077 , -3.177482
0.128205 , 0.948718 , -3.180954
0.128205 , 0.974359 , -3.183751
0.128205 , 1.000000 , -3.184965
0.153846 , 0.000000 , -2.315961
0.153846 , 0.025641 , -2.315634
0.153846 , 0.051282 , -2.315553
0.153846 , 0.076923 , -2.317036
0.153846 , 0.102564 , -2.321233
0.153846 , 0.128205 , -2.326792
0.153846 , 0.153846 , -2.334910
0.153846 , 0.179487 , -2.345158
0.153846 , 0.205128 , -2.358904
0.153846 , 0.230769 , -2.375779
0.153846 , 0.256410 , -2.395522
0.153846 , 0.282051 , -2.418245
0.153846 , 0.307692 , -2.444602
0.153846 , 0.333333 , -2.473055
0.153846 , 0.358974 , -2.503540
0.153846 , 0.384615 , -2.536025
0.153846 , 0.410256 , -2.569806
0.153846 , 0.435897 , -2.603368
0.153846 , 0.461538 , -2.637294
0.153846 , 0.487179 , -2.671594
0.153846 , 0.512821 , -2.705641
0.153846 , 0.538462 , -2.738339
0.153846 , 0.564103 , -2.769788
0.153846 , 0.589744 , -2.801244
0.153846 , 0.615385 , -2.832738
0.153846 , 0.641026 , -2.863371
0.153846 , 0.666667 , -2.891050
0.153846 , 0.692308 , -2.916189
0.153846 , 0.717949 , -2.939546
0.153846 , 0.743590 , -2.960337
0.153846 , 0.769231 , -2.978629
0.153846 , 0.794872 , -2.995180
0.153846 , 0.820513 , -3.009793
0.153846 , 0.846154 , -3.023325
0.153846 , 0.871795 , -3.033786
0.153846 , 0.897436 , -3.041285
0.153846 , 0.923077 , -3.048671
0.153846 , 0.948718 , -3.053748
0.153846 , 0.974359 , -3.056732
0.153846 , 1.000000 , -3.057964
0.179487 , 0.000000 , -2.069207
0.179487 , 0.025641 , -2.068547
0.179487 , 0.051282 , -2.068483
0.179487 , 0.076923 , -2.070684
0.179487 , 0.102564 , -2.075412
0.179487 , 0.128205 , -2.082884
0.179487 , 0.153846 , -2.092549
0.179487 , 0.179487 , -2.105432
0.179487 , 0.205128 , -2.121370
0.179487 , 0.230769 , -2.140948
0.179487 , 0.256410 , -2.163213
0.179487 , 0.282051 , -2.188736
0.179487 , 0.307692 , -2.218650
0.179487 , 0.333333 , -2.250993
0.179487 , 0.358974 , -2.286611
0.179487 , 0.384615 , -2.324125
0.179487 , 0.410256 , -2.362456
0.179487 , 0.435897 , -2.400919
0.179487 , 0.461538 , -2.439529
0.179487 , 0.487179 , -2.478479
0.179487 , 0.512821 , -2.518136
0.179487 , 0.538462 , -2.557518
0.179487 , 0.564103 , -2.595890
0.179487 , 0.589744 , -2.632124
0.179487 , 0.615385 , -2.668794
0.179487 , 0.641026 , -2.704162
0.179487 , 0.666667 , -2.736999
0.179487 , 0.692308 , -2.766542
0.179487 , 0.717949 , -2.793528
0.179487 , 0.743590 , -2.817733
0.179487 , 0.769231 , -2.839268
0.179487 , 0.794872 , -2.858959
0.179487 , 0.820513 , -2.876173
0.179487 , 0.846154 , -2.891922
0.179487 , 0.871795 , -2.905023
0.179487 , 0.897436 , -2.913655
0.179487 , 0.923077 , -2.922343
0.179487 , 0.948718 , -2.928181
0.179487 , 0.974359 , -2.931988
0.179487 , 1.000000 , -2.932850
0.205128 , 0.000000 , -1.822577
0.205128 , 0.025641 , -1.822184
0.205128 , 0.051282 , -1.822945
0.205128 , 0.076923 , -1.826355
0.205128 , 0.102564 , -1.832257
0.205128 , 0.128205 , -1.840975
0.205128 , 0.153846 , -1.852218
0.205128 , 0.179487 , -1.867203
0.205128 , 0.205128 , -1.885786
0.205128 , 0.230769 , -1.908421
0.205128 , 0.256410 , -1.933647
0.205128 , 0.282051 , -1.962487
0.205128 , 0.307692 , -1.995745
0.205128 , 0.333333 , -2.031880
0.205128 , 0.358974 , -2.071656
0.205128 , 0.384615 , -2.113852
0.205128 , 0.410256 , -2.156790
0.205128 , 0.435897 , -2.199931
0.205128 , 0.461538 , -2.243765
0.205128 , 0.487179 , -2.288249
0.205128 , 0.512821 , -2.333231
0.205128 , 0.538462 , -2.378472
0.205128 , 0.564103 , -2.422686
0.205128 , 0.589744 , -2.464542
0.205128 , 0.615385 , -2.506221
0.205128 , 0.641026 , -2.546287
0.205128 , 0.666667 , -2.583935
0.205128 , 0.692308 , -2.618670
0.205128 , 0.717949 , -2.650381
0.205128 , 0.743590 , -2.678343
0.205128 , 0.769231 , -2.702316
0.205128 , 0.794872 , -2.724966
0.205128 , 0.820513 , -2.744480
0.205128 , 0.846154 , -2.762264
0.205128 , 0.871795 , -2.777868
0.205128 , 0.897436 , -2.788640
0.205128 , 0.923077 , -2.797117
0.205128 , 0.948718 , -2.804123
0.205128 , 0.974359 , -2.808708
0.205128 , 1.000000 , -2.810151
0.230769 , 0.000000 , -1.577292
0.230769 , 0.025641 , -1.576965
0.230769 , 0.051282 , -1.578647
0.230769 , 0.076923 , -1.583536
0.230769 , 0.102564 , -1.591141
0.230769 , 0.128205 , -1.601533
0.230769 , 0.153846 , -1.615276
0.230769 , 0.179487 , -1.632237
0.230769 , 0.205128 , -1.653502
0.230769 , 0.230769 , -1.679072
0.230769 , 0.256410 , -1.707533
0.230769 , 0.282051 , -1.739687
0.230769 , 0.307692 , -1.776652
0.230769 , 0.333333 , -1.816505
0.230769 , 0.358974 , -1.860563
0.230769 , 0.384615 , -1.906979
0.230769 , 0.410256 , -1.954524
0.230769 , 0.435897 , -2.002083
0.230769 , 0.461538 , -2.051550
0.230769 , 0.487179 , -2.100814
0.230769 , 0.512821 , -2.150468
0.230769 , 0.538462 , -2.200931
0.230769 , 0.564103 , -2.250999
0.230769 , 0.589744 , -2.298221
0.230769 , 0.615385 , -2.344828
0.230769 , 0.641026 , -2.389416
0.230769 , 0.666667 , -2.431201
0.230769 , 0.692308 , -2.470516
0.230769 , 0.717949 , -2.506955
0.230769 , 0.743590 , -2.539804
0.230769 , 0.769231 , -2.568685
0.230769 , 0.794872 , -2.594800
0.230769 , 0.820513 , -2.616867
0.230769 , 0.846154 , -2.635639
0.230769 , 0.871795 , -2.652863
0.230769 , 0.897436 , -2.666193
0.230769 , 0.923077 , -2.675674
0.230769 , 0.948718 , -2.682794
0.230769 , 0.974359 , -2.687984
0.230769 , 1.000000 , -2.689493
0.256410 , 0.000000 , -1.332237
0.256410 , 0.025641 , -1.333323
0.256410 , 0.051282 , -1.336432
0.256410 , 0.076923 , -1.342627
0.256410 , 0.102564 , -1.352308
0.256410 , 0.128205 , -1.364314
0.256410 , 0.153846 , -1.380345
0.256410 , 0.179487 , -1.399982
0.256410 , 0.205128 , -1.424434
0.256410 , 0.230769 , -1.452803
0.256410 , 0.256410 , -1.484475
0.256410 , 0.282051 , -1.520479
0.256410 , 0.307692 , -1.561412
0.256410 , 0.333333 , -1.605213
0.256410 , 0.358974 , -1.652573
0.256410 , 0.384615 , -1.702824
0.256410 , 0.410256 , -1.754532
0.256410 , 0.435897 , -1.807136
0.256410 , 0.461538 , -1.861376
0.256410 , 0.487179 , -1.916417
0.256410 , 0.512821 , -1.971185
0.256410 , 0.538462 , -2.026250
0.256410 , 0.564103 , -2.080952
0.256410 , 0.589744 , -2.134035
0.256410 , 0.615385 , -2.186107
0.256410 , 0.641026 , -2.235786
0.256410 , 0.666667 , -2.282283
0.256410 , 0.692308 , -2.325670
0.256410 , 0.717949 , -2.366411
0.256410 , 0.743590 , -2.403743
0.256410 , 0.769231 , -2.437117
0.256410 , 0.794872 , -2.466544
0.256410 , 0.820513 , -2.491792
0.256410 , 0.846154 , -2.512928
0.256410 , 0.871795 , -2.530916
0.256410 , 0.897436 , -2.545814
0.256410 , 0.923077 , -2.557278
0.256410 , 0.948718 , -2.566144
0.256410 , 0.974359 , -2.572456
0.256410 , 1.000000 , -2.574022
0.282051 , 0.000000 , -1.089517
0.282051 , 0.025641 , -1.091035
0.282051 , 0.051282 , -1.095961
0.282051 , 0.076923 , -1.103448
0.282051 , 0.102564 , -1.115444
0.282051 , 0.128205 , -1.129841
0.282051 , 0.153846 , -1.148056
0.282051 , 0.179487 , -1.170232
0.282051 , 0.205128 , -1.197745
0.282051 , 0.230769 , -1.229040
0.282051 , 0.256410 , -1.264760
0.282051 , 0.282051 , -1.305225
0.282051 , 0.307692 , -1.349624
0.282051 , 0.333333 , -1.396667
0.282051 , 0.358974 , -1.446965
0.282051 , 0.384615 , -1.501115
0.282051 , 0.410256 , -1.557224
0.282051 , 0.435897 , -1.615030
0.282051 , 0.461538 , -1.674433
0.282051 , 0.487179 , -1.734822
0.282051 , 0.512821 , -1.794943
0.282051 , 0.538462 , -1.855067
0.282051 , 0.564103 , -1.914845
0.282051 , 0.589744 , -1.973491
0.282051 , 0.615385 , -2.030622
0.282051 , 0.641026 , -2.085291
0.282051 , 0.666667 , -2.136902
0.282051 , 0.692308 , -2.184857
0.282051 , 0.717949 , -2.229328
0.282051 , 0.743590 , -2.270416
0.282051 , 0.769231 , -2.307615
0.282051 , 0.794872 , -2.341034
0.282051 , 0.820513 , -2.370212
0.282051 , 0.846154 , -2.394477
0.282051 , 0.871795 , -2.414404
0.282051 , 0.897436 , -2.431227
0.282051 , 0.923077 , -2.445067
0.282051 , 0.948718 , -2.454867
0.282051 , 0.974359 , -2.461610
0.282051 , 1.000000 , -2.463974
0.307692 , 0.000000 , -0.849323
0.307692 , 0.025641 , -0.851282
0.307692 , 0.051282 , -0.857063
0.307692 , 0.076923 , -0.866082
0.307692 , 0.102564 , -0.879003
0.307692 , 0.128205 , -0.896216
0.307692 , 0.153846 , -0.917049
0.307692 , 0.179487 , -0.942299
0.307692 , 0.205128 , -0.972837
0.307692 , 0.230769 , -1.008054
0.307692 , 0.256410 , -1.047974
0.307692 , 0.282051 , -1.092965
0.307692 , 0.307692 , -1.140777
0.307692 , 0.333333 , -1.191357
0.307692 , 0.358974 , -1.245618
0.307692 , 0.384615 , -1.303281
0.307692 , 0.410256 , -1.363477
0.307692 , 0.435897 , -1.426314
0.307692 , 0.461538 , -1.490941
0.307692 , 0.487179 , -1.556869
0.307692 , 0.512821 , -1.623037
0.307692 , 0.538462 , -1.688306
0.307692 , 0.564103 , -1.752954
0.307692 , 0.589744 , -1.817050
0.307692 , 0.615385 , -1.879094
0.307692 , 0.641026 , -1.938701
0.307692 , 0.666667 , -1.994996
0.307692 , 0.692308 , -2.047793
0.307692 , 0.717949 , -2.097407
0.307692 , 0.743590 , -2.143271
0.307692 , 0.769231 , -2.184088
0.307692 , 0.794872 , -2.221279
0.307692 , 0.820513 , -2.253421
0.307692 , 0.846154 , -2.280763
0.307692 , 0.871795 , -2.303618
0.307692 , 0.897436 , -2.321760
0.307692 , 0.923077 , -2.337296
0.307692 , 0.948718 , -2.349007
0.307692 , 0.974359 , -2.355843
0.307692 , 1.000000 , -2.358425
0.333333 , 0.000000 , -0.610831
0.333333 , 0.025641 , -0.613277
0.333333 , 0.051282 , -0.620052
0.333333 , 0.076923 , -0.630188
0.333333 , 0.102564 , -0.644931
0.333333 , 0.128205 , -0.664070
0.333333 , 0.153846 , -0.688384
0.333333 , 0.179487 , -0.717139
0.333333 , 0.205128 , -0.750401
0.333333 , 0.230769 , -0.789201
0.333333 , 0.256410 , -0.833406
0.333333 , 0.282051 , -0.882835
0.333333 , 0.307692 , -0.934281
0.333333 , 0.333333 , -0.989248
0.333333 , 0.358974 , -1.047774
0.333333 , 0.384615 , -1.109517
0.333333 , 0.410256 , -1.174413
0.333333 , 0.435897 , -1.242187
0.333333 , 0.461538 , -1.311852
0.333333 , 0.487179 , -1.382557
0.333333 , 0.512821 , -1.453959
0.333333 , 0.538462 , -1.525450
0.333333 , 0.564103 , -1.595558
0.333333 , 0.589744 , -1.664980
0.333333 , 0.615385 , -1.732001
0.333333 , 0.641026 , -1.796376
0.333333 , 0.666667 , -1.857898
0.333333 , 0.692308 , -1.915679
0.333333 , 0.717949 , -1.969948
0.333333 , 0.743590 , -2.020468
0.333333 , 0.769231 , -2.066139
0.333333 , 0.794872 , -2.107015
0.333333 , 0.820513 , -2.142201
0.333333 , 0.846154 , -2.171953
0.333333 , 0.871795 , -2.198032
0.333333 , 0.897436 , -2.219821
0.333333 , 0.923077 , -2.236327
0.333333 , 0.948718 , -2.249191
0.333333 , 0.974359 , -2.256668
0.333333 , 1.000000 , -2.258596
0.358974 , 0.000000 , -0.373292
0.358974 , 0.025641 , -0.375873
0.358974 , 0.051282 , -0.383831
0.358974 , 0.076923 , -0.395773
0.358974 , 0.102564 , -0.412874
0.358974 , 0.128205 , -0.434719
0.358974 , 0.153846 , -0.462357
0.358974 , 0.179487 , -0.494935
0.358974 , 0.205128 , -0.531394
0.358974 , 0.230769 , -0.572989
0.358974 , 0.256410 , -0.620813
0.358974 , 0.282051 , -0.674135
0.358974 , 0.307692 , -0.730690
0.358974 , 0.333333 , -0.790667
0.358974 , 0.358974 , -0.853598
0.358974 , 0.384615 , -0.919980
0.358974 , 0.410256 , -0.990162
0.358974 , 0.435897 , -1.063256
0.358974 , 0.461538 , -1.137878
0.358974 , 0.487179 , -1.213488
0.358974 , 0.512821 , -1.289963
0.358974 , 0.538462 , -1.367117
0.358974 , 0.564103 , -1.442220
0.358974 , 0.589744 , -1.516820
0.358974 , 0.615385 , -1.589452
0.358974 , 0.641026 , -1.658683
0.358974 , 0.666667 , -1.725658
0.358974 , 0.692308 , -1.788858
0.358974 , 0.717949 , -1.848390
0.358974 , 0.743590 , -1.903514
0.358974 , 0.769231 , -1.953919
0.358974 , 0.794872 , -1.998658
0.358974 , 0.820513 , -2.037680
0.358974 , 0.846154 , -2.071339
0.358974 , 0.871795 , -2.099824
0.358974 , 0.897436 , -2.123994
0.358974 , 0.923077 , -2.142505
0.358974 , 0.948718 , -2.155940
0.358974 , 0.974359 , -2.163274
0.358974 , 1.000000 , -2.164978
0.384615 , 0.000000 , -0.136184
0.384615 , 0.025641 , -0.139226
0.384615 , 0.051282 , -0.147993
0.384615 , 0.076923 , -0.162560
0.384615 , 0.102564 , -0.182305
0.384615 , 0.128205 , -0.207351
0.384615 , 0.153846 , -0.237801
0.384615 , 0.179487 , -0.273623
0.384615 , 0.205128 , -0.314052
0.384615 , 0.230769 , -0.360208
0.384615 , 0.256410 , -0.411775
0.384615 , 0.282051 , -0.468673
0.384615 , 0.307692 , -0.529809
0.384615 , 0.333333 , -0.594790
0.384615 , 0.358974 , -0.663214
0.384615 , 0.384615 , -0.735093
0.384615 , 0.410256 , -0.810705
0.384615 , 0.435897 , -0.889197
0.384615 , 0.461538 , -0.968847
0.384615 , 0.487179 , -1.050188
0.384615 , 0.512821 , -1.132035
0.384615 , 0.538462 , -1.214324
0.384615 , 0.564103 , -1.294742
0.384615 , 0.589744 , -1.374388
0.384615 , 0.615385 , -1.452521
0.384615 , 0.641026 , -1.527825
0.384615 , 0.666667 , -1.600398
0.384615 , 0.692308 , -1.669321
0.384615 , 0.717949 , -1.733496
0.384615 , 0.743590 , -1.793197
0.384615 , 0.769231 , -1.847915
0.384615 , 0.794872 , -1.896843
0.384615 , 0.820513 , -1.940200
0.384615 , 0.846154 , -1.977308
0.384615 , 0.871795 , -2.009092
0.384615 , 0.897436 , -2.035708
0.384615 , 0.923077 , -2.056262
0.384615 , 0.948718 , -2.070786
0.384615 , 0.974359 , -2.078388
0.384615 , 1.000000 , -2.080435
0.410256 , 0.000000 , 0.099908
0.410256 , 0.025641 , 0.096288
0.410256 , 0.051282 , 0.086327
0.410256 , 0.076923 , 0.069662
0.410256 , 0.102564 , 0.047167
0.410256 , 0.128205 , 0.019397
0.410256 , 0.153846 , -0.014829
0.410256 , 0.179487 , -0.053791
0.410256 , 0.205128 , -0.098452
0.410256 , 0.230769 , -0.149018
0.410256 , 0.256410 , -0.205526
0.410256 , 0.282051 , -0.266988
0.410256 , 0.307692 , -0.332918
0.410256 , 0.333333 , -0.403048
0.410256 , 0.358974 , -0.476976
0.410256 , 0.384615 , -0.554752
0.410256 , 0.410256 , -0.636286
0.410256 , 0.435897 , -0.719941
0.410256 , 0.461538 , -0.804897
0.410256 , 0.487179 , -0.892283
0.410256 , 0.512821 , -0.980010
0.410256 , 0.538462 , -1.067651
0.410256 , 0.564103 , -1.154071
0.410256 , 0.589744 , -1.239004
0.410256 , 0.615385 , -1.322745
0.410256 , 0.641026 , -1.404746
0.410256 , 0.666667 , -1.482929
0.410256 , 0.692308 , -1.557565
0.410256 , 0.717949 , -1.627249
0.410256 , 0.743590 , -1.691666
0.410256 , 0.769231 , -1.750459
0.410256 , 0.794872 , -1.803280
0.410256 , 0.820513 , -1.850785
0.410256 , 0.846154 , -1.891766
0.410256 , 0.871795 , -1.926572
0.410256 , 0.897436 , -1.955918
0.410256 , 0.923077 , -1.978258
0.410256 , 0.948718 , -1.994402
0.410256 , 0.974359 , -2.002672
0.410256 , 1.000000 , -2.005462
0.435897 , 0.000000 , 0.334237
0.435897 , 0.025641 , 0.330139
0.435897 , 0.051282 , 0.319422
0.435897 , 0.076923 , 0.301306
0.435897 , 0.102564 , 0.276159
0.435897 , 0.128205 , 0.245712
0.435897 , 0.153846 , 0.208443
0.435897 , 0.179487 , 0.165213
0.435897 , 0.205128 , 0.116111
0.435897 , 0.230769 , 0.060595
0.435897 , 0.256410 , -0.001649
0.435897 , 0.282051 , -0.068673
0.435897 , 0.307692 , -0.139390
0.435897 , 0.333333 , -0.214549
0.435897 , 0.358974 , -0.294526
0.435897 , 0.384615 , -0.377955
0.435897 , 0.410256 , -0.465129
0.435897 , 0.435897 , -0.554627
0.435897 , 0.461538 , -0.646405
0.435897 , 0.487179 , -0.739722
0.435897 , 0.512821 , -0.833917
0.435897 , 0.538462 , -0.927475
0.435897 , 0.564103 , -1.020429
0.435897 , 0.589744 , -1.111675
0.435897 , 0.615385 , -1.201430
0.435897 , 0.641026 , -1.289346
0.435897 , 0.666667 , -1.373425
0.435897 , 0.692308 , -1.453399
0.435897 , 0.717949 , -1.528530
0.435897 , 0.743590 , -1.598255
0.435897 , 0.769231 , -1.662071
0.435897 , 0.794872 , -1.719589
0.435897 , 0.820513 , -1.771284
0.435897 , 0.846154 , -1.815923
0.435897 , 0.871795 , -1.854140
0.435897 , 0.897436 , -1.886050
0.435897 , 0.923077 , -1.910236
0.435897 , 0.948718 , -1.927234
0.435897 , 0.974359 , -1.936447
0.435897 , 1.000000 , -1.939659
0.461538 , 0.000000 , 0.567886
0.461538 , 0.025641 , 0.563837
0.461538 , 0.051282 , 0.552488
0.461538 , 0.076923 , 0.532356
0.461538 , 0.102564 , 0.505575
0.461538 , 0.128205 , 0.472233
0.461538 , 0.153846 , 0.431633
0.461538 , 0.179487 , 0.383819
0.461538 , 0.205128 , 0.329712
0.461538 , 0.230769 , 0.269894
0.461538 , 0.256410 , 0.203302
0.461538 , 0.282051 , 0.130558
0.461538 , 0.307692 , 0.053586
0.461538 , 0.333333 , -0.027724
0.461538 , 0.358974 , -0.114264
0.461538 , 0.384615 , -0.204812
0.461538 , 0.410256 , -0.298584
0.461538 , 0.435897 , -0.394493
0.461538 , 0.461538 , -0.493050
0.461538 , 0.487179 , -0.593384
0.461538 , 0.512821 , -0.694562
0.461538 , 0.538462 , -0.794658
0.461538 , 0.564103 , -0.894676
0.461538 , 0.589744 , -0.992762
0.461538 , 0.615385 , -1.088409
0.461538 , 0.641026 , -1.182128
0.461538 , 0.666667 , -1.271738
0.461538 , 0.692308 , -1.357804
0.461538 , 0.717949 , -1.438923
0.461538 , 0.743590 , -1.513809
0.461538 , 0.769231 , -1.583002
0.461538 , 0.794872 , -1.645925
0.461538 , 0.820513 , -1.702327
0.461538 , 0.846154 , -1.751184
0.461538 , 0.871795 , -1.792213
0.461538 , 0.897436 , -1.826239
0.461538 , 0.923077 , -1.852430
0.461538 , 0.948718 , -1.870776
0.461538 , 0.974359 , -1.881173
0.461538 , 1.000000 , -1.884757
0.487179 , 0.000000 , 0.801929
0.487179 , 0.025641 , 0.797960
0.487179 , 0.051282 , 0.785384
0.487179 , 0.076923 , 0.764140
0.487179 , 0.102564 , 0.734852
0.487179 , 0.128205 , 0.698782
0.487179 , 0.153846 , 0.654916
0.487179 , 0.179487 , 0.603060
0.487179 , 0.205128 , 0.544773
0.487179 , 0.230769 , 0.479754
0.487179 , 0.256410 , 0.408099
0.487179 , 0.282051 , 0.329611
0.487179 , 0.307692 , 0.245594
0.487179 , 0.333333 , 0.156938
0.487179 , 0.358974 , 0.063375
0.487179 , 0.384615 , -0.034206
0.487179 , 0.410256 , -0.135620
0.487179 , 0.435897 , -0.238898
0.487179 , 0.461538 , -0.344851
0.487179 , 0.487179 , -0.452649
0.487179 , 0.512821 , -0.561303
0.487179 , 0.538462 , -0.669697
0.487179 , 0.564103 , -0.776640
0.487179 , 0.589744 , -0.881907
0.487179 , 0.615385 , -0.984689
0.487179 , 0.641026 , -1.083910
0.487179 , 0.666667 , -1.179820
0.487179 , 0.692308 , -1.272064
0.487179 , 0.717949 , -1.358989
0.487179 , 0.743590 , -1.440077
0.487179 , 0.769231 , -1.514697
0.487179 , 0.794872 , -1.582589
0.487179 , 0.820513 , -1.643685
0.487179 , 0.846154 , -1.697323
0.487179 , 0.871795 , -1.741868
0.487179 , 0.897436 , -1.777994
0.487179 , 0.923077 , -1.805777
0.487179 , 0.948718 , -1.825615
0.487179 , 0.974359 , -1.837534
0.487179 , 1.000000 , -1.841409
0.512821 , 0.000000 , 1.037925
0.512821 , 0.025641 , 1.033418
0.512821 , 0.051282 , 1.019015
0.512821 , 0.076923 , 0.996438
0.512821 , 0.102564 , 0.964872
0.512821 , 0.128205 , 0.925961
0.512821 , 0.153846 , 0.879079
0.512821 , 0.179487 , 0.823195
0.512821 , 0.205128 , 0.760171
0.512821 , 0.230769 , 0.690322
0.512821 , 0.256410 , 0.612355
0.512821 , 0.282051 , 0.527694
0.512821 , 0.307692 , 0.436324
0.512821 , 0.333333 , 0.339565
0.512821 , 0.358974 , 0.238174
0.512821 , 0.384615 , 0.133071
0.512821 , 0.410256 , 0.024176
0.512821 , 0.435897 , -0.087336
0.512821 , 0.461538 , -0.201896
0.512821 , 0.487179 , -0.317767
0.512821 , 0.512821 , -0.434308
0.512821 , 0.538462 , -0.551256
0.512821 , 0.564103 , -0.666101
0.512821 , 0.589744 , -0.779299
0.512821 , 0.615385 , -0.889884
0.512821 , 0.641026 , -0.996774
0.512821 , 0.666667 , -1.099761
0.512821 , 0.692308 , -1.198854
0.512821 , 0.717949 , -1.291516
0.512821 , 0.743590 , -1.378731
0.512821 , 0.769231 , -1.459177
0.512821 , 0.794872 , -1.532372
0.512821 , 0.820513 , -1.598022
0.512821 , 0.846154 , -1.655416
0.512821 , 0.871795 , -1.703297
0.512821 , 0.897436 , -1.741653
0.512821 , 0.923077 , -1.770864
0.512821 , 0.948718 , -1.792829
0.512821 , 0.974359 , -1.806104
0.512821 , 1.000000 , -1.810241
0.538462 , 0.000000 , 1.275747
0.538462 , 0.025641 , 1.270792
0.538462 , 0.051282 , 1.254980
0.538462 , 0.076923 , 1.230203
0.538462 , 0.102564 , 1.196645
0.538462 , 0.128205 , 1.154835
0.538462 , 0.153846 , 1.103839
0.538462 , 0.179487 , 1.043605
0.538462 , 0.205128 , 0.975430
0.538462 , 0.230769 , 0.899712
0.538462 , 0.256410 , 0.816276
0.538462 , 0.282051 , 0.725073
0.538462 , 0.307692 , 0.626231
0.538462 , 0.333333 , 0.521530
0.538462 , 0.358974 , 0.411617
0.538462 , 0.384615 , 0.298021
0.538462 , 0.410256 , 0.180813
0.538462 , 0.435897 , 0.059903
0.538462 , 0.461538 , -0.063691
0.538462 , 0.487179 , -0.188859
0.538462 , 0.512821 , -0.314492
0.538462 , 0.538462 , -0.440100
0.538462 , 0.564103 , -0.563841
0.538462 , 0.589744 , -0.685489
0.538462 , 0.615385 , -0.805465
0.538462 , 0.641026 , -0.921176
0.538462 , 0.666667 , -1.032168
0.538462 , 0.692308 , -1.137924
0.538462 , 0.717949 , -1.236809
0.538462 , 0.743590 , -1.329705
0.538462 , 0.769231 , -1.416359
0.538462 , 0.794872 , -1.494732
0.538462 , 0.820513 , -1.564637
0.538462 , 0.846154 , -1.625820
0.538462 , 0.871795 , -1.677480
0.538462 , 0.897436 , -1.719170
0.538462 , 0.923077 , -1.750363
0.538462 , 0.948718 , -1.773639
0.538462 , 0.974359 , -1.788032
0.538462 , 1.000000 , -1.792604
0.564103 , 0.000000 , 1.516667
0.564103 , 0.025641 , 1.511145
0.564103 , 0.051282 , 1.494301
0.564103 , 0.076923 , 1.467917
0.564103 , 0.102564 , 1.431692
0.564103 , 0.128205 , 1.387001
0.564103 , 0.153846 , 1.331818
0.564103 , 0.179487 , 1.266948
0.564103 , 0.205128 , 1.193149
0.564103 , 0.230769 , 1.111513
0.564103 , 0.256410 , 1.022060
0.564103 , 0.282051 , 0.923292
0.564103 , 0.307692 , 0.816435
0.564103 , 0.333333 , 0.703620
0.564103 , 0.358974 , 0.585262
0.564103 , 0.384615 , 0.462367
0.564103 , 0.410256 , 0.334673
0.564103 , 0.435897 , 0.203744
0.564103 , 0.461538 , 0.069418
0.564103 , 0.487179 , -0.066515
0.564103 , 0.512821 , -0.203113
0.564103 , 0.538462 , -0.338863
0.564103 , 0.564103 , -0.472594
0.564103 , 0.589744 , -0.603542
0.564103 , 0.615385 , -0.732259
0.564103 , 0.641026 , -0.857716
0.564103 , 0.666667 , -0.977118
0.564103 , 0.692308 , -1.090345
0.564103 , 0.717949 , -1.196612
0.564103 , 0.743590 , -1.295478
0.564103 , 0.769231 , -1.387591
0.564103 , 0.794872 , -1.471271
0.564103 , 0.820513 , -1.545122
0.564103 , 0.846154 , -1.610030
0.564103 , 0.871795 , -1.665500
0.564103 , 0.897436 , -1.710473
0.564103 , 0.923077 , -1.744682
0.564103 , 0.948718 , -1.769320
0.564103 , 0.974359 , -1.784017
0.564103 , 1.000000 , -1.789238
0.589744 , 0.000000 , 1.760065
0.589744 , 0.025641 , 1.754719
0.589744 , 0.051282 , 1.737161
0.589744 , 0.076923 , 1.709220
0.589744 , 0.102564 , 1.671156
0.589744 , 0.128205 , 1.623003
0.589744 , 0.153846 , 1.563789
0.589744 , 0.179487 , 1.494388
0.589744 , 0.205128 , 1.415021
0.589744 , 0.230769 , 1.327276
0.589744 , 0.256410 , 1.230813
0.589744 , 0.282051 , 1.123912
0.589744 , 0.307692 , 1.008497
0.589744 , 0.333333 , 0.886359
0.589744 , 0.358974 , 0.758423
0.589744 , 0.384615 , 0.625304
0.589744 , 0.410256 , 0.486602
0.589744 , 0.435897 , 0.343756
0.589744 , 0.461538 , 0.198037
0.589744 , 0.487179 , 0.049733
0.589744 , 0.512821 , -0.098855
0.589744 , 0.538462 , -0.245977
0.589744 , 0.564103 , -0.390392
0.589744 , 0.589744 , -0.533034
0.589744 , 0.615385 , -0.671658
0.589744 , 0.641026 , -0.806279
0.589744 , 0.666667 , -0.935013
0.589744 , 0.692308 , -1.056735
0.589744 , 0.717949 , -1.171301
0.589744 , 0.743590 , -1.277279
0.589744 , 0.769231 , -1.374759
0.589744 , 0.794872 , -1.462890
0.589744 , 0.820513 , -1.541275
0.589744 , 0.846154 , -1.610109
0.589744 , 0.871795 , -1.668633
0.589744 , 0.897436 , -1.716494
0.589744 , 0.923077 , -1.752889
0.589744 , 0.948718 , -1.778914
0.589744 , 0.974359 , -1.794518
0.589744 , 1.000000 , -1.800419
0.615385 , 0.000000 , 2.007861
0.615385 , 0.025641 , 2.001971
0.615385 , 0.051282 , 1.984099
0.615385 , 0.076923 , 1.954846
0.615385 , 0.102564 , 1.913849
0.615385 , 0.128205 , 1.862578
0.615385 , 0.153846 , 1.800252
0.615385 , 0.179487 , 1.726995
0.615385 , 0.205128 , 1.642101
0.615385 , 0.230769 , 1.547446
0.615385 , 0.256410 , 1.443198
0.615385 , 0.282051 , 1.328322
0.615385 , 0.307692 , 1.203840
0.615385 , 0.333333 , 1.071335
0.615385 , 0.358974 , 0.931996
0.615385 , 0.384615 , 0.786892
0.615385 , 0.410256 , 0.635862
0.615385 , 0.435897 , 0.480162
0.615385 , 0.461538 , 0.321207
0.615385 , 0.487179 , 0.159838
0.615385 , 0.512821 , -0.001987
0.615385 , 0.538462 , -0.161872
0.615385 , 0.564103 , -0.318881
0.615385 , 0.589744 , -0.473572
0.615385 , 0.615385 , -0.624051
0.615385 , 0.641026 , -0.768814
0.615385 , 0.666667 , -0.907362
0.615385 , 0.692308 , -1.038563
0.615385 , 0.717949 , -1.161347
0.615385 , 0.743590 , -1.274345
0.615385 , 0.769231 , -1.377189
0.615385 , 0.794872 , -1.470579
0.615385 , 0.820513 , -1.554637
0.615385 , 0.846154 , -1.627802
0.615385 , 0.871795 , -1.688734
0.615385 , 0.897436 , -1.738608
0.615385 , 0.923077 , -1.777421
0.615385 , 0.948718 , -1.804890
0.615385 , 0.974359 , -1.821318
0.615385 , 1.000000 , -1.827592
0.641026 , 0.000000 , 2.260446
0.641026 , 0.025641 , 2.254003
0.641026 , 0.051282 , 2.235396
0.641026 , 0.076923 , 2.204663
0.641026 , 0.102564 , 2.161763
0.641026 , 0.128205 , 2.107323
0.641026 , 0.153846 , 2.041500
0.641026 , 0.179487 , 1.963975
0.641026 , 0.205128 , 1.874393
0.641026 , 0.230769 , 1.772963
0.641026 , 0.256410 , 1.660506
0.641026 , 0.282051 , 1.536816
0.641026 , 0.307692 , 1.402633
0.641026 , 0.333333 , 1.258857
0.641026 , 0.358974 , 1.107252
0.641026 , 0.384615 , 0.948500
0.641026 , 0.410256 , 0.783225
0.641026 , 0.435897 , 0.612687
0.641026 , 0.461538 , 0.439394
0.641026 , 0.487179 , 0.263859
0.641026 , 0.512821 , 0.087614
0.641026 , 0.538462 , -0.087109
0.641026 , 0.564103 , -0.258513
0.641026 , 0.589744 , -0.426754
0.641026 , 0.615385 , -0.589450
0.641026 , 0.641026 , -0.745793
0.641026 , 0.666667 , -0.895227
0.641026 , 0.692308 , -1.036916
0.641026 , 0.717949 , -1.168958
0.641026 , 0.743590 , -1.289246
0.641026 , 0.769231 , -1.398179
0.641026 , 0.794872 , -1.496852
0.641026 , 0.820513 , -1.585826
0.641026 , 0.846154 , -1.662699
0.641026 , 0.871795 , -1.726684
0.641026 , 0.897436 , -1.778454
0.641026 , 0.923077 , -1.818805
0.641026 , 0.948718 , -1.848803
0.641026 , 0.974359 , -1.866125
0.641026 , 1.000000 , -1.872051
0.666667 , 0.000000 , 2.518777
0.666667 , 0.025641 , 2.511845
0.666667 , 0.051282 , 2.492246
0.666667 , 0.076923 , 2.460038
0.666667 , 0.102564 , 2.415546
0.666667 , 0.128205 , 2.359370
0.666667 , 0.153846 , 2.289981
0.666667 , 0.179487 , 2.207915
0.666667 , 0.205128 , 2.113041
0.666667 , 0.230769 , 2.005010
0.666667 , 0.256410 , 1.884164
0.666667 , 0.282051 , 1.750871
0.666667 , 0.307692 , 1.605661
0.666667 , 0.333333 , 1.449994
0.666667 , 0.358974 , 1.284551
0.666667 , 0.384615 , 1.111013
0.666667 , 0.410256 , 0.930545
0.666667 , 0.435897 , 0.744025
0.666667 , 0.461538 , 0.553959
0.666667 , 0.487179 , 0.361943
0.666667 , 0.512821 , 0.169039
0.666667 , 0.538462 , -0.022383
0.666667 , 0.564103 , -0.210138
0.666667 , 0.589744 , -0.393234
0.666667 , 0.615385 , -0.569824
0.666667 , 0.641026 , -0.739389
0.666667 , 0.666667 , -0.900723
0.666667 , 0.692308 , -1.053425
0.666667 , 0.717949 , -1.194822
0.666667 , 0.743590 , -1.322557
0.666667 , 0.769231 , -1.438893
0.666667 , 0.794872 , -1.544466
0.666667 , 0.820513 , -1.638136
0.666667 , 0.846154 , -1.717664
0.666667 , 0.871795 , -1.784735
0.666667 , 0.897436 , -1.838344
0.666667 , 0.923077 , -1.879745
0.666667 , 0.948718 , -1.910712
0.666667 , 0.974359 , -1.929263
0.666667 , 1.000000 , -1.935210
0.692308 , 0.000000 , 2.781636
0.692308 , 0.025641 , 2.774931
0.692308 , 0.051282 , 2.754738
0.692308 , 0.076923 , 2.721609
0.692308 , 0.102564 , 2.675767
0.692308 , 0.128205 , 2.617190
0.692308 , 0.153846 , 2.545742
0.692308 , 0.179487 , 2.460273
0.692308 , 0.205128 , 2.360529
0.692308 , 0.230769 , 2.245548
0.692308 , 0.256410 , 2.115553
0.692308 , 0.282051 , 1.971368
0.692308 , 0.307692 , 1.814414
0.692308 , 0.333333 , 1.645671
0.692308 , 0.358974 , 1.465661
0.692308 , 0.384615 , 1.275737
0.692308 , 0.410256 , 1.078658
0.692308 , 0.435897 , 0.874735
0.692308 , 0.461538 , 0.666221
0.692308 , 0.487179 , 0.455154
0.692308 , 0.512821 , 0.243357
0.692308 , 0.538462 , 0.033184
0.692308 , 0.564103 , -0.173422
0.692308 , 0.589744 , -0.373745
0.692308 , 0.615385 , -0.567076
0.692308 , 0.641026 , -0.751558
0.692308 , 0.666667 , -0.926212
0.692308 , 0.692308 , -1.089540
0.692308 , 0.717949 , -1.240361
0.692308 , 0.743590 , -1.377050
0.692308 , 0.769231 , -1.501696
0.692308 , 0.794872 , -1.614191
0.692308 , 0.820513 , -1.712888
0.692308 , 0.846154 , -1.795290
0.692308 , 0.871795 , -1.864194
0.692308 , 0.897436 , -1.919237
0.692308 , 0.923077 , -1.961341
0.692308 , 0.948718 , -1.992247
0.692308 , 0.974359 , -2.011542
0.692308 , 1.000000 , -2.018208
0.717949 , 0.000000 , 3.050128
0.717949 , 0.025641 , 3.043390
0.717949 , 0.051282 , 3.023044
0.717949 , 0.076923 , 2.989900
0.717949 , 0.102564 , 2.943873
0.717949 , 0.128205 , 2.883285
0.717949 , 0.153846 , 2.809551
0.717949 , 0.179487 , 2.721000
0.717949 , 0.205128 , 2.615548
0.717949 , 0.230769 , 2.493703
0.717949 , 0.256410 , 2.355076
0.717949 , 0.282051 , 2.200545
0.717949 , 0.307692 , 2.030912
0.717949 , 0.333333 , 1.848328
0.717949 , 0.358974 , 1.652942
0.717949 , 0.384615 , 1.445133
0.717949 , 0.410256 , 1.228756
0.717949 , 0.435897 , 1.005080
0.717949 , 0.461538 , 0.775882
0.717949 , 0.487179 , 0.543243
0.717949 , 0.512821 , 0.309904
0.717949 , 0.538462 , 0.078624
0.717949 , 0.564103 , -0.148613
0.717949 , 0.589744 , -0.368944
0.717949 , 0.615385 , -0.580733
0.717949 , 0.641026 , -0.782231
0.717949 , 0.666667 , -0.971901
0.717949 , 0.692308 , -1.148108
0.717949 , 0.717949 , -1.309877
0.717949 , 0.743590 , -1.455870
0.717949 , 0.769231 , -1.588937
0.717949 , 0.794872 , -1.708120
0.717949 , 0.820513 , -1.810461
0.717949 , 0.846154 , -1.896389
0.717949 , 0.871795 , -1.966484
0.717949 , 0.897436 , -2.021918
0.717949 , 0.923077 , -2.064443
0.717949 , 0.948718 , -2.094926
0.717949 , 0.974359 , -2.113839
0.717949 , 1.000000 , -2.120622
0.743590 , 0.000000 , 3.324791
0.743590 , 0.025641 , 3.318098
0.743590 , 0.051282 , 3.298255
0.743590 , 0.076923 , 3.266015
0.743590 , 0.102564 , 3.220471
0.743590 , 0.128205 , 3.159305
0.743590 , 0.153846 , 3.083296
0.743590 , 0.179487 , 2.990857
0.743590 , 0.205128 , 2.880139
0.743590 , 0.230769 , 2.751779
0.743590 , 0.256410 , 2.605492
0.743590 , 0.282051 , 2.441317
0.743590 , 0.307692 , 2.258177
0.743590 , 0.333333 , 2.059941
0.743590 , 0.358974 , 1.847589
0.743590 , 0.384615 , 1.620686
0.743590 , 0.410256 , 1.382206
0.743590 , 0.435897 , 1.135342
0.743590 , 0.461538 , 0.883069
0.743590 , 0.487179 , 0.626612
0.743590 , 0.512821 , 0.368970
0.743590 , 0.538462 , 0.113812
0.743590 , 0.564103 , -0.137239
0.743590 , 0.589744 , -0.380026
0.743590 , 0.615385 , -0.612110
0.743590 , 0.641026 , -0.832681
0.743590 , 0.666667 , -1.039674
0.743590 , 0.692308 , -1.230801
0.743590 , 0.717949 , -1.404766
0.743590 , 0.743590 , -1.561179
0.743590 , 0.769231 , -1.701940
0.743590 , 0.794872 , -1.826352
0.743590 , 0.820513 , -1.931860
0.743590 , 0.846154 , -2.020111
0.743590 , 0.871795 , -2.091330
0.743590 , 0.897436 , -2.146717
0.743590 , 0.923077 , -2.188532
0.743590 , 0.948718 , -2.218684
0.743590 , 0.974359 , -2.236704
0.743590 , 1.000000 , -2.242939
0.769231 , 0.000000 , 3.605113
0.769231 , 0.025641 , 3.598888
0.769231 , 0.051282 , 3.580298
0.769231 , 0.076923 , 3.549640
0.769231 , 0.102564 , 3.505515
0.769231 , 0.128205 , 3.445040
0.769231 , 0.153846 , 3.368600
0.769231 , 0.179487 , 3.273280
0.769231 , 0.205128 , 3.158582
0.769231 , 0.230769 , 3.023383
0.769231 , 0.256410 , 2.868366
0.769231 , 0.282051 , 2.693063
0.769231 , 0.307692 , 2.496719
0.769231 , 0.333333 , 2.282083
0.769231 , 0.358974 , 2.051191
0.769231 , 0.384615 , 1.803008
0.769231 , 0.410256 , 1.540521
0.769231 , 0.435897 , 1.267872
0.769231 , 0.461538 , 0.988592
0.769231 , 0.487179 , 0.705109
0.769231 , 0.512821 , 0.419945
0.769231 , 0.538462 , 0.137440
0.769231 , 0.564103 , -0.139923
0.769231 , 0.589744 , -0.407920
0.769231 , 0.615385 , -0.663260
0.769231 , 0.641026 , -0.905779
0.769231 , 0.666667 , -1.132137
0.769231 , 0.692308 , -1.339264
0.769231 , 0.717949 , -1.525922
0.769231 , 0.743590 , -1.693169
0.769231 , 0.769231 , -1.841763
0.769231 , 0.794872 , -1.970407
0.769231 , 0.820513 , -2.078633
0.769231 , 0.846154 , -2.167832
0.769231 , 0.871795 , -2.239167
0.769231 , 0.897436 , -2.294507
0.769231 , 0.923077 , -2.335415
0.769231 , 0.948718 , -2.364186
0.769231 , 0.974359 , -2.381441
0.769231 , 1.000000 , -2.387025
0.794872 , 0.000000 , 3.890130
0.794872 , 0.025641 , 3.884688
0.794872 , 0.051282 , 3.868318
0.794872 , 0.076923 , 3.840511
0.794872 , 0.102564 , 3.799042
0.794872 , 0.128205 , 3.741201
0.794872 , 0.153846 , 3.666884
0.794872 , 0.179487 , 3.571490
0.794872 , 0.205128 , 3.453850
0.794872 , 0.230769 , 3.312622
0.794872 , 0.256410 , 3.148297
0.794872 , 0.282051 , 2.960627
0.794872 , 0.307692 , 2.750162
0.794872 , 0.333333 , 2.517109
0.794872 , 0.358974 , 2.264814
0.794872 , 0.384615 , 1.992563
0.794872 , 0.410256 , 1.702660
0.794872 , 0.435897 , 1.402123
0.794872 , 0.461538 , 1.093004
0.794872 , 0.487179 , 0.778059
0.794872 , 0.512821 , 0.461675
0.794872 , 0.538462 , 0.147676
0.794872 , 0.564103 , -0.159294
0.794872 , 0.589744 , -0.455421
0.794872 , 0.615385 , -0.736939
0.794872 , 0.641026 , -1.003134
0.794872 , 0.666667 , -1.251112
0.794872 , 0.692308 , -1.475643
0.794872 , 0.717949 , -1.676411
0.794872 , 0.743590 , -1.854387
0.794872 , 0.769231 , -2.010547
0.794872 , 0.794872 , -2.143465
0.794872 , 0.820513 , -2.254067
0.794872 , 0.846154 , -2.342674
0.794872 , 0.871795 , -2.412124
0.794872 , 0.897436 , -2.464602
0.794872 , 0.923077 , -2.503611
0.794872 , 0.948718 , -2.530488
0.794872 , 0.974359 , -2.546061
0.794872 , 1.000000 , -2.551255
0.820513 , 0.000000 , 4.178777
0.820513 , 0.025641 , 4.175033
0.820513 , 0.051282 , 4.161637
0.820513 , 0.076923 , 4.137670
0.820513 , 0.102564 , 4.101295
0.820513 , 0.128205 , 4.049204
0.820513 , 0.153846 , 3.979476
0.820513 , 0.179487 , 3.885888
0.820513 , 0.205128 , 3.767404
0.820513 , 0.230769 , 3.621382
0.820513 , 0.256410 , 3.447908
0.820513 , 0.282051 , 3.248447
0.820513 , 0.307692 , 3.022624
0.820513 , 0.333333 , 2.770205
0.820513 , 0.358974 , 2.492557
0.820513 , 0.384615 , 2.192834
0.820513 , 0.410256 , 1.872815
0.820513 , 0.435897 , 1.539220
0.820513 , 0.461538 , 1.195467
0.820513 , 0.487179 , 0.845153
0.820513 , 0.512821 , 0.493083
0.820513 , 0.538462 , 0.144318
0.820513 , 0.564103 , -0.196846
0.820513 , 0.589744 , -0.525159
0.820513 , 0.615385 , -0.836813
0.820513 , 0.641026 , -1.129490
0.820513 , 0.666667 , -1.400341
0.820513 , 0.692308 , -1.642944
0.820513 , 0.717949 , -1.858405
0.820513 , 0.743590 , -2.048191
0.820513 , 0.769231 , -2.211886
0.820513 , 0.794872 , -2.348154
0.820513 , 0.820513 , -2.459674
0.820513 , 0.846154 , -2.546760
0.820513 , 0.871795 , -2.611806
0.820513 , 0.897436 , -2.658425
0.820513 , 0.923077 , -2.692247
0.820513 , 0.948718 , -2.715416
0.820513 , 0.974359 , -2.728584
0.820513 , 1.000000 , -2.732921
0.846154 , 0.000000 , 4.470004
0.846154 , 0.025641 , 4.467669
0.846154 , 0.051282 , 4.458909
0.846154 , 0.076923 , 4.442188
0.846154 , 0.102564 , 4.413811
0.846154 , 0.128205 , 4.369778
0.846154 , 0.153846 , 4.306241
0.846154 , 0.179487 , 4.217317
0.846154 , 0.205128 , 4.100519
0.846154 , 0.230769 , 3.951938
0.846154 , 0.256410 , 3.771433
0.846154 , 0.282051 , 3.559445
0.846154 , 0.307692 , 3.316147
0.846154 , 0.333333 , 3.041763
0.846154 , 0.358974 , 2.737751
0.846154 , 0.384615 , 2.407421
0.846154 , 0.410256 , 2.053981
0.846154 , 0.435897 , 1.682972
0.846154 , 0.461538 , 1.299556
0.846154 , 0.487179 , 0.909075
0.846154 , 0.512821 , 0.516524
0.846154 , 0.538462 , 0.127581
0.846154 , 0.564103 , -0.252862
0.846154 , 0.589744 , -0.618195
0.846154 , 0.615385 , -0.964278
0.846154 , 0.641026 , -1.287065
0.846154 , 0.666667 , -1.583320
0.846154 , 0.692308 , -1.847365
0.846154 , 0.717949 , -2.079189
0.846154 , 0.743590 , -2.279982
0.846154 , 0.769231 , -2.450286
0.846154 , 0.794872 , -2.589078
0.846154 , 0.820513 , -2.698525
0.846154 , 0.846154 , -2.780367
0.846154 , 0.871795 , -2.838167
0.846154 , 0.897436 , -2.877229
0.846154 , 0.923077 , -2.903101
0.846154 , 0.948718 , -2.918699
0.846154 , 0.974359 , -2.927308
0.846154 , 1.000000 , -2.929857
0.871795 , 0.000000 , 4.759550
0.871795 , 0.025641 , 4.759824
0.871795 , 0.051282 , 4.758525
0.871795 , 0.076923 , 4.752087
0.871795 , 0.102564 , 4.736045
0.871795 , 0.128205 , 4.704864
0.871795 , 0.153846 , 4.651682
0.871795 , 0.179487 , 4.570050
0.871795 , 0.205128 , 4.456557
0.871795 , 0.230769 , 4.308720
0.871795 , 0.256410 , 4.122310
0.871795 , 0.282051 , 3.897615
0.871795 , 0.307692 , 3.635732
0.871795 , 0.333333 , 3.336840
0.871795 , 0.358974 , 3.003390
0.871795 , 0.384615 , 2.639367
0.871795 , 0.410256 , 2.247699
0.871795 , 0.435897 , 1.834831
0.871795 , 0.461538 , 1.406122
0.871795 , 0.487179 , 0.969210
0.871795 , 0.512821 , 0.530354
0.871795 , 0.538462 , 0.095873
0.871795 , 0.564103 , -0.329331
0.871795 , 0.589744 , -0.736781
0.871795 , 0.615385 , -1.121568
0.871795 , 0.641026 , -1.478730
0.871795 , 0.666667 , -1.804064
0.871795 , 0.692308 , -2.091719
0.871795 , 0.717949 , -2.341778
0.871795 , 0.743590 , -2.554101
0.871795 , 0.769231 , -2.729350
0.871795 , 0.794872 , -2.869132
0.871795 , 0.820513 , -2.973851
0.871795 , 0.846154 , -3.047301
0.871795 , 0.871795 , -3.094113
0.871795 , 0.897436 , -3.120306
0.871795 , 0.923077 , -3.133679
0.871795 , 0.948718 , -3.138744
0.871795 , 0.974359 , -3.139744
0.871795 , 1.000000 , -3.139768
0.897436 , 0.000000 , 5.043204
0.897436 , 0.025641 , 5.046837
0.897436 , 0.051282 , 5.056490
0.897436 , 0.076923 , 5.066112
0.897436 , 0.102564 , 5.067840
0.897436 , 0.128205 , 5.054577
0.897436 , 0.153846 , 5.017658
0.897436 , 0.179487 , 4.948516
0.897436 , 0.205128 , 4.842528
0.897436 , 0.230769 , 4.696564
0.897436 , 0.256410 , 4.505895
0.897436 , 0.282051 , 4.268676
0.897436 , 0.307692 , 3.987675
0.897436 , 0.333333 , 3.662401
0.897436 , 0.358974 , 3.295934
0.897436 , 0.384615 , 2.892765
0.897436 , 0.410256 , 2.457485
0.897436 , 0.435897 , 1.996830
0.897436 , 0.461538 , 1.517221
0.897436 , 0.487179 , 1.026796
0.897436 , 0.512821 , 0.533970
0.897436 , 0.538462 , 0.046725
0.897436 , 0.564103 , -0.429074
0.897436 , 0.589744 , -0.884826
0.897436 , 0.615385 , -1.313183
0.897436 , 0.641026 , -1.708294
0.897436 , 0.666667 , -2.066608
0.897436 , 0.692308 , -2.381299
0.897436 , 0.717949 , -2.650127
0.897436 , 0.743590 , -2.874916
0.897436 , 0.769231 , -3.055632
0.897436 , 0.794872 , -3.192919
0.897436 , 0.820513 , -3.290032
0.897436 , 0.846154 , -3.350584
0.897436 , 0.871795 , -3.381041
0.897436 , 0.897436 , -3.388616
0.897436 , 0.923077 , -3.382635
0.897436 , 0.948718 , -3.371619
0.897436 , 0.974359 , -3.361673
0.897436 , 1.000000 , -3.357699
0.923077 , 0.000000 , 5.312084
0.923077 , 0.025641 , 5.321663
0.923077 , 0.051282 , 5.348216
0.923077 , 0.076923 , 5.381561
0.923077 , 0.102564 , 5.409884
0.923077 , 0.128205 , 5.422403
0.923077 , 0.153846 , 5.408224
0.923077 , 0.179487 , 5.357926
0.923077 , 0.205128 , 5.263969
0.923077 , 0.230769 , 5.122613
0.923077 , 0.256410 , 4.929002
0.923077 , 0.282051 , 4.679962
0.923077 , 0.307692 , 4.378163
0.923077 , 0.333333 , 4.023745
0.923077 , 0.358974 , 3.620145
0.923077 , 0.384615 , 3.171945
0.923077 , 0.410256 , 2.686551
0.923077 , 0.435897 , 2.170906
0.923077 , 0.461538 , 1.633230
0.923077 , 0.487179 , 1.082460
0.923077 , 0.512821 , 0.528179
0.923077 , 0.538462 , -0.020814
0.923077 , 0.564103 , -0.554989
0.923077 , 0.589744 , -1.065821
0.923077 , 0.615385 , -1.544847
0.923077 , 0.641026 , -1.984736
0.923077 , 0.666667 , -2.379024
0.923077 , 0.692308 , -2.722694
0.923077 , 0.717949 , -3.013035
0.923077 , 0.743590 , -3.249844
0.923077 , 0.769231 , -3.433658
0.923077 , 0.794872 , -3.566235
0.923077 , 0.820513 , -3.650847
0.923077 , 0.846154 , -3.692801
0.923077 , 0.871795 , -3.699979
0.923077 , 0.897436 , -3.681259
0.923077 , 0.923077 , -3.648494
0.923077 , 0.948718 , -3.613160
0.923077 , 0.974359 , -3.586096
0.923077 , 1.000000 , -3.575985
0.948718 , 0.000000 , 5.553712
0.948718 , 0.025641 , 5.573941
0.948718 , 0.051282 , 5.625875
0.948718 , 0.076923 , 5.694524
0.948718 , 0.102564 , 5.762078
0.948718 , 0.128205 , 5.810556
0.948718 , 0.153846 , 5.828200
0.948718 , 0.179487 , 5.803697
0.948718 , 0.205128 , 5.727693
0.948718 , 0.230769 , 5.594285
0.948718 , 0.256410 , 5.399154
0.948718 , 0.282051 , 5.138893
0.948718 , 0.307692 , 4.814714
0.948718 , 0.333333 , 4.427629
0.948718 , 0.358974 , 3.982136
0.948718 , 0.384615 , 3.483774
0.948718 , 0.410256 , 2.940687
0.948718 , 0.435897 , 2.362244
0.948718 , 0.461538 , 1.756357
0.948718 , 0.487179 , 1.135096
0.948718 , 0.512821 , 0.509591
0.948718 , 0.538462 , -0.109320
0.948718 , 0.564103 , -0.711210
0.948718 , 0.589744 , -1.285406
0.948718 , 0.615385 , -1.822308
0.948718 , 0.641026 , -2.312698
0.948718 , 0.666667 , -2.748909
0.948718 , 0.692308 , -3.125564
0.948718 , 0.717949 , -3.438003
0.948718 , 0.743590 , -3.686900
0.948718 , 0.769231 , -3.872336
0.948718 , 0.794872 , -3.996621
0.948718 , 0.820513 , -4.062989
0.948718 , 0.846154 , -4.078843
0.948718 , 0.871795 , -4.053375
0.948718 , 0.897436 , -3.998181
0.948718 , 0.923077 , -3.926832
0.948718 , 0.948718 , -3.855833
0.948718 , 0.974359 , -3.802660
0.948718 , 1.000000 , -3.782012
0.974359 , 0.000000 , 5.748437
0.974359 , 0.025641 , 5.786882
0.974359 , 0.051282 , 5.881394
0.974359 , 0.076923 , 6.002460
0.974359 , 0.102564 , 6.123916
0.974359 , 0.128205 , 6.223530
0.974359 , 0.153846 , 6.284672
0.974359 , 0.179487 , 6.295333
0.974359 , 0.205128 , 6.244169
0.974359 , 0.230769 , 6.123640
0.974359 , 0.256410 , 5.928495
0.974359 , 0.282051 , 5.656152
0.974359 , 0.307692 , 5.307711
0.974359 , 0.333333 , 4.884163
0.974359 , 0.358974 , 4.390380
0.974359 , 0.384615 , 3.834063
0.974359 , 0.410256 , 3.224598
0.974359 , 0.435897 , 2.572937
0.974359 , 0.461538 , 1.889643
0.974359 , 0.487179 , 1.186958
0.974359 , 0.512821 , 0.478932
0.974359 , 0.538462 , -0.221580
0.974359 , 0.564103 , -0.901693
0.974359 , 0.589744 , -1.549141
0.974359 , 0.615385 , -2.152145
0.974359 , 0.641026 , -2.700104
0.974359 , 0.666667 , -3.184470
0.974359 , 0.692308 , -3.597557
0.974359 , 0.717949 , -3.935262
0.974359 , 0.743590 , -4.195995
0.974359 , 0.769231 , -4.381052
0.974359 , 0.794872 , -4.492363
0.974359 , 0.820513 , -4.534538
0.974359 , 0.846154 , -4.515199
0.974359 , 0.871795 , -4.445644
0.974359 , 0.897436 , -4.339206
0.974359 , 0.923077 , -4.214076
0.974359 , 0.948718 , -4.090496
0.974359 , 0.974359 , -3.994863
0.974359 , 1.000000 , -3.956360
1.000000 , 0.000000 , 5.861526
1.000000 , 0.025641 , 5.937580
1.000000 , 0.051282 , 6.103979
1.000000 , 0.076923 , 6.302687
1.000000 , 0.102564 , 6.499646
1.000000 , 0.128205 , 6.666815
1.000000 , 0.153846 , 6.785884
1.000000 , 0.179487 , 6.842016
1.000000 , 0.205128 , 6.822822
1.000000 , 0.230769 , 6.720366
1.000000 , 0.256410 , 6.527971
1.000000 , 0.282051 , 6.243812
1.000000 , 0.307692 , 5.868422
1.000000 , 0.333333 , 5.403352
1.000000 , 0.358974 , 4.854730
1.000000 , 0.384615 , 4.231738
1.000000 , 0.410256 , 3.545389
1.000000 , 0.435897 , 2.808893
1.000000 , 0.461538 , 2.035294
1.000000 , 0.487179 , 1.238487
1.000000 , 0.512821 , 0.435187
1.000000 , 0.538462 , -0.359748
1.000000 , 0.564103 , -1.130933
1.000000 , 0.589744 , -1.863439
1.000000 , 0.615385 , -2.542914
1.000000 , 0.641026 , -3.157361
1.000000 , 0.666667 , -3.695922
1.000000 , 0.692308 , -4.150598
1.000000 , 0.717949 , -4.515445
1.000000 , 0.743590 , -4.789037
1.000000 , 0.769231 , -4.971452
1.000000 , 0.794872 , -5.064990
1.000000 , 0.820513 , -5.074643
1.000000 , 0.846154 , -5.009762
1.000000 , 0.871795 , -4.882479
1.000000 , 0.897436 , -4.708557
1.000000 , 0.923077 , -4.508176
1.000000 , 0.948718 , -4.306755
1.000000 , 0.974359 , -4.138980
1.000000 , 1.000000 , -4.061795
