0.000000 , 0.000000 , -2.915876
0.000000 , 0.025641 , -2.915876
0.000000 , 0.051282 , -2.915876
0.000000 , 0.076923 , -2.915876
0.000000 , 0.102564 , -2.915876
0.000000 , 0.128205 , -2.915876
0.000000 , 0.153846 , -2.915876
0.000000 , 0.179487 , -2.915876
0.000000 , 0.205128 , -2.915876
0.000000 , 0.230769 , -2.915876
0.000000 , 0.256410 , -2.915876
0.000000 , 0.282051 , -2.915876
0.000000 , 0.307692 , -2.915876
0.000000 , 0.333333 , -2.915876
0.000000 , 0.358974 , -2.915876
0.000000 , 0.384615 , -2.915876
0.000000 , 0.410256 , -2.915876
0.000000 , 0.435897 , -2.915876
0.000000 , 0.461538 , -2.915876
0.000000 , 0.487179 , -2.915876
0.000000 , 0.512821 , -2.915876
0.000000 , 0.538462 , -2.915876
0.000000 , 0.564103 , -2.915876
0.000000 , 0.589744 , -2.915876
0.000000 , 0.615385 , -2.915876
0.000000 , 0.641026 , -2.915876
0.000000 , 0.666667 , -2.915876
0.000000 , 0.692308 , -2.915876
0.000000 , 0.717949 , -2.915876
0.000000 , 0.743590 , -2.915876
0.000000 , 0.769231 , -2.915876
0.000000 , 0.794872 , -2.915876
0.000000 , 0.820513 , -2.915876
0.000000 , 0.846154 , -2.915876
0.000000 , 0.871795 , -2.915876
0.000000 , 0.897436 , -2.915876
0.000000 , 0.923077 , -2.915876
0.000000 , 0.948718 , -2.915876
0.000000 , 0.974359 , -2.915876
0.000000 , 1.000000 , -2.915876
0.025641 , 0.000000 , -2.632034
0.025641 , 0.025641 , -2.631064
0.025641 , 0.051282 , -2.629897
0.025641 , 0.076923 , -2.628503
0.025641 , 0.102564 , -2.627523
0.025641 , 0.128205 , -2.627274
0.025641 , 0.153846 , -2.627169
0.025641 , 0.179487 , -2.627203
0.025641 , 0.205128 , -2.628428
0.025641 , 0.230769 , -2.629906
0.025641 , 0.256410 , -2.630351
0.025641 , 0.282051 , -2.631418
0.025641 , 0.307692 , -2.633102
0.025641 , 0.333333 , -2.635256
0.025641 , 0.358974 , -2.637772
0.025641 , 0.384615 , -2.640339
0.025641 , 0.410256 , -2.643564
0.025641 , 0.435897 , -2.645933
0.025641 , 0.461538 , -2.648003
0.025641 , 0.487179 , -2.650306
0.025641 , 0.512821 , -2.652683
0.025641 , 0.538462 , -2.654485
0.025641 , 0.564103 , -2.656877
0.025641 , 0.589744 , -2.659335
0.025641 , 0.615385 , -2.661189
0.025641 , 0.641026 , -2.663137
0.025641 , 0.666667 , -2.664373
0.025641 , 0.692308 , -2.665299
0.025641 , 0.717949 , -2.666371
0.025641 , 0.743590 , -2.667203
0.025641 , 0.769231 , -2.667884
0.025641 , 0.794872 , -2.668516
0.025641 , 0.820513 , -2.669295
0.025641 , 0.846154 , -2.669733
0.025641 , 0.871795 , -2.669274
0.025641 , 0.897436 , -2.669861
0.025641 , 0.923077 , -2.669948
0.025641 , 0.948718 , -2.670136
0.025641 , 0.974359 , -2.670421
0.025641 , 1.000000 , -2.670929
0.051282 , 0.000000 , -2.358997
0.051282 , 0.025641 , -2.358557
0.051282 , 0.051282 , -2.356431
0.051282 , 0.076923 , -2.354304
0.051282 , 0.102564 , -2.353039
0.051282 , 0.128205 , -2.352423
0.051282 , 0.153846 , -2.351821
0.051282 , 0.179487 , -2.351781
0.051282 , 0.205128 , -2.352916
0.051282 , 0.230769 , -2.355431
0.051282 , 0.256410 , -2.357531
0.051282 , 0.282051 , -2.360313
0.051282 , 0.307692 , -2.364310
0.051282 , 0.333333 , -2.368087
0.051282 , 0.358974 , -2.372446
0.051282 , 0.384615 , -2.377502
0.051282 , 0.410256 , -2.382796
0.051282 , 0.435897 , -2.387925
0.051282 , 0.461538 , -2.392352
0.051282 , 0.487179 , -2.396927
0.051282 , 0.512821 , -2.401645
0.051282 , 0.538462 , -2.405415
0.051282 , 0.564103 , -2.409130
0.051282 , 0.589744 , -2.413673
0.051282 , 0.615385 , -2.417851
0.051282 , 0.641026 , -2.421502
0.051282 , 0.666667 , -2.424103
0.051282 , 0.692308 , -2.426245
0.051282 , 0.717949 , -2.428255
0.051282 , 0.743590 , -2.430026
0.051282 , 0.769231 , -2.431609
0.051282 , 0.794872 , -2.432870
0.051282 , 0.820513 , -2.433428
0.051282 , 0.846154 , -2.433891
0.051282 , 0.871795 , -2.433926
0.051282 , 0.897436 , -2.433995
0.051282 , 0.923077 , -2.435077
0.051282 , 0.948718 , -2.435455
0.051282 , 0.974359 , -2.435688
0.051282 , 1.000000 , -2.435763
0.076923 , 0.000000 , -2.098435
0.076923 , 0.025641 , -2.097659
0.076923 , 0.051282 , -2.095851
0.076923 , 0.076923 , -2.093310
0.076923 , 0.102564 , -2.091689
0.076923 , 0.128205 , -2.090687
0.076923 , 0.153846 , -2.089977
0.076923 , 0.179487 , -2.089698
0.076923 , 0.205128 , -2.090948
0.076923 , 0.230769 , -2.093522
0.076923 , 0.256410 , -2.097374
0.076923 , 0.282051 , -2.103071
0.076923 , 0.307692 , -2.109166
0.076923 , 0.333333 , -2.114832
0.076923 , 0.358974 , -2.120039
0.076923 , 0.384615 , -2.125665
0.076923 , 0.410256 , -2.132914
0.076923 , 0.435897 , -2.140537
0.076923 , 0.461538 , -2.147547
0.076923 , 0.487179 , -2.155165
0.076923 , 0.512821 , -2.161966
0.076923 , 0.538462 , -2.167552
0.076923 , 0.564103 , -2.173010
0.076923 , 0.589744 , -2.178828
0.076923 , 0.615385 , -2.184522
0.076923 , 0.641026 , -2.190363
0.076923 , 0.666667 , -2.195055
0.076923 , 0.692308 , -2.198641
0.076923 , 0.717949 , -2.201919
0.076923 , 0.743590 , -2.204581
0.076923 , 0.769231 , -2.206080
0.076923 , 0.794872 , -2.208401
0.076923 , 0.820513 , -2.209142
0.076923 , 0.846154 , -2.209279
0.076923 , 0.871795 , -2.209468
0.076923 , 0.897436 , -2.209653
0.076923 , 0.923077 , -2.211138
0.076923 , 0.948718 , -2.212131
0.076923 , 0.974359 , -2.212259
0.076923 , 1.000000 , -2.212049
0.102564 , 0.000000 , -1.852243
0.102564 , 0.025641 , -1.851006
0.102564 , 0.051282 , -1.849084
0.102564 , 0.076923 , -1.846838
0.102564 , 0.102564 , -1.844893
0.102564 , 0.128205 , -1.843227
0.102564 , 0.153846 , -1.842175
0.102564 , 0.179487 , -1.841628
0.102564 , 0.205128 , -1.842740
0.102564 , 0.230769 , -1.845899
0.102564 , 0.256410 , -1.850912
0.102564 , 0.282051 , -1.858348
0.102564 , 0.307692 , -1.866080
0.102564 , 0.333333 , -1.873115
0.102564 , 0.358974 , -1.879999
0.102564 , 0.384615 , -1.886919
0.102564 , 0.410256 , -1.895640
0.102564 , 0.435897 , -1.905399
0.102564 , 0.461538 , -1.914364
0.102564 , 0.487179 , -1.924301
0.102564 , 0.512821 , -1.933288
0.102564 , 0.538462 , -1.940117
0.102564 , 0.564103 , -1.947957
0.102564 , 0.589744 , -1.955770
0.102564 , 0.615385 , -1.962669
0.102564 , 0.641026 , -1.969480
0.102564 , 0.666667 , -1.975743
0.102564 , 0.692308 , -1.980802
0.102564 , 0.717949 , -1.986233
0.102564 , 0.743590 , -1.989929
0.102564 , 0.769231 , -1.991532
0.102564 , 0.794872 , -1.993595
0.102564 , 0.820513 , -1.995134
0.102564 , 0.846154 , -1.995614
0.102564 , 0.871795 , -1.995599
0.102564 , 0.897436 , -1.996693
0.102564 , 0.923077 , -1.997374
0.102564 , 0.948718 , -1.998603
0.102564 , 0.974359 , -1.999133
0.102564 , 1.000000 , -1.998892
0.128205 , 0.000000 , -1.620456
0.128205 , 0.025641 , -1.619034
0.128205 , 0.051282 , -1.617140
0.128205 , 0.076923 , -1.614953
0.128205 , 0.102564 , -1.612776
0.128205 , 0.128205 , -1.610450
0.128205 , 0.153846 , -1.608766
0.128205 , 0.179487 , -1.608025
0.128205 , 0.205128 , -1.609003
0.128205 , 0.230769 , -1.612520
0.128205 , 0.256410 , -1.618002
0.128205 , 0.282051 , -1.625619
0.128205 , 0.307692 , -1.634129
0.128205 , 0.333333 , -1.642272
0.128205 , 0.358974 , -1.651440
0.128205 , 0.384615 , -1.660917
0.128205 , 0.410256 , -1.671272
0.128205 , 0.435897 , -1.681800
0.128205 , 0.461538 , -1.692645
0.128205 , 0.487179 , -1.703751
0.128205 , 0.512821 , -1.714078
0.128205 , 0.538462 , -1.723324
0.128205 , 0.564103 , -1.733427
0.128205 , 0.589744 , -1.743742
0.128205 , 0.615385 , -1.752532
0.128205 , 0.641026 , -1.759943
0.128205 , 0.666667 , -1.767442
0.128205 , 0.692308 , -1.773901
0.128205 , 0.717949 , -1.779812
0.128205 , 0.743590 , -1.784878
0.128205 , 0.769231 , -1.787668
0.128205 , 0.794872 , -1.789399
0.128205 , 0.820513 , -1.791749
0.128205 , 0.846154 , -1.792726
0.128205 , 0.871795 , -1.792750
0.128205 , 0.897436 , -1.793167
0.128205 , 0.923077 , -1.794042
0.128205 , 0.948718 , -1.794300
0.128205 , 0.974359 , -1.795029
0.128205 , 1.000000 , -1.795648
0.153846 , 0.000000 , -1.402662
0.153846 , 0.025641 , -1.401283
0.153846 , 0.051282 , -1.399273
0.153846 , 0.076923 , -1.397123
0.153846 , 0.102564 , -1.394608
0.153846 , 0.128205 , -1.392583
0.153846 , 0.153846 , -1.390002
0.153846 , 0.179487 , -1.388813
0.153846 , 0.205128 , -1.389957
0.153846 , 0.230769 , -1.393480
0.153846 , 0.256410 , -1.399050
0.153846 , 0.282051 , -1.406096
0.153846 , 0.307692 , -1.414854
0.153846 , 0.333333 , -1.423570
0.153846 , 0.358974 , -1.434238
0.153846 , 0.384615 , -1.446291
0.153846 , 0.410256 , -1.458650
0.153846 , 0.435897 , -1.470301
0.153846 , 0.461538 , -1.482023
0.153846 , 0.487179 , -1.494529
0.153846 , 0.512821 , -1.506277
0.153846 , 0.538462 , -1.517775
0.153846 , 0.564103 , -1.529882
0.153846 , 0.589744 , -1.541383
0.153846 , 0.615385 , -1.551358
0.153846 , 0.641026 , -1.560715
0.153846 , 0.666667 , -1.568916
0.153846 , 0.692308 , -1.576674
0.153846 , 0.717949 , -1.583711
0.153846 , 0.743590 , -1.588996
0.153846 , 0.769231 , -1.592168
0.153846 , 0.794872 , -1.593605
0.153846 , 0.820513 , -1.596996
0.153846 , 0.846154 , -1.599358
0.153846 , 0.871795 , -1.599484
0.153846 , 0.897436 , -1.599728
0.153846 , 0.923077 , -1.600164
0.153846 , 0.948718 , -1.599866
0.153846 , 0.974359 , -1.600245
0.153846 , 1.000000 , -1.600633
0.179487 , 0.000000 , -1.198152
0.179487 , 0.025641 , -1.197165
0.179487 , 0.051282 , -1.195454
0.179487 , 0.076923 , -1.192795
0.179487 , 0.102564 , -1.189957
0.179487 , 0.128205 , -1.187955
0.179487 , 0.153846 , -1.185817
0.179487 , 0.179487 , -1.184250
0.179487 , 0.205128 , -1.185322
0.179487 , 0.230769 , -1.188941
0.179487 , 0.256410 , -1.194624
0.179487 , 0.282051 , -1.201076
0.179487 , 0.307692 , -1.209495
0.179487 , 0.333333 , -1.218611
0.179487 , 0.358974 , -1.229606
0.179487 , 0.384615 , -1.242447
0.179487 , 0.410256 , -1.256311
0.179487 , 0.435897 , -1.270003
0.179487 , 0.461538 , -1.283551
0.179487 , 0.487179 , -1.296485
0.179487 , 0.512821 , -1.309472
0.179487 , 0.538462 , -1.322983
0.179487 , 0.564103 , -1.336636
0.179487 , 0.589744 , -1.349160
0.179487 , 0.615385 , -1.360856
0.179487 , 0.641026 , -1.371574
0.179487 , 0.666667 , -1.380755
0.179487 , 0.692308 , -1.388486
0.179487 , 0.717949 , -1.396420
0.179487 , 0.743590 , -1.401831
0.179487 , 0.769231 , -1.406146
0.179487 , 0.794872 , -1.408390
0.179487 , 0.820513 , -1.411436
0.179487 , 0.846154 , -1.413593
0.179487 , 0.871795 , -1.414588
0.179487 , 0.897436 , -1.413873
0.179487 , 0.923077 , -1.414048
0.179487 , 0.948718 , -1.414008
0.179487 , 0.974359 , -1.414554
0.179487 , 1.000000 , -1.415477
0.205128 , 0.000000 , -1.005613
0.205128 , 0.025641 , -1.005420
0.205128 , 0.051282 , -1.004122
0.205128 , 0.076923 , -1.002250
0.205128 , 0.102564 , -0.999058
0.205128 , 0.128205 , -0.996573
0.205128 , 0.153846 , -0.994606
0.205128 , 0.179487 , -0.993647
0.205128 , 0.205128 , -0.995020
0.205128 , 0.230769 , -0.998581
0.205128 , 0.256410 , -1.003952
0.205128 , 0.282051 , -1.010705
0.205128 , 0.307692 , -1.018800
0.205128 , 0.333333 , -1.027467
0.205128 , 0.358974 , -1.038866
0.205128 , 0.384615 , -1.051993
0.205128 , 0.410256 , -1.065688
0.205128 , 0.435897 , -1.080367
0.205128 , 0.461538 , -1.095546
0.205128 , 0.487179 , -1.109654
0.205128 , 0.512821 , -1.123523
0.205128 , 0.538462 , -1.138691
0.205128 , 0.564103 , -1.153525
0.205128 , 0.589744 , -1.166430
0.205128 , 0.615385 , -1.178656
0.205128 , 0.641026 , -1.189987
0.205128 , 0.666667 , -1.199811
0.205128 , 0.692308 , -1.208070
0.205128 , 0.717949 , -1.216717
0.205128 , 0.743590 , -1.223240
0.205128 , 0.769231 , -1.229030
0.205128 , 0.794872 , -1.233071
0.205128 , 0.820513 , -1.235420
0.205128 , 0.846154 , -1.237553
0.205128 , 0.871795 , -1.239370
0.205128 , 0.897436 , -1.239267
0.205128 , 0.923077 , -1.238239
0.205128 , 0.948718 , -1.238161
0.205128 , 0.974359 , -1.238552
0.205128 , 1.000000 , -1.239076
0.230769 , 0.000000 , -0.827297
0.230769 , 0.025641 , -0.826979
0.230769 , 0.051282 , -0.825484
0.230769 , 0.076923 , -0.824082
0.230769 , 0.102564 , -0.821950
0.230769 , 0.128205 , -0.819440
0.230769 , 0.153846 , -0.816910
0.230769 , 0.179487 , -0.815980
0.230769 , 0.205128 , -0.817426
0.230769 , 0.230769 , -0.820927
0.230769 , 0.256410 , -0.825811
0.230769 , 0.282051 , -0.832224
0.230769 , 0.307692 , -0.841242
0.230769 , 0.333333 , -0.850010
0.230769 , 0.358974 , -0.860950
0.230769 , 0.384615 , -0.874381
0.230769 , 0.410256 , -0.887992
0.230769 , 0.435897 , -0.902451
0.230769 , 0.461538 , -0.918020
0.230769 , 0.487179 , -0.933540
0.230769 , 0.512821 , -0.948627
0.230769 , 0.538462 , -0.964298
0.230769 , 0.564103 , -0.979678
0.230769 , 0.589744 , -0.993874
0.230769 , 0.615385 , -1.006507
0.230769 , 0.641026 , -1.017481
0.230769 , 0.666667 , -1.027537
0.230769 , 0.692308 , -1.036890
0.230769 , 0.717949 , -1.046103
0.230769 , 0.743590 , -1.053588
0.230769 , 0.769231 , -1.059670
0.230769 , 0.794872 , -1.064922
0.230769 , 0.820513 , -1.068329
0.230769 , 0.846154 , -1.071030
0.230769 , 0.871795 , -1.072948
0.230769 , 0.897436 , -1.074030
0.230769 , 0.923077 , -1.072766
0.230769 , 0.948718 , -1.071896
0.230769 , 0.974359 , -1.071490
0.230769 , 1.000000 , -1.071605
0.256410 , 0.000000 , -0.661688
0.256410 , 0.025641 , -0.661407
0.256410 , 0.051282 , -0.660589
0.256410 , 0.076923 , -0.658860
0.256410 , 0.102564 , -0.656737
0.256410 , 0.128205 , -0.654907
0.256410 , 0.153846 , -0.652725
0.256410 , 0.179487 , -0.651721
0.256410 , 0.205128 , -0.652671
0.256410 , 0.230769 , -0.655433
0.256410 , 0.256410 , -0.660556
0.256410 , 0.282051 , -0.667065
0.256410 , 0.307692 , -0.675676
0.256410 , 0.333333 , -0.685236
0.256410 , 0.358974 , -0.695433
0.256410 , 0.384615 , -0.708764
0.256410 , 0.410256 , -0.722746
0.256410 , 0.435897 , -0.736965
0.256410 , 0.461538 , -0.752001
0.256410 , 0.487179 , -0.767672
0.256410 , 0.512821 , -0.783117
0.256410 , 0.538462 , -0.799053
0.256410 , 0.564103 , -0.814592
0.256410 , 0.589744 , -0.829176
0.256410 , 0.615385 , -0.842518
0.256410 , 0.641026 , -0.854920
0.256410 , 0.666667 , -0.865399
0.256410 , 0.692308 , -0.874962
0.256410 , 0.717949 , -0.885193
0.256410 , 0.743590 , -0.893870
0.256410 , 0.769231 , -0.899869
0.256410 , 0.794872 , -0.904987
0.256410 , 0.820513 , -0.908720
0.256410 , 0.846154 , -0.912592
0.256410 , 0.871795 , -0.914338
0.256410 , 0.897436 , -0.915354
0.256410 , 0.923077 , -0.914613
0.256410 , 0.948718 , -0.913203
0.256410 , 0.974359 , -0.912900
0.256410 , 1.000000 , -0.913163
0.282051 , 0.000000 , -0.508100
0.282051 , 0.025641 , -0.507825
0.282051 , 0.051282 , -0.507186
0.282051 , 0.076923 , -0.505616
0.282051 , 0.102564 , -0.503397
0.282051 , 0.128205 , -0.501692
0.282051 , 0.153846 , -0.500935
0.282051 , 0.179487 , -0.500122
0.282051 , 0.205128 , -0.500985
0.282051 , 0.230769 , -0.502832
0.282051 , 0.256410 , -0.507058
0.282051 , 0.282051 , -0.514006
0.282051 , 0.307692 , -0.522756
0.282051 , 0.333333 , -0.532596
0.282051 , 0.358974 , -0.542763
0.282051 , 0.384615 , -0.554713
0.282051 , 0.410256 , -0.568160
0.282051 , 0.435897 , -0.582068
0.282051 , 0.461538 , -0.596845
0.282051 , 0.487179 , -0.612401
0.282051 , 0.512821 , -0.627312
0.282051 , 0.538462 , -0.643149
0.282051 , 0.564103 , -0.658522
0.282051 , 0.589744 , -0.672662
0.282051 , 0.615385 , -0.686094
0.282051 , 0.641026 , -0.698916
0.282051 , 0.666667 , -0.710486
0.282051 , 0.692308 , -0.720911
0.282051 , 0.717949 , -0.731529
0.282051 , 0.743590 , -0.740472
0.282051 , 0.769231 , -0.747741
0.282051 , 0.794872 , -0.753818
0.282051 , 0.820513 , -0.758039
0.282051 , 0.846154 , -0.760977
0.282051 , 0.871795 , -0.763513
0.282051 , 0.897436 , -0.764563
0.282051 , 0.923077 , -0.763620
0.282051 , 0.948718 , -0.762669
0.282051 , 0.974359 , -0.762509
0.282051 , 1.000000 , -0.762931
0.307692 , 0.000000 , -0.366058
0.307692 , 0.025641 , -0.365978
0.307692 , 0.051282 , -0.365497
0.307692 , 0.076923 , -0.363855
0.307692 , 0.102564 , -0.361715
0.307692 , 0.128205 , -0.360220
0.307692 , 0.153846 , -0.360378
0.307692 , 0.179487 , -0.360825
0.307692 , 0.205128 , -0.361461
0.307692 , 0.230769 , -0.362597
0.307692 , 0.256410 , -0.366702
0.307692 , 0.282051 , -0.373461
0.307692 , 0.307692 , -0.381509
0.307692 , 0.333333 , -0.390898
0.307692 , 0.358974 , -0.401579
0.307692 , 0.384615 , -0.412667
0.307692 , 0.410256 , -0.425362
0.307692 , 0.435897 , -0.438427
0.307692 , 0.461538 , -0.452058
0.307692 , 0.487179 , -0.467010
0.307692 , 0.512821 , -0.481895
0.307692 , 0.538462 , -0.496938
0.307692 , 0.564103 , -0.511471
0.307692 , 0.589744 , -0.525563
0.307692 , 0.615385 , -0.538585
0.307692 , 0.641026 , -0.551051
0.307692 , 0.666667 , -0.563130
0.307692 , 0.692308 , -0.574578
0.307692 , 0.717949 , -0.585485
0.307692 , 0.743590 , -0.594300
0.307692 , 0.769231 , -0.601737
0.307692 , 0.794872 , -0.608251
0.307692 , 0.820513 , -0.612739
0.307692 , 0.846154 , -0.615654
0.307692 , 0.871795 , -0.618590
0.307692 , 0.897436 , -0.620437
0.307692 , 0.923077 , -0.619653
0.307692 , 0.948718 , -0.619663
0.307692 , 0.974359 , -0.619552
0.307692 , 1.000000 , -0.619424
0.333333 , 0.000000 , -0.235003
0.333333 , 0.025641 , -0.235331
0.333333 , 0.051282 , -0.234522
0.333333 , 0.076923 , -0.233562
0.333333 , 0.102564 , -0.231868
0.333333 , 0.128205 , -0.230323
0.333333 , 0.153846 , -0.230592
0.333333 , 0.179487 , -0.231908
0.333333 , 0.205128 , -0.233264
0.333333 , 0.230769 , -0.234463
0.333333 , 0.256410 , -0.238492
0.333333 , 0.282051 , -0.245214
0.333333 , 0.307692 , -0.253166
0.333333 , 0.333333 , -0.261825
0.333333 , 0.358974 , -0.271621
0.333333 , 0.384615 , -0.281833
0.333333 , 0.410256 , -0.292858
0.333333 , 0.435897 , -0.304757
0.333333 , 0.461538 , -0.317448
0.333333 , 0.487179 , -0.330969
0.333333 , 0.512821 , -0.345179
0.333333 , 0.538462 , -0.359335
0.333333 , 0.564103 , -0.373101
0.333333 , 0.589744 , -0.386612
0.333333 , 0.615385 , -0.399220
0.333333 , 0.641026 , -0.411606
0.333333 , 0.666667 , -0.423796
0.333333 , 0.692308 , -0.434850
0.333333 , 0.717949 , -0.445265
0.333333 , 0.743590 , -0.454983
0.333333 , 0.769231 , -0.462976
0.333333 , 0.794872 , -0.469626
0.333333 , 0.820513 , -0.474582
0.333333 , 0.846154 , -0.478250
0.333333 , 0.871795 , -0.481456
0.333333 , 0.897436 , -0.483713
0.333333 , 0.923077 , -0.483112
0.333333 , 0.948718 , -0.483175
0.333333 , 0.974359 , -0.483074
0.333333 , 1.000000 , -0.483275
0.358974 , 0.000000 , -0.115139
0.358974 , 0.025641 , -0.114937
0.358974 , 0.051282 , -0.114680
0.358974 , 0.076923 , -0.113567
0.358974 , 0.102564 , -0.112943
0.358974 , 0.128205 , -0.111871
0.358974 , 0.153846 , -0.112461
0.358974 , 0.179487 , -0.114361
0.358974 , 0.205128 , -0.116453
0.358974 , 0.230769 , -0.118327
0.358974 , 0.256410 , -0.121646
0.358974 , 0.282051 , -0.128289
0.358974 , 0.307692 , -0.135436
0.358974 , 0.333333 , -0.143804
0.358974 , 0.358974 , -0.152868
0.358974 , 0.384615 , -0.161808
0.358974 , 0.410256 , -0.171360
0.358974 , 0.435897 , -0.181714
0.358974 , 0.461538 , -0.193115
0.358974 , 0.487179 , -0.204792
0.358974 , 0.512821 , -0.217606
0.358974 , 0.538462 , -0.231009
0.358974 , 0.564103 , -0.243877
0.358974 , 0.589744 , -0.256458
0.358974 , 0.615385 , -0.268364
0.358974 , 0.641026 , -0.280143
0.358974 , 0.666667 , -0.291885
0.358974 , 0.692308 , -0.302700
0.358974 , 0.717949 , -0.312160
0.358974 , 0.743590 , -0.321582
0.358974 , 0.769231 , -0.330197
0.358974 , 0.794872 , -0.336996
0.358974 , 0.820513 , -0.342557
0.358974 , 0.846154 , -0.347176
0.358974 , 0.871795 , -0.350788
0.358974 , 0.897436 , -0.352949
0.358974 , 0.923077 , -0.353068
0.358974 , 0.948718 , -0.353511
0.358974 , 0.974359 , -0.353935
0.358974 , 1.000000 , -0.354127
0.384615 , 0.000000 , -0.004760
0.384615 , 0.025641 , -0.004993
0.384615 , 0.051282 , -0.004584
0.384615 , 0.076923 , -0.004569
0.384615 , 0.102564 , -0.004075
0.384615 , 0.128205 , -0.003979
0.384615 , 0.153846 , -0.004794
0.384615 , 0.179487 , -0.006813
0.384615 , 0.205128 , -0.009380
0.384615 , 0.230769 , -0.012034
0.384615 , 0.256410 , -0.015443
0.384615 , 0.282051 , -0.021814
0.384615 , 0.307692 , -0.029503
0.384615 , 0.333333 , -0.036141
0.384615 , 0.358974 , -0.043557
0.384615 , 0.384615 , -0.051029
0.384615 , 0.410256 , -0.059747
0.384615 , 0.435897 , -0.068556
0.384615 , 0.461538 , -0.078097
0.384615 , 0.487179 , -0.088303
0.384615 , 0.512821 , -0.099517
0.384615 , 0.538462 , -0.111694
0.384615 , 0.564103 , -0.123704
0.384615 , 0.589744 , -0.134675
0.384615 , 0.615385 , -0.145786
0.384615 , 0.641026 , -0.156545
0.384615 , 0.666667 , -0.167160
0.384615 , 0.692308 , -0.178138
0.384615 , 0.717949 , -0.187202
0.384615 , 0.743590 , -0.195444
0.384615 , 0.769231 , -0.203861
0.384615 , 0.794872 , -0.210659
0.384615 , 0.820513 , -0.216602
0.384615 , 0.846154 , -0.221676
0.384615 , 0.871795 , -0.225295
0.384615 , 0.897436 , -0.228033
0.384615 , 0.923077 , -0.229440
0.384615 , 0.948718 , -0.230342
0.384615 , 0.974359 , -0.231133
0.384615 , 1.000000 , -0.231366
0.410256 , 0.000000 , 0.096345
0.410256 , 0.025641 , 0.095627
0.410256 , 0.051282 , 0.095776
0.410256 , 0.076923 , 0.095102
0.410256 , 0.102564 , 0.095457
0.410256 , 0.128205 , 0.095102
0.410256 , 0.153846 , 0.093631
0.410256 , 0.179487 , 0.091803
0.410256 , 0.205128 , 0.088996
0.410256 , 0.230769 , 0.085768
0.410256 , 0.256410 , 0.081627
0.410256 , 0.282051 , 0.075717
0.410256 , 0.307692 , 0.068527
0.410256 , 0.333333 , 0.062823
0.410256 , 0.358974 , 0.056370
0.410256 , 0.384615 , 0.049689
0.410256 , 0.410256 , 0.042710
0.410256 , 0.435897 , 0.035357
0.410256 , 0.461538 , 0.027453
0.410256 , 0.487179 , 0.018943
0.410256 , 0.512821 , 0.009215
0.410256 , 0.538462 , -0.001038
0.410256 , 0.564103 , -0.011078
0.410256 , 0.589744 , -0.020976
0.410256 , 0.615385 , -0.030986
0.410256 , 0.641026 , -0.041004
0.410256 , 0.666667 , -0.051072
0.410256 , 0.692308 , -0.061084
0.410256 , 0.717949 , -0.069896
0.410256 , 0.743590 , -0.077223
0.410256 , 0.769231 , -0.085067
0.410256 , 0.794872 , -0.091644
0.410256 , 0.820513 , -0.097277
0.410256 , 0.846154 , -0.103070
0.410256 , 0.871795 , -0.107135
0.410256 , 0.897436 , -0.109648
0.410256 , 0.923077 , -0.110948
0.410256 , 0.948718 , -0.111606
0.410256 , 0.974359 , -0.112852
0.410256 , 1.000000 , -0.113040
0.435897 , 0.000000 , 0.188185
0.435897 , 0.025641 , 0.187798
0.435897 , 0.051282 , 0.187027
0.435897 , 0.076923 , 0.186130
0.435897 , 0.102564 , 0.185902
0.435897 , 0.128205 , 0.185255
0.435897 , 0.153846 , 0.183323
0.435897 , 0.179487 , 0.181033
0.435897 , 0.205128 , 0.177662
0.435897 , 0.230769 , 0.174184
0.435897 , 0.256410 , 0.169703
0.435897 , 0.282051 , 0.164766
0.435897 , 0.307692 , 0.158277
0.435897 , 0.333333 , 0.153050
0.435897 , 0.358974 , 0.147580
0.435897 , 0.384615 , 0.142390
0.435897 , 0.410256 , 0.137053
0.435897 , 0.435897 , 0.131603
0.435897 , 0.461538 , 0.125130
0.435897 , 0.487179 , 0.117964
0.435897 , 0.512821 , 0.109848
0.435897 , 0.538462 , 0.101338
0.435897 , 0.564103 , 0.092908
0.435897 , 0.589744 , 0.085090
0.435897 , 0.615385 , 0.075886
0.435897 , 0.641026 , 0.066839
0.435897 , 0.666667 , 0.058120
0.435897 , 0.692308 , 0.049362
0.435897 , 0.717949 , 0.041642
0.435897 , 0.743590 , 0.034593
0.435897 , 0.769231 , 0.027354
0.435897 , 0.794872 , 0.020980
0.435897 , 0.820513 , 0.015295
0.435897 , 0.846154 , 0.009705
0.435897 , 0.871795 , 0.005822
0.435897 , 0.897436 , 0.003454
0.435897 , 0.923077 , 0.001610
0.435897 , 0.948718 , 0.000877
0.435897 , 0.974359 , 0.000144
0.435897 , 1.000000 , 0.000486
0.461538 , 0.000000 , 0.272393
0.461538 , 0.025641 , 0.271781
0.461538 , 0.051282 , 0.270218
0.461538 , 0.076923 , 0.268985
0.461538 , 0.102564 , 0.267498
0.461538 , 0.128205 , 0.266542
0.461538 , 0.153846 , 0.264368
0.461538 , 0.179487 , 0.261148
0.461538 , 0.205128 , 0.257198
0.461538 , 0.230769 , 0.253522
0.461538 , 0.256410 , 0.249350
0.461538 , 0.282051 , 0.244733
0.461538 , 0.307692 , 0.239412
0.461538 , 0.333333 , 0.235031
0.461538 , 0.358974 , 0.231145
0.461538 , 0.384615 , 0.226306
0.461538 , 0.410256 , 0.222925
0.461538 , 0.435897 , 0.218766
0.461538 , 0.461538 , 0.214195
0.461538 , 0.487179 , 0.208683
0.461538 , 0.512821 , 0.202603
0.461538 , 0.538462 , 0.196256
0.461538 , 0.564103 , 0.189701
0.461538 , 0.589744 , 0.182985
0.461538 , 0.615385 , 0.175717
0.461538 , 0.641026 , 0.168010
0.461538 , 0.666667 , 0.160554
0.461538 , 0.692308 , 0.153318
0.461538 , 0.717949 , 0.146619
0.461538 , 0.743590 , 0.140294
0.461538 , 0.769231 , 0.133518
0.461538 , 0.794872 , 0.127202
0.461538 , 0.820513 , 0.121540
0.461538 , 0.846154 , 0.116660
0.461538 , 0.871795 , 0.113303
0.461538 , 0.897436 , 0.110742
0.461538 , 0.923077 , 0.108691
0.461538 , 0.948718 , 0.107818
0.461538 , 0.974359 , 0.106528
0.461538 , 1.000000 , 0.106321
0.487179 , 0.000000 , 0.348447
0.487179 , 0.025641 , 0.347434
0.487179 , 0.051282 , 0.345698
0.487179 , 0.076923 , 0.343941
0.487179 , 0.102564 , 0.341430
0.487179 , 0.128205 , 0.339509
0.487179 , 0.153846 , 0.336681
0.487179 , 0.179487 , 0.332920
0.487179 , 0.205128 , 0.328452
0.487179 , 0.230769 , 0.324962
0.487179 , 0.256410 , 0.320883
0.487179 , 0.282051 , 0.316512
0.487179 , 0.307692 , 0.312191
0.487179 , 0.333333 , 0.308914
0.487179 , 0.358974 , 0.306585
0.487179 , 0.384615 , 0.303460
0.487179 , 0.410256 , 0.300619
0.487179 , 0.435897 , 0.298434
0.487179 , 0.461538 , 0.295448
0.487179 , 0.487179 , 0.291536
0.487179 , 0.512821 , 0.287276
0.487179 , 0.538462 , 0.283171
0.487179 , 0.564103 , 0.279033
0.487179 , 0.589744 , 0.273748
0.487179 , 0.615385 , 0.268091
0.487179 , 0.641026 , 0.262747
0.487179 , 0.666667 , 0.256975
0.487179 , 0.692308 , 0.250991
0.487179 , 0.717949 , 0.245185
0.487179 , 0.743590 , 0.239447
0.487179 , 0.769231 , 0.233368
0.487179 , 0.794872 , 0.227750
0.487179 , 0.820513 , 0.222425
0.487179 , 0.846154 , 0.218043
0.487179 , 0.871795 , 0.214766
0.487179 , 0.897436 , 0.211784
0.487179 , 0.923077 , 0.209238
0.487179 , 0.948718 , 0.208017
0.487179 , 0.974359 , 0.206985
0.487179 , 1.000000 , 0.206415
0.512821 , 0.000000 , 0.416449
0.512821 , 0.025641 , 0.415572
0.512821 , 0.051282 , 0.413361
0.512821 , 0.076923 , 0.411269
0.512821 , 0.102564 , 0.407915
0.512821 , 0.128205 , 0.404438
0.512821 , 0.153846 , 0.400960
0.512821 , 0.179487 , 0.396568
0.512821 , 0.205128 , 0.391442
0.512821 , 0.230769 , 0.388212
0.512821 , 0.256410 , 0.384922
0.512821 , 0.282051 , 0.381555
0.512821 , 0.307692 , 0.377989
0.512821 , 0.333333 , 0.375738
0.512821 , 0.358974 , 0.374528
0.512821 , 0.384615 , 0.373231
0.512821 , 0.410256 , 0.372004
0.512821 , 0.435897 , 0.370607
0.512821 , 0.461538 , 0.369479
0.512821 , 0.487179 , 0.367726
0.512821 , 0.512821 , 0.365328
0.512821 , 0.538462 , 0.363474
0.512821 , 0.564103 , 0.361033
0.512821 , 0.589744 , 0.357868
0.512821 , 0.615385 , 0.354432
0.512821 , 0.641026 , 0.350955
0.512821 , 0.666667 , 0.346983
0.512821 , 0.692308 , 0.342430
0.512821 , 0.717949 , 0.337145
0.512821 , 0.743590 , 0.332393
0.512821 , 0.769231 , 0.327372
0.512821 , 0.794872 , 0.322462
0.512821 , 0.820513 , 0.317200
0.512821 , 0.846154 , 0.312955
0.512821 , 0.871795 , 0.309055
0.512821 , 0.897436 , 0.306424
0.512821 , 0.923077 , 0.303430
0.512821 , 0.948718 , 0.301973
0.512821 , 0.974359 , 0.301330
0.512821 , 1.000000 , 0.301134
0.538462 , 0.000000 , 0.478232
0.538462 , 0.025641 , 0.476748
0.538462 , 0.051282 , 0.474097
0.538462 , 0.076923 , 0.471759
0.538462 , 0.102564 , 0.468089
0.538462 , 0.128205 , 0.463586
0.538462 , 0.153846 , 0.458918
0.538462 , 0.179487 , 0.454004
0.538462 , 0.205128 , 0.449268
0.538462 , 0.230769 , 0.445496
0.538462 , 0.256410 , 0.442592
0.538462 , 0.282051 , 0.440355
0.538462 , 0.307692 , 0.438434
0.538462 , 0.333333 , 0.437076
0.538462 , 0.358974 , 0.436401
0.538462 , 0.384615 , 0.436319
0.538462 , 0.410256 , 0.436165
0.538462 , 0.435897 , 0.435937
0.538462 , 0.461538 , 0.436557
0.538462 , 0.487179 , 0.436582
0.538462 , 0.512821 , 0.436599
0.538462 , 0.538462 , 0.437032
0.538462 , 0.564103 , 0.436268
0.538462 , 0.589744 , 0.435063
0.538462 , 0.615385 , 0.434006
0.538462 , 0.641026 , 0.431885
0.538462 , 0.666667 , 0.429198
0.538462 , 0.692308 , 0.426426
0.538462 , 0.717949 , 0.422629
0.538462 , 0.743590 , 0.418807
0.538462 , 0.769231 , 0.415049
0.538462 , 0.794872 , 0.411147
0.538462 , 0.820513 , 0.406110
0.538462 , 0.846154 , 0.402234
0.538462 , 0.871795 , 0.398750
0.538462 , 0.897436 , 0.395975
0.538462 , 0.923077 , 0.393193
0.538462 , 0.948718 , 0.391858
0.538462 , 0.974359 , 0.390815
0.538462 , 1.000000 , 0.390557
0.564103 , 0.000000 , 0.532935
0.564103 , 0.025641 , 0.531540
0.564103 , 0.051282 , 0.528229
0.564103 , 0.076923 , 0.525654
0.564103 , 0.102564 , 0.521961
0.564103 , 0.128205 , 0.517024
0.564103 , 0.153846 , 0.511958
0.564103 , 0.179487 , 0.506593
0.564103 , 0.205128 , 0.502397
0.564103 , 0.230769 , 0.498506
0.564103 , 0.256410 , 0.494908
0.564103 , 0.282051 , 0.492658
0.564103 , 0.307692 , 0.491777
0.564103 , 0.333333 , 0.492209
0.564103 , 0.358974 , 0.492744
0.564103 , 0.384615 , 0.493602
0.564103 , 0.410256 , 0.494672
0.564103 , 0.435897 , 0.495665
0.564103 , 0.461538 , 0.497689
0.564103 , 0.487179 , 0.499866
0.564103 , 0.512821 , 0.501457
0.564103 , 0.538462 , 0.503601
0.564103 , 0.564103 , 0.504807
0.564103 , 0.589744 , 0.505370
0.564103 , 0.615385 , 0.506347
0.564103 , 0.641026 , 0.505805
0.564103 , 0.666667 , 0.504590
0.564103 , 0.692308 , 0.503040
0.564103 , 0.717949 , 0.501364
0.564103 , 0.743590 , 0.499539
0.564103 , 0.769231 , 0.497241
0.564103 , 0.794872 , 0.494888
0.564103 , 0.820513 , 0.490694
0.564103 , 0.846154 , 0.487002
0.564103 , 0.871795 , 0.483827
0.564103 , 0.897436 , 0.480335
0.564103 , 0.923077 , 0.477475
0.564103 , 0.948718 , 0.475937
0.564103 , 0.974359 , 0.474901
0.564103 , 1.000000 , 0.474328
0.589744 , 0.000000 , 0.581259
0.589744 , 0.025641 , 0.580367
0.589744 , 0.051282 , 0.576714
0.589744 , 0.076923 , 0.573696
0.589744 , 0.102564 , 0.570051
0.589744 , 0.128205 , 0.564872
0.589744 , 0.153846 , 0.559615
0.589744 , 0.179487 , 0.554600
0.589744 , 0.205128 , 0.550999
0.589744 , 0.230769 , 0.547257
0.589744 , 0.256410 , 0.543823
0.589744 , 0.282051 , 0.541333
0.589744 , 0.307692 , 0.540334
0.589744 , 0.333333 , 0.541113
0.589744 , 0.358974 , 0.543285
0.589744 , 0.384615 , 0.545387
0.589744 , 0.410256 , 0.547304
0.589744 , 0.435897 , 0.549753
0.589744 , 0.461538 , 0.552992
0.589744 , 0.487179 , 0.556717
0.589744 , 0.512821 , 0.560465
0.589744 , 0.538462 , 0.564306
0.589744 , 0.564103 , 0.567281
0.589744 , 0.589744 , 0.569746
0.589744 , 0.615385 , 0.572189
0.589744 , 0.641026 , 0.573327
0.589744 , 0.666667 , 0.573656
0.589744 , 0.692308 , 0.573494
0.589744 , 0.717949 , 0.573889
0.589744 , 0.743590 , 0.574118
0.589744 , 0.769231 , 0.573408
0.589744 , 0.794872 , 0.572259
0.589744 , 0.820513 , 0.570239
0.589744 , 0.846154 , 0.567185
0.589744 , 0.871795 , 0.563778
0.589744 , 0.897436 , 0.559723
0.589744 , 0.923077 , 0.556196
0.589744 , 0.948718 , 0.553839
0.589744 , 0.974359 , 0.553047
0.589744 , 1.000000 , 0.552252
0.615385 , 0.000000 , 0.624893
0.615385 , 0.025641 , 0.624124
0.615385 , 0.051282 , 0.620889
0.615385 , 0.076923 , 0.617523
0.615385 , 0.102564 , 0.614059
0.615385 , 0.128205 , 0.608966
0.615385 , 0.153846 , 0.603663
0.615385 , 0.179487 , 0.598812
0.615385 , 0.205128 , 0.594815
0.615385 , 0.230769 , 0.590971
0.615385 , 0.256410 , 0.588451
0.615385 , 0.282051 , 0.585905
0.615385 , 0.307692 , 0.584657
0.615385 , 0.333333 , 0.585859
0.615385 , 0.358974 , 0.588876
0.615385 , 0.384615 , 0.592356
0.615385 , 0.410256 , 0.595510
0.615385 , 0.435897 , 0.598783
0.615385 , 0.461538 , 0.602746
0.615385 , 0.487179 , 0.607979
0.615385 , 0.512821 , 0.613396
0.615385 , 0.538462 , 0.618654
0.615385 , 0.564103 , 0.623537
0.615385 , 0.589744 , 0.628456
0.615385 , 0.615385 , 0.631930
0.615385 , 0.641026 , 0.634735
0.615385 , 0.666667 , 0.637159
0.615385 , 0.692308 , 0.638942
0.615385 , 0.717949 , 0.640498
0.615385 , 0.743590 , 0.642491
0.615385 , 0.769231 , 0.643378
0.615385 , 0.794872 , 0.643194
0.615385 , 0.820513 , 0.643275
0.615385 , 0.846154 , 0.641289
0.615385 , 0.871795 , 0.638244
0.615385 , 0.897436 , 0.634425
0.615385 , 0.923077 , 0.631220
0.615385 , 0.948718 , 0.627986
0.615385 , 0.974359 , 0.626433
0.615385 , 1.000000 , 0.625794
0.641026 , 0.000000 , 0.664584
0.641026 , 0.025641 , 0.663526
0.641026 , 0.051282 , 0.661236
0.641026 , 0.076923 , 0.657836
0.641026 , 0.102564 , 0.653867
0.641026 , 0.128205 , 0.648795
0.641026 , 0.153846 , 0.643194
0.641026 , 0.179487 , 0.638271
0.641026 , 0.205128 , 0.634132
0.641026 , 0.230769 , 0.630899
0.641026 , 0.256410 , 0.628655
0.641026 , 0.282051 , 0.626769
0.641026 , 0.307692 , 0.625719
0.641026 , 0.333333 , 0.627095
0.641026 , 0.358974 , 0.630141
0.641026 , 0.384615 , 0.634501
0.641026 , 0.410256 , 0.638912
0.641026 , 0.435897 , 0.643367
0.641026 , 0.461538 , 0.648307
0.641026 , 0.487179 , 0.653916
0.641026 , 0.512821 , 0.660657
0.641026 , 0.538462 , 0.667586
0.641026 , 0.564103 , 0.674263
0.641026 , 0.589744 , 0.681019
0.641026 , 0.615385 , 0.686669
0.641026 , 0.641026 , 0.691058
0.641026 , 0.666667 , 0.694668
0.641026 , 0.692308 , 0.698254
0.641026 , 0.717949 , 0.701139
0.641026 , 0.743590 , 0.704462
0.641026 , 0.769231 , 0.706896
0.641026 , 0.794872 , 0.708312
0.641026 , 0.820513 , 0.709142
0.641026 , 0.846154 , 0.708631
0.641026 , 0.871795 , 0.706260
0.641026 , 0.897436 , 0.703077
0.641026 , 0.923077 , 0.700338
0.641026 , 0.948718 , 0.697183
0.641026 , 0.974359 , 0.695321
0.641026 , 1.000000 , 0.694520
0.666667 , 0.000000 , 0.699795
0.666667 , 0.025641 , 0.699140
0.666667 , 0.051282 , 0.697070
0.666667 , 0.076923 , 0.693761
0.666667 , 0.102564 , 0.688890
0.666667 , 0.128205 , 0.683581
0.666667 , 0.153846 , 0.678361
0.666667 , 0.179487 , 0.672998
0.666667 , 0.205128 , 0.669424
0.666667 , 0.230769 , 0.667055
0.666667 , 0.256410 , 0.665550
0.666667 , 0.282051 , 0.664249
0.666667 , 0.307692 , 0.663722
0.666667 , 0.333333 , 0.664663
0.666667 , 0.358974 , 0.668058
0.666667 , 0.384615 , 0.672396
0.666667 , 0.410256 , 0.677580
0.666667 , 0.435897 , 0.682581
0.666667 , 0.461538 , 0.688784
0.666667 , 0.487179 , 0.695575
0.666667 , 0.512821 , 0.703261
0.666667 , 0.538462 , 0.711669
0.666667 , 0.564103 , 0.719971
0.666667 , 0.589744 , 0.728011
0.666667 , 0.615385 , 0.735595
0.666667 , 0.641026 , 0.741863
0.666667 , 0.666667 , 0.746391
0.666667 , 0.692308 , 0.751385
0.666667 , 0.717949 , 0.756695
0.666667 , 0.743590 , 0.761180
0.666667 , 0.769231 , 0.764967
0.666667 , 0.794872 , 0.767436
0.666667 , 0.820513 , 0.768584
0.666667 , 0.846154 , 0.769076
0.666667 , 0.871795 , 0.767257
0.666667 , 0.897436 , 0.765079
0.666667 , 0.923077 , 0.763099
0.666667 , 0.948718 , 0.759649
0.666667 , 0.974359 , 0.758343
0.666667 , 1.000000 , 0.757627
0.692308 , 0.000000 , 0.729950
0.692308 , 0.025641 , 0.729888
0.692308 , 0.051282 , 0.728442
0.692308 , 0.076923 , 0.724964
0.692308 , 0.102564 , 0.719740
0.692308 , 0.128205 , 0.714157
0.692308 , 0.153846 , 0.709119
0.692308 , 0.179487 , 0.704592
0.692308 , 0.205128 , 0.701605
0.692308 , 0.230769 , 0.699377
0.692308 , 0.256410 , 0.698456
0.692308 , 0.282051 , 0.698323
0.692308 , 0.307692 , 0.698121
0.692308 , 0.333333 , 0.698926
0.692308 , 0.358974 , 0.702501
0.692308 , 0.384615 , 0.707048
0.692308 , 0.410256 , 0.712487
0.692308 , 0.435897 , 0.717773
0.692308 , 0.461538 , 0.724606
0.692308 , 0.487179 , 0.732483
0.692308 , 0.512821 , 0.741709
0.692308 , 0.538462 , 0.751607
0.692308 , 0.564103 , 0.761469
0.692308 , 0.589744 , 0.770646
0.692308 , 0.615385 , 0.779641
0.692308 , 0.641026 , 0.787334
0.692308 , 0.666667 , 0.793114
0.692308 , 0.692308 , 0.799404
0.692308 , 0.717949 , 0.805956
0.692308 , 0.743590 , 0.812691
0.692308 , 0.769231 , 0.817199
0.692308 , 0.794872 , 0.820193
0.692308 , 0.820513 , 0.821902
0.692308 , 0.846154 , 0.823331
0.692308 , 0.871795 , 0.822728
0.692308 , 0.897436 , 0.821428
0.692308 , 0.923077 , 0.819211
0.692308 , 0.948718 , 0.816815
0.692308 , 0.974359 , 0.815413
0.692308 , 1.000000 , 0.815112
0.717949 , 0.000000 , 0.757714
0.717949 , 0.025641 , 0.757598
0.717949 , 0.051282 , 0.755742
0.717949 , 0.076923 , 0.752654
0.717949 , 0.102564 , 0.747694
0.717949 , 0.128205 , 0.742069
0.717949 , 0.153846 , 0.737623
0.717949 , 0.179487 , 0.733191
0.717949 , 0.205128 , 0.730226
0.717949 , 0.230769 , 0.728243
0.717949 , 0.256410 , 0.727490
0.717949 , 0.282051 , 0.728513
0.717949 , 0.307692 , 0.728906
0.717949 , 0.333333 , 0.730586
0.717949 , 0.358974 , 0.733994
0.717949 , 0.384615 , 0.737808
0.717949 , 0.410256 , 0.743198
0.717949 , 0.435897 , 0.749712
0.717949 , 0.461538 , 0.757099
0.717949 , 0.487179 , 0.766099
0.717949 , 0.512821 , 0.775799
0.717949 , 0.538462 , 0.786552
0.717949 , 0.564103 , 0.797614
0.717949 , 0.589744 , 0.807581
0.717949 , 0.615385 , 0.818189
0.717949 , 0.641026 , 0.827607
0.717949 , 0.666667 , 0.835393
0.717949 , 0.692308 , 0.842966
0.717949 , 0.717949 , 0.849845
0.717949 , 0.743590 , 0.857276
0.717949 , 0.769231 , 0.864132
0.717949 , 0.794872 , 0.867607
0.717949 , 0.820513 , 0.869477
0.717949 , 0.846154 , 0.871389
0.717949 , 0.871795 , 0.872158
0.717949 , 0.897436 , 0.871840
0.717949 , 0.923077 , 0.870134
0.717949 , 0.948718 , 0.868902
0.717949 , 0.974359 , 0.867398
0.717949 , 1.000000 , 0.867121
0.743590 , 0.000000 , 0.782606
0.743590 , 0.025641 , 0.781899
0.743590 , 0.051282 , 0.780424
0.743590 , 0.076923 , 0.777280
0.743590 , 0.102564 , 0.772240
0.743590 , 0.128205 , 0.766876
0.743590 , 0.153846 , 0.763324
0.743590 , 0.179487 , 0.759133
0.743590 , 0.205128 , 0.756365
0.743590 , 0.230769 , 0.755073
0.743590 , 0.256410 , 0.754822
0.743590 , 0.282051 , 0.755876
0.743590 , 0.307692 , 0.755581
0.743590 , 0.333333 , 0.758460
0.743590 , 0.358974 , 0.761829
0.743590 , 0.384615 , 0.765464
0.743590 , 0.410256 , 0.770670
0.743590 , 0.435897 , 0.778155
0.743590 , 0.461538 , 0.786759
0.743590 , 0.487179 , 0.796076
0.743590 , 0.512821 , 0.805948
0.743590 , 0.538462 , 0.816746
0.743590 , 0.564103 , 0.828228
0.743590 , 0.589744 , 0.839127
0.743590 , 0.615385 , 0.851338
0.743590 , 0.641026 , 0.862964
0.743590 , 0.666667 , 0.872330
0.743590 , 0.692308 , 0.880923
0.743590 , 0.717949 , 0.888760
0.743590 , 0.743590 , 0.896453
0.743590 , 0.769231 , 0.904411
0.743590 , 0.794872 , 0.909224
0.743590 , 0.820513 , 0.911121
0.743590 , 0.846154 , 0.913697
0.743590 , 0.871795 , 0.915143
0.743590 , 0.897436 , 0.916083
0.743590 , 0.923077 , 0.916096
0.743590 , 0.948718 , 0.915360
0.743590 , 0.974359 , 0.914130
0.743590 , 1.000000 , 0.913701
0.769231 , 0.000000 , 0.803456
0.769231 , 0.025641 , 0.803026
0.769231 , 0.051282 , 0.801678
0.769231 , 0.076923 , 0.799130
0.769231 , 0.102564 , 0.794229
0.769231 , 0.128205 , 0.788993
0.769231 , 0.153846 , 0.785082
0.769231 , 0.179487 , 0.782187
0.769231 , 0.205128 , 0.780217
0.769231 , 0.230769 , 0.779487
0.769231 , 0.256410 , 0.779328
0.769231 , 0.282051 , 0.780177
0.769231 , 0.307692 , 0.780702
0.769231 , 0.333333 , 0.783172
0.769231 , 0.358974 , 0.786012
0.769231 , 0.384615 , 0.789508
0.769231 , 0.410256 , 0.795162
0.769231 , 0.435897 , 0.802482
0.769231 , 0.461538 , 0.811855
0.769231 , 0.487179 , 0.821999
0.769231 , 0.512821 , 0.832403
0.769231 , 0.538462 , 0.843269
0.769231 , 0.564103 , 0.855304
0.769231 , 0.589744 , 0.866936
0.769231 , 0.615385 , 0.879774
0.769231 , 0.641026 , 0.891768
0.769231 , 0.666667 , 0.902944
0.769231 , 0.692308 , 0.912451
0.769231 , 0.717949 , 0.921518
0.769231 , 0.743590 , 0.930901
0.769231 , 0.769231 , 0.939355
0.769231 , 0.794872 , 0.944625
0.769231 , 0.820513 , 0.948477
0.769231 , 0.846154 , 0.952191
0.769231 , 0.871795 , 0.953821
0.769231 , 0.897436 , 0.954708
0.769231 , 0.923077 , 0.956166
0.769231 , 0.948718 , 0.956566
0.769231 , 0.974359 , 0.956014
0.769231 , 1.000000 , 0.955674
0.794872 , 0.000000 , 0.821133
0.794872 , 0.025641 , 0.820914
0.794872 , 0.051282 , 0.820046
0.794872 , 0.076923 , 0.817765
0.794872 , 0.102564 , 0.813269
0.794872 , 0.128205 , 0.808440
0.794872 , 0.153846 , 0.805173
0.794872 , 0.179487 , 0.803024
0.794872 , 0.205128 , 0.800362
0.794872 , 0.230769 , 0.800361
0.794872 , 0.256410 , 0.800202
0.794872 , 0.282051 , 0.801346
0.794872 , 0.307692 , 0.802340
0.794872 , 0.333333 , 0.804182
0.794872 , 0.358974 , 0.806899
0.794872 , 0.384615 , 0.810625
0.794872 , 0.410256 , 0.816805
0.794872 , 0.435897 , 0.824384
0.794872 , 0.461538 , 0.833448
0.794872 , 0.487179 , 0.844494
0.794872 , 0.512821 , 0.855575
0.794872 , 0.538462 , 0.866382
0.794872 , 0.564103 , 0.878490
0.794872 , 0.589744 , 0.890980
0.794872 , 0.615385 , 0.903705
0.794872 , 0.641026 , 0.915987
0.794872 , 0.666667 , 0.927836
0.794872 , 0.692308 , 0.938893
0.794872 , 0.717949 , 0.949527
0.794872 , 0.743590 , 0.960358
0.794872 , 0.769231 , 0.970128
0.794872 , 0.794872 , 0.976078
0.794872 , 0.820513 , 0.981281
0.794872 , 0.846154 , 0.985587
0.794872 , 0.871795 , 0.987831
0.794872 , 0.897436 , 0.988677
0.794872 , 0.923077 , 0.990161
0.794872 , 0.948718 , 0.991663
0.794872 , 0.974359 , 0.991641
0.794872 , 1.000000 , 0.991433
0.820513 , 0.000000 , 0.836649
0.820513 , 0.025641 , 0.836354
0.820513 , 0.051282 , 0.835279
0.820513 , 0.076923 , 0.834033
0.820513 , 0.102564 , 0.830747
0.820513 , 0.128205 , 0.826248
0.820513 , 0.153846 , 0.823037
0.820513 , 0.179487 , 0.821111
0.820513 , 0.205128 , 0.819650
0.820513 , 0.230769 , 0.819872
0.820513 , 0.256410 , 0.820818
0.820513 , 0.282051 , 0.821219
0.820513 , 0.307692 , 0.821750
0.820513 , 0.333333 , 0.822762
0.820513 , 0.358974 , 0.825456
0.820513 , 0.384615 , 0.830401
0.820513 , 0.410256 , 0.836506
0.820513 , 0.435897 , 0.844547
0.820513 , 0.461538 , 0.853184
0.820513 , 0.487179 , 0.864509
0.820513 , 0.512821 , 0.874839
0.820513 , 0.538462 , 0.885745
0.820513 , 0.564103 , 0.898109
0.820513 , 0.589744 , 0.910780
0.820513 , 0.615385 , 0.923840
0.820513 , 0.641026 , 0.936939
0.820513 , 0.666667 , 0.949325
0.820513 , 0.692308 , 0.961423
0.820513 , 0.717949 , 0.973672
0.820513 , 0.743590 , 0.985081
0.820513 , 0.769231 , 0.995206
0.820513 , 0.794872 , 1.002273
0.820513 , 0.820513 , 1.008531
0.820513 , 0.846154 , 1.013393
0.820513 , 0.871795 , 1.016215
0.820513 , 0.897436 , 1.017861
0.820513 , 0.923077 , 1.018998
0.820513 , 0.948718 , 1.020743
0.820513 , 0.974359 , 1.021153
0.820513 , 1.000000 , 1.020896
0.846154 , 0.000000 , 0.849655
0.846154 , 0.025641 , 0.849437
0.846154 , 0.051282 , 0.848844
0.846154 , 0.076923 , 0.847267
0.846154 , 0.102564 , 0.845165
0.846154 , 0.128205 , 0.842281
0.846154 , 0.153846 , 0.839092
0.846154 , 0.179487 , 0.837298
0.846154 , 0.205128 , 0.836446
0.846154 , 0.230769 , 0.836679
0.846154 , 0.256410 , 0.838666
0.846154 , 0.282051 , 0.839310
0.846154 , 0.307692 , 0.838436
0.846154 , 0.333333 , 0.839575
0.846154 , 0.358974 , 0.842770
0.846154 , 0.384615 , 0.847905
0.846154 , 0.410256 , 0.853786
0.846154 , 0.435897 , 0.862162
0.846154 , 0.461538 , 0.870813
0.846154 , 0.487179 , 0.881455
0.846154 , 0.512821 , 0.892345
0.846154 , 0.538462 , 0.902899
0.846154 , 0.564103 , 0.915377
0.846154 , 0.589744 , 0.927597
0.846154 , 0.615385 , 0.940312
0.846154 , 0.641026 , 0.954221
0.846154 , 0.666667 , 0.967715
0.846154 , 0.692308 , 0.980502
0.846154 , 0.717949 , 0.992843
0.846154 , 0.743590 , 1.004346
0.846154 , 0.769231 , 1.014475
0.846154 , 0.794872 , 1.022640
0.846154 , 0.820513 , 1.030184
0.846154 , 0.846154 , 1.036239
0.846154 , 0.871795 , 1.039372
0.846154 , 0.897436 , 1.041672
0.846154 , 0.923077 , 1.043451
0.846154 , 0.948718 , 1.045634
0.846154 , 0.974359 , 1.046313
0.846154 , 1.000000 , 1.046327
0.871795 , 0.000000 , 0.860721
0.871795 , 0.025641 , 0.860543
0.871795 , 0.051282 , 0.860033
0.871795 , 0.076923 , 0.859233
0.871795 , 0.102564 , 0.856956
0.871795 , 0.128205 , 0.855434
0.871795 , 0.153846 , 0.852773
0.871795 , 0.179487 , 0.851789
0.871795 , 0.205128 , 0.850707
0.871795 , 0.230769 , 0.850929
0.871795 , 0.256410 , 0.852638
0.871795 , 0.282051 , 0.853780
0.871795 , 0.307692 , 0.853217
0.871795 , 0.333333 , 0.854618
0.871795 , 0.358974 , 0.858129
0.871795 , 0.384615 , 0.863316
0.871795 , 0.410256 , 0.868708
0.871795 , 0.435897 , 0.876727
0.871795 , 0.461538 , 0.885617
0.871795 , 0.487179 , 0.896228
0.871795 , 0.512821 , 0.906380
0.871795 , 0.538462 , 0.917339
0.871795 , 0.564103 , 0.929744
0.871795 , 0.589744 , 0.941858
0.871795 , 0.615385 , 0.954700
0.871795 , 0.641026 , 0.968717
0.871795 , 0.666667 , 0.982439
0.871795 , 0.692308 , 0.995339
0.871795 , 0.717949 , 1.007578
0.871795 , 0.743590 , 1.019826
0.871795 , 0.769231 , 1.031245
0.871795 , 0.794872 , 1.039363
0.871795 , 0.820513 , 1.047016
0.871795 , 0.846154 , 1.053928
0.871795 , 0.871795 , 1.058361
0.871795 , 0.897436 , 1.060955
0.871795 , 0.923077 , 1.063693
0.871795 , 0.948718 , 1.066072
0.871795 , 0.974359 , 1.067138
0.871795 , 1.000000 , 1.067154
0.897436 , 0.000000 , 0.869559
0.897436 , 0.025641 , 0.869870
0.897436 , 0.051282 , 0.869770
0.897436 , 0.076923 , 0.869500
0.897436 , 0.102564 , 0.867629
0.897436 , 0.128205 , 0.865597
0.897436 , 0.153846 , 0.863448
0.897436 , 0.179487 , 0.862746
0.897436 , 0.205128 , 0.862580
0.897436 , 0.230769 , 0.862637
0.897436 , 0.256410 , 0.863814
0.897436 , 0.282051 , 0.864667
0.897436 , 0.307692 , 0.865145
0.897436 , 0.333333 , 0.867237
0.897436 , 0.358974 , 0.870858
0.897436 , 0.384615 , 0.875985
0.897436 , 0.410256 , 0.881781
0.897436 , 0.435897 , 0.889558
0.897436 , 0.461538 , 0.898604
0.897436 , 0.487179 , 0.909055
0.897436 , 0.512821 , 0.919480
0.897436 , 0.538462 , 0.930053
0.897436 , 0.564103 , 0.942203
0.897436 , 0.589744 , 0.954453
0.897436 , 0.615385 , 0.966824
0.897436 , 0.641026 , 0.980446
0.897436 , 0.666667 , 0.993596
0.897436 , 0.692308 , 1.006878
0.897436 , 0.717949 , 1.019026
0.897436 , 0.743590 , 1.031317
0.897436 , 0.769231 , 1.043106
0.897436 , 0.794872 , 1.051874
0.897436 , 0.820513 , 1.059819
0.897436 , 0.846154 , 1.066780
0.897436 , 0.871795 , 1.072396
0.897436 , 0.897436 , 1.075950
0.897436 , 0.923077 , 1.079739
0.897436 , 0.948718 , 1.082383
0.897436 , 0.974359 , 1.083710
0.897436 , 1.000000 , 1.083940
0.923077 , 0.000000 , 0.876995
0.923077 , 0.025641 , 0.877223
0.923077 , 0.051282 , 0.877531
0.923077 , 0.076923 , 0.877603
0.923077 , 0.102564 , 0.876097
0.923077 , 0.128205 , 0.873725
0.923077 , 0.153846 , 0.872136
0.923077 , 0.179487 , 0.871743
0.923077 , 0.205128 , 0.871754
0.923077 , 0.230769 , 0.872181
0.923077 , 0.256410 , 0.872574
0.923077 , 0.282051 , 0.873374
0.923077 , 0.307692 , 0.874522
0.923077 , 0.333333 , 0.877159
0.923077 , 0.358974 , 0.880954
0.923077 , 0.384615 , 0.885860
0.923077 , 0.410256 , 0.891894
0.923077 , 0.435897 , 0.899384
0.923077 , 0.461538 , 0.908191
0.923077 , 0.487179 , 0.918264
0.923077 , 0.512821 , 0.929232
0.923077 , 0.538462 , 0.940104
0.923077 , 0.564103 , 0.951705
0.923077 , 0.589744 , 0.963892
0.923077 , 0.615385 , 0.976741
0.923077 , 0.641026 , 0.989720
0.923077 , 0.666667 , 1.002346
0.923077 , 0.692308 , 1.015554
0.923077 , 0.717949 , 1.027533
0.923077 , 0.743590 , 1.039730
0.923077 , 0.769231 , 1.051438
0.923077 , 0.794872 , 1.061203
0.923077 , 0.820513 , 1.069464
0.923077 , 0.846154 , 1.076592
0.923077 , 0.871795 , 1.082174
0.923077 , 0.897436 , 1.086634
0.923077 , 0.923077 , 1.090753
0.923077 , 0.948718 , 1.093771
0.923077 , 0.974359 , 1.095525
0.923077 , 1.000000 , 1.095854
0.948718 , 0.000000 , 0.882812
0.948718 , 0.025641 , 0.882792
0.948718 , 0.051282 , 0.882639
0.948718 , 0.076923 , 0.883165
0.948718 , 0.102564 , 0.882092
0.948718 , 0.128205 , 0.880000
0.948718 , 0.153846 , 0.878627
0.948718 , 0.179487 , 0.878049
0.948718 , 0.205128 , 0.878320
0.948718 , 0.230769 , 0.879056
0.948718 , 0.256410 , 0.880187
0.948718 , 0.282051 , 0.881255
0.948718 , 0.307692 , 0.882703
0.948718 , 0.333333 , 0.884990
0.948718 , 0.358974 , 0.888498
0.948718 , 0.384615 , 0.893067
0.948718 , 0.410256 , 0.898926
0.948718 , 0.435897 , 0.906694
0.948718 , 0.461538 , 0.915281
0.948718 , 0.487179 , 0.925118
0.948718 , 0.512821 , 0.935453
0.948718 , 0.538462 , 0.946838
0.948718 , 0.564103 , 0.958864
0.948718 , 0.589744 , 0.971113
0.948718 , 0.615385 , 0.983565
0.948718 , 0.641026 , 0.996325
0.948718 , 0.666667 , 1.008747
0.948718 , 0.692308 , 1.020931
0.948718 , 0.717949 , 1.033452
0.948718 , 0.743590 , 1.045721
0.948718 , 0.769231 , 1.056640
0.948718 , 0.794872 , 1.066706
0.948718 , 0.820513 , 1.075856
0.948718 , 0.846154 , 1.083191
0.948718 , 0.871795 , 1.089252
0.948718 , 0.897436 , 1.094211
0.948718 , 0.923077 , 1.098516
0.948718 , 0.948718 , 1.101281
0.948718 , 0.974359 , 1.103499
0.948718 , 1.000000 , 1.104245
0.974359 , 0.000000 , 0.885340
0.974359 , 0.025641 , 0.885794
0.974359 , 0.051282 , 0.886078
0.974359 , 0.076923 , 0.886149
0.974359 , 0.102564 , 0.885959
0.974359 , 0.128205 , 0.884645
0.974359 , 0.153846 , 0.883107
0.974359 , 0.179487 , 0.882102
0.974359 , 0.205128 , 0.882283
0.974359 , 0.230769 , 0.883564
0.974359 , 0.256410 , 0.885099
0.974359 , 0.282051 , 0.885897
0.974359 , 0.307692 , 0.887737
0.974359 , 0.333333 , 0.890377
0.974359 , 0.358974 , 0.893399
0.974359 , 0.384615 , 0.897532
0.974359 , 0.410256 , 0.903588
0.974359 , 0.435897 , 0.910615
0.974359 , 0.461538 , 0.919104
0.974359 , 0.487179 , 0.928675
0.974359 , 0.512821 , 0.939208
0.974359 , 0.538462 , 0.950347
0.974359 , 0.564103 , 0.962573
0.974359 , 0.589744 , 0.975244
0.974359 , 0.615385 , 0.987875
0.974359 , 0.641026 , 1.000033
0.974359 , 0.666667 , 1.012037
0.974359 , 0.692308 , 1.023689
0.974359 , 0.717949 , 1.036070
0.974359 , 0.743590 , 1.047964
0.974359 , 0.769231 , 1.059116
0.974359 , 0.794872 , 1.069367
0.974359 , 0.820513 , 1.078875
0.974359 , 0.846154 , 1.086807
0.974359 , 0.871795 , 1.092995
0.974359 , 0.897436 , 1.098659
0.974359 , 0.923077 , 1.102947
0.974359 , 0.948718 , 1.106322
0.974359 , 0.974359 , 1.108318
0.974359 , 1.000000 , 1.109385
1.000000 , 0.000000 , 0.886454
1.000000 , 0.025641 , 0.886398
1.000000 , 0.051282 , 0.886929
1.000000 , 0.076923 , 0.887089
1.000000 , 0.102564 , 0.887306
1.000000 , 0.128205 , 0.886944
1.000000 , 0.153846 , 0.885541
1.000000 , 0.179487 , 0.883994
1.000000 , 0.205128 , 0.883539
1.000000 , 0.230769 , 0.884586
1.000000 , 0.256410 , 0.886385
1.000000 , 0.282051 , 0.887528
1.000000 , 0.307692 , 0.889057
1.000000 , 0.333333 , 0.891957
1.000000 , 0.358974 , 0.894959
1.000000 , 0.384615 , 0.898890
1.000000 , 0.410256 , 0.904994
1.000000 , 0.435897 , 0.912508
1.000000 , 0.461538 , 0.920514
1.000000 , 0.487179 , 0.929650
1.000000 , 0.512821 , 0.940380
1.000000 , 0.538462 , 0.951301
1.000000 , 0.564103 , 0.963501
1.000000 , 0.589744 , 0.976657
1.000000 , 0.615385 , 0.989019
1.000000 , 0.641026 , 1.000993
1.000000 , 0.666667 , 1.012970
1.000000 , 0.692308 , 1.025309
1.000000 , 0.717949 , 1.037362
1.000000 , 0.743590 , 1.049269
1.000000 , 0.769231 , 1.059671
1.000000 , 0.794872 , 1.069774
1.000000 , 0.820513 , 1.079082
1.000000 , 0.846154 , 1.087401
1.000000 , 0.871795 , 1.094326
1.000000 , 0.897436 , 1.099750
1.000000 , 0.923077 , 1.104344
1.000000 , 0.948718 , 1.107502
1.000000 , 0.974359 , 1.110272
1.000000 , 1.000000 , 1.111456
