0.000000 , 0.000000 , 3.619308
0.000000 , 0.025641 , 3.619308
0.000000 , 0.051282 , 3.619308
0.000000 , 0.076923 , 3.619308
0.000000 , 0.102564 , 3.619308
0.000000 , 0.128205 , 3.619308
0.000000 , 0.153846 , 3.619308
0.000000 , 0.179487 , 3.619308
0.000000 , 0.205128 , 3.619308
0.000000 , 0.230769 , 3.619308
0.000000 , 0.256410 , 3.619308
0.000000 , 0.282051 , 3.619308
0.000000 , 0.307692 , 3.619308
0.000000 , 0.333333 , 3.619308
0.000000 , 0.358974 , 3.619308
0.000000 , 0.384615 , 3.619308
0.000000 , 0.410256 , 3.619308
0.000000 , 0.435897 , 3.619308
0.000000 , 0.461538 , 3.619308
0.000000 , 0.487179 , 3.619308
0.000000 , 0.512821 , 3.619308
0.000000 , 0.538462 , 3.619308
0.000000 , 0.564103 , 3.619308
0.000000 , 0.589744 , 3.619308
0.000000 , 0.615385 , 3.619308
0.000000 , 0.641026 , 3.619308
0.000000 , 0.666667 , 3.619308
0.000000 , 0.692308 , 3.619308
0.000000 , 0.717949 , 3.619308
0.000000 , 0.743590 , 3.619308
0.000000 , 0.769231 , 3.619308
0.000000 , 0.794872 , 3.619308
0.000000 , 0.820513 , 3.619308
0.000000 , 0.846154 , 3.619308
0.000000 , 0.871795 , 3.619308
0.000000 , 0.897436 , 3.619308
0.000000 , 0.923077 , 3.619308
0.000000 , 0.948718 , 3.619308
0.000000 , 0.974359 , 3.619308
0.000000 , 1.000000 , 3.619308
0.025641 , 0.000000 , 3.595007
0.025641 , 0.025641 , 3.594923
0.025641 , 0.051282 , 3.595162
0.025641 , 0.076923 , 3.594725
0.025641 , 0.102564 , 3.594279
0.025641 , 0.128205 , 3.593427
0.025641 , 0.153846 , 3.592043
0.025641 , 0.179487 , 3.590050
0.025641 , 0.205128 , 3.587335
0.025641 , 0.230769 , 3.583599
0.025641 , 0.256410 , 3.578989
0.025641 , 0.282051 , 3.574476
0.025641 , 0.307692 , 3.569765
0.025641 , 0.333333 , 3.565024
0.025641 , 0.358974 , 3.560664
0.025641 , 0.384615 , 3.555375
0.025641 , 0.410256 , 3.549370
0.025641 , 0.435897 , 3.543334
0.025641 , 0.461538 , 3.537486
0.025641 , 0.487179 , 3.531858
0.025641 , 0.512821 , 3.526024
0.025641 , 0.538462 , 3.520998
0.025641 , 0.564103 , 3.515570
0.025641 , 0.589744 , 3.510038
0.025641 , 0.615385 , 3.504989
0.025641 , 0.641026 , 3.500346
0.025641 , 0.666667 , 3.495962
0.025641 , 0.692308 , 3.491567
0.025641 , 0.717949 , 3.487595
0.025641 , 0.743590 , 3.483891
0.025641 , 0.769231 , 3.480440
0.025641 , 0.794872 , 3.477814
0.025641 , 0.820513 , 3.474841
0.025641 , 0.846154 , 3.472922
0.025641 , 0.871795 , 3.471172
0.025641 , 0.897436 , 3.469917
0.025641 , 0.923077 , 3.468964
0.025641 , 0.948718 , 3.467887
0.025641 , 0.974359 , 3.467560
0.025641 , 1.000000 , 3.467496
0.051282 , 0.000000 , 3.562053
0.051282 , 0.025641 , 3.563010
0.051282 , 0.051282 , 3.563347
0.051282 , 0.076923 , 3.562811
0.051282 , 0.102564 , 3.561794
0.051282 , 0.128205 , 3.559554
0.051282 , 0.153846 , 3.556614
0.051282 , 0.179487 , 3.552784
0.051282 , 0.205128 , 3.547725
0.051282 , 0.230769 , 3.540709
0.051282 , 0.256410 , 3.532371
0.051282 , 0.282051 , 3.522360
0.051282 , 0.307692 , 3.512921
0.051282 , 0.333333 , 3.504843
0.051282 , 0.358974 , 3.495758
0.051282 , 0.384615 , 3.485034
0.051282 , 0.410256 , 3.473818
0.051282 , 0.435897 , 3.462538
0.051282 , 0.461538 , 3.450839
0.051282 , 0.487179 , 3.439010
0.051282 , 0.512821 , 3.427105
0.051282 , 0.538462 , 3.415647
0.051282 , 0.564103 , 3.405234
0.051282 , 0.589744 , 3.395009
0.051282 , 0.615385 , 3.385161
0.051282 , 0.641026 , 3.375798
0.051282 , 0.666667 , 3.366922
0.051282 , 0.692308 , 3.358580
0.051282 , 0.717949 , 3.350357
0.051282 , 0.743590 , 3.342826
0.051282 , 0.769231 , 3.336132
0.051282 , 0.794872 , 3.330724
0.051282 , 0.820513 , 3.326173
0.051282 , 0.846154 , 3.321652
0.051282 , 0.871795 , 3.317637
0.051282 , 0.897436 , 3.314845
0.051282 , 0.923077 , 3.313081
0.051282 , 0.948718 , 3.311815
0.051282 , 0.974359 , 3.310668
0.051282 , 1.000000 , 3.310374
0.076923 , 0.000000 , 3.522765
0.076923 , 0.025641 , 3.523676
0.076923 , 0.051282 , 3.524634
0.076923 , 0.076923 , 3.524080
0.076923 , 0.102564 , 3.522252
0.076923 , 0.128205 , 3.519189
0.076923 , 0.153846 , 3.515016
0.076923 , 0.179487 , 3.509308
0.076923 , 0.205128 , 3.501999
0.076923 , 0.230769 , 3.492024
0.076923 , 0.256410 , 3.479863
0.076923 , 0.282051 , 3.465124
0.076923 , 0.307692 , 3.451352
0.076923 , 0.333333 , 3.439178
0.076923 , 0.358974 , 3.425367
0.076923 , 0.384615 , 3.409771
0.076923 , 0.410256 , 3.393803
0.076923 , 0.435897 , 3.376989
0.076923 , 0.461538 , 3.359656
0.076923 , 0.487179 , 3.341798
0.076923 , 0.512821 , 3.323704
0.076923 , 0.538462 , 3.305846
0.076923 , 0.564103 , 3.289302
0.076923 , 0.589744 , 3.274479
0.076923 , 0.615385 , 3.260358
0.076923 , 0.641026 , 3.245695
0.076923 , 0.666667 , 3.232207
0.076923 , 0.692308 , 3.220410
0.076923 , 0.717949 , 3.208886
0.076923 , 0.743590 , 3.198134
0.076923 , 0.769231 , 3.188180
0.076923 , 0.794872 , 3.178974
0.076923 , 0.820513 , 3.171001
0.076923 , 0.846154 , 3.164913
0.076923 , 0.871795 , 3.159071
0.076923 , 0.897436 , 3.155791
0.076923 , 0.923077 , 3.152843
0.076923 , 0.948718 , 3.151126
0.076923 , 0.974359 , 3.149785
0.076923 , 1.000000 , 3.149141
0.102564 , 0.000000 , 3.478224
0.102564 , 0.025641 , 3.479167
0.102564 , 0.051282 , 3.479755
0.102564 , 0.076923 , 3.478738
0.102564 , 0.102564 , 3.476007
0.102564 , 0.128205 , 3.472708
0.102564 , 0.153846 , 3.467887
0.102564 , 0.179487 , 3.460616
0.102564 , 0.205128 , 3.450795
0.102564 , 0.230769 , 3.438347
0.102564 , 0.256410 , 3.423384
0.102564 , 0.282051 , 3.404893
0.102564 , 0.307692 , 3.386591
0.102564 , 0.333333 , 3.370222
0.102564 , 0.358974 , 3.351112
0.102564 , 0.384615 , 3.330859
0.102564 , 0.410256 , 3.309800
0.102564 , 0.435897 , 3.287231
0.102564 , 0.461538 , 3.263321
0.102564 , 0.487179 , 3.239939
0.102564 , 0.512821 , 3.216666
0.102564 , 0.538462 , 3.193224
0.102564 , 0.564103 , 3.171208
0.102564 , 0.589744 , 3.150775
0.102564 , 0.615385 , 3.131557
0.102564 , 0.641026 , 3.112511
0.102564 , 0.666667 , 3.094677
0.102564 , 0.692308 , 3.078223
0.102564 , 0.717949 , 3.062876
0.102564 , 0.743590 , 3.048552
0.102564 , 0.769231 , 3.034928
0.102564 , 0.794872 , 3.023053
0.102564 , 0.820513 , 3.012855
0.102564 , 0.846154 , 3.004698
0.102564 , 0.871795 , 2.997702
0.102564 , 0.897436 , 2.992590
0.102564 , 0.923077 , 2.988366
0.102564 , 0.948718 , 2.985983
0.102564 , 0.974359 , 2.984356
0.102564 , 1.000000 , 2.982557
0.128205 , 0.000000 , 3.430832
0.128205 , 0.025641 , 3.431027
0.128205 , 0.051282 , 3.430769
0.128205 , 0.076923 , 3.428990
0.128205 , 0.102564 , 3.425368
0.128205 , 0.128205 , 3.421581
0.128205 , 0.153846 , 3.415825
0.128205 , 0.179487 , 3.407367
0.128205 , 0.205128 , 3.395662
0.128205 , 0.230769 , 3.380886
0.128205 , 0.256410 , 3.363511
0.128205 , 0.282051 , 3.342582
0.128205 , 0.307692 , 3.319818
0.128205 , 0.333333 , 3.298215
0.128205 , 0.358974 , 3.274393
0.128205 , 0.384615 , 3.248782
0.128205 , 0.410256 , 3.222424
0.128205 , 0.435897 , 3.193665
0.128205 , 0.461538 , 3.163777
0.128205 , 0.487179 , 3.134562
0.128205 , 0.512821 , 3.106575
0.128205 , 0.538462 , 3.078444
0.128205 , 0.564103 , 3.050982
0.128205 , 0.589744 , 3.024984
0.128205 , 0.615385 , 2.999457
0.128205 , 0.641026 , 2.976076
0.128205 , 0.666667 , 2.954276
0.128205 , 0.692308 , 2.933758
0.128205 , 0.717949 , 2.914318
0.128205 , 0.743590 , 2.895168
0.128205 , 0.769231 , 2.878013
0.128205 , 0.794872 , 2.862998
0.128205 , 0.820513 , 2.850403
0.128205 , 0.846154 , 2.840069
0.128205 , 0.871795 , 2.831193
0.128205 , 0.897436 , 2.825476
0.128205 , 0.923077 , 2.820310
0.128205 , 0.948718 , 2.816645
0.128205 , 0.974359 , 2.814670
0.128205 , 1.000000 , 2.813071
0.153846 , 0.000000 , 3.381145
0.153846 , 0.025641 , 3.380668
0.153846 , 0.051282 , 3.378805
0.153846 , 0.076923 , 3.376696
0.153846 , 0.102564 , 3.372801
0.153846 , 0.128205 , 3.368182
0.153846 , 0.153846 , 3.360769
0.153846 , 0.179487 , 3.350548
0.153846 , 0.205128 , 3.336540
0.153846 , 0.230769 , 3.319630
0.153846 , 0.256410 , 3.299241
0.153846 , 0.282051 , 3.275765
0.153846 , 0.307692 , 3.250302
0.153846 , 0.333333 , 3.223348
0.153846 , 0.358974 , 3.194601
0.153846 , 0.384615 , 3.163990
0.153846 , 0.410256 , 3.131995
0.153846 , 0.435897 , 3.097909
0.153846 , 0.461538 , 3.062358
0.153846 , 0.487179 , 3.027775
0.153846 , 0.512821 , 2.993897
0.153846 , 0.538462 , 2.961204
0.153846 , 0.564103 , 2.928064
0.153846 , 0.589744 , 2.896100
0.153846 , 0.615385 , 2.865410
0.153846 , 0.641026 , 2.837429
0.153846 , 0.666667 , 2.811467
0.153846 , 0.692308 , 2.786661
0.153846 , 0.717949 , 2.763149
0.153846 , 0.743590 , 2.740764
0.153846 , 0.769231 , 2.720684
0.153846 , 0.794872 , 2.702242
0.153846 , 0.820513 , 2.687062
0.153846 , 0.846154 , 2.674396
0.153846 , 0.871795 , 2.663610
0.153846 , 0.897436 , 2.655715
0.153846 , 0.923077 , 2.649503
0.153846 , 0.948718 , 2.644641
0.153846 , 0.974359 , 2.641395
0.153846 , 1.000000 , 2.639950
0.179487 , 0.000000 , 3.329632
0.179487 , 0.025641 , 3.328841
0.179487 , 0.051282 , 3.326294
0.179487 , 0.076923 , 3.323129
0.179487 , 0.102564 , 3.318903
0.179487 , 0.128205 , 3.312460
0.179487 , 0.153846 , 3.302729
0.179487 , 0.179487 , 3.290266
0.179487 , 0.205128 , 3.274063
0.179487 , 0.230769 , 3.254097
0.179487 , 0.256410 , 3.230539
0.179487 , 0.282051 , 3.204112
0.179487 , 0.307692 , 3.175717
0.179487 , 0.333333 , 3.144370
0.179487 , 0.358974 , 3.111323
0.179487 , 0.384615 , 3.075440
0.179487 , 0.410256 , 3.038450
0.179487 , 0.435897 , 2.999778
0.179487 , 0.461538 , 2.959590
0.179487 , 0.487179 , 2.918993
0.179487 , 0.512821 , 2.879518
0.179487 , 0.538462 , 2.840815
0.179487 , 0.564103 , 2.802639
0.179487 , 0.589744 , 2.765605
0.179487 , 0.615385 , 2.730106
0.179487 , 0.641026 , 2.697503
0.179487 , 0.666667 , 2.666643
0.179487 , 0.692308 , 2.636972
0.179487 , 0.717949 , 2.609083
0.179487 , 0.743590 , 2.582969
0.179487 , 0.769231 , 2.560345
0.179487 , 0.794872 , 2.540519
0.179487 , 0.820513 , 2.521935
0.179487 , 0.846154 , 2.506463
0.179487 , 0.871795 , 2.492903
0.179487 , 0.897436 , 2.482186
0.179487 , 0.923077 , 2.474835
0.179487 , 0.948718 , 2.469112
0.179487 , 0.974359 , 2.465951
0.179487 , 1.000000 , 2.464234
0.205128 , 0.000000 , 3.276923
0.205128 , 0.025641 , 3.275912
0.205128 , 0.051282 , 3.273196
0.205128 , 0.076923 , 3.268518
0.205128 , 0.102564 , 3.262917
0.205128 , 0.128205 , 3.254676
0.205128 , 0.153846 , 3.242625
0.205128 , 0.179487 , 3.226765
0.205128 , 0.205128 , 3.207937
0.205128 , 0.230769 , 3.185550
0.205128 , 0.256410 , 3.159170
0.205128 , 0.282051 , 3.129696
0.205128 , 0.307692 , 3.098106
0.205128 , 0.333333 , 3.063090
0.205128 , 0.358974 , 3.026310
0.205128 , 0.384615 , 2.986085
0.205128 , 0.410256 , 2.943467
0.205128 , 0.435897 , 2.899686
0.205128 , 0.461538 , 2.854272
0.205128 , 0.487179 , 2.807772
0.205128 , 0.512821 , 2.763202
0.205128 , 0.538462 , 2.719207
0.205128 , 0.564103 , 2.676118
0.205128 , 0.589744 , 2.634338
0.205128 , 0.615385 , 2.593866
0.205128 , 0.641026 , 2.555934
0.205128 , 0.666667 , 2.520258
0.205128 , 0.692308 , 2.485740
0.205128 , 0.717949 , 2.453726
0.205128 , 0.743590 , 2.424416
0.205128 , 0.769231 , 2.398716
0.205128 , 0.794872 , 2.376156
0.205128 , 0.820513 , 2.355935
0.205128 , 0.846154 , 2.337467
0.205128 , 0.871795 , 2.321440
0.205128 , 0.897436 , 2.307836
0.205128 , 0.923077 , 2.299006
0.205128 , 0.948718 , 2.292760
0.205128 , 0.974359 , 2.288682
0.205128 , 1.000000 , 2.287616
0.230769 , 0.000000 , 3.223361
0.230769 , 0.025641 , 3.222241
0.230769 , 0.051282 , 3.219163
0.230769 , 0.076923 , 3.213600
0.230769 , 0.102564 , 3.205808
0.230769 , 0.128205 , 3.195981
0.230769 , 0.153846 , 3.182155
0.230769 , 0.179487 , 3.163349
0.230769 , 0.205128 , 3.140936
0.230769 , 0.230769 , 3.115403
0.230769 , 0.256410 , 3.086313
0.230769 , 0.282051 , 3.054002
0.230769 , 0.307692 , 3.018762
0.230769 , 0.333333 , 2.980982
0.230769 , 0.358974 , 2.940249
0.230769 , 0.384615 , 2.895552
0.230769 , 0.410256 , 2.847389
0.230769 , 0.435897 , 2.798495
0.230769 , 0.461538 , 2.748077
0.230769 , 0.487179 , 2.696381
0.230769 , 0.512821 , 2.645974
0.230769 , 0.538462 , 2.596590
0.230769 , 0.564103 , 2.548594
0.230769 , 0.589744 , 2.501563
0.230769 , 0.615385 , 2.456436
0.230769 , 0.641026 , 2.413953
0.230769 , 0.666667 , 2.373297
0.230769 , 0.692308 , 2.334244
0.230769 , 0.717949 , 2.297754
0.230769 , 0.743590 , 2.264968
0.230769 , 0.769231 , 2.235918
0.230769 , 0.794872 , 2.210222
0.230769 , 0.820513 , 2.187203
0.230769 , 0.846154 , 2.166788
0.230769 , 0.871795 , 2.148003
0.230769 , 0.897436 , 2.132776
0.230769 , 0.923077 , 2.121376
0.230769 , 0.948718 , 2.114292
0.230769 , 0.974359 , 2.110006
0.230769 , 1.000000 , 2.108907
0.256410 , 0.000000 , 3.170417
0.256410 , 0.025641 , 3.168822
0.256410 , 0.051282 , 3.165035
0.256410 , 0.076923 , 3.158689
0.256410 , 0.102564 , 3.149433
0.256410 , 0.128205 , 3.137654
0.256410 , 0.153846 , 3.121969
0.256410 , 0.179487 , 3.101323
0.256410 , 0.205128 , 3.076023
0.256410 , 0.230769 , 3.046839
0.256410 , 0.256410 , 3.014326
0.256410 , 0.282051 , 2.978324
0.256410 , 0.307692 , 2.939363
0.256410 , 0.333333 , 2.897832
0.256410 , 0.358974 , 2.852926
0.256410 , 0.384615 , 2.803734
0.256410 , 0.410256 , 2.751320
0.256410 , 0.435897 , 2.697243
0.256410 , 0.461538 , 2.642135
0.256410 , 0.487179 , 2.585574
0.256410 , 0.512821 , 2.529797
0.256410 , 0.538462 , 2.475097
0.256410 , 0.564103 , 2.421839
0.256410 , 0.589744 , 2.370152
0.256410 , 0.615385 , 2.319844
0.256410 , 0.641026 , 2.271575
0.256410 , 0.666667 , 2.226191
0.256410 , 0.692308 , 2.183308
0.256410 , 0.717949 , 2.142413
0.256410 , 0.743590 , 2.105469
0.256410 , 0.769231 , 2.072467
0.256410 , 0.794872 , 2.042765
0.256410 , 0.820513 , 2.017004
0.256410 , 0.846154 , 1.993881
0.256410 , 0.871795 , 1.973592
0.256410 , 0.897436 , 1.956522
0.256410 , 0.923077 , 1.943855
0.256410 , 0.948718 , 1.935662
0.256410 , 0.974359 , 1.931013
0.256410 , 1.000000 , 1.930187
0.282051 , 0.000000 , 3.118582
0.282051 , 0.025641 , 3.117495
0.282051 , 0.051282 , 3.112991
0.282051 , 0.076923 , 3.105222
0.282051 , 0.102564 , 3.094465
0.282051 , 0.128205 , 3.080603
0.282051 , 0.153846 , 3.062321
0.282051 , 0.179487 , 3.038849
0.282051 , 0.205128 , 3.011064
0.282051 , 0.230769 , 2.978832
0.282051 , 0.256410 , 2.943655
0.282051 , 0.282051 , 2.904236
0.282051 , 0.307692 , 2.860867
0.282051 , 0.333333 , 2.815188
0.282051 , 0.358974 , 2.766172
0.282051 , 0.384615 , 2.712687
0.282051 , 0.410256 , 2.655779
0.282051 , 0.435897 , 2.597008
0.282051 , 0.461538 , 2.536834
0.282051 , 0.487179 , 2.475731
0.282051 , 0.512821 , 2.414721
0.282051 , 0.538462 , 2.354880
0.282051 , 0.564103 , 2.295829
0.282051 , 0.589744 , 2.238521
0.282051 , 0.615385 , 2.183007
0.282051 , 0.641026 , 2.129326
0.282051 , 0.666667 , 2.078254
0.282051 , 0.692308 , 2.030402
0.282051 , 0.717949 , 1.985615
0.282051 , 0.743590 , 1.944379
0.282051 , 0.769231 , 1.907771
0.282051 , 0.794872 , 1.874034
0.282051 , 0.820513 , 1.845489
0.282051 , 0.846154 , 1.820012
0.282051 , 0.871795 , 1.797873
0.282051 , 0.897436 , 1.779239
0.282051 , 0.923077 , 1.765377
0.282051 , 0.948718 , 1.755665
0.282051 , 0.974359 , 1.750528
0.282051 , 1.000000 , 1.749346
0.307692 , 0.000000 , 3.069821
0.307692 , 0.025641 , 3.068924
0.307692 , 0.051282 , 3.063818
0.307692 , 0.076923 , 3.054138
0.307692 , 0.102564 , 3.041447
0.307692 , 0.128205 , 3.024938
0.307692 , 0.153846 , 3.004446
0.307692 , 0.179487 , 2.977925
0.307692 , 0.205128 , 2.946644
0.307692 , 0.230769 , 2.911200
0.307692 , 0.256410 , 2.872624
0.307692 , 0.282051 , 2.830294
0.307692 , 0.307692 , 2.783617
0.307692 , 0.333333 , 2.733266
0.307692 , 0.358974 , 2.680055
0.307692 , 0.384615 , 2.622249
0.307692 , 0.410256 , 2.560722
0.307692 , 0.435897 , 2.496706
0.307692 , 0.461538 , 2.431918
0.307692 , 0.487179 , 2.366438
0.307692 , 0.512821 , 2.300632
0.307692 , 0.538462 , 2.235464
0.307692 , 0.564103 , 2.171068
0.307692 , 0.589744 , 2.107694
0.307692 , 0.615385 , 2.046734
0.307692 , 0.641026 , 1.987815
0.307692 , 0.666667 , 1.931599
0.307692 , 0.692308 , 1.878132
0.307692 , 0.717949 , 1.828658
0.307692 , 0.743590 , 1.783090
0.307692 , 0.769231 , 1.741392
0.307692 , 0.794872 , 1.704079
0.307692 , 0.820513 , 1.672102
0.307692 , 0.846154 , 1.643834
0.307692 , 0.871795 , 1.619959
0.307692 , 0.897436 , 1.600514
0.307692 , 0.923077 , 1.585916
0.307692 , 0.948718 , 1.575254
0.307692 , 0.974359 , 1.568717
0.307692 , 1.000000 , 1.567181
0.333333 , 0.000000 , 3.026971
0.333333 , 0.025641 , 3.024926
0.333333 , 0.051282 , 3.019097
0.333333 , 0.076923 , 3.007727
0.333333 , 0.102564 , 2.992852
0.333333 , 0.128205 , 2.973261
0.333333 , 0.153846 , 2.949148
0.333333 , 0.179487 , 2.919912
0.333333 , 0.205128 , 2.885571
0.333333 , 0.230769 , 2.846548
0.333333 , 0.256410 , 2.804029
0.333333 , 0.282051 , 2.758411
0.333333 , 0.307692 , 2.707886
0.333333 , 0.333333 , 2.652841
0.333333 , 0.358974 , 2.594538
0.333333 , 0.384615 , 2.532287
0.333333 , 0.410256 , 2.466211
0.333333 , 0.435897 , 2.397963
0.333333 , 0.461538 , 2.328561
0.333333 , 0.487179 , 2.258012
0.333333 , 0.512821 , 2.186935
0.333333 , 0.538462 , 2.116285
0.333333 , 0.564103 , 2.046364
0.333333 , 0.589744 , 1.977760
0.333333 , 0.615385 , 1.911493
0.333333 , 0.641026 , 1.847552
0.333333 , 0.666667 , 1.785906
0.333333 , 0.692308 , 1.726852
0.333333 , 0.717949 , 1.671910
0.333333 , 0.743590 , 1.622265
0.333333 , 0.769231 , 1.576162
0.333333 , 0.794872 , 1.534833
0.333333 , 0.820513 , 1.498633
0.333333 , 0.846154 , 1.467776
0.333333 , 0.871795 , 1.441897
0.333333 , 0.897436 , 1.420769
0.333333 , 0.923077 , 1.404879
0.333333 , 0.948718 , 1.393876
0.333333 , 0.974359 , 1.386829
0.333333 , 1.000000 , 1.384002
0.358974 , 0.000000 , 2.988039
0.358974 , 0.025641 , 2.985946
0.358974 , 0.051282 , 2.979254
0.358974 , 0.076923 , 2.966275
0.358974 , 0.102564 , 2.948908
0.358974 , 0.128205 , 2.926593
0.358974 , 0.153846 , 2.899358
0.358974 , 0.179487 , 2.866228
0.358974 , 0.205128 , 2.828489
0.358974 , 0.230769 , 2.786149
0.358974 , 0.256410 , 2.739735
0.358974 , 0.282051 , 2.689357
0.358974 , 0.307692 , 2.634523
0.358974 , 0.333333 , 2.575137
0.358974 , 0.358974 , 2.511518
0.358974 , 0.384615 , 2.444257
0.358974 , 0.410256 , 2.373508
0.358974 , 0.435897 , 2.300328
0.358974 , 0.461538 , 2.226341
0.358974 , 0.487179 , 2.150968
0.358974 , 0.512821 , 2.074408
0.358974 , 0.538462 , 1.998185
0.358974 , 0.564103 , 1.922644
0.358974 , 0.589744 , 1.848601
0.358974 , 0.615385 , 1.776967
0.358974 , 0.641026 , 1.707528
0.358974 , 0.666667 , 1.640080
0.358974 , 0.692308 , 1.575414
0.358974 , 0.717949 , 1.515324
0.358974 , 0.743590 , 1.461280
0.358974 , 0.769231 , 1.411725
0.358974 , 0.794872 , 1.366415
0.358974 , 0.820513 , 1.325717
0.358974 , 0.846154 , 1.291500
0.358974 , 0.871795 , 1.263083
0.358974 , 0.897436 , 1.239762
0.358974 , 0.923077 , 1.222059
0.358974 , 0.948718 , 1.209694
0.358974 , 0.974359 , 1.202589
0.358974 , 1.000000 , 1.200435
0.384615 , 0.000000 , 2.953899
0.384615 , 0.025641 , 2.952157
0.384615 , 0.051282 , 2.944633
0.384615 , 0.076923 , 2.930148
0.384615 , 0.102564 , 2.909933
0.384615 , 0.128205 , 2.884530
0.384615 , 0.153846 , 2.854328
0.384615 , 0.179487 , 2.818333
0.384615 , 0.205128 , 2.777138
0.384615 , 0.230769 , 2.730360
0.384615 , 0.256410 , 2.679198
0.384615 , 0.282051 , 2.623245
0.384615 , 0.307692 , 2.563421
0.384615 , 0.333333 , 2.499315
0.384615 , 0.358974 , 2.430450
0.384615 , 0.384615 , 2.358007
0.384615 , 0.410256 , 2.282885
0.384615 , 0.435897 , 2.204590
0.384615 , 0.461538 , 2.125175
0.384615 , 0.487179 , 2.044697
0.384615 , 0.512821 , 1.962838
0.384615 , 0.538462 , 1.881139
0.384615 , 0.564103 , 1.799887
0.384615 , 0.589744 , 1.719942
0.384615 , 0.615385 , 1.642596
0.384615 , 0.641026 , 1.567287
0.384615 , 0.666667 , 1.494595
0.384615 , 0.692308 , 1.425126
0.384615 , 0.717949 , 1.360084
0.384615 , 0.743590 , 1.300914
0.384615 , 0.769231 , 1.246087
0.384615 , 0.794872 , 1.196202
0.384615 , 0.820513 , 1.151681
0.384615 , 0.846154 , 1.113968
0.384615 , 0.871795 , 1.083049
0.384615 , 0.897436 , 1.058254
0.384615 , 0.923077 , 1.039102
0.384615 , 0.948718 , 1.025148
0.384615 , 0.974359 , 1.016297
0.384615 , 1.000000 , 1.013760
0.410256 , 0.000000 , 2.928734
0.410256 , 0.025641 , 2.925635
0.410256 , 0.051282 , 2.916841
0.410256 , 0.076923 , 2.900949
0.410256 , 0.102564 , 2.878461
0.410256 , 0.128205 , 2.849959
0.410256 , 0.153846 , 2.816556
0.410256 , 0.179487 , 2.776938
0.410256 , 0.205128 , 2.732379
0.410256 , 0.230769 , 2.681616
0.410256 , 0.256410 , 2.625556
0.410256 , 0.282051 , 2.564019
0.410256 , 0.307692 , 2.497807
0.410256 , 0.333333 , 2.428221
0.410256 , 0.358974 , 2.353980
0.410256 , 0.384615 , 2.275970
0.410256 , 0.410256 , 2.195398
0.410256 , 0.435897 , 2.111834
0.410256 , 0.461538 , 2.026840
0.410256 , 0.487179 , 1.940149
0.410256 , 0.512821 , 1.852623
0.410256 , 0.538462 , 1.765210
0.410256 , 0.564103 , 1.677988
0.410256 , 0.589744 , 1.592215
0.410256 , 0.615385 , 1.509011
0.410256 , 0.641026 , 1.428215
0.410256 , 0.666667 , 1.349515
0.410256 , 0.692308 , 1.275275
0.410256 , 0.717949 , 1.205151
0.410256 , 0.743590 , 1.139812
0.410256 , 0.769231 , 1.080124
0.410256 , 0.794872 , 1.025577
0.410256 , 0.820513 , 0.977444
0.410256 , 0.846154 , 0.936258
0.410256 , 0.871795 , 0.902569
0.410256 , 0.897436 , 0.875084
0.410256 , 0.923077 , 0.853491
0.410256 , 0.948718 , 0.838328
0.410256 , 0.974359 , 0.828621
0.410256 , 1.000000 , 0.825654
0.435897 , 0.000000 , 2.910901
0.435897 , 0.025641 , 2.907121
0.435897 , 0.051282 , 2.896637
0.435897 , 0.076923 , 2.879192
0.435897 , 0.102564 , 2.854609
0.435897 , 0.128205 , 2.823290
0.435897 , 0.153846 , 2.786140
0.435897 , 0.179487 , 2.742283
0.435897 , 0.205128 , 2.693306
0.435897 , 0.230769 , 2.638516
0.435897 , 0.256410 , 2.577602
0.435897 , 0.282051 , 2.510952
0.435897 , 0.307692 , 2.438298
0.435897 , 0.333333 , 2.361974
0.435897 , 0.358974 , 2.282258
0.435897 , 0.384615 , 2.198634
0.435897 , 0.410256 , 2.112141
0.435897 , 0.435897 , 2.022900
0.435897 , 0.461538 , 1.931314
0.435897 , 0.487179 , 1.838023
0.435897 , 0.512821 , 1.743983
0.435897 , 0.538462 , 1.650028
0.435897 , 0.564103 , 1.556970
0.435897 , 0.589744 , 1.464654
0.435897 , 0.615385 , 1.375107
0.435897 , 0.641026 , 1.288358
0.435897 , 0.666667 , 1.204120
0.435897 , 0.692308 , 1.123648
0.435897 , 0.717949 , 1.048088
0.435897 , 0.743590 , 0.977182
0.435897 , 0.769231 , 0.912169
0.435897 , 0.794872 , 0.853727
0.435897 , 0.820513 , 0.801890
0.435897 , 0.846154 , 0.757276
0.435897 , 0.871795 , 0.720540
0.435897 , 0.897436 , 0.690080
0.435897 , 0.923077 , 0.665893
0.435897 , 0.948718 , 0.649251
0.435897 , 0.974359 , 0.639657
0.435897 , 1.000000 , 0.636349
0.461538 , 0.000000 , 2.900588
0.461538 , 0.025641 , 2.896694
0.461538 , 0.051282 , 2.884556
0.461538 , 0.076923 , 2.865427
0.461538 , 0.102564 , 2.838511
0.461538 , 0.128205 , 2.804371
0.461538 , 0.153846 , 2.763330
0.461538 , 0.179487 , 2.715509
0.461538 , 0.205128 , 2.661976
0.461538 , 0.230769 , 2.601587
0.461538 , 0.256410 , 2.535470
0.461538 , 0.282051 , 2.463618
0.461538 , 0.307692 , 2.385712
0.461538 , 0.333333 , 2.302855
0.461538 , 0.358974 , 2.216930
0.461538 , 0.384615 , 2.126979
0.461538 , 0.410256 , 2.033492
0.461538 , 0.435897 , 1.937116
0.461538 , 0.461538 , 1.838665
0.461538 , 0.487179 , 1.738099
0.461538 , 0.512821 , 1.637155
0.461538 , 0.538462 , 1.536617
0.461538 , 0.564103 , 1.436722
0.461538 , 0.589744 , 1.337956
0.461538 , 0.615385 , 1.241493
0.461538 , 0.641026 , 1.148264
0.461538 , 0.666667 , 1.057897
0.461538 , 0.692308 , 0.971911
0.461538 , 0.717949 , 0.890343
0.461538 , 0.743590 , 0.813798
0.461538 , 0.769231 , 0.743401
0.461538 , 0.794872 , 0.680514
0.461538 , 0.820513 , 0.624761
0.461538 , 0.846154 , 0.576426
0.461538 , 0.871795 , 0.536293
0.461538 , 0.897436 , 0.503240
0.461538 , 0.923077 , 0.477143
0.461538 , 0.948718 , 0.458234
0.461538 , 0.974359 , 0.448240
0.461538 , 1.000000 , 0.445079
0.487179 , 0.000000 , 2.899667
0.487179 , 0.025641 , 2.895371
0.487179 , 0.051282 , 2.881868
0.487179 , 0.076923 , 2.860257
0.487179 , 0.102564 , 2.831087
0.487179 , 0.128205 , 2.794153
0.487179 , 0.153846 , 2.749233
0.487179 , 0.179487 , 2.697953
0.487179 , 0.205128 , 2.640144
0.487179 , 0.230769 , 2.574143
0.487179 , 0.256410 , 2.501967
0.487179 , 0.282051 , 2.424150
0.487179 , 0.307692 , 2.340485
0.487179 , 0.333333 , 2.251228
0.487179 , 0.358974 , 2.157866
0.487179 , 0.384615 , 2.060687
0.487179 , 0.410256 , 1.959857
0.487179 , 0.435897 , 1.855904
0.487179 , 0.461538 , 1.749679
0.487179 , 0.487179 , 1.641471
0.487179 , 0.512821 , 1.532898
0.487179 , 0.538462 , 1.424679
0.487179 , 0.564103 , 1.317371
0.487179 , 0.589744 , 1.211894
0.487179 , 0.615385 , 1.108800
0.487179 , 0.641026 , 1.007731
0.487179 , 0.666667 , 0.910965
0.487179 , 0.692308 , 0.818619
0.487179 , 0.717949 , 0.730826
0.487179 , 0.743590 , 0.648874
0.487179 , 0.769231 , 0.573315
0.487179 , 0.794872 , 0.505047
0.487179 , 0.820513 , 0.445008
0.487179 , 0.846154 , 0.392857
0.487179 , 0.871795 , 0.349207
0.487179 , 0.897436 , 0.313555
0.487179 , 0.923077 , 0.285739
0.487179 , 0.948718 , 0.265652
0.487179 , 0.974359 , 0.253789
0.487179 , 1.000000 , 0.250046
0.512821 , 0.000000 , 2.909357
0.512821 , 0.025641 , 2.903985
0.512821 , 0.051282 , 2.889598
0.512821 , 0.076923 , 2.865804
0.512821 , 0.102564 , 2.834223
0.512821 , 0.128205 , 2.794060
0.512821 , 0.153846 , 2.745776
0.512821 , 0.179487 , 2.690412
0.512821 , 0.205128 , 2.627128
0.512821 , 0.230769 , 2.556551
0.512821 , 0.256410 , 2.478415
0.512821 , 0.282051 , 2.393636
0.512821 , 0.307692 , 2.303012
0.512821 , 0.333333 , 2.206953
0.512821 , 0.358974 , 2.106068
0.512821 , 0.384615 , 2.000856
0.512821 , 0.410256 , 1.891649
0.512821 , 0.435897 , 1.779754
0.512821 , 0.461538 , 1.665589
0.512821 , 0.487179 , 1.549047
0.512821 , 0.512821 , 1.432313
0.512821 , 0.538462 , 1.315569
0.512821 , 0.564103 , 1.199394
0.512821 , 0.589744 , 1.085537
0.512821 , 0.615385 , 0.975212
0.512821 , 0.641026 , 0.867074
0.512821 , 0.666667 , 0.762949
0.512821 , 0.692308 , 0.663755
0.512821 , 0.717949 , 0.569626
0.512821 , 0.743590 , 0.481912
0.512821 , 0.769231 , 0.401010
0.512821 , 0.794872 , 0.327801
0.512821 , 0.820513 , 0.263269
0.512821 , 0.846154 , 0.206926
0.512821 , 0.871795 , 0.159089
0.512821 , 0.897436 , 0.120766
0.512821 , 0.923077 , 0.091532
0.512821 , 0.948718 , 0.069695
0.512821 , 0.974359 , 0.056819
0.512821 , 1.000000 , 0.052256
0.538462 , 0.000000 , 2.929842
0.538462 , 0.025641 , 2.924449
0.538462 , 0.051282 , 2.909036
0.538462 , 0.076923 , 2.884171
0.538462 , 0.102564 , 2.849816
0.538462 , 0.128205 , 2.806479
0.538462 , 0.153846 , 2.754536
0.538462 , 0.179487 , 2.695234
0.538462 , 0.205128 , 2.625848
0.538462 , 0.230769 , 2.549848
0.538462 , 0.256410 , 2.465210
0.538462 , 0.282051 , 2.373609
0.538462 , 0.307692 , 2.275680
0.538462 , 0.333333 , 2.172058
0.538462 , 0.358974 , 2.063102
0.538462 , 0.384615 , 1.949081
0.538462 , 0.410256 , 1.830562
0.538462 , 0.435897 , 1.709136
0.538462 , 0.461538 , 1.585487
0.538462 , 0.487179 , 1.459531
0.538462 , 0.512821 , 1.333859
0.538462 , 0.538462 , 1.207715
0.538462 , 0.564103 , 1.083032
0.538462 , 0.589744 , 0.959878
0.538462 , 0.615385 , 0.840431
0.538462 , 0.641026 , 0.724965
0.538462 , 0.666667 , 0.613377
0.538462 , 0.692308 , 0.506758
0.538462 , 0.717949 , 0.406253
0.538462 , 0.743590 , 0.312511
0.538462 , 0.769231 , 0.226272
0.538462 , 0.794872 , 0.147838
0.538462 , 0.820513 , 0.078294
0.538462 , 0.846154 , 0.017943
0.538462 , 0.871795 , -0.033683
0.538462 , 0.897436 , -0.075833
0.538462 , 0.923077 , -0.107049
0.538462 , 0.948718 , -0.130273
0.538462 , 0.974359 , -0.144402
0.538462 , 1.000000 , -0.149456
0.564103 , 0.000000 , 2.963033
0.564103 , 0.025641 , 2.957849
0.564103 , 0.051282 , 2.941573
0.564103 , 0.076923 , 2.914680
0.564103 , 0.102564 , 2.878411
0.564103 , 0.128205 , 2.832676
0.564103 , 0.153846 , 2.776426
0.564103 , 0.179487 , 2.712619
0.564103 , 0.205128 , 2.637871
0.564103 , 0.230769 , 2.555719
0.564103 , 0.256410 , 2.464718
0.564103 , 0.282051 , 2.365489
0.564103 , 0.307692 , 2.260103
0.564103 , 0.333333 , 2.147760
0.564103 , 0.358974 , 2.029473
0.564103 , 0.384615 , 1.905261
0.564103 , 0.410256 , 1.776910
0.564103 , 0.435897 , 1.645021
0.564103 , 0.461538 , 1.510525
0.564103 , 0.487179 , 1.374165
0.564103 , 0.512821 , 1.237782
0.564103 , 0.538462 , 1.101500
0.564103 , 0.564103 , 0.966242
0.564103 , 0.589744 , 0.833435
0.564103 , 0.615385 , 0.703972
0.564103 , 0.641026 , 0.579879
0.564103 , 0.666667 , 0.460795
0.564103 , 0.692308 , 0.347239
0.564103 , 0.717949 , 0.239986
0.564103 , 0.743590 , 0.139430
0.564103 , 0.769231 , 0.047215
0.564103 , 0.794872 , -0.036723
0.564103 , 0.820513 , -0.111316
0.564103 , 0.846154 , -0.175788
0.564103 , 0.871795 , -0.230854
0.564103 , 0.897436 , -0.275707
0.564103 , 0.923077 , -0.310122
0.564103 , 0.948718 , -0.334489
0.564103 , 0.974359 , -0.349442
0.564103 , 1.000000 , -0.354782
0.589744 , 0.000000 , 3.010056
0.589744 , 0.025641 , 3.005297
0.589744 , 0.051282 , 2.988435
0.589744 , 0.076923 , 2.959563
0.589744 , 0.102564 , 2.920591
0.589744 , 0.128205 , 2.871939
0.589744 , 0.153846 , 2.812562
0.589744 , 0.179487 , 2.743110
0.589744 , 0.205128 , 2.663874
0.589744 , 0.230769 , 2.575917
0.589744 , 0.256410 , 2.477821
0.589744 , 0.282051 , 2.370736
0.589744 , 0.307692 , 2.256579
0.589744 , 0.333333 , 2.134775
0.589744 , 0.358974 , 2.005765
0.589744 , 0.384615 , 1.870824
0.589744 , 0.410256 , 1.730831
0.589744 , 0.435897 , 1.587193
0.589744 , 0.461538 , 1.440536
0.589744 , 0.487179 , 1.292683
0.589744 , 0.512821 , 1.144134
0.589744 , 0.538462 , 0.996094
0.589744 , 0.564103 , 0.849842
0.589744 , 0.589744 , 0.706434
0.589744 , 0.615385 , 0.566656
0.589744 , 0.641026 , 0.432667
0.589744 , 0.666667 , 0.304724
0.589744 , 0.692308 , 0.183622
0.589744 , 0.717949 , 0.068953
0.589744 , 0.743590 , -0.037994
0.589744 , 0.769231 , -0.136333
0.589744 , 0.794872 , -0.225398
0.589744 , 0.820513 , -0.305264
0.589744 , 0.846154 , -0.374340
0.589744 , 0.871795 , -0.432929
0.589744 , 0.897436 , -0.479696
0.589744 , 0.923077 , -0.517108
0.589744 , 0.948718 , -0.543149
0.589744 , 0.974359 , -0.558586
0.589744 , 1.000000 , -0.563801
0.615385 , 0.000000 , 3.072279
0.615385 , 0.025641 , 3.066670
0.615385 , 0.051282 , 3.049327
0.615385 , 0.076923 , 3.019381
0.615385 , 0.102564 , 2.978116
0.615385 , 0.128205 , 2.926132
0.615385 , 0.153846 , 2.863570
0.615385 , 0.179487 , 2.789626
0.615385 , 0.205128 , 2.704254
0.615385 , 0.230769 , 2.610369
0.615385 , 0.256410 , 2.505784
0.615385 , 0.282051 , 2.389907
0.615385 , 0.307692 , 2.266403
0.615385 , 0.333333 , 2.134266
0.615385 , 0.358974 , 1.993958
0.615385 , 0.384615 , 1.846609
0.615385 , 0.410256 , 1.694339
0.615385 , 0.435897 , 1.537149
0.615385 , 0.461538 , 1.376770
0.615385 , 0.487179 , 1.215597
0.615385 , 0.512821 , 1.054547
0.615385 , 0.538462 , 0.893589
0.615385 , 0.564103 , 0.734755
0.615385 , 0.589744 , 0.579248
0.615385 , 0.615385 , 0.428195
0.615385 , 0.641026 , 0.283482
0.615385 , 0.666667 , 0.145087
0.615385 , 0.692308 , 0.014828
0.615385 , 0.717949 , -0.107520
0.615385 , 0.743590 , -0.221167
0.615385 , 0.769231 , -0.325753
0.615385 , 0.794872 , -0.419839
0.615385 , 0.820513 , -0.504292
0.615385 , 0.846154 , -0.577047
0.615385 , 0.871795 , -0.639586
0.615385 , 0.897436 , -0.689103
0.615385 , 0.923077 , -0.728175
0.615385 , 0.948718 , -0.756601
0.615385 , 0.974359 , -0.772676
0.615385 , 1.000000 , -0.777916
0.641026 , 0.000000 , 3.150298
0.641026 , 0.025641 , 3.143952
0.641026 , 0.051282 , 3.125201
0.641026 , 0.076923 , 3.094379
0.641026 , 0.102564 , 3.051308
0.641026 , 0.128205 , 2.996460
0.641026 , 0.153846 , 2.930877
0.641026 , 0.179487 , 2.853201
0.641026 , 0.205128 , 2.762304
0.641026 , 0.230769 , 2.660964
0.641026 , 0.256410 , 2.548554
0.641026 , 0.282051 , 2.424605
0.641026 , 0.307692 , 2.290500
0.641026 , 0.333333 , 2.146523
0.641026 , 0.358974 , 1.993866
0.641026 , 0.384615 , 1.834336
0.641026 , 0.410256 , 1.668247
0.641026 , 0.435897 , 1.495978
0.641026 , 0.461538 , 1.320556
0.641026 , 0.487179 , 1.144118
0.641026 , 0.512821 , 0.968090
0.641026 , 0.538462 , 0.792865
0.641026 , 0.564103 , 0.619974
0.641026 , 0.589744 , 0.450912
0.641026 , 0.615385 , 0.286926
0.641026 , 0.641026 , 0.129701
0.641026 , 0.666667 , -0.019767
0.641026 , 0.692308 , -0.160115
0.641026 , 0.717949 , -0.291038
0.641026 , 0.743590 , -0.411600
0.641026 , 0.769231 , -0.522566
0.641026 , 0.794872 , -0.622211
0.641026 , 0.820513 , -0.710702
0.641026 , 0.846154 , -0.786646
0.641026 , 0.871795 , -0.852113
0.641026 , 0.897436 , -0.905133
0.641026 , 0.923077 , -0.945371
0.641026 , 0.948718 , -0.975901
0.641026 , 0.974359 , -0.993163
0.641026 , 1.000000 , -0.998454
0.666667 , 0.000000 , 3.243793
0.666667 , 0.025641 , 3.237290
0.666667 , 0.051282 , 3.217959
0.666667 , 0.076923 , 3.186346
0.666667 , 0.102564 , 3.141750
0.666667 , 0.128205 , 3.084495
0.666667 , 0.153846 , 3.015735
0.666667 , 0.179487 , 2.933887
0.666667 , 0.205128 , 2.837900
0.666667 , 0.230769 , 2.729725
0.666667 , 0.256410 , 2.608952
0.666667 , 0.282051 , 2.475610
0.666667 , 0.307692 , 2.330084
0.666667 , 0.333333 , 2.174367
0.666667 , 0.358974 , 2.007994
0.666667 , 0.384615 , 1.834108
0.666667 , 0.410256 , 1.653610
0.666667 , 0.435897 , 1.465343
0.666667 , 0.461538 , 1.272848
0.666667 , 0.487179 , 1.079664
0.666667 , 0.512821 , 0.886142
0.666667 , 0.538462 , 0.693470
0.666667 , 0.564103 , 0.504099
0.666667 , 0.589744 , 0.320061
0.666667 , 0.615385 , 0.142174
0.666667 , 0.641026 , -0.028004
0.666667 , 0.666667 , -0.189699
0.666667 , 0.692308 , -0.341126
0.666667 , 0.717949 , -0.482020
0.666667 , 0.743590 , -0.610922
0.666667 , 0.769231 , -0.728730
0.666667 , 0.794872 , -0.833602
0.666667 , 0.820513 , -0.925459
0.666667 , 0.846154 , -1.005064
0.666667 , 0.871795 , -1.073198
0.666667 , 0.897436 , -1.127922
0.666667 , 0.923077 , -1.170032
0.666667 , 0.948718 , -1.201474
0.666667 , 0.974359 , -1.220451
0.666667 , 1.000000 , -1.226072
0.692308 , 0.000000 , 3.354230
0.692308 , 0.025641 , 3.348018
0.692308 , 0.051282 , 3.328222
0.692308 , 0.076923 , 3.296330
0.692308 , 0.102564 , 3.250687
0.692308 , 0.128205 , 3.191566
0.692308 , 0.153846 , 3.119485
0.692308 , 0.179487 , 3.033391
0.692308 , 0.205128 , 2.932461
0.692308 , 0.230769 , 2.817741
0.692308 , 0.256410 , 2.688902
0.692308 , 0.282051 , 2.545789
0.692308 , 0.307692 , 2.388177
0.692308 , 0.333333 , 2.218953
0.692308 , 0.358974 , 2.038655
0.692308 , 0.384615 , 1.848094
0.692308 , 0.410256 , 1.649481
0.692308 , 0.435897 , 1.444125
0.692308 , 0.461538 , 1.233638
0.692308 , 0.487179 , 1.021290
0.692308 , 0.512821 , 0.807662
0.692308 , 0.538462 , 0.595393
0.692308 , 0.564103 , 0.387800
0.692308 , 0.589744 , 0.186827
0.692308 , 0.615385 , -0.006825
0.692308 , 0.641026 , -0.191553
0.692308 , 0.666667 , -0.366727
0.692308 , 0.692308 , -0.530517
0.692308 , 0.717949 , -0.682162
0.692308 , 0.743590 , -0.819748
0.692308 , 0.769231 , -0.944143
0.692308 , 0.794872 , -1.054665
0.692308 , 0.820513 , -1.150540
0.692308 , 0.846154 , -1.232628
0.692308 , 0.871795 , -1.303255
0.692308 , 0.897436 , -1.359661
0.692308 , 0.923077 , -1.403290
0.692308 , 0.948718 , -1.435106
0.692308 , 0.974359 , -1.454724
0.692308 , 1.000000 , -1.461215
0.717949 , 0.000000 , 3.482776
0.717949 , 0.025641 , 3.476754
0.717949 , 0.051282 , 3.456896
0.717949 , 0.076923 , 3.424845
0.717949 , 0.102564 , 3.378889
0.717949 , 0.128205 , 3.318671
0.717949 , 0.153846 , 3.243805
0.717949 , 0.179487 , 3.154213
0.717949 , 0.205128 , 3.048908
0.717949 , 0.230769 , 2.927491
0.717949 , 0.256410 , 2.789825
0.717949 , 0.282051 , 2.636284
0.717949 , 0.307692 , 2.466335
0.717949 , 0.333333 , 2.282130
0.717949 , 0.358974 , 2.085770
0.717949 , 0.384615 , 1.877192
0.717949 , 0.410256 , 1.658467
0.717949 , 0.435897 , 1.432797
0.717949 , 0.461538 , 1.201885
0.717949 , 0.487179 , 0.968274
0.717949 , 0.512821 , 0.733476
0.717949 , 0.538462 , 0.500015
0.717949 , 0.564103 , 0.271645
0.717949 , 0.589744 , 0.050571
0.717949 , 0.615385 , -0.161257
0.717949 , 0.641026 , -0.362329
0.717949 , 0.666667 , -0.551479
0.717949 , 0.692308 , -0.728311
0.717949 , 0.717949 , -0.890774
0.717949 , 0.743590 , -1.038530
0.717949 , 0.769231 , -1.170754
0.717949 , 0.794872 , -1.286391
0.717949 , 0.820513 , -1.386898
0.717949 , 0.846154 , -1.472002
0.717949 , 0.871795 , -1.543125
0.717949 , 0.897436 , -1.600873
0.717949 , 0.923077 , -1.645016
0.717949 , 0.948718 , -1.677036
0.717949 , 0.974359 , -1.697168
0.717949 , 1.000000 , -1.703726
0.743590 , 0.000000 , 3.628650
0.743590 , 0.025641 , 3.622964
0.743590 , 0.051282 , 3.604250
0.743590 , 0.076923 , 3.572175
0.743590 , 0.102564 , 3.526383
0.743590 , 0.128205 , 3.465838
0.743590 , 0.153846 , 3.389865
0.743590 , 0.179487 , 3.297966
0.743590 , 0.205128 , 3.188157
0.743590 , 0.230769 , 3.059485
0.743590 , 0.256410 , 2.912807
0.743590 , 0.282051 , 2.748622
0.743590 , 0.307692 , 2.565639
0.743590 , 0.333333 , 2.366452
0.743590 , 0.358974 , 2.151991
0.743590 , 0.384615 , 1.923765
0.743590 , 0.410256 , 1.683142
0.743590 , 0.435897 , 1.434414
0.743590 , 0.461538 , 1.180112
0.743590 , 0.487179 , 0.921883
0.743590 , 0.512821 , 0.663235
0.743590 , 0.538462 , 0.406645
0.743590 , 0.564103 , 0.154325
0.743590 , 0.589744 , -0.089678
0.743590 , 0.615385 , -0.322354
0.743590 , 0.641026 , -0.541816
0.743590 , 0.666667 , -0.747298
0.743590 , 0.692308 , -0.938360
0.743590 , 0.717949 , -1.112607
0.743590 , 0.743590 , -1.269457
0.743590 , 0.769231 , -1.410190
0.743590 , 0.794872 , -1.531462
0.743590 , 0.820513 , -1.634819
0.743590 , 0.846154 , -1.722612
0.743590 , 0.871795 , -1.794181
0.743590 , 0.897436 , -1.852051
0.743590 , 0.923077 , -1.896352
0.743590 , 0.948718 , -1.927832
0.743590 , 0.974359 , -1.947310
0.743590 , 1.000000 , -1.954105
0.769231 , 0.000000 , 3.793472
0.769231 , 0.025641 , 3.787446
0.769231 , 0.051282 , 3.769711
0.769231 , 0.076923 , 3.739454
0.769231 , 0.102564 , 3.694817
0.769231 , 0.128205 , 3.634778
0.769231 , 0.153846 , 3.558680
0.769231 , 0.179487 , 3.464831
0.769231 , 0.205128 , 3.351585
0.769231 , 0.230769 , 3.216727
0.769231 , 0.256410 , 3.060965
0.769231 , 0.282051 , 2.885908
0.769231 , 0.307692 , 2.689854
0.769231 , 0.333333 , 2.473599
0.769231 , 0.358974 , 2.239011
0.769231 , 0.384615 , 1.988792
0.769231 , 0.410256 , 1.724518
0.769231 , 0.435897 , 1.450406
0.769231 , 0.461538 , 1.169247
0.769231 , 0.487179 , 0.883711
0.769231 , 0.512821 , 0.597523
0.769231 , 0.538462 , 0.313399
0.769231 , 0.564103 , 0.034268
0.769231 , 0.589744 , -0.235805
0.769231 , 0.615385 , -0.492163
0.769231 , 0.641026 , -0.732919
0.769231 , 0.666667 , -0.955995
0.769231 , 0.692308 , -1.162139
0.769231 , 0.717949 , -1.350121
0.769231 , 0.743590 , -1.517414
0.769231 , 0.769231 , -1.665462
0.769231 , 0.794872 , -1.792089
0.769231 , 0.820513 , -1.897548
0.769231 , 0.846154 , -1.986057
0.769231 , 0.871795 , -2.058093
0.769231 , 0.897436 , -2.114702
0.769231 , 0.923077 , -2.157692
0.769231 , 0.948718 , -2.187230
0.769231 , 0.974359 , -2.205069
0.769231 , 1.000000 , -2.210312
0.794872 , 0.000000 , 3.974882
0.794872 , 0.025641 , 3.969631
0.794872 , 0.051282 , 3.953391
0.794872 , 0.076923 , 3.925459
0.794872 , 0.102564 , 3.884055
0.794872 , 0.128205 , 3.826490
0.794872 , 0.153846 , 3.751265
0.794872 , 0.179487 , 3.657861
0.794872 , 0.205128 , 3.542619
0.794872 , 0.230769 , 3.401893
0.794872 , 0.256410 , 3.236905
0.794872 , 0.282051 , 3.049637
0.794872 , 0.307692 , 2.840102
0.794872 , 0.333333 , 2.606875
0.794872 , 0.358974 , 2.350022
0.794872 , 0.384615 , 2.074565
0.794872 , 0.410256 , 1.783989
0.794872 , 0.435897 , 1.481144
0.794872 , 0.461538 , 1.169581
0.794872 , 0.487179 , 0.852817
0.794872 , 0.512821 , 0.535245
0.794872 , 0.538462 , 0.220126
0.794872 , 0.564103 , -0.088874
0.794872 , 0.589744 , -0.387244
0.794872 , 0.615385 , -0.669938
0.794872 , 0.641026 , -0.935249
0.794872 , 0.666667 , -1.180075
0.794872 , 0.692308 , -1.403975
0.794872 , 0.717949 , -1.606165
0.794872 , 0.743590 , -1.783571
0.794872 , 0.769231 , -1.938149
0.794872 , 0.794872 , -2.069561
0.794872 , 0.820513 , -2.177323
0.794872 , 0.846154 , -2.265583
0.794872 , 0.871795 , -2.336818
0.794872 , 0.897436 , -2.390858
0.794872 , 0.923077 , -2.430177
0.794872 , 0.948718 , -2.455797
0.794872 , 0.974359 , -2.471461
0.794872 , 1.000000 , -2.475671
0.820513 , 0.000000 , 4.172034
0.820513 , 0.025641 , 4.168038
0.820513 , 0.051282 , 4.154737
0.820513 , 0.076923 , 4.130812
0.820513 , 0.102564 , 4.094371
0.820513 , 0.128205 , 4.042386
0.820513 , 0.153846 , 3.970439
0.820513 , 0.179487 , 3.878340
0.820513 , 0.205128 , 3.762152
0.820513 , 0.230769 , 3.618221
0.820513 , 0.256410 , 3.445103
0.820513 , 0.282051 , 3.245352
0.820513 , 0.307692 , 3.019289
0.820513 , 0.333333 , 2.765923
0.820513 , 0.358974 , 2.485806
0.820513 , 0.384615 , 2.183136
0.820513 , 0.410256 , 1.863896
0.820513 , 0.435897 , 1.528577
0.820513 , 0.461538 , 1.182536
0.820513 , 0.487179 , 0.830140
0.820513 , 0.512821 , 0.476903
0.820513 , 0.538462 , 0.126546
0.820513 , 0.564103 , -0.215658
0.820513 , 0.589744 , -0.546281
0.820513 , 0.615385 , -0.859682
0.820513 , 0.641026 , -1.152202
0.820513 , 0.666667 , -1.421389
0.820513 , 0.692308 , -1.665255
0.820513 , 0.717949 , -1.882486
0.820513 , 0.743590 , -2.071590
0.820513 , 0.769231 , -2.232771
0.820513 , 0.794872 , -2.367489
0.820513 , 0.820513 , -2.476419
0.820513 , 0.846154 , -2.561792
0.820513 , 0.871795 , -2.628801
0.820513 , 0.897436 , -2.678257
0.820513 , 0.923077 , -2.712087
0.820513 , 0.948718 , -2.733503
0.820513 , 0.974359 , -2.745708
0.820513 , 1.000000 , -2.749127
0.846154 , 0.000000 , 4.382672
0.846154 , 0.025641 , 4.380259
0.846154 , 0.051282 , 4.372297
0.846154 , 0.076923 , 4.355285
0.846154 , 0.102564 , 4.327126
0.846154 , 0.128205 , 4.282647
0.846154 , 0.153846 , 4.218163
0.846154 , 0.179487 , 4.128776
0.846154 , 0.205128 , 4.012784
0.846154 , 0.230769 , 3.865675
0.846154 , 0.256410 , 3.686909
0.846154 , 0.282051 , 3.475987
0.846154 , 0.307692 , 3.232316
0.846154 , 0.333333 , 2.956245
0.846154 , 0.358974 , 2.650351
0.846154 , 0.384615 , 2.317785
0.846154 , 0.410256 , 1.964798
0.846154 , 0.435897 , 1.592892
0.846154 , 0.461538 , 1.207745
0.846154 , 0.487179 , 0.815403
0.846154 , 0.512821 , 0.421619
0.846154 , 0.538462 , 0.031130
0.846154 , 0.564103 , -0.349779
0.846154 , 0.589744 , -0.716415
0.846154 , 0.615385 , -1.064958
0.846154 , 0.641026 , -1.388498
0.846154 , 0.666667 , -1.683944
0.846154 , 0.692308 , -1.949269
0.846154 , 0.717949 , -2.182498
0.846154 , 0.743590 , -2.383453
0.846154 , 0.769231 , -2.551630
0.846154 , 0.794872 , -2.688906
0.846154 , 0.820513 , -2.797191
0.846154 , 0.846154 , -2.878202
0.846154 , 0.871795 , -2.937289
0.846154 , 0.897436 , -2.978391
0.846154 , 0.923077 , -3.003583
0.846154 , 0.948718 , -3.018228
0.846154 , 0.974359 , -3.025535
0.846154 , 1.000000 , -3.027484
0.871795 , 0.000000 , 4.604094
0.871795 , 0.025641 , 4.604418
0.871795 , 0.051282 , 4.604022
0.871795 , 0.076923 , 4.598062
0.871795 , 0.102564 , 4.581106
0.871795 , 0.128205 , 4.548695
0.871795 , 0.153846 , 4.494372
0.871795 , 0.179487 , 4.412767
0.871795 , 0.205128 , 4.300329
0.871795 , 0.230769 , 4.152501
0.871795 , 0.256410 , 3.966767
0.871795 , 0.282051 , 3.744639
0.871795 , 0.307692 , 3.483785
0.871795 , 0.333333 , 3.184006
0.871795 , 0.358974 , 2.848891
0.871795 , 0.384615 , 2.482221
0.871795 , 0.410256 , 2.090954
0.871795 , 0.435897 , 1.677323
0.871795 , 0.461538 , 1.247987
0.871795 , 0.487179 , 0.809493
0.871795 , 0.512821 , 0.369310
0.871795 , 0.538462 , -0.066920
0.871795 , 0.564103 , -0.492572
0.871795 , 0.589744 , -0.901251
0.871795 , 0.615385 , -1.288369
0.871795 , 0.641026 , -1.646969
0.871795 , 0.666667 , -1.971971
0.871795 , 0.692308 , -2.261309
0.871795 , 0.717949 , -2.512247
0.871795 , 0.743590 , -2.725283
0.871795 , 0.769231 , -2.899434
0.871795 , 0.794872 , -3.036860
0.871795 , 0.820513 , -3.140588
0.871795 , 0.846154 , -3.214163
0.871795 , 0.871795 , -3.262144
0.871795 , 0.897436 , -3.290100
0.871795 , 0.923077 , -3.303476
0.871795 , 0.948718 , -3.307123
0.871795 , 0.974359 , -3.307308
0.871795 , 1.000000 , -3.307251
0.897436 , 0.000000 , 4.832172
0.897436 , 0.025641 , 4.835972
0.897436 , 0.051282 , 4.846077
0.897436 , 0.076923 , 4.855892
0.897436 , 0.102564 , 4.857571
0.897436 , 0.128205 , 4.842507
0.897436 , 0.153846 , 4.804458
0.897436 , 0.179487 , 4.735461
0.897436 , 0.205128 , 4.630365
0.897436 , 0.230769 , 4.484149
0.897436 , 0.256410 , 4.292781
0.897436 , 0.282051 , 4.057940
0.897436 , 0.307692 , 3.777714
0.897436 , 0.333333 , 3.452172
0.897436 , 0.358974 , 3.085524
0.897436 , 0.384615 , 2.680559
0.897436 , 0.410256 , 2.244365
0.897436 , 0.435897 , 1.783101
0.897436 , 0.461538 , 1.303580
0.897436 , 0.487179 , 0.812478
0.897436 , 0.512821 , 0.317937
0.897436 , 0.538462 , -0.170838
0.897436 , 0.564103 , -0.647280
0.897436 , 0.589744 , -1.104159
0.897436 , 0.615385 , -1.534658
0.897436 , 0.641026 , -1.932128
0.897436 , 0.666667 , -2.289717
0.897436 , 0.692308 , -2.605194
0.897436 , 0.717949 , -2.876374
0.897436 , 0.743590 , -3.101805
0.897436 , 0.769231 , -3.281090
0.897436 , 0.794872 , -3.416543
0.897436 , 0.820513 , -3.512739
0.897436 , 0.846154 , -3.573794
0.897436 , 0.871795 , -3.605411
0.897436 , 0.897436 , -3.614241
0.897436 , 0.923077 , -3.609182
0.897436 , 0.948718 , -3.597291
0.897436 , 0.974359 , -3.586405
0.897436 , 1.000000 , -3.582077
0.923077 , 0.000000 , 5.057414
0.923077 , 0.025641 , 5.067785
0.923077 , 0.051282 , 5.094521
0.923077 , 0.076923 , 5.127710
0.923077 , 0.102564 , 5.155775
0.923077 , 0.128205 , 5.167628
0.923077 , 0.153846 , 5.152622
0.923077 , 0.179487 , 5.101763
0.923077 , 0.205128 , 5.008415
0.923077 , 0.230769 , 4.866952
0.923077 , 0.256410 , 4.672274
0.923077 , 0.282051 , 4.424473
0.923077 , 0.307692 , 4.122798
0.923077 , 0.333333 , 3.767910
0.923077 , 0.358974 , 3.364500
0.923077 , 0.384615 , 2.916660
0.923077 , 0.410256 , 2.430453
0.923077 , 0.435897 , 1.914736
0.923077 , 0.461538 , 1.376394
0.923077 , 0.487179 , 0.824600
0.923077 , 0.512821 , 0.268152
0.923077 , 0.538462 , -0.281998
0.923077 , 0.564103 , -0.817283
0.923077 , 0.589744 , -1.328531
0.923077 , 0.615385 , -1.809004
0.923077 , 0.641026 , -2.250037
0.923077 , 0.666667 , -2.644692
0.923077 , 0.692308 , -2.989788
0.923077 , 0.717949 , -3.281597
0.923077 , 0.743590 , -3.519339
0.923077 , 0.769231 , -3.702197
0.923077 , 0.794872 , -3.833599
0.923077 , 0.820513 , -3.918118
0.923077 , 0.846154 , -3.960778
0.923077 , 0.871795 , -3.967841
0.923077 , 0.897436 , -3.950026
0.923077 , 0.923077 , -3.917646
0.923077 , 0.948718 , -3.882068
0.923077 , 0.974359 , -3.854857
0.923077 , 1.000000 , -3.844373
0.948718 , 0.000000 , 5.268758
0.948718 , 0.025641 , 5.288963
0.948718 , 0.051282 , 5.341382
0.948718 , 0.076923 , 5.409389
0.948718 , 0.102564 , 5.475930
0.948718 , 0.128205 , 5.524702
0.948718 , 0.153846 , 5.542421
0.948718 , 0.179487 , 5.517490
0.948718 , 0.205128 , 5.441482
0.948718 , 0.230769 , 5.307866
0.948718 , 0.256410 , 5.111963
0.948718 , 0.282051 , 4.852097
0.948718 , 0.307692 , 4.528000
0.948718 , 0.333333 , 4.140737
0.948718 , 0.358974 , 3.695146
0.948718 , 0.384615 , 3.197625
0.948718 , 0.410256 , 2.654529
0.948718 , 0.435897 , 2.074858
0.948718 , 0.461538 , 1.468536
0.948718 , 0.487179 , 0.846350
0.948718 , 0.512821 , 0.218805
0.948718 , 0.538462 , -0.401839
0.948718 , 0.564103 , -1.004650
0.948718 , 0.589744 , -1.579044
0.948718 , 0.615385 , -2.116019
0.948718 , 0.641026 , -2.607314
0.948718 , 0.666667 , -3.044595
0.948718 , 0.692308 , -3.422856
0.948718 , 0.717949 , -3.737855
0.948718 , 0.743590 , -3.987673
0.948718 , 0.769231 , -4.172669
0.948718 , 0.794872 , -4.295933
0.948718 , 0.820513 , -4.362030
0.948718 , 0.846154 , -4.377947
0.948718 , 0.871795 , -4.352416
0.948718 , 0.897436 , -4.297671
0.948718 , 0.923077 , -4.226731
0.948718 , 0.948718 , -4.155594
0.948718 , 0.974359 , -4.102156
0.948718 , 1.000000 , -4.081861
0.974359 , 0.000000 , 5.446188
0.974359 , 0.025641 , 5.484087
0.974359 , 0.051282 , 5.578089
0.974359 , 0.076923 , 5.698508
0.974359 , 0.102564 , 5.818990
0.974359 , 0.128205 , 5.918388
0.974359 , 0.153846 , 5.979705
0.974359 , 0.179487 , 5.990123
0.974359 , 0.205128 , 5.939030
0.974359 , 0.230769 , 5.818133
0.974359 , 0.256410 , 5.622747
0.974359 , 0.282051 , 5.350604
0.974359 , 0.307692 , 5.001131
0.974359 , 0.333333 , 4.577108
0.974359 , 0.358974 , 4.084127
0.974359 , 0.384615 , 3.529624
0.974359 , 0.410256 , 2.920297
0.974359 , 0.435897 , 2.267454
0.974359 , 0.461538 , 1.583073
0.974359 , 0.487179 , 0.879551
0.974359 , 0.512821 , 0.169988
0.974359 , 0.538462 , -0.531972
0.974359 , 0.564103 , -1.213369
0.974359 , 0.589744 , -1.860732
0.974359 , 0.615385 , -2.463631
0.974359 , 0.641026 , -3.011993
0.974359 , 0.666667 , -3.496930
0.974359 , 0.692308 , -3.912166
0.974359 , 0.717949 , -4.252544
0.974359 , 0.743590 , -4.515117
0.974359 , 0.769231 , -4.700321
0.974359 , 0.794872 , -4.810371
0.974359 , 0.820513 , -4.852470
0.974359 , 0.846154 , -4.832490
0.974359 , 0.871795 , -4.763221
0.974359 , 0.897436 , -4.658284
0.974359 , 0.923077 , -4.533270
0.974359 , 0.948718 , -4.409229
0.974359 , 0.974359 , -4.313340
0.974359 , 1.000000 , -4.274764
1.000000 , 0.000000 , 5.554166
1.000000 , 0.025641 , 5.629254
1.000000 , 0.051282 , 5.794722
1.000000 , 0.076923 , 5.992817
1.000000 , 0.102564 , 6.188480
1.000000 , 0.128205 , 6.355584
1.000000 , 0.153846 , 6.474491
1.000000 , 0.179487 , 6.530877
1.000000 , 0.205128 , 6.512159
1.000000 , 0.230769 , 6.409171
1.000000 , 0.256410 , 6.216030
1.000000 , 0.282051 , 5.931862
1.000000 , 0.307692 , 5.555269
1.000000 , 0.333333 , 5.090118
1.000000 , 0.358974 , 4.542622
1.000000 , 0.384615 , 3.921472
1.000000 , 0.410256 , 3.235670
1.000000 , 0.435897 , 2.497946
1.000000 , 0.461538 , 1.722369
1.000000 , 0.487179 , 0.924130
1.000000 , 0.512821 , 0.119321
1.000000 , 0.538462 , -0.676617
1.000000 , 0.564103 , -1.448701
1.000000 , 0.589744 , -2.181328
1.000000 , 0.615385 , -2.860811
1.000000 , 0.641026 , -3.475696
1.000000 , 0.666667 , -4.014986
1.000000 , 0.692308 , -4.471288
1.000000 , 0.717949 , -4.838660
1.000000 , 0.743590 , -5.114004
1.000000 , 0.769231 , -5.296712
1.000000 , 0.794872 , -5.389062
1.000000 , 0.820513 , -5.398310
1.000000 , 0.846154 , -5.333371
1.000000 , 0.871795 , -5.206038
1.000000 , 0.897436 , -5.032920
1.000000 , 0.923077 , -4.833083
1.000000 , 0.948718 , -4.631530
1.000000 , 0.974359 , -4.463672
1.000000 , 1.000000 , -4.387349
