0.000000 , 0.000000 , -3.236067
0.000000 , 0.025641 , -3.236067
0.000000 , 0.051282 , -3.236067
0.000000 , 0.076923 , -3.236067
0.000000 , 0.102564 , -3.236067
0.000000 , 0.128205 , -3.236067
0.000000 , 0.153846 , -3.236067
0.000000 , 0.179487 , -3.236067
0.000000 , 0.205128 , -3.236067
0.000000 , 0.230769 , -3.236067
0.000000 , 0.256410 , -3.236067
0.000000 , 0.282051 , -3.236067
0.000000 , 0.307692 , -3.236067
0.000000 , 0.333333 , -3.236067
0.000000 , 0.358974 , -3.236067
0.000000 , 0.384615 , -3.236067
0.000000 , 0.410256 , -3.236067
0.000000 , 0.435897 , -3.236067
0.000000 , 0.461538 , -3.236067
0.000000 , 0.487179 , -3.236067
0.000000 , 0.512821 , -3.236067
0.000000 , 0.538462 , -3.236067
0.000000 , 0.564103 , -3.236067
0.000000 , 0.589744 , -3.236067
0.000000 , 0.615385 , -3.236067
0.000000 , 0.641026 , -3.236067
0.000000 , 0.666667 , -3.236067
0.000000 , 0.692308 , -3.236067
0.000000 , 0.717949 , -3.236067
0.000000 , 0.743590 , -3.236067
0.000000 , 0.769231 , -3.236067
0.000000 , 0.794872 , -3.236067
0.000000 , 0.820513 , -3.236067
0.000000 , 0.846154 , -3.236067
0.000000 , 0.871795 , -3.236067
0.000000 , 0.897436 , -3.236067
0.000000 , 0.923077 , -3.236067
0.000000 , 0.948718 , -3.236067
0.000000 , 0.974359 , -3.236067
0.000000 , 1.000000 , -3.236067
0.025641 , 0.000000 , -3.111111
0.025641 , 0.025641 , -3.111004
0.025641 , 0.051282 , -3.111328
0.025641 , 0.076923 , -3.110927
0.025641 , 0.102564 , -3.111180
0.025641 , 0.128205 , -3.112586
0.025641 , 0.153846 , -3.114237
0.025641 , 0.179487 , -3.116142
0.025641 , 0.205128 , -3.118412
0.025641 , 0.230769 , -3.121156
0.025641 , 0.256410 , -3.124255
0.025641 , 0.282051 , -3.128600
0.025641 , 0.307692 , -3.133511
0.025641 , 0.333333 , -3.138852
0.025641 , 0.358974 , -3.143762
0.025641 , 0.384615 , -3.148299
0.025641 , 0.410256 , -3.153681
0.025641 , 0.435897 , -3.159849
0.025641 , 0.461538 , -3.166332
0.025641 , 0.487179 , -3.172733
0.025641 , 0.512821 , -3.178206
0.025641 , 0.538462 , -3.183820
0.025641 , 0.564103 , -3.190266
0.025641 , 0.589744 , -3.195175
0.025641 , 0.615385 , -3.200682
0.025641 , 0.641026 , -3.205290
0.025641 , 0.666667 , -3.210161
0.025641 , 0.692308 , -3.214329
0.025641 , 0.717949 , -3.218273
0.025641 , 0.743590 , -3.222326
0.025641 , 0.769231 , -3.225523
0.025641 , 0.794872 , -3.228340
0.025641 , 0.820513 , -3.231274
0.025641 , 0.846154 , -3.233922
0.025641 , 0.871795 , -3.236283
0.025641 , 0.897436 , -3.237735
0.025641 , 0.923077 , -3.239173
0.025641 , 0.948718 , -3.240457
0.025641 , 0.974359 , -3.241140
0.025641 , 1.000000 , -3.241072
0.051282 , 0.000000 , -2.977893
0.051282 , 0.025641 , -2.978311
0.051282 , 0.051282 , -2.978510
0.051282 , 0.076923 , -2.978724
0.051282 , 0.102564 , -2.979592
0.051282 , 0.128205 , -2.982312
0.051282 , 0.153846 , -2.985851
0.051282 , 0.179487 , -2.989289
0.051282 , 0.205128 , -2.994255
0.051282 , 0.230769 , -3.000164
0.051282 , 0.256410 , -3.006484
0.051282 , 0.282051 , -3.014318
0.051282 , 0.307692 , -3.023777
0.051282 , 0.333333 , -3.034229
0.051282 , 0.358974 , -3.044682
0.051282 , 0.384615 , -3.054091
0.051282 , 0.410256 , -3.065258
0.051282 , 0.435897 , -3.077234
0.051282 , 0.461538 , -3.089260
0.051282 , 0.487179 , -3.101042
0.051282 , 0.512821 , -3.112718
0.051282 , 0.538462 , -3.123976
0.051282 , 0.564103 , -3.135701
0.051282 , 0.589744 , -3.146913
0.051282 , 0.615385 , -3.156896
0.051282 , 0.641026 , -3.166728
0.051282 , 0.666667 , -3.175814
0.051282 , 0.692308 , -3.184710
0.051282 , 0.717949 , -3.193058
0.051282 , 0.743590 , -3.200489
0.051282 , 0.769231 , -3.207041
0.051282 , 0.794872 , -3.212848
0.051282 , 0.820513 , -3.218571
0.051282 , 0.846154 , -3.223556
0.051282 , 0.871795 , -3.228021
0.051282 , 0.897436 , -3.231514
0.051282 , 0.923077 , -3.233734
0.051282 , 0.948718 , -3.235595
0.051282 , 0.974359 , -3.236675
0.051282 , 1.000000 , -3.237633
0.076923 , 0.000000 , -2.839941
0.076923 , 0.025641 , -2.840450
0.076923 , 0.051282 , -2.841057
0.076923 , 0.076923 , -2.841619
0.076923 , 0.102564 , -2.842956
0.076923 , 0.128205 , -2.846014
0.076923 , 0.153846 , -2.850657
0.076923 , 0.179487 , -2.856536
0.076923 , 0.205128 , -2.864614
0.076923 , 0.230769 , -2.874177
0.076923 , 0.256410 , -2.883409
0.076923 , 0.282051 , -2.894816
0.076923 , 0.307692 , -2.908674
0.076923 , 0.333333 , -2.923005
0.076923 , 0.358974 , -2.938624
0.076923 , 0.384615 , -2.953487
0.076923 , 0.410256 , -2.969984
0.076923 , 0.435897 , -2.988204
0.076923 , 0.461538 , -3.006442
0.076923 , 0.487179 , -3.023947
0.076923 , 0.512821 , -3.041412
0.076923 , 0.538462 , -3.058340
0.076923 , 0.564103 , -3.075094
0.076923 , 0.589744 , -3.091190
0.076923 , 0.615385 , -3.106381
0.076923 , 0.641026 , -3.120944
0.076923 , 0.666667 , -3.134765
0.076923 , 0.692308 , -3.147950
0.076923 , 0.717949 , -3.160134
0.076923 , 0.743590 , -3.170926
0.076923 , 0.769231 , -3.181146
0.076923 , 0.794872 , -3.189835
0.076923 , 0.820513 , -3.198314
0.076923 , 0.846154 , -3.205952
0.076923 , 0.871795 , -3.212641
0.076923 , 0.897436 , -3.217423
0.076923 , 0.923077 , -3.220477
0.076923 , 0.948718 , -3.222690
0.076923 , 0.974359 , -3.224188
0.076923 , 1.000000 , -3.225489
0.102564 , 0.000000 , -2.697576
0.102564 , 0.025641 , -2.698047
0.102564 , 0.051282 , -2.698598
0.102564 , 0.076923 , -2.699697
0.102564 , 0.102564 , -2.702126
0.102564 , 0.128205 , -2.705686
0.102564 , 0.153846 , -2.710832
0.102564 , 0.179487 , -2.718884
0.102564 , 0.205128 , -2.729322
0.102564 , 0.230769 , -2.742038
0.102564 , 0.256410 , -2.754803
0.102564 , 0.282051 , -2.769829
0.102564 , 0.307692 , -2.788580
0.102564 , 0.333333 , -2.807564
0.102564 , 0.358974 , -2.826713
0.102564 , 0.384615 , -2.847473
0.102564 , 0.410256 , -2.869628
0.102564 , 0.435897 , -2.892625
0.102564 , 0.461538 , -2.916494
0.102564 , 0.487179 , -2.939563
0.102564 , 0.512821 , -2.962531
0.102564 , 0.538462 , -2.985711
0.102564 , 0.564103 , -3.008677
0.102564 , 0.589744 , -3.029542
0.102564 , 0.615385 , -3.050610
0.102564 , 0.641026 , -3.070290
0.102564 , 0.666667 , -3.087981
0.102564 , 0.692308 , -3.105616
0.102564 , 0.717949 , -3.121310
0.102564 , 0.743590 , -3.135574
0.102564 , 0.769231 , -3.149257
0.102564 , 0.794872 , -3.161799
0.102564 , 0.820513 , -3.172828
0.102564 , 0.846154 , -3.182419
0.102564 , 0.871795 , -3.190523
0.102564 , 0.897436 , -3.197192
0.102564 , 0.923077 , -3.201037
0.102564 , 0.948718 , -3.204126
0.102564 , 0.974359 , -3.206055
0.102564 , 1.000000 , -3.207285
0.128205 , 0.000000 , -2.551505
0.128205 , 0.025641 , -2.551343
0.128205 , 0.051282 , -2.551689
0.128205 , 0.076923 , -2.552846
0.128205 , 0.102564 , -2.556362
0.128205 , 0.128205 , -2.561158
0.128205 , 0.153846 , -2.567261
0.128205 , 0.179487 , -2.576979
0.128205 , 0.205128 , -2.590321
0.128205 , 0.230769 , -2.605114
0.128205 , 0.256410 , -2.620716
0.128205 , 0.282051 , -2.639691
0.128205 , 0.307692 , -2.661699
0.128205 , 0.333333 , -2.686088
0.128205 , 0.358974 , -2.710632
0.128205 , 0.384615 , -2.736569
0.128205 , 0.410256 , -2.763967
0.128205 , 0.435897 , -2.791983
0.128205 , 0.461538 , -2.821102
0.128205 , 0.487179 , -2.850265
0.128205 , 0.512821 , -2.878623
0.128205 , 0.538462 , -2.907760
0.128205 , 0.564103 , -2.936176
0.128205 , 0.589744 , -2.962467
0.128205 , 0.615385 , -2.988437
0.128205 , 0.641026 , -3.013725
0.128205 , 0.666667 , -3.036767
0.128205 , 0.692308 , -3.058259
0.128205 , 0.717949 , -3.078462
0.128205 , 0.743590 , -3.096753
0.128205 , 0.769231 , -3.113137
0.128205 , 0.794872 , -3.128512
0.128205 , 0.820513 , -3.141915
0.128205 , 0.846154 , -3.153081
0.128205 , 0.871795 , -3.163151
0.128205 , 0.897436 , -3.171657
0.128205 , 0.923077 , -3.177194
0.128205 , 0.948718 , -3.180178
0.128205 , 0.974359 , -3.182435
0.128205 , 1.000000 , -3.183104
0.153846 , 0.000000 , -2.399534
0.153846 , 0.025641 , -2.399935
0.153846 , 0.051282 , -2.400539
0.153846 , 0.076923 , -2.402729
0.153846 , 0.102564 , -2.407316
0.153846 , 0.128205 , -2.413247
0.153846 , 0.153846 , -2.421066
0.153846 , 0.179487 , -2.432053
0.153846 , 0.205128 , -2.447136
0.153846 , 0.230769 , -2.464959
0.153846 , 0.256410 , -2.483391
0.153846 , 0.282051 , -2.505495
0.153846 , 0.307692 , -2.531226
0.153846 , 0.333333 , -2.559738
0.153846 , 0.358974 , -2.590112
0.153846 , 0.384615 , -2.621716
0.153846 , 0.410256 , -2.654477
0.153846 , 0.435897 , -2.687140
0.153846 , 0.461538 , -2.722135
0.153846 , 0.487179 , -2.756950
0.153846 , 0.512821 , -2.791099
0.153846 , 0.538462 , -2.825760
0.153846 , 0.564103 , -2.859397
0.153846 , 0.589744 , -2.891272
0.153846 , 0.615385 , -2.922454
0.153846 , 0.641026 , -2.952865
0.153846 , 0.666667 , -2.980522
0.153846 , 0.692308 , -3.006586
0.153846 , 0.717949 , -3.031456
0.153846 , 0.743590 , -3.053556
0.153846 , 0.769231 , -3.073123
0.153846 , 0.794872 , -3.090550
0.153846 , 0.820513 , -3.106681
0.153846 , 0.846154 , -3.119818
0.153846 , 0.871795 , -3.131530
0.153846 , 0.897436 , -3.140818
0.153846 , 0.923077 , -3.148186
0.153846 , 0.948718 , -3.152225
0.153846 , 0.974359 , -3.154084
0.153846 , 1.000000 , -3.154175
0.179487 , 0.000000 , -2.244288
0.179487 , 0.025641 , -2.244486
0.179487 , 0.051282 , -2.245808
0.179487 , 0.076923 , -2.249042
0.179487 , 0.102564 , -2.255157
0.179487 , 0.128205 , -2.263114
0.179487 , 0.153846 , -2.273220
0.179487 , 0.179487 , -2.286000
0.179487 , 0.205128 , -2.302223
0.179487 , 0.230769 , -2.321964
0.179487 , 0.256410 , -2.343621
0.179487 , 0.282051 , -2.369340
0.179487 , 0.307692 , -2.398969
0.179487 , 0.333333 , -2.431451
0.179487 , 0.358974 , -2.466133
0.179487 , 0.384615 , -2.503172
0.179487 , 0.410256 , -2.541812
0.179487 , 0.435897 , -2.580190
0.179487 , 0.461538 , -2.619851
0.179487 , 0.487179 , -2.660246
0.179487 , 0.512821 , -2.699468
0.179487 , 0.538462 , -2.739480
0.179487 , 0.564103 , -2.777980
0.179487 , 0.589744 , -2.816004
0.179487 , 0.615385 , -2.852658
0.179487 , 0.641026 , -2.887313
0.179487 , 0.666667 , -2.919877
0.179487 , 0.692308 , -2.950416
0.179487 , 0.717949 , -2.979083
0.179487 , 0.743590 , -3.005644
0.179487 , 0.769231 , -3.029472
0.179487 , 0.794872 , -3.049270
0.179487 , 0.820513 , -3.067569
0.179487 , 0.846154 , -3.083204
0.179487 , 0.871795 , -3.096878
0.179487 , 0.897436 , -3.107406
0.179487 , 0.923077 , -3.115610
0.179487 , 0.948718 , -3.120970
0.179487 , 0.974359 , -3.123134
0.179487 , 1.000000 , -3.123426
0.205128 , 0.000000 , -2.087819
0.205128 , 0.025641 , -2.087676
0.205128 , 0.051282 , -2.088949
0.205128 , 0.076923 , -2.093346
0.205128 , 0.102564 , -2.100391
0.205128 , 0.128205 , -2.110277
0.205128 , 0.153846 , -2.123065
0.205128 , 0.179487 , -2.137969
0.205128 , 0.205128 , -2.156191
0.205128 , 0.230769 , -2.177939
0.205128 , 0.256410 , -2.203183
0.205128 , 0.282051 , -2.232226
0.205128 , 0.307692 , -2.265496
0.205128 , 0.333333 , -2.301886
0.205128 , 0.358974 , -2.340683
0.205128 , 0.384615 , -2.382195
0.205128 , 0.410256 , -2.426201
0.205128 , 0.435897 , -2.470727
0.205128 , 0.461538 , -2.515288
0.205128 , 0.487179 , -2.560186
0.205128 , 0.512821 , -2.605374
0.205128 , 0.538462 , -2.650126
0.205128 , 0.564103 , -2.694151
0.205128 , 0.589744 , -2.737419
0.205128 , 0.615385 , -2.779780
0.205128 , 0.641026 , -2.819620
0.205128 , 0.666667 , -2.856906
0.205128 , 0.692308 , -2.892020
0.205128 , 0.717949 , -2.924734
0.205128 , 0.743590 , -2.954572
0.205128 , 0.769231 , -2.982278
0.205128 , 0.794872 , -3.005605
0.205128 , 0.820513 , -3.026064
0.205128 , 0.846154 , -3.044017
0.205128 , 0.871795 , -3.059300
0.205128 , 0.897436 , -3.072433
0.205128 , 0.923077 , -3.081575
0.205128 , 0.948718 , -3.087296
0.205128 , 0.974359 , -3.090365
0.205128 , 1.000000 , -3.091622
0.230769 , 0.000000 , -1.929682
0.230769 , 0.025641 , -1.929146
0.230769 , 0.051282 , -1.930887
0.230769 , 0.076923 , -1.936084
0.230769 , 0.102564 , -1.944237
0.230769 , 0.128205 , -1.955665
0.230769 , 0.153846 , -1.970961
0.230769 , 0.179487 , -1.987444
0.230769 , 0.205128 , -2.008177
0.230769 , 0.230769 , -2.033407
0.230769 , 0.256410 , -2.062659
0.230769 , 0.282051 , -2.095641
0.230769 , 0.307692 , -2.132375
0.230769 , 0.333333 , -2.171981
0.230769 , 0.358974 , -2.214736
0.230769 , 0.384615 , -2.260438
0.230769 , 0.410256 , -2.308494
0.230769 , 0.435897 , -2.358248
0.230769 , 0.461538 , -2.407973
0.230769 , 0.487179 , -2.458280
0.230769 , 0.512821 , -2.509084
0.230769 , 0.538462 , -2.559786
0.230769 , 0.564103 , -2.608731
0.230769 , 0.589744 , -2.656923
0.230769 , 0.615385 , -2.704381
0.230769 , 0.641026 , -2.749281
0.230769 , 0.666667 , -2.791461
0.230769 , 0.692308 , -2.831583
0.230769 , 0.717949 , -2.868155
0.230769 , 0.743590 , -2.901367
0.230769 , 0.769231 , -2.931879
0.230769 , 0.794872 , -2.959363
0.230769 , 0.820513 , -2.982865
0.230769 , 0.846154 , -3.003330
0.230769 , 0.871795 , -3.020917
0.230769 , 0.897436 , -3.035116
0.230769 , 0.923077 , -3.045296
0.230769 , 0.948718 , -3.052870
0.230769 , 0.974359 , -3.057049
0.230769 , 1.000000 , -3.058498
0.256410 , 0.000000 , -1.768220
0.256410 , 0.025641 , -1.768454
0.256410 , 0.051282 , -1.770890
0.256410 , 0.076923 , -1.776757
0.256410 , 0.102564 , -1.786755
0.256410 , 0.128205 , -1.799632
0.256410 , 0.153846 , -1.816905
0.256410 , 0.179487 , -1.836390
0.256410 , 0.205128 , -1.860666
0.256410 , 0.230769 , -1.889511
0.256410 , 0.256410 , -1.922531
0.256410 , 0.282051 , -1.959125
0.256410 , 0.307692 , -1.999848
0.256410 , 0.333333 , -2.043390
0.256410 , 0.358974 , -2.089452
0.256410 , 0.384615 , -2.139231
0.256410 , 0.410256 , -2.190807
0.256410 , 0.435897 , -2.245517
0.256410 , 0.461538 , -2.300063
0.256410 , 0.487179 , -2.355626
0.256410 , 0.512821 , -2.411023
0.256410 , 0.538462 , -2.466981
0.256410 , 0.564103 , -2.521813
0.256410 , 0.589744 , -2.574863
0.256410 , 0.615385 , -2.627079
0.256410 , 0.641026 , -2.677220
0.256410 , 0.666667 , -2.724630
0.256410 , 0.692308 , -2.769469
0.256410 , 0.717949 , -2.810585
0.256410 , 0.743590 , -2.847982
0.256410 , 0.769231 , -2.882289
0.256410 , 0.794872 , -2.913326
0.256410 , 0.820513 , -2.939928
0.256410 , 0.846154 , -2.962322
0.256410 , 0.871795 , -2.982219
0.256410 , 0.897436 , -2.998357
0.256410 , 0.923077 , -3.009639
0.256410 , 0.948718 , -3.018769
0.256410 , 0.974359 , -3.023501
0.256410 , 1.000000 , -3.024862
0.282051 , 0.000000 , -1.604239
0.282051 , 0.025641 , -1.605339
0.282051 , 0.051282 , -1.609219
0.282051 , 0.076923 , -1.616473
0.282051 , 0.102564 , -1.627678
0.282051 , 0.128205 , -1.642615
0.282051 , 0.153846 , -1.661744
0.282051 , 0.179487 , -1.685093
0.282051 , 0.205128 , -1.713439
0.282051 , 0.230769 , -1.745651
0.282051 , 0.256410 , -1.782203
0.282051 , 0.282051 , -1.822478
0.282051 , 0.307692 , -1.865785
0.282051 , 0.333333 , -1.913356
0.282051 , 0.358974 , -1.963834
0.282051 , 0.384615 , -2.017792
0.282051 , 0.410256 , -2.073346
0.282051 , 0.435897 , -2.132189
0.282051 , 0.461538 , -2.191702
0.282051 , 0.487179 , -2.252191
0.282051 , 0.512821 , -2.313190
0.282051 , 0.538462 , -2.374846
0.282051 , 0.564103 , -2.435149
0.282051 , 0.589744 , -2.493410
0.282051 , 0.615385 , -2.550507
0.282051 , 0.641026 , -2.605382
0.282051 , 0.666667 , -2.657914
0.282051 , 0.692308 , -2.706883
0.282051 , 0.717949 , -2.751680
0.282051 , 0.743590 , -2.792715
0.282051 , 0.769231 , -2.831770
0.282051 , 0.794872 , -2.866597
0.282051 , 0.820513 , -2.895659
0.282051 , 0.846154 , -2.920672
0.282051 , 0.871795 , -2.942538
0.282051 , 0.897436 , -2.961275
0.282051 , 0.923077 , -2.975153
0.282051 , 0.948718 , -2.985311
0.282051 , 0.974359 , -2.991021
0.282051 , 1.000000 , -2.991840
0.307692 , 0.000000 , -1.438481
0.307692 , 0.025641 , -1.440221
0.307692 , 0.051282 , -1.445474
0.307692 , 0.076923 , -1.454099
0.307692 , 0.102564 , -1.466979
0.307692 , 0.128205 , -1.484229
0.307692 , 0.153846 , -1.506244
0.307692 , 0.179487 , -1.533153
0.307692 , 0.205128 , -1.565404
0.307692 , 0.230769 , -1.601151
0.307692 , 0.256410 , -1.640296
0.307692 , 0.282051 , -1.684741
0.307692 , 0.307692 , -1.731989
0.307692 , 0.333333 , -1.781924
0.307692 , 0.358974 , -1.836713
0.307692 , 0.384615 , -1.894948
0.307692 , 0.410256 , -1.955464
0.307692 , 0.435897 , -2.018599
0.307692 , 0.461538 , -2.082965
0.307692 , 0.487179 , -2.148827
0.307692 , 0.512821 , -2.215041
0.307692 , 0.538462 , -2.281776
0.307692 , 0.564103 , -2.347618
0.307692 , 0.589744 , -2.411599
0.307692 , 0.615385 , -2.474016
0.307692 , 0.641026 , -2.533529
0.307692 , 0.666667 , -2.590436
0.307692 , 0.692308 , -2.644399
0.307692 , 0.717949 , -2.694522
0.307692 , 0.743590 , -2.740050
0.307692 , 0.769231 , -2.782459
0.307692 , 0.794872 , -2.821067
0.307692 , 0.820513 , -2.853508
0.307692 , 0.846154 , -2.881162
0.307692 , 0.871795 , -2.905987
0.307692 , 0.897436 , -2.926291
0.307692 , 0.923077 , -2.942562
0.307692 , 0.948718 , -2.953655
0.307692 , 0.974359 , -2.960231
0.307692 , 1.000000 , -2.961482
0.333333 , 0.000000 , -1.270572
0.333333 , 0.025641 , -1.273247
0.333333 , 0.051282 , -1.279524
0.333333 , 0.076923 , -1.289581
0.333333 , 0.102564 , -1.304291
0.333333 , 0.128205 , -1.324380
0.333333 , 0.153846 , -1.349262
0.333333 , 0.179487 , -1.379222
0.333333 , 0.205128 , -1.414476
0.333333 , 0.230769 , -1.454758
0.333333 , 0.256410 , -1.497714
0.333333 , 0.282051 , -1.545146
0.333333 , 0.307692 , -1.596945
0.333333 , 0.333333 , -1.650918
0.333333 , 0.358974 , -1.709676
0.333333 , 0.384615 , -1.772526
0.333333 , 0.410256 , -1.837627
0.333333 , 0.435897 , -1.905427
0.333333 , 0.461538 , -1.974833
0.333333 , 0.487179 , -2.045809
0.333333 , 0.512821 , -2.117761
0.333333 , 0.538462 , -2.189536
0.333333 , 0.564103 , -2.260682
0.333333 , 0.589744 , -2.329773
0.333333 , 0.615385 , -2.397544
0.333333 , 0.641026 , -2.462497
0.333333 , 0.666667 , -2.524524
0.333333 , 0.692308 , -2.583547
0.333333 , 0.717949 , -2.638658
0.333333 , 0.743590 , -2.689407
0.333333 , 0.769231 , -2.735667
0.333333 , 0.794872 , -2.777037
0.333333 , 0.820513 , -2.813635
0.333333 , 0.846154 , -2.844671
0.333333 , 0.871795 , -2.872198
0.333333 , 0.897436 , -2.894631
0.333333 , 0.923077 , -2.911549
0.333333 , 0.948718 , -2.923889
0.333333 , 0.974359 , -2.931541
0.333333 , 1.000000 , -2.933776
0.358974 , 0.000000 , -1.100852
0.358974 , 0.025641 , -1.103931
0.358974 , 0.051282 , -1.111012
0.358974 , 0.076923 , -1.122897
0.358974 , 0.102564 , -1.140009
0.358974 , 0.128205 , -1.162953
0.358974 , 0.153846 , -1.191308
0.358974 , 0.179487 , -1.224370
0.358974 , 0.205128 , -1.263170
0.358974 , 0.230769 , -1.306324
0.358974 , 0.256410 , -1.354475
0.358974 , 0.282051 , -1.406285
0.358974 , 0.307692 , -1.462501
0.358974 , 0.333333 , -1.521249
0.358974 , 0.358974 , -1.583820
0.358974 , 0.384615 , -1.650279
0.358974 , 0.410256 , -1.720461
0.358974 , 0.435897 , -1.793328
0.358974 , 0.461538 , -1.868296
0.358974 , 0.487179 , -1.944473
0.358974 , 0.512821 , -2.021950
0.358974 , 0.538462 , -2.098824
0.358974 , 0.564103 , -2.175124
0.358974 , 0.589744 , -2.249850
0.358974 , 0.615385 , -2.322999
0.358974 , 0.641026 , -2.393205
0.358974 , 0.666667 , -2.460286
0.358974 , 0.692308 , -2.524384
0.358974 , 0.717949 , -2.584210
0.358974 , 0.743590 , -2.639709
0.358974 , 0.769231 , -2.691004
0.358974 , 0.794872 , -2.736231
0.358974 , 0.820513 , -2.776348
0.358974 , 0.846154 , -2.811251
0.358974 , 0.871795 , -2.841481
0.358974 , 0.897436 , -2.866446
0.358974 , 0.923077 , -2.884863
0.358974 , 0.948718 , -2.897807
0.358974 , 0.974359 , -2.906386
0.358974 , 1.000000 , -2.909527
0.384615 , 0.000000 , -0.928968
0.384615 , 0.025641 , -0.932032
0.384615 , 0.051282 , -0.940152
0.384615 , 0.076923 , -0.953929
0.384615 , 0.102564 , -0.973686
0.384615 , 0.128205 , -0.998962
0.384615 , 0.153846 , -1.031084
0.384615 , 0.179487 , -1.067584
0.384615 , 0.205128 , -1.109946
0.384615 , 0.230769 , -1.157197
0.384615 , 0.256410 , -1.209182
0.384615 , 0.282051 , -1.265574
0.384615 , 0.307692 , -1.326058
0.384615 , 0.333333 , -1.390278
0.384615 , 0.358974 , -1.458166
0.384615 , 0.384615 , -1.529206
0.384615 , 0.410256 , -1.604275
0.384615 , 0.435897 , -1.682735
0.384615 , 0.461538 , -1.763179
0.384615 , 0.487179 , -1.844551
0.384615 , 0.512821 , -1.927519
0.384615 , 0.538462 , -2.010021
0.384615 , 0.564103 , -2.092213
0.384615 , 0.589744 , -2.173010
0.384615 , 0.615385 , -2.250968
0.384615 , 0.641026 , -2.326632
0.384615 , 0.666667 , -2.398983
0.384615 , 0.692308 , -2.468112
0.384615 , 0.717949 , -2.532797
0.384615 , 0.743590 , -2.593056
0.384615 , 0.769231 , -2.649100
0.384615 , 0.794872 , -2.699090
0.384615 , 0.820513 , -2.743492
0.384615 , 0.846154 , -2.781947
0.384615 , 0.871795 , -2.814902
0.384615 , 0.897436 , -2.842083
0.384615 , 0.923077 , -2.862938
0.384615 , 0.948718 , -2.877317
0.384615 , 0.974359 , -2.886219
0.384615 , 1.000000 , -2.889475
0.410256 , 0.000000 , -0.755713
0.410256 , 0.025641 , -0.758418
0.410256 , 0.051282 , -0.767904
0.410256 , 0.076923 , -0.783517
0.410256 , 0.102564 , -0.805459
0.410256 , 0.128205 , -0.832947
0.410256 , 0.153846 , -0.867442
0.410256 , 0.179487 , -0.907943
0.410256 , 0.205128 , -0.953755
0.410256 , 0.230769 , -1.005764
0.410256 , 0.256410 , -1.062687
0.410256 , 0.282051 , -1.123460
0.410256 , 0.307692 , -1.188596
0.410256 , 0.333333 , -1.257841
0.410256 , 0.358974 , -1.331804
0.410256 , 0.384615 , -1.409033
0.410256 , 0.410256 , -1.489377
0.410256 , 0.435897 , -1.573512
0.410256 , 0.461538 , -1.659532
0.410256 , 0.487179 , -1.746795
0.410256 , 0.512821 , -1.835640
0.410256 , 0.538462 , -1.924246
0.410256 , 0.564103 , -2.012397
0.410256 , 0.589744 , -2.099264
0.410256 , 0.615385 , -2.183133
0.410256 , 0.641026 , -2.263884
0.410256 , 0.666667 , -2.341808
0.410256 , 0.692308 , -2.416519
0.410256 , 0.717949 , -2.486712
0.410256 , 0.743590 , -2.552168
0.410256 , 0.769231 , -2.612723
0.410256 , 0.794872 , -2.667435
0.410256 , 0.820513 , -2.715415
0.410256 , 0.846154 , -2.756937
0.410256 , 0.871795 , -2.792740
0.410256 , 0.897436 , -2.822283
0.410256 , 0.923077 , -2.845260
0.410256 , 0.948718 , -2.860823
0.410256 , 0.974359 , -2.870750
0.410256 , 1.000000 , -2.874337
0.435897 , 0.000000 , -0.579344
0.435897 , 0.025641 , -0.582519
0.435897 , 0.051282 , -0.593214
0.435897 , 0.076923 , -0.610533
0.435897 , 0.102564 , -0.634095
0.435897 , 0.128205 , -0.664109
0.435897 , 0.153846 , -0.701500
0.435897 , 0.179487 , -0.745206
0.435897 , 0.205128 , -0.795330
0.435897 , 0.230769 , -0.851973
0.435897 , 0.256410 , -0.914334
0.435897 , 0.282051 , -0.980409
0.435897 , 0.307692 , -1.051228
0.435897 , 0.333333 , -1.126271
0.435897 , 0.358974 , -1.205866
0.435897 , 0.384615 , -1.289111
0.435897 , 0.410256 , -1.375526
0.435897 , 0.435897 , -1.465358
0.435897 , 0.461538 , -1.557947
0.435897 , 0.487179 , -1.651806
0.435897 , 0.512821 , -1.746822
0.435897 , 0.538462 , -1.842084
0.435897 , 0.564103 , -1.936592
0.435897 , 0.589744 , -2.029714
0.435897 , 0.615385 , -2.119708
0.435897 , 0.641026 , -2.206709
0.435897 , 0.666667 , -2.290396
0.435897 , 0.692308 , -2.370996
0.435897 , 0.717949 , -2.446916
0.435897 , 0.743590 , -2.516917
0.435897 , 0.769231 , -2.581862
0.435897 , 0.794872 , -2.640788
0.435897 , 0.820513 , -2.693318
0.435897 , 0.846154 , -2.738331
0.435897 , 0.871795 , -2.777106
0.435897 , 0.897436 , -2.809534
0.435897 , 0.923077 , -2.833747
0.435897 , 0.948718 , -2.850614
0.435897 , 0.974359 , -2.861323
0.435897 , 1.000000 , -2.865258
0.461538 , 0.000000 , -0.399976
0.461538 , 0.025641 , -0.403546
0.461538 , 0.051282 , -0.415307
0.461538 , 0.076923 , -0.433985
0.461538 , 0.102564 , -0.459213
0.461538 , 0.128205 , -0.492002
0.461538 , 0.153846 , -0.533319
0.461538 , 0.179487 , -0.581160
0.461538 , 0.205128 , -0.635276
0.461538 , 0.230769 , -0.696158
0.461538 , 0.256410 , -0.763662
0.461538 , 0.282051 , -0.835956
0.461538 , 0.307692 , -0.913206
0.461538 , 0.333333 , -0.994149
0.461538 , 0.358974 , -1.080312
0.461538 , 0.384615 , -1.170716
0.461538 , 0.410256 , -1.263757
0.461538 , 0.435897 , -1.360232
0.461538 , 0.461538 , -1.459237
0.461538 , 0.487179 , -1.560109
0.461538 , 0.512821 , -1.662001
0.461538 , 0.538462 , -1.764061
0.461538 , 0.564103 , -1.865253
0.461538 , 0.589744 , -1.964757
0.461538 , 0.615385 , -2.061284
0.461538 , 0.641026 , -2.154641
0.461538 , 0.666667 , -2.245261
0.461538 , 0.692308 , -2.331440
0.461538 , 0.717949 , -2.412760
0.461538 , 0.743590 , -2.488172
0.461538 , 0.769231 , -2.557843
0.461538 , 0.794872 , -2.621048
0.461538 , 0.820513 , -2.677768
0.461538 , 0.846154 , -2.726899
0.461538 , 0.871795 , -2.768214
0.461538 , 0.897436 , -2.803135
0.461538 , 0.923077 , -2.829518
0.461538 , 0.948718 , -2.848873
0.461538 , 0.974359 , -2.860504
0.461538 , 1.000000 , -2.864512
0.487179 , 0.000000 , -0.216573
0.487179 , 0.025641 , -0.220855
0.487179 , 0.051282 , -0.233038
0.487179 , 0.076923 , -0.253147
0.487179 , 0.102564 , -0.280826
0.487179 , 0.128205 , -0.316863
0.487179 , 0.153846 , -0.361202
0.487179 , 0.179487 , -0.413605
0.487179 , 0.205128 , -0.472247
0.487179 , 0.230769 , -0.537465
0.487179 , 0.256410 , -0.609504
0.487179 , 0.282051 , -0.687529
0.487179 , 0.307692 , -0.772261
0.487179 , 0.333333 , -0.860911
0.487179 , 0.358974 , -0.953945
0.487179 , 0.384615 , -1.051648
0.487179 , 0.410256 , -1.153004
0.487179 , 0.435897 , -1.256916
0.487179 , 0.461538 , -1.363498
0.487179 , 0.487179 , -1.471907
0.487179 , 0.512821 , -1.581622
0.487179 , 0.538462 , -1.690617
0.487179 , 0.564103 , -1.798806
0.487179 , 0.589744 , -1.904811
0.487179 , 0.615385 , -2.008271
0.487179 , 0.641026 , -2.108718
0.487179 , 0.666667 , -2.205801
0.487179 , 0.692308 , -2.298241
0.487179 , 0.717949 , -2.385648
0.487179 , 0.743590 , -2.466483
0.487179 , 0.769231 , -2.541564
0.487179 , 0.794872 , -2.609981
0.487179 , 0.820513 , -2.671593
0.487179 , 0.846154 , -2.724776
0.487179 , 0.871795 , -2.768685
0.487179 , 0.897436 , -2.805812
0.487179 , 0.923077 , -2.834388
0.487179 , 0.948718 , -2.855219
0.487179 , 0.974359 , -2.867677
0.487179 , 1.000000 , -2.872089
0.512821 , 0.000000 , -0.028672
0.512821 , 0.025641 , -0.033241
0.512821 , 0.051282 , -0.046456
0.512821 , 0.076923 , -0.068511
0.512821 , 0.102564 , -0.099107
0.512821 , 0.128205 , -0.138125
0.512821 , 0.153846 , -0.185446
0.512821 , 0.179487 , -0.242290
0.512821 , 0.205128 , -0.305827
0.512821 , 0.230769 , -0.376302
0.512821 , 0.256410 , -0.453703
0.512821 , 0.282051 , -0.537755
0.512821 , 0.307692 , -0.628770
0.512821 , 0.333333 , -0.725605
0.512821 , 0.358974 , -0.826777
0.512821 , 0.384615 , -0.932140
0.512821 , 0.410256 , -1.041480
0.512821 , 0.435897 , -1.154117
0.512821 , 0.461538 , -1.269445
0.512821 , 0.487179 , -1.386145
0.512821 , 0.512821 , -1.503915
0.512821 , 0.538462 , -1.620760
0.512821 , 0.564103 , -1.736882
0.512821 , 0.589744 , -1.850907
0.512821 , 0.615385 , -1.961717
0.512821 , 0.641026 , -2.070108
0.512821 , 0.666667 , -2.174076
0.512821 , 0.692308 , -2.272858
0.512821 , 0.717949 , -2.366545
0.512821 , 0.743590 , -2.452864
0.512821 , 0.769231 , -2.533413
0.512821 , 0.794872 , -2.607453
0.512821 , 0.820513 , -2.673830
0.512821 , 0.846154 , -2.731274
0.512821 , 0.871795 , -2.779011
0.512821 , 0.897436 , -2.817867
0.512821 , 0.923077 , -2.848023
0.512821 , 0.948718 , -2.870682
0.512821 , 0.974359 , -2.883766
0.512821 , 1.000000 , -2.888362
0.538462 , 0.000000 , 0.164422
0.538462 , 0.025641 , 0.159688
0.538462 , 0.051282 , 0.144734
0.538462 , 0.076923 , 0.120638
0.538462 , 0.102564 , 0.087085
0.538462 , 0.128205 , 0.045231
0.538462 , 0.153846 , -0.005492
0.538462 , 0.179487 , -0.066438
0.538462 , 0.205128 , -0.135277
0.538462 , 0.230769 , -0.211411
0.538462 , 0.256410 , -0.294779
0.538462 , 0.282051 , -0.385993
0.538462 , 0.307692 , -0.484256
0.538462 , 0.333333 , -0.588413
0.538462 , 0.358974 , -0.697556
0.538462 , 0.384615 , -0.811756
0.538462 , 0.410256 , -0.930334
0.538462 , 0.435897 , -1.052026
0.538462 , 0.461538 , -1.176969
0.538462 , 0.487179 , -1.302826
0.538462 , 0.512821 , -1.429294
0.538462 , 0.538462 , -1.555110
0.538462 , 0.564103 , -1.680415
0.538462 , 0.589744 , -1.803715
0.538462 , 0.615385 , -1.922988
0.538462 , 0.641026 , -2.039230
0.538462 , 0.666667 , -2.150954
0.538462 , 0.692308 , -2.256895
0.538462 , 0.717949 , -2.357079
0.538462 , 0.743590 , -2.450030
0.538462 , 0.769231 , -2.536731
0.538462 , 0.794872 , -2.615491
0.538462 , 0.820513 , -2.686195
0.538462 , 0.846154 , -2.746826
0.538462 , 0.871795 , -2.798172
0.538462 , 0.897436 , -2.839720
0.538462 , 0.923077 , -2.872293
0.538462 , 0.948718 , -2.896764
0.538462 , 0.974359 , -2.910758
0.538462 , 1.000000 , -2.915701
0.564103 , 0.000000 , 0.363593
0.564103 , 0.025641 , 0.358236
0.564103 , 0.051282 , 0.342518
0.564103 , 0.076923 , 0.316680
0.564103 , 0.102564 , 0.280343
0.564103 , 0.128205 , 0.234911
0.564103 , 0.153846 , 0.180174
0.564103 , 0.179487 , 0.114897
0.564103 , 0.205128 , 0.040739
0.564103 , 0.230769 , -0.040967
0.564103 , 0.256410 , -0.131093
0.564103 , 0.282051 , -0.229879
0.564103 , 0.307692 , -0.336339
0.564103 , 0.333333 , -0.448956
0.564103 , 0.358974 , -0.567539
0.564103 , 0.384615 , -0.691323
0.564103 , 0.410256 , -0.819626
0.564103 , 0.435897 , -0.951670
0.564103 , 0.461538 , -1.086432
0.564103 , 0.487179 , -1.222568
0.564103 , 0.512821 , -1.359518
0.564103 , 0.538462 , -1.495909
0.564103 , 0.564103 , -1.631479
0.564103 , 0.589744 , -1.764570
0.564103 , 0.615385 , -1.893162
0.564103 , 0.641026 , -2.017575
0.564103 , 0.666667 , -2.137134
0.564103 , 0.692308 , -2.251132
0.564103 , 0.717949 , -2.358705
0.564103 , 0.743590 , -2.458523
0.564103 , 0.769231 , -2.550772
0.564103 , 0.794872 , -2.634444
0.564103 , 0.820513 , -2.709199
0.564103 , 0.846154 , -2.773975
0.564103 , 0.871795 , -2.829163
0.564103 , 0.897436 , -2.873418
0.564103 , 0.923077 , -2.908707
0.564103 , 0.948718 , -2.934601
0.564103 , 0.974359 , -2.950141
0.564103 , 1.000000 , -2.955271
0.589744 , 0.000000 , 0.568616
0.589744 , 0.025641 , 0.562956
0.589744 , 0.051282 , 0.546519
0.589744 , 0.076923 , 0.518931
0.589744 , 0.102564 , 0.479717
0.589744 , 0.128205 , 0.430592
0.589744 , 0.153846 , 0.371701
0.589744 , 0.179487 , 0.302868
0.589744 , 0.205128 , 0.223198
0.589744 , 0.230769 , 0.134882
0.589744 , 0.256410 , 0.037323
0.589744 , 0.282051 , -0.069023
0.589744 , 0.307692 , -0.183752
0.589744 , 0.333333 , -0.305423
0.589744 , 0.358974 , -0.434205
0.589744 , 0.384615 , -0.568811
0.589744 , 0.410256 , -0.708690
0.589744 , 0.435897 , -0.852042
0.589744 , 0.461538 , -0.998073
0.589744 , 0.487179 , -1.145830
0.589744 , 0.512821 , -1.294547
0.589744 , 0.538462 , -1.442753
0.589744 , 0.564103 , -1.589382
0.589744 , 0.589744 , -1.733484
0.589744 , 0.615385 , -1.872623
0.589744 , 0.641026 , -2.006570
0.589744 , 0.666667 , -2.135166
0.589744 , 0.692308 , -2.257256
0.589744 , 0.717949 , -2.372386
0.589744 , 0.743590 , -2.479158
0.589744 , 0.769231 , -2.577620
0.589744 , 0.794872 , -2.666854
0.589744 , 0.820513 , -2.745509
0.589744 , 0.846154 , -2.814078
0.589744 , 0.871795 , -2.873418
0.589744 , 0.897436 , -2.921262
0.589744 , 0.923077 , -2.958264
0.589744 , 0.948718 , -2.985516
0.589744 , 0.974359 , -3.002120
0.589744 , 1.000000 , -3.007947
0.615385 , 0.000000 , 0.780527
0.615385 , 0.025641 , 0.774694
0.615385 , 0.051282 , 0.757080
0.615385 , 0.076923 , 0.727031
0.615385 , 0.102564 , 0.685223
0.615385 , 0.128205 , 0.633229
0.615385 , 0.153846 , 0.570934
0.615385 , 0.179487 , 0.497626
0.615385 , 0.205128 , 0.413060
0.615385 , 0.230769 , 0.317570
0.615385 , 0.256410 , 0.212423
0.615385 , 0.282051 , 0.097598
0.615385 , 0.307692 , -0.026277
0.615385 , 0.333333 , -0.158152
0.615385 , 0.358974 , -0.297102
0.615385 , 0.384615 , -0.444051
0.615385 , 0.410256 , -0.596262
0.615385 , 0.435897 , -0.752880
0.615385 , 0.461538 , -0.911769
0.615385 , 0.487179 , -1.072747
0.615385 , 0.512821 , -1.234830
0.615385 , 0.538462 , -1.396012
0.615385 , 0.564103 , -1.554769
0.615385 , 0.589744 , -1.710502
0.615385 , 0.615385 , -1.861121
0.615385 , 0.641026 , -2.006166
0.615385 , 0.666667 , -2.145341
0.615385 , 0.692308 , -2.275852
0.615385 , 0.717949 , -2.399281
0.615385 , 0.743590 , -2.513438
0.615385 , 0.769231 , -2.618115
0.615385 , 0.794872 , -2.713348
0.615385 , 0.820513 , -2.796741
0.615385 , 0.846154 , -2.869856
0.615385 , 0.871795 , -2.931969
0.615385 , 0.897436 , -2.982981
0.615385 , 0.923077 , -3.021955
0.615385 , 0.948718 , -3.049908
0.615385 , 0.974359 , -3.067325
0.615385 , 1.000000 , -3.073120
0.641026 , 0.000000 , 0.998838
0.641026 , 0.025641 , 0.992758
0.641026 , 0.051282 , 0.973914
0.641026 , 0.076923 , 0.942492
0.641026 , 0.102564 , 0.898990
0.641026 , 0.128205 , 0.844382
0.641026 , 0.153846 , 0.778903
0.641026 , 0.179487 , 0.700749
0.641026 , 0.205128 , 0.610997
0.641026 , 0.230769 , 0.509369
0.641026 , 0.256410 , 0.396027
0.641026 , 0.282051 , 0.272084
0.641026 , 0.307692 , 0.137406
0.641026 , 0.333333 , -0.005151
0.641026 , 0.358974 , -0.155952
0.641026 , 0.384615 , -0.315617
0.641026 , 0.410256 , -0.481678
0.641026 , 0.435897 , -0.652918
0.641026 , 0.461538 , -0.826930
0.641026 , 0.487179 , -1.002864
0.641026 , 0.512821 , -1.179351
0.641026 , 0.538462 , -1.355178
0.641026 , 0.564103 , -1.528467
0.641026 , 0.589744 , -1.697969
0.641026 , 0.615385 , -1.861161
0.641026 , 0.641026 , -2.018117
0.641026 , 0.666667 , -2.168615
0.641026 , 0.692308 , -2.309587
0.641026 , 0.717949 , -2.442017
0.641026 , 0.743590 , -2.564626
0.641026 , 0.769231 , -2.675367
0.641026 , 0.794872 , -2.776035
0.641026 , 0.820513 , -2.864494
0.641026 , 0.846154 , -2.941041
0.641026 , 0.871795 , -3.005747
0.641026 , 0.897436 , -3.058549
0.641026 , 0.923077 , -3.099517
0.641026 , 0.948718 , -3.129010
0.641026 , 0.974359 , -3.146720
0.641026 , 1.000000 , -3.152758
0.666667 , 0.000000 , 1.224968
0.666667 , 0.025641 , 1.218318
0.666667 , 0.051282 , 1.198890
0.666667 , 0.076923 , 1.166486
0.666667 , 0.102564 , 1.122025
0.666667 , 0.128205 , 1.064545
0.666667 , 0.153846 , 0.995836
0.666667 , 0.179487 , 0.912954
0.666667 , 0.205128 , 0.817521
0.666667 , 0.230769 , 0.709151
0.666667 , 0.256410 , 0.588065
0.666667 , 0.282051 , 0.455062
0.666667 , 0.307692 , 0.309316
0.666667 , 0.333333 , 0.154035
0.666667 , 0.358974 , -0.009507
0.666667 , 0.384615 , -0.183286
0.666667 , 0.410256 , -0.364565
0.666667 , 0.435897 , -0.551857
0.666667 , 0.461538 , -0.742979
0.666667 , 0.487179 , -0.935838
0.666667 , 0.512821 , -1.129177
0.666667 , 0.538462 , -1.321165
0.666667 , 0.564103 , -1.510617
0.666667 , 0.589744 , -1.695900
0.666667 , 0.615385 , -1.873874
0.666667 , 0.641026 , -2.043768
0.666667 , 0.666667 , -2.206438
0.666667 , 0.692308 , -2.358962
0.666667 , 0.717949 , -2.501283
0.666667 , 0.743590 , -2.632602
0.666667 , 0.769231 , -2.750501
0.666667 , 0.794872 , -2.856622
0.666667 , 0.820513 , -2.949223
0.666667 , 0.846154 , -3.028471
0.666667 , 0.871795 , -3.095236
0.666667 , 0.897436 , -3.148968
0.666667 , 0.923077 , -3.191589
0.666667 , 0.948718 , -3.222982
0.666667 , 0.974359 , -3.241264
0.666667 , 1.000000 , -3.247446
0.692308 , 0.000000 , 1.459253
0.692308 , 0.025641 , 1.452630
0.692308 , 0.051282 , 1.432523
0.692308 , 0.076923 , 1.399581
0.692308 , 0.102564 , 1.354262
0.692308 , 0.128205 , 1.294412
0.692308 , 0.153846 , 1.222107
0.692308 , 0.179487 , 1.135388
0.692308 , 0.205128 , 1.034362
0.692308 , 0.230769 , 0.919600
0.692308 , 0.256410 , 0.790228
0.692308 , 0.282051 , 0.647390
0.692308 , 0.307692 , 0.490942
0.692308 , 0.333333 , 0.321303
0.692308 , 0.358974 , 0.141923
0.692308 , 0.384615 , -0.046843
0.692308 , 0.410256 , -0.244870
0.692308 , 0.435897 , -0.449690
0.692308 , 0.461538 , -0.659861
0.692308 , 0.487179 , -0.871571
0.692308 , 0.512821 , -1.084260
0.692308 , 0.538462 , -1.295274
0.692308 , 0.564103 , -1.502251
0.692308 , 0.589744 , -1.704957
0.692308 , 0.615385 , -1.899991
0.692308 , 0.641026 , -2.084876
0.692308 , 0.666667 , -2.259922
0.692308 , 0.692308 , -2.424829
0.692308 , 0.717949 , -2.577251
0.692308 , 0.743590 , -2.717762
0.692308 , 0.769231 , -2.843800
0.692308 , 0.794872 , -2.955037
0.692308 , 0.820513 , -3.051913
0.692308 , 0.846154 , -3.133955
0.692308 , 0.871795 , -3.202772
0.692308 , 0.897436 , -3.257666
0.692308 , 0.923077 , -3.300639
0.692308 , 0.948718 , -3.333124
0.692308 , 0.974359 , -3.352331
0.692308 , 1.000000 , -3.359063
0.717949 , 0.000000 , 1.701703
0.717949 , 0.025641 , 1.695173
0.717949 , 0.051282 , 1.675275
0.717949 , 0.076923 , 1.641839
0.717949 , 0.102564 , 1.595942
0.717949 , 0.128205 , 1.535643
0.717949 , 0.153846 , 1.460115
0.717949 , 0.179487 , 1.369466
0.717949 , 0.205128 , 1.263077
0.717949 , 0.230769 , 1.141320
0.717949 , 0.256410 , 1.003488
0.717949 , 0.282051 , 0.849751
0.717949 , 0.307692 , 0.681430
0.717949 , 0.333333 , 0.497653
0.717949 , 0.358974 , 0.302316
0.717949 , 0.384615 , 0.095942
0.717949 , 0.410256 , -0.120807
0.717949 , 0.435897 , -0.345220
0.717949 , 0.461538 , -0.576255
0.717949 , 0.487179 , -0.810044
0.717949 , 0.512821 , -1.044326
0.717949 , 0.538462 , -1.276259
0.717949 , 0.564103 , -1.503881
0.717949 , 0.589744 , -1.726041
0.717949 , 0.615385 , -1.939601
0.717949 , 0.641026 , -2.141543
0.717949 , 0.666667 , -2.332033
0.717949 , 0.692308 , -2.509876
0.717949 , 0.717949 , -2.673971
0.717949 , 0.743590 , -2.823871
0.717949 , 0.769231 , -2.957332
0.717949 , 0.794872 , -3.074116
0.717949 , 0.820513 , -3.175007
0.717949 , 0.846154 , -3.259420
0.717949 , 0.871795 , -3.329664
0.717949 , 0.897436 , -3.385697
0.717949 , 0.923077 , -3.429371
0.717949 , 0.948718 , -3.461441
0.717949 , 0.974359 , -3.480362
0.717949 , 1.000000 , -3.487189
0.743590 , 0.000000 , 1.951346
0.743590 , 0.025641 , 1.945527
0.743590 , 0.051282 , 1.926307
0.743590 , 0.076923 , 1.894197
0.743590 , 0.102564 , 1.848495
0.743590 , 0.128205 , 1.788170
0.743590 , 0.153846 , 1.710612
0.743590 , 0.179487 , 1.616591
0.743590 , 0.205128 , 1.504983
0.743590 , 0.230769 , 1.376211
0.743590 , 0.256410 , 1.230166
0.743590 , 0.282051 , 1.066072
0.743590 , 0.307692 , 0.884401
0.743590 , 0.333333 , 0.685735
0.743590 , 0.358974 , 0.472437
0.743590 , 0.384615 , 0.246283
0.743590 , 0.410256 , 0.007561
0.743590 , 0.435897 , -0.239666
0.743590 , 0.461538 , -0.493500
0.743590 , 0.487179 , -0.751264
0.743590 , 0.512821 , -1.009468
0.743590 , 0.538462 , -1.265815
0.743590 , 0.564103 , -1.517288
0.743590 , 0.589744 , -1.761156
0.743590 , 0.615385 , -1.994526
0.743590 , 0.641026 , -2.215552
0.743590 , 0.666667 , -2.423107
0.743590 , 0.692308 , -2.615728
0.743590 , 0.717949 , -2.792127
0.743590 , 0.743590 , -2.951506
0.743590 , 0.769231 , -3.091844
0.743590 , 0.794872 , -3.214189
0.743590 , 0.820513 , -3.319029
0.743590 , 0.846154 , -3.406662
0.743590 , 0.871795 , -3.477786
0.743590 , 0.897436 , -3.534156
0.743590 , 0.923077 , -3.577653
0.743590 , 0.948718 , -3.608505
0.743590 , 0.974359 , -3.626229
0.743590 , 1.000000 , -3.633157
0.769231 , 0.000000 , 2.209534
0.769231 , 0.025641 , 2.203970
0.769231 , 0.051282 , 2.186292
0.769231 , 0.076923 , 2.156239
0.769231 , 0.102564 , 2.111674
0.769231 , 0.128205 , 2.051942
0.769231 , 0.153846 , 1.974335
0.769231 , 0.179487 , 1.877776
0.769231 , 0.205128 , 1.762678
0.769231 , 0.230769 , 1.627323
0.769231 , 0.256410 , 1.473150
0.769231 , 0.282051 , 1.298394
0.769231 , 0.307692 , 1.102231
0.769231 , 0.333333 , 0.887088
0.769231 , 0.358974 , 0.653915
0.769231 , 0.384615 , 0.405325
0.769231 , 0.410256 , 0.142823
0.769231 , 0.435897 , -0.130057
0.769231 , 0.461538 , -0.410591
0.769231 , 0.487179 , -0.695830
0.769231 , 0.512821 , -0.981263
0.769231 , 0.538462 , -1.264781
0.769231 , 0.564103 , -1.542285
0.769231 , 0.589744 , -1.811216
0.769231 , 0.615385 , -2.067515
0.769231 , 0.641026 , -2.309535
0.769231 , 0.666667 , -2.535142
0.769231 , 0.692308 , -2.744437
0.769231 , 0.717949 , -2.933917
0.769231 , 0.743590 , -3.103504
0.769231 , 0.769231 , -3.250951
0.769231 , 0.794872 , -3.378169
0.769231 , 0.820513 , -3.486159
0.769231 , 0.846154 , -3.574958
0.769231 , 0.871795 , -3.646354
0.769231 , 0.897436 , -3.702366
0.769231 , 0.923077 , -3.744516
0.769231 , 0.948718 , -3.773447
0.769231 , 0.974359 , -3.789541
0.769231 , 1.000000 , -3.796038
0.794872 , 0.000000 , 2.476039
0.794872 , 0.025641 , 2.470669
0.794872 , 0.051282 , 2.455005
0.794872 , 0.076923 , 2.427058
0.794872 , 0.102564 , 2.386041
0.794872 , 0.128205 , 2.328434
0.794872 , 0.153846 , 2.252759
0.794872 , 0.179487 , 2.156337
0.794872 , 0.205128 , 2.038619
0.794872 , 0.230769 , 1.897804
0.794872 , 0.256410 , 1.734506
0.794872 , 0.282051 , 1.548362
0.794872 , 0.307692 , 1.336315
0.794872 , 0.333333 , 1.103003
0.794872 , 0.358974 , 0.848444
0.794872 , 0.384615 , 0.575579
0.794872 , 0.410256 , 0.286501
0.794872 , 0.435897 , -0.014947
0.794872 , 0.461538 , -0.325972
0.794872 , 0.487179 , -0.642374
0.794872 , 0.512821 , -0.959518
0.794872 , 0.538462 , -1.273202
0.794872 , 0.564103 , -1.580211
0.794872 , 0.589744 , -1.877399
0.794872 , 0.615385 , -2.160350
0.794872 , 0.641026 , -2.426080
0.794872 , 0.666667 , -2.673186
0.794872 , 0.692308 , -2.900344
0.794872 , 0.717949 , -3.104138
0.794872 , 0.743590 , -3.283693
0.794872 , 0.769231 , -3.439096
0.794872 , 0.794872 , -3.570484
0.794872 , 0.820513 , -3.679689
0.794872 , 0.846154 , -3.767764
0.794872 , 0.871795 , -3.837609
0.794872 , 0.897436 , -3.891252
0.794872 , 0.923077 , -3.930351
0.794872 , 0.948718 , -3.956775
0.794872 , 0.974359 , -3.971211
0.794872 , 1.000000 , -3.976333
0.820513 , 0.000000 , 2.748045
0.820513 , 0.025641 , 2.744369
0.820513 , 0.051282 , 2.731430
0.820513 , 0.076923 , 2.707791
0.820513 , 0.102564 , 2.671924
0.820513 , 0.128205 , 2.619037
0.820513 , 0.153846 , 2.547305
0.820513 , 0.179487 , 2.452336
0.820513 , 0.205128 , 2.334383
0.820513 , 0.230769 , 2.189282
0.820513 , 0.256410 , 2.017195
0.820513 , 0.282051 , 1.818732
0.820513 , 0.307692 , 1.590978
0.820513 , 0.333333 , 1.337333
0.820513 , 0.358974 , 1.059340
0.820513 , 0.384615 , 0.759887
0.820513 , 0.410256 , 0.441045
0.820513 , 0.435897 , 0.106635
0.820513 , 0.461538 , -0.238665
0.820513 , 0.487179 , -0.590573
0.820513 , 0.512821 , -0.943380
0.820513 , 0.538462 , -1.292070
0.820513 , 0.564103 , -1.633675
0.820513 , 0.589744 , -1.963214
0.820513 , 0.615385 , -2.276271
0.820513 , 0.641026 , -2.569048
0.820513 , 0.666667 , -2.840055
0.820513 , 0.692308 , -3.085711
0.820513 , 0.717949 , -3.303847
0.820513 , 0.743590 , -3.494047
0.820513 , 0.769231 , -3.657645
0.820513 , 0.794872 , -3.792465
0.820513 , 0.820513 , -3.901452
0.820513 , 0.846154 , -3.987588
0.820513 , 0.871795 , -4.053702
0.820513 , 0.897436 , -4.103016
0.820513 , 0.923077 , -4.137080
0.820513 , 0.948718 , -4.158930
0.820513 , 0.974359 , -4.170641
0.820513 , 1.000000 , -4.174391
0.846154 , 0.000000 , 3.024554
0.846154 , 0.025641 , 3.021988
0.846154 , 0.051282 , 3.013867
0.846154 , 0.076923 , 2.997305
0.846154 , 0.102564 , 2.968611
0.846154 , 0.128205 , 2.924845
0.846154 , 0.153846 , 2.860378
0.846154 , 0.179487 , 2.770135
0.846154 , 0.205128 , 2.653039
0.846154 , 0.230769 , 2.505227
0.846154 , 0.256410 , 2.325441
0.846154 , 0.282051 , 2.114044
0.846154 , 0.307692 , 1.869810
0.846154 , 0.333333 , 1.594608
0.846154 , 0.358974 , 1.289847
0.846154 , 0.384615 , 0.959504
0.846154 , 0.410256 , 0.606693
0.846154 , 0.435897 , 0.235648
0.846154 , 0.461538 , -0.148401
0.846154 , 0.487179 , -0.540457
0.846154 , 0.512821 , -0.934483
0.846154 , 0.538462 , -1.323830
0.846154 , 0.564103 , -1.704352
0.846154 , 0.589744 , -2.070519
0.846154 , 0.615385 , -2.416896
0.846154 , 0.641026 , -2.739835
0.846154 , 0.666667 , -3.037037
0.846154 , 0.692308 , -3.303652
0.846154 , 0.717949 , -3.538092
0.846154 , 0.743590 , -3.739503
0.846154 , 0.769231 , -3.910129
0.846154 , 0.794872 , -4.048006
0.846154 , 0.820513 , -4.155303
0.846154 , 0.846154 , -4.237547
0.846154 , 0.871795 , -4.297188
0.846154 , 0.897436 , -4.337797
0.846154 , 0.923077 , -4.362764
0.846154 , 0.948718 , -4.377027
0.846154 , 0.974359 , -4.384165
0.846154 , 1.000000 , -4.386716
0.871795 , 0.000000 , 3.301042
0.871795 , 0.025641 , 3.301348
0.871795 , 0.051282 , 3.300258
0.871795 , 0.076923 , 3.294555
0.871795 , 0.102564 , 3.278157
0.871795 , 0.128205 , 3.246093
0.871795 , 0.153846 , 3.192608
0.871795 , 0.179487 , 3.111274
0.871795 , 0.205128 , 2.998372
0.871795 , 0.230769 , 2.850302
0.871795 , 0.256410 , 2.664067
0.871795 , 0.282051 , 2.439693
0.871795 , 0.307692 , 2.177181
0.871795 , 0.333333 , 1.878013
0.871795 , 0.358974 , 1.544112
0.871795 , 0.384615 , 1.178751
0.871795 , 0.410256 , 0.787338
0.871795 , 0.435897 , 0.374169
0.871795 , 0.461538 , -0.054428
0.871795 , 0.487179 , -0.492296
0.871795 , 0.512821 , -0.932048
0.871795 , 0.538462 , -1.367218
0.871795 , 0.564103 , -1.792174
0.871795 , 0.589744 , -2.200289
0.871795 , 0.615385 , -2.585302
0.871795 , 0.641026 , -2.941763
0.871795 , 0.666667 , -3.267642
0.871795 , 0.692308 , -3.558154
0.871795 , 0.717949 , -3.810958
0.871795 , 0.743590 , -4.025147
0.871795 , 0.769231 , -4.201332
0.871795 , 0.794872 , -4.340743
0.871795 , 0.820513 , -4.444417
0.871795 , 0.846154 , -4.518758
0.871795 , 0.871795 , -4.567413
0.871795 , 0.897436 , -4.595151
0.871795 , 0.923077 , -4.606718
0.871795 , 0.948718 , -4.609647
0.871795 , 0.974359 , -4.609524
0.871795 , 1.000000 , -4.609445
0.897436 , 0.000000 , 3.574278
0.897436 , 0.025641 , 3.578026
0.897436 , 0.051282 , 3.588118
0.897436 , 0.076923 , 3.597868
0.897436 , 0.102564 , 3.599953
0.897436 , 0.128205 , 3.586205
0.897436 , 0.153846 , 3.548258
0.897436 , 0.179487 , 3.479921
0.897436 , 0.205128 , 3.374537
0.897436 , 0.230769 , 3.228491
0.897436 , 0.256410 , 3.038329
0.897436 , 0.282051 , 2.801765
0.897436 , 0.307692 , 2.519460
0.897436 , 0.333333 , 2.193540
0.897436 , 0.358974 , 1.826626
0.897436 , 0.384615 , 1.422449
0.897436 , 0.410256 , 0.986526
0.897436 , 0.435897 , 0.525448
0.897436 , 0.461538 , 0.045600
0.897436 , 0.487179 , -0.444798
0.897436 , 0.512821 , -0.937641
0.897436 , 0.538462 , -1.425142
0.897436 , 0.564103 , -1.901193
0.897436 , 0.589744 , -2.357122
0.897436 , 0.615385 , -2.786085
0.897436 , 0.641026 , -3.181640
0.897436 , 0.666667 , -3.540086
0.897436 , 0.692308 , -3.856640
0.897436 , 0.717949 , -4.128303
0.897436 , 0.743590 , -4.355599
0.897436 , 0.769231 , -4.536534
0.897436 , 0.794872 , -4.673565
0.897436 , 0.820513 , -4.770056
0.897436 , 0.846154 , -4.831453
0.897436 , 0.871795 , -4.863551
0.897436 , 0.897436 , -4.872594
0.897436 , 0.923077 , -4.866434
0.897436 , 0.948718 , -4.853495
0.897436 , 0.974359 , -4.842345
0.897436 , 1.000000 , -4.837691
0.923077 , 0.000000 , 3.834948
0.923077 , 0.025641 , 3.844970
0.923077 , 0.051282 , 3.871439
0.923077 , 0.076923 , 3.904963
0.923077 , 0.102564 , 3.933493
0.923077 , 0.128205 , 3.946231
0.923077 , 0.153846 , 3.931462
0.923077 , 0.179487 , 3.881006
0.923077 , 0.205128 , 3.788086
0.923077 , 0.230769 , 3.645922
0.923077 , 0.256410 , 3.452219
0.923077 , 0.282051 , 3.204361
0.923077 , 0.307692 , 2.902111
0.923077 , 0.333333 , 2.546789
0.923077 , 0.358974 , 2.142265
0.923077 , 0.384615 , 1.693484
0.923077 , 0.410256 , 1.207583
0.923077 , 0.435897 , 0.691312
0.923077 , 0.461538 , 0.153300
0.923077 , 0.487179 , -0.397280
0.923077 , 0.512821 , -0.951249
0.923077 , 0.538462 , -1.499840
0.923077 , 0.564103 , -2.033989
0.923077 , 0.589744 , -2.545240
0.923077 , 0.615385 , -3.024478
0.923077 , 0.641026 , -3.464461
0.923077 , 0.666667 , -3.859147
0.923077 , 0.692308 , -4.205328
0.923077 , 0.717949 , -4.498016
0.923077 , 0.743590 , -4.736885
0.923077 , 0.769231 , -4.921874
0.923077 , 0.794872 , -5.054329
0.923077 , 0.820513 , -5.138378
0.923077 , 0.846154 , -5.180453
0.923077 , 0.871795 , -5.188495
0.923077 , 0.897436 , -5.170998
0.923077 , 0.923077 , -5.138519
0.923077 , 0.948718 , -5.102725
0.923077 , 0.974359 , -5.074823
0.923077 , 1.000000 , -5.064496
0.948718 , 0.000000 , 4.071621
0.948718 , 0.025641 , 4.091820
0.948718 , 0.051282 , 4.144037
0.948718 , 0.076923 , 4.212734
0.948718 , 0.102564 , 4.279162
0.948718 , 0.128205 , 4.328869
0.948718 , 0.153846 , 4.346794
0.948718 , 0.179487 , 4.322157
0.948718 , 0.205128 , 4.246399
0.948718 , 0.230769 , 4.112813
0.948718 , 0.256410 , 3.917346
0.948718 , 0.282051 , 3.657698
0.948718 , 0.307692 , 3.332710
0.948718 , 0.333333 , 2.944790
0.948718 , 0.358974 , 2.498113
0.948718 , 0.384615 , 1.999163
0.948718 , 0.410256 , 1.455692
0.948718 , 0.435897 , 0.876375
0.948718 , 0.461538 , 0.271588
0.948718 , 0.487179 , -0.348995
0.948718 , 0.512821 , -0.974710
0.948718 , 0.538462 , -1.593603
0.948718 , 0.564103 , -2.195560
0.948718 , 0.589744 , -2.769972
0.948718 , 0.615385 , -3.307026
0.948718 , 0.641026 , -3.796631
0.948718 , 0.666667 , -4.233035
0.948718 , 0.692308 , -4.611861
0.948718 , 0.717949 , -4.928047
0.948718 , 0.743590 , -5.178964
0.948718 , 0.769231 , -5.365065
0.948718 , 0.794872 , -5.489047
0.948718 , 0.820513 , -5.555563
0.948718 , 0.846154 , -5.571185
0.948718 , 0.871795 , -5.546557
0.948718 , 0.897436 , -5.492103
0.948718 , 0.923077 , -5.421435
0.948718 , 0.948718 , -5.350495
0.948718 , 0.974359 , -5.296743
0.948718 , 1.000000 , -5.276346
0.974359 , 0.000000 , 4.264607
0.974359 , 0.025641 , 4.302593
0.974359 , 0.051282 , 4.396538
0.974359 , 0.076923 , 4.517196
0.974359 , 0.102564 , 4.637363
0.974359 , 0.128205 , 4.737087
0.974359 , 0.153846 , 4.799081
0.974359 , 0.179487 , 4.809528
0.974359 , 0.205128 , 4.758100
0.974359 , 0.230769 , 4.637920
0.974359 , 0.256410 , 4.443518
0.974359 , 0.282051 , 4.172035
0.974359 , 0.307692 , 3.822558
0.974359 , 0.333333 , 3.397833
0.974359 , 0.358974 , 2.903687
0.974359 , 0.384615 , 2.347269
0.974359 , 0.410256 , 1.736948
0.974359 , 0.435897 , 1.084052
0.974359 , 0.461538 , 0.400947
0.974359 , 0.487179 , -0.300077
0.974359 , 0.512821 , -1.007915
0.974359 , 0.538462 , -1.708676
0.974359 , 0.564103 , -2.389526
0.974359 , 0.589744 , -3.037461
0.974359 , 0.615385 , -3.639984
0.974359 , 0.641026 , -4.187791
0.974359 , 0.666667 , -4.671704
0.974359 , 0.692308 , -5.086876
0.974359 , 0.717949 , -5.427956
0.974359 , 0.743590 , -5.691074
0.974359 , 0.769231 , -5.876578
0.974359 , 0.794872 , -5.987658
0.974359 , 0.820513 , -6.029645
0.974359 , 0.846154 , -6.010314
0.974359 , 0.871795 , -5.941456
0.974359 , 0.897436 , -5.836357
0.974359 , 0.923077 , -5.711321
0.974359 , 0.948718 , -5.588192
0.974359 , 0.974359 , -5.492504
0.974359 , 1.000000 , -5.453857
1.000000 , 0.000000 , 4.376976
1.000000 , 0.025641 , 4.453066
1.000000 , 0.051282 , 4.618779
1.000000 , 0.076923 , 4.816838
1.000000 , 0.102564 , 5.012423
1.000000 , 0.128205 , 5.179003
1.000000 , 0.153846 , 5.299082
1.000000 , 0.179487 , 5.355240
1.000000 , 0.205128 , 5.336218
1.000000 , 0.230769 , 5.233757
1.000000 , 0.256410 , 5.042619
1.000000 , 0.282051 , 4.758860
1.000000 , 0.307692 , 4.382273
1.000000 , 0.333333 , 3.915990
1.000000 , 0.358974 , 3.366687
1.000000 , 0.384615 , 2.744019
1.000000 , 0.410256 , 2.057145
1.000000 , 0.435897 , 1.319119
1.000000 , 0.461538 , 0.544989
1.000000 , 0.487179 , -0.251122
1.000000 , 0.512821 , -1.054090
1.000000 , 0.538462 , -1.848758
1.000000 , 0.564103 , -2.619818
1.000000 , 0.589744 , -3.352374
1.000000 , 0.615385 , -4.032101
1.000000 , 0.641026 , -4.645718
1.000000 , 0.666667 , -5.184785
1.000000 , 0.692308 , -5.641582
1.000000 , 0.717949 , -6.009763
1.000000 , 0.743590 , -6.285025
1.000000 , 0.769231 , -6.467880
1.000000 , 0.794872 , -6.561134
1.000000 , 0.820513 , -6.570346
1.000000 , 0.846154 , -6.505662
1.000000 , 0.871795 , -6.379127
1.000000 , 0.897436 , -6.206355
1.000000 , 0.923077 , -6.006585
1.000000 , 0.948718 , -5.805277
1.000000 , 0.974359 , -5.637798
1.000000 , 1.000000 , -5.560807
