0.000000 , 0.000000 , -3.804227
0.000000 , 0.025641 , -3.804227
0.000000 , 0.051282 , -3.804227
0.000000 , 0.076923 , -3.804227
0.000000 , 0.102564 , -3.804227
0.000000 , 0.128205 , -3.804227
0.000000 , 0.153846 , -3.804227
0.000000 , 0.179487 , -3.804227
0.000000 , 0.205128 , -3.804227
0.000000 , 0.230769 , -3.804227
0.000000 , 0.256410 , -3.804227
0.000000 , 0.282051 , -3.804227
0.000000 , 0.307692 , -3.804227
0.000000 , 0.333333 , -3.804227
0.000000 , 0.358974 , -3.804227
0.000000 , 0.384615 , -3.804227
0.000000 , 0.410256 , -3.804227
0.000000 , 0.435897 , -3.804227
0.000000 , 0.461538 , -3.804227
0.000000 , 0.487179 , -3.804227
0.000000 , 0.512821 , -3.804227
0.000000 , 0.538462 , -3.804227
0.000000 , 0.564103 , -3.804227
0.000000 , 0.589744 , -3.804227
0.000000 , 0.615385 , -3.804227
0.000000 , 0.641026 , -3.804227
0.000000 , 0.666667 , -3.804227
0.000000 , 0.692308 , -3.804227
0.000000 , 0.717949 , -3.804227
0.000000 , 0.743590 , -3.804227
0.000000 , 0.769231 , -3.804227
0.000000 , 0.794872 , -3.804227
0.000000 , 0.820513 , -3.804227
0.000000 , 0.846154 , -3.804227
0.000000 , 0.871795 , -3.804227
0.000000 , 0.897436 , -3.804227
0.000000 , 0.923077 , -3.804227
0.000000 , 0.948718 , -3.804227
0.000000 , 0.974359 , -3.804227
0.000000 , 1.000000 , -3.804227
0.025641 , 0.000000 , -3.542339
0.025641 , 0.025641 , -3.542535
0.025641 , 0.051282 , -3.541797
0.025641 , 0.076923 , -3.540757
0.025641 , 0.102564 , -3.539432
0.025641 , 0.128205 , -3.538691
0.025641 , 0.153846 , -3.538369
0.025641 , 0.179487 , -3.538621
0.025641 , 0.205128 , -3.539352
0.025641 , 0.230769 , -3.539885
0.025641 , 0.256410 , -3.541206
0.025641 , 0.282051 , -3.542904
0.025641 , 0.307692 , -3.543929
0.025641 , 0.333333 , -3.545856
0.025641 , 0.358974 , -3.548422
0.025641 , 0.384615 , -3.550872
0.025641 , 0.410256 , -3.553310
0.025641 , 0.435897 , -3.555837
0.025641 , 0.461538 , -3.558438
0.025641 , 0.487179 , -3.560535
0.025641 , 0.512821 , -3.563302
0.025641 , 0.538462 , -3.565263
0.025641 , 0.564103 , -3.567486
0.025641 , 0.589744 , -3.569281
0.025641 , 0.615385 , -3.570700
0.025641 , 0.641026 , -3.571802
0.025641 , 0.666667 , -3.573209
0.025641 , 0.692308 , -3.574696
0.025641 , 0.717949 , -3.575649
0.025641 , 0.743590 , -3.576839
0.025641 , 0.769231 , -3.577881
0.025641 , 0.794872 , -3.578001
0.025641 , 0.820513 , -3.578058
0.025641 , 0.846154 , -3.578673
0.025641 , 0.871795 , -3.578755
0.025641 , 0.897436 , -3.579109
0.025641 , 0.923077 , -3.579836
0.025641 , 0.948718 , -3.580304
0.025641 , 0.974359 , -3.580755
0.025641 , 1.000000 , -3.581347
0.051282 , 0.000000 , -3.289001
0.051282 , 0.025641 , -3.288112
0.051282 , 0.051282 , -3.287084
0.051282 , 0.076923 , -3.285387
0.051282 , 0.102564 , -3.283433
0.051282 , 0.128205 , -3.281871
0.051282 , 0.153846 , -3.280948
0.051282 , 0.179487 , -3.281250
0.051282 , 0.205128 , -3.282945
0.051282 , 0.230769 , -3.284350
0.051282 , 0.256410 , -3.286136
0.051282 , 0.282051 , -3.288508
0.051282 , 0.307692 , -3.291240
0.051282 , 0.333333 , -3.294703
0.051282 , 0.358974 , -3.299575
0.051282 , 0.384615 , -3.304140
0.051282 , 0.410256 , -3.308807
0.051282 , 0.435897 , -3.313665
0.051282 , 0.461538 , -3.318907
0.051282 , 0.487179 , -3.323733
0.051282 , 0.512821 , -3.328350
0.051282 , 0.538462 , -3.333085
0.051282 , 0.564103 , -3.336831
0.051282 , 0.589744 , -3.340481
0.051282 , 0.615385 , -3.343316
0.051282 , 0.641026 , -3.345904
0.051282 , 0.666667 , -3.348722
0.051282 , 0.692308 , -3.351233
0.051282 , 0.717949 , -3.353077
0.051282 , 0.743590 , -3.354909
0.051282 , 0.769231 , -3.356104
0.051282 , 0.794872 , -3.357491
0.051282 , 0.820513 , -3.358301
0.051282 , 0.846154 , -3.359291
0.051282 , 0.871795 , -3.359916
0.051282 , 0.897436 , -3.359786
0.051282 , 0.923077 , -3.361099
0.051282 , 0.948718 , -3.361619
0.051282 , 0.974359 , -3.362619
0.051282 , 1.000000 , -3.363029
0.076923 , 0.000000 , -3.042579
0.076923 , 0.025641 , -3.041976
0.076923 , 0.051282 , -3.040327
0.076923 , 0.076923 , -3.038258
0.076923 , 0.102564 , -3.036303
0.076923 , 0.128205 , -3.034424
0.076923 , 0.153846 , -3.033186
0.076923 , 0.179487 , -3.033158
0.076923 , 0.205128 , -3.034684
0.076923 , 0.230769 , -3.037018
0.076923 , 0.256410 , -3.038757
0.076923 , 0.282051 , -3.041766
0.076923 , 0.307692 , -3.046065
0.076923 , 0.333333 , -3.051187
0.076923 , 0.358974 , -3.057822
0.076923 , 0.384615 , -3.064514
0.076923 , 0.410256 , -3.071030
0.076923 , 0.435897 , -3.077856
0.076923 , 0.461538 , -3.085423
0.076923 , 0.487179 , -3.092830
0.076923 , 0.512821 , -3.099946
0.076923 , 0.538462 , -3.105862
0.076923 , 0.564103 , -3.111273
0.076923 , 0.589744 , -3.116664
0.076923 , 0.615385 , -3.121798
0.076923 , 0.641026 , -3.125788
0.076923 , 0.666667 , -3.130377
0.076923 , 0.692308 , -3.134092
0.076923 , 0.717949 , -3.136763
0.076923 , 0.743590 , -3.139063
0.076923 , 0.769231 , -3.140055
0.076923 , 0.794872 , -3.142200
0.076923 , 0.820513 , -3.144241
0.076923 , 0.846154 , -3.145121
0.076923 , 0.871795 , -3.146069
0.076923 , 0.897436 , -3.146743
0.076923 , 0.923077 , -3.147846
0.076923 , 0.948718 , -3.149204
0.076923 , 0.974359 , -3.149595
0.076923 , 1.000000 , -3.150066
0.102564 , 0.000000 , -2.804004
0.102564 , 0.025641 , -2.803591
0.102564 , 0.051282 , -2.802322
0.102564 , 0.076923 , -2.800344
0.102564 , 0.102564 , -2.798365
0.102564 , 0.128205 , -2.796362
0.102564 , 0.153846 , -2.795155
0.102564 , 0.179487 , -2.794658
0.102564 , 0.205128 , -2.795348
0.102564 , 0.230769 , -2.797923
0.102564 , 0.256410 , -2.800823
0.102564 , 0.282051 , -2.804569
0.102564 , 0.307692 , -2.809672
0.102564 , 0.333333 , -2.816115
0.102564 , 0.358974 , -2.823878
0.102564 , 0.384615 , -2.832363
0.102564 , 0.410256 , -2.841135
0.102564 , 0.435897 , -2.850366
0.102564 , 0.461538 , -2.859969
0.102564 , 0.487179 , -2.868938
0.102564 , 0.512821 , -2.877019
0.102564 , 0.538462 , -2.884746
0.102564 , 0.564103 , -2.892828
0.102564 , 0.589744 , -2.900551
0.102564 , 0.615385 , -2.906949
0.102564 , 0.641026 , -2.912442
0.102564 , 0.666667 , -2.918210
0.102564 , 0.692308 , -2.923168
0.102564 , 0.717949 , -2.926745
0.102564 , 0.743590 , -2.929367
0.102564 , 0.769231 , -2.931030
0.102564 , 0.794872 , -2.933067
0.102564 , 0.820513 , -2.935434
0.102564 , 0.846154 , -2.937521
0.102564 , 0.871795 , -2.938275
0.102564 , 0.897436 , -2.939101
0.102564 , 0.923077 , -2.940001
0.102564 , 0.948718 , -2.941832
0.102564 , 0.974359 , -2.942781
0.102564 , 1.000000 , -2.942838
0.128205 , 0.000000 , -2.576077
0.128205 , 0.025641 , -2.574987
0.128205 , 0.051282 , -2.573598
0.128205 , 0.076923 , -2.571796
0.128205 , 0.102564 , -2.569707
0.128205 , 0.128205 , -2.567592
0.128205 , 0.153846 , -2.566160
0.128205 , 0.179487 , -2.565744
0.128205 , 0.205128 , -2.565907
0.128205 , 0.230769 , -2.568209
0.128205 , 0.256410 , -2.572336
0.128205 , 0.282051 , -2.577262
0.128205 , 0.307692 , -2.582608
0.128205 , 0.333333 , -2.590047
0.128205 , 0.358974 , -2.598951
0.128205 , 0.384615 , -2.608892
0.128205 , 0.410256 , -2.619767
0.128205 , 0.435897 , -2.631263
0.128205 , 0.461538 , -2.642045
0.128205 , 0.487179 , -2.652419
0.128205 , 0.512821 , -2.662285
0.128205 , 0.538462 , -2.671566
0.128205 , 0.564103 , -2.681066
0.128205 , 0.589744 , -2.690535
0.128205 , 0.615385 , -2.698112
0.128205 , 0.641026 , -2.704218
0.128205 , 0.666667 , -2.711466
0.128205 , 0.692308 , -2.718371
0.128205 , 0.717949 , -2.723910
0.128205 , 0.743590 , -2.727317
0.128205 , 0.769231 , -2.729393
0.128205 , 0.794872 , -2.730400
0.128205 , 0.820513 , -2.732647
0.128205 , 0.846154 , -2.734592
0.128205 , 0.871795 , -2.736071
0.128205 , 0.897436 , -2.737361
0.128205 , 0.923077 , -2.738052
0.128205 , 0.948718 , -2.739968
0.128205 , 0.974359 , -2.740763
0.128205 , 1.000000 , -2.740827
0.153846 , 0.000000 , -2.357244
0.153846 , 0.025641 , -2.356930
0.153846 , 0.051282 , -2.355216
0.153846 , 0.076923 , -2.353082
0.153846 , 0.102564 , -2.350455
0.153846 , 0.128205 , -2.348316
0.153846 , 0.153846 , -2.346512
0.153846 , 0.179487 , -2.346192
0.153846 , 0.205128 , -2.346879
0.153846 , 0.230769 , -2.349259
0.153846 , 0.256410 , -2.354152
0.153846 , 0.282051 , -2.359936
0.153846 , 0.307692 , -2.365799
0.153846 , 0.333333 , -2.373852
0.153846 , 0.358974 , -2.383700
0.153846 , 0.384615 , -2.394982
0.153846 , 0.410256 , -2.406788
0.153846 , 0.435897 , -2.419010
0.153846 , 0.461538 , -2.431062
0.153846 , 0.487179 , -2.442767
0.153846 , 0.512821 , -2.454650
0.153846 , 0.538462 , -2.465496
0.153846 , 0.564103 , -2.475808
0.153846 , 0.589744 , -2.486536
0.153846 , 0.615385 , -2.495648
0.153846 , 0.641026 , -2.503704
0.153846 , 0.666667 , -2.512325
0.153846 , 0.692308 , -2.520308
0.153846 , 0.717949 , -2.526028
0.153846 , 0.743590 , -2.530349
0.153846 , 0.769231 , -2.533138
0.153846 , 0.794872 , -2.534557
0.153846 , 0.820513 , -2.536297
0.153846 , 0.846154 , -2.538377
0.153846 , 0.871795 , -2.539947
0.153846 , 0.897436 , -2.540931
0.153846 , 0.923077 , -2.542015
0.153846 , 0.948718 , -2.542515
0.153846 , 0.974359 , -2.543456
0.153846 , 1.000000 , -2.543962
0.179487 , 0.000000 , -2.149524
0.179487 , 0.025641 , -2.148423
0.179487 , 0.051282 , -2.146756
0.179487 , 0.076923 , -2.144748
0.179487 , 0.102564 , -2.142294
0.179487 , 0.128205 , -2.139972
0.179487 , 0.153846 , -2.137659
0.179487 , 0.179487 , -2.136906
0.179487 , 0.205128 , -2.138123
0.179487 , 0.230769 , -2.140751
0.179487 , 0.256410 , -2.145499
0.179487 , 0.282051 , -2.151837
0.179487 , 0.307692 , -2.158526
0.179487 , 0.333333 , -2.167287
0.179487 , 0.358974 , -2.178065
0.179487 , 0.384615 , -2.189657
0.179487 , 0.410256 , -2.202330
0.179487 , 0.435897 , -2.215184
0.179487 , 0.461538 , -2.227999
0.179487 , 0.487179 , -2.240213
0.179487 , 0.512821 , -2.253095
0.179487 , 0.538462 , -2.266046
0.179487 , 0.564103 , -2.278401
0.179487 , 0.589744 , -2.289778
0.179487 , 0.615385 , -2.300375
0.179487 , 0.641026 , -2.309995
0.179487 , 0.666667 , -2.319530
0.179487 , 0.692308 , -2.327655
0.179487 , 0.717949 , -2.333646
0.179487 , 0.743590 , -2.338867
0.179487 , 0.769231 , -2.342288
0.179487 , 0.794872 , -2.344074
0.179487 , 0.820513 , -2.346285
0.179487 , 0.846154 , -2.347685
0.179487 , 0.871795 , -2.349378
0.179487 , 0.897436 , -2.350249
0.179487 , 0.923077 , -2.351218
0.179487 , 0.948718 , -2.351284
0.179487 , 0.974359 , -2.351743
0.179487 , 1.000000 , -2.352650
0.205128 , 0.000000 , -1.952356
0.205128 , 0.025641 , -1.951014
0.205128 , 0.051282 , -1.949045
0.205128 , 0.076923 , -1.947526
0.205128 , 0.102564 , -1.945037
0.205128 , 0.128205 , -1.942739
0.205128 , 0.153846 , -1.940360
0.205128 , 0.179487 , -1.939264
0.205128 , 0.205128 , -1.940295
0.205128 , 0.230769 , -1.943301
0.205128 , 0.256410 , -1.948019
0.205128 , 0.282051 , -1.954926
0.205128 , 0.307692 , -1.962330
0.205128 , 0.333333 , -1.970936
0.205128 , 0.358974 , -1.981612
0.205128 , 0.384615 , -1.994291
0.205128 , 0.410256 , -2.006669
0.205128 , 0.435897 , -2.019790
0.205128 , 0.461538 , -2.033672
0.205128 , 0.487179 , -2.046825
0.205128 , 0.512821 , -2.059760
0.205128 , 0.538462 , -2.073439
0.205128 , 0.564103 , -2.087160
0.205128 , 0.589744 , -2.099408
0.205128 , 0.615385 , -2.110690
0.205128 , 0.641026 , -2.122101
0.205128 , 0.666667 , -2.132977
0.205128 , 0.692308 , -2.141760
0.205128 , 0.717949 , -2.147970
0.205128 , 0.743590 , -2.153162
0.205128 , 0.769231 , -2.156387
0.205128 , 0.794872 , -2.159312
0.205128 , 0.820513 , -2.161871
0.205128 , 0.846154 , -2.162889
0.205128 , 0.871795 , -2.163355
0.205128 , 0.897436 , -2.164325
0.205128 , 0.923077 , -2.165760
0.205128 , 0.948718 , -2.166061
0.205128 , 0.974359 , -2.166662
0.205128 , 1.000000 , -2.166700
0.230769 , 0.000000 , -1.764147
0.230769 , 0.025641 , -1.763349
0.230769 , 0.051282 , -1.761451
0.230769 , 0.076923 , -1.759834
0.230769 , 0.102564 , -1.757587
0.230769 , 0.128205 , -1.755556
0.230769 , 0.153846 , -1.753032
0.230769 , 0.179487 , -1.752318
0.230769 , 0.205128 , -1.753912
0.230769 , 0.230769 , -1.757435
0.230769 , 0.256410 , -1.762218
0.230769 , 0.282051 , -1.769082
0.230769 , 0.307692 , -1.776845
0.230769 , 0.333333 , -1.784937
0.230769 , 0.358974 , -1.794517
0.230769 , 0.384615 , -1.806331
0.230769 , 0.410256 , -1.818544
0.230769 , 0.435897 , -1.832277
0.230769 , 0.461538 , -1.846486
0.230769 , 0.487179 , -1.860435
0.230769 , 0.512821 , -1.873870
0.230769 , 0.538462 , -1.887959
0.230769 , 0.564103 , -1.902341
0.230769 , 0.589744 , -1.915788
0.230769 , 0.615385 , -1.927849
0.230769 , 0.641026 , -1.939747
0.230769 , 0.666667 , -1.951216
0.230769 , 0.692308 , -1.960391
0.230769 , 0.717949 , -1.966734
0.230769 , 0.743590 , -1.971781
0.230769 , 0.769231 , -1.975820
0.230769 , 0.794872 , -1.980001
0.230769 , 0.820513 , -1.983236
0.230769 , 0.846154 , -1.983981
0.230769 , 0.871795 , -1.984159
0.230769 , 0.897436 , -1.984977
0.230769 , 0.923077 , -1.985550
0.230769 , 0.948718 , -1.986399
0.230769 , 0.974359 , -1.986200
0.230769 , 1.000000 , -1.986234
0.256410 , 0.000000 , -1.585927
0.256410 , 0.025641 , -1.585205
0.256410 , 0.051282 , -1.583640
0.256410 , 0.076923 , -1.581395
0.256410 , 0.102564 , -1.579253
0.256410 , 0.128205 , -1.577535
0.256410 , 0.153846 , -1.576034
0.256410 , 0.179487 , -1.575796
0.256410 , 0.205128 , -1.577603
0.256410 , 0.230769 , -1.581092
0.256410 , 0.256410 , -1.585961
0.256410 , 0.282051 , -1.592278
0.256410 , 0.307692 , -1.599453
0.256410 , 0.333333 , -1.607849
0.256410 , 0.358974 , -1.617303
0.256410 , 0.384615 , -1.628617
0.256410 , 0.410256 , -1.640452
0.256410 , 0.435897 , -1.653709
0.256410 , 0.461538 , -1.668061
0.256410 , 0.487179 , -1.681838
0.256410 , 0.512821 , -1.695904
0.256410 , 0.538462 , -1.710701
0.256410 , 0.564103 , -1.725627
0.256410 , 0.589744 , -1.739331
0.256410 , 0.615385 , -1.751365
0.256410 , 0.641026 , -1.762592
0.256410 , 0.666667 , -1.773826
0.256410 , 0.692308 , -1.783971
0.256410 , 0.717949 , -1.791410
0.256410 , 0.743590 , -1.797151
0.256410 , 0.769231 , -1.801501
0.256410 , 0.794872 , -1.806019
0.256410 , 0.820513 , -1.809357
0.256410 , 0.846154 , -1.810360
0.256410 , 0.871795 , -1.811024
0.256410 , 0.897436 , -1.811670
0.256410 , 0.923077 , -1.812298
0.256410 , 0.948718 , -1.812335
0.256410 , 0.974359 , -1.812164
0.256410 , 1.000000 , -1.811620
0.282051 , 0.000000 , -1.417922
0.282051 , 0.025641 , -1.416956
0.282051 , 0.051282 , -1.415705
0.282051 , 0.076923 , -1.413807
0.282051 , 0.102564 , -1.411686
0.282051 , 0.128205 , -1.410114
0.282051 , 0.153846 , -1.409283
0.282051 , 0.179487 , -1.409814
0.282051 , 0.205128 , -1.411640
0.282051 , 0.230769 , -1.415001
0.282051 , 0.256410 , -1.419645
0.282051 , 0.282051 , -1.425911
0.282051 , 0.307692 , -1.432793
0.282051 , 0.333333 , -1.440060
0.282051 , 0.358974 , -1.449664
0.282051 , 0.384615 , -1.460517
0.282051 , 0.410256 , -1.472079
0.282051 , 0.435897 , -1.484821
0.282051 , 0.461538 , -1.498298
0.282051 , 0.487179 , -1.511726
0.282051 , 0.512821 , -1.525823
0.282051 , 0.538462 , -1.540416
0.282051 , 0.564103 , -1.555099
0.282051 , 0.589744 , -1.568221
0.282051 , 0.615385 , -1.580822
0.282051 , 0.641026 , -1.592197
0.282051 , 0.666667 , -1.602375
0.282051 , 0.692308 , -1.611798
0.282051 , 0.717949 , -1.619986
0.282051 , 0.743590 , -1.626621
0.282051 , 0.769231 , -1.631977
0.282051 , 0.794872 , -1.637018
0.282051 , 0.820513 , -1.640170
0.282051 , 0.846154 , -1.641646
0.282051 , 0.871795 , -1.642710
0.282051 , 0.897436 , -1.643194
0.282051 , 0.923077 , -1.644175
0.282051 , 0.948718 , -1.644392
0.282051 , 0.974359 , -1.644519
0.282051 , 1.000000 , -1.644896
0.307692 , 0.000000 , -1.259559
0.307692 , 0.025641 , -1.258806
0.307692 , 0.051282 , -1.257614
0.307692 , 0.076923 , -1.256133
0.307692 , 0.102564 , -1.254294
0.307692 , 0.128205 , -1.252774
0.307692 , 0.153846 , -1.252283
0.307692 , 0.179487 , -1.253301
0.307692 , 0.205128 , -1.255234
0.307692 , 0.230769 , -1.258660
0.307692 , 0.256410 , -1.263246
0.307692 , 0.282051 , -1.268289
0.307692 , 0.307692 , -1.274341
0.307692 , 0.333333 , -1.281481
0.307692 , 0.358974 , -1.290918
0.307692 , 0.384615 , -1.301753
0.307692 , 0.410256 , -1.313138
0.307692 , 0.435897 , -1.325228
0.307692 , 0.461538 , -1.337474
0.307692 , 0.487179 , -1.349834
0.307692 , 0.512821 , -1.363470
0.307692 , 0.538462 , -1.377231
0.307692 , 0.564103 , -1.390971
0.307692 , 0.589744 , -1.403808
0.307692 , 0.615385 , -1.416260
0.307692 , 0.641026 , -1.427496
0.307692 , 0.666667 , -1.437637
0.307692 , 0.692308 , -1.447207
0.307692 , 0.717949 , -1.455390
0.307692 , 0.743590 , -1.462639
0.307692 , 0.769231 , -1.468135
0.307692 , 0.794872 , -1.472908
0.307692 , 0.820513 , -1.476396
0.307692 , 0.846154 , -1.478829
0.307692 , 0.871795 , -1.480828
0.307692 , 0.897436 , -1.481145
0.307692 , 0.923077 , -1.481807
0.307692 , 0.948718 , -1.482120
0.307692 , 0.974359 , -1.482490
0.307692 , 1.000000 , -1.482707
0.333333 , 0.000000 , -1.110736
0.333333 , 0.025641 , -1.110384
0.333333 , 0.051282 , -1.109020
0.333333 , 0.076923 , -1.107992
0.333333 , 0.102564 , -1.106312
0.333333 , 0.128205 , -1.105204
0.333333 , 0.153846 , -1.105337
0.333333 , 0.179487 , -1.107144
0.333333 , 0.205128 , -1.109727
0.333333 , 0.230769 , -1.113069
0.333333 , 0.256410 , -1.116389
0.333333 , 0.282051 , -1.120422
0.333333 , 0.307692 , -1.125777
0.333333 , 0.333333 , -1.132594
0.333333 , 0.358974 , -1.141482
0.333333 , 0.384615 , -1.151673
0.333333 , 0.410256 , -1.162420
0.333333 , 0.435897 , -1.173290
0.333333 , 0.461538 , -1.184270
0.333333 , 0.487179 , -1.195303
0.333333 , 0.512821 , -1.207819
0.333333 , 0.538462 , -1.220851
0.333333 , 0.564103 , -1.233523
0.333333 , 0.589744 , -1.246126
0.333333 , 0.615385 , -1.257907
0.333333 , 0.641026 , -1.268683
0.333333 , 0.666667 , -1.278487
0.333333 , 0.692308 , -1.287610
0.333333 , 0.717949 , -1.295497
0.333333 , 0.743590 , -1.303784
0.333333 , 0.769231 , -1.310585
0.333333 , 0.794872 , -1.315628
0.333333 , 0.820513 , -1.319348
0.333333 , 0.846154 , -1.321976
0.333333 , 0.871795 , -1.324096
0.333333 , 0.897436 , -1.325467
0.333333 , 0.923077 , -1.326315
0.333333 , 0.948718 , -1.326292
0.333333 , 0.974359 , -1.326252
0.333333 , 1.000000 , -1.325888
0.358974 , 0.000000 , -0.970433
0.358974 , 0.025641 , -0.970156
0.358974 , 0.051282 , -0.969434
0.358974 , 0.076923 , -0.968946
0.358974 , 0.102564 , -0.967948
0.358974 , 0.128205 , -0.967946
0.358974 , 0.153846 , -0.968090
0.358974 , 0.179487 , -0.970123
0.358974 , 0.205128 , -0.973153
0.358974 , 0.230769 , -0.975761
0.358974 , 0.256410 , -0.978664
0.358974 , 0.282051 , -0.981896
0.358974 , 0.307692 , -0.987438
0.358974 , 0.333333 , -0.993780
0.358974 , 0.358974 , -1.001784
0.358974 , 0.384615 , -1.010810
0.358974 , 0.410256 , -1.020050
0.358974 , 0.435897 , -1.029374
0.358974 , 0.461538 , -1.039377
0.358974 , 0.487179 , -1.049186
0.358974 , 0.512821 , -1.060373
0.358974 , 0.538462 , -1.072062
0.358974 , 0.564103 , -1.083424
0.358974 , 0.589744 , -1.094414
0.358974 , 0.615385 , -1.105292
0.358974 , 0.641026 , -1.115415
0.358974 , 0.666667 , -1.125104
0.358974 , 0.692308 , -1.133961
0.358974 , 0.717949 , -1.142206
0.358974 , 0.743590 , -1.150337
0.358974 , 0.769231 , -1.157746
0.358974 , 0.794872 , -1.163725
0.358974 , 0.820513 , -1.168437
0.358974 , 0.846154 , -1.171739
0.358974 , 0.871795 , -1.174178
0.358974 , 0.897436 , -1.175431
0.358974 , 0.923077 , -1.176095
0.358974 , 0.948718 , -1.176526
0.358974 , 0.974359 , -1.176676
0.358974 , 1.000000 , -1.176299
0.384615 , 0.000000 , -0.838559
0.384615 , 0.025641 , -0.838535
0.384615 , 0.051282 , -0.838312
0.384615 , 0.076923 , -0.838446
0.384615 , 0.102564 , -0.838362
0.384615 , 0.128205 , -0.839180
0.384615 , 0.153846 , -0.839918
0.384615 , 0.179487 , -0.842016
0.384615 , 0.205128 , -0.845291
0.384615 , 0.230769 , -0.847780
0.384615 , 0.256410 , -0.849664
0.384615 , 0.282051 , -0.852541
0.384615 , 0.307692 , -0.857968
0.384615 , 0.333333 , -0.864107
0.384615 , 0.358974 , -0.870788
0.384615 , 0.384615 , -0.878341
0.384615 , 0.410256 , -0.886090
0.384615 , 0.435897 , -0.894078
0.384615 , 0.461538 , -0.902660
0.384615 , 0.487179 , -0.911141
0.384615 , 0.512821 , -0.920707
0.384615 , 0.538462 , -0.930378
0.384615 , 0.564103 , -0.940494
0.384615 , 0.589744 , -0.950301
0.384615 , 0.615385 , -0.959979
0.384615 , 0.641026 , -0.969512
0.384615 , 0.666667 , -0.978764
0.384615 , 0.692308 , -0.987264
0.384615 , 0.717949 , -0.994892
0.384615 , 0.743590 , -1.003004
0.384615 , 0.769231 , -1.011071
0.384615 , 0.794872 , -1.017412
0.384615 , 0.820513 , -1.022381
0.384615 , 0.846154 , -1.026535
0.384615 , 0.871795 , -1.029059
0.384615 , 0.897436 , -1.030732
0.384615 , 0.923077 , -1.031755
0.384615 , 0.948718 , -1.032264
0.384615 , 0.974359 , -1.032441
0.384615 , 1.000000 , -1.032310
0.410256 , 0.000000 , -0.715580
0.410256 , 0.025641 , -0.716039
0.410256 , 0.051282 , -0.716213
0.410256 , 0.076923 , -0.716750
0.410256 , 0.102564 , -0.717748
0.410256 , 0.128205 , -0.718545
0.410256 , 0.153846 , -0.719762
0.410256 , 0.179487 , -0.721812
0.410256 , 0.205128 , -0.724566
0.410256 , 0.230769 , -0.727136
0.410256 , 0.256410 , -0.729144
0.410256 , 0.282051 , -0.732135
0.410256 , 0.307692 , -0.736530
0.410256 , 0.333333 , -0.742174
0.410256 , 0.358974 , -0.748212
0.410256 , 0.384615 , -0.754157
0.410256 , 0.410256 , -0.760497
0.410256 , 0.435897 , -0.767124
0.410256 , 0.461538 , -0.774136
0.410256 , 0.487179 , -0.781195
0.410256 , 0.512821 , -0.789360
0.410256 , 0.538462 , -0.797339
0.410256 , 0.564103 , -0.805680
0.410256 , 0.589744 , -0.814067
0.410256 , 0.615385 , -0.822676
0.410256 , 0.641026 , -0.831569
0.410256 , 0.666667 , -0.839306
0.410256 , 0.692308 , -0.847109
0.410256 , 0.717949 , -0.854241
0.410256 , 0.743590 , -0.861608
0.410256 , 0.769231 , -0.869729
0.410256 , 0.794872 , -0.876394
0.410256 , 0.820513 , -0.881505
0.410256 , 0.846154 , -0.886220
0.410256 , 0.871795 , -0.889116
0.410256 , 0.897436 , -0.891178
0.410256 , 0.923077 , -0.892161
0.410256 , 0.948718 , -0.892505
0.410256 , 0.974359 , -0.892619
0.410256 , 1.000000 , -0.892782
0.435897 , 0.000000 , -0.602080
0.435897 , 0.025641 , -0.602187
0.435897 , 0.051282 , -0.603025
0.435897 , 0.076923 , -0.603480
0.435897 , 0.102564 , -0.604697
0.435897 , 0.128205 , -0.606718
0.435897 , 0.153846 , -0.608672
0.435897 , 0.179487 , -0.610450
0.435897 , 0.205128 , -0.612757
0.435897 , 0.230769 , -0.615537
0.435897 , 0.256410 , -0.618098
0.435897 , 0.282051 , -0.620856
0.435897 , 0.307692 , -0.624394
0.435897 , 0.333333 , -0.628771
0.435897 , 0.358974 , -0.633630
0.435897 , 0.384615 , -0.638895
0.435897 , 0.410256 , -0.643641
0.435897 , 0.435897 , -0.648829
0.435897 , 0.461538 , -0.653936
0.435897 , 0.487179 , -0.659347
0.435897 , 0.512821 , -0.665919
0.435897 , 0.538462 , -0.672409
0.435897 , 0.564103 , -0.678962
0.435897 , 0.589744 , -0.686159
0.435897 , 0.615385 , -0.692818
0.435897 , 0.641026 , -0.700805
0.435897 , 0.666667 , -0.707512
0.435897 , 0.692308 , -0.714105
0.435897 , 0.717949 , -0.720848
0.435897 , 0.743590 , -0.727790
0.435897 , 0.769231 , -0.735009
0.435897 , 0.794872 , -0.741282
0.435897 , 0.820513 , -0.746498
0.435897 , 0.846154 , -0.751250
0.435897 , 0.871795 , -0.754123
0.435897 , 0.897436 , -0.756031
0.435897 , 0.923077 , -0.756748
0.435897 , 0.948718 , -0.757398
0.435897 , 0.974359 , -0.757505
0.435897 , 1.000000 , -0.757517
0.461538 , 0.000000 , -0.496961
0.461538 , 0.025641 , -0.497008
0.461538 , 0.051282 , -0.497771
0.461538 , 0.076923 , -0.498634
0.461538 , 0.102564 , -0.500634
0.461538 , 0.128205 , -0.503352
0.461538 , 0.153846 , -0.505873
0.461538 , 0.179487 , -0.508675
0.461538 , 0.205128 , -0.510926
0.461538 , 0.230769 , -0.513320
0.461538 , 0.256410 , -0.515527
0.461538 , 0.282051 , -0.517593
0.461538 , 0.307692 , -0.520075
0.461538 , 0.333333 , -0.523525
0.461538 , 0.358974 , -0.527094
0.461538 , 0.384615 , -0.531066
0.461538 , 0.410256 , -0.534765
0.461538 , 0.435897 , -0.538420
0.461538 , 0.461538 , -0.542015
0.461538 , 0.487179 , -0.546124
0.461538 , 0.512821 , -0.550336
0.461538 , 0.538462 , -0.555124
0.461538 , 0.564103 , -0.559443
0.461538 , 0.589744 , -0.565038
0.461538 , 0.615385 , -0.570374
0.461538 , 0.641026 , -0.576776
0.461538 , 0.666667 , -0.582955
0.461538 , 0.692308 , -0.588397
0.461538 , 0.717949 , -0.594411
0.461538 , 0.743590 , -0.600196
0.461538 , 0.769231 , -0.605899
0.461538 , 0.794872 , -0.611467
0.461538 , 0.820513 , -0.617118
0.461538 , 0.846154 , -0.621925
0.461538 , 0.871795 , -0.625305
0.461538 , 0.897436 , -0.627087
0.461538 , 0.923077 , -0.627439
0.461538 , 0.948718 , -0.628060
0.461538 , 0.974359 , -0.628583
0.461538 , 1.000000 , -0.628356
0.487179 , 0.000000 , -0.399489
0.487179 , 0.025641 , -0.400012
0.487179 , 0.051282 , -0.400284
0.487179 , 0.076923 , -0.401469
0.487179 , 0.102564 , -0.404148
0.487179 , 0.128205 , -0.407452
0.487179 , 0.153846 , -0.410931
0.487179 , 0.179487 , -0.414699
0.487179 , 0.205128 , -0.416714
0.487179 , 0.230769 , -0.418661
0.487179 , 0.256410 , -0.420183
0.487179 , 0.282051 , -0.421881
0.487179 , 0.307692 , -0.423431
0.487179 , 0.333333 , -0.425259
0.487179 , 0.358974 , -0.427880
0.487179 , 0.384615 , -0.430819
0.487179 , 0.410256 , -0.433214
0.487179 , 0.435897 , -0.435432
0.487179 , 0.461538 , -0.437731
0.487179 , 0.487179 , -0.440152
0.487179 , 0.512821 , -0.442522
0.487179 , 0.538462 , -0.445188
0.487179 , 0.564103 , -0.448096
0.487179 , 0.589744 , -0.451348
0.487179 , 0.615385 , -0.454845
0.487179 , 0.641026 , -0.459428
0.487179 , 0.666667 , -0.464512
0.487179 , 0.692308 , -0.469184
0.487179 , 0.717949 , -0.474144
0.487179 , 0.743590 , -0.478848
0.487179 , 0.769231 , -0.483862
0.487179 , 0.794872 , -0.488384
0.487179 , 0.820513 , -0.493643
0.487179 , 0.846154 , -0.498075
0.487179 , 0.871795 , -0.501768
0.487179 , 0.897436 , -0.504728
0.487179 , 0.923077 , -0.505273
0.487179 , 0.948718 , -0.505092
0.487179 , 0.974359 , -0.504994
0.487179 , 1.000000 , -0.505308
0.512821 , 0.000000 , -0.309485
0.512821 , 0.025641 , -0.310507
0.512821 , 0.051282 , -0.311181
0.512821 , 0.076923 , -0.312839
0.512821 , 0.102564 , -0.315734
0.512821 , 0.128205 , -0.319575
0.512821 , 0.153846 , -0.322966
0.512821 , 0.179487 , -0.327135
0.512821 , 0.205128 , -0.329492
0.512821 , 0.230769 , -0.331100
0.512821 , 0.256410 , -0.332324
0.512821 , 0.282051 , -0.334104
0.512821 , 0.307692 , -0.335055
0.512821 , 0.333333 , -0.335152
0.512821 , 0.358974 , -0.336119
0.512821 , 0.384615 , -0.337697
0.512821 , 0.410256 , -0.338444
0.512821 , 0.435897 , -0.339646
0.512821 , 0.461538 , -0.340576
0.512821 , 0.487179 , -0.341265
0.512821 , 0.512821 , -0.342253
0.512821 , 0.538462 , -0.343101
0.512821 , 0.564103 , -0.343870
0.512821 , 0.589744 , -0.345146
0.512821 , 0.615385 , -0.346322
0.512821 , 0.641026 , -0.348700
0.512821 , 0.666667 , -0.352230
0.512821 , 0.692308 , -0.355951
0.512821 , 0.717949 , -0.359746
0.512821 , 0.743590 , -0.363508
0.512821 , 0.769231 , -0.367956
0.512821 , 0.794872 , -0.372213
0.512821 , 0.820513 , -0.376194
0.512821 , 0.846154 , -0.379800
0.512821 , 0.871795 , -0.383536
0.512821 , 0.897436 , -0.386572
0.512821 , 0.923077 , -0.388066
0.512821 , 0.948718 , -0.388330
0.512821 , 0.974359 , -0.388150
0.512821 , 1.000000 , -0.388154
0.538462 , 0.000000 , -0.226764
0.538462 , 0.025641 , -0.227425
0.538462 , 0.051282 , -0.228685
0.538462 , 0.076923 , -0.231289
0.538462 , 0.102564 , -0.234779
0.538462 , 0.128205 , -0.238931
0.538462 , 0.153846 , -0.242364
0.538462 , 0.179487 , -0.246192
0.538462 , 0.205128 , -0.248255
0.538462 , 0.230769 , -0.250032
0.538462 , 0.256410 , -0.250910
0.538462 , 0.282051 , -0.252592
0.538462 , 0.307692 , -0.253526
0.538462 , 0.333333 , -0.252512
0.538462 , 0.358974 , -0.252110
0.538462 , 0.384615 , -0.251699
0.538462 , 0.410256 , -0.250792
0.538462 , 0.435897 , -0.250471
0.538462 , 0.461538 , -0.250201
0.538462 , 0.487179 , -0.249400
0.538462 , 0.512821 , -0.248550
0.538462 , 0.538462 , -0.247834
0.538462 , 0.564103 , -0.246157
0.538462 , 0.589744 , -0.245199
0.538462 , 0.615385 , -0.244256
0.538462 , 0.641026 , -0.244773
0.538462 , 0.666667 , -0.246487
0.538462 , 0.692308 , -0.249066
0.538462 , 0.717949 , -0.251727
0.538462 , 0.743590 , -0.254747
0.538462 , 0.769231 , -0.257941
0.538462 , 0.794872 , -0.261526
0.538462 , 0.820513 , -0.264838
0.538462 , 0.846154 , -0.267702
0.538462 , 0.871795 , -0.271022
0.538462 , 0.897436 , -0.274322
0.538462 , 0.923077 , -0.275852
0.538462 , 0.948718 , -0.276633
0.538462 , 0.974359 , -0.276926
0.538462 , 1.000000 , -0.277299
0.564103 , 0.000000 , -0.150255
0.564103 , 0.025641 , -0.150236
0.564103 , 0.051282 , -0.151826
0.564103 , 0.076923 , -0.155547
0.564103 , 0.102564 , -0.159721
0.564103 , 0.128205 , -0.164453
0.564103 , 0.153846 , -0.168036
0.564103 , 0.179487 , -0.171123
0.564103 , 0.205128 , -0.173748
0.564103 , 0.230769 , -0.175141
0.564103 , 0.256410 , -0.175610
0.564103 , 0.282051 , -0.176550
0.564103 , 0.307692 , -0.176755
0.564103 , 0.333333 , -0.175685
0.564103 , 0.358974 , -0.173755
0.564103 , 0.384615 , -0.171731
0.564103 , 0.410256 , -0.169424
0.564103 , 0.435897 , -0.167944
0.564103 , 0.461538 , -0.166524
0.564103 , 0.487179 , -0.164336
0.564103 , 0.512821 , -0.161849
0.564103 , 0.538462 , -0.159133
0.564103 , 0.564103 , -0.155222
0.564103 , 0.589744 , -0.151399
0.564103 , 0.615385 , -0.148839
0.564103 , 0.641026 , -0.147504
0.564103 , 0.666667 , -0.147549
0.564103 , 0.692308 , -0.149317
0.564103 , 0.717949 , -0.150740
0.564103 , 0.743590 , -0.153004
0.564103 , 0.769231 , -0.154608
0.564103 , 0.794872 , -0.156467
0.564103 , 0.820513 , -0.158621
0.564103 , 0.846154 , -0.161026
0.564103 , 0.871795 , -0.163929
0.564103 , 0.897436 , -0.166769
0.564103 , 0.923077 , -0.169333
0.564103 , 0.948718 , -0.170512
0.564103 , 0.974359 , -0.171591
0.564103 , 1.000000 , -0.172201
0.589744 , 0.000000 , -0.078514
0.589744 , 0.025641 , -0.079341
0.589744 , 0.051282 , -0.081406
0.589744 , 0.076923 , -0.085206
0.589744 , 0.102564 , -0.089842
0.589744 , 0.128205 , -0.094491
0.589744 , 0.153846 , -0.097989
0.589744 , 0.179487 , -0.100917
0.589744 , 0.205128 , -0.103907
0.589744 , 0.230769 , -0.105728
0.589744 , 0.256410 , -0.106295
0.589744 , 0.282051 , -0.106537
0.589744 , 0.307692 , -0.105870
0.589744 , 0.333333 , -0.104156
0.589744 , 0.358974 , -0.101099
0.589744 , 0.384615 , -0.097887
0.589744 , 0.410256 , -0.094795
0.589744 , 0.435897 , -0.091655
0.589744 , 0.461538 , -0.089037
0.589744 , 0.487179 , -0.085608
0.589744 , 0.512821 , -0.081387
0.589744 , 0.538462 , -0.076606
0.589744 , 0.564103 , -0.070855
0.589744 , 0.589744 , -0.065001
0.589744 , 0.615385 , -0.060191
0.589744 , 0.641026 , -0.057073
0.589744 , 0.666667 , -0.054831
0.589744 , 0.692308 , -0.054817
0.589744 , 0.717949 , -0.055304
0.589744 , 0.743590 , -0.056186
0.589744 , 0.769231 , -0.056902
0.589744 , 0.794872 , -0.057469
0.589744 , 0.820513 , -0.058378
0.589744 , 0.846154 , -0.060484
0.589744 , 0.871795 , -0.063767
0.589744 , 0.897436 , -0.066263
0.589744 , 0.923077 , -0.068622
0.589744 , 0.948718 , -0.070558
0.589744 , 0.974359 , -0.071309
0.589744 , 1.000000 , -0.072120
0.615385 , 0.000000 , -0.012797
0.615385 , 0.025641 , -0.013716
0.615385 , 0.051282 , -0.016649
0.615385 , 0.076923 , -0.020383
0.615385 , 0.102564 , -0.025523
0.615385 , 0.128205 , -0.029623
0.615385 , 0.153846 , -0.033273
0.615385 , 0.179487 , -0.036021
0.615385 , 0.205128 , -0.039025
0.615385 , 0.230769 , -0.040720
0.615385 , 0.256410 , -0.041001
0.615385 , 0.282051 , -0.040621
0.615385 , 0.307692 , -0.039456
0.615385 , 0.333333 , -0.036756
0.615385 , 0.358974 , -0.033535
0.615385 , 0.384615 , -0.029761
0.615385 , 0.410256 , -0.025959
0.615385 , 0.435897 , -0.021420
0.615385 , 0.461538 , -0.016898
0.615385 , 0.487179 , -0.012245
0.615385 , 0.512821 , -0.006899
0.615385 , 0.538462 , -0.000788
0.615385 , 0.564103 , 0.006805
0.615385 , 0.589744 , 0.014409
0.615385 , 0.615385 , 0.021103
0.615385 , 0.641026 , 0.026296
0.615385 , 0.666667 , 0.030618
0.615385 , 0.692308 , 0.033177
0.615385 , 0.717949 , 0.034498
0.615385 , 0.743590 , 0.035265
0.615385 , 0.769231 , 0.035830
0.615385 , 0.794872 , 0.035802
0.615385 , 0.820513 , 0.034571
0.615385 , 0.846154 , 0.032776
0.615385 , 0.871795 , 0.030219
0.615385 , 0.897436 , 0.027910
0.615385 , 0.923077 , 0.025762
0.615385 , 0.948718 , 0.024038
0.615385 , 0.974359 , 0.023122
0.615385 , 1.000000 , 0.022337
0.641026 , 0.000000 , 0.046149
0.641026 , 0.025641 , 0.045288
0.641026 , 0.051282 , 0.042519
0.641026 , 0.076923 , 0.039069
0.641026 , 0.102564 , 0.033582
0.641026 , 0.128205 , 0.029350
0.641026 , 0.153846 , 0.026049
0.641026 , 0.179487 , 0.023220
0.641026 , 0.205128 , 0.020688
0.641026 , 0.230769 , 0.019916
0.641026 , 0.256410 , 0.020187
0.641026 , 0.282051 , 0.020640
0.641026 , 0.307692 , 0.022162
0.641026 , 0.333333 , 0.025667
0.641026 , 0.358974 , 0.029374
0.641026 , 0.384615 , 0.033418
0.641026 , 0.410256 , 0.037837
0.641026 , 0.435897 , 0.043037
0.641026 , 0.461538 , 0.048394
0.641026 , 0.487179 , 0.054730
0.641026 , 0.512821 , 0.061861
0.641026 , 0.538462 , 0.069378
0.641026 , 0.564103 , 0.077986
0.641026 , 0.589744 , 0.086875
0.641026 , 0.615385 , 0.094794
0.641026 , 0.641026 , 0.101275
0.641026 , 0.666667 , 0.107631
0.641026 , 0.692308 , 0.113116
0.641026 , 0.717949 , 0.116899
0.641026 , 0.743590 , 0.119531
0.641026 , 0.769231 , 0.121378
0.641026 , 0.794872 , 0.122709
0.641026 , 0.820513 , 0.122135
0.641026 , 0.846154 , 0.120243
0.641026 , 0.871795 , 0.118438
0.641026 , 0.897436 , 0.116443
0.641026 , 0.923077 , 0.114536
0.641026 , 0.948718 , 0.113146
0.641026 , 0.974359 , 0.111555
0.641026 , 1.000000 , 0.110776
0.666667 , 0.000000 , 0.099367
0.666667 , 0.025641 , 0.098713
0.666667 , 0.051282 , 0.096300
0.666667 , 0.076923 , 0.092843
0.666667 , 0.102564 , 0.087863
0.666667 , 0.128205 , 0.083717
0.666667 , 0.153846 , 0.080117
0.666667 , 0.179487 , 0.077855
0.666667 , 0.205128 , 0.076122
0.666667 , 0.230769 , 0.076289
0.666667 , 0.256410 , 0.076435
0.666667 , 0.282051 , 0.077290
0.666667 , 0.307692 , 0.079190
0.666667 , 0.333333 , 0.082552
0.666667 , 0.358974 , 0.086321
0.666667 , 0.384615 , 0.090693
0.666667 , 0.410256 , 0.096271
0.666667 , 0.435897 , 0.101877
0.666667 , 0.461538 , 0.107878
0.666667 , 0.487179 , 0.115252
0.666667 , 0.512821 , 0.123815
0.666667 , 0.538462 , 0.132943
0.666667 , 0.564103 , 0.142622
0.666667 , 0.589744 , 0.152666
0.666667 , 0.615385 , 0.161951
0.666667 , 0.641026 , 0.169716
0.666667 , 0.666667 , 0.176876
0.666667 , 0.692308 , 0.184247
0.666667 , 0.717949 , 0.190720
0.666667 , 0.743590 , 0.195735
0.666667 , 0.769231 , 0.198639
0.666667 , 0.794872 , 0.201334
0.666667 , 0.820513 , 0.202904
0.666667 , 0.846154 , 0.201516
0.666667 , 0.871795 , 0.200488
0.666667 , 0.897436 , 0.198900
0.666667 , 0.923077 , 0.196976
0.666667 , 0.948718 , 0.196134
0.666667 , 0.974359 , 0.194885
0.666667 , 1.000000 , 0.194639
0.692308 , 0.000000 , 0.148005
0.692308 , 0.025641 , 0.147303
0.692308 , 0.051282 , 0.145157
0.692308 , 0.076923 , 0.141967
0.692308 , 0.102564 , 0.137816
0.692308 , 0.128205 , 0.134209
0.692308 , 0.153846 , 0.130378
0.692308 , 0.179487 , 0.127877
0.692308 , 0.205128 , 0.126600
0.692308 , 0.230769 , 0.127435
0.692308 , 0.256410 , 0.128002
0.692308 , 0.282051 , 0.128678
0.692308 , 0.307692 , 0.130955
0.692308 , 0.333333 , 0.133902
0.692308 , 0.358974 , 0.137492
0.692308 , 0.384615 , 0.142668
0.692308 , 0.410256 , 0.148854
0.692308 , 0.435897 , 0.155149
0.692308 , 0.461538 , 0.162585
0.692308 , 0.487179 , 0.171422
0.692308 , 0.512821 , 0.181305
0.692308 , 0.538462 , 0.191435
0.692308 , 0.564103 , 0.201992
0.692308 , 0.589744 , 0.212170
0.692308 , 0.615385 , 0.222396
0.692308 , 0.641026 , 0.231960
0.692308 , 0.666667 , 0.240461
0.692308 , 0.692308 , 0.248755
0.692308 , 0.717949 , 0.257621
0.692308 , 0.743590 , 0.265750
0.692308 , 0.769231 , 0.270292
0.692308 , 0.794872 , 0.273614
0.692308 , 0.820513 , 0.276613
0.692308 , 0.846154 , 0.276524
0.692308 , 0.871795 , 0.275640
0.692308 , 0.897436 , 0.274911
0.692308 , 0.923077 , 0.273476
0.692308 , 0.948718 , 0.271861
0.692308 , 0.974359 , 0.271279
0.692308 , 1.000000 , 0.271498
0.717949 , 0.000000 , 0.192459
0.717949 , 0.025641 , 0.191742
0.717949 , 0.051282 , 0.189583
0.717949 , 0.076923 , 0.186377
0.717949 , 0.102564 , 0.182838
0.717949 , 0.128205 , 0.179455
0.717949 , 0.153846 , 0.176130
0.717949 , 0.179487 , 0.173648
0.717949 , 0.205128 , 0.172049
0.717949 , 0.230769 , 0.173222
0.717949 , 0.256410 , 0.174145
0.717949 , 0.282051 , 0.175415
0.717949 , 0.307692 , 0.177587
0.717949 , 0.333333 , 0.181635
0.717949 , 0.358974 , 0.185383
0.717949 , 0.384615 , 0.190324
0.717949 , 0.410256 , 0.196550
0.717949 , 0.435897 , 0.203310
0.717949 , 0.461538 , 0.212001
0.717949 , 0.487179 , 0.222274
0.717949 , 0.512821 , 0.233549
0.717949 , 0.538462 , 0.244427
0.717949 , 0.564103 , 0.255312
0.717949 , 0.589744 , 0.266671
0.717949 , 0.615385 , 0.277429
0.717949 , 0.641026 , 0.288764
0.717949 , 0.666667 , 0.298874
0.717949 , 0.692308 , 0.308728
0.717949 , 0.717949 , 0.318613
0.717949 , 0.743590 , 0.328441
0.717949 , 0.769231 , 0.334983
0.717949 , 0.794872 , 0.339455
0.717949 , 0.820513 , 0.344035
0.717949 , 0.846154 , 0.345711
0.717949 , 0.871795 , 0.344673
0.717949 , 0.897436 , 0.343892
0.717949 , 0.923077 , 0.343132
0.717949 , 0.948718 , 0.341888
0.717949 , 0.974359 , 0.341371
0.717949 , 1.000000 , 0.341460
0.743590 , 0.000000 , 0.232414
0.743590 , 0.025641 , 0.231675
0.743590 , 0.051282 , 0.229831
0.743590 , 0.076923 , 0.227296
0.743590 , 0.102564 , 0.224246
0.743590 , 0.128205 , 0.220866
0.743590 , 0.153846 , 0.218228
0.743590 , 0.179487 , 0.215923
0.743590 , 0.205128 , 0.214122
0.743590 , 0.230769 , 0.214450
0.743590 , 0.256410 , 0.215051
0.743590 , 0.282051 , 0.216924
0.743590 , 0.307692 , 0.219687
0.743590 , 0.333333 , 0.223444
0.743590 , 0.358974 , 0.228046
0.743590 , 0.384615 , 0.233454
0.743590 , 0.410256 , 0.239634
0.743590 , 0.435897 , 0.247020
0.743590 , 0.461538 , 0.256541
0.743590 , 0.487179 , 0.267030
0.743590 , 0.512821 , 0.279188
0.743590 , 0.538462 , 0.291159
0.743590 , 0.564103 , 0.302668
0.743590 , 0.589744 , 0.314986
0.743590 , 0.615385 , 0.327549
0.743590 , 0.641026 , 0.339729
0.743590 , 0.666667 , 0.351150
0.743590 , 0.692308 , 0.362690
0.743590 , 0.717949 , 0.373916
0.743590 , 0.743590 , 0.384200
0.743590 , 0.769231 , 0.391709
0.743590 , 0.794872 , 0.397963
0.743590 , 0.820513 , 0.403787
0.743590 , 0.846154 , 0.407485
0.743590 , 0.871795 , 0.407855
0.743590 , 0.897436 , 0.407062
0.743590 , 0.923077 , 0.406452
0.743590 , 0.948718 , 0.405322
0.743590 , 0.974359 , 0.405164
0.743590 , 1.000000 , 0.405115
0.769231 , 0.000000 , 0.267717
0.769231 , 0.025641 , 0.267451
0.769231 , 0.051282 , 0.265717
0.769231 , 0.076923 , 0.264331
0.769231 , 0.102564 , 0.261506
0.769231 , 0.128205 , 0.259333
0.769231 , 0.153846 , 0.256685
0.769231 , 0.179487 , 0.254375
0.769231 , 0.205128 , 0.253395
0.769231 , 0.230769 , 0.253062
0.769231 , 0.256410 , 0.253483
0.769231 , 0.282051 , 0.254641
0.769231 , 0.307692 , 0.258029
0.769231 , 0.333333 , 0.262276
0.769231 , 0.358974 , 0.266465
0.769231 , 0.384615 , 0.272371
0.769231 , 0.410256 , 0.278772
0.769231 , 0.435897 , 0.286800
0.769231 , 0.461538 , 0.296989
0.769231 , 0.487179 , 0.307376
0.769231 , 0.512821 , 0.319565
0.769231 , 0.538462 , 0.332681
0.769231 , 0.564103 , 0.345730
0.769231 , 0.589744 , 0.358996
0.769231 , 0.615385 , 0.372523
0.769231 , 0.641026 , 0.385547
0.769231 , 0.666667 , 0.398243
0.769231 , 0.692308 , 0.411769
0.769231 , 0.717949 , 0.424610
0.769231 , 0.743590 , 0.435228
0.769231 , 0.769231 , 0.442441
0.769231 , 0.794872 , 0.449004
0.769231 , 0.820513 , 0.455315
0.769231 , 0.846154 , 0.460076
0.769231 , 0.871795 , 0.462633
0.769231 , 0.897436 , 0.463554
0.769231 , 0.923077 , 0.463128
0.769231 , 0.948718 , 0.462454
0.769231 , 0.974359 , 0.462142
0.769231 , 1.000000 , 0.462428
0.794872 , 0.000000 , 0.299836
0.794872 , 0.025641 , 0.299558
0.794872 , 0.051282 , 0.298390
0.794872 , 0.076923 , 0.296984
0.794872 , 0.102564 , 0.294768
0.794872 , 0.128205 , 0.292793
0.794872 , 0.153846 , 0.291000
0.794872 , 0.179487 , 0.289472
0.794872 , 0.205128 , 0.288294
0.794872 , 0.230769 , 0.288318
0.794872 , 0.256410 , 0.288744
0.794872 , 0.282051 , 0.289725
0.794872 , 0.307692 , 0.292911
0.794872 , 0.333333 , 0.297636
0.794872 , 0.358974 , 0.302815
0.794872 , 0.384615 , 0.308851
0.794872 , 0.410256 , 0.315131
0.794872 , 0.435897 , 0.323336
0.794872 , 0.461538 , 0.333418
0.794872 , 0.487179 , 0.343648
0.794872 , 0.512821 , 0.355804
0.794872 , 0.538462 , 0.369530
0.794872 , 0.564103 , 0.383496
0.794872 , 0.589744 , 0.398109
0.794872 , 0.615385 , 0.412646
0.794872 , 0.641026 , 0.426910
0.794872 , 0.666667 , 0.440917
0.794872 , 0.692308 , 0.454620
0.794872 , 0.717949 , 0.468179
0.794872 , 0.743590 , 0.480171
0.794872 , 0.769231 , 0.488789
0.794872 , 0.794872 , 0.495218
0.794872 , 0.820513 , 0.500580
0.794872 , 0.846154 , 0.504837
0.794872 , 0.871795 , 0.508623
0.794872 , 0.897436 , 0.511748
0.794872 , 0.923077 , 0.512839
0.794872 , 0.948718 , 0.513509
0.794872 , 0.974359 , 0.512738
0.794872 , 1.000000 , 0.512284
0.820513 , 0.000000 , 0.327821
0.820513 , 0.025641 , 0.327269
0.820513 , 0.051282 , 0.326293
0.820513 , 0.076923 , 0.325590
0.820513 , 0.102564 , 0.324042
0.820513 , 0.128205 , 0.322191
0.820513 , 0.153846 , 0.320837
0.820513 , 0.179487 , 0.320626
0.820513 , 0.205128 , 0.319298
0.820513 , 0.230769 , 0.318588
0.820513 , 0.256410 , 0.319751
0.820513 , 0.282051 , 0.321028
0.820513 , 0.307692 , 0.324149
0.820513 , 0.333333 , 0.328389
0.820513 , 0.358974 , 0.334527
0.820513 , 0.384615 , 0.341455
0.820513 , 0.410256 , 0.347994
0.820513 , 0.435897 , 0.356251
0.820513 , 0.461538 , 0.366062
0.820513 , 0.487179 , 0.376652
0.820513 , 0.512821 , 0.388898
0.820513 , 0.538462 , 0.403097
0.820513 , 0.564103 , 0.417225
0.820513 , 0.589744 , 0.431670
0.820513 , 0.615385 , 0.446415
0.820513 , 0.641026 , 0.461556
0.820513 , 0.666667 , 0.477281
0.820513 , 0.692308 , 0.492184
0.820513 , 0.717949 , 0.506219
0.820513 , 0.743590 , 0.518912
0.820513 , 0.769231 , 0.528543
0.820513 , 0.794872 , 0.534872
0.820513 , 0.820513 , 0.540292
0.820513 , 0.846154 , 0.545209
0.820513 , 0.871795 , 0.549243
0.820513 , 0.897436 , 0.553089
0.820513 , 0.923077 , 0.555837
0.820513 , 0.948718 , 0.557410
0.820513 , 0.974359 , 0.556496
0.820513 , 1.000000 , 0.556125
0.846154 , 0.000000 , 0.351729
0.846154 , 0.025641 , 0.351602
0.846154 , 0.051282 , 0.350597
0.846154 , 0.076923 , 0.349507
0.846154 , 0.102564 , 0.348459
0.846154 , 0.128205 , 0.347378
0.846154 , 0.153846 , 0.346982
0.846154 , 0.179487 , 0.346481
0.846154 , 0.205128 , 0.344848
0.846154 , 0.230769 , 0.344943
0.846154 , 0.256410 , 0.346893
0.846154 , 0.282051 , 0.348536
0.846154 , 0.307692 , 0.351496
0.846154 , 0.333333 , 0.355814
0.846154 , 0.358974 , 0.361067
0.846154 , 0.384615 , 0.368027
0.846154 , 0.410256 , 0.376059
0.846154 , 0.435897 , 0.384882
0.846154 , 0.461538 , 0.395156
0.846154 , 0.487179 , 0.406043
0.846154 , 0.512821 , 0.418678
0.846154 , 0.538462 , 0.432432
0.846154 , 0.564103 , 0.446921
0.846154 , 0.589744 , 0.461265
0.846154 , 0.615385 , 0.475226
0.846154 , 0.641026 , 0.490380
0.846154 , 0.666667 , 0.506496
0.846154 , 0.692308 , 0.522615
0.846154 , 0.717949 , 0.537195
0.846154 , 0.743590 , 0.549631
0.846154 , 0.769231 , 0.560122
0.846154 , 0.794872 , 0.567018
0.846154 , 0.820513 , 0.573133
0.846154 , 0.846154 , 0.579188
0.846154 , 0.871795 , 0.584119
0.846154 , 0.897436 , 0.588770
0.846154 , 0.923077 , 0.592304
0.846154 , 0.948718 , 0.594518
0.846154 , 0.974359 , 0.593907
0.846154 , 1.000000 , 0.593902
0.871795 , 0.000000 , 0.372033
0.871795 , 0.025641 , 0.372031
0.871795 , 0.051282 , 0.371436
0.871795 , 0.076923 , 0.370259
0.871795 , 0.102564 , 0.369411
0.871795 , 0.128205 , 0.368340
0.871795 , 0.153846 , 0.368236
0.871795 , 0.179487 , 0.368607
0.871795 , 0.205128 , 0.366924
0.871795 , 0.230769 , 0.366580
0.871795 , 0.256410 , 0.368374
0.871795 , 0.282051 , 0.370470
0.871795 , 0.307692 , 0.373995
0.871795 , 0.333333 , 0.378956
0.871795 , 0.358974 , 0.384623
0.871795 , 0.384615 , 0.391204
0.871795 , 0.410256 , 0.399276
0.871795 , 0.435897 , 0.408712
0.871795 , 0.461538 , 0.419415
0.871795 , 0.487179 , 0.430184
0.871795 , 0.512821 , 0.443093
0.871795 , 0.538462 , 0.456541
0.871795 , 0.564103 , 0.470530
0.871795 , 0.589744 , 0.484820
0.871795 , 0.615385 , 0.499108
0.871795 , 0.641026 , 0.514625
0.871795 , 0.666667 , 0.530758
0.871795 , 0.692308 , 0.546668
0.871795 , 0.717949 , 0.561098
0.871795 , 0.743590 , 0.574489
0.871795 , 0.769231 , 0.585960
0.871795 , 0.794872 , 0.593861
0.871795 , 0.820513 , 0.601286
0.871795 , 0.846154 , 0.608820
0.871795 , 0.871795 , 0.614229
0.871795 , 0.897436 , 0.619595
0.871795 , 0.923077 , 0.623755
0.871795 , 0.948718 , 0.625721
0.871795 , 0.974359 , 0.625262
0.871795 , 1.000000 , 0.625125
0.897436 , 0.000000 , 0.388795
0.897436 , 0.025641 , 0.388564
0.897436 , 0.051282 , 0.388205
0.897436 , 0.076923 , 0.387313
0.897436 , 0.102564 , 0.386466
0.897436 , 0.128205 , 0.385621
0.897436 , 0.153846 , 0.385139
0.897436 , 0.179487 , 0.385723
0.897436 , 0.205128 , 0.384899
0.897436 , 0.230769 , 0.385032
0.897436 , 0.256410 , 0.386640
0.897436 , 0.282051 , 0.388939
0.897436 , 0.307692 , 0.392677
0.897436 , 0.333333 , 0.398024
0.897436 , 0.358974 , 0.403969
0.897436 , 0.384615 , 0.410949
0.897436 , 0.410256 , 0.419859
0.897436 , 0.435897 , 0.429242
0.897436 , 0.461538 , 0.439370
0.897436 , 0.487179 , 0.449944
0.897436 , 0.512821 , 0.461890
0.897436 , 0.538462 , 0.475095
0.897436 , 0.564103 , 0.489407
0.897436 , 0.589744 , 0.503625
0.897436 , 0.615385 , 0.517357
0.897436 , 0.641026 , 0.532949
0.897436 , 0.666667 , 0.548999
0.897436 , 0.692308 , 0.564860
0.897436 , 0.717949 , 0.579243
0.897436 , 0.743590 , 0.593044
0.897436 , 0.769231 , 0.605224
0.897436 , 0.794872 , 0.614493
0.897436 , 0.820513 , 0.622996
0.897436 , 0.846154 , 0.631807
0.897436 , 0.871795 , 0.638355
0.897436 , 0.897436 , 0.644020
0.897436 , 0.923077 , 0.648138
0.897436 , 0.948718 , 0.650850
0.897436 , 0.974359 , 0.650943
0.897436 , 1.000000 , 0.650526
0.923077 , 0.000000 , 0.400887
0.923077 , 0.025641 , 0.401232
0.923077 , 0.051282 , 0.400639
0.923077 , 0.076923 , 0.400065
0.923077 , 0.102564 , 0.399504
0.923077 , 0.128205 , 0.399361
0.923077 , 0.153846 , 0.398648
0.923077 , 0.179487 , 0.398520
0.923077 , 0.205128 , 0.398405
0.923077 , 0.230769 , 0.399283
0.923077 , 0.256410 , 0.401662
0.923077 , 0.282051 , 0.403931
0.923077 , 0.307692 , 0.408224
0.923077 , 0.333333 , 0.413306
0.923077 , 0.358974 , 0.419456
0.923077 , 0.384615 , 0.427262
0.923077 , 0.410256 , 0.436361
0.923077 , 0.435897 , 0.446013
0.923077 , 0.461538 , 0.455657
0.923077 , 0.487179 , 0.465516
0.923077 , 0.512821 , 0.476792
0.923077 , 0.538462 , 0.489751
0.923077 , 0.564103 , 0.503555
0.923077 , 0.589744 , 0.518129
0.923077 , 0.615385 , 0.532636
0.923077 , 0.641026 , 0.547282
0.923077 , 0.666667 , 0.562537
0.923077 , 0.692308 , 0.577807
0.923077 , 0.717949 , 0.592328
0.923077 , 0.743590 , 0.606197
0.923077 , 0.769231 , 0.619219
0.923077 , 0.794872 , 0.630088
0.923077 , 0.820513 , 0.639381
0.923077 , 0.846154 , 0.648213
0.923077 , 0.871795 , 0.655627
0.923077 , 0.897436 , 0.661342
0.923077 , 0.923077 , 0.665235
0.923077 , 0.948718 , 0.667858
0.923077 , 0.974359 , 0.669099
0.923077 , 1.000000 , 0.669167
0.948718 , 0.000000 , 0.409350
0.948718 , 0.025641 , 0.409413
0.948718 , 0.051282 , 0.409165
0.948718 , 0.076923 , 0.408461
0.948718 , 0.102564 , 0.408359
0.948718 , 0.128205 , 0.408548
0.948718 , 0.153846 , 0.408431
0.948718 , 0.179487 , 0.407575
0.948718 , 0.205128 , 0.407708
0.948718 , 0.230769 , 0.408961
0.948718 , 0.256410 , 0.411887
0.948718 , 0.282051 , 0.415526
0.948718 , 0.307692 , 0.420196
0.948718 , 0.333333 , 0.425631
0.948718 , 0.358974 , 0.431876
0.948718 , 0.384615 , 0.439516
0.948718 , 0.410256 , 0.448087
0.948718 , 0.435897 , 0.457653
0.948718 , 0.461538 , 0.466757
0.948718 , 0.487179 , 0.476764
0.948718 , 0.512821 , 0.488118
0.948718 , 0.538462 , 0.500528
0.948718 , 0.564103 , 0.514165
0.948718 , 0.589744 , 0.528034
0.948718 , 0.615385 , 0.542670
0.948718 , 0.641026 , 0.557732
0.948718 , 0.666667 , 0.573210
0.948718 , 0.692308 , 0.587622
0.948718 , 0.717949 , 0.601542
0.948718 , 0.743590 , 0.615225
0.948718 , 0.769231 , 0.628460
0.948718 , 0.794872 , 0.640235
0.948718 , 0.820513 , 0.650177
0.948718 , 0.846154 , 0.658683
0.948718 , 0.871795 , 0.666067
0.948718 , 0.897436 , 0.672033
0.948718 , 0.923077 , 0.676542
0.948718 , 0.948718 , 0.679670
0.948718 , 0.974359 , 0.681429
0.948718 , 1.000000 , 0.681798
0.974359 , 0.000000 , 0.414328
0.974359 , 0.025641 , 0.414329
0.974359 , 0.051282 , 0.414318
0.974359 , 0.076923 , 0.413835
0.974359 , 0.102564 , 0.413579
0.974359 , 0.128205 , 0.414346
0.974359 , 0.153846 , 0.414113
0.974359 , 0.179487 , 0.413241
0.974359 , 0.205128 , 0.413715
0.974359 , 0.230769 , 0.414992
0.974359 , 0.256410 , 0.417811
0.974359 , 0.282051 , 0.421807
0.974359 , 0.307692 , 0.426944
0.974359 , 0.333333 , 0.432526
0.974359 , 0.358974 , 0.438764
0.974359 , 0.384615 , 0.446253
0.974359 , 0.410256 , 0.454680
0.974359 , 0.435897 , 0.464725
0.974359 , 0.461538 , 0.474248
0.974359 , 0.487179 , 0.483906
0.974359 , 0.512821 , 0.494605
0.974359 , 0.538462 , 0.507067
0.974359 , 0.564103 , 0.520308
0.974359 , 0.589744 , 0.534139
0.974359 , 0.615385 , 0.548460
0.974359 , 0.641026 , 0.563650
0.974359 , 0.666667 , 0.578565
0.974359 , 0.692308 , 0.592885
0.974359 , 0.717949 , 0.607033
0.974359 , 0.743590 , 0.620958
0.974359 , 0.769231 , 0.634093
0.974359 , 0.794872 , 0.645513
0.974359 , 0.820513 , 0.655453
0.974359 , 0.846154 , 0.664426
0.974359 , 0.871795 , 0.671944
0.974359 , 0.897436 , 0.678075
0.974359 , 0.923077 , 0.682621
0.974359 , 0.948718 , 0.686474
0.974359 , 0.974359 , 0.689057
0.974359 , 1.000000 , 0.689907
1.000000 , 0.000000 , 0.416062
1.000000 , 0.025641 , 0.416099
1.000000 , 0.051282 , 0.415923
1.000000 , 0.076923 , 0.416053
1.000000 , 0.102564 , 0.415350
1.000000 , 0.128205 , 0.416073
1.000000 , 0.153846 , 0.416509
1.000000 , 0.179487 , 0.415637
1.000000 , 0.205128 , 0.415286
1.000000 , 0.230769 , 0.416893
1.000000 , 0.256410 , 0.420039
1.000000 , 0.282051 , 0.424345
1.000000 , 0.307692 , 0.429278
1.000000 , 0.333333 , 0.435008
1.000000 , 0.358974 , 0.441093
1.000000 , 0.384615 , 0.448650
1.000000 , 0.410256 , 0.457483
1.000000 , 0.435897 , 0.467389
1.000000 , 0.461538 , 0.477091
1.000000 , 0.487179 , 0.486735
1.000000 , 0.512821 , 0.497475
1.000000 , 0.538462 , 0.509012
1.000000 , 0.564103 , 0.522101
1.000000 , 0.589744 , 0.536262
1.000000 , 0.615385 , 0.550987
1.000000 , 0.641026 , 0.565366
1.000000 , 0.666667 , 0.580382
1.000000 , 0.692308 , 0.594496
1.000000 , 0.717949 , 0.608946
1.000000 , 0.743590 , 0.623010
1.000000 , 0.769231 , 0.635395
1.000000 , 0.794872 , 0.646818
1.000000 , 0.820513 , 0.656731
1.000000 , 0.846154 , 0.665853
1.000000 , 0.871795 , 0.673700
1.000000 , 0.897436 , 0.679868
1.000000 , 0.923077 , 0.684774
1.000000 , 0.948718 , 0.688265
1.000000 , 0.974359 , 0.691165
1.000000 , 1.000000 , 0.693147
