0.000000 , 0.000000 , -3.082054
0.000000 , 0.025641 , -3.082054
0.000000 , 0.051282 , -3.082054
0.000000 , 0.076923 , -3.082054
0.000000 , 0.102564 , -3.082054
0.000000 , 0.128205 , -3.082054
0.000000 , 0.153846 , -3.082054
0.000000 , 0.179487 , -3.082054
0.000000 , 0.205128 , -3.082054
0.000000 , 0.230769 , -3.082054
0.000000 , 0.256410 , -3.082054
0.000000 , 0.282051 , -3.082054
0.000000 , 0.307692 , -3.082054
0.000000 , 0.333333 , -3.082054
0.000000 , 0.358974 , -3.082054
0.000000 , 0.384615 , -3.082054
0.000000 , 0.410256 , -3.082054
0.000000 , 0.435897 , -3.082054
0.000000 , 0.461538 , -3.082054
0.000000 , 0.487179 , -3.082054
0.000000 , 0.512821 , -3.082054
0.000000 , 0.538462 , -3.082054
0.000000 , 0.564103 , -3.082054
0.000000 , 0.589744 , -3.082054
0.000000 , 0.615385 , -3.082054
0.000000 , 0.641026 , -3.082054
0.000000 , 0.666667 , -3.082054
0.000000 , 0.692308 , -3.082054
0.000000 , 0.717949 , -3.082054
0.000000 , 0.743590 , -3.082054
0.000000 , 0.769231 , -3.082054
0.000000 , 0.794872 , -3.082054
0.000000 , 0.820513 , -3.082054
0.000000 , 0.846154 , -3.082054
0.000000 , 0.871795 , -3.082054
0.000000 , 0.897436 , -3.082054
0.000000 , 0.923077 , -3.082054
0.000000 , 0.948718 , -3.082054
0.000000 , 0.974359 , -3.082054
0.000000 , 1.000000 , -3.082054
0.025641 , 0.000000 , -2.799026
0.025641 , 0.025641 , -2.798846
0.025641 , 0.051282 , -2.798012
0.025641 , 0.076923 , -2.796961
0.025641 , 0.102564 , -2.796396
0.025641 , 0.128205 , -2.796019
0.025641 , 0.153846 , -2.795773
0.025641 , 0.179487 , -2.795876
0.025641 , 0.205128 , -2.796111
0.025641 , 0.230769 , -2.797039
0.025641 , 0.256410 , -2.797774
0.025641 , 0.282051 , -2.798688
0.025641 , 0.307692 , -2.800128
0.025641 , 0.333333 , -2.801718
0.025641 , 0.358974 , -2.803927
0.025641 , 0.384615 , -2.807119
0.025641 , 0.410256 , -2.810252
0.025641 , 0.435897 , -2.812171
0.025641 , 0.461538 , -2.814218
0.025641 , 0.487179 , -2.816515
0.025641 , 0.512821 , -2.818876
0.025641 , 0.538462 , -2.820883
0.025641 , 0.564103 , -2.822654
0.025641 , 0.589744 , -2.824248
0.025641 , 0.615385 , -2.825948
0.025641 , 0.641026 , -2.827675
0.025641 , 0.666667 , -2.829146
0.025641 , 0.692308 , -2.830198
0.025641 , 0.717949 , -2.831156
0.025641 , 0.743590 , -2.832036
0.025641 , 0.769231 , -2.833514
0.025641 , 0.794872 , -2.834532
0.025641 , 0.820513 , -2.834740
0.025641 , 0.846154 , -2.834512
0.025641 , 0.871795 , -2.834542
0.025641 , 0.897436 , -2.834366
0.025641 , 0.923077 , -2.834337
0.025641 , 0.948718 , -2.834597
0.025641 , 0.974359 , -2.834325
0.025641 , 1.000000 , -2.834637
0.051282 , 0.000000 , -2.527185
0.051282 , 0.025641 , -2.527487
0.051282 , 0.051282 , -2.527005
0.051282 , 0.076923 , -2.525207
0.051282 , 0.102564 , -2.523907
0.051282 , 0.128205 , -2.522936
0.051282 , 0.153846 , -2.522521
0.051282 , 0.179487 , -2.522471
0.051282 , 0.205128 , -2.523117
0.051282 , 0.230769 , -2.524408
0.051282 , 0.256410 , -2.526069
0.051282 , 0.282051 , -2.528059
0.051282 , 0.307692 , -2.530638
0.051282 , 0.333333 , -2.534199
0.051282 , 0.358974 , -2.538673
0.051282 , 0.384615 , -2.544127
0.051282 , 0.410256 , -2.549741
0.051282 , 0.435897 , -2.554047
0.051282 , 0.461538 , -2.558101
0.051282 , 0.487179 , -2.562687
0.051282 , 0.512821 , -2.566584
0.051282 , 0.538462 , -2.570098
0.051282 , 0.564103 , -2.573107
0.051282 , 0.589744 , -2.576708
0.051282 , 0.615385 , -2.580170
0.051282 , 0.641026 , -2.583336
0.051282 , 0.666667 , -2.586175
0.051282 , 0.692308 , -2.588573
0.051282 , 0.717949 , -2.590815
0.051282 , 0.743590 , -2.592658
0.051282 , 0.769231 , -2.594887
0.051282 , 0.794872 , -2.597022
0.051282 , 0.820513 , -2.597922
0.051282 , 0.846154 , -2.598145
0.051282 , 0.871795 , -2.597664
0.051282 , 0.897436 , -2.597709
0.051282 , 0.923077 , -2.597753
0.051282 , 0.948718 , -2.596859
0.051282 , 0.974359 , -2.596683
0.051282 , 1.000000 , -2.596220
0.076923 , 0.000000 , -2.268488
0.076923 , 0.025641 , -2.268370
0.076923 , 0.051282 , -2.267980
0.076923 , 0.076923 , -2.266779
0.076923 , 0.102564 , -2.265178
0.076923 , 0.128205 , -2.264015
0.076923 , 0.153846 , -2.263372
0.076923 , 0.179487 , -2.262815
0.076923 , 0.205128 , -2.263388
0.076923 , 0.230769 , -2.264883
0.076923 , 0.256410 , -2.267070
0.076923 , 0.282051 , -2.270603
0.076923 , 0.307692 , -2.274301
0.076923 , 0.333333 , -2.279342
0.076923 , 0.358974 , -2.285262
0.076923 , 0.384615 , -2.292081
0.076923 , 0.410256 , -2.299732
0.076923 , 0.435897 , -2.306986
0.076923 , 0.461538 , -2.313154
0.076923 , 0.487179 , -2.319676
0.076923 , 0.512821 , -2.324994
0.076923 , 0.538462 , -2.330201
0.076923 , 0.564103 , -2.334714
0.076923 , 0.589744 , -2.340302
0.076923 , 0.615385 , -2.345478
0.076923 , 0.641026 , -2.350511
0.076923 , 0.666667 , -2.354586
0.076923 , 0.692308 , -2.357897
0.076923 , 0.717949 , -2.360953
0.076923 , 0.743590 , -2.363451
0.076923 , 0.769231 , -2.366430
0.076923 , 0.794872 , -2.368679
0.076923 , 0.820513 , -2.370146
0.076923 , 0.846154 , -2.370640
0.076923 , 0.871795 , -2.370288
0.076923 , 0.897436 , -2.371311
0.076923 , 0.923077 , -2.371048
0.076923 , 0.948718 , -2.370503
0.076923 , 0.974359 , -2.369005
0.076923 , 1.000000 , -2.368507
0.102564 , 0.000000 , -2.023520
0.102564 , 0.025641 , -2.022974
0.102564 , 0.051282 , -2.022106
0.102564 , 0.076923 , -2.020838
0.102564 , 0.102564 , -2.019092
0.102564 , 0.128205 , -2.017944
0.102564 , 0.153846 , -2.017167
0.102564 , 0.179487 , -2.017224
0.102564 , 0.205128 , -2.017718
0.102564 , 0.230769 , -2.019230
0.102564 , 0.256410 , -2.021021
0.102564 , 0.282051 , -2.024726
0.102564 , 0.307692 , -2.030066
0.102564 , 0.333333 , -2.036438
0.102564 , 0.358974 , -2.043965
0.102564 , 0.384615 , -2.051947
0.102564 , 0.410256 , -2.060898
0.102564 , 0.435897 , -2.070780
0.102564 , 0.461538 , -2.079711
0.102564 , 0.487179 , -2.086997
0.102564 , 0.512821 , -2.094295
0.102564 , 0.538462 , -2.101497
0.102564 , 0.564103 , -2.107956
0.102564 , 0.589744 , -2.115281
0.102564 , 0.615385 , -2.121679
0.102564 , 0.641026 , -2.127597
0.102564 , 0.666667 , -2.133069
0.102564 , 0.692308 , -2.137745
0.102564 , 0.717949 , -2.141248
0.102564 , 0.743590 , -2.144803
0.102564 , 0.769231 , -2.147968
0.102564 , 0.794872 , -2.150816
0.102564 , 0.820513 , -2.152278
0.102564 , 0.846154 , -2.153451
0.102564 , 0.871795 , -2.152633
0.102564 , 0.897436 , -2.153553
0.102564 , 0.923077 , -2.154407
0.102564 , 0.948718 , -2.153624
0.102564 , 0.974359 , -2.152510
0.102564 , 1.000000 , -2.151672
0.128205 , 0.000000 , -1.793002
0.128205 , 0.025641 , -1.792392
0.128205 , 0.051282 , -1.790775
0.128205 , 0.076923 , -1.789180
0.128205 , 0.102564 , -1.787390
0.128205 , 0.128205 , -1.785020
0.128205 , 0.153846 , -1.783717
0.128205 , 0.179487 , -1.783338
0.128205 , 0.205128 , -1.784263
0.128205 , 0.230769 , -1.785994
0.128205 , 0.256410 , -1.788347
0.128205 , 0.282051 , -1.792258
0.128205 , 0.307692 , -1.797954
0.128205 , 0.333333 , -1.805547
0.128205 , 0.358974 , -1.814811
0.128205 , 0.384615 , -1.824193
0.128205 , 0.410256 , -1.833958
0.128205 , 0.435897 , -1.844654
0.128205 , 0.461538 , -1.855107
0.128205 , 0.487179 , -1.864600
0.128205 , 0.512821 , -1.873925
0.128205 , 0.538462 , -1.883607
0.128205 , 0.564103 , -1.891575
0.128205 , 0.589744 , -1.899491
0.128205 , 0.615385 , -1.908321
0.128205 , 0.641026 , -1.916180
0.128205 , 0.666667 , -1.922379
0.128205 , 0.692308 , -1.927694
0.128205 , 0.717949 , -1.932146
0.128205 , 0.743590 , -1.936947
0.128205 , 0.769231 , -1.940549
0.128205 , 0.794872 , -1.942775
0.128205 , 0.820513 , -1.944265
0.128205 , 0.846154 , -1.945670
0.128205 , 0.871795 , -1.945727
0.128205 , 0.897436 , -1.946533
0.128205 , 0.923077 , -1.947347
0.128205 , 0.948718 , -1.946548
0.128205 , 0.974359 , -1.946390
0.128205 , 1.000000 , -1.945669
0.153846 , 0.000000 , -1.575566
0.153846 , 0.025641 , -1.574295
0.153846 , 0.051282 , -1.572586
0.153846 , 0.076923 , -1.570740
0.153846 , 0.102564 , -1.568712
0.153846 , 0.128205 , -1.566060
0.153846 , 0.153846 , -1.564162
0.153846 , 0.179487 , -1.563283
0.153846 , 0.205128 , -1.563487
0.153846 , 0.230769 , -1.565106
0.153846 , 0.256410 , -1.567950
0.153846 , 0.282051 , -1.572815
0.153846 , 0.307692 , -1.579333
0.153846 , 0.333333 , -1.588154
0.153846 , 0.358974 , -1.598233
0.153846 , 0.384615 , -1.608341
0.153846 , 0.410256 , -1.618978
0.153846 , 0.435897 , -1.630334
0.153846 , 0.461538 , -1.641847
0.153846 , 0.487179 , -1.652795
0.153846 , 0.512821 , -1.663760
0.153846 , 0.538462 , -1.675506
0.153846 , 0.564103 , -1.685104
0.153846 , 0.589744 , -1.694007
0.153846 , 0.615385 , -1.704038
0.153846 , 0.641026 , -1.713471
0.153846 , 0.666667 , -1.720540
0.153846 , 0.692308 , -1.726495
0.153846 , 0.717949 , -1.731788
0.153846 , 0.743590 , -1.736807
0.153846 , 0.769231 , -1.741376
0.153846 , 0.794872 , -1.744700
0.153846 , 0.820513 , -1.746124
0.153846 , 0.846154 , -1.747780
0.153846 , 0.871795 , -1.748454
0.153846 , 0.897436 , -1.748987
0.153846 , 0.923077 , -1.749275
0.153846 , 0.948718 , -1.749344
0.153846 , 0.974359 , -1.749169
0.153846 , 1.000000 , -1.749003
0.179487 , 0.000000 , -1.369524
0.179487 , 0.025641 , -1.368581
0.179487 , 0.051282 , -1.366323
0.179487 , 0.076923 , -1.364188
0.179487 , 0.102564 , -1.362141
0.179487 , 0.128205 , -1.360000
0.179487 , 0.153846 , -1.357441
0.179487 , 0.179487 , -1.356497
0.179487 , 0.205128 , -1.356604
0.179487 , 0.230769 , -1.358542
0.179487 , 0.256410 , -1.361574
0.179487 , 0.282051 , -1.366575
0.179487 , 0.307692 , -1.373618
0.179487 , 0.333333 , -1.381889
0.179487 , 0.358974 , -1.392826
0.179487 , 0.384615 , -1.403708
0.179487 , 0.410256 , -1.415318
0.179487 , 0.435897 , -1.427363
0.179487 , 0.461538 , -1.439481
0.179487 , 0.487179 , -1.452065
0.179487 , 0.512821 , -1.464076
0.179487 , 0.538462 , -1.476786
0.179487 , 0.564103 , -1.488469
0.179487 , 0.589744 , -1.498343
0.179487 , 0.615385 , -1.508646
0.179487 , 0.641026 , -1.518621
0.179487 , 0.666667 , -1.527022
0.179487 , 0.692308 , -1.534084
0.179487 , 0.717949 , -1.540068
0.179487 , 0.743590 , -1.545646
0.179487 , 0.769231 , -1.550797
0.179487 , 0.794872 , -1.555258
0.179487 , 0.820513 , -1.558029
0.179487 , 0.846154 , -1.558685
0.179487 , 0.871795 , -1.559872
0.179487 , 0.897436 , -1.560548
0.179487 , 0.923077 , -1.560788
0.179487 , 0.948718 , -1.561060
0.179487 , 0.974359 , -1.560883
0.179487 , 1.000000 , -1.560558
0.205128 , 0.000000 , -1.176153
0.205128 , 0.025641 , -1.175234
0.205128 , 0.051282 , -1.173463
0.205128 , 0.076923 , -1.171267
0.205128 , 0.102564 , -1.168557
0.205128 , 0.128205 , -1.166595
0.205128 , 0.153846 , -1.164102
0.205128 , 0.179487 , -1.162500
0.205128 , 0.205128 , -1.163024
0.205128 , 0.230769 , -1.165327
0.205128 , 0.256410 , -1.168838
0.205128 , 0.282051 , -1.173752
0.205128 , 0.307692 , -1.180228
0.205128 , 0.333333 , -1.188368
0.205128 , 0.358974 , -1.198782
0.205128 , 0.384615 , -1.210714
0.205128 , 0.410256 , -1.223088
0.205128 , 0.435897 , -1.235699
0.205128 , 0.461538 , -1.248339
0.205128 , 0.487179 , -1.261929
0.205128 , 0.512821 , -1.274934
0.205128 , 0.538462 , -1.287883
0.205128 , 0.564103 , -1.300547
0.205128 , 0.589744 , -1.311846
0.205128 , 0.615385 , -1.322935
0.205128 , 0.641026 , -1.333176
0.205128 , 0.666667 , -1.342989
0.205128 , 0.692308 , -1.351625
0.205128 , 0.717949 , -1.358058
0.205128 , 0.743590 , -1.363039
0.205128 , 0.769231 , -1.368128
0.205128 , 0.794872 , -1.374147
0.205128 , 0.820513 , -1.378007
0.205128 , 0.846154 , -1.379249
0.205128 , 0.871795 , -1.379851
0.205128 , 0.897436 , -1.380901
0.205128 , 0.923077 , -1.381459
0.205128 , 0.948718 , -1.380778
0.205128 , 0.974359 , -1.380325
0.205128 , 1.000000 , -1.380016
0.230769 , 0.000000 , -0.995416
0.230769 , 0.025641 , -0.994991
0.230769 , 0.051282 , -0.993176
0.230769 , 0.076923 , -0.991073
0.230769 , 0.102564 , -0.988198
0.230769 , 0.128205 , -0.985874
0.230769 , 0.153846 , -0.983383
0.230769 , 0.179487 , -0.981606
0.230769 , 0.205128 , -0.982036
0.230769 , 0.230769 , -0.984496
0.230769 , 0.256410 , -0.988407
0.230769 , 0.282051 , -0.993232
0.230769 , 0.307692 , -0.999592
0.230769 , 0.333333 , -1.007760
0.230769 , 0.358974 , -1.017238
0.230769 , 0.384615 , -1.029386
0.230769 , 0.410256 , -1.041817
0.230769 , 0.435897 , -1.054592
0.230769 , 0.461538 , -1.067877
0.230769 , 0.487179 , -1.081804
0.230769 , 0.512821 , -1.096220
0.230769 , 0.538462 , -1.109643
0.230769 , 0.564103 , -1.122624
0.230769 , 0.589744 , -1.134943
0.230769 , 0.615385 , -1.146869
0.230769 , 0.641026 , -1.157794
0.230769 , 0.666667 , -1.168289
0.230769 , 0.692308 , -1.177843
0.230769 , 0.717949 , -1.184724
0.230769 , 0.743590 , -1.190312
0.230769 , 0.769231 , -1.194798
0.230769 , 0.794872 , -1.201249
0.230769 , 0.820513 , -1.205941
0.230769 , 0.846154 , -1.208129
0.230769 , 0.871795 , -1.208930
0.230769 , 0.897436 , -1.209142
0.230769 , 0.923077 , -1.209475
0.230769 , 0.948718 , -1.208532
0.230769 , 0.974359 , -1.208012
0.230769 , 1.000000 , -1.207683
0.256410 , 0.000000 , -0.826889
0.256410 , 0.025641 , -0.826875
0.256410 , 0.051282 , -0.825360
0.256410 , 0.076923 , -0.823024
0.256410 , 0.102564 , -0.820103
0.256410 , 0.128205 , -0.817724
0.256410 , 0.153846 , -0.815658
0.256410 , 0.179487 , -0.814071
0.256410 , 0.205128 , -0.814139
0.256410 , 0.230769 , -0.816000
0.256410 , 0.256410 , -0.819695
0.256410 , 0.282051 , -0.824363
0.256410 , 0.307692 , -0.830752
0.256410 , 0.333333 , -0.839104
0.256410 , 0.358974 , -0.849058
0.256410 , 0.384615 , -0.860516
0.256410 , 0.410256 , -0.872734
0.256410 , 0.435897 , -0.885021
0.256410 , 0.461538 , -0.898242
0.256410 , 0.487179 , -0.912215
0.256410 , 0.512821 , -0.927069
0.256410 , 0.538462 , -0.940829
0.256410 , 0.564103 , -0.954186
0.256410 , 0.589744 , -0.967402
0.256410 , 0.615385 , -0.979822
0.256410 , 0.641026 , -0.991379
0.256410 , 0.666667 , -1.001718
0.256410 , 0.692308 , -1.011068
0.256410 , 0.717949 , -1.019215
0.256410 , 0.743590 , -1.025507
0.256410 , 0.769231 , -1.030573
0.256410 , 0.794872 , -1.035861
0.256410 , 0.820513 , -1.041562
0.256410 , 0.846154 , -1.044117
0.256410 , 0.871795 , -1.044489
0.256410 , 0.897436 , -1.045487
0.256410 , 0.923077 , -1.045605
0.256410 , 0.948718 , -1.044252
0.256410 , 0.974359 , -1.043426
0.256410 , 1.000000 , -1.043409
0.282051 , 0.000000 , -0.670862
0.282051 , 0.025641 , -0.670672
0.282051 , 0.051282 , -0.669172
0.282051 , 0.076923 , -0.667056
0.282051 , 0.102564 , -0.663978
0.282051 , 0.128205 , -0.661226
0.282051 , 0.153846 , -0.659563
0.282051 , 0.179487 , -0.658721
0.282051 , 0.205128 , -0.658982
0.282051 , 0.230769 , -0.660713
0.282051 , 0.256410 , -0.664097
0.282051 , 0.282051 , -0.667955
0.282051 , 0.307692 , -0.674585
0.282051 , 0.333333 , -0.682607
0.282051 , 0.358974 , -0.692175
0.282051 , 0.384615 , -0.703281
0.282051 , 0.410256 , -0.715385
0.282051 , 0.435897 , -0.727189
0.282051 , 0.461538 , -0.739708
0.282051 , 0.487179 , -0.753412
0.282051 , 0.512821 , -0.767745
0.282051 , 0.538462 , -0.781928
0.282051 , 0.564103 , -0.795244
0.282051 , 0.589744 , -0.808494
0.282051 , 0.615385 , -0.821234
0.282051 , 0.641026 , -0.832826
0.282051 , 0.666667 , -0.843354
0.282051 , 0.692308 , -0.852895
0.282051 , 0.717949 , -0.861782
0.282051 , 0.743590 , -0.867700
0.282051 , 0.769231 , -0.872995
0.282051 , 0.794872 , -0.878351
0.282051 , 0.820513 , -0.883988
0.282051 , 0.846154 , -0.887382
0.282051 , 0.871795 , -0.887732
0.282051 , 0.897436 , -0.888568
0.282051 , 0.923077 , -0.888987
0.282051 , 0.948718 , -0.888095
0.282051 , 0.974359 , -0.887283
0.282051 , 1.000000 , -0.887070
0.307692 , 0.000000 , -0.526216
0.307692 , 0.025641 , -0.525669
0.307692 , 0.051282 , -0.524462
0.307692 , 0.076923 , -0.522549
0.307692 , 0.102564 , -0.520070
0.307692 , 0.128205 , -0.517696
0.307692 , 0.153846 , -0.515957
0.307692 , 0.179487 , -0.515405
0.307692 , 0.205128 , -0.516124
0.307692 , 0.230769 , -0.517835
0.307692 , 0.256410 , -0.521609
0.307692 , 0.282051 , -0.525120
0.307692 , 0.307692 , -0.530396
0.307692 , 0.333333 , -0.538126
0.307692 , 0.358974 , -0.547343
0.307692 , 0.384615 , -0.557551
0.307692 , 0.410256 , -0.568925
0.307692 , 0.435897 , -0.580113
0.307692 , 0.461538 , -0.591709
0.307692 , 0.487179 , -0.604542
0.307692 , 0.512821 , -0.617963
0.307692 , 0.538462 , -0.631845
0.307692 , 0.564103 , -0.644870
0.307692 , 0.589744 , -0.657663
0.307692 , 0.615385 , -0.669899
0.307692 , 0.641026 , -0.681369
0.307692 , 0.666667 , -0.691479
0.307692 , 0.692308 , -0.701710
0.307692 , 0.717949 , -0.710975
0.307692 , 0.743590 , -0.717723
0.307692 , 0.769231 , -0.723271
0.307692 , 0.794872 , -0.728999
0.307692 , 0.820513 , -0.734210
0.307692 , 0.846154 , -0.737533
0.307692 , 0.871795 , -0.738632
0.307692 , 0.897436 , -0.739316
0.307692 , 0.923077 , -0.740489
0.307692 , 0.948718 , -0.739999
0.307692 , 0.974359 , -0.739189
0.307692 , 1.000000 , -0.738751
0.333333 , 0.000000 , -0.391387
0.333333 , 0.025641 , -0.390698
0.333333 , 0.051282 , -0.389595
0.333333 , 0.076923 , -0.388056
0.333333 , 0.102564 , -0.386398
0.333333 , 0.128205 , -0.384819
0.333333 , 0.153846 , -0.383703
0.333333 , 0.179487 , -0.384068
0.333333 , 0.205128 , -0.385630
0.333333 , 0.230769 , -0.386877
0.333333 , 0.256410 , -0.389911
0.333333 , 0.282051 , -0.393620
0.333333 , 0.307692 , -0.398870
0.333333 , 0.333333 , -0.405305
0.333333 , 0.358974 , -0.413945
0.333333 , 0.384615 , -0.423095
0.333333 , 0.410256 , -0.433401
0.333333 , 0.435897 , -0.443215
0.333333 , 0.461538 , -0.453746
0.333333 , 0.487179 , -0.465629
0.333333 , 0.512821 , -0.477985
0.333333 , 0.538462 , -0.490490
0.333333 , 0.564103 , -0.503021
0.333333 , 0.589744 , -0.515208
0.333333 , 0.615385 , -0.526779
0.333333 , 0.641026 , -0.538224
0.333333 , 0.666667 , -0.548698
0.333333 , 0.692308 , -0.558958
0.333333 , 0.717949 , -0.568177
0.333333 , 0.743590 , -0.574916
0.333333 , 0.769231 , -0.580826
0.333333 , 0.794872 , -0.587001
0.333333 , 0.820513 , -0.592134
0.333333 , 0.846154 , -0.595356
0.333333 , 0.871795 , -0.596977
0.333333 , 0.897436 , -0.598064
0.333333 , 0.923077 , -0.599246
0.333333 , 0.948718 , -0.599321
0.333333 , 0.974359 , -0.598344
0.333333 , 1.000000 , -0.597560
0.358974 , 0.000000 , -0.266249
0.358974 , 0.025641 , -0.266217
0.358974 , 0.051282 , -0.265003
0.358974 , 0.076923 , -0.263672
0.358974 , 0.102564 , -0.262625
0.358974 , 0.128205 , -0.262326
0.358974 , 0.153846 , -0.262458
0.358974 , 0.179487 , -0.263675
0.358974 , 0.205128 , -0.265953
0.358974 , 0.230769 , -0.266968
0.358974 , 0.256410 , -0.269461
0.358974 , 0.282051 , -0.272754
0.358974 , 0.307692 , -0.277736
0.358974 , 0.333333 , -0.283638
0.358974 , 0.358974 , -0.291039
0.358974 , 0.384615 , -0.298476
0.358974 , 0.410256 , -0.306748
0.358974 , 0.435897 , -0.315463
0.358974 , 0.461538 , -0.325247
0.358974 , 0.487179 , -0.335939
0.358974 , 0.512821 , -0.347269
0.358974 , 0.538462 , -0.358723
0.358974 , 0.564103 , -0.370164
0.358974 , 0.589744 , -0.381201
0.358974 , 0.615385 , -0.391629
0.358974 , 0.641026 , -0.402205
0.358974 , 0.666667 , -0.411893
0.358974 , 0.692308 , -0.421933
0.358974 , 0.717949 , -0.430919
0.358974 , 0.743590 , -0.438100
0.358974 , 0.769231 , -0.443839
0.358974 , 0.794872 , -0.450417
0.358974 , 0.820513 , -0.455947
0.358974 , 0.846154 , -0.459858
0.358974 , 0.871795 , -0.462486
0.358974 , 0.897436 , -0.464134
0.358974 , 0.923077 , -0.465166
0.358974 , 0.948718 , -0.465048
0.358974 , 0.974359 , -0.464518
0.358974 , 1.000000 , -0.464399
0.384615 , 0.000000 , -0.149982
0.384615 , 0.025641 , -0.150801
0.384615 , 0.051282 , -0.150723
0.384615 , 0.076923 , -0.150705
0.384615 , 0.102564 , -0.150481
0.384615 , 0.128205 , -0.150957
0.384615 , 0.153846 , -0.151598
0.384615 , 0.179487 , -0.152542
0.384615 , 0.205128 , -0.154533
0.384615 , 0.230769 , -0.156694
0.384615 , 0.256410 , -0.159898
0.384615 , 0.282051 , -0.162704
0.384615 , 0.307692 , -0.166261
0.384615 , 0.333333 , -0.170642
0.384615 , 0.358974 , -0.177033
0.384615 , 0.384615 , -0.183343
0.384615 , 0.410256 , -0.189889
0.384615 , 0.435897 , -0.197395
0.384615 , 0.461538 , -0.205878
0.384615 , 0.487179 , -0.215641
0.384615 , 0.512821 , -0.225527
0.384615 , 0.538462 , -0.235481
0.384615 , 0.564103 , -0.245820
0.384615 , 0.589744 , -0.255557
0.384615 , 0.615385 , -0.264874
0.384615 , 0.641026 , -0.274179
0.384615 , 0.666667 , -0.283216
0.384615 , 0.692308 , -0.292625
0.384615 , 0.717949 , -0.301112
0.384615 , 0.743590 , -0.308555
0.384615 , 0.769231 , -0.314506
0.384615 , 0.794872 , -0.320785
0.384615 , 0.820513 , -0.326605
0.384615 , 0.846154 , -0.330744
0.384615 , 0.871795 , -0.333344
0.384615 , 0.897436 , -0.335903
0.384615 , 0.923077 , -0.337289
0.384615 , 0.948718 , -0.337390
0.384615 , 0.974359 , -0.337262
0.384615 , 1.000000 , -0.337523
0.410256 , 0.000000 , -0.044319
0.410256 , 0.025641 , -0.044857
0.410256 , 0.051282 , -0.045959
0.410256 , 0.076923 , -0.046903
0.410256 , 0.102564 , -0.047803
0.410256 , 0.128205 , -0.048803
0.410256 , 0.153846 , -0.049597
0.410256 , 0.179487 , -0.051170
0.410256 , 0.205128 , -0.052615
0.410256 , 0.230769 , -0.054995
0.410256 , 0.256410 , -0.058459
0.410256 , 0.282051 , -0.061090
0.410256 , 0.307692 , -0.063954
0.410256 , 0.333333 , -0.067555
0.410256 , 0.358974 , -0.072324
0.410256 , 0.384615 , -0.077337
0.410256 , 0.410256 , -0.082750
0.410256 , 0.435897 , -0.088811
0.410256 , 0.461538 , -0.095795
0.410256 , 0.487179 , -0.103591
0.410256 , 0.512821 , -0.112537
0.410256 , 0.538462 , -0.120815
0.410256 , 0.564103 , -0.129147
0.410256 , 0.589744 , -0.137883
0.410256 , 0.615385 , -0.146191
0.410256 , 0.641026 , -0.154488
0.410256 , 0.666667 , -0.162388
0.410256 , 0.692308 , -0.170441
0.410256 , 0.717949 , -0.178341
0.410256 , 0.743590 , -0.185919
0.410256 , 0.769231 , -0.192262
0.410256 , 0.794872 , -0.198087
0.410256 , 0.820513 , -0.203694
0.410256 , 0.846154 , -0.207929
0.410256 , 0.871795 , -0.210675
0.410256 , 0.897436 , -0.213446
0.410256 , 0.923077 , -0.215314
0.410256 , 0.948718 , -0.215992
0.410256 , 0.974359 , -0.215977
0.410256 , 1.000000 , -0.216031
0.435897 , 0.000000 , 0.051637
0.435897 , 0.025641 , 0.050880
0.435897 , 0.051282 , 0.049389
0.435897 , 0.076923 , 0.048309
0.435897 , 0.102564 , 0.046502
0.435897 , 0.128205 , 0.045162
0.435897 , 0.153846 , 0.044116
0.435897 , 0.179487 , 0.041716
0.435897 , 0.205128 , 0.039898
0.435897 , 0.230769 , 0.037564
0.435897 , 0.256410 , 0.034753
0.435897 , 0.282051 , 0.032968
0.435897 , 0.307692 , 0.030238
0.435897 , 0.333333 , 0.026966
0.435897 , 0.358974 , 0.023697
0.435897 , 0.384615 , 0.019813
0.435897 , 0.410256 , 0.015482
0.435897 , 0.435897 , 0.010705
0.435897 , 0.461538 , 0.005366
0.435897 , 0.487179 , -0.000667
0.435897 , 0.512821 , -0.007278
0.435897 , 0.538462 , -0.014007
0.435897 , 0.564103 , -0.020397
0.435897 , 0.589744 , -0.027308
0.435897 , 0.615385 , -0.034360
0.435897 , 0.641026 , -0.041662
0.435897 , 0.666667 , -0.048523
0.435897 , 0.692308 , -0.055278
0.435897 , 0.717949 , -0.062638
0.435897 , 0.743590 , -0.069862
0.435897 , 0.769231 , -0.075981
0.435897 , 0.794872 , -0.081219
0.435897 , 0.820513 , -0.087041
0.435897 , 0.846154 , -0.091748
0.435897 , 0.871795 , -0.094812
0.435897 , 0.897436 , -0.097458
0.435897 , 0.923077 , -0.099484
0.435897 , 0.948718 , -0.100468
0.435897 , 0.974359 , -0.100679
0.435897 , 1.000000 , -0.100339
0.461538 , 0.000000 , 0.138826
0.461538 , 0.025641 , 0.137768
0.461538 , 0.051282 , 0.135756
0.461538 , 0.076923 , 0.134733
0.461538 , 0.102564 , 0.132516
0.461538 , 0.128205 , 0.130786
0.461538 , 0.153846 , 0.128850
0.461538 , 0.179487 , 0.126470
0.461538 , 0.205128 , 0.123895
0.461538 , 0.230769 , 0.122142
0.461538 , 0.256410 , 0.119364
0.461538 , 0.282051 , 0.117955
0.461538 , 0.307692 , 0.116393
0.461538 , 0.333333 , 0.113991
0.461538 , 0.358974 , 0.111403
0.461538 , 0.384615 , 0.108587
0.461538 , 0.410256 , 0.105461
0.461538 , 0.435897 , 0.102305
0.461538 , 0.461538 , 0.098513
0.461538 , 0.487179 , 0.094416
0.461538 , 0.512821 , 0.089482
0.461538 , 0.538462 , 0.084602
0.461538 , 0.564103 , 0.080013
0.461538 , 0.589744 , 0.075315
0.461538 , 0.615385 , 0.070242
0.461538 , 0.641026 , 0.064678
0.461538 , 0.666667 , 0.058681
0.461538 , 0.692308 , 0.052673
0.461538 , 0.717949 , 0.046449
0.461538 , 0.743590 , 0.039784
0.461538 , 0.769231 , 0.034112
0.461538 , 0.794872 , 0.029337
0.461538 , 0.820513 , 0.024361
0.461538 , 0.846154 , 0.019757
0.461538 , 0.871795 , 0.015685
0.461538 , 0.897436 , 0.013124
0.461538 , 0.923077 , 0.010850
0.461538 , 0.948718 , 0.009629
0.461538 , 0.974359 , 0.009114
0.461538 , 1.000000 , 0.009487
0.487179 , 0.000000 , 0.216931
0.487179 , 0.025641 , 0.216401
0.487179 , 0.051282 , 0.214349
0.487179 , 0.076923 , 0.212723
0.487179 , 0.102564 , 0.210684
0.487179 , 0.128205 , 0.208404
0.487179 , 0.153846 , 0.205928
0.487179 , 0.179487 , 0.203738
0.487179 , 0.205128 , 0.200732
0.487179 , 0.230769 , 0.198425
0.487179 , 0.256410 , 0.196013
0.487179 , 0.282051 , 0.194789
0.487179 , 0.307692 , 0.194203
0.487179 , 0.333333 , 0.193205
0.487179 , 0.358974 , 0.191516
0.487179 , 0.384615 , 0.190137
0.487179 , 0.410256 , 0.188313
0.487179 , 0.435897 , 0.186141
0.487179 , 0.461538 , 0.183952
0.487179 , 0.487179 , 0.181251
0.487179 , 0.512821 , 0.178795
0.487179 , 0.538462 , 0.175728
0.487179 , 0.564103 , 0.173092
0.487179 , 0.589744 , 0.171048
0.487179 , 0.615385 , 0.168285
0.487179 , 0.641026 , 0.163915
0.487179 , 0.666667 , 0.159455
0.487179 , 0.692308 , 0.154400
0.487179 , 0.717949 , 0.148634
0.487179 , 0.743590 , 0.142662
0.487179 , 0.769231 , 0.137562
0.487179 , 0.794872 , 0.133061
0.487179 , 0.820513 , 0.129007
0.487179 , 0.846154 , 0.125123
0.487179 , 0.871795 , 0.121002
0.487179 , 0.897436 , 0.117966
0.487179 , 0.923077 , 0.115920
0.487179 , 0.948718 , 0.114317
0.487179 , 0.974359 , 0.113569
0.487179 , 1.000000 , 0.113179
0.512821 , 0.000000 , 0.287765
0.512821 , 0.025641 , 0.287270
0.512821 , 0.051282 , 0.285615
0.512821 , 0.076923 , 0.283492
0.512821 , 0.102564 , 0.281098
0.512821 , 0.128205 , 0.278269
0.512821 , 0.153846 , 0.275532
0.512821 , 0.179487 , 0.273072
0.512821 , 0.205128 , 0.270170
0.512821 , 0.230769 , 0.268047
0.512821 , 0.256410 , 0.265498
0.512821 , 0.282051 , 0.263680
0.512821 , 0.307692 , 0.263431
0.512821 , 0.333333 , 0.263850
0.512821 , 0.358974 , 0.263929
0.512821 , 0.384615 , 0.263908
0.512821 , 0.410256 , 0.263479
0.512821 , 0.435897 , 0.262749
0.512821 , 0.461538 , 0.262277
0.512821 , 0.487179 , 0.261532
0.512821 , 0.512821 , 0.261033
0.512821 , 0.538462 , 0.260132
0.512821 , 0.564103 , 0.259673
0.512821 , 0.589744 , 0.260178
0.512821 , 0.615385 , 0.259625
0.512821 , 0.641026 , 0.256666
0.512821 , 0.666667 , 0.253088
0.512821 , 0.692308 , 0.249001
0.512821 , 0.717949 , 0.244608
0.512821 , 0.743590 , 0.239884
0.512821 , 0.769231 , 0.235880
0.512821 , 0.794872 , 0.232048
0.512821 , 0.820513 , 0.228341
0.512821 , 0.846154 , 0.224675
0.512821 , 0.871795 , 0.221010
0.512821 , 0.897436 , 0.217315
0.512821 , 0.923077 , 0.215449
0.512821 , 0.948718 , 0.213953
0.512821 , 0.974359 , 0.213099
0.512821 , 1.000000 , 0.212148
0.538462 , 0.000000 , 0.351666
0.538462 , 0.025641 , 0.351332
0.538462 , 0.051282 , 0.349788
0.538462 , 0.076923 , 0.346575
0.538462 , 0.102564 , 0.343997
0.538462 , 0.128205 , 0.341246
0.538462 , 0.153846 , 0.337967
0.538462 , 0.179487 , 0.335653
0.538462 , 0.205128 , 0.332454
0.538462 , 0.230769 , 0.330889
0.538462 , 0.256410 , 0.329010
0.538462 , 0.282051 , 0.327282
0.538462 , 0.307692 , 0.327010
0.538462 , 0.333333 , 0.327784
0.538462 , 0.358974 , 0.328947
0.538462 , 0.384615 , 0.330535
0.538462 , 0.410256 , 0.331604
0.538462 , 0.435897 , 0.332672
0.538462 , 0.461538 , 0.333799
0.538462 , 0.487179 , 0.335058
0.538462 , 0.512821 , 0.336684
0.538462 , 0.538462 , 0.338049
0.538462 , 0.564103 , 0.339388
0.538462 , 0.589744 , 0.341068
0.538462 , 0.615385 , 0.342481
0.538462 , 0.641026 , 0.341363
0.538462 , 0.666667 , 0.339248
0.538462 , 0.692308 , 0.336376
0.538462 , 0.717949 , 0.333760
0.538462 , 0.743590 , 0.330517
0.538462 , 0.769231 , 0.327379
0.538462 , 0.794872 , 0.324500
0.538462 , 0.820513 , 0.321407
0.538462 , 0.846154 , 0.318028
0.538462 , 0.871795 , 0.314478
0.538462 , 0.897436 , 0.311170
0.538462 , 0.923077 , 0.309249
0.538462 , 0.948718 , 0.307516
0.538462 , 0.974359 , 0.306711
0.538462 , 1.000000 , 0.306036
0.564103 , 0.000000 , 0.409502
0.564103 , 0.025641 , 0.409300
0.564103 , 0.051282 , 0.407457
0.564103 , 0.076923 , 0.403999
0.564103 , 0.102564 , 0.400451
0.564103 , 0.128205 , 0.398374
0.564103 , 0.153846 , 0.394723
0.564103 , 0.179487 , 0.392321
0.564103 , 0.205128 , 0.389142
0.564103 , 0.230769 , 0.387593
0.564103 , 0.256410 , 0.386255
0.564103 , 0.282051 , 0.384633
0.564103 , 0.307692 , 0.385114
0.564103 , 0.333333 , 0.385849
0.564103 , 0.358974 , 0.387868
0.564103 , 0.384615 , 0.390261
0.564103 , 0.410256 , 0.392967
0.564103 , 0.435897 , 0.395536
0.564103 , 0.461538 , 0.398552
0.564103 , 0.487179 , 0.401702
0.564103 , 0.512821 , 0.405419
0.564103 , 0.538462 , 0.408829
0.564103 , 0.564103 , 0.412125
0.564103 , 0.589744 , 0.415539
0.564103 , 0.615385 , 0.418129
0.564103 , 0.641026 , 0.419123
0.564103 , 0.666667 , 0.418650
0.564103 , 0.692308 , 0.417197
0.564103 , 0.717949 , 0.416007
0.564103 , 0.743590 , 0.414477
0.564103 , 0.769231 , 0.412663
0.564103 , 0.794872 , 0.410908
0.564103 , 0.820513 , 0.408697
0.564103 , 0.846154 , 0.405788
0.564103 , 0.871795 , 0.402099
0.564103 , 0.897436 , 0.398719
0.564103 , 0.923077 , 0.397504
0.564103 , 0.948718 , 0.395896
0.564103 , 0.974359 , 0.394789
0.564103 , 1.000000 , 0.394633
0.589744 , 0.000000 , 0.461989
0.589744 , 0.025641 , 0.461687
0.589744 , 0.051282 , 0.459080
0.589744 , 0.076923 , 0.455622
0.589744 , 0.102564 , 0.452138
0.589744 , 0.128205 , 0.449913
0.589744 , 0.153846 , 0.446419
0.589744 , 0.179487 , 0.443454
0.589744 , 0.205128 , 0.440546
0.589744 , 0.230769 , 0.438868
0.589744 , 0.256410 , 0.438072
0.589744 , 0.282051 , 0.436886
0.589744 , 0.307692 , 0.437657
0.589744 , 0.333333 , 0.439236
0.589744 , 0.358974 , 0.441727
0.589744 , 0.384615 , 0.444689
0.589744 , 0.410256 , 0.448621
0.589744 , 0.435897 , 0.452668
0.589744 , 0.461538 , 0.457227
0.589744 , 0.487179 , 0.462177
0.589744 , 0.512821 , 0.467662
0.589744 , 0.538462 , 0.473023
0.589744 , 0.564103 , 0.477785
0.589744 , 0.589744 , 0.482899
0.589744 , 0.615385 , 0.487194
0.589744 , 0.641026 , 0.490507
0.589744 , 0.666667 , 0.491682
0.589744 , 0.692308 , 0.492013
0.589744 , 0.717949 , 0.492677
0.589744 , 0.743590 , 0.492963
0.589744 , 0.769231 , 0.491885
0.589744 , 0.794872 , 0.491002
0.589744 , 0.820513 , 0.489409
0.589744 , 0.846154 , 0.487329
0.589744 , 0.871795 , 0.484555
0.589744 , 0.897436 , 0.481208
0.589744 , 0.923077 , 0.479405
0.589744 , 0.948718 , 0.478841
0.589744 , 0.974359 , 0.477743
0.589744 , 1.000000 , 0.477606
0.615385 , 0.000000 , 0.509308
0.615385 , 0.025641 , 0.508347
0.615385 , 0.051282 , 0.505721
0.615385 , 0.076923 , 0.501938
0.615385 , 0.102564 , 0.498728
0.615385 , 0.128205 , 0.496163
0.615385 , 0.153846 , 0.493123
0.615385 , 0.179487 , 0.489700
0.615385 , 0.205128 , 0.486962
0.615385 , 0.230769 , 0.485623
0.615385 , 0.256410 , 0.485450
0.615385 , 0.282051 , 0.484428
0.615385 , 0.307692 , 0.485442
0.615385 , 0.333333 , 0.487952
0.615385 , 0.358974 , 0.491364
0.615385 , 0.384615 , 0.495095
0.615385 , 0.410256 , 0.498799
0.615385 , 0.435897 , 0.504599
0.615385 , 0.461538 , 0.510725
0.615385 , 0.487179 , 0.516906
0.615385 , 0.512821 , 0.523432
0.615385 , 0.538462 , 0.530274
0.615385 , 0.564103 , 0.537062
0.615385 , 0.589744 , 0.543285
0.615385 , 0.615385 , 0.549322
0.615385 , 0.641026 , 0.554728
0.615385 , 0.666667 , 0.558331
0.615385 , 0.692308 , 0.560376
0.615385 , 0.717949 , 0.561839
0.615385 , 0.743590 , 0.564346
0.615385 , 0.769231 , 0.564982
0.615385 , 0.794872 , 0.564246
0.615385 , 0.820513 , 0.562916
0.615385 , 0.846154 , 0.561620
0.615385 , 0.871795 , 0.559745
0.615385 , 0.897436 , 0.557945
0.615385 , 0.923077 , 0.555861
0.615385 , 0.948718 , 0.555237
0.615385 , 0.974359 , 0.554272
0.615385 , 1.000000 , 0.554388
0.641026 , 0.000000 , 0.551735
0.641026 , 0.025641 , 0.550658
0.641026 , 0.051282 , 0.548217
0.641026 , 0.076923 , 0.544680
0.641026 , 0.102564 , 0.541068
0.641026 , 0.128205 , 0.538122
0.641026 , 0.153846 , 0.534227
0.641026 , 0.179487 , 0.531090
0.641026 , 0.205128 , 0.528371
0.641026 , 0.230769 , 0.527080
0.641026 , 0.256410 , 0.527745
0.641026 , 0.282051 , 0.527716
0.641026 , 0.307692 , 0.528839
0.641026 , 0.333333 , 0.531955
0.641026 , 0.358974 , 0.535849
0.641026 , 0.384615 , 0.540063
0.641026 , 0.410256 , 0.545070
0.641026 , 0.435897 , 0.551201
0.641026 , 0.461538 , 0.558845
0.641026 , 0.487179 , 0.566378
0.641026 , 0.512821 , 0.573907
0.641026 , 0.538462 , 0.581982
0.641026 , 0.564103 , 0.590044
0.641026 , 0.589744 , 0.597706
0.641026 , 0.615385 , 0.604886
0.641026 , 0.641026 , 0.612554
0.641026 , 0.666667 , 0.618646
0.641026 , 0.692308 , 0.622596
0.641026 , 0.717949 , 0.624924
0.641026 , 0.743590 , 0.628343
0.641026 , 0.769231 , 0.631094
0.641026 , 0.794872 , 0.631969
0.641026 , 0.820513 , 0.631160
0.641026 , 0.846154 , 0.630503
0.641026 , 0.871795 , 0.630003
0.641026 , 0.897436 , 0.628336
0.641026 , 0.923077 , 0.626924
0.641026 , 0.948718 , 0.625879
0.641026 , 0.974359 , 0.624482
0.641026 , 1.000000 , 0.624158
0.666667 , 0.000000 , 0.589718
0.666667 , 0.025641 , 0.588798
0.666667 , 0.051282 , 0.585820
0.666667 , 0.076923 , 0.582980
0.666667 , 0.102564 , 0.579146
0.666667 , 0.128205 , 0.575287
0.666667 , 0.153846 , 0.571293
0.666667 , 0.179487 , 0.568365
0.666667 , 0.205128 , 0.566627
0.666667 , 0.230769 , 0.564904
0.666667 , 0.256410 , 0.565344
0.666667 , 0.282051 , 0.566028
0.666667 , 0.307692 , 0.567767
0.666667 , 0.333333 , 0.571893
0.666667 , 0.358974 , 0.576184
0.666667 , 0.384615 , 0.580903
0.666667 , 0.410256 , 0.586901
0.666667 , 0.435897 , 0.594131
0.666667 , 0.461538 , 0.601898
0.666667 , 0.487179 , 0.610296
0.666667 , 0.512821 , 0.619080
0.666667 , 0.538462 , 0.628483
0.666667 , 0.564103 , 0.637783
0.666667 , 0.589744 , 0.647021
0.666667 , 0.615385 , 0.655856
0.666667 , 0.641026 , 0.664519
0.666667 , 0.666667 , 0.672656
0.666667 , 0.692308 , 0.677974
0.666667 , 0.717949 , 0.682054
0.666667 , 0.743590 , 0.686774
0.666667 , 0.769231 , 0.690479
0.666667 , 0.794872 , 0.693342
0.666667 , 0.820513 , 0.694625
0.666667 , 0.846154 , 0.694867
0.666667 , 0.871795 , 0.695026
0.666667 , 0.897436 , 0.694050
0.666667 , 0.923077 , 0.693127
0.666667 , 0.948718 , 0.691490
0.666667 , 0.974359 , 0.690243
0.666667 , 1.000000 , 0.689456
0.692308 , 0.000000 , 0.623730
0.692308 , 0.025641 , 0.622268
0.692308 , 0.051282 , 0.619701
0.692308 , 0.076923 , 0.616985
0.692308 , 0.102564 , 0.613030
0.692308 , 0.128205 , 0.608487
0.692308 , 0.153846 , 0.605080
0.692308 , 0.179487 , 0.602609
0.692308 , 0.205128 , 0.601094
0.692308 , 0.230769 , 0.599533
0.692308 , 0.256410 , 0.598951
0.692308 , 0.282051 , 0.600739
0.692308 , 0.307692 , 0.603157
0.692308 , 0.333333 , 0.607890
0.692308 , 0.358974 , 0.612776
0.692308 , 0.384615 , 0.617632
0.692308 , 0.410256 , 0.624454
0.692308 , 0.435897 , 0.632316
0.692308 , 0.461538 , 0.640694
0.692308 , 0.487179 , 0.649398
0.692308 , 0.512821 , 0.659787
0.692308 , 0.538462 , 0.670544
0.692308 , 0.564103 , 0.680892
0.692308 , 0.589744 , 0.690764
0.692308 , 0.615385 , 0.700817
0.692308 , 0.641026 , 0.710666
0.692308 , 0.666667 , 0.720773
0.692308 , 0.692308 , 0.728489
0.692308 , 0.717949 , 0.734741
0.692308 , 0.743590 , 0.741125
0.692308 , 0.769231 , 0.746639
0.692308 , 0.794872 , 0.750714
0.692308 , 0.820513 , 0.752696
0.692308 , 0.846154 , 0.753910
0.692308 , 0.871795 , 0.754617
0.692308 , 0.897436 , 0.753790
0.692308 , 0.923077 , 0.753383
0.692308 , 0.948718 , 0.752290
0.692308 , 0.974359 , 0.751088
0.692308 , 1.000000 , 0.749926
0.717949 , 0.000000 , 0.653468
0.717949 , 0.025641 , 0.652579
0.717949 , 0.051282 , 0.650335
0.717949 , 0.076923 , 0.647406
0.717949 , 0.102564 , 0.643356
0.717949 , 0.128205 , 0.639327
0.717949 , 0.153846 , 0.636142
0.717949 , 0.179487 , 0.634463
0.717949 , 0.205128 , 0.632842
0.717949 , 0.230769 , 0.631138
0.717949 , 0.256410 , 0.630215
0.717949 , 0.282051 , 0.632172
0.717949 , 0.307692 , 0.635255
0.717949 , 0.333333 , 0.640287
0.717949 , 0.358974 , 0.645534
0.717949 , 0.384615 , 0.650973
0.717949 , 0.410256 , 0.658338
0.717949 , 0.435897 , 0.666695
0.717949 , 0.461538 , 0.675955
0.717949 , 0.487179 , 0.685477
0.717949 , 0.512821 , 0.696413
0.717949 , 0.538462 , 0.708296
0.717949 , 0.564103 , 0.719225
0.717949 , 0.589744 , 0.730270
0.717949 , 0.615385 , 0.741406
0.717949 , 0.641026 , 0.752374
0.717949 , 0.666667 , 0.763737
0.717949 , 0.692308 , 0.773974
0.717949 , 0.717949 , 0.782236
0.717949 , 0.743590 , 0.789546
0.717949 , 0.769231 , 0.796251
0.717949 , 0.794872 , 0.801771
0.717949 , 0.820513 , 0.804836
0.717949 , 0.846154 , 0.806571
0.717949 , 0.871795 , 0.808041
0.717949 , 0.897436 , 0.808426
0.717949 , 0.923077 , 0.807919
0.717949 , 0.948718 , 0.807164
0.717949 , 0.974359 , 0.806305
0.717949 , 1.000000 , 0.805859
0.743590 , 0.000000 , 0.679413
0.743590 , 0.025641 , 0.678958
0.743590 , 0.051282 , 0.677124
0.743590 , 0.076923 , 0.674712
0.743590 , 0.102564 , 0.671056
0.743590 , 0.128205 , 0.667220
0.743590 , 0.153846 , 0.663503
0.743590 , 0.179487 , 0.662651
0.743590 , 0.205128 , 0.661615
0.743590 , 0.230769 , 0.659569
0.743590 , 0.256410 , 0.658884
0.743590 , 0.282051 , 0.661092
0.743590 , 0.307692 , 0.664053
0.743590 , 0.333333 , 0.669097
0.743590 , 0.358974 , 0.675152
0.743590 , 0.384615 , 0.681123
0.743590 , 0.410256 , 0.689286
0.743590 , 0.435897 , 0.698281
0.743590 , 0.461538 , 0.708076
0.743590 , 0.487179 , 0.718304
0.743590 , 0.512821 , 0.729456
0.743590 , 0.538462 , 0.741463
0.743590 , 0.564103 , 0.753658
0.743590 , 0.589744 , 0.766579
0.743590 , 0.615385 , 0.778744
0.743590 , 0.641026 , 0.789821
0.743590 , 0.666667 , 0.801560
0.743590 , 0.692308 , 0.813287
0.743590 , 0.717949 , 0.823377
0.743590 , 0.743590 , 0.832070
0.743590 , 0.769231 , 0.839970
0.743590 , 0.794872 , 0.846041
0.743590 , 0.820513 , 0.850937
0.743590 , 0.846154 , 0.854515
0.743590 , 0.871795 , 0.855897
0.743590 , 0.897436 , 0.857454
0.743590 , 0.923077 , 0.857084
0.743590 , 0.948718 , 0.855868
0.743590 , 0.974359 , 0.854946
0.743590 , 1.000000 , 0.854614
0.769231 , 0.000000 , 0.701563
0.769231 , 0.025641 , 0.702178
0.769231 , 0.051282 , 0.700506
0.769231 , 0.076923 , 0.697915
0.769231 , 0.102564 , 0.695448
0.769231 , 0.128205 , 0.691498
0.769231 , 0.153846 , 0.687813
0.769231 , 0.179487 , 0.687093
0.769231 , 0.205128 , 0.686834
0.769231 , 0.230769 , 0.684815
0.769231 , 0.256410 , 0.684515
0.769231 , 0.282051 , 0.686075
0.769231 , 0.307692 , 0.689848
0.769231 , 0.333333 , 0.694430
0.769231 , 0.358974 , 0.700821
0.769231 , 0.384615 , 0.707963
0.769231 , 0.410256 , 0.716958
0.769231 , 0.435897 , 0.726455
0.769231 , 0.461538 , 0.737055
0.769231 , 0.487179 , 0.747997
0.769231 , 0.512821 , 0.759296
0.769231 , 0.538462 , 0.771686
0.769231 , 0.564103 , 0.784204
0.769231 , 0.589744 , 0.798594
0.769231 , 0.615385 , 0.812307
0.769231 , 0.641026 , 0.823558
0.769231 , 0.666667 , 0.835430
0.769231 , 0.692308 , 0.847215
0.769231 , 0.717949 , 0.858676
0.769231 , 0.743590 , 0.869071
0.769231 , 0.769231 , 0.878780
0.769231 , 0.794872 , 0.886031
0.769231 , 0.820513 , 0.892111
0.769231 , 0.846154 , 0.897315
0.769231 , 0.871795 , 0.899129
0.769231 , 0.897436 , 0.900489
0.769231 , 0.923077 , 0.900308
0.769231 , 0.948718 , 0.899788
0.769231 , 0.974359 , 0.898510
0.769231 , 1.000000 , 0.897427
0.794872 , 0.000000 , 0.721824
0.794872 , 0.025641 , 0.722444
0.794872 , 0.051282 , 0.721116
0.794872 , 0.076923 , 0.719017
0.794872 , 0.102564 , 0.716660
0.794872 , 0.128205 , 0.712732
0.794872 , 0.153846 , 0.709915
0.794872 , 0.179487 , 0.708738
0.794872 , 0.205128 , 0.709619
0.794872 , 0.230769 , 0.708229
0.794872 , 0.256410 , 0.707984
0.794872 , 0.282051 , 0.709363
0.794872 , 0.307692 , 0.712846
0.794872 , 0.333333 , 0.717371
0.794872 , 0.358974 , 0.723818
0.794872 , 0.384615 , 0.732078
0.794872 , 0.410256 , 0.741643
0.794872 , 0.435897 , 0.751398
0.794872 , 0.461538 , 0.762485
0.794872 , 0.487179 , 0.773664
0.794872 , 0.512821 , 0.784978
0.794872 , 0.538462 , 0.798099
0.794872 , 0.564103 , 0.811735
0.794872 , 0.589744 , 0.825788
0.794872 , 0.615385 , 0.839815
0.794872 , 0.641026 , 0.852047
0.794872 , 0.666667 , 0.864738
0.794872 , 0.692308 , 0.876466
0.794872 , 0.717949 , 0.888597
0.794872 , 0.743590 , 0.900389
0.794872 , 0.769231 , 0.911787
0.794872 , 0.794872 , 0.920736
0.794872 , 0.820513 , 0.927163
0.794872 , 0.846154 , 0.932430
0.794872 , 0.871795 , 0.935313
0.794872 , 0.897436 , 0.937181
0.794872 , 0.923077 , 0.937530
0.794872 , 0.948718 , 0.937556
0.794872 , 0.974359 , 0.936622
0.794872 , 1.000000 , 0.935832
0.820513 , 0.000000 , 0.739239
0.820513 , 0.025641 , 0.739619
0.820513 , 0.051282 , 0.738505
0.820513 , 0.076923 , 0.736514
0.820513 , 0.102564 , 0.735042
0.820513 , 0.128205 , 0.731656
0.820513 , 0.153846 , 0.729377
0.820513 , 0.179487 , 0.728766
0.820513 , 0.205128 , 0.729005
0.820513 , 0.230769 , 0.728519
0.820513 , 0.256410 , 0.728792
0.820513 , 0.282051 , 0.730576
0.820513 , 0.307692 , 0.734305
0.820513 , 0.333333 , 0.738977
0.820513 , 0.358974 , 0.745161
0.820513 , 0.384615 , 0.753718
0.820513 , 0.410256 , 0.763756
0.820513 , 0.435897 , 0.773349
0.820513 , 0.461538 , 0.784776
0.820513 , 0.487179 , 0.796299
0.820513 , 0.512821 , 0.807666
0.820513 , 0.538462 , 0.820993
0.820513 , 0.564103 , 0.834981
0.820513 , 0.589744 , 0.849073
0.820513 , 0.615385 , 0.862653
0.820513 , 0.641026 , 0.875902
0.820513 , 0.666667 , 0.889243
0.820513 , 0.692308 , 0.901231
0.820513 , 0.717949 , 0.913823
0.820513 , 0.743590 , 0.925863
0.820513 , 0.769231 , 0.938662
0.820513 , 0.794872 , 0.949676
0.820513 , 0.820513 , 0.957130
0.820513 , 0.846154 , 0.961945
0.820513 , 0.871795 , 0.965323
0.820513 , 0.897436 , 0.967956
0.820513 , 0.923077 , 0.969149
0.820513 , 0.948718 , 0.969383
0.820513 , 0.974359 , 0.968735
0.820513 , 1.000000 , 0.968460
0.846154 , 0.000000 , 0.753990
0.846154 , 0.025641 , 0.754187
0.846154 , 0.051282 , 0.753694
0.846154 , 0.076923 , 0.752171
0.846154 , 0.102564 , 0.750591
0.846154 , 0.128205 , 0.748158
0.846154 , 0.153846 , 0.746798
0.846154 , 0.179487 , 0.746757
0.846154 , 0.205128 , 0.746512
0.846154 , 0.230769 , 0.746142
0.846154 , 0.256410 , 0.747422
0.846154 , 0.282051 , 0.749837
0.846154 , 0.307692 , 0.754062
0.846154 , 0.333333 , 0.759433
0.846154 , 0.358974 , 0.765147
0.846154 , 0.384615 , 0.772914
0.846154 , 0.410256 , 0.782367
0.846154 , 0.435897 , 0.792000
0.846154 , 0.461538 , 0.803378
0.846154 , 0.487179 , 0.815400
0.846154 , 0.512821 , 0.827026
0.846154 , 0.538462 , 0.840492
0.846154 , 0.564103 , 0.854410
0.846154 , 0.589744 , 0.868508
0.846154 , 0.615385 , 0.882006
0.846154 , 0.641026 , 0.895722
0.846154 , 0.666667 , 0.909092
0.846154 , 0.692308 , 0.921948
0.846154 , 0.717949 , 0.935210
0.846154 , 0.743590 , 0.948314
0.846154 , 0.769231 , 0.960454
0.846154 , 0.794872 , 0.972154
0.846154 , 0.820513 , 0.980617
0.846154 , 0.846154 , 0.986130
0.846154 , 0.871795 , 0.990731
0.846154 , 0.897436 , 0.993765
0.846154 , 0.923077 , 0.995877
0.846154 , 0.948718 , 0.996515
0.846154 , 0.974359 , 0.996175
0.846154 , 1.000000 , 0.995992
0.871795 , 0.000000 , 0.766874
0.871795 , 0.025641 , 0.766761
0.871795 , 0.051282 , 0.766856
0.871795 , 0.076923 , 0.765689
0.871795 , 0.102564 , 0.764377
0.871795 , 0.128205 , 0.762795
0.871795 , 0.153846 , 0.762335
0.871795 , 0.179487 , 0.762669
0.871795 , 0.205128 , 0.762285
0.871795 , 0.230769 , 0.762510
0.871795 , 0.256410 , 0.764099
0.871795 , 0.282051 , 0.766632
0.871795 , 0.307692 , 0.770540
0.871795 , 0.333333 , 0.775971
0.871795 , 0.358974 , 0.782598
0.871795 , 0.384615 , 0.789956
0.871795 , 0.410256 , 0.799396
0.871795 , 0.435897 , 0.808481
0.871795 , 0.461538 , 0.818776
0.871795 , 0.487179 , 0.830354
0.871795 , 0.512821 , 0.842797
0.871795 , 0.538462 , 0.856421
0.871795 , 0.564103 , 0.870340
0.871795 , 0.589744 , 0.884183
0.871795 , 0.615385 , 0.897909
0.871795 , 0.641026 , 0.912225
0.871795 , 0.666667 , 0.925393
0.871795 , 0.692308 , 0.939332
0.871795 , 0.717949 , 0.952835
0.871795 , 0.743590 , 0.966208
0.871795 , 0.769231 , 0.978155
0.871795 , 0.794872 , 0.989141
0.871795 , 0.820513 , 0.998075
0.871795 , 0.846154 , 1.004979
0.871795 , 0.871795 , 1.010225
0.871795 , 0.897436 , 1.013621
0.871795 , 0.923077 , 1.016071
0.871795 , 0.948718 , 1.017504
0.871795 , 0.974359 , 1.018091
0.871795 , 1.000000 , 1.017953
0.897436 , 0.000000 , 0.776214
0.897436 , 0.025641 , 0.776365
0.897436 , 0.051282 , 0.776761
0.897436 , 0.076923 , 0.776577
0.897436 , 0.102564 , 0.775866
0.897436 , 0.128205 , 0.775154
0.897436 , 0.153846 , 0.774688
0.897436 , 0.179487 , 0.774898
0.897436 , 0.205128 , 0.775808
0.897436 , 0.230769 , 0.776522
0.897436 , 0.256410 , 0.778172
0.897436 , 0.282051 , 0.780521
0.897436 , 0.307692 , 0.784111
0.897436 , 0.333333 , 0.789286
0.897436 , 0.358974 , 0.796453
0.897436 , 0.384615 , 0.804747
0.897436 , 0.410256 , 0.813215
0.897436 , 0.435897 , 0.822412
0.897436 , 0.461538 , 0.832135
0.897436 , 0.487179 , 0.843068
0.897436 , 0.512821 , 0.854974
0.897436 , 0.538462 , 0.867788
0.897436 , 0.564103 , 0.881330
0.897436 , 0.589744 , 0.896048
0.897436 , 0.615385 , 0.910679
0.897436 , 0.641026 , 0.925011
0.897436 , 0.666667 , 0.938629
0.897436 , 0.692308 , 0.952078
0.897436 , 0.717949 , 0.966173
0.897436 , 0.743590 , 0.980056
0.897436 , 0.769231 , 0.992565
0.897436 , 0.794872 , 1.002223
0.897436 , 0.820513 , 1.011049
0.897436 , 0.846154 , 1.018606
0.897436 , 0.871795 , 1.024118
0.897436 , 0.897436 , 1.028874
0.897436 , 0.923077 , 1.032190
0.897436 , 0.948718 , 1.034364
0.897436 , 0.974359 , 1.035504
0.897436 , 1.000000 , 1.035600
0.923077 , 0.000000 , 0.784056
0.923077 , 0.025641 , 0.783815
0.923077 , 0.051282 , 0.784654
0.923077 , 0.076923 , 0.784661
0.923077 , 0.102564 , 0.784434
0.923077 , 0.128205 , 0.784040
0.923077 , 0.153846 , 0.784463
0.923077 , 0.179487 , 0.785086
0.923077 , 0.205128 , 0.786816
0.923077 , 0.230769 , 0.788300
0.923077 , 0.256410 , 0.789342
0.923077 , 0.282051 , 0.792086
0.923077 , 0.307692 , 0.795918
0.923077 , 0.333333 , 0.800665
0.923077 , 0.358974 , 0.807230
0.923077 , 0.384615 , 0.815358
0.923077 , 0.410256 , 0.823457
0.923077 , 0.435897 , 0.831886
0.923077 , 0.461538 , 0.841780
0.923077 , 0.487179 , 0.852309
0.923077 , 0.512821 , 0.864356
0.923077 , 0.538462 , 0.877307
0.923077 , 0.564103 , 0.890769
0.923077 , 0.589744 , 0.905033
0.923077 , 0.615385 , 0.919720
0.923077 , 0.641026 , 0.934711
0.923077 , 0.666667 , 0.948460
0.923077 , 0.692308 , 0.961759
0.923077 , 0.717949 , 0.976226
0.923077 , 0.743590 , 0.990008
0.923077 , 0.769231 , 1.001986
0.923077 , 0.794872 , 1.011168
0.923077 , 0.820513 , 1.020074
0.923077 , 0.846154 , 1.028409
0.923077 , 0.871795 , 1.035084
0.923077 , 0.897436 , 1.040385
0.923077 , 0.923077 , 1.044562
0.923077 , 0.948718 , 1.046617
0.923077 , 0.974359 , 1.048233
0.923077 , 1.000000 , 1.049001
0.948718 , 0.000000 , 0.789776
0.948718 , 0.025641 , 0.789653
0.948718 , 0.051282 , 0.789897
0.948718 , 0.076923 , 0.790063
0.948718 , 0.102564 , 0.790525
0.948718 , 0.128205 , 0.790924
0.948718 , 0.153846 , 0.791635
0.948718 , 0.179487 , 0.793054
0.948718 , 0.205128 , 0.794480
0.948718 , 0.230769 , 0.796108
0.948718 , 0.256410 , 0.797996
0.948718 , 0.282051 , 0.800554
0.948718 , 0.307692 , 0.804535
0.948718 , 0.333333 , 0.809516
0.948718 , 0.358974 , 0.815457
0.948718 , 0.384615 , 0.822830
0.948718 , 0.410256 , 0.830617
0.948718 , 0.435897 , 0.839213
0.948718 , 0.461538 , 0.849055
0.948718 , 0.487179 , 0.859468
0.948718 , 0.512821 , 0.870713
0.948718 , 0.538462 , 0.883766
0.948718 , 0.564103 , 0.897104
0.948718 , 0.589744 , 0.910889
0.948718 , 0.615385 , 0.925657
0.948718 , 0.641026 , 0.940842
0.948718 , 0.666667 , 0.954805
0.948718 , 0.692308 , 0.968848
0.948718 , 0.717949 , 0.983016
0.948718 , 0.743590 , 0.996282
0.948718 , 0.769231 , 1.007731
0.948718 , 0.794872 , 1.017397
0.948718 , 0.820513 , 1.026459
0.948718 , 0.846154 , 1.035298
0.948718 , 0.871795 , 1.042595
0.948718 , 0.897436 , 1.048064
0.948718 , 0.923077 , 1.052554
0.948718 , 0.948718 , 1.055229
0.948718 , 0.974359 , 1.056774
0.948718 , 1.000000 , 1.057708
0.974359 , 0.000000 , 0.793591
0.974359 , 0.025641 , 0.793318
0.974359 , 0.051282 , 0.793254
0.974359 , 0.076923 , 0.793633
0.974359 , 0.102564 , 0.794152
0.974359 , 0.128205 , 0.795320
0.974359 , 0.153846 , 0.796528
0.974359 , 0.179487 , 0.798329
0.974359 , 0.205128 , 0.799978
0.974359 , 0.230769 , 0.801339
0.974359 , 0.256410 , 0.803474
0.974359 , 0.282051 , 0.806447
0.974359 , 0.307692 , 0.809757
0.974359 , 0.333333 , 0.815440
0.974359 , 0.358974 , 0.821877
0.974359 , 0.384615 , 0.828556
0.974359 , 0.410256 , 0.835963
0.974359 , 0.435897 , 0.844204
0.974359 , 0.461538 , 0.853185
0.974359 , 0.487179 , 0.863431
0.974359 , 0.512821 , 0.874846
0.974359 , 0.538462 , 0.887328
0.974359 , 0.564103 , 0.900913
0.974359 , 0.589744 , 0.914761
0.974359 , 0.615385 , 0.928773
0.974359 , 0.641026 , 0.943866
0.974359 , 0.666667 , 0.958630
0.974359 , 0.692308 , 0.972719
0.974359 , 0.717949 , 0.986678
0.974359 , 0.743590 , 0.999687
0.974359 , 0.769231 , 1.010986
0.974359 , 0.794872 , 1.021349
0.974359 , 0.820513 , 1.030548
0.974359 , 0.846154 , 1.038825
0.974359 , 0.871795 , 1.046530
0.974359 , 0.897436 , 1.052825
0.974359 , 0.923077 , 1.057524
0.974359 , 0.948718 , 1.060542
0.974359 , 0.974359 , 1.062229
0.974359 , 1.000000 , 1.063145
1.000000 , 0.000000 , 0.794697
1.000000 , 0.025641 , 0.794740
1.000000 , 0.051282 , 0.794341
1.000000 , 0.076923 , 0.795047
1.000000 , 0.102564 , 0.795967
1.000000 , 0.128205 , 0.796785
1.000000 , 0.153846 , 0.798713
1.000000 , 0.179487 , 0.800338
1.000000 , 0.205128 , 0.801946
1.000000 , 0.230769 , 0.803343
1.000000 , 0.256410 , 0.804848
1.000000 , 0.282051 , 0.808371
1.000000 , 0.307692 , 0.812045
1.000000 , 0.333333 , 0.817641
1.000000 , 0.358974 , 0.823814
1.000000 , 0.384615 , 0.830337
1.000000 , 0.410256 , 0.837837
1.000000 , 0.435897 , 0.845713
1.000000 , 0.461538 , 0.854350
1.000000 , 0.487179 , 0.864873
1.000000 , 0.512821 , 0.876250
1.000000 , 0.538462 , 0.888345
1.000000 , 0.564103 , 0.902670
1.000000 , 0.589744 , 0.917176
1.000000 , 0.615385 , 0.930613
1.000000 , 0.641026 , 0.944358
1.000000 , 0.666667 , 0.959630
1.000000 , 0.692308 , 0.973930
1.000000 , 0.717949 , 0.987283
1.000000 , 0.743590 , 1.000825
1.000000 , 0.769231 , 1.012106
1.000000 , 0.794872 , 1.021833
1.000000 , 0.820513 , 1.031294
1.000000 , 0.846154 , 1.039377
1.000000 , 0.871795 , 1.046958
1.000000 , 0.897436 , 1.054018
1.000000 , 0.923077 , 1.059029
1.000000 , 0.948718 , 1.062287
1.000000 , 0.974359 , 1.064323
1.000000 , 1.000000 , 1.065628
