0.000000 , 0.000000 , 3.968459
0.000000 , 0.025641 , 3.968459
0.000000 , 0.051282 , 3.968459
0.000000 , 0.076923 , 3.968459
0.000000 , 0.102564 , 3.968459
0.000000 , 0.128205 , 3.968459
0.000000 , 0.153846 , 3.968459
0.000000 , 0.179487 , 3.968459
0.000000 , 0.205128 , 3.968459
0.000000 , 0.230769 , 3.968459
0.000000 , 0.256410 , 3.968459
0.000000 , 0.282051 , 3.968459
0.000000 , 0.307692 , 3.968459
0.000000 , 0.333333 , 3.968459
0.000000 , 0.358974 , 3.968459
0.000000 , 0.384615 , 3.968459
0.000000 , 0.410256 , 3.968459
0.000000 , 0.435897 , 3.968459
0.000000 , 0.461538 , 3.968459
0.000000 , 0.487179 , 3.968459
0.000000 , 0.512821 , 3.968459
0.000000 , 0.538462 , 3.968459
0.000000 , 0.564103 , 3.968459
0.000000 , 0.589744 , 3.968459
0.000000 , 0.615385 , 3.968459
0.000000 , 0.641026 , 3.968459
0.000000 , 0.666667 , 3.968459
0.000000 , 0.692308 , 3.968459
0.000000 , 0.717949 , 3.968459
0.000000 , 0.743590 , 3.968459
0.000000 , 0.769231 , 3.968459
0.000000 , 0.794872 , 3.968459
0.000000 , 0.820513 , 3.968459
0.000000 , 0.846154 , 3.968459
0.000000 , 0.871795 , 3.968459
0.000000 , 0.897436 , 3.968459
0.000000 , 0.923077 , 3.968459
0.000000 , 0.948718 , 3.968459
0.000000 , 0.974359 , 3.968459
0.000000 , 1.000000 , 3.968459
0.025641 , 0.000000 , 3.828064
0.025641 , 0.025641 , 3.829052
0.025641 , 0.051282 , 3.830298
0.025641 , 0.076923 , 3.831297
0.025641 , 0.102564 , 3.831587
0.025641 , 0.128205 , 3.831285
0.025641 , 0.153846 , 3.830135
0.025641 , 0.179487 , 3.828058
0.025641 , 0.205128 , 3.825135
0.025641 , 0.230769 , 3.821734
0.025641 , 0.256410 , 3.818472
0.025641 , 0.282051 , 3.814674
0.025641 , 0.307692 , 3.809692
0.025641 , 0.333333 , 3.804610
0.025641 , 0.358974 , 3.799272
0.025641 , 0.384615 , 3.793566
0.025641 , 0.410256 , 3.787543
0.025641 , 0.435897 , 3.781743
0.025641 , 0.461538 , 3.775398
0.025641 , 0.487179 , 3.768855
0.025641 , 0.512821 , 3.763322
0.025641 , 0.538462 , 3.757936
0.025641 , 0.564103 , 3.752768
0.025641 , 0.589744 , 3.747299
0.025641 , 0.615385 , 3.742353
0.025641 , 0.641026 , 3.737080
0.025641 , 0.666667 , 3.731939
0.025641 , 0.692308 , 3.728075
0.025641 , 0.717949 , 3.724384
0.025641 , 0.743590 , 3.720510
0.025641 , 0.769231 , 3.717722
0.025641 , 0.794872 , 3.715058
0.025641 , 0.820513 , 3.712733
0.025641 , 0.846154 , 3.710137
0.025641 , 0.871795 , 3.708034
0.025641 , 0.897436 , 3.706272
0.025641 , 0.923077 , 3.705372
0.025641 , 0.948718 , 3.704883
0.025641 , 0.974359 , 3.704171
0.025641 , 1.000000 , 3.703807
0.051282 , 0.000000 , 3.693562
0.051282 , 0.025641 , 3.693716
0.051282 , 0.051282 , 3.694699
0.051282 , 0.076923 , 3.695663
0.051282 , 0.102564 , 3.695545
0.051282 , 0.128205 , 3.694381
0.051282 , 0.153846 , 3.691605
0.051282 , 0.179487 , 3.687665
0.051282 , 0.205128 , 3.682492
0.051282 , 0.230769 , 3.676102
0.051282 , 0.256410 , 3.669445
0.051282 , 0.282051 , 3.661734
0.051282 , 0.307692 , 3.652863
0.051282 , 0.333333 , 3.642955
0.051282 , 0.358974 , 3.632622
0.051282 , 0.384615 , 3.621156
0.051282 , 0.410256 , 3.608505
0.051282 , 0.435897 , 3.596801
0.051282 , 0.461538 , 3.585308
0.051282 , 0.487179 , 3.573417
0.051282 , 0.512821 , 3.561634
0.051282 , 0.538462 , 3.550641
0.051282 , 0.564103 , 3.539375
0.051282 , 0.589744 , 3.528929
0.051282 , 0.615385 , 3.518662
0.051282 , 0.641026 , 3.509068
0.051282 , 0.666667 , 3.499338
0.051282 , 0.692308 , 3.490912
0.051282 , 0.717949 , 3.483254
0.051282 , 0.743590 , 3.476239
0.051282 , 0.769231 , 3.470269
0.051282 , 0.794872 , 3.465214
0.051282 , 0.820513 , 3.459920
0.051282 , 0.846154 , 3.455157
0.051282 , 0.871795 , 3.450770
0.051282 , 0.897436 , 3.447109
0.051282 , 0.923077 , 3.444951
0.051282 , 0.948718 , 3.443862
0.051282 , 0.974359 , 3.443523
0.051282 , 1.000000 , 3.442881
0.076923 , 0.000000 , 3.561379
0.076923 , 0.025641 , 3.561552
0.076923 , 0.051282 , 3.561408
0.076923 , 0.076923 , 3.561857
0.076923 , 0.102564 , 3.561960
0.076923 , 0.128205 , 3.559525
0.076923 , 0.153846 , 3.555229
0.076923 , 0.179487 , 3.548647
0.076923 , 0.205128 , 3.541069
0.076923 , 0.230769 , 3.532822
0.076923 , 0.256410 , 3.522835
0.076923 , 0.282051 , 3.511447
0.076923 , 0.307692 , 3.498112
0.076923 , 0.333333 , 3.484134
0.076923 , 0.358974 , 3.469071
0.076923 , 0.384615 , 3.452452
0.076923 , 0.410256 , 3.433476
0.076923 , 0.435897 , 3.415596
0.076923 , 0.461538 , 3.397864
0.076923 , 0.487179 , 3.380488
0.076923 , 0.512821 , 3.363558
0.076923 , 0.538462 , 3.346352
0.076923 , 0.564103 , 3.329509
0.076923 , 0.589744 , 3.313547
0.076923 , 0.615385 , 3.298297
0.076923 , 0.641026 , 3.283399
0.076923 , 0.666667 , 3.270090
0.076923 , 0.692308 , 3.257516
0.076923 , 0.717949 , 3.246167
0.076923 , 0.743590 , 3.235376
0.076923 , 0.769231 , 3.226097
0.076923 , 0.794872 , 3.218413
0.076923 , 0.820513 , 3.211376
0.076923 , 0.846154 , 3.204632
0.076923 , 0.871795 , 3.197876
0.076923 , 0.897436 , 3.192260
0.076923 , 0.923077 , 3.187978
0.076923 , 0.948718 , 3.186731
0.076923 , 0.974359 , 3.185774
0.076923 , 1.000000 , 3.185986
0.102564 , 0.000000 , 3.433219
0.102564 , 0.025641 , 3.433228
0.102564 , 0.051282 , 3.432715
0.102564 , 0.076923 , 3.432006
0.102564 , 0.102564 , 3.430642
0.102564 , 0.128205 , 3.427404
0.102564 , 0.153846 , 3.422000
0.102564 , 0.179487 , 3.413508
0.102564 , 0.205128 , 3.402504
0.102564 , 0.230769 , 3.392235
0.102564 , 0.256410 , 3.379671
0.102564 , 0.282051 , 3.364257
0.102564 , 0.307692 , 3.346422
0.102564 , 0.333333 , 3.327962
0.102564 , 0.358974 , 3.308243
0.102564 , 0.384615 , 3.286506
0.102564 , 0.410256 , 3.263032
0.102564 , 0.435897 , 3.238738
0.102564 , 0.461538 , 3.214789
0.102564 , 0.487179 , 3.190900
0.102564 , 0.512821 , 3.168337
0.102564 , 0.538462 , 3.146113
0.102564 , 0.564103 , 3.123450
0.102564 , 0.589744 , 3.101988
0.102564 , 0.615385 , 3.081854
0.102564 , 0.641026 , 3.062188
0.102564 , 0.666667 , 3.044401
0.102564 , 0.692308 , 3.027952
0.102564 , 0.717949 , 3.012764
0.102564 , 0.743590 , 2.998475
0.102564 , 0.769231 , 2.985983
0.102564 , 0.794872 , 2.975218
0.102564 , 0.820513 , 2.966652
0.102564 , 0.846154 , 2.958405
0.102564 , 0.871795 , 2.950020
0.102564 , 0.897436 , 2.942098
0.102564 , 0.923077 , 2.935585
0.102564 , 0.948718 , 2.933189
0.102564 , 0.974359 , 2.932907
0.102564 , 1.000000 , 2.932964
0.128205 , 0.000000 , 3.309587
0.128205 , 0.025641 , 3.309058
0.128205 , 0.051282 , 3.308316
0.128205 , 0.076923 , 3.306576
0.128205 , 0.102564 , 3.303433
0.128205 , 0.128205 , 3.298798
0.128205 , 0.153846 , 3.292107
0.128205 , 0.179487 , 3.282319
0.128205 , 0.205128 , 3.268849
0.128205 , 0.230769 , 3.255247
0.128205 , 0.256410 , 3.239609
0.128205 , 0.282051 , 3.220954
0.128205 , 0.307692 , 3.199767
0.128205 , 0.333333 , 3.176366
0.128205 , 0.358974 , 3.152006
0.128205 , 0.384615 , 3.124584
0.128205 , 0.410256 , 3.096144
0.128205 , 0.435897 , 3.066289
0.128205 , 0.461538 , 3.036457
0.128205 , 0.487179 , 3.006041
0.128205 , 0.512821 , 2.977221
0.128205 , 0.538462 , 2.950164
0.128205 , 0.564103 , 2.922639
0.128205 , 0.589744 , 2.895707
0.128205 , 0.615385 , 2.870473
0.128205 , 0.641026 , 2.845991
0.128205 , 0.666667 , 2.823434
0.128205 , 0.692308 , 2.802164
0.128205 , 0.717949 , 2.782679
0.128205 , 0.743590 , 2.765396
0.128205 , 0.769231 , 2.749774
0.128205 , 0.794872 , 2.737766
0.128205 , 0.820513 , 2.726606
0.128205 , 0.846154 , 2.715517
0.128205 , 0.871795 , 2.705245
0.128205 , 0.897436 , 2.695646
0.128205 , 0.923077 , 2.688150
0.128205 , 0.948718 , 2.684378
0.128205 , 0.974359 , 2.683521
0.128205 , 1.000000 , 2.683918
0.153846 , 0.000000 , 3.188820
0.153846 , 0.025641 , 3.188469
0.153846 , 0.051282 , 3.186734
0.153846 , 0.076923 , 3.183867
0.153846 , 0.102564 , 3.179653
0.153846 , 0.128205 , 3.174278
0.153846 , 0.153846 , 3.166297
0.153846 , 0.179487 , 3.154787
0.153846 , 0.205128 , 3.139291
0.153846 , 0.230769 , 3.122324
0.153846 , 0.256410 , 3.103459
0.153846 , 0.282051 , 3.081026
0.153846 , 0.307692 , 3.056080
0.153846 , 0.333333 , 3.028467
0.153846 , 0.358974 , 2.999331
0.153846 , 0.384615 , 2.967025
0.153846 , 0.410256 , 2.932573
0.153846 , 0.435897 , 2.897717
0.153846 , 0.461538 , 2.862329
0.153846 , 0.487179 , 2.826804
0.153846 , 0.512821 , 2.792110
0.153846 , 0.538462 , 2.758938
0.153846 , 0.564103 , 2.726656
0.153846 , 0.589744 , 2.694580
0.153846 , 0.615385 , 2.663708
0.153846 , 0.641026 , 2.634637
0.153846 , 0.666667 , 2.607128
0.153846 , 0.692308 , 2.581745
0.153846 , 0.717949 , 2.558193
0.153846 , 0.743590 , 2.537014
0.153846 , 0.769231 , 2.518377
0.153846 , 0.794872 , 2.503440
0.153846 , 0.820513 , 2.490146
0.153846 , 0.846154 , 2.476320
0.153846 , 0.871795 , 2.464189
0.153846 , 0.897436 , 2.453186
0.153846 , 0.923077 , 2.445275
0.153846 , 0.948718 , 2.440623
0.153846 , 0.974359 , 2.438641
0.153846 , 1.000000 , 2.439164
0.179487 , 0.000000 , 3.070980
0.179487 , 0.025641 , 3.070944
0.179487 , 0.051282 , 3.069001
0.179487 , 0.076923 , 3.064823
0.179487 , 0.102564 , 3.059761
0.179487 , 0.128205 , 3.053484
0.179487 , 0.153846 , 3.044363
0.179487 , 0.179487 , 3.031539
0.179487 , 0.205128 , 3.014414
0.179487 , 0.230769 , 2.994274
0.179487 , 0.256410 , 2.971828
0.179487 , 0.282051 , 2.945651
0.179487 , 0.307692 , 2.916318
0.179487 , 0.333333 , 2.884277
0.179487 , 0.358974 , 2.850471
0.179487 , 0.384615 , 2.813362
0.179487 , 0.410256 , 2.774326
0.179487 , 0.435897 , 2.734012
0.179487 , 0.461538 , 2.693421
0.179487 , 0.487179 , 2.652005
0.179487 , 0.512821 , 2.612975
0.179487 , 0.538462 , 2.574720
0.179487 , 0.564103 , 2.536918
0.179487 , 0.589744 , 2.499752
0.179487 , 0.615385 , 2.463489
0.179487 , 0.641026 , 2.429425
0.179487 , 0.666667 , 2.397555
0.179487 , 0.692308 , 2.367602
0.179487 , 0.717949 , 2.340203
0.179487 , 0.743590 , 2.315354
0.179487 , 0.769231 , 2.293241
0.179487 , 0.794872 , 2.273879
0.179487 , 0.820513 , 2.257619
0.179487 , 0.846154 , 2.241677
0.179487 , 0.871795 , 2.227444
0.179487 , 0.897436 , 2.216001
0.179487 , 0.923077 , 2.207117
0.179487 , 0.948718 , 2.201386
0.179487 , 0.974359 , 2.198177
0.179487 , 1.000000 , 2.197581
0.205128 , 0.000000 , 2.958498
0.205128 , 0.025641 , 2.958697
0.205128 , 0.051282 , 2.956155
0.205128 , 0.076923 , 2.951352
0.205128 , 0.102564 , 2.944924
0.205128 , 0.128205 , 2.937315
0.205128 , 0.153846 , 2.926471
0.205128 , 0.179487 , 2.911557
0.205128 , 0.205128 , 2.892446
0.205128 , 0.230769 , 2.870184
0.205128 , 0.256410 , 2.844278
0.205128 , 0.282051 , 2.813892
0.205128 , 0.307692 , 2.780290
0.205128 , 0.333333 , 2.743746
0.205128 , 0.358974 , 2.705543
0.205128 , 0.384615 , 2.663948
0.205128 , 0.410256 , 2.620147
0.205128 , 0.435897 , 2.575535
0.205128 , 0.461538 , 2.530822
0.205128 , 0.487179 , 2.485215
0.205128 , 0.512821 , 2.440675
0.205128 , 0.538462 , 2.396768
0.205128 , 0.564103 , 2.353196
0.205128 , 0.589744 , 2.310609
0.205128 , 0.615385 , 2.269309
0.205128 , 0.641026 , 2.229659
0.205128 , 0.666667 , 2.192607
0.205128 , 0.692308 , 2.157995
0.205128 , 0.717949 , 2.126453
0.205128 , 0.743590 , 2.097822
0.205128 , 0.769231 , 2.072083
0.205128 , 0.794872 , 2.049288
0.205128 , 0.820513 , 2.029301
0.205128 , 0.846154 , 2.012028
0.205128 , 0.871795 , 1.997018
0.205128 , 0.897436 , 1.982892
0.205128 , 0.923077 , 1.972828
0.205128 , 0.948718 , 1.965870
0.205128 , 0.974359 , 1.962632
0.205128 , 1.000000 , 1.961219
0.230769 , 0.000000 , 2.854096
0.230769 , 0.025641 , 2.853222
0.230769 , 0.051282 , 2.849767
0.230769 , 0.076923 , 2.843215
0.230769 , 0.102564 , 2.835911
0.230769 , 0.128205 , 2.826586
0.230769 , 0.153846 , 2.812948
0.230769 , 0.179487 , 2.795309
0.230769 , 0.205128 , 2.773500
0.230769 , 0.230769 , 2.748683
0.230769 , 0.256410 , 2.719818
0.230769 , 0.282051 , 2.686052
0.230769 , 0.307692 , 2.648057
0.230769 , 0.333333 , 2.607023
0.230769 , 0.358974 , 2.564011
0.230769 , 0.384615 , 2.518394
0.230769 , 0.410256 , 2.470546
0.230769 , 0.435897 , 2.421776
0.230769 , 0.461538 , 2.372145
0.230769 , 0.487179 , 2.322754
0.230769 , 0.512821 , 2.273346
0.230769 , 0.538462 , 2.223426
0.230769 , 0.564103 , 2.174510
0.230769 , 0.589744 , 2.126530
0.230769 , 0.615385 , 2.080375
0.230769 , 0.641026 , 2.035997
0.230769 , 0.666667 , 1.993699
0.230769 , 0.692308 , 1.954293
0.230769 , 0.717949 , 1.918454
0.230769 , 0.743590 , 1.885821
0.230769 , 0.769231 , 1.855889
0.230769 , 0.794872 , 1.830100
0.230769 , 0.820513 , 1.807276
0.230769 , 0.846154 , 1.787109
0.230769 , 0.871795 , 1.769822
0.230769 , 0.897436 , 1.755073
0.230769 , 0.923077 , 1.743622
0.230769 , 0.948718 , 1.735887
0.230769 , 0.974359 , 1.731690
0.230769 , 1.000000 , 1.730185
0.256410 , 0.000000 , 2.755394
0.256410 , 0.025641 , 2.754388
0.256410 , 0.051282 , 2.749329
0.256410 , 0.076923 , 2.741754
0.256410 , 0.102564 , 2.733001
0.256410 , 0.128205 , 2.721369
0.256410 , 0.153846 , 2.704934
0.256410 , 0.179487 , 2.684328
0.256410 , 0.205128 , 2.659525
0.256410 , 0.230769 , 2.631623
0.256410 , 0.256410 , 2.599561
0.256410 , 0.282051 , 2.562966
0.256410 , 0.307692 , 2.521424
0.256410 , 0.333333 , 2.476101
0.256410 , 0.358974 , 2.428314
0.256410 , 0.384615 , 2.378418
0.256410 , 0.410256 , 2.326543
0.256410 , 0.435897 , 2.273585
0.256410 , 0.461538 , 2.219574
0.256410 , 0.487179 , 2.165224
0.256410 , 0.512821 , 2.110525
0.256410 , 0.538462 , 2.055175
0.256410 , 0.564103 , 2.000735
0.256410 , 0.589744 , 1.947660
0.256410 , 0.615385 , 1.896245
0.256410 , 0.641026 , 1.846800
0.256410 , 0.666667 , 1.799627
0.256410 , 0.692308 , 1.755605
0.256410 , 0.717949 , 1.715808
0.256410 , 0.743590 , 1.679768
0.256410 , 0.769231 , 1.646028
0.256410 , 0.794872 , 1.617030
0.256410 , 0.820513 , 1.590878
0.256410 , 0.846154 , 1.567514
0.256410 , 0.871795 , 1.547354
0.256410 , 0.897436 , 1.530656
0.256410 , 0.923077 , 1.517999
0.256410 , 0.948718 , 1.510374
0.256410 , 0.974359 , 1.505830
0.256410 , 1.000000 , 1.503899
0.282051 , 0.000000 , 2.663466
0.282051 , 0.025641 , 2.661545
0.282051 , 0.051282 , 2.655803
0.282051 , 0.076923 , 2.647060
0.282051 , 0.102564 , 2.636979
0.282051 , 0.128205 , 2.623015
0.282051 , 0.153846 , 2.604023
0.282051 , 0.179487 , 2.579943
0.282051 , 0.205128 , 2.552374
0.282051 , 0.230769 , 2.520690
0.282051 , 0.256410 , 2.483844
0.282051 , 0.282051 , 2.444022
0.282051 , 0.307692 , 2.399677
0.282051 , 0.333333 , 2.350320
0.282051 , 0.358974 , 2.298278
0.282051 , 0.384615 , 2.244401
0.282051 , 0.410256 , 2.188803
0.282051 , 0.435897 , 2.131731
0.282051 , 0.461538 , 2.073148
0.282051 , 0.487179 , 2.013519
0.282051 , 0.512821 , 1.953225
0.282051 , 0.538462 , 1.892578
0.282051 , 0.564103 , 1.832980
0.282051 , 0.589744 , 1.774734
0.282051 , 0.615385 , 1.717916
0.282051 , 0.641026 , 1.663043
0.282051 , 0.666667 , 1.611051
0.282051 , 0.692308 , 1.562185
0.282051 , 0.717949 , 1.518123
0.282051 , 0.743590 , 1.478519
0.282051 , 0.769231 , 1.441099
0.282051 , 0.794872 , 1.407817
0.282051 , 0.820513 , 1.378876
0.282051 , 0.846154 , 1.351561
0.282051 , 0.871795 , 1.328373
0.282051 , 0.897436 , 1.310030
0.282051 , 0.923077 , 1.296118
0.282051 , 0.948718 , 1.288057
0.282051 , 0.974359 , 1.283566
0.282051 , 1.000000 , 1.281922
0.307692 , 0.000000 , 2.579299
0.307692 , 0.025641 , 2.576785
0.307692 , 0.051282 , 2.570236
0.307692 , 0.076923 , 2.560408
0.307692 , 0.102564 , 2.547932
0.307692 , 0.128205 , 2.531424
0.307692 , 0.153846 , 2.510050
0.307692 , 0.179487 , 2.482738
0.307692 , 0.205128 , 2.451452
0.307692 , 0.230769 , 2.416478
0.307692 , 0.256410 , 2.375945
0.307692 , 0.282051 , 2.331792
0.307692 , 0.307692 , 2.283829
0.307692 , 0.333333 , 2.230722
0.307692 , 0.358974 , 2.174793
0.307692 , 0.384615 , 2.116822
0.307692 , 0.410256 , 2.056736
0.307692 , 0.435897 , 1.995263
0.307692 , 0.461538 , 1.932069
0.307692 , 0.487179 , 1.867309
0.307692 , 0.512821 , 1.801575
0.307692 , 0.538462 , 1.735278
0.307692 , 0.564103 , 1.669957
0.307692 , 0.589744 , 1.606484
0.307692 , 0.615385 , 1.544629
0.307692 , 0.641026 , 1.485878
0.307692 , 0.666667 , 1.429389
0.307692 , 0.692308 , 1.375737
0.307692 , 0.717949 , 1.326347
0.307692 , 0.743590 , 1.281670
0.307692 , 0.769231 , 1.240953
0.307692 , 0.794872 , 1.203831
0.307692 , 0.820513 , 1.171163
0.307692 , 0.846154 , 1.141266
0.307692 , 0.871795 , 1.115289
0.307692 , 0.897436 , 1.094561
0.307692 , 0.923077 , 1.078835
0.307692 , 0.948718 , 1.068977
0.307692 , 0.974359 , 1.064032
0.307692 , 1.000000 , 1.062056
0.333333 , 0.000000 , 2.502353
0.333333 , 0.025641 , 2.500037
0.333333 , 0.051282 , 2.493725
0.333333 , 0.076923 , 2.482266
0.333333 , 0.102564 , 2.467102
0.333333 , 0.128205 , 2.447513
0.333333 , 0.153846 , 2.422986
0.333333 , 0.179487 , 2.392968
0.333333 , 0.205128 , 2.358045
0.333333 , 0.230769 , 2.318879
0.333333 , 0.256410 , 2.274980
0.333333 , 0.282051 , 2.227028
0.333333 , 0.307692 , 2.174290
0.333333 , 0.333333 , 2.117330
0.333333 , 0.358974 , 2.057662
0.333333 , 0.384615 , 1.995500
0.333333 , 0.410256 , 1.931394
0.333333 , 0.435897 , 1.864724
0.333333 , 0.461538 , 1.796465
0.333333 , 0.487179 , 1.725836
0.333333 , 0.512821 , 1.654453
0.333333 , 0.538462 , 1.582519
0.333333 , 0.564103 , 1.512289
0.333333 , 0.589744 , 1.443806
0.333333 , 0.615385 , 1.376877
0.333333 , 0.641026 , 1.312916
0.333333 , 0.666667 , 1.252423
0.333333 , 0.692308 , 1.193605
0.333333 , 0.717949 , 1.138965
0.333333 , 0.743590 , 1.088873
0.333333 , 0.769231 , 1.043172
0.333333 , 0.794872 , 1.002095
0.333333 , 0.820513 , 0.965735
0.333333 , 0.846154 , 0.933655
0.333333 , 0.871795 , 0.905072
0.333333 , 0.897436 , 0.882837
0.333333 , 0.923077 , 0.864856
0.333333 , 0.948718 , 0.853153
0.333333 , 0.974359 , 0.847112
0.333333 , 1.000000 , 0.845042
0.358974 , 0.000000 , 2.434221
0.358974 , 0.025641 , 2.431890
0.358974 , 0.051282 , 2.424688
0.358974 , 0.076923 , 2.411829
0.358974 , 0.102564 , 2.394143
0.358974 , 0.128205 , 2.371706
0.358974 , 0.153846 , 2.343501
0.358974 , 0.179487 , 2.310942
0.358974 , 0.205128 , 2.273106
0.358974 , 0.230769 , 2.229863
0.358974 , 0.256410 , 2.181574
0.358974 , 0.282051 , 2.128785
0.358974 , 0.307692 , 2.071775
0.358974 , 0.333333 , 2.010838
0.358974 , 0.358974 , 1.946859
0.358974 , 0.384615 , 1.879826
0.358974 , 0.410256 , 1.810883
0.358974 , 0.435897 , 1.739369
0.358974 , 0.461538 , 1.665826
0.358974 , 0.487179 , 1.589971
0.358974 , 0.512821 , 1.512475
0.358974 , 0.538462 , 1.435399
0.358974 , 0.564103 , 1.360026
0.358974 , 0.589744 , 1.286253
0.358974 , 0.615385 , 1.214471
0.358974 , 0.641026 , 1.145241
0.358974 , 0.666667 , 1.079815
0.358974 , 0.692308 , 1.016087
0.358974 , 0.717949 , 0.955401
0.358974 , 0.743590 , 0.899655
0.358974 , 0.769231 , 0.849015
0.358974 , 0.794872 , 0.803595
0.358974 , 0.820513 , 0.763459
0.358974 , 0.846154 , 0.728734
0.358974 , 0.871795 , 0.698384
0.358974 , 0.897436 , 0.674015
0.358974 , 0.923077 , 0.654387
0.358974 , 0.948718 , 0.640679
0.358974 , 0.974359 , 0.633146
0.358974 , 1.000000 , 0.631003
0.384615 , 0.000000 , 2.376201
0.384615 , 0.025641 , 2.373272
0.384615 , 0.051282 , 2.364742
0.384615 , 0.076923 , 2.350282
0.384615 , 0.102564 , 2.330416
0.384615 , 0.128205 , 2.304608
0.384615 , 0.153846 , 2.272957
0.384615 , 0.179487 , 2.236749
0.384615 , 0.205128 , 2.195663
0.384615 , 0.230769 , 2.148685
0.384615 , 0.256410 , 2.096103
0.384615 , 0.282051 , 2.038808
0.384615 , 0.307692 , 1.977493
0.384615 , 0.333333 , 1.912813
0.384615 , 0.358974 , 1.843803
0.384615 , 0.384615 , 1.770758
0.384615 , 0.410256 , 1.696177
0.384615 , 0.435897 , 1.619243
0.384615 , 0.461538 , 1.540036
0.384615 , 0.487179 , 1.459157
0.384615 , 0.512821 , 1.376115
0.384615 , 0.538462 , 1.293733
0.384615 , 0.564103 , 1.213036
0.384615 , 0.589744 , 1.133532
0.384615 , 0.615385 , 1.055755
0.384615 , 0.641026 , 0.980780
0.384615 , 0.666667 , 0.909912
0.384615 , 0.692308 , 0.841549
0.384615 , 0.717949 , 0.776024
0.384615 , 0.743590 , 0.714608
0.384615 , 0.769231 , 0.658859
0.384615 , 0.794872 , 0.609052
0.384615 , 0.820513 , 0.565157
0.384615 , 0.846154 , 0.526635
0.384615 , 0.871795 , 0.493865
0.384615 , 0.897436 , 0.467192
0.384615 , 0.923077 , 0.445762
0.384615 , 0.948718 , 0.431032
0.384615 , 0.974359 , 0.422723
0.384615 , 1.000000 , 0.420064
0.410256 , 0.000000 , 2.327922
0.410256 , 0.025641 , 2.324241
0.410256 , 0.051282 , 2.314801
0.410256 , 0.076923 , 2.299079
0.410256 , 0.102564 , 2.277162
0.410256 , 0.128205 , 2.248339
0.410256 , 0.153846 , 2.212989
0.410256 , 0.179487 , 2.172407
0.410256 , 0.205128 , 2.126923
0.410256 , 0.230769 , 2.076031
0.410256 , 0.256410 , 2.019132
0.410256 , 0.282051 , 1.957625
0.410256 , 0.307692 , 1.891881
0.410256 , 0.333333 , 1.821606
0.410256 , 0.358974 , 1.747113
0.410256 , 0.384615 , 1.668686
0.410256 , 0.410256 , 1.587893
0.410256 , 0.435897 , 1.505265
0.410256 , 0.461538 , 1.420437
0.410256 , 0.487179 , 1.333682
0.410256 , 0.512821 , 1.245166
0.410256 , 0.538462 , 1.156945
0.410256 , 0.564103 , 1.070352
0.410256 , 0.589744 , 0.984807
0.410256 , 0.615385 , 0.901310
0.410256 , 0.641026 , 0.820597
0.410256 , 0.666667 , 0.743333
0.410256 , 0.692308 , 0.669610
0.410256 , 0.717949 , 0.599091
0.410256 , 0.743590 , 0.533204
0.410256 , 0.769231 , 0.472469
0.410256 , 0.794872 , 0.417619
0.410256 , 0.820513 , 0.369445
0.410256 , 0.846154 , 0.327844
0.410256 , 0.871795 , 0.292206
0.410256 , 0.897436 , 0.263137
0.410256 , 0.923077 , 0.239874
0.410256 , 0.948718 , 0.224018
0.410256 , 0.974359 , 0.215038
0.410256 , 1.000000 , 0.211749
0.435897 , 0.000000 , 2.290002
0.435897 , 0.025641 , 2.286078
0.435897 , 0.051282 , 2.275727
0.435897 , 0.076923 , 2.258368
0.435897 , 0.102564 , 2.234114
0.435897 , 0.128205 , 2.202258
0.435897 , 0.153846 , 2.163481
0.435897 , 0.179487 , 2.118768
0.435897 , 0.205128 , 2.068293
0.435897 , 0.230769 , 2.013190
0.435897 , 0.256410 , 1.951193
0.435897 , 0.282051 , 1.884746
0.435897 , 0.307692 , 1.813658
0.435897 , 0.333333 , 1.737802
0.435897 , 0.358974 , 1.658169
0.435897 , 0.384615 , 1.574524
0.435897 , 0.410256 , 1.487174
0.435897 , 0.435897 , 1.397832
0.435897 , 0.461538 , 1.306653
0.435897 , 0.487179 , 1.213468
0.435897 , 0.512821 , 1.118773
0.435897 , 0.538462 , 1.024755
0.435897 , 0.564103 , 0.931978
0.435897 , 0.589744 , 0.840713
0.435897 , 0.615385 , 0.750692
0.435897 , 0.641026 , 0.663987
0.435897 , 0.666667 , 0.580330
0.435897 , 0.692308 , 0.501212
0.435897 , 0.717949 , 0.425829
0.435897 , 0.743590 , 0.354358
0.435897 , 0.769231 , 0.288461
0.435897 , 0.794872 , 0.228377
0.435897 , 0.820513 , 0.175997
0.435897 , 0.846154 , 0.130702
0.435897 , 0.871795 , 0.091773
0.435897 , 0.897436 , 0.060423
0.435897 , 0.923077 , 0.035873
0.435897 , 0.948718 , 0.018694
0.435897 , 0.974359 , 0.009212
0.435897 , 1.000000 , 0.005397
0.461538 , 0.000000 , 2.263734
0.461538 , 0.025641 , 2.259309
0.461538 , 0.051282 , 2.248112
0.461538 , 0.076923 , 2.228279
0.461538 , 0.102564 , 2.201219
0.461538 , 0.128205 , 2.166796
0.461538 , 0.153846 , 2.124688
0.461538 , 0.179487 , 2.077107
0.461538 , 0.205128 , 2.022553
0.461538 , 0.230769 , 1.961892
0.461538 , 0.256410 , 1.894590
0.461538 , 0.282051 , 1.822946
0.461538 , 0.307692 , 1.746131
0.461538 , 0.333333 , 1.664193
0.461538 , 0.358974 , 1.578107
0.461538 , 0.384615 , 1.487849
0.461538 , 0.410256 , 1.394029
0.461538 , 0.435897 , 1.297575
0.461538 , 0.461538 , 1.199037
0.461538 , 0.487179 , 1.098644
0.461538 , 0.512821 , 0.997273
0.461538 , 0.538462 , 0.896542
0.461538 , 0.564103 , 0.797217
0.461538 , 0.589744 , 0.699588
0.461538 , 0.615385 , 0.603690
0.461538 , 0.641026 , 0.510070
0.461538 , 0.666667 , 0.419403
0.461538 , 0.692308 , 0.333811
0.461538 , 0.717949 , 0.252984
0.461538 , 0.743590 , 0.176127
0.461538 , 0.769231 , 0.105162
0.461538 , 0.794872 , 0.040791
0.461538 , 0.820513 , -0.015458
0.461538 , 0.846154 , -0.064164
0.461538 , 0.871795 , -0.106728
0.461538 , 0.897436 , -0.141367
0.461538 , 0.923077 , -0.167419
0.461538 , 0.948718 , -0.185749
0.461538 , 0.974359 , -0.196254
0.461538 , 1.000000 , -0.200154
0.487179 , 0.000000 , 2.249604
0.487179 , 0.025641 , 2.244846
0.487179 , 0.051282 , 2.231877
0.487179 , 0.076923 , 2.210167
0.487179 , 0.102564 , 2.180426
0.487179 , 0.128205 , 2.143176
0.487179 , 0.153846 , 2.098244
0.487179 , 0.179487 , 2.046850
0.487179 , 0.205128 , 1.988035
0.487179 , 0.230769 , 1.921860
0.487179 , 0.256410 , 1.848848
0.487179 , 0.282051 , 1.771608
0.487179 , 0.307692 , 1.688703
0.487179 , 0.333333 , 1.600156
0.487179 , 0.358974 , 1.506942
0.487179 , 0.384615 , 1.409341
0.487179 , 0.410256 , 1.308157
0.487179 , 0.435897 , 1.204605
0.487179 , 0.461538 , 1.098275
0.487179 , 0.487179 , 0.990020
0.487179 , 0.512821 , 0.880931
0.487179 , 0.538462 , 0.772795
0.487179 , 0.564103 , 0.666475
0.487179 , 0.589744 , 0.561198
0.487179 , 0.615385 , 0.458339
0.487179 , 0.641026 , 0.357767
0.487179 , 0.666667 , 0.260209
0.487179 , 0.692308 , 0.167863
0.487179 , 0.717949 , 0.080872
0.487179 , 0.743590 , -0.001085
0.487179 , 0.769231 , -0.077096
0.487179 , 0.794872 , -0.146144
0.487179 , 0.820513 , -0.206521
0.487179 , 0.846154 , -0.258584
0.487179 , 0.871795 , -0.304044
0.487179 , 0.897436 , -0.341481
0.487179 , 0.923077 , -0.369858
0.487179 , 0.948718 , -0.389827
0.487179 , 0.974359 , -0.401784
0.487179 , 1.000000 , -0.405976
0.512821 , 0.000000 , 2.248103
0.512821 , 0.025641 , 2.243312
0.512821 , 0.051282 , 2.228839
0.512821 , 0.076923 , 2.205929
0.512821 , 0.102564 , 2.173745
0.512821 , 0.128205 , 2.133266
0.512821 , 0.153846 , 2.085143
0.512821 , 0.179487 , 2.029866
0.512821 , 0.205128 , 1.965507
0.512821 , 0.230769 , 1.893643
0.512821 , 0.256410 , 1.815198
0.512821 , 0.282051 , 1.730778
0.512821 , 0.307692 , 1.641191
0.512821 , 0.333333 , 1.545519
0.512821 , 0.358974 , 1.444755
0.512821 , 0.384615 , 1.339216
0.512821 , 0.410256 , 1.230552
0.512821 , 0.435897 , 1.118869
0.512821 , 0.461538 , 1.004482
0.512821 , 0.487179 , 0.887617
0.512821 , 0.512821 , 0.769993
0.512821 , 0.538462 , 0.653282
0.512821 , 0.564103 , 0.538780
0.512821 , 0.589744 , 0.425542
0.512821 , 0.615385 , 0.314457
0.512821 , 0.641026 , 0.206412
0.512821 , 0.666667 , 0.101925
0.512821 , 0.692308 , 0.002809
0.512821 , 0.717949 , -0.090527
0.512821 , 0.743590 , -0.178319
0.512821 , 0.769231 , -0.259193
0.512821 , 0.794872 , -0.333025
0.512821 , 0.820513 , -0.398259
0.512821 , 0.846154 , -0.454458
0.512821 , 0.871795 , -0.502716
0.512821 , 0.897436 , -0.542191
0.512821 , 0.923077 , -0.572299
0.512821 , 0.948718 , -0.594049
0.512821 , 0.974359 , -0.607399
0.512821 , 1.000000 , -0.611619
0.538462 , 0.000000 , 2.260751
0.538462 , 0.025641 , 2.256070
0.538462 , 0.051282 , 2.240809
0.538462 , 0.076923 , 2.216270
0.538462 , 0.102564 , 2.181639
0.538462 , 0.128205 , 2.137449
0.538462 , 0.153846 , 2.085776
0.538462 , 0.179487 , 2.025819
0.538462 , 0.205128 , 1.956336
0.538462 , 0.230769 , 1.878242
0.538462 , 0.256410 , 1.793816
0.538462 , 0.282051 , 1.702898
0.538462 , 0.307692 , 1.605378
0.538462 , 0.333333 , 1.501853
0.538462 , 0.358974 , 1.392590
0.538462 , 0.384615 , 1.278736
0.538462 , 0.410256 , 1.161201
0.538462 , 0.435897 , 1.040225
0.538462 , 0.461538 , 0.916667
0.538462 , 0.487179 , 0.791288
0.538462 , 0.512821 , 0.664591
0.538462 , 0.538462 , 0.538213
0.538462 , 0.564103 , 0.413891
0.538462 , 0.589744 , 0.291588
0.538462 , 0.615385 , 0.171980
0.538462 , 0.641026 , 0.056107
0.538462 , 0.666667 , -0.055243
0.538462 , 0.692308 , -0.161347
0.538462 , 0.717949 , -0.261086
0.538462 , 0.743590 , -0.355081
0.538462 , 0.769231 , -0.441441
0.538462 , 0.794872 , -0.520098
0.538462 , 0.820513 , -0.590335
0.538462 , 0.846154 , -0.651232
0.538462 , 0.871795 , -0.702531
0.538462 , 0.897436 , -0.744585
0.538462 , 0.923077 , -0.777308
0.538462 , 0.948718 , -0.800543
0.538462 , 0.974359 , -0.814816
0.538462 , 1.000000 , -0.819222
0.564103 , 0.000000 , 2.288451
0.564103 , 0.025641 , 2.283140
0.564103 , 0.051282 , 2.267473
0.564103 , 0.076923 , 2.241523
0.564103 , 0.102564 , 2.205181
0.564103 , 0.128205 , 2.157813
0.564103 , 0.153846 , 2.101965
0.564103 , 0.179487 , 2.037124
0.564103 , 0.205128 , 1.962075
0.564103 , 0.230769 , 1.877865
0.564103 , 0.256410 , 1.786756
0.564103 , 0.282051 , 1.688080
0.564103 , 0.307692 , 1.582727
0.564103 , 0.333333 , 1.470704
0.564103 , 0.358974 , 1.351873
0.564103 , 0.384615 , 1.228542
0.564103 , 0.410256 , 1.101269
0.564103 , 0.435897 , 0.969958
0.564103 , 0.461538 , 0.836252
0.564103 , 0.487179 , 0.700706
0.564103 , 0.512821 , 0.564032
0.564103 , 0.538462 , 0.427314
0.564103 , 0.564103 , 0.292030
0.564103 , 0.589744 , 0.160133
0.564103 , 0.615385 , 0.030781
0.564103 , 0.641026 , -0.093865
0.564103 , 0.666667 , -0.212876
0.564103 , 0.692308 , -0.326319
0.564103 , 0.717949 , -0.433357
0.564103 , 0.743590 , -0.533806
0.564103 , 0.769231 , -0.626393
0.564103 , 0.794872 , -0.710107
0.564103 , 0.820513 , -0.784420
0.564103 , 0.846154 , -0.849718
0.564103 , 0.871795 , -0.904492
0.564103 , 0.897436 , -0.949898
0.564103 , 0.923077 , -0.985064
0.564103 , 0.948718 , -1.009770
0.564103 , 0.974359 , -1.024599
0.564103 , 1.000000 , -1.029524
0.589744 , 0.000000 , 2.331355
0.589744 , 0.025641 , 2.325027
0.589744 , 0.051282 , 2.308408
0.589744 , 0.076923 , 2.281130
0.589744 , 0.102564 , 2.242899
0.589744 , 0.128205 , 2.193372
0.589744 , 0.153846 , 2.134270
0.589744 , 0.179487 , 2.063926
0.589744 , 0.205128 , 1.983491
0.589744 , 0.230769 , 1.893204
0.589744 , 0.256410 , 1.794492
0.589744 , 0.282051 , 1.687523
0.589744 , 0.307692 , 1.573770
0.589744 , 0.333333 , 1.452107
0.589744 , 0.358974 , 1.323775
0.589744 , 0.384615 , 1.189834
0.589744 , 0.410256 , 1.051491
0.589744 , 0.435897 , 0.908115
0.589744 , 0.461538 , 0.762203
0.589744 , 0.487179 , 0.615538
0.589744 , 0.512821 , 0.467011
0.589744 , 0.538462 , 0.319233
0.589744 , 0.564103 , 0.172312
0.589744 , 0.589744 , 0.029123
0.589744 , 0.615385 , -0.110540
0.589744 , 0.641026 , -0.244840
0.589744 , 0.666667 , -0.372102
0.589744 , 0.692308 , -0.493723
0.589744 , 0.717949 , -0.609070
0.589744 , 0.743590 , -0.715826
0.589744 , 0.769231 , -0.813677
0.589744 , 0.794872 , -0.902524
0.589744 , 0.820513 , -0.980874
0.589744 , 0.846154 , -1.050054
0.589744 , 0.871795 , -1.108996
0.589744 , 0.897436 , -1.158274
0.589744 , 0.923077 , -1.196340
0.589744 , 0.948718 , -1.222423
0.589744 , 0.974359 , -1.237684
0.589744 , 1.000000 , -1.242976
0.615385 , 0.000000 , 2.389143
0.615385 , 0.025641 , 2.383117
0.615385 , 0.051282 , 2.365593
0.615385 , 0.076923 , 2.336909
0.615385 , 0.102564 , 2.296336
0.615385 , 0.128205 , 2.244658
0.615385 , 0.153846 , 2.181409
0.615385 , 0.179487 , 2.106897
0.615385 , 0.205128 , 2.021194
0.615385 , 0.230769 , 1.925102
0.615385 , 0.256410 , 1.818667
0.615385 , 0.282051 , 1.702786
0.615385 , 0.307692 , 1.579326
0.615385 , 0.333333 , 1.447504
0.615385 , 0.358974 , 1.308254
0.615385 , 0.384615 , 1.162992
0.615385 , 0.410256 , 1.011909
0.615385 , 0.435897 , 0.855614
0.615385 , 0.461538 , 0.696422
0.615385 , 0.487179 , 0.536538
0.615385 , 0.512821 , 0.375134
0.615385 , 0.538462 , 0.213875
0.615385 , 0.564103 , 0.054793
0.615385 , 0.589744 , -0.100880
0.615385 , 0.615385 , -0.252115
0.615385 , 0.641026 , -0.397348
0.615385 , 0.666667 , -0.534286
0.615385 , 0.692308 , -0.664292
0.615385 , 0.717949 , -0.787752
0.615385 , 0.743590 , -0.902290
0.615385 , 0.769231 , -1.006006
0.615385 , 0.794872 , -1.100311
0.615385 , 0.820513 , -1.182821
0.615385 , 0.846154 , -1.255823
0.615385 , 0.871795 , -1.318278
0.615385 , 0.897436 , -1.370120
0.615385 , 0.923077 , -1.410779
0.615385 , 0.948718 , -1.438808
0.615385 , 0.974359 , -1.455160
0.615385 , 1.000000 , -1.460749
0.641026 , 0.000000 , 2.463609
0.641026 , 0.025641 , 2.457632
0.641026 , 0.051282 , 2.439519
0.641026 , 0.076923 , 2.409519
0.641026 , 0.102564 , 2.367452
0.641026 , 0.128205 , 2.313620
0.641026 , 0.153846 , 2.247116
0.641026 , 0.179487 , 2.167579
0.641026 , 0.205128 , 2.076577
0.641026 , 0.230769 , 1.973927
0.641026 , 0.256410 , 1.859739
0.641026 , 0.282051 , 1.735229
0.641026 , 0.307692 , 1.601143
0.641026 , 0.333333 , 1.458599
0.641026 , 0.358974 , 1.307174
0.641026 , 0.384615 , 1.148427
0.641026 , 0.410256 , 0.983089
0.641026 , 0.435897 , 0.812648
0.641026 , 0.461538 , 0.638988
0.641026 , 0.487179 , 0.463880
0.641026 , 0.512821 , 0.287762
0.641026 , 0.538462 , 0.111369
0.641026 , 0.564103 , -0.062045
0.641026 , 0.589744 , -0.231188
0.641026 , 0.615385 , -0.395086
0.641026 , 0.641026 , -0.552565
0.641026 , 0.666667 , -0.701088
0.641026 , 0.692308 , -0.840419
0.641026 , 0.717949 , -0.971164
0.641026 , 0.743590 , -1.093587
0.641026 , 0.769231 , -1.204306
0.641026 , 0.794872 , -1.304185
0.641026 , 0.820513 , -1.391703
0.641026 , 0.846154 , -1.468582
0.641026 , 0.871795 , -1.534797
0.641026 , 0.897436 , -1.588851
0.641026 , 0.923077 , -1.630287
0.641026 , 0.948718 , -1.659895
0.641026 , 0.974359 , -1.677290
0.641026 , 1.000000 , -1.683617
0.666667 , 0.000000 , 2.557038
0.666667 , 0.025641 , 2.550410
0.666667 , 0.051282 , 2.531272
0.666667 , 0.076923 , 2.500209
0.666667 , 0.102564 , 2.456457
0.666667 , 0.128205 , 2.400168
0.666667 , 0.153846 , 2.330958
0.666667 , 0.179487 , 2.246939
0.666667 , 0.205128 , 2.150815
0.666667 , 0.230769 , 2.041562
0.666667 , 0.256410 , 1.919258
0.666667 , 0.282051 , 1.786071
0.666667 , 0.307692 , 1.641562
0.666667 , 0.333333 , 1.486807
0.666667 , 0.358974 , 1.321648
0.666667 , 0.384615 , 1.147355
0.666667 , 0.410256 , 0.966153
0.666667 , 0.435897 , 0.779819
0.666667 , 0.461538 , 0.589346
0.666667 , 0.487179 , 0.397066
0.666667 , 0.512821 , 0.203963
0.666667 , 0.538462 , 0.011304
0.666667 , 0.564103 , -0.177892
0.666667 , 0.589744 , -0.361987
0.666667 , 0.615385 , -0.540025
0.666667 , 0.641026 , -0.711331
0.666667 , 0.666667 , -0.872485
0.666667 , 0.692308 , -1.023404
0.666667 , 0.717949 , -1.163165
0.666667 , 0.743590 , -1.292695
0.666667 , 0.769231 , -1.410797
0.666667 , 0.794872 , -1.515758
0.666667 , 0.820513 , -1.608052
0.666667 , 0.846154 , -1.688927
0.666667 , 0.871795 , -1.758440
0.666667 , 0.897436 , -1.814485
0.666667 , 0.923077 , -1.857483
0.666667 , 0.948718 , -1.886833
0.666667 , 0.974359 , -1.904629
0.666667 , 1.000000 , -1.910991
0.692308 , 0.000000 , 2.666982
0.692308 , 0.025641 , 2.661022
0.692308 , 0.051282 , 2.641421
0.692308 , 0.076923 , 2.609495
0.692308 , 0.102564 , 2.564697
0.692308 , 0.128205 , 2.505995
0.692308 , 0.153846 , 2.432933
0.692308 , 0.179487 , 2.345503
0.692308 , 0.205128 , 2.244765
0.692308 , 0.230769 , 2.128623
0.692308 , 0.256410 , 1.998435
0.692308 , 0.282051 , 1.855637
0.692308 , 0.307692 , 1.700040
0.692308 , 0.333333 , 1.532203
0.692308 , 0.358974 , 1.351779
0.692308 , 0.384615 , 1.160740
0.692308 , 0.410256 , 0.962263
0.692308 , 0.435897 , 0.757981
0.692308 , 0.461538 , 0.548490
0.692308 , 0.487179 , 0.336938
0.692308 , 0.512821 , 0.125190
0.692308 , 0.538462 , -0.086186
0.692308 , 0.564103 , -0.293615
0.692308 , 0.589744 , -0.495089
0.692308 , 0.615385 , -0.689341
0.692308 , 0.641026 , -0.875388
0.692308 , 0.666667 , -1.050130
0.692308 , 0.692308 , -1.213519
0.692308 , 0.717949 , -1.364090
0.692308 , 0.743590 , -1.501661
0.692308 , 0.769231 , -1.626520
0.692308 , 0.794872 , -1.737230
0.692308 , 0.820513 , -1.833121
0.692308 , 0.846154 , -1.917087
0.692308 , 0.871795 , -1.988181
0.692308 , 0.897436 , -2.045953
0.692308 , 0.923077 , -2.090680
0.692308 , 0.948718 , -2.121350
0.692308 , 0.974359 , -2.139541
0.692308 , 1.000000 , -2.145949
0.717949 , 0.000000 , 2.795483
0.717949 , 0.025641 , 2.789518
0.717949 , 0.051282 , 2.770337
0.717949 , 0.076923 , 2.737501
0.717949 , 0.102564 , 2.691632
0.717949 , 0.128205 , 2.631842
0.717949 , 0.153846 , 2.555610
0.717949 , 0.179487 , 2.465007
0.717949 , 0.205128 , 2.358762
0.717949 , 0.230769 , 2.236585
0.717949 , 0.256410 , 2.099024
0.717949 , 0.282051 , 1.946830
0.717949 , 0.307692 , 1.778596
0.717949 , 0.333333 , 1.596273
0.717949 , 0.358974 , 1.399317
0.717949 , 0.384615 , 1.190061
0.717949 , 0.410256 , 0.972585
0.717949 , 0.435897 , 0.747644
0.717949 , 0.461538 , 0.517368
0.717949 , 0.487179 , 0.284227
0.717949 , 0.512821 , 0.050925
0.717949 , 0.538462 , -0.181816
0.717949 , 0.564103 , -0.409823
0.717949 , 0.589744 , -0.630854
0.717949 , 0.615385 , -0.843818
0.717949 , 0.641026 , -1.046078
0.717949 , 0.666667 , -1.235592
0.717949 , 0.692308 , -1.412854
0.717949 , 0.717949 , -1.574361
0.717949 , 0.743590 , -1.720397
0.717949 , 0.769231 , -1.852661
0.717949 , 0.794872 , -1.969365
0.717949 , 0.820513 , -2.068919
0.717949 , 0.846154 , -2.154897
0.717949 , 0.871795 , -2.227761
0.717949 , 0.897436 , -2.286281
0.717949 , 0.923077 , -2.332419
0.717949 , 0.948718 , -2.364143
0.717949 , 0.974359 , -2.382779
0.717949 , 1.000000 , -2.389360
0.743590 , 0.000000 , 2.942801
0.743590 , 0.025641 , 2.936807
0.743590 , 0.051282 , 2.917822
0.743590 , 0.076923 , 2.884982
0.743590 , 0.102564 , 2.838819
0.743590 , 0.128205 , 2.778428
0.743590 , 0.153846 , 2.701008
0.743590 , 0.179487 , 2.607798
0.743590 , 0.205128 , 2.497663
0.743590 , 0.230769 , 2.369095
0.743590 , 0.256410 , 2.222197
0.743590 , 0.282051 , 2.058667
0.743590 , 0.307692 , 1.877135
0.743590 , 0.333333 , 1.680152
0.743590 , 0.358974 , 1.466513
0.743590 , 0.384615 , 1.237501
0.743590 , 0.410256 , 0.998872
0.743590 , 0.435897 , 0.751012
0.743590 , 0.461538 , 0.496834
0.743590 , 0.487179 , 0.239183
0.743590 , 0.512821 , -0.019107
0.743590 , 0.538462 , -0.276045
0.743590 , 0.564103 , -0.527223
0.743590 , 0.589744 , -0.770276
0.743590 , 0.615385 , -1.003745
0.743590 , 0.641026 , -1.224427
0.743590 , 0.666667 , -1.430774
0.743590 , 0.692308 , -1.622336
0.743590 , 0.717949 , -1.797012
0.743590 , 0.743590 , -1.953266
0.743590 , 0.769231 , -2.092467
0.743590 , 0.794872 , -2.214778
0.743590 , 0.820513 , -2.318446
0.743590 , 0.846154 , -2.405554
0.743590 , 0.871795 , -2.477795
0.743590 , 0.897436 , -2.535951
0.743590 , 0.923077 , -2.581622
0.743590 , 0.948718 , -2.613888
0.743590 , 0.974359 , -2.633274
0.743590 , 1.000000 , -2.638770
0.769231 , 0.000000 , 3.108303
0.769231 , 0.025641 , 3.102753
0.769231 , 0.051282 , 3.084287
0.769231 , 0.076923 , 3.052668
0.769231 , 0.102564 , 3.007758
0.769231 , 0.128205 , 2.948178
0.769231 , 0.153846 , 2.870690
0.769231 , 0.179487 , 2.775577
0.769231 , 0.205128 , 2.662689
0.769231 , 0.230769 , 2.528127
0.769231 , 0.256410 , 2.371968
0.769231 , 0.282051 , 2.195741
0.769231 , 0.307692 , 2.000250
0.769231 , 0.333333 , 1.785458
0.769231 , 0.358974 , 1.552858
0.769231 , 0.384615 , 1.303299
0.769231 , 0.410256 , 1.041182
0.769231 , 0.435897 , 0.768094
0.769231 , 0.461538 , 0.487618
0.769231 , 0.487179 , 0.201608
0.769231 , 0.512821 , -0.085057
0.769231 , 0.538462 , -0.369280
0.769231 , 0.564103 , -0.646664
0.769231 , 0.589744 , -0.914395
0.769231 , 0.615385 , -1.170910
0.769231 , 0.641026 , -1.412449
0.769231 , 0.666667 , -1.638319
0.769231 , 0.692308 , -1.846528
0.769231 , 0.717949 , -2.034768
0.769231 , 0.743590 , -2.202085
0.769231 , 0.769231 , -2.348361
0.769231 , 0.794872 , -2.475599
0.769231 , 0.820513 , -2.581827
0.769231 , 0.846154 , -2.669556
0.769231 , 0.871795 , -2.741033
0.769231 , 0.897436 , -2.797219
0.769231 , 0.923077 , -2.841132
0.769231 , 0.948718 , -2.871720
0.769231 , 0.974359 , -2.890338
0.769231 , 1.000000 , -2.895975
0.794872 , 0.000000 , 3.290682
0.794872 , 0.025641 , 3.285303
0.794872 , 0.051282 , 3.268817
0.794872 , 0.076923 , 3.240451
0.794872 , 0.102564 , 3.198185
0.794872 , 0.128205 , 3.140544
0.794872 , 0.153846 , 3.065239
0.794872 , 0.179487 , 2.969519
0.794872 , 0.205128 , 2.853599
0.794872 , 0.230769 , 2.714009
0.794872 , 0.256410 , 2.549815
0.794872 , 0.282051 , 2.361487
0.794872 , 0.307692 , 2.150495
0.794872 , 0.333333 , 1.917646
0.794872 , 0.358974 , 1.662686
0.794872 , 0.384615 , 1.389120
0.794872 , 0.410256 , 1.100518
0.794872 , 0.435897 , 0.798387
0.794872 , 0.461538 , 0.487333
0.794872 , 0.487179 , 0.171067
0.794872 , 0.512821 , -0.147223
0.794872 , 0.538462 , -0.462223
0.794872 , 0.564103 , -0.769446
0.794872 , 0.589744 , -1.065396
0.794872 , 0.615385 , -1.347861
0.794872 , 0.641026 , -1.613705
0.794872 , 0.666667 , -1.860980
0.794872 , 0.692308 , -2.086962
0.794872 , 0.717949 , -2.289658
0.794872 , 0.743590 , -2.468152
0.794872 , 0.769231 , -2.621622
0.794872 , 0.794872 , -2.752477
0.794872 , 0.820513 , -2.860413
0.794872 , 0.846154 , -2.947012
0.794872 , 0.871795 , -3.017164
0.794872 , 0.897436 , -3.070212
0.794872 , 0.923077 , -3.109636
0.794872 , 0.948718 , -3.137703
0.794872 , 0.974359 , -3.154713
0.794872 , 1.000000 , -3.160472
0.820513 , 0.000000 , 3.489262
0.820513 , 0.025641 , 3.484380
0.820513 , 0.051282 , 3.470910
0.820513 , 0.076923 , 3.446352
0.820513 , 0.102564 , 3.408952
0.820513 , 0.128205 , 3.356200
0.820513 , 0.153846 , 3.285176
0.820513 , 0.179487 , 3.191156
0.820513 , 0.205128 , 3.073772
0.820513 , 0.230769 , 2.930283
0.820513 , 0.256410 , 2.758833
0.820513 , 0.282051 , 2.558893
0.820513 , 0.307692 , 2.331583
0.820513 , 0.333333 , 2.078050
0.820513 , 0.358974 , 1.799828
0.820513 , 0.384615 , 1.498850
0.820513 , 0.410256 , 1.179260
0.820513 , 0.435897 , 0.844792
0.820513 , 0.461538 , 0.499025
0.820513 , 0.487179 , 0.147626
0.820513 , 0.512821 , -0.204993
0.820513 , 0.538462 , -0.554811
0.820513 , 0.564103 , -0.895829
0.820513 , 0.589744 , -1.224573
0.820513 , 0.615385 , -1.536810
0.820513 , 0.641026 , -1.829945
0.820513 , 0.666667 , -2.101184
0.820513 , 0.692308 , -2.346511
0.820513 , 0.717949 , -2.564244
0.820513 , 0.743590 , -2.753576
0.820513 , 0.769231 , -2.914883
0.820513 , 0.794872 , -3.048979
0.820513 , 0.820513 , -3.157117
0.820513 , 0.846154 , -3.241656
0.820513 , 0.871795 , -3.307028
0.820513 , 0.897436 , -3.355591
0.820513 , 0.923077 , -3.388529
0.820513 , 0.948718 , -3.411759
0.820513 , 0.974359 , -3.426140
0.820513 , 1.000000 , -3.430867
0.846154 , 0.000000 , 3.701509
0.846154 , 0.025641 , 3.698592
0.846154 , 0.051282 , 3.689434
0.846154 , 0.076923 , 3.671712
0.846154 , 0.102564 , 3.641974
0.846154 , 0.128205 , 3.596954
0.846154 , 0.153846 , 3.532187
0.846154 , 0.179487 , 3.442225
0.846154 , 0.205128 , 3.326543
0.846154 , 0.230769 , 3.181170
0.846154 , 0.256410 , 3.002490
0.846154 , 0.282051 , 2.789756
0.846154 , 0.307692 , 2.545313
0.846154 , 0.333333 , 2.270251
0.846154 , 0.358974 , 1.966318
0.846154 , 0.384615 , 1.635378
0.846154 , 0.410256 , 1.281352
0.846154 , 0.435897 , 0.909687
0.846154 , 0.461538 , 0.524961
0.846154 , 0.487179 , 0.132351
0.846154 , 0.512821 , -0.261314
0.846154 , 0.538462 , -0.650959
0.846154 , 0.564103 , -1.031064
0.846154 , 0.589744 , -1.396219
0.846154 , 0.615385 , -1.741998
0.846154 , 0.641026 , -2.064773
0.846154 , 0.666667 , -2.361277
0.846154 , 0.692308 , -2.628414
0.846154 , 0.717949 , -2.862580
0.846154 , 0.743590 , -3.063825
0.846154 , 0.769231 , -3.232128
0.846154 , 0.794872 , -3.368792
0.846154 , 0.820513 , -3.476119
0.846154 , 0.846154 , -3.556116
0.846154 , 0.871795 , -3.613431
0.846154 , 0.897436 , -3.653396
0.846154 , 0.923077 , -3.678128
0.846154 , 0.948718 , -3.693600
0.846154 , 0.974359 , -3.702437
0.846154 , 1.000000 , -3.705249
0.871795 , 0.000000 , 3.923803
0.871795 , 0.025641 , 3.923780
0.871795 , 0.051282 , 3.921764
0.871795 , 0.076923 , 3.914628
0.871795 , 0.102564 , 3.897102
0.871795 , 0.128205 , 3.864457
0.871795 , 0.153846 , 3.810029
0.871795 , 0.179487 , 3.728016
0.871795 , 0.205128 , 3.616156
0.871795 , 0.230769 , 3.469457
0.871795 , 0.256410 , 3.284861
0.871795 , 0.282051 , 3.060082
0.871795 , 0.307692 , 2.798253
0.871795 , 0.333333 , 2.499213
0.871795 , 0.358974 , 2.165587
0.871795 , 0.384615 , 1.801021
0.871795 , 0.410256 , 1.408454
0.871795 , 0.435897 , 0.994390
0.871795 , 0.461538 , 0.565482
0.871795 , 0.487179 , 0.126579
0.871795 , 0.512821 , -0.314195
0.871795 , 0.538462 , -0.749901
0.871795 , 0.564103 , -1.174223
0.871795 , 0.589744 , -1.580546
0.871795 , 0.615385 , -1.964821
0.871795 , 0.641026 , -2.321681
0.871795 , 0.666667 , -2.647521
0.871795 , 0.692308 , -2.938686
0.871795 , 0.717949 , -3.191374
0.871795 , 0.743590 , -3.404269
0.871795 , 0.769231 , -3.578535
0.871795 , 0.794872 , -3.715633
0.871795 , 0.820513 , -3.818687
0.871795 , 0.846154 , -3.891050
0.871795 , 0.871795 , -3.937173
0.871795 , 0.897436 , -3.963839
0.871795 , 0.923077 , -3.976667
0.871795 , 0.948718 , -3.980824
0.871795 , 0.974359 , -3.981453
0.871795 , 1.000000 , -3.981513
0.897436 , 0.000000 , 4.151691
0.897436 , 0.025641 , 4.155541
0.897436 , 0.051282 , 4.164314
0.897436 , 0.076923 , 4.173139
0.897436 , 0.102564 , 4.174565
0.897436 , 0.128205 , 4.160172
0.897436 , 0.153846 , 4.121941
0.897436 , 0.179487 , 4.052771
0.897436 , 0.205128 , 3.947830
0.897436 , 0.230769 , 3.802804
0.897436 , 0.256410 , 3.612886
0.897436 , 0.282051 , 3.376389
0.897436 , 0.307692 , 3.095940
0.897436 , 0.333333 , 2.770601
0.897436 , 0.358974 , 2.403643
0.897436 , 0.384615 , 2.000214
0.897436 , 0.410256 , 1.563775
0.897436 , 0.435897 , 1.101364
0.897436 , 0.461538 , 0.621075
0.897436 , 0.487179 , 0.129819
0.897436 , 0.512821 , -0.364280
0.897436 , 0.538462 , -0.853216
0.897436 , 0.564103 , -1.328401
0.897436 , 0.589744 , -1.782964
0.897436 , 0.615385 , -2.210683
0.897436 , 0.641026 , -2.606541
0.897436 , 0.666667 , -2.965343
0.897436 , 0.692308 , -3.282101
0.897436 , 0.717949 , -3.554781
0.897436 , 0.743590 , -3.780486
0.897436 , 0.769231 , -3.959797
0.897436 , 0.794872 , -4.095416
0.897436 , 0.820513 , -4.190459
0.897436 , 0.846154 , -4.249094
0.897436 , 0.871795 , -4.278918
0.897436 , 0.897436 , -4.286742
0.897436 , 0.923077 , -4.281302
0.897436 , 0.948718 , -4.269708
0.897436 , 0.974359 , -4.259041
0.897436 , 1.000000 , -4.254824
0.923077 , 0.000000 , 4.377162
0.923077 , 0.025641 , 4.386992
0.923077 , 0.051282 , 4.412955
0.923077 , 0.076923 , 4.445352
0.923077 , 0.102564 , 4.474058
0.923077 , 0.128205 , 4.486181
0.923077 , 0.153846 , 4.471486
0.923077 , 0.179487 , 4.421150
0.923077 , 0.205128 , 4.327896
0.923077 , 0.230769 , 4.187300
0.923077 , 0.256410 , 3.993481
0.923077 , 0.282051 , 3.744289
0.923077 , 0.307692 , 3.442622
0.923077 , 0.333333 , 3.088014
0.923077 , 0.358974 , 2.683875
0.923077 , 0.384615 , 2.236202
0.923077 , 0.410256 , 1.749922
0.923077 , 0.435897 , 1.233374
0.923077 , 0.461538 , 0.694103
0.923077 , 0.487179 , 0.142395
0.923077 , 0.512821 , -0.412699
0.923077 , 0.538462 , -0.962116
0.923077 , 0.564103 , -1.496618
0.923077 , 0.589744 , -2.006965
0.923077 , 0.615385 , -2.485119
0.923077 , 0.641026 , -2.924648
0.923077 , 0.666667 , -3.320330
0.923077 , 0.692308 , -3.666172
0.923077 , 0.717949 , -3.959213
0.923077 , 0.743590 , -4.197310
0.923077 , 0.769231 , -4.380751
0.923077 , 0.794872 , -4.511841
0.923077 , 0.820513 , -4.594801
0.923077 , 0.846154 , -4.634560
0.923077 , 0.871795 , -4.640558
0.923077 , 0.897436 , -4.622159
0.923077 , 0.923077 , -4.589376
0.923077 , 0.948718 , -4.553812
0.923077 , 0.974359 , -4.526646
0.923077 , 1.000000 , -4.515955
0.948718 , 0.000000 , 4.588821
0.948718 , 0.025641 , 4.608406
0.948718 , 0.051282 , 4.659619
0.948718 , 0.076923 , 4.727330
0.948718 , 0.102564 , 4.794341
0.948718 , 0.128205 , 4.843538
0.948718 , 0.153846 , 4.862482
0.948718 , 0.179487 , 4.838464
0.948718 , 0.205128 , 4.762696
0.948718 , 0.230769 , 4.629544
0.948718 , 0.256410 , 4.434088
0.948718 , 0.282051 , 4.173077
0.948718 , 0.307692 , 3.849005
0.948718 , 0.333333 , 3.461567
0.948718 , 0.358974 , 3.015242
0.948718 , 0.384615 , 2.517242
0.948718 , 0.410256 , 1.973340
0.948718 , 0.435897 , 1.393273
0.948718 , 0.461538 , 0.786655
0.948718 , 0.487179 , 0.164874
0.948718 , 0.512821 , -0.461381
0.948718 , 0.538462 , -1.080753
0.948718 , 0.564103 , -1.682515
0.948718 , 0.589744 , -2.256389
0.948718 , 0.615385 , -2.792174
0.948718 , 0.641026 , -3.282460
0.948718 , 0.666667 , -3.719829
0.948718 , 0.692308 , -4.098203
0.948718 , 0.717949 , -4.413763
0.948718 , 0.743590 , -4.663591
0.948718 , 0.769231 , -4.848627
0.948718 , 0.794872 , -4.971449
0.948718 , 0.820513 , -5.036645
0.948718 , 0.846154 , -5.051312
0.948718 , 0.871795 , -5.024963
0.948718 , 0.897436 , -4.969528
0.948718 , 0.923077 , -4.898240
0.948718 , 0.948718 , -4.827121
0.948718 , 0.974359 , -4.773538
0.948718 , 1.000000 , -4.753032
0.974359 , 0.000000 , 4.765759
0.974359 , 0.025641 , 4.803330
0.974359 , 0.051282 , 4.896468
0.974359 , 0.076923 , 5.016261
0.974359 , 0.102564 , 5.136740
0.974359 , 0.128205 , 5.237054
0.974359 , 0.153846 , 5.300011
0.974359 , 0.179487 , 5.311840
0.974359 , 0.205128 , 5.260660
0.974359 , 0.230769 , 5.139769
0.974359 , 0.256410 , 4.944820
0.974359 , 0.282051 , 4.672657
0.974359 , 0.307692 , 4.323313
0.974359 , 0.333333 , 3.899301
0.974359 , 0.358974 , 3.405086
0.974359 , 0.384615 , 2.848784
0.974359 , 0.410256 , 2.239396
0.974359 , 0.435897 , 1.586258
0.974359 , 0.461538 , 0.901996
0.974359 , 0.487179 , 0.199145
0.974359 , 0.512821 , -0.509172
0.974359 , 0.538462 , -1.210149
0.974359 , 0.564103 , -1.890252
0.974359 , 0.589744 , -2.537476
0.974359 , 0.615385 , -3.139945
0.974359 , 0.641026 , -3.687988
0.974359 , 0.666667 , -4.172828
0.974359 , 0.692308 , -4.587554
0.974359 , 0.717949 , -4.927509
0.974359 , 0.743590 , -5.190064
0.974359 , 0.769231 , -5.374649
0.974359 , 0.794872 , -5.484910
0.974359 , 0.820513 , -5.525693
0.974359 , 0.846154 , -5.505488
0.974359 , 0.871795 , -5.435491
0.974359 , 0.897436 , -5.329336
0.974359 , 0.923077 , -5.204439
0.974359 , 0.948718 , -5.081079
0.974359 , 0.974359 , -4.985367
0.974359 , 1.000000 , -4.946685
1.000000 , 0.000000 , 4.873581
1.000000 , 0.025641 , 4.948359
1.000000 , 0.051282 , 5.112999
1.000000 , 0.076923 , 5.310456
1.000000 , 0.102564 , 5.506237
1.000000 , 0.128205 , 5.673722
1.000000 , 0.153846 , 5.794664
1.000000 , 0.179487 , 5.852232
1.000000 , 0.205128 , 5.833538
1.000000 , 0.230769 , 5.730291
1.000000 , 0.256410 , 5.537861
1.000000 , 0.282051 , 5.253449
1.000000 , 0.307692 , 4.877247
1.000000 , 0.333333 , 4.411501
1.000000 , 0.358974 , 3.863069
1.000000 , 0.384615 , 3.240400
1.000000 , 0.410256 , 2.554106
1.000000 , 0.435897 , 1.816153
1.000000 , 0.461538 , 1.041447
1.000000 , 0.487179 , 0.244287
1.000000 , 0.512821 , -0.559665
1.000000 , 0.538462 , -1.355282
1.000000 , 0.564103 , -2.125796
1.000000 , 0.589744 , -2.857317
1.000000 , 0.615385 , -3.536761
1.000000 , 0.641026 , -4.151298
1.000000 , 0.666667 , -4.690386
1.000000 , 0.692308 , -5.146680
1.000000 , 0.717949 , -5.514230
1.000000 , 0.743590 , -5.789095
1.000000 , 0.769231 , -5.970863
1.000000 , 0.794872 , -6.063035
1.000000 , 0.820513 , -6.071736
1.000000 , 0.846154 , -6.005930
1.000000 , 0.871795 , -5.878408
1.000000 , 0.897436 , -5.704918
1.000000 , 0.923077 , -5.504477
1.000000 , 0.948718 , -5.303279
1.000000 , 0.974359 , -5.135737
1.000000 , 1.000000 , -5.059842
