0.000000 , 0.000000 , 3.874333
0.000000 , 0.025641 , 3.874333
0.000000 , 0.051282 , 3.874333
0.000000 , 0.076923 , 3.874333
0.000000 , 0.102564 , 3.874333
0.000000 , 0.128205 , 3.874333
0.000000 , 0.153846 , 3.874333
0.000000 , 0.179487 , 3.874333
0.000000 , 0.205128 , 3.874333
0.000000 , 0.230769 , 3.874333
0.000000 , 0.256410 , 3.874333
0.000000 , 0.282051 , 3.874333
0.000000 , 0.307692 , 3.874333
0.000000 , 0.333333 , 3.874333
0.000000 , 0.358974 , 3.874333
0.000000 , 0.384615 , 3.874333
0.000000 , 0.410256 , 3.874333
0.000000 , 0.435897 , 3.874333
0.000000 , 0.461538 , 3.874333
0.000000 , 0.487179 , 3.874333
0.000000 , 0.512821 , 3.874333
0.000000 , 0.538462 , 3.874333
0.000000 , 0.564103 , 3.874333
0.000000 , 0.589744 , 3.874333
0.000000 , 0.615385 , 3.874333
0.000000 , 0.641026 , 3.874333
0.000000 , 0.666667 , 3.874333
0.000000 , 0.692308 , 3.874333
0.000000 , 0.717949 , 3.874333
0.000000 , 0.743590 , 3.874333
0.000000 , 0.769231 , 3.874333
0.000000 , 0.794872 , 3.874333
0.000000 , 0.820513 , 3.874333
0.000000 , 0.846154 , 3.874333
0.000000 , 0.871795 , 3.874333
0.000000 , 0.897436 , 3.874333
0.000000 , 0.923077 , 3.874333
0.000000 , 0.948718 , 3.874333
0.000000 , 0.974359 , 3.874333
0.000000 , 1.000000 , 3.874333
0.025641 , 0.000000 , 3.657926
0.025641 , 0.025641 , 3.658474
0.025641 , 0.051282 , 3.659686
0.025641 , 0.076923 , 3.660652
0.025641 , 0.102564 , 3.661211
0.025641 , 0.128205 , 3.661639
0.025641 , 0.153846 , 3.662167
0.025641 , 0.179487 , 3.661936
0.025641 , 0.205128 , 3.661038
0.025641 , 0.230769 , 3.660492
0.025641 , 0.256410 , 3.659191
0.025641 , 0.282051 , 3.657996
0.025641 , 0.307692 , 3.656668
0.025641 , 0.333333 , 3.654562
0.025641 , 0.358974 , 3.652920
0.025641 , 0.384615 , 3.650842
0.025641 , 0.410256 , 3.648571
0.025641 , 0.435897 , 3.645948
0.025641 , 0.461538 , 3.643064
0.025641 , 0.487179 , 3.640491
0.025641 , 0.512821 , 3.638249
0.025641 , 0.538462 , 3.636208
0.025641 , 0.564103 , 3.634114
0.025641 , 0.589744 , 3.632665
0.025641 , 0.615385 , 3.631000
0.025641 , 0.641026 , 3.629501
0.025641 , 0.666667 , 3.628296
0.025641 , 0.692308 , 3.627097
0.025641 , 0.717949 , 3.626025
0.025641 , 0.743590 , 3.625078
0.025641 , 0.769231 , 3.624149
0.025641 , 0.794872 , 3.622908
0.025641 , 0.820513 , 3.622298
0.025641 , 0.846154 , 3.621550
0.025641 , 0.871795 , 3.620795
0.025641 , 0.897436 , 3.620498
0.025641 , 0.923077 , 3.620197
0.025641 , 0.948718 , 3.619992
0.025641 , 0.974359 , 3.620034
0.025641 , 1.000000 , 3.620203
0.051282 , 0.000000 , 3.443477
0.051282 , 0.025641 , 3.445075
0.051282 , 0.051282 , 3.447469
0.051282 , 0.076923 , 3.449415
0.051282 , 0.102564 , 3.450735
0.051282 , 0.128205 , 3.451509
0.051282 , 0.153846 , 3.452183
0.051282 , 0.179487 , 3.452149
0.051282 , 0.205128 , 3.451057
0.051282 , 0.230769 , 3.449579
0.051282 , 0.256410 , 3.448141
0.051282 , 0.282051 , 3.445586
0.051282 , 0.307692 , 3.442354
0.051282 , 0.333333 , 3.439192
0.051282 , 0.358974 , 3.435571
0.051282 , 0.384615 , 3.431245
0.051282 , 0.410256 , 3.426619
0.051282 , 0.435897 , 3.421548
0.051282 , 0.461538 , 3.416243
0.051282 , 0.487179 , 3.411808
0.051282 , 0.512821 , 3.407497
0.051282 , 0.538462 , 3.403585
0.051282 , 0.564103 , 3.399785
0.051282 , 0.589744 , 3.396366
0.051282 , 0.615385 , 3.392848
0.051282 , 0.641026 , 3.389732
0.051282 , 0.666667 , 3.386834
0.051282 , 0.692308 , 3.384874
0.051282 , 0.717949 , 3.382854
0.051282 , 0.743590 , 3.380673
0.051282 , 0.769231 , 3.379203
0.051282 , 0.794872 , 3.377542
0.051282 , 0.820513 , 3.375416
0.051282 , 0.846154 , 3.374508
0.051282 , 0.871795 , 3.373678
0.051282 , 0.897436 , 3.372448
0.051282 , 0.923077 , 3.372353
0.051282 , 0.948718 , 3.371457
0.051282 , 0.974359 , 3.371737
0.051282 , 1.000000 , 3.371414
0.076923 , 0.000000 , 3.234090
0.076923 , 0.025641 , 3.235223
0.076923 , 0.051282 , 3.238245
0.076923 , 0.076923 , 3.240502
0.076923 , 0.102564 , 3.242740
0.076923 , 0.128205 , 3.244344
0.076923 , 0.153846 , 3.244763
0.076923 , 0.179487 , 3.245289
0.076923 , 0.205128 , 3.243920
0.076923 , 0.230769 , 3.242125
0.076923 , 0.256410 , 3.240110
0.076923 , 0.282051 , 3.236947
0.076923 , 0.307692 , 3.232365
0.076923 , 0.333333 , 3.227687
0.076923 , 0.358974 , 3.223093
0.076923 , 0.384615 , 3.216649
0.076923 , 0.410256 , 3.208775
0.076923 , 0.435897 , 3.201599
0.076923 , 0.461538 , 3.194531
0.076923 , 0.487179 , 3.187991
0.076923 , 0.512821 , 3.182352
0.076923 , 0.538462 , 3.176408
0.076923 , 0.564103 , 3.170780
0.076923 , 0.589744 , 3.165651
0.076923 , 0.615385 , 3.160397
0.076923 , 0.641026 , 3.155698
0.076923 , 0.666667 , 3.152256
0.076923 , 0.692308 , 3.148622
0.076923 , 0.717949 , 3.145923
0.076923 , 0.743590 , 3.142543
0.076923 , 0.769231 , 3.139565
0.076923 , 0.794872 , 3.137199
0.076923 , 0.820513 , 3.134440
0.076923 , 0.846154 , 3.132825
0.076923 , 0.871795 , 3.132037
0.076923 , 0.897436 , 3.131593
0.076923 , 0.923077 , 3.130454
0.076923 , 0.948718 , 3.130229
0.076923 , 0.974359 , 3.129866
0.076923 , 1.000000 , 3.130351
0.102564 , 0.000000 , 3.028095
0.102564 , 0.025641 , 3.029731
0.102564 , 0.051282 , 3.032743
0.102564 , 0.076923 , 3.035577
0.102564 , 0.102564 , 3.037809
0.102564 , 0.128205 , 3.039933
0.102564 , 0.153846 , 3.040809
0.102564 , 0.179487 , 3.041210
0.102564 , 0.205128 , 3.040565
0.102564 , 0.230769 , 3.038527
0.102564 , 0.256410 , 3.035961
0.102564 , 0.282051 , 3.031870
0.102564 , 0.307692 , 3.026961
0.102564 , 0.333333 , 3.020795
0.102564 , 0.358974 , 3.013997
0.102564 , 0.384615 , 3.006487
0.102564 , 0.410256 , 2.997596
0.102564 , 0.435897 , 2.987553
0.102564 , 0.461538 , 2.979057
0.102564 , 0.487179 , 2.970355
0.102564 , 0.512821 , 2.962837
0.102564 , 0.538462 , 2.955446
0.102564 , 0.564103 , 2.948179
0.102564 , 0.589744 , 2.941329
0.102564 , 0.615385 , 2.934932
0.102564 , 0.641026 , 2.928898
0.102564 , 0.666667 , 2.923275
0.102564 , 0.692308 , 2.918239
0.102564 , 0.717949 , 2.914091
0.102564 , 0.743590 , 2.910509
0.102564 , 0.769231 , 2.906431
0.102564 , 0.794872 , 2.903059
0.102564 , 0.820513 , 2.900325
0.102564 , 0.846154 , 2.899046
0.102564 , 0.871795 , 2.897792
0.102564 , 0.897436 , 2.897628
0.102564 , 0.923077 , 2.896476
0.102564 , 0.948718 , 2.896794
0.102564 , 0.974359 , 2.896581
0.102564 , 1.000000 , 2.896769
0.128205 , 0.000000 , 2.825603
0.128205 , 0.025641 , 2.827939
0.128205 , 0.051282 , 2.830858
0.128205 , 0.076923 , 2.833346
0.128205 , 0.102564 , 2.836620
0.128205 , 0.128205 , 2.838938
0.128205 , 0.153846 , 2.840103
0.128205 , 0.179487 , 2.840732
0.128205 , 0.205128 , 2.840380
0.128205 , 0.230769 , 2.838463
0.128205 , 0.256410 , 2.835146
0.128205 , 0.282051 , 2.830589
0.128205 , 0.307692 , 2.825119
0.128205 , 0.333333 , 2.818153
0.128205 , 0.358974 , 2.809730
0.128205 , 0.384615 , 2.800650
0.128205 , 0.410256 , 2.790755
0.128205 , 0.435897 , 2.779680
0.128205 , 0.461538 , 2.769500
0.128205 , 0.487179 , 2.758998
0.128205 , 0.512821 , 2.748702
0.128205 , 0.538462 , 2.739814
0.128205 , 0.564103 , 2.731324
0.128205 , 0.589744 , 2.723214
0.128205 , 0.615385 , 2.715270
0.128205 , 0.641026 , 2.707628
0.128205 , 0.666667 , 2.700637
0.128205 , 0.692308 , 2.695254
0.128205 , 0.717949 , 2.689524
0.128205 , 0.743590 , 2.684714
0.128205 , 0.769231 , 2.681218
0.128205 , 0.794872 , 2.678177
0.128205 , 0.820513 , 2.674786
0.128205 , 0.846154 , 2.672860
0.128205 , 0.871795 , 2.671550
0.128205 , 0.897436 , 2.670813
0.128205 , 0.923077 , 2.669137
0.128205 , 0.948718 , 2.669001
0.128205 , 0.974359 , 2.669694
0.128205 , 1.000000 , 2.669508
0.153846 , 0.000000 , 2.629102
0.153846 , 0.025641 , 2.630231
0.153846 , 0.051282 , 2.632632
0.153846 , 0.076923 , 2.635132
0.153846 , 0.102564 , 2.638565
0.153846 , 0.128205 , 2.641498
0.153846 , 0.153846 , 2.643065
0.153846 , 0.179487 , 2.643372
0.153846 , 0.205128 , 2.643076
0.153846 , 0.230769 , 2.641294
0.153846 , 0.256410 , 2.638124
0.153846 , 0.282051 , 2.632935
0.153846 , 0.307692 , 2.627092
0.153846 , 0.333333 , 2.619647
0.153846 , 0.358974 , 2.610446
0.153846 , 0.384615 , 2.600234
0.153846 , 0.410256 , 2.588808
0.153846 , 0.435897 , 2.576267
0.153846 , 0.461538 , 2.564677
0.153846 , 0.487179 , 2.553674
0.153846 , 0.512821 , 2.541503
0.153846 , 0.538462 , 2.531121
0.153846 , 0.564103 , 2.521358
0.153846 , 0.589744 , 2.512477
0.153846 , 0.615385 , 2.503368
0.153846 , 0.641026 , 2.494352
0.153846 , 0.666667 , 2.486775
0.153846 , 0.692308 , 2.480533
0.153846 , 0.717949 , 2.473885
0.153846 , 0.743590 , 2.467822
0.153846 , 0.769231 , 2.463597
0.153846 , 0.794872 , 2.459626
0.153846 , 0.820513 , 2.456178
0.153846 , 0.846154 , 2.454847
0.153846 , 0.871795 , 2.452444
0.153846 , 0.897436 , 2.451069
0.153846 , 0.923077 , 2.449710
0.153846 , 0.948718 , 2.449858
0.153846 , 0.974359 , 2.450607
0.153846 , 1.000000 , 2.450527
0.179487 , 0.000000 , 2.436836
0.179487 , 0.025641 , 2.437435
0.179487 , 0.051282 , 2.439206
0.179487 , 0.076923 , 2.441916
0.179487 , 0.102564 , 2.445150
0.179487 , 0.128205 , 2.447791
0.179487 , 0.153846 , 2.449706
0.179487 , 0.179487 , 2.450742
0.179487 , 0.205128 , 2.450156
0.179487 , 0.230769 , 2.447944
0.179487 , 0.256410 , 2.444243
0.179487 , 0.282051 , 2.439132
0.179487 , 0.307692 , 2.432910
0.179487 , 0.333333 , 2.424936
0.179487 , 0.358974 , 2.415118
0.179487 , 0.384615 , 2.403936
0.179487 , 0.410256 , 2.391833
0.179487 , 0.435897 , 2.378866
0.179487 , 0.461538 , 2.365724
0.179487 , 0.487179 , 2.353851
0.179487 , 0.512821 , 2.340282
0.179487 , 0.538462 , 2.327940
0.179487 , 0.564103 , 2.317485
0.179487 , 0.589744 , 2.307533
0.179487 , 0.615385 , 2.297590
0.179487 , 0.641026 , 2.287565
0.179487 , 0.666667 , 2.279136
0.179487 , 0.692308 , 2.272027
0.179487 , 0.717949 , 2.265301
0.179487 , 0.743590 , 2.258348
0.179487 , 0.769231 , 2.253317
0.179487 , 0.794872 , 2.248854
0.179487 , 0.820513 , 2.245315
0.179487 , 0.846154 , 2.244316
0.179487 , 0.871795 , 2.242546
0.179487 , 0.897436 , 2.239842
0.179487 , 0.923077 , 2.238454
0.179487 , 0.948718 , 2.239371
0.179487 , 0.974359 , 2.240612
0.179487 , 1.000000 , 2.240882
0.205128 , 0.000000 , 2.247306
0.205128 , 0.025641 , 2.247846
0.205128 , 0.051282 , 2.249948
0.205128 , 0.076923 , 2.252853
0.205128 , 0.102564 , 2.255514
0.205128 , 0.128205 , 2.257609
0.205128 , 0.153846 , 2.259425
0.205128 , 0.179487 , 2.261026
0.205128 , 0.205128 , 2.260573
0.205128 , 0.230769 , 2.257840
0.205128 , 0.256410 , 2.253233
0.205128 , 0.282051 , 2.247776
0.205128 , 0.307692 , 2.241846
0.205128 , 0.333333 , 2.233726
0.205128 , 0.358974 , 2.223696
0.205128 , 0.384615 , 2.212342
0.205128 , 0.410256 , 2.199844
0.205128 , 0.435897 , 2.186759
0.205128 , 0.461538 , 2.173297
0.205128 , 0.487179 , 2.160488
0.205128 , 0.512821 , 2.146626
0.205128 , 0.538462 , 2.133116
0.205128 , 0.564103 , 2.121036
0.205128 , 0.589744 , 2.110075
0.205128 , 0.615385 , 2.099500
0.205128 , 0.641026 , 2.088535
0.205128 , 0.666667 , 2.079364
0.205128 , 0.692308 , 2.071708
0.205128 , 0.717949 , 2.064774
0.205128 , 0.743590 , 2.058326
0.205128 , 0.769231 , 2.052362
0.205128 , 0.794872 , 2.046706
0.205128 , 0.820513 , 2.042659
0.205128 , 0.846154 , 2.040877
0.205128 , 0.871795 , 2.039940
0.205128 , 0.897436 , 2.038309
0.205128 , 0.923077 , 2.036159
0.205128 , 0.948718 , 2.036326
0.205128 , 0.974359 , 2.038038
0.205128 , 1.000000 , 2.039575
0.230769 , 0.000000 , 2.061001
0.230769 , 0.025641 , 2.062092
0.230769 , 0.051282 , 2.064329
0.230769 , 0.076923 , 2.067462
0.230769 , 0.102564 , 2.069873
0.230769 , 0.128205 , 2.071338
0.230769 , 0.153846 , 2.072382
0.230769 , 0.179487 , 2.074106
0.230769 , 0.205128 , 2.073827
0.230769 , 0.230769 , 2.070935
0.230769 , 0.256410 , 2.065982
0.230769 , 0.282051 , 2.059952
0.230769 , 0.307692 , 2.054401
0.230769 , 0.333333 , 2.046482
0.230769 , 0.358974 , 2.036569
0.230769 , 0.384615 , 2.025326
0.230769 , 0.410256 , 2.013064
0.230769 , 0.435897 , 1.999686
0.230769 , 0.461538 , 1.986054
0.230769 , 0.487179 , 1.972899
0.230769 , 0.512821 , 1.959019
0.230769 , 0.538462 , 1.945030
0.230769 , 0.564103 , 1.932413
0.230769 , 0.589744 , 1.920718
0.230769 , 0.615385 , 1.909662
0.230769 , 0.641026 , 1.898204
0.230769 , 0.666667 , 1.888488
0.230769 , 0.692308 , 1.880070
0.230769 , 0.717949 , 1.872005
0.230769 , 0.743590 , 1.864839
0.230769 , 0.769231 , 1.858408
0.230769 , 0.794872 , 1.852889
0.230769 , 0.820513 , 1.849034
0.230769 , 0.846154 , 1.846642
0.230769 , 0.871795 , 1.845428
0.230769 , 0.897436 , 1.844111
0.230769 , 0.923077 , 1.842349
0.230769 , 0.948718 , 1.842632
0.230769 , 0.974359 , 1.844364
0.230769 , 1.000000 , 1.844822
0.256410 , 0.000000 , 1.879177
0.256410 , 0.025641 , 1.881001
0.256410 , 0.051282 , 1.883510
0.256410 , 0.076923 , 1.886135
0.256410 , 0.102564 , 1.888279
0.256410 , 0.128205 , 1.889403
0.256410 , 0.153846 , 1.890772
0.256410 , 0.179487 , 1.891997
0.256410 , 0.205128 , 1.891404
0.256410 , 0.230769 , 1.888032
0.256410 , 0.256410 , 1.882588
0.256410 , 0.282051 , 1.876680
0.256410 , 0.307692 , 1.871066
0.256410 , 0.333333 , 1.864057
0.256410 , 0.358974 , 1.854658
0.256410 , 0.384615 , 1.843707
0.256410 , 0.410256 , 1.831895
0.256410 , 0.435897 , 1.819170
0.256410 , 0.461538 , 1.805409
0.256410 , 0.487179 , 1.791553
0.256410 , 0.512821 , 1.778105
0.256410 , 0.538462 , 1.764086
0.256410 , 0.564103 , 1.750864
0.256410 , 0.589744 , 1.738819
0.256410 , 0.615385 , 1.726872
0.256410 , 0.641026 , 1.715356
0.256410 , 0.666667 , 1.705625
0.256410 , 0.692308 , 1.696526
0.256410 , 0.717949 , 1.688461
0.256410 , 0.743590 , 1.680368
0.256410 , 0.769231 , 1.672882
0.256410 , 0.794872 , 1.667383
0.256410 , 0.820513 , 1.664169
0.256410 , 0.846154 , 1.661652
0.256410 , 0.871795 , 1.660500
0.256410 , 0.897436 , 1.658653
0.256410 , 0.923077 , 1.657112
0.256410 , 0.948718 , 1.657528
0.256410 , 0.974359 , 1.659350
0.256410 , 1.000000 , 1.659325
0.282051 , 0.000000 , 1.703500
0.282051 , 0.025641 , 1.705173
0.282051 , 0.051282 , 1.707459
0.282051 , 0.076923 , 1.709645
0.282051 , 0.102564 , 1.711352
0.282051 , 0.128205 , 1.712476
0.282051 , 0.153846 , 1.713654
0.282051 , 0.179487 , 1.714608
0.282051 , 0.205128 , 1.713343
0.282051 , 0.230769 , 1.709535
0.282051 , 0.256410 , 1.703685
0.282051 , 0.282051 , 1.697824
0.282051 , 0.307692 , 1.692804
0.282051 , 0.333333 , 1.686307
0.282051 , 0.358974 , 1.677950
0.282051 , 0.384615 , 1.668092
0.282051 , 0.410256 , 1.656960
0.282051 , 0.435897 , 1.645081
0.282051 , 0.461538 , 1.631820
0.282051 , 0.487179 , 1.617638
0.282051 , 0.512821 , 1.603827
0.282051 , 0.538462 , 1.590536
0.282051 , 0.564103 , 1.576994
0.282051 , 0.589744 , 1.564067
0.282051 , 0.615385 , 1.551653
0.282051 , 0.641026 , 1.540047
0.282051 , 0.666667 , 1.530097
0.282051 , 0.692308 , 1.520443
0.282051 , 0.717949 , 1.512057
0.282051 , 0.743590 , 1.504557
0.282051 , 0.769231 , 1.497556
0.282051 , 0.794872 , 1.491297
0.282051 , 0.820513 , 1.487947
0.282051 , 0.846154 , 1.485154
0.282051 , 0.871795 , 1.483236
0.282051 , 0.897436 , 1.481990
0.282051 , 0.923077 , 1.480716
0.282051 , 0.948718 , 1.481289
0.282051 , 0.974359 , 1.482428
0.282051 , 1.000000 , 1.483030
0.307692 , 0.000000 , 1.533976
0.307692 , 0.025641 , 1.534707
0.307692 , 0.051282 , 1.536635
0.307692 , 0.076923 , 1.538095
0.307692 , 0.102564 , 1.539376
0.307692 , 0.128205 , 1.540395
0.307692 , 0.153846 , 1.541200
0.307692 , 0.179487 , 1.541080
0.307692 , 0.205128 , 1.539836
0.307692 , 0.230769 , 1.536206
0.307692 , 0.256410 , 1.530863
0.307692 , 0.282051 , 1.525191
0.307692 , 0.307692 , 1.520206
0.307692 , 0.333333 , 1.514130
0.307692 , 0.358974 , 1.506622
0.307692 , 0.384615 , 1.497695
0.307692 , 0.410256 , 1.487466
0.307692 , 0.435897 , 1.475946
0.307692 , 0.461538 , 1.463482
0.307692 , 0.487179 , 1.450062
0.307692 , 0.512821 , 1.436473
0.307692 , 0.538462 , 1.423285
0.307692 , 0.564103 , 1.410137
0.307692 , 0.589744 , 1.397165
0.307692 , 0.615385 , 1.385094
0.307692 , 0.641026 , 1.373874
0.307692 , 0.666667 , 1.363709
0.307692 , 0.692308 , 1.354356
0.307692 , 0.717949 , 1.346199
0.307692 , 0.743590 , 1.337980
0.307692 , 0.769231 , 1.331221
0.307692 , 0.794872 , 1.325715
0.307692 , 0.820513 , 1.320968
0.307692 , 0.846154 , 1.317303
0.307692 , 0.871795 , 1.315203
0.307692 , 0.897436 , 1.313372
0.307692 , 0.923077 , 1.312456
0.307692 , 0.948718 , 1.313328
0.307692 , 0.974359 , 1.313889
0.307692 , 1.000000 , 1.314372
0.333333 , 0.000000 , 1.368475
0.333333 , 0.025641 , 1.369210
0.333333 , 0.051282 , 1.370420
0.333333 , 0.076923 , 1.371201
0.333333 , 0.102564 , 1.371972
0.333333 , 0.128205 , 1.372322
0.333333 , 0.153846 , 1.372261
0.333333 , 0.179487 , 1.371860
0.333333 , 0.205128 , 1.370597
0.333333 , 0.230769 , 1.367441
0.333333 , 0.256410 , 1.363490
0.333333 , 0.282051 , 1.358865
0.333333 , 0.307692 , 1.353685
0.333333 , 0.333333 , 1.347904
0.333333 , 0.358974 , 1.340695
0.333333 , 0.384615 , 1.332345
0.333333 , 0.410256 , 1.322855
0.333333 , 0.435897 , 1.312651
0.333333 , 0.461538 , 1.300994
0.333333 , 0.487179 , 1.288730
0.333333 , 0.512821 , 1.275993
0.333333 , 0.538462 , 1.263641
0.333333 , 0.564103 , 1.251293
0.333333 , 0.589744 , 1.239073
0.333333 , 0.615385 , 1.227940
0.333333 , 0.641026 , 1.217826
0.333333 , 0.666667 , 1.207480
0.333333 , 0.692308 , 1.198107
0.333333 , 0.717949 , 1.189926
0.333333 , 0.743590 , 1.181873
0.333333 , 0.769231 , 1.174370
0.333333 , 0.794872 , 1.168080
0.333333 , 0.820513 , 1.163180
0.333333 , 0.846154 , 1.158877
0.333333 , 0.871795 , 1.156360
0.333333 , 0.897436 , 1.154456
0.333333 , 0.923077 , 1.153345
0.333333 , 0.948718 , 1.153821
0.333333 , 0.974359 , 1.153685
0.333333 , 1.000000 , 1.153767
0.358974 , 0.000000 , 1.207336
0.358974 , 0.025641 , 1.207790
0.358974 , 0.051282 , 1.208512
0.358974 , 0.076923 , 1.208816
0.358974 , 0.102564 , 1.209429
0.358974 , 0.128205 , 1.209353
0.358974 , 0.153846 , 1.208395
0.358974 , 0.179487 , 1.206987
0.358974 , 0.205128 , 1.205822
0.358974 , 0.230769 , 1.203130
0.358974 , 0.256410 , 1.199698
0.358974 , 0.282051 , 1.196443
0.358974 , 0.307692 , 1.191638
0.358974 , 0.333333 , 1.186375
0.358974 , 0.358974 , 1.179824
0.358974 , 0.384615 , 1.171937
0.358974 , 0.410256 , 1.163289
0.358974 , 0.435897 , 1.154234
0.358974 , 0.461538 , 1.144070
0.358974 , 0.487179 , 1.133399
0.358974 , 0.512821 , 1.122212
0.358974 , 0.538462 , 1.110940
0.358974 , 0.564103 , 1.099873
0.358974 , 0.589744 , 1.088899
0.358974 , 0.615385 , 1.078555
0.358974 , 0.641026 , 1.069181
0.358974 , 0.666667 , 1.059514
0.358974 , 0.692308 , 1.050507
0.358974 , 0.717949 , 1.042627
0.358974 , 0.743590 , 1.034350
0.358974 , 0.769231 , 1.026428
0.358974 , 0.794872 , 1.019735
0.358974 , 0.820513 , 1.014717
0.358974 , 0.846154 , 1.010625
0.358974 , 0.871795 , 1.007753
0.358974 , 0.897436 , 1.005197
0.358974 , 0.923077 , 1.003089
0.358974 , 0.948718 , 1.002605
0.358974 , 0.974359 , 1.001822
0.358974 , 1.000000 , 1.001835
0.384615 , 0.000000 , 1.051828
0.384615 , 0.025641 , 1.051777
0.384615 , 0.051282 , 1.051868
0.384615 , 0.076923 , 1.051224
0.384615 , 0.102564 , 1.051287
0.384615 , 0.128205 , 1.051334
0.384615 , 0.153846 , 1.050318
0.384615 , 0.179487 , 1.048358
0.384615 , 0.205128 , 1.046497
0.384615 , 0.230769 , 1.043666
0.384615 , 0.256410 , 1.040485
0.384615 , 0.282051 , 1.037247
0.384615 , 0.307692 , 1.033469
0.384615 , 0.333333 , 1.029098
0.384615 , 0.358974 , 1.023759
0.384615 , 0.384615 , 1.017147
0.384615 , 0.410256 , 1.009867
0.384615 , 0.435897 , 1.001714
0.384615 , 0.461538 , 0.992596
0.384615 , 0.487179 , 0.983851
0.384615 , 0.512821 , 0.974079
0.384615 , 0.538462 , 0.964292
0.384615 , 0.564103 , 0.954973
0.384615 , 0.589744 , 0.945878
0.384615 , 0.615385 , 0.935918
0.384615 , 0.641026 , 0.927193
0.384615 , 0.666667 , 0.919091
0.384615 , 0.692308 , 0.910615
0.384615 , 0.717949 , 0.903074
0.384615 , 0.743590 , 0.895360
0.384615 , 0.769231 , 0.887558
0.384615 , 0.794872 , 0.880369
0.384615 , 0.820513 , 0.874973
0.384615 , 0.846154 , 0.870441
0.384615 , 0.871795 , 0.867536
0.384615 , 0.897436 , 0.864249
0.384615 , 0.923077 , 0.861273
0.384615 , 0.948718 , 0.859661
0.384615 , 0.974359 , 0.858758
0.384615 , 1.000000 , 0.858647
0.410256 , 0.000000 , 0.901200
0.410256 , 0.025641 , 0.901104
0.410256 , 0.051282 , 0.901026
0.410256 , 0.076923 , 0.900508
0.410256 , 0.102564 , 0.899199
0.410256 , 0.128205 , 0.898374
0.410256 , 0.153846 , 0.897459
0.410256 , 0.179487 , 0.894902
0.410256 , 0.205128 , 0.892411
0.410256 , 0.230769 , 0.889761
0.410256 , 0.256410 , 0.887526
0.410256 , 0.282051 , 0.883962
0.410256 , 0.307692 , 0.880496
0.410256 , 0.333333 , 0.877221
0.410256 , 0.358974 , 0.873201
0.410256 , 0.384615 , 0.868078
0.410256 , 0.410256 , 0.862360
0.410256 , 0.435897 , 0.855798
0.410256 , 0.461538 , 0.848595
0.410256 , 0.487179 , 0.840589
0.410256 , 0.512821 , 0.832395
0.410256 , 0.538462 , 0.824314
0.410256 , 0.564103 , 0.816759
0.410256 , 0.589744 , 0.809254
0.410256 , 0.615385 , 0.800682
0.410256 , 0.641026 , 0.792517
0.410256 , 0.666667 , 0.785042
0.410256 , 0.692308 , 0.777546
0.410256 , 0.717949 , 0.770310
0.410256 , 0.743590 , 0.763234
0.410256 , 0.769231 , 0.756724
0.410256 , 0.794872 , 0.749465
0.410256 , 0.820513 , 0.743540
0.410256 , 0.846154 , 0.738761
0.410256 , 0.871795 , 0.735426
0.410256 , 0.897436 , 0.731418
0.410256 , 0.923077 , 0.728414
0.410256 , 0.948718 , 0.726954
0.410256 , 0.974359 , 0.726202
0.410256 , 1.000000 , 0.726057
0.435897 , 0.000000 , 0.756000
0.435897 , 0.025641 , 0.755909
0.435897 , 0.051282 , 0.755715
0.435897 , 0.076923 , 0.755123
0.435897 , 0.102564 , 0.754091
0.435897 , 0.128205 , 0.752351
0.435897 , 0.153846 , 0.750348
0.435897 , 0.179487 , 0.747385
0.435897 , 0.205128 , 0.745219
0.435897 , 0.230769 , 0.742731
0.435897 , 0.256410 , 0.740249
0.435897 , 0.282051 , 0.736926
0.435897 , 0.307692 , 0.733485
0.435897 , 0.333333 , 0.731430
0.435897 , 0.358974 , 0.728897
0.435897 , 0.384615 , 0.725359
0.435897 , 0.410256 , 0.721277
0.435897 , 0.435897 , 0.715997
0.435897 , 0.461538 , 0.710253
0.435897 , 0.487179 , 0.704086
0.435897 , 0.512821 , 0.697052
0.435897 , 0.538462 , 0.690566
0.435897 , 0.564103 , 0.684303
0.435897 , 0.589744 , 0.678351
0.435897 , 0.615385 , 0.671574
0.435897 , 0.641026 , 0.664488
0.435897 , 0.666667 , 0.658368
0.435897 , 0.692308 , 0.652329
0.435897 , 0.717949 , 0.644966
0.435897 , 0.743590 , 0.638339
0.435897 , 0.769231 , 0.632518
0.435897 , 0.794872 , 0.625991
0.435897 , 0.820513 , 0.619865
0.435897 , 0.846154 , 0.614868
0.435897 , 0.871795 , 0.611343
0.435897 , 0.897436 , 0.607292
0.435897 , 0.923077 , 0.604933
0.435897 , 0.948718 , 0.603529
0.435897 , 0.974359 , 0.602313
0.435897 , 1.000000 , 0.602391
0.461538 , 0.000000 , 0.616610
0.461538 , 0.025641 , 0.617127
0.461538 , 0.051282 , 0.616371
0.461538 , 0.076923 , 0.615773
0.461538 , 0.102564 , 0.614669
0.461538 , 0.128205 , 0.612638
0.461538 , 0.153846 , 0.609995
0.461538 , 0.179487 , 0.606497
0.461538 , 0.205128 , 0.603861
0.461538 , 0.230769 , 0.600945
0.461538 , 0.256410 , 0.598810
0.461538 , 0.282051 , 0.596293
0.461538 , 0.307692 , 0.593369
0.461538 , 0.333333 , 0.591684
0.461538 , 0.358974 , 0.590105
0.461538 , 0.384615 , 0.587706
0.461538 , 0.410256 , 0.585091
0.461538 , 0.435897 , 0.581377
0.461538 , 0.461538 , 0.577452
0.461538 , 0.487179 , 0.572890
0.461538 , 0.512821 , 0.567409
0.461538 , 0.538462 , 0.562507
0.461538 , 0.564103 , 0.557784
0.461538 , 0.589744 , 0.553246
0.461538 , 0.615385 , 0.548886
0.461538 , 0.641026 , 0.543531
0.461538 , 0.666667 , 0.537909
0.461538 , 0.692308 , 0.533065
0.461538 , 0.717949 , 0.526958
0.461538 , 0.743590 , 0.520843
0.461538 , 0.769231 , 0.515340
0.461538 , 0.794872 , 0.509848
0.461538 , 0.820513 , 0.504238
0.461538 , 0.846154 , 0.499733
0.461538 , 0.871795 , 0.496190
0.461538 , 0.897436 , 0.492684
0.461538 , 0.923077 , 0.489953
0.461538 , 0.948718 , 0.488256
0.461538 , 0.974359 , 0.486410
0.461538 , 1.000000 , 0.486371
0.487179 , 0.000000 , 0.483412
0.487179 , 0.025641 , 0.483890
0.487179 , 0.051282 , 0.483105
0.487179 , 0.076923 , 0.481303
0.487179 , 0.102564 , 0.479987
0.487179 , 0.128205 , 0.478418
0.487179 , 0.153846 , 0.475466
0.487179 , 0.179487 , 0.472174
0.487179 , 0.205128 , 0.468886
0.487179 , 0.230769 , 0.465121
0.487179 , 0.256410 , 0.462667
0.487179 , 0.282051 , 0.461219
0.487179 , 0.307692 , 0.460109
0.487179 , 0.333333 , 0.458905
0.487179 , 0.358974 , 0.457152
0.487179 , 0.384615 , 0.455869
0.487179 , 0.410256 , 0.454667
0.487179 , 0.435897 , 0.453143
0.487179 , 0.461538 , 0.450747
0.487179 , 0.487179 , 0.447070
0.487179 , 0.512821 , 0.443809
0.487179 , 0.538462 , 0.440615
0.487179 , 0.564103 , 0.437659
0.487179 , 0.589744 , 0.434803
0.487179 , 0.615385 , 0.431981
0.487179 , 0.641026 , 0.429011
0.487179 , 0.666667 , 0.424922
0.487179 , 0.692308 , 0.420463
0.487179 , 0.717949 , 0.415897
0.487179 , 0.743590 , 0.410797
0.487179 , 0.769231 , 0.406079
0.487179 , 0.794872 , 0.401681
0.487179 , 0.820513 , 0.396758
0.487179 , 0.846154 , 0.392641
0.487179 , 0.871795 , 0.389320
0.487179 , 0.897436 , 0.386263
0.487179 , 0.923077 , 0.382663
0.487179 , 0.948718 , 0.380849
0.487179 , 0.974359 , 0.379391
0.487179 , 1.000000 , 0.378486
0.512821 , 0.000000 , 0.357665
0.512821 , 0.025641 , 0.357206
0.512821 , 0.051282 , 0.355148
0.512821 , 0.076923 , 0.353026
0.512821 , 0.102564 , 0.350810
0.512821 , 0.128205 , 0.348765
0.512821 , 0.153846 , 0.346281
0.512821 , 0.179487 , 0.343307
0.512821 , 0.205128 , 0.339869
0.512821 , 0.230769 , 0.336928
0.512821 , 0.256410 , 0.334343
0.512821 , 0.282051 , 0.333145
0.512821 , 0.307692 , 0.332213
0.512821 , 0.333333 , 0.331829
0.512821 , 0.358974 , 0.331091
0.512821 , 0.384615 , 0.330510
0.512821 , 0.410256 , 0.330400
0.512821 , 0.435897 , 0.330083
0.512821 , 0.461538 , 0.329352
0.512821 , 0.487179 , 0.327639
0.512821 , 0.512821 , 0.326377
0.512821 , 0.538462 , 0.325423
0.512821 , 0.564103 , 0.324793
0.512821 , 0.589744 , 0.323618
0.512821 , 0.615385 , 0.321907
0.512821 , 0.641026 , 0.320245
0.512821 , 0.666667 , 0.318381
0.512821 , 0.692308 , 0.315459
0.512821 , 0.717949 , 0.312740
0.512821 , 0.743590 , 0.309278
0.512821 , 0.769231 , 0.305305
0.512821 , 0.794872 , 0.301758
0.512821 , 0.820513 , 0.297269
0.512821 , 0.846154 , 0.292650
0.512821 , 0.871795 , 0.289377
0.512821 , 0.897436 , 0.286683
0.512821 , 0.923077 , 0.283519
0.512821 , 0.948718 , 0.281675
0.512821 , 0.974359 , 0.281083
0.512821 , 1.000000 , 0.280596
0.538462 , 0.000000 , 0.235644
0.538462 , 0.025641 , 0.235767
0.538462 , 0.051282 , 0.233417
0.538462 , 0.076923 , 0.231063
0.538462 , 0.102564 , 0.228221
0.538462 , 0.128205 , 0.225770
0.538462 , 0.153846 , 0.222800
0.538462 , 0.179487 , 0.220067
0.538462 , 0.205128 , 0.217067
0.538462 , 0.230769 , 0.214572
0.538462 , 0.256410 , 0.212781
0.538462 , 0.282051 , 0.211605
0.538462 , 0.307692 , 0.210772
0.538462 , 0.333333 , 0.210491
0.538462 , 0.358974 , 0.210947
0.538462 , 0.384615 , 0.211368
0.538462 , 0.410256 , 0.212298
0.538462 , 0.435897 , 0.213504
0.538462 , 0.461538 , 0.214049
0.538462 , 0.487179 , 0.214843
0.538462 , 0.512821 , 0.216149
0.538462 , 0.538462 , 0.216885
0.538462 , 0.564103 , 0.218001
0.538462 , 0.589744 , 0.218554
0.538462 , 0.615385 , 0.218472
0.538462 , 0.641026 , 0.218915
0.538462 , 0.666667 , 0.218839
0.538462 , 0.692308 , 0.217462
0.538462 , 0.717949 , 0.216308
0.538462 , 0.743590 , 0.214128
0.538462 , 0.769231 , 0.211202
0.538462 , 0.794872 , 0.208977
0.538462 , 0.820513 , 0.205566
0.538462 , 0.846154 , 0.201005
0.538462 , 0.871795 , 0.197708
0.538462 , 0.897436 , 0.195037
0.538462 , 0.923077 , 0.192183
0.538462 , 0.948718 , 0.190714
0.538462 , 0.974359 , 0.190058
0.538462 , 1.000000 , 0.189431
0.564103 , 0.000000 , 0.119553
0.564103 , 0.025641 , 0.119795
0.564103 , 0.051282 , 0.117658
0.564103 , 0.076923 , 0.114786
0.564103 , 0.102564 , 0.111639
0.564103 , 0.128205 , 0.109517
0.564103 , 0.153846 , 0.106452
0.564103 , 0.179487 , 0.103563
0.564103 , 0.205128 , 0.100731
0.564103 , 0.230769 , 0.098622
0.564103 , 0.256410 , 0.097108
0.564103 , 0.282051 , 0.096293
0.564103 , 0.307692 , 0.095664
0.564103 , 0.333333 , 0.096208
0.564103 , 0.358974 , 0.097369
0.564103 , 0.384615 , 0.098626
0.564103 , 0.410256 , 0.100888
0.564103 , 0.435897 , 0.103430
0.564103 , 0.461538 , 0.105527
0.564103 , 0.487179 , 0.108165
0.564103 , 0.512821 , 0.111627
0.564103 , 0.538462 , 0.114434
0.564103 , 0.564103 , 0.117223
0.564103 , 0.589744 , 0.119676
0.564103 , 0.615385 , 0.121488
0.564103 , 0.641026 , 0.124051
0.564103 , 0.666667 , 0.125826
0.564103 , 0.692308 , 0.126184
0.564103 , 0.717949 , 0.126399
0.564103 , 0.743590 , 0.125417
0.564103 , 0.769231 , 0.123656
0.564103 , 0.794872 , 0.122257
0.564103 , 0.820513 , 0.120132
0.564103 , 0.846154 , 0.116676
0.564103 , 0.871795 , 0.112990
0.564103 , 0.897436 , 0.110610
0.564103 , 0.923077 , 0.108255
0.564103 , 0.948718 , 0.106023
0.564103 , 0.974359 , 0.104883
0.564103 , 1.000000 , 0.104512
0.589744 , 0.000000 , 0.010490
0.589744 , 0.025641 , 0.010188
0.589744 , 0.051282 , 0.008510
0.589744 , 0.076923 , 0.005399
0.589744 , 0.102564 , 0.002250
0.589744 , 0.128205 , 0.000173
0.589744 , 0.153846 , -0.003182
0.589744 , 0.179487 , -0.005945
0.589744 , 0.205128 , -0.008199
0.589744 , 0.230769 , -0.010323
0.589744 , 0.256410 , -0.011544
0.589744 , 0.282051 , -0.012648
0.589744 , 0.307692 , -0.013244
0.589744 , 0.333333 , -0.011888
0.589744 , 0.358974 , -0.009784
0.589744 , 0.384615 , -0.007600
0.589744 , 0.410256 , -0.004570
0.589744 , 0.435897 , -0.000365
0.589744 , 0.461538 , 0.003222
0.589744 , 0.487179 , 0.007455
0.589744 , 0.512821 , 0.012734
0.589744 , 0.538462 , 0.017622
0.589744 , 0.564103 , 0.022284
0.589744 , 0.589744 , 0.026684
0.589744 , 0.615385 , 0.030456
0.589744 , 0.641026 , 0.034677
0.589744 , 0.666667 , 0.038071
0.589744 , 0.692308 , 0.039739
0.589744 , 0.717949 , 0.041208
0.589744 , 0.743590 , 0.042589
0.589744 , 0.769231 , 0.042333
0.589744 , 0.794872 , 0.041552
0.589744 , 0.820513 , 0.039759
0.589744 , 0.846154 , 0.037728
0.589744 , 0.871795 , 0.034877
0.589744 , 0.897436 , 0.032131
0.589744 , 0.923077 , 0.029775
0.589744 , 0.948718 , 0.028006
0.589744 , 0.974359 , 0.027133
0.589744 , 1.000000 , 0.026436
0.615385 , 0.000000 , -0.092124
0.615385 , 0.025641 , -0.092833
0.615385 , 0.051282 , -0.094705
0.615385 , 0.076923 , -0.097042
0.615385 , 0.102564 , -0.100579
0.615385 , 0.128205 , -0.102983
0.615385 , 0.153846 , -0.106095
0.615385 , 0.179487 , -0.108248
0.615385 , 0.205128 , -0.109612
0.615385 , 0.230769 , -0.111660
0.615385 , 0.256410 , -0.113460
0.615385 , 0.282051 , -0.114474
0.615385 , 0.307692 , -0.114743
0.615385 , 0.333333 , -0.113311
0.615385 , 0.358974 , -0.110512
0.615385 , 0.384615 , -0.107299
0.615385 , 0.410256 , -0.103384
0.615385 , 0.435897 , -0.097814
0.615385 , 0.461538 , -0.092502
0.615385 , 0.487179 , -0.087122
0.615385 , 0.512821 , -0.080016
0.615385 , 0.538462 , -0.073334
0.615385 , 0.564103 , -0.066935
0.615385 , 0.589744 , -0.060600
0.615385 , 0.615385 , -0.055007
0.615385 , 0.641026 , -0.049254
0.615385 , 0.666667 , -0.044250
0.615385 , 0.692308 , -0.040682
0.615385 , 0.717949 , -0.038122
0.615385 , 0.743590 , -0.035409
0.615385 , 0.769231 , -0.033613
0.615385 , 0.794872 , -0.033331
0.615385 , 0.820513 , -0.034491
0.615385 , 0.846154 , -0.036025
0.615385 , 0.871795 , -0.037401
0.615385 , 0.897436 , -0.039728
0.615385 , 0.923077 , -0.042242
0.615385 , 0.948718 , -0.043524
0.615385 , 0.974359 , -0.043869
0.615385 , 1.000000 , -0.044353
0.641026 , 0.000000 , -0.187685
0.641026 , 0.025641 , -0.188392
0.641026 , 0.051282 , -0.190135
0.641026 , 0.076923 , -0.192316
0.641026 , 0.102564 , -0.196141
0.641026 , 0.128205 , -0.199370
0.641026 , 0.153846 , -0.202113
0.641026 , 0.179487 , -0.203988
0.641026 , 0.205128 , -0.205222
0.641026 , 0.230769 , -0.206662
0.641026 , 0.256410 , -0.208384
0.641026 , 0.282051 , -0.209274
0.641026 , 0.307692 , -0.208549
0.641026 , 0.333333 , -0.206916
0.641026 , 0.358974 , -0.204372
0.641026 , 0.384615 , -0.200611
0.641026 , 0.410256 , -0.195600
0.641026 , 0.435897 , -0.189368
0.641026 , 0.461538 , -0.182058
0.641026 , 0.487179 , -0.174932
0.641026 , 0.512821 , -0.167172
0.641026 , 0.538462 , -0.158896
0.641026 , 0.564103 , -0.151196
0.641026 , 0.589744 , -0.142801
0.641026 , 0.615385 , -0.135177
0.641026 , 0.641026 , -0.127711
0.641026 , 0.666667 , -0.121020
0.641026 , 0.692308 , -0.115792
0.641026 , 0.717949 , -0.111744
0.641026 , 0.743590 , -0.107534
0.641026 , 0.769231 , -0.104589
0.641026 , 0.794872 , -0.103115
0.641026 , 0.820513 , -0.102668
0.641026 , 0.846154 , -0.102872
0.641026 , 0.871795 , -0.103568
0.641026 , 0.897436 , -0.105084
0.641026 , 0.923077 , -0.107437
0.641026 , 0.948718 , -0.108815
0.641026 , 0.974359 , -0.109005
0.641026 , 1.000000 , -0.109261
0.666667 , 0.000000 , -0.276216
0.666667 , 0.025641 , -0.277301
0.666667 , 0.051282 , -0.279264
0.666667 , 0.076923 , -0.281553
0.666667 , 0.102564 , -0.284887
0.666667 , 0.128205 , -0.288633
0.666667 , 0.153846 , -0.291209
0.666667 , 0.179487 , -0.292530
0.666667 , 0.205128 , -0.294252
0.666667 , 0.230769 , -0.295555
0.666667 , 0.256410 , -0.295976
0.666667 , 0.282051 , -0.296323
0.666667 , 0.307692 , -0.295007
0.666667 , 0.333333 , -0.293001
0.666667 , 0.358974 , -0.290553
0.666667 , 0.384615 , -0.286438
0.666667 , 0.410256 , -0.280928
0.666667 , 0.435897 , -0.274045
0.666667 , 0.461538 , -0.265594
0.666667 , 0.487179 , -0.256852
0.666667 , 0.512821 , -0.247630
0.666667 , 0.538462 , -0.238009
0.666667 , 0.564103 , -0.228823
0.666667 , 0.589744 , -0.218660
0.666667 , 0.615385 , -0.209009
0.666667 , 0.641026 , -0.200080
0.666667 , 0.666667 , -0.192081
0.666667 , 0.692308 , -0.185399
0.666667 , 0.717949 , -0.179334
0.666667 , 0.743590 , -0.173436
0.666667 , 0.769231 , -0.170196
0.666667 , 0.794872 , -0.168185
0.666667 , 0.820513 , -0.166415
0.666667 , 0.846154 , -0.165894
0.666667 , 0.871795 , -0.165640
0.666667 , 0.897436 , -0.165948
0.666667 , 0.923077 , -0.167146
0.666667 , 0.948718 , -0.168197
0.666667 , 0.974359 , -0.169024
0.666667 , 1.000000 , -0.168942
0.692308 , 0.000000 , -0.358917
0.692308 , 0.025641 , -0.359624
0.692308 , 0.051282 , -0.361395
0.692308 , 0.076923 , -0.363955
0.692308 , 0.102564 , -0.367054
0.692308 , 0.128205 , -0.370493
0.692308 , 0.153846 , -0.373114
0.692308 , 0.179487 , -0.374407
0.692308 , 0.205128 , -0.375790
0.692308 , 0.230769 , -0.376274
0.692308 , 0.256410 , -0.376140
0.692308 , 0.282051 , -0.376370
0.692308 , 0.307692 , -0.374554
0.692308 , 0.333333 , -0.372036
0.692308 , 0.358974 , -0.369180
0.692308 , 0.384615 , -0.364004
0.692308 , 0.410256 , -0.357666
0.692308 , 0.435897 , -0.350578
0.692308 , 0.461538 , -0.341727
0.692308 , 0.487179 , -0.332061
0.692308 , 0.512821 , -0.321580
0.692308 , 0.538462 , -0.310620
0.692308 , 0.564103 , -0.299611
0.692308 , 0.589744 , -0.288387
0.692308 , 0.615385 , -0.277035
0.692308 , 0.641026 , -0.266842
0.692308 , 0.666667 , -0.258007
0.692308 , 0.692308 , -0.249598
0.692308 , 0.717949 , -0.241287
0.692308 , 0.743590 , -0.233502
0.692308 , 0.769231 , -0.229121
0.692308 , 0.794872 , -0.226019
0.692308 , 0.820513 , -0.223680
0.692308 , 0.846154 , -0.222318
0.692308 , 0.871795 , -0.222123
0.692308 , 0.897436 , -0.221443
0.692308 , 0.923077 , -0.221735
0.692308 , 0.948718 , -0.222597
0.692308 , 0.974359 , -0.223892
0.692308 , 1.000000 , -0.223866
0.717949 , 0.000000 , -0.435221
0.717949 , 0.025641 , -0.435656
0.717949 , 0.051282 , -0.437109
0.717949 , 0.076923 , -0.439477
0.717949 , 0.102564 , -0.442665
0.717949 , 0.128205 , -0.445567
0.717949 , 0.153846 , -0.448137
0.717949 , 0.179487 , -0.449771
0.717949 , 0.205128 , -0.450106
0.717949 , 0.230769 , -0.449748
0.717949 , 0.256410 , -0.449376
0.717949 , 0.282051 , -0.449405
0.717949 , 0.307692 , -0.447897
0.717949 , 0.333333 , -0.445199
0.717949 , 0.358974 , -0.441391
0.717949 , 0.384615 , -0.435205
0.717949 , 0.410256 , -0.427476
0.717949 , 0.435897 , -0.419677
0.717949 , 0.461538 , -0.410633
0.717949 , 0.487179 , -0.400278
0.717949 , 0.512821 , -0.388841
0.717949 , 0.538462 , -0.376421
0.717949 , 0.564103 , -0.364245
0.717949 , 0.589744 , -0.351672
0.717949 , 0.615385 , -0.339917
0.717949 , 0.641026 , -0.328709
0.717949 , 0.666667 , -0.318795
0.717949 , 0.692308 , -0.309063
0.717949 , 0.717949 , -0.299247
0.717949 , 0.743590 , -0.290647
0.717949 , 0.769231 , -0.284040
0.717949 , 0.794872 , -0.279370
0.717949 , 0.820513 , -0.275987
0.717949 , 0.846154 , -0.273391
0.717949 , 0.871795 , -0.272783
0.717949 , 0.897436 , -0.272450
0.717949 , 0.923077 , -0.272148
0.717949 , 0.948718 , -0.272661
0.717949 , 0.974359 , -0.273742
0.717949 , 1.000000 , -0.274589
0.743590 , 0.000000 , -0.503993
0.743590 , 0.025641 , -0.504475
0.743590 , 0.051282 , -0.506083
0.743590 , 0.076923 , -0.508235
0.743590 , 0.102564 , -0.511621
0.743590 , 0.128205 , -0.514165
0.743590 , 0.153846 , -0.516447
0.743590 , 0.179487 , -0.518159
0.743590 , 0.205128 , -0.518172
0.743590 , 0.230769 , -0.517443
0.743590 , 0.256410 , -0.515925
0.743590 , 0.282051 , -0.515549
0.743590 , 0.307692 , -0.514616
0.743590 , 0.333333 , -0.511561
0.743590 , 0.358974 , -0.506812
0.743590 , 0.384615 , -0.500323
0.743590 , 0.410256 , -0.491826
0.743590 , 0.435897 , -0.482913
0.743590 , 0.461538 , -0.473224
0.743590 , 0.487179 , -0.462200
0.743590 , 0.512821 , -0.450139
0.743590 , 0.538462 , -0.437090
0.743590 , 0.564103 , -0.424125
0.743590 , 0.589744 , -0.410702
0.743590 , 0.615385 , -0.397875
0.743590 , 0.641026 , -0.385884
0.743590 , 0.666667 , -0.373901
0.743590 , 0.692308 , -0.363488
0.743590 , 0.717949 , -0.353370
0.743590 , 0.743590 , -0.344656
0.743590 , 0.769231 , -0.336096
0.743590 , 0.794872 , -0.329832
0.743590 , 0.820513 , -0.325319
0.743590 , 0.846154 , -0.321365
0.743590 , 0.871795 , -0.319676
0.743590 , 0.897436 , -0.318157
0.743590 , 0.923077 , -0.316954
0.743590 , 0.948718 , -0.317275
0.743590 , 0.974359 , -0.317806
0.743590 , 1.000000 , -0.317820
0.769231 , 0.000000 , -0.566459
0.769231 , 0.025641 , -0.566438
0.769231 , 0.051282 , -0.567948
0.769231 , 0.076923 , -0.570228
0.769231 , 0.102564 , -0.573139
0.769231 , 0.128205 , -0.574928
0.769231 , 0.153846 , -0.577514
0.769231 , 0.179487 , -0.579516
0.769231 , 0.205128 , -0.580234
0.769231 , 0.230769 , -0.579744
0.769231 , 0.256410 , -0.578415
0.769231 , 0.282051 , -0.577221
0.769231 , 0.307692 , -0.575490
0.769231 , 0.333333 , -0.570488
0.769231 , 0.358974 , -0.564502
0.769231 , 0.384615 , -0.557746
0.769231 , 0.410256 , -0.549798
0.769231 , 0.435897 , -0.539684
0.769231 , 0.461538 , -0.528955
0.769231 , 0.487179 , -0.517512
0.769231 , 0.512821 , -0.505257
0.769231 , 0.538462 , -0.491758
0.769231 , 0.564103 , -0.478524
0.769231 , 0.589744 , -0.465304
0.769231 , 0.615385 , -0.451278
0.769231 , 0.641026 , -0.437642
0.769231 , 0.666667 , -0.424176
0.769231 , 0.692308 , -0.412324
0.769231 , 0.717949 , -0.401748
0.769231 , 0.743590 , -0.391972
0.769231 , 0.769231 , -0.382419
0.769231 , 0.794872 , -0.374858
0.769231 , 0.820513 , -0.369497
0.769231 , 0.846154 , -0.365456
0.769231 , 0.871795 , -0.361937
0.769231 , 0.897436 , -0.359369
0.769231 , 0.923077 , -0.357893
0.769231 , 0.948718 , -0.357626
0.769231 , 0.974359 , -0.358080
0.769231 , 1.000000 , -0.358260
0.794872 , 0.000000 , -0.622107
0.794872 , 0.025641 , -0.621979
0.794872 , 0.051282 , -0.623209
0.794872 , 0.076923 , -0.625320
0.794872 , 0.102564 , -0.628169
0.794872 , 0.128205 , -0.628688
0.794872 , 0.153846 , -0.631497
0.794872 , 0.179487 , -0.633536
0.794872 , 0.205128 , -0.634639
0.794872 , 0.230769 , -0.634218
0.794872 , 0.256410 , -0.633062
0.794872 , 0.282051 , -0.631269
0.794872 , 0.307692 , -0.627755
0.794872 , 0.333333 , -0.622643
0.794872 , 0.358974 , -0.616301
0.794872 , 0.384615 , -0.608813
0.794872 , 0.410256 , -0.600588
0.794872 , 0.435897 , -0.590461
0.794872 , 0.461538 , -0.579089
0.794872 , 0.487179 , -0.566821
0.794872 , 0.512821 , -0.554334
0.794872 , 0.538462 , -0.541331
0.794872 , 0.564103 , -0.527343
0.794872 , 0.589744 , -0.513396
0.794872 , 0.615385 , -0.499213
0.794872 , 0.641026 , -0.484896
0.794872 , 0.666667 , -0.470597
0.794872 , 0.692308 , -0.457311
0.794872 , 0.717949 , -0.445591
0.794872 , 0.743590 , -0.434845
0.794872 , 0.769231 , -0.425169
0.794872 , 0.794872 , -0.417261
0.794872 , 0.820513 , -0.410677
0.794872 , 0.846154 , -0.405938
0.794872 , 0.871795 , -0.401792
0.794872 , 0.897436 , -0.398116
0.794872 , 0.923077 , -0.395800
0.794872 , 0.948718 , -0.395410
0.794872 , 0.974359 , -0.395548
0.794872 , 1.000000 , -0.395399
0.820513 , 0.000000 , -0.670346
0.820513 , 0.025641 , -0.671065
0.820513 , 0.051282 , -0.672481
0.820513 , 0.076923 , -0.673783
0.820513 , 0.102564 , -0.675713
0.820513 , 0.128205 , -0.676348
0.820513 , 0.153846 , -0.678457
0.820513 , 0.179487 , -0.680958
0.820513 , 0.205128 , -0.681065
0.820513 , 0.230769 , -0.680807
0.820513 , 0.256410 , -0.679817
0.820513 , 0.282051 , -0.677188
0.820513 , 0.307692 , -0.672686
0.820513 , 0.333333 , -0.667018
0.820513 , 0.358974 , -0.661116
0.820513 , 0.384615 , -0.652872
0.820513 , 0.410256 , -0.643905
0.820513 , 0.435897 , -0.634035
0.820513 , 0.461538 , -0.622779
0.820513 , 0.487179 , -0.610834
0.820513 , 0.512821 , -0.597691
0.820513 , 0.538462 , -0.584146
0.820513 , 0.564103 , -0.569558
0.820513 , 0.589744 , -0.554397
0.820513 , 0.615385 , -0.539700
0.820513 , 0.641026 , -0.525345
0.820513 , 0.666667 , -0.511221
0.820513 , 0.692308 , -0.496843
0.820513 , 0.717949 , -0.483863
0.820513 , 0.743590 , -0.472149
0.820513 , 0.769231 , -0.462441
0.820513 , 0.794872 , -0.454599
0.820513 , 0.820513 , -0.448623
0.820513 , 0.846154 , -0.442386
0.820513 , 0.871795 , -0.437028
0.820513 , 0.897436 , -0.432979
0.820513 , 0.923077 , -0.430856
0.820513 , 0.948718 , -0.429877
0.820513 , 0.974359 , -0.429756
0.820513 , 1.000000 , -0.429638
0.846154 , 0.000000 , -0.712128
0.846154 , 0.025641 , -0.713210
0.846154 , 0.051282 , -0.714219
0.846154 , 0.076923 , -0.715292
0.846154 , 0.102564 , -0.716659
0.846154 , 0.128205 , -0.717947
0.846154 , 0.153846 , -0.718808
0.846154 , 0.179487 , -0.721047
0.846154 , 0.205128 , -0.721117
0.846154 , 0.230769 , -0.719454
0.846154 , 0.256410 , -0.718702
0.846154 , 0.282051 , -0.715387
0.846154 , 0.307692 , -0.710735
0.846154 , 0.333333 , -0.705371
0.846154 , 0.358974 , -0.699399
0.846154 , 0.384615 , -0.690832
0.846154 , 0.410256 , -0.681366
0.846154 , 0.435897 , -0.670981
0.846154 , 0.461538 , -0.660286
0.846154 , 0.487179 , -0.648205
0.846154 , 0.512821 , -0.634625
0.846154 , 0.538462 , -0.620665
0.846154 , 0.564103 , -0.605873
0.846154 , 0.589744 , -0.590421
0.846154 , 0.615385 , -0.575535
0.846154 , 0.641026 , -0.561079
0.846154 , 0.666667 , -0.547156
0.846154 , 0.692308 , -0.533211
0.846154 , 0.717949 , -0.519576
0.846154 , 0.743590 , -0.507009
0.846154 , 0.769231 , -0.497321
0.846154 , 0.794872 , -0.488740
0.846154 , 0.820513 , -0.481996
0.846154 , 0.846154 , -0.475927
0.846154 , 0.871795 , -0.469365
0.846154 , 0.897436 , -0.464032
0.846154 , 0.923077 , -0.461736
0.846154 , 0.948718 , -0.460285
0.846154 , 0.974359 , -0.459940
0.846154 , 1.000000 , -0.459588
0.871795 , 0.000000 , -0.747587
0.871795 , 0.025641 , -0.747999
0.871795 , 0.051282 , -0.748829
0.871795 , 0.076923 , -0.749453
0.871795 , 0.102564 , -0.750663
0.871795 , 0.128205 , -0.751549
0.871795 , 0.153846 , -0.752130
0.871795 , 0.179487 , -0.753960
0.871795 , 0.205128 , -0.754246
0.871795 , 0.230769 , -0.752188
0.871795 , 0.256410 , -0.750460
0.871795 , 0.282051 , -0.747804
0.871795 , 0.307692 , -0.743249
0.871795 , 0.333333 , -0.737537
0.871795 , 0.358974 , -0.731064
0.871795 , 0.384615 , -0.722807
0.871795 , 0.410256 , -0.713682
0.871795 , 0.435897 , -0.702458
0.871795 , 0.461538 , -0.691880
0.871795 , 0.487179 , -0.680022
0.871795 , 0.512821 , -0.666241
0.871795 , 0.538462 , -0.652107
0.871795 , 0.564103 , -0.637611
0.871795 , 0.589744 , -0.622824
0.871795 , 0.615385 , -0.608242
0.871795 , 0.641026 , -0.593228
0.871795 , 0.666667 , -0.578609
0.871795 , 0.692308 , -0.564326
0.871795 , 0.717949 , -0.551008
0.871795 , 0.743590 , -0.538713
0.871795 , 0.769231 , -0.528281
0.871795 , 0.794872 , -0.518628
0.871795 , 0.820513 , -0.510652
0.871795 , 0.846154 , -0.504667
0.871795 , 0.871795 , -0.498048
0.871795 , 0.897436 , -0.492184
0.871795 , 0.923077 , -0.488947
0.871795 , 0.948718 , -0.486546
0.871795 , 0.974359 , -0.486096
0.871795 , 1.000000 , -0.485639
0.897436 , 0.000000 , -0.776161
0.897436 , 0.025641 , -0.776497
0.897436 , 0.051282 , -0.777116
0.897436 , 0.076923 , -0.777585
0.897436 , 0.102564 , -0.778470
0.897436 , 0.128205 , -0.779013
0.897436 , 0.153846 , -0.778932
0.897436 , 0.179487 , -0.780187
0.897436 , 0.205128 , -0.780515
0.897436 , 0.230769 , -0.778974
0.897436 , 0.256410 , -0.777237
0.897436 , 0.282051 , -0.775339
0.897436 , 0.307692 , -0.770949
0.897436 , 0.333333 , -0.764879
0.897436 , 0.358974 , -0.757493
0.897436 , 0.384615 , -0.748801
0.897436 , 0.410256 , -0.739907
0.897436 , 0.435897 , -0.728757
0.897436 , 0.461538 , -0.717743
0.897436 , 0.487179 , -0.705696
0.897436 , 0.512821 , -0.692059
0.897436 , 0.538462 , -0.678014
0.897436 , 0.564103 , -0.663984
0.897436 , 0.589744 , -0.649631
0.897436 , 0.615385 , -0.635861
0.897436 , 0.641026 , -0.620781
0.897436 , 0.666667 , -0.605648
0.897436 , 0.692308 , -0.591556
0.897436 , 0.717949 , -0.577915
0.897436 , 0.743590 , -0.565094
0.897436 , 0.769231 , -0.553887
0.897436 , 0.794872 , -0.544101
0.897436 , 0.820513 , -0.535737
0.897436 , 0.846154 , -0.528961
0.897436 , 0.871795 , -0.522362
0.897436 , 0.897436 , -0.516423
0.897436 , 0.923077 , -0.512349
0.897436 , 0.948718 , -0.509348
0.897436 , 0.974359 , -0.508081
0.897436 , 1.000000 , -0.507757
0.923077 , 0.000000 , -0.799183
0.923077 , 0.025641 , -0.798774
0.923077 , 0.051282 , -0.799212
0.923077 , 0.076923 , -0.799317
0.923077 , 0.102564 , -0.799968
0.923077 , 0.128205 , -0.799976
0.923077 , 0.153846 , -0.800308
0.923077 , 0.179487 , -0.800637
0.923077 , 0.205128 , -0.800840
0.923077 , 0.230769 , -0.799946
0.923077 , 0.256410 , -0.798290
0.923077 , 0.282051 , -0.795870
0.923077 , 0.307692 , -0.791203
0.923077 , 0.333333 , -0.784977
0.923077 , 0.358974 , -0.777389
0.923077 , 0.384615 , -0.768963
0.923077 , 0.410256 , -0.759669
0.923077 , 0.435897 , -0.748651
0.923077 , 0.461538 , -0.736952
0.923077 , 0.487179 , -0.724819
0.923077 , 0.512821 , -0.711816
0.923077 , 0.538462 , -0.698645
0.923077 , 0.564103 , -0.685018
0.923077 , 0.589744 , -0.670833
0.923077 , 0.615385 , -0.657068
0.923077 , 0.641026 , -0.642883
0.923077 , 0.666667 , -0.627799
0.923077 , 0.692308 , -0.613431
0.923077 , 0.717949 , -0.600001
0.923077 , 0.743590 , -0.586714
0.923077 , 0.769231 , -0.574535
0.923077 , 0.794872 , -0.564250
0.923077 , 0.820513 , -0.555261
0.923077 , 0.846154 , -0.547860
0.923077 , 0.871795 , -0.541379
0.923077 , 0.897436 , -0.534998
0.923077 , 0.923077 , -0.530356
0.923077 , 0.948718 , -0.527424
0.923077 , 0.974359 , -0.525643
0.923077 , 1.000000 , -0.525317
0.948718 , 0.000000 , -0.815238
0.948718 , 0.025641 , -0.815001
0.948718 , 0.051282 , -0.815034
0.948718 , 0.076923 , -0.815331
0.948718 , 0.102564 , -0.815273
0.948718 , 0.128205 , -0.815589
0.948718 , 0.153846 , -0.815811
0.948718 , 0.179487 , -0.815779
0.948718 , 0.205128 , -0.815098
0.948718 , 0.230769 , -0.813561
0.948718 , 0.256410 , -0.811678
0.948718 , 0.282051 , -0.809392
0.948718 , 0.307692 , -0.805164
0.948718 , 0.333333 , -0.798947
0.948718 , 0.358974 , -0.791400
0.948718 , 0.384615 , -0.782919
0.948718 , 0.410256 , -0.773697
0.948718 , 0.435897 , -0.763213
0.948718 , 0.461538 , -0.751315
0.948718 , 0.487179 , -0.738841
0.948718 , 0.512821 , -0.726199
0.948718 , 0.538462 , -0.713186
0.948718 , 0.564103 , -0.699548
0.948718 , 0.589744 , -0.685775
0.948718 , 0.615385 , -0.671742
0.948718 , 0.641026 , -0.657580
0.948718 , 0.666667 , -0.643061
0.948718 , 0.692308 , -0.628837
0.948718 , 0.717949 , -0.614990
0.948718 , 0.743590 , -0.602026
0.948718 , 0.769231 , -0.590123
0.948718 , 0.794872 , -0.579417
0.948718 , 0.820513 , -0.570435
0.948718 , 0.846154 , -0.562396
0.948718 , 0.871795 , -0.555298
0.948718 , 0.897436 , -0.548830
0.948718 , 0.923077 , -0.543958
0.948718 , 0.948718 , -0.540529
0.948718 , 0.974359 , -0.538529
0.948718 , 1.000000 , -0.538152
0.974359 , 0.000000 , -0.824681
0.974359 , 0.025641 , -0.824754
0.974359 , 0.051282 , -0.824717
0.974359 , 0.076923 , -0.825150
0.974359 , 0.102564 , -0.825279
0.974359 , 0.128205 , -0.825243
0.974359 , 0.153846 , -0.825097
0.974359 , 0.179487 , -0.824920
0.974359 , 0.205128 , -0.824030
0.974359 , 0.230769 , -0.821882
0.974359 , 0.256410 , -0.819098
0.974359 , 0.282051 , -0.816442
0.974359 , 0.307692 , -0.812710
0.974359 , 0.333333 , -0.806680
0.974359 , 0.358974 , -0.799581
0.974359 , 0.384615 , -0.791824
0.974359 , 0.410256 , -0.782762
0.974359 , 0.435897 , -0.772173
0.974359 , 0.461538 , -0.760574
0.974359 , 0.487179 , -0.748486
0.974359 , 0.512821 , -0.735744
0.974359 , 0.538462 , -0.722279
0.974359 , 0.564103 , -0.708521
0.974359 , 0.589744 , -0.694729
0.974359 , 0.615385 , -0.680521
0.974359 , 0.641026 , -0.665866
0.974359 , 0.666667 , -0.651581
0.974359 , 0.692308 , -0.637731
0.974359 , 0.717949 , -0.624079
0.974359 , 0.743590 , -0.611228
0.974359 , 0.769231 , -0.599603
0.974359 , 0.794872 , -0.589190
0.974359 , 0.820513 , -0.580378
0.974359 , 0.846154 , -0.572124
0.974359 , 0.871795 , -0.564234
0.974359 , 0.897436 , -0.557719
0.974359 , 0.923077 , -0.552390
0.974359 , 0.948718 , -0.548868
0.974359 , 0.974359 , -0.547059
0.974359 , 1.000000 , -0.546303
1.000000 , 0.000000 , -0.827205
1.000000 , 0.025641 , -0.828083
1.000000 , 0.051282 , -0.828216
1.000000 , 0.076923 , -0.828657
1.000000 , 0.102564 , -0.829120
1.000000 , 0.128205 , -0.828905
1.000000 , 0.153846 , -0.828620
1.000000 , 0.179487 , -0.827803
1.000000 , 0.205128 , -0.826482
1.000000 , 0.230769 , -0.823967
1.000000 , 0.256410 , -0.821259
1.000000 , 0.282051 , -0.818421
1.000000 , 0.307692 , -0.814631
1.000000 , 0.333333 , -0.809124
1.000000 , 0.358974 , -0.802460
1.000000 , 0.384615 , -0.794930
1.000000 , 0.410256 , -0.785522
1.000000 , 0.435897 , -0.774736
1.000000 , 0.461538 , -0.763549
1.000000 , 0.487179 , -0.751710
1.000000 , 0.512821 , -0.738494
1.000000 , 0.538462 , -0.724704
1.000000 , 0.564103 , -0.711002
1.000000 , 0.589744 , -0.697345
1.000000 , 0.615385 , -0.683100
1.000000 , 0.641026 , -0.668536
1.000000 , 0.666667 , -0.654659
1.000000 , 0.692308 , -0.640841
1.000000 , 0.717949 , -0.627464
1.000000 , 0.743590 , -0.615111
1.000000 , 0.769231 , -0.603170
1.000000 , 0.794872 , -0.592552
1.000000 , 0.820513 , -0.583261
1.000000 , 0.846154 , -0.575419
1.000000 , 0.871795 , -0.568187
1.000000 , 0.897436 , -0.560979
1.000000 , 0.923077 , -0.555503
1.000000 , 0.948718 , -0.551647
1.000000 , 0.974359 , -0.549753
1.000000 , 1.000000 , -0.549624
