0.000000 , 0.000000 , 3.719106
0.000000 , 0.025641 , 3.719106
0.000000 , 0.051282 , 3.719106
0.000000 , 0.076923 , 3.719106
0.000000 , 0.102564 , 3.719106
0.000000 , 0.128205 , 3.719106
0.000000 , 0.153846 , 3.719106
0.000000 , 0.179487 , 3.719106
0.000000 , 0.205128 , 3.719106
0.000000 , 0.230769 , 3.719106
0.000000 , 0.256410 , 3.719106
0.000000 , 0.282051 , 3.719106
0.000000 , 0.307692 , 3.719106
0.000000 , 0.333333 , 3.719106
0.000000 , 0.358974 , 3.719106
0.000000 , 0.384615 , 3.719106
0.000000 , 0.410256 , 3.719106
0.000000 , 0.435897 , 3.719106
0.000000 , 0.461538 , 3.719106
0.000000 , 0.487179 , 3.719106
0.000000 , 0.512821 , 3.719106
0.000000 , 0.538462 , 3.719106
0.000000 , 0.564103 , 3.719106
0.000000 , 0.589744 , 3.719106
0.000000 , 0.615385 , 3.719106
0.000000 , 0.641026 , 3.719106
0.000000 , 0.666667 , 3.719106
0.000000 , 0.692308 , 3.719106
0.000000 , 0.717949 , 3.719106
0.000000 , 0.743590 , 3.719106
0.000000 , 0.769231 , 3.719106
0.000000 , 0.794872 , 3.719106
0.000000 , 0.820513 , 3.719106
0.000000 , 0.846154 , 3.719106
0.000000 , 0.871795 , 3.719106
0.000000 , 0.897436 , 3.719106
0.000000 , 0.923077 , 3.719106
0.000000 , 0.948718 , 3.719106
0.000000 , 0.974359 , 3.719106
0.000000 , 1.000000 , 3.719106
0.025641 , 0.000000 , 3.536096
0.025641 , 0.025641 , 3.535815
0.025641 , 0.051282 , 3.536088
0.025641 , 0.076923 , 3.536910
0.025641 , 0.102564 , 3.536688
0.025641 , 0.128205 , 3.535830
0.025641 , 0.153846 , 3.534495
0.025641 , 0.179487 , 3.532508
0.025641 , 0.205128 , 3.529353
0.025641 , 0.230769 , 3.525975
0.025641 , 0.256410 , 3.522569
0.025641 , 0.282051 , 3.519328
0.025641 , 0.307692 , 3.515087
0.025641 , 0.333333 , 3.510280
0.025641 , 0.358974 , 3.505222
0.025641 , 0.384615 , 3.499927
0.025641 , 0.410256 , 3.493878
0.025641 , 0.435897 , 3.487557
0.025641 , 0.461538 , 3.481614
0.025641 , 0.487179 , 3.475710
0.025641 , 0.512821 , 3.469680
0.025641 , 0.538462 , 3.463152
0.025641 , 0.564103 , 3.457715
0.025641 , 0.589744 , 3.451859
0.025641 , 0.615385 , 3.446538
0.025641 , 0.641026 , 3.441498
0.025641 , 0.666667 , 3.436429
0.025641 , 0.692308 , 3.432526
0.025641 , 0.717949 , 3.429136
0.025641 , 0.743590 , 3.425945
0.025641 , 0.769231 , 3.422309
0.025641 , 0.794872 , 3.419794
0.025641 , 0.820513 , 3.417201
0.025641 , 0.846154 , 3.415048
0.025641 , 0.871795 , 3.412480
0.025641 , 0.897436 , 3.410999
0.025641 , 0.923077 , 3.409883
0.025641 , 0.948718 , 3.409292
0.025641 , 0.974359 , 3.408477
0.025641 , 1.000000 , 3.408884
0.051282 , 0.000000 , 3.358503
0.051282 , 0.025641 , 3.358850
0.051282 , 0.051282 , 3.359600
0.051282 , 0.076923 , 3.360520
0.051282 , 0.102564 , 3.360179
0.051282 , 0.128205 , 3.358219
0.051282 , 0.153846 , 3.355388
0.051282 , 0.179487 , 3.351309
0.051282 , 0.205128 , 3.345794
0.051282 , 0.230769 , 3.339050
0.051282 , 0.256410 , 3.331817
0.051282 , 0.282051 , 3.324737
0.051282 , 0.307692 , 3.316543
0.051282 , 0.333333 , 3.307177
0.051282 , 0.358974 , 3.296860
0.051282 , 0.384615 , 3.286079
0.051282 , 0.410256 , 3.274414
0.051282 , 0.435897 , 3.262124
0.051282 , 0.461538 , 3.250517
0.051282 , 0.487179 , 3.238453
0.051282 , 0.512821 , 3.226133
0.051282 , 0.538462 , 3.214204
0.051282 , 0.564103 , 3.203181
0.051282 , 0.589744 , 3.192687
0.051282 , 0.615385 , 3.181195
0.051282 , 0.641026 , 3.170978
0.051282 , 0.666667 , 3.161757
0.051282 , 0.692308 , 3.153460
0.051282 , 0.717949 , 3.146479
0.051282 , 0.743590 , 3.139421
0.051282 , 0.769231 , 3.132752
0.051282 , 0.794872 , 3.127894
0.051282 , 0.820513 , 3.122572
0.051282 , 0.846154 , 3.117542
0.051282 , 0.871795 , 3.113044
0.051282 , 0.897436 , 3.109910
0.051282 , 0.923077 , 3.107784
0.051282 , 0.948718 , 3.105961
0.051282 , 0.974359 , 3.105068
0.051282 , 1.000000 , 3.104852
0.076923 , 0.000000 , 3.190320
0.076923 , 0.025641 , 3.189672
0.076923 , 0.051282 , 3.189787
0.076923 , 0.076923 , 3.189953
0.076923 , 0.102564 , 3.188320
0.076923 , 0.128205 , 3.185730
0.076923 , 0.153846 , 3.181357
0.076923 , 0.179487 , 3.175084
0.076923 , 0.205128 , 3.167097
0.076923 , 0.230769 , 3.157673
0.076923 , 0.256410 , 3.147838
0.076923 , 0.282051 , 3.136142
0.076923 , 0.307692 , 3.123669
0.076923 , 0.333333 , 3.110259
0.076923 , 0.358974 , 3.094942
0.076923 , 0.384615 , 3.079092
0.076923 , 0.410256 , 3.061455
0.076923 , 0.435897 , 3.043535
0.076923 , 0.461538 , 3.025812
0.076923 , 0.487179 , 3.007758
0.076923 , 0.512821 , 2.989547
0.076923 , 0.538462 , 2.972003
0.076923 , 0.564103 , 2.955282
0.076923 , 0.589744 , 2.939737
0.076923 , 0.615385 , 2.923044
0.076923 , 0.641026 , 2.907354
0.076923 , 0.666667 , 2.894118
0.076923 , 0.692308 , 2.882549
0.076923 , 0.717949 , 2.871182
0.076923 , 0.743590 , 2.860895
0.076923 , 0.769231 , 2.850209
0.076923 , 0.794872 , 2.842062
0.076923 , 0.820513 , 2.835113
0.076923 , 0.846154 , 2.828036
0.076923 , 0.871795 , 2.821075
0.076923 , 0.897436 , 2.815619
0.076923 , 0.923077 , 2.812901
0.076923 , 0.948718 , 2.810652
0.076923 , 0.974359 , 2.809053
0.076923 , 1.000000 , 2.808666
0.102564 , 0.000000 , 3.028059
0.102564 , 0.025641 , 3.027821
0.102564 , 0.051282 , 3.027160
0.102564 , 0.076923 , 3.026006
0.102564 , 0.102564 , 3.023013
0.102564 , 0.128205 , 3.018602
0.102564 , 0.153846 , 3.013003
0.102564 , 0.179487 , 3.005366
0.102564 , 0.205128 , 2.994908
0.102564 , 0.230769 , 2.982698
0.102564 , 0.256410 , 2.969955
0.102564 , 0.282051 , 2.954719
0.102564 , 0.307692 , 2.937595
0.102564 , 0.333333 , 2.919056
0.102564 , 0.358974 , 2.899101
0.102564 , 0.384615 , 2.878478
0.102564 , 0.410256 , 2.856436
0.102564 , 0.435897 , 2.832699
0.102564 , 0.461538 , 2.808526
0.102564 , 0.487179 , 2.784590
0.102564 , 0.512821 , 2.761562
0.102564 , 0.538462 , 2.738372
0.102564 , 0.564103 , 2.716138
0.102564 , 0.589744 , 2.694691
0.102564 , 0.615385 , 2.673237
0.102564 , 0.641026 , 2.652368
0.102564 , 0.666667 , 2.633651
0.102564 , 0.692308 , 2.617601
0.102564 , 0.717949 , 2.602194
0.102564 , 0.743590 , 2.588291
0.102564 , 0.769231 , 2.574852
0.102564 , 0.794872 , 2.563220
0.102564 , 0.820513 , 2.553519
0.102564 , 0.846154 , 2.544486
0.102564 , 0.871795 , 2.535623
0.102564 , 0.897436 , 2.528430
0.102564 , 0.923077 , 2.524482
0.102564 , 0.948718 , 2.521804
0.102564 , 0.974359 , 2.519715
0.102564 , 1.000000 , 2.518904
0.128205 , 0.000000 , 2.870317
0.128205 , 0.025641 , 2.870378
0.128205 , 0.051282 , 2.869375
0.128205 , 0.076923 , 2.867583
0.128205 , 0.102564 , 2.864228
0.128205 , 0.128205 , 2.858938
0.128205 , 0.153846 , 2.851454
0.128205 , 0.179487 , 2.841983
0.128205 , 0.205128 , 2.829474
0.128205 , 0.230769 , 2.815103
0.128205 , 0.256410 , 2.798769
0.128205 , 0.282051 , 2.780224
0.128205 , 0.307692 , 2.759096
0.128205 , 0.333333 , 2.735310
0.128205 , 0.358974 , 2.710214
0.128205 , 0.384615 , 2.684417
0.128205 , 0.410256 , 2.657846
0.128205 , 0.435897 , 2.628682
0.128205 , 0.461538 , 2.598822
0.128205 , 0.487179 , 2.569475
0.128205 , 0.512821 , 2.540673
0.128205 , 0.538462 , 2.512298
0.128205 , 0.564103 , 2.484216
0.128205 , 0.589744 , 2.456957
0.128205 , 0.615385 , 2.429978
0.128205 , 0.641026 , 2.404546
0.128205 , 0.666667 , 2.380789
0.128205 , 0.692308 , 2.360155
0.128205 , 0.717949 , 2.340335
0.128205 , 0.743590 , 2.322370
0.128205 , 0.769231 , 2.305786
0.128205 , 0.794872 , 2.291390
0.128205 , 0.820513 , 2.277971
0.128205 , 0.846154 , 2.267397
0.128205 , 0.871795 , 2.257553
0.128205 , 0.897436 , 2.248640
0.128205 , 0.923077 , 2.243385
0.128205 , 0.948718 , 2.240426
0.128205 , 0.974359 , 2.238224
0.128205 , 1.000000 , 2.238127
0.153846 , 0.000000 , 2.718730
0.153846 , 0.025641 , 2.718885
0.153846 , 0.051282 , 2.718214
0.153846 , 0.076923 , 2.716041
0.153846 , 0.102564 , 2.711659
0.153846 , 0.128205 , 2.705326
0.153846 , 0.153846 , 2.696219
0.153846 , 0.179487 , 2.684782
0.153846 , 0.205128 , 2.670275
0.153846 , 0.230769 , 2.653575
0.153846 , 0.256410 , 2.634248
0.153846 , 0.282051 , 2.611813
0.153846 , 0.307692 , 2.586861
0.153846 , 0.333333 , 2.559142
0.153846 , 0.358974 , 2.529804
0.153846 , 0.384615 , 2.498628
0.153846 , 0.410256 , 2.466292
0.153846 , 0.435897 , 2.432158
0.153846 , 0.461538 , 2.397483
0.153846 , 0.487179 , 2.362673
0.153846 , 0.512821 , 2.328183
0.153846 , 0.538462 , 2.294065
0.153846 , 0.564103 , 2.259910
0.153846 , 0.589744 , 2.226991
0.153846 , 0.615385 , 2.194972
0.153846 , 0.641026 , 2.164706
0.153846 , 0.666667 , 2.136244
0.153846 , 0.692308 , 2.111250
0.153846 , 0.717949 , 2.087198
0.153846 , 0.743590 , 2.064837
0.153846 , 0.769231 , 2.044957
0.153846 , 0.794872 , 2.027230
0.153846 , 0.820513 , 2.011336
0.153846 , 0.846154 , 1.997078
0.153846 , 0.871795 , 1.985649
0.153846 , 0.897436 , 1.976569
0.153846 , 0.923077 , 1.969599
0.153846 , 0.948718 , 1.966000
0.153846 , 0.974359 , 1.963182
0.153846 , 1.000000 , 1.962944
0.179487 , 0.000000 , 2.575001
0.179487 , 0.025641 , 2.575501
0.179487 , 0.051282 , 2.574593
0.179487 , 0.076923 , 2.572588
0.179487 , 0.102564 , 2.566899
0.179487 , 0.128205 , 2.558794
0.179487 , 0.153846 , 2.548112
0.179487 , 0.179487 , 2.534525
0.179487 , 0.205128 , 2.518062
0.179487 , 0.230769 , 2.498197
0.179487 , 0.256410 , 2.475098
0.179487 , 0.282051 , 2.449483
0.179487 , 0.307692 , 2.420577
0.179487 , 0.333333 , 2.389149
0.179487 , 0.358974 , 2.355681
0.179487 , 0.384615 , 2.319742
0.179487 , 0.410256 , 2.282102
0.179487 , 0.435897 , 2.243138
0.179487 , 0.461538 , 2.203830
0.179487 , 0.487179 , 2.163607
0.179487 , 0.512821 , 2.123820
0.179487 , 0.538462 , 2.083682
0.179487 , 0.564103 , 2.044037
0.179487 , 0.589744 , 2.005642
0.179487 , 0.615385 , 1.968543
0.179487 , 0.641026 , 1.933703
0.179487 , 0.666667 , 1.900654
0.179487 , 0.692308 , 1.870930
0.179487 , 0.717949 , 1.843017
0.179487 , 0.743590 , 1.816371
0.179487 , 0.769231 , 1.792090
0.179487 , 0.794872 , 1.769846
0.179487 , 0.820513 , 1.751476
0.179487 , 0.846154 , 1.735668
0.179487 , 0.871795 , 1.722937
0.179487 , 0.897436 , 1.712916
0.179487 , 0.923077 , 1.703548
0.179487 , 0.948718 , 1.698048
0.179487 , 0.974359 , 1.695333
0.179487 , 1.000000 , 1.694514
0.205128 , 0.000000 , 2.439736
0.205128 , 0.025641 , 2.440233
0.205128 , 0.051282 , 2.439629
0.205128 , 0.076923 , 2.436215
0.205128 , 0.102564 , 2.429602
0.205128 , 0.128205 , 2.419445
0.205128 , 0.153846 , 2.406749
0.205128 , 0.179487 , 2.390738
0.205128 , 0.205128 , 2.371694
0.205128 , 0.230769 , 2.349211
0.205128 , 0.256410 , 2.322261
0.205128 , 0.282051 , 2.293014
0.205128 , 0.307692 , 2.261138
0.205128 , 0.333333 , 2.225644
0.205128 , 0.358974 , 2.187943
0.205128 , 0.384615 , 2.146687
0.205128 , 0.410256 , 2.104473
0.205128 , 0.435897 , 2.061340
0.205128 , 0.461538 , 2.017298
0.205128 , 0.487179 , 1.971605
0.205128 , 0.512821 , 1.926138
0.205128 , 0.538462 , 1.880784
0.205128 , 0.564103 , 1.835861
0.205128 , 0.589744 , 1.792154
0.205128 , 0.615385 , 1.749430
0.205128 , 0.641026 , 1.709487
0.205128 , 0.666667 , 1.672403
0.205128 , 0.692308 , 1.638824
0.205128 , 0.717949 , 1.606767
0.205128 , 0.743590 , 1.575737
0.205128 , 0.769231 , 1.547242
0.205128 , 0.794872 , 1.521267
0.205128 , 0.820513 , 1.499379
0.205128 , 0.846154 , 1.481451
0.205128 , 0.871795 , 1.466788
0.205128 , 0.897436 , 1.454562
0.205128 , 0.923077 , 1.444260
0.205128 , 0.948718 , 1.437735
0.205128 , 0.974359 , 1.435096
0.205128 , 1.000000 , 1.434350
0.230769 , 0.000000 , 2.314585
0.230769 , 0.025641 , 2.314090
0.230769 , 0.051282 , 2.312595
0.230769 , 0.076923 , 2.307602
0.230769 , 0.102564 , 2.299655
0.230769 , 0.128205 , 2.287951
0.230769 , 0.153846 , 2.272668
0.230769 , 0.179487 , 2.253788
0.230769 , 0.205128 , 2.232266
0.230769 , 0.230769 , 2.206515
0.230769 , 0.256410 , 2.176817
0.230769 , 0.282051 , 2.143968
0.230769 , 0.307692 , 2.108391
0.230769 , 0.333333 , 2.068841
0.230769 , 0.358974 , 2.026636
0.230769 , 0.384615 , 1.980975
0.230769 , 0.410256 , 1.934255
0.230769 , 0.435897 , 1.886303
0.230769 , 0.461538 , 1.837458
0.230769 , 0.487179 , 1.786709
0.230769 , 0.512821 , 1.735394
0.230769 , 0.538462 , 1.684689
0.230769 , 0.564103 , 1.634851
0.230769 , 0.589744 , 1.586211
0.230769 , 0.615385 , 1.538317
0.230769 , 0.641026 , 1.493508
0.230769 , 0.666667 , 1.452183
0.230769 , 0.692308 , 1.414202
0.230769 , 0.717949 , 1.377456
0.230769 , 0.743590 , 1.343188
0.230769 , 0.769231 , 1.311122
0.230769 , 0.794872 , 1.281724
0.230769 , 0.820513 , 1.256487
0.230769 , 0.846154 , 1.235129
0.230769 , 0.871795 , 1.217687
0.230769 , 0.897436 , 1.202996
0.230769 , 0.923077 , 1.192167
0.230769 , 0.948718 , 1.184932
0.230769 , 0.974359 , 1.181983
0.230769 , 1.000000 , 1.182171
0.256410 , 0.000000 , 2.198174
0.256410 , 0.025641 , 2.196970
0.256410 , 0.051282 , 2.193516
0.256410 , 0.076923 , 2.187472
0.256410 , 0.102564 , 2.177531
0.256410 , 0.128205 , 2.164498
0.256410 , 0.153846 , 2.146716
0.256410 , 0.179487 , 2.125129
0.256410 , 0.205128 , 2.100188
0.256410 , 0.230769 , 2.071135
0.256410 , 0.256410 , 2.037927
0.256410 , 0.282051 , 2.002577
0.256410 , 0.307692 , 1.963041
0.256410 , 0.333333 , 1.919360
0.256410 , 0.358974 , 1.872928
0.256410 , 0.384615 , 1.822952
0.256410 , 0.410256 , 1.771435
0.256410 , 0.435897 , 1.718390
0.256410 , 0.461538 , 1.664533
0.256410 , 0.487179 , 1.609191
0.256410 , 0.512821 , 1.552519
0.256410 , 0.538462 , 1.496129
0.256410 , 0.564103 , 1.440756
0.256410 , 0.589744 , 1.387055
0.256410 , 0.615385 , 1.334766
0.256410 , 0.641026 , 1.285259
0.256410 , 0.666667 , 1.239342
0.256410 , 0.692308 , 1.196305
0.256410 , 0.717949 , 1.155867
0.256410 , 0.743590 , 1.117683
0.256410 , 0.769231 , 1.082230
0.256410 , 0.794872 , 1.050363
0.256410 , 0.820513 , 1.021892
0.256410 , 0.846154 , 0.997046
0.256410 , 0.871795 , 0.975740
0.256410 , 0.897436 , 0.958915
0.256410 , 0.923077 , 0.946996
0.256410 , 0.948718 , 0.939358
0.256410 , 0.974359 , 0.935544
0.256410 , 1.000000 , 0.934849
0.282051 , 0.000000 , 2.087932
0.282051 , 0.025641 , 2.086782
0.282051 , 0.051282 , 2.082259
0.282051 , 0.076923 , 2.074946
0.282051 , 0.102564 , 2.063743
0.282051 , 0.128205 , 2.048729
0.282051 , 0.153846 , 2.029294
0.282051 , 0.179487 , 2.005311
0.282051 , 0.205128 , 1.977340
0.282051 , 0.230769 , 1.944397
0.282051 , 0.256410 , 1.907562
0.282051 , 0.282051 , 1.868588
0.282051 , 0.307692 , 1.825344
0.282051 , 0.333333 , 1.777405
0.282051 , 0.358974 , 1.726642
0.282051 , 0.384615 , 1.672539
0.282051 , 0.410256 , 1.615809
0.282051 , 0.435897 , 1.557509
0.282051 , 0.461538 , 1.498192
0.282051 , 0.487179 , 1.438119
0.282051 , 0.512821 , 1.376779
0.282051 , 0.538462 , 1.315149
0.282051 , 0.564103 , 1.254796
0.282051 , 0.589744 , 1.196500
0.282051 , 0.615385 , 1.139486
0.282051 , 0.641026 , 1.085126
0.282051 , 0.666667 , 1.034320
0.282051 , 0.692308 , 0.986532
0.282051 , 0.717949 , 0.941257
0.282051 , 0.743590 , 0.898787
0.282051 , 0.769231 , 0.859623
0.282051 , 0.794872 , 0.824997
0.282051 , 0.820513 , 0.793760
0.282051 , 0.846154 , 0.765382
0.282051 , 0.871795 , 0.741207
0.282051 , 0.897436 , 0.722257
0.282051 , 0.923077 , 0.708639
0.282051 , 0.948718 , 0.699834
0.282051 , 0.974359 , 0.695761
0.282051 , 1.000000 , 0.694293
0.307692 , 0.000000 , 1.986925
0.307692 , 0.025641 , 1.985403
0.307692 , 0.051282 , 1.979860
0.307692 , 0.076923 , 1.970962
0.307692 , 0.102564 , 1.958472
0.307692 , 0.128205 , 1.941617
0.307692 , 0.153846 , 1.919765
0.307692 , 0.179487 , 1.893464
0.307692 , 0.205128 , 1.862570
0.307692 , 0.230769 , 1.826542
0.307692 , 0.256410 , 1.786323
0.307692 , 0.282051 , 1.742960
0.307692 , 0.307692 , 1.695212
0.307692 , 0.333333 , 1.642768
0.307692 , 0.358974 , 1.587421
0.307692 , 0.384615 , 1.528583
0.307692 , 0.410256 , 1.467437
0.307692 , 0.435897 , 1.404293
0.307692 , 0.461538 , 1.339858
0.307692 , 0.487179 , 1.274456
0.307692 , 0.512821 , 1.208251
0.307692 , 0.538462 , 1.141881
0.307692 , 0.564103 , 1.076790
0.307692 , 0.589744 , 1.012921
0.307692 , 0.615385 , 0.951048
0.307692 , 0.641026 , 0.891631
0.307692 , 0.666667 , 0.835461
0.307692 , 0.692308 , 0.782460
0.307692 , 0.717949 , 0.732656
0.307692 , 0.743590 , 0.685778
0.307692 , 0.769231 , 0.642477
0.307692 , 0.794872 , 0.603983
0.307692 , 0.820513 , 0.570374
0.307692 , 0.846154 , 0.539882
0.307692 , 0.871795 , 0.513511
0.307692 , 0.897436 , 0.492091
0.307692 , 0.923077 , 0.476787
0.307692 , 0.948718 , 0.466932
0.307692 , 0.974359 , 0.461812
0.307692 , 1.000000 , 0.460964
0.333333 , 0.000000 , 1.897004
0.333333 , 0.025641 , 1.894860
0.333333 , 0.051282 , 1.888431
0.333333 , 0.076923 , 1.877655
0.333333 , 0.102564 , 1.862975
0.333333 , 0.128205 , 1.844213
0.333333 , 0.153846 , 1.819361
0.333333 , 0.179487 , 1.790034
0.333333 , 0.205128 , 1.755643
0.333333 , 0.230769 , 1.716267
0.333333 , 0.256410 , 1.672627
0.333333 , 0.282051 , 1.624324
0.333333 , 0.307692 , 1.572171
0.333333 , 0.333333 , 1.515347
0.333333 , 0.358974 , 1.455461
0.333333 , 0.384615 , 1.392156
0.333333 , 0.410256 , 1.326166
0.333333 , 0.435897 , 1.258197
0.333333 , 0.461538 , 1.188740
0.333333 , 0.487179 , 1.118084
0.333333 , 0.512821 , 1.046616
0.333333 , 0.538462 , 0.975632
0.333333 , 0.564103 , 0.905535
0.333333 , 0.589744 , 0.836720
0.333333 , 0.615385 , 0.769419
0.333333 , 0.641026 , 0.704920
0.333333 , 0.666667 , 0.643352
0.333333 , 0.692308 , 0.584674
0.333333 , 0.717949 , 0.530069
0.333333 , 0.743590 , 0.479271
0.333333 , 0.769231 , 0.432155
0.333333 , 0.794872 , 0.389643
0.333333 , 0.820513 , 0.351795
0.333333 , 0.846154 , 0.319291
0.333333 , 0.871795 , 0.291220
0.333333 , 0.897436 , 0.268102
0.333333 , 0.923077 , 0.251631
0.333333 , 0.948718 , 0.240778
0.333333 , 0.974359 , 0.233930
0.333333 , 1.000000 , 0.232644
0.358974 , 0.000000 , 1.817180
0.358974 , 0.025641 , 1.814600
0.358974 , 0.051282 , 1.807189
0.358974 , 0.076923 , 1.795088
0.358974 , 0.102564 , 1.777991
0.358974 , 0.128205 , 1.756379
0.358974 , 0.153846 , 1.729070
0.358974 , 0.179487 , 1.696146
0.358974 , 0.205128 , 1.658215
0.358974 , 0.230769 , 1.615464
0.358974 , 0.256410 , 1.568228
0.358974 , 0.282051 , 1.515192
0.358974 , 0.307692 , 1.457451
0.358974 , 0.333333 , 1.396123
0.358974 , 0.358974 , 1.330909
0.358974 , 0.384615 , 1.262921
0.358974 , 0.410256 , 1.192158
0.358974 , 0.435897 , 1.118799
0.358974 , 0.461538 , 1.044270
0.358974 , 0.487179 , 0.968722
0.358974 , 0.512821 , 0.892401
0.358974 , 0.538462 , 0.816360
0.358974 , 0.564103 , 0.741057
0.358974 , 0.589744 , 0.666595
0.358974 , 0.615385 , 0.594361
0.358974 , 0.641026 , 0.524369
0.358974 , 0.666667 , 0.456837
0.358974 , 0.692308 , 0.393348
0.358974 , 0.717949 , 0.333715
0.358974 , 0.743590 , 0.278040
0.358974 , 0.769231 , 0.227215
0.358974 , 0.794872 , 0.180988
0.358974 , 0.820513 , 0.139699
0.358974 , 0.846154 , 0.103761
0.358974 , 0.871795 , 0.073599
0.358974 , 0.897436 , 0.048654
0.358974 , 0.923077 , 0.031156
0.358974 , 0.948718 , 0.018577
0.358974 , 0.974359 , 0.010791
0.358974 , 1.000000 , 0.008140
0.384615 , 0.000000 , 1.747788
0.384615 , 0.025641 , 1.745207
0.384615 , 0.051282 , 1.736673
0.384615 , 0.076923 , 1.723091
0.384615 , 0.102564 , 1.703774
0.384615 , 0.128205 , 1.679279
0.384615 , 0.153846 , 1.649595
0.384615 , 0.179487 , 1.613789
0.384615 , 0.205128 , 1.572075
0.384615 , 0.230769 , 1.525005
0.384615 , 0.256410 , 1.473155
0.384615 , 0.282051 , 1.415419
0.384615 , 0.307692 , 1.352195
0.384615 , 0.333333 , 1.285820
0.384615 , 0.358974 , 1.215553
0.384615 , 0.384615 , 1.141569
0.384615 , 0.410256 , 1.065752
0.384615 , 0.435897 , 0.987398
0.384615 , 0.461538 , 0.907240
0.384615 , 0.487179 , 0.825897
0.384615 , 0.512821 , 0.744426
0.384615 , 0.538462 , 0.662931
0.384615 , 0.564103 , 0.582151
0.384615 , 0.589744 , 0.502322
0.384615 , 0.615385 , 0.424694
0.384615 , 0.641026 , 0.349466
0.384615 , 0.666667 , 0.277183
0.384615 , 0.692308 , 0.208304
0.384615 , 0.717949 , 0.142946
0.384615 , 0.743590 , 0.081808
0.384615 , 0.769231 , 0.026200
0.384615 , 0.794872 , -0.024047
0.384615 , 0.820513 , -0.068357
0.384615 , 0.846154 , -0.107139
0.384615 , 0.871795 , -0.139381
0.384615 , 0.897436 , -0.166700
0.384615 , 0.923077 , -0.186582
0.384615 , 0.948718 , -0.200900
0.384615 , 0.974359 , -0.209912
0.384615 , 1.000000 , -0.213016
0.410256 , 0.000000 , 1.689520
0.410256 , 0.025641 , 1.687044
0.410256 , 0.051282 , 1.678187
0.410256 , 0.076923 , 1.662929
0.410256 , 0.102564 , 1.641324
0.410256 , 0.128205 , 1.613367
0.410256 , 0.153846 , 1.580824
0.410256 , 0.179487 , 1.542057
0.410256 , 0.205128 , 1.496556
0.410256 , 0.230769 , 1.445174
0.410256 , 0.256410 , 1.387672
0.410256 , 0.282051 , 1.324133
0.410256 , 0.307692 , 1.255653
0.410256 , 0.333333 , 1.184050
0.410256 , 0.358974 , 1.108780
0.410256 , 0.384615 , 1.029635
0.410256 , 0.410256 , 0.947998
0.410256 , 0.435897 , 0.863609
0.410256 , 0.461538 , 0.777265
0.410256 , 0.487179 , 0.690166
0.410256 , 0.512821 , 0.602440
0.410256 , 0.538462 , 0.515384
0.410256 , 0.564103 , 0.428583
0.410256 , 0.589744 , 0.343452
0.410256 , 0.615385 , 0.260007
0.410256 , 0.641026 , 0.178755
0.410256 , 0.666667 , 0.101354
0.410256 , 0.692308 , 0.027468
0.410256 , 0.717949 , -0.043604
0.410256 , 0.743590 , -0.110140
0.410256 , 0.769231 , -0.170251
0.410256 , 0.794872 , -0.224601
0.410256 , 0.820513 , -0.273006
0.410256 , 0.846154 , -0.314718
0.410256 , 0.871795 , -0.349953
0.410256 , 0.897436 , -0.379282
0.410256 , 0.923077 , -0.401842
0.410256 , 0.948718 , -0.417996
0.410256 , 0.974359 , -0.427679
0.410256 , 1.000000 , -0.430764
0.435897 , 0.000000 , 1.643947
0.435897 , 0.025641 , 1.640933
0.435897 , 0.051282 , 1.630621
0.435897 , 0.076923 , 1.614045
0.435897 , 0.102564 , 1.590748
0.435897 , 0.128205 , 1.560255
0.435897 , 0.153846 , 1.523329
0.435897 , 0.179487 , 1.480541
0.435897 , 0.205128 , 1.431125
0.435897 , 0.230769 , 1.374775
0.435897 , 0.256410 , 1.312225
0.435897 , 0.282051 , 1.243189
0.435897 , 0.307692 , 1.168975
0.435897 , 0.333333 , 1.091811
0.435897 , 0.358974 , 1.010886
0.435897 , 0.384615 , 0.925632
0.435897 , 0.410256 , 0.838131
0.435897 , 0.435897 , 0.748180
0.435897 , 0.461538 , 0.655623
0.435897 , 0.487179 , 0.562031
0.435897 , 0.512821 , 0.467822
0.435897 , 0.538462 , 0.373778
0.435897 , 0.564103 , 0.280671
0.435897 , 0.589744 , 0.189054
0.435897 , 0.615385 , 0.099437
0.435897 , 0.641026 , 0.012315
0.435897 , 0.666667 , -0.071004
0.435897 , 0.692308 , -0.150160
0.435897 , 0.717949 , -0.226174
0.435897 , 0.743590 , -0.297644
0.435897 , 0.769231 , -0.362333
0.435897 , 0.794872 , -0.420920
0.435897 , 0.820513 , -0.473395
0.435897 , 0.846154 , -0.519141
0.435897 , 0.871795 , -0.557254
0.435897 , 0.897436 , -0.589205
0.435897 , 0.923077 , -0.613949
0.435897 , 0.948718 , -0.631587
0.435897 , 0.974359 , -0.641900
0.435897 , 1.000000 , -0.645093
0.461538 , 0.000000 , 1.610518
0.461538 , 0.025641 , 1.607147
0.461538 , 0.051282 , 1.595100
0.461538 , 0.076923 , 1.576752
0.461538 , 0.102564 , 1.551711
0.461538 , 0.128205 , 1.518727
0.461538 , 0.153846 , 1.477641
0.461538 , 0.179487 , 1.430445
0.461538 , 0.205128 , 1.376425
0.461538 , 0.230769 , 1.315241
0.461538 , 0.256410 , 1.247117
0.461538 , 0.282051 , 1.173190
0.461538 , 0.307692 , 1.093453
0.461538 , 0.333333 , 1.010071
0.461538 , 0.358974 , 0.922795
0.461538 , 0.384615 , 0.831535
0.461538 , 0.410256 , 0.736743
0.461538 , 0.435897 , 0.640023
0.461538 , 0.461538 , 0.541540
0.461538 , 0.487179 , 0.441005
0.461538 , 0.512821 , 0.339376
0.461538 , 0.538462 , 0.237842
0.461538 , 0.564103 , 0.137871
0.461538 , 0.589744 , 0.039572
0.461538 , 0.615385 , -0.056709
0.461538 , 0.641026 , -0.150228
0.461538 , 0.666667 , -0.239664
0.461538 , 0.692308 , -0.325084
0.461538 , 0.717949 , -0.406013
0.461538 , 0.743590 , -0.482339
0.461538 , 0.769231 , -0.552006
0.461538 , 0.794872 , -0.615615
0.461538 , 0.820513 , -0.671863
0.461538 , 0.846154 , -0.720956
0.461538 , 0.871795 , -0.762389
0.461538 , 0.897436 , -0.797018
0.461538 , 0.923077 , -0.824327
0.461538 , 0.948718 , -0.843341
0.461538 , 0.974359 , -0.854239
0.461538 , 1.000000 , -0.857461
0.487179 , 0.000000 , 1.589845
0.487179 , 0.025641 , 1.586045
0.487179 , 0.051282 , 1.573073
0.487179 , 0.076923 , 1.552701
0.487179 , 0.102564 , 1.524958
0.487179 , 0.128205 , 1.488901
0.487179 , 0.153846 , 1.443791
0.487179 , 0.179487 , 1.391907
0.487179 , 0.205128 , 1.334059
0.487179 , 0.230769 , 1.268057
0.487179 , 0.256410 , 1.194720
0.487179 , 0.282051 , 1.115226
0.487179 , 0.307692 , 1.029631
0.487179 , 0.333333 , 0.939698
0.487179 , 0.358974 , 0.844884
0.487179 , 0.384615 , 0.746270
0.487179 , 0.410256 , 0.644370
0.487179 , 0.435897 , 0.540143
0.487179 , 0.461538 , 0.433599
0.487179 , 0.487179 , 0.325847
0.487179 , 0.512821 , 0.216497
0.487179 , 0.538462 , 0.107409
0.487179 , 0.564103 , 0.000057
0.487179 , 0.589744 , -0.105388
0.487179 , 0.615385 , -0.208666
0.487179 , 0.641026 , -0.308846
0.487179 , 0.666667 , -0.404901
0.487179 , 0.692308 , -0.496699
0.487179 , 0.717949 , -0.583756
0.487179 , 0.743590 , -0.665018
0.487179 , 0.769231 , -0.739685
0.487179 , 0.794872 , -0.808137
0.487179 , 0.820513 , -0.869159
0.487179 , 0.846154 , -0.921654
0.487179 , 0.871795 , -0.966384
0.487179 , 0.897436 , -1.003188
0.487179 , 0.923077 , -1.032567
0.487179 , 0.948718 , -1.052956
0.487179 , 0.974359 , -1.065029
0.487179 , 1.000000 , -1.068489
0.512821 , 0.000000 , 1.583981
0.512821 , 0.025641 , 1.579514
0.512821 , 0.051282 , 1.565135
0.512821 , 0.076923 , 1.542440
0.512821 , 0.102564 , 1.512069
0.512821 , 0.128205 , 1.472176
0.512821 , 0.153846 , 1.423945
0.512821 , 0.179487 , 1.367383
0.512821 , 0.205128 , 1.304551
0.512821 , 0.230769 , 1.233057
0.512821 , 0.256410 , 1.154514
0.512821 , 0.282051 , 1.069352
0.512821 , 0.307692 , 0.977135
0.512821 , 0.333333 , 0.879962
0.512821 , 0.358974 , 0.777812
0.512821 , 0.384615 , 0.671507
0.512821 , 0.410256 , 0.561589
0.512821 , 0.435897 , 0.448787
0.512821 , 0.461538 , 0.333516
0.512821 , 0.487179 , 0.217061
0.512821 , 0.512821 , 0.100017
0.512821 , 0.538462 , -0.017369
0.512821 , 0.564103 , -0.132921
0.512821 , 0.589744 , -0.246020
0.512821 , 0.615385 , -0.357132
0.512821 , 0.641026 , -0.464501
0.512821 , 0.666667 , -0.567690
0.512821 , 0.692308 , -0.666349
0.512821 , 0.717949 , -0.759547
0.512821 , 0.743590 , -0.846231
0.512821 , 0.769231 , -0.926409
0.512821 , 0.794872 , -0.999392
0.512821 , 0.820513 , -1.065181
0.512821 , 0.846154 , -1.121967
0.512821 , 0.871795 , -1.169820
0.512821 , 0.897436 , -1.209500
0.512821 , 0.923077 , -1.240920
0.512821 , 0.948718 , -1.262906
0.512821 , 0.974359 , -1.275536
0.512821 , 1.000000 , -1.279517
0.538462 , 0.000000 , 1.593044
0.538462 , 0.025641 , 1.588168
0.538462 , 0.051282 , 1.572285
0.538462 , 0.076923 , 1.547716
0.538462 , 0.102564 , 1.514328
0.538462 , 0.128205 , 1.470975
0.538462 , 0.153846 , 1.418991
0.538462 , 0.179487 , 1.357930
0.538462 , 0.205128 , 1.289689
0.538462 , 0.230769 , 1.212321
0.538462 , 0.256410 , 1.127512
0.538462 , 0.282051 , 1.035662
0.538462 , 0.307692 , 0.936852
0.538462 , 0.333333 , 0.831766
0.538462 , 0.358974 , 0.722003
0.538462 , 0.384615 , 0.607188
0.538462 , 0.410256 , 0.488047
0.538462 , 0.435897 , 0.366080
0.538462 , 0.461538 , 0.241218
0.538462 , 0.487179 , 0.115521
0.538462 , 0.512821 , -0.010759
0.538462 , 0.538462 , -0.137571
0.538462 , 0.564103 , -0.262849
0.538462 , 0.589744 , -0.384835
0.538462 , 0.615385 , -0.503861
0.538462 , 0.641026 , -0.619282
0.538462 , 0.666667 , -0.729581
0.538462 , 0.692308 , -0.834940
0.538462 , 0.717949 , -0.934545
0.538462 , 0.743590 , -1.027424
0.538462 , 0.769231 , -1.113005
0.538462 , 0.794872 , -1.190884
0.538462 , 0.820513 , -1.260931
0.538462 , 0.846154 , -1.322542
0.538462 , 0.871795 , -1.373492
0.538462 , 0.897436 , -1.415948
0.538462 , 0.923077 , -1.449637
0.538462 , 0.948718 , -1.473057
0.538462 , 0.974359 , -1.487478
0.538462 , 1.000000 , -1.491897
0.564103 , 0.000000 , 1.616443
0.564103 , 0.025641 , 1.611476
0.564103 , 0.051282 , 1.594366
0.564103 , 0.076923 , 1.567678
0.564103 , 0.102564 , 1.531903
0.564103 , 0.128205 , 1.485646
0.564103 , 0.153846 , 1.429731
0.564103 , 0.179487 , 1.364372
0.564103 , 0.205128 , 1.290096
0.564103 , 0.230769 , 1.206750
0.564103 , 0.256410 , 1.115846
0.564103 , 0.282051 , 1.017383
0.564103 , 0.307692 , 0.910677
0.564103 , 0.333333 , 0.796935
0.564103 , 0.358974 , 0.677497
0.564103 , 0.384615 , 0.552850
0.564103 , 0.410256 , 0.424065
0.564103 , 0.435897 , 0.292051
0.564103 , 0.461538 , 0.156806
0.564103 , 0.487179 , 0.020052
0.564103 , 0.512821 , -0.117010
0.564103 , 0.538462 , -0.254087
0.564103 , 0.564103 , -0.389229
0.564103 , 0.589744 , -0.521387
0.564103 , 0.615385 , -0.649508
0.564103 , 0.641026 , -0.773647
0.564103 , 0.666667 , -0.892199
0.564103 , 0.692308 , -1.005195
0.564103 , 0.717949 , -1.111512
0.564103 , 0.743590 , -1.211213
0.564103 , 0.769231 , -1.302555
0.564103 , 0.794872 , -1.384805
0.564103 , 0.820513 , -1.458573
0.564103 , 0.846154 , -1.524259
0.564103 , 0.871795 , -1.579685
0.564103 , 0.897436 , -1.624650
0.564103 , 0.923077 , -1.659659
0.564103 , 0.948718 , -1.684868
0.564103 , 0.974359 , -1.700362
0.564103 , 1.000000 , -1.705415
0.589744 , 0.000000 , 1.655087
0.589744 , 0.025641 , 1.649667
0.589744 , 0.051282 , 1.631788
0.589744 , 0.076923 , 1.603523
0.589744 , 0.102564 , 1.565506
0.589744 , 0.128205 , 1.516578
0.589744 , 0.153846 , 1.456937
0.589744 , 0.179487 , 1.386661
0.589744 , 0.205128 , 1.306675
0.589744 , 0.230769 , 1.217426
0.589744 , 0.256410 , 1.119905
0.589744 , 0.282051 , 1.013834
0.589744 , 0.307692 , 0.898557
0.589744 , 0.333333 , 0.775176
0.589744 , 0.358974 , 0.645377
0.589744 , 0.384615 , 0.510222
0.589744 , 0.410256 , 0.370366
0.589744 , 0.435897 , 0.226556
0.589744 , 0.461538 , 0.079577
0.589744 , 0.487179 , -0.068751
0.589744 , 0.512821 , -0.217601
0.589744 , 0.538462 , -0.365926
0.589744 , 0.564103 , -0.511938
0.589744 , 0.589744 , -0.655168
0.589744 , 0.615385 , -0.794250
0.589744 , 0.641026 , -0.927909
0.589744 , 0.666667 , -1.055757
0.589744 , 0.692308 , -1.177648
0.589744 , 0.717949 , -1.291829
0.589744 , 0.743590 , -1.398623
0.589744 , 0.769231 , -1.495844
0.589744 , 0.794872 , -1.583119
0.589744 , 0.820513 , -1.660377
0.589744 , 0.846154 , -1.728797
0.589744 , 0.871795 , -1.787702
0.589744 , 0.897436 , -1.835672
0.589744 , 0.923077 , -1.873086
0.589744 , 0.948718 , -1.899354
0.589744 , 0.974359 , -1.915747
0.589744 , 1.000000 , -1.921757
0.615385 , 0.000000 , 1.709687
0.615385 , 0.025641 , 1.703862
0.615385 , 0.051282 , 1.686017
0.615385 , 0.076923 , 1.656216
0.615385 , 0.102564 , 1.615295
0.615385 , 0.128205 , 1.563088
0.615385 , 0.153846 , 1.499579
0.615385 , 0.179487 , 1.424967
0.615385 , 0.205128 , 1.339983
0.615385 , 0.230769 , 1.245652
0.615385 , 0.256410 , 1.141048
0.615385 , 0.282051 , 1.026125
0.615385 , 0.307692 , 0.901103
0.615385 , 0.333333 , 0.767698
0.615385 , 0.358974 , 0.627176
0.615385 , 0.384615 , 0.480111
0.615385 , 0.410256 , 0.327566
0.615385 , 0.435897 , 0.171037
0.615385 , 0.461538 , 0.010593
0.615385 , 0.487179 , -0.151024
0.615385 , 0.512821 , -0.312548
0.615385 , 0.538462 , -0.473918
0.615385 , 0.564103 , -0.632569
0.615385 , 0.589744 , -0.788144
0.615385 , 0.615385 , -0.939133
0.615385 , 0.641026 , -1.083635
0.615385 , 0.666667 , -1.222209
0.615385 , 0.692308 , -1.353067
0.615385 , 0.717949 , -1.475599
0.615385 , 0.743590 , -1.589562
0.615385 , 0.769231 , -1.692978
0.615385 , 0.794872 , -1.785076
0.615385 , 0.820513 , -1.867031
0.615385 , 0.846154 , -1.939050
0.615385 , 0.871795 , -2.001015
0.615385 , 0.897436 , -2.051292
0.615385 , 0.923077 , -2.090656
0.615385 , 0.948718 , -2.118144
0.615385 , 0.974359 , -2.135566
0.615385 , 1.000000 , -2.142033
0.641026 , 0.000000 , 1.781637
0.641026 , 0.025641 , 1.775498
0.641026 , 0.051282 , 1.757556
0.641026 , 0.076923 , 1.726361
0.641026 , 0.102564 , 1.682579
0.641026 , 0.128205 , 1.627337
0.641026 , 0.153846 , 1.559822
0.641026 , 0.179487 , 1.481825
0.641026 , 0.205128 , 1.391858
0.641026 , 0.230769 , 1.291205
0.641026 , 0.256410 , 1.179207
0.641026 , 0.282051 , 1.054935
0.641026 , 0.307692 , 0.920227
0.641026 , 0.333333 , 0.775907
0.641026 , 0.358974 , 0.623694
0.641026 , 0.384615 , 0.463567
0.641026 , 0.410256 , 0.296504
0.641026 , 0.435897 , 0.125693
0.641026 , 0.461538 , -0.049088
0.641026 , 0.487179 , -0.225986
0.641026 , 0.512821 , -0.402665
0.641026 , 0.538462 , -0.578847
0.641026 , 0.564103 , -0.752254
0.641026 , 0.589744 , -0.921832
0.641026 , 0.615385 , -1.085877
0.641026 , 0.641026 , -1.242275
0.641026 , 0.666667 , -1.392159
0.641026 , 0.692308 , -1.533915
0.641026 , 0.717949 , -1.665163
0.641026 , 0.743590 , -1.786461
0.641026 , 0.769231 , -1.896113
0.641026 , 0.794872 , -1.993244
0.641026 , 0.820513 , -2.080267
0.641026 , 0.846154 , -2.155477
0.641026 , 0.871795 , -2.219749
0.641026 , 0.897436 , -2.272513
0.641026 , 0.923077 , -2.314133
0.641026 , 0.948718 , -2.343171
0.641026 , 0.974359 , -2.361114
0.641026 , 1.000000 , -2.367508
0.666667 , 0.000000 , 1.871627
0.666667 , 0.025641 , 1.865413
0.666667 , 0.051282 , 1.846713
0.666667 , 0.076923 , 1.814307
0.666667 , 0.102564 , 1.768715
0.666667 , 0.128205 , 1.710892
0.666667 , 0.153846 , 1.639936
0.666667 , 0.179487 , 1.557927
0.666667 , 0.205128 , 1.463182
0.666667 , 0.230769 , 1.355649
0.666667 , 0.256410 , 1.235281
0.666667 , 0.282051 , 1.102482
0.666667 , 0.307692 , 0.956928
0.666667 , 0.333333 , 0.801033
0.666667 , 0.358974 , 0.634685
0.666667 , 0.384615 , 0.460115
0.666667 , 0.410256 , 0.277905
0.666667 , 0.435897 , 0.090603
0.666667 , 0.461538 , -0.100344
0.666667 , 0.487179 , -0.293822
0.666667 , 0.512821 , -0.487604
0.666667 , 0.538462 , -0.680433
0.666667 , 0.564103 , -0.869830
0.666667 , 0.589744 , -1.055057
0.666667 , 0.615385 , -1.233777
0.666667 , 0.641026 , -1.404452
0.666667 , 0.666667 , -1.565982
0.666667 , 0.692308 , -1.718850
0.666667 , 0.717949 , -1.860395
0.666667 , 0.743590 , -1.990267
0.666667 , 0.769231 , -2.106389
0.666667 , 0.794872 , -2.208482
0.666667 , 0.820513 , -2.300212
0.666667 , 0.846154 , -2.379794
0.666667 , 0.871795 , -2.445508
0.666667 , 0.897436 , -2.500456
0.666667 , 0.923077 , -2.544036
0.666667 , 0.948718 , -2.574248
0.666667 , 0.974359 , -2.592730
0.666667 , 1.000000 , -2.598437
0.692308 , 0.000000 , 1.979650
0.692308 , 0.025641 , 1.973582
0.692308 , 0.051282 , 1.953853
0.692308 , 0.076923 , 1.920725
0.692308 , 0.102564 , 1.874586
0.692308 , 0.128205 , 1.814802
0.692308 , 0.153846 , 1.741381
0.692308 , 0.179487 , 1.654788
0.692308 , 0.205128 , 1.554499
0.692308 , 0.230769 , 1.440267
0.692308 , 0.256410 , 1.311475
0.692308 , 0.282051 , 1.169612
0.692308 , 0.307692 , 1.012743
0.692308 , 0.333333 , 0.843708
0.692308 , 0.358974 , 0.662764
0.692308 , 0.384615 , 0.471838
0.692308 , 0.410256 , 0.272495
0.692308 , 0.435897 , 0.067439
0.692308 , 0.461538 , -0.142447
0.692308 , 0.487179 , -0.354382
0.692308 , 0.512821 , -0.567573
0.692308 , 0.538462 , -0.779240
0.692308 , 0.564103 , -0.986587
0.692308 , 0.589744 , -1.188620
0.692308 , 0.615385 , -1.384299
0.692308 , 0.641026 , -1.570351
0.692308 , 0.666667 , -1.745642
0.692308 , 0.692308 , -1.910178
0.692308 , 0.717949 , -2.062565
0.692308 , 0.743590 , -2.201553
0.692308 , 0.769231 , -2.325674
0.692308 , 0.794872 , -2.433193
0.692308 , 0.820513 , -2.528357
0.692308 , 0.846154 , -2.612231
0.692308 , 0.871795 , -2.680660
0.692308 , 0.897436 , -2.735918
0.692308 , 0.923077 , -2.779583
0.692308 , 0.948718 , -2.810183
0.692308 , 0.974359 , -2.829259
0.692308 , 1.000000 , -2.835618
0.717949 , 0.000000 , 2.106932
0.717949 , 0.025641 , 2.100203
0.717949 , 0.051282 , 2.080085
0.717949 , 0.076923 , 2.047090
0.717949 , 0.102564 , 2.000351
0.717949 , 0.128205 , 1.939427
0.717949 , 0.153846 , 1.864034
0.717949 , 0.179487 , 1.774256
0.717949 , 0.205128 , 1.669008
0.717949 , 0.230769 , 1.547135
0.717949 , 0.256410 , 1.409656
0.717949 , 0.282051 , 1.257368
0.717949 , 0.307692 , 1.089546
0.717949 , 0.333333 , 0.905575
0.717949 , 0.358974 , 0.709454
0.717949 , 0.384615 , 0.501075
0.717949 , 0.410256 , 0.282696
0.717949 , 0.435897 , 0.057140
0.717949 , 0.461538 , -0.174278
0.717949 , 0.487179 , -0.407780
0.717949 , 0.512821 , -0.642693
0.717949 , 0.538462 , -0.875563
0.717949 , 0.564103 , -1.103416
0.717949 , 0.589744 , -1.324915
0.717949 , 0.615385 , -1.538915
0.717949 , 0.641026 , -1.742311
0.717949 , 0.666667 , -1.933686
0.717949 , 0.692308 , -2.111420
0.717949 , 0.717949 , -2.275092
0.717949 , 0.743590 , -2.422949
0.717949 , 0.769231 , -2.555217
0.717949 , 0.794872 , -2.669086
0.717949 , 0.820513 , -2.767473
0.717949 , 0.846154 , -2.853888
0.717949 , 0.871795 , -2.925194
0.717949 , 0.897436 , -2.980818
0.717949 , 0.923077 , -3.022871
0.717949 , 0.948718 , -3.053130
0.717949 , 0.974359 , -3.072291
0.717949 , 1.000000 , -3.078799
0.743590 , 0.000000 , 2.252256
0.743590 , 0.025641 , 2.245839
0.743590 , 0.051282 , 2.226109
0.743590 , 0.076923 , 2.193324
0.743590 , 0.102564 , 2.147024
0.743590 , 0.128205 , 2.086080
0.743590 , 0.153846 , 2.009060
0.743590 , 0.179487 , 1.916228
0.743590 , 0.205128 , 1.805642
0.743590 , 0.230769 , 1.677512
0.743590 , 0.256410 , 1.531980
0.743590 , 0.282051 , 1.368559
0.743590 , 0.307692 , 1.187640
0.743590 , 0.333333 , 0.988508
0.743590 , 0.358974 , 0.774910
0.743590 , 0.384615 , 0.547626
0.743590 , 0.410256 , 0.308655
0.743590 , 0.435897 , 0.060169
0.743590 , 0.461538 , -0.195414
0.743590 , 0.487179 , -0.453786
0.743590 , 0.512821 , -0.712532
0.743590 , 0.538462 , -0.969680
0.743590 , 0.564103 , -1.220881
0.743590 , 0.589744 , -1.464790
0.743590 , 0.615385 , -1.699271
0.743590 , 0.641026 , -1.921603
0.743590 , 0.666667 , -2.130128
0.743590 , 0.692308 , -2.322924
0.743590 , 0.717949 , -2.498822
0.743590 , 0.743590 , -2.656687
0.743590 , 0.769231 , -2.796845
0.743590 , 0.794872 , -2.917153
0.743590 , 0.820513 , -3.019381
0.743590 , 0.846154 , -3.106874
0.743590 , 0.871795 , -3.179136
0.743590 , 0.897436 , -3.234449
0.743590 , 0.923077 , -3.275539
0.743590 , 0.948718 , -3.304880
0.743590 , 0.974359 , -3.322792
0.743590 , 1.000000 , -3.329022
0.769231 , 0.000000 , 2.414730
0.769231 , 0.025641 , 2.409320
0.769231 , 0.051282 , 2.391028
0.769231 , 0.076923 , 2.359680
0.769231 , 0.102564 , 2.315158
0.769231 , 0.128205 , 2.255159
0.769231 , 0.153846 , 2.178421
0.769231 , 0.179487 , 2.082832
0.769231 , 0.205128 , 1.967666
0.769231 , 0.230769 , 1.833022
0.769231 , 0.256410 , 1.679227
0.769231 , 0.282051 , 1.505227
0.769231 , 0.307692 , 1.309620
0.769231 , 0.333333 , 1.094372
0.769231 , 0.358974 , 0.861614
0.769231 , 0.384615 , 0.613080
0.769231 , 0.410256 , 0.350077
0.769231 , 0.435897 , 0.076139
0.769231 , 0.461538 , -0.206021
0.769231 , 0.487179 , -0.491900
0.769231 , 0.512821 , -0.777753
0.769231 , 0.538462 , -1.061787
0.769231 , 0.564103 , -1.340088
0.769231 , 0.589744 , -1.609489
0.769231 , 0.615385 , -1.867605
0.769231 , 0.641026 , -2.111199
0.769231 , 0.666667 , -2.338568
0.769231 , 0.692308 , -2.547320
0.769231 , 0.717949 , -2.736638
0.769231 , 0.743590 , -2.905299
0.769231 , 0.769231 , -3.052975
0.769231 , 0.794872 , -3.179177
0.769231 , 0.820513 , -3.285178
0.769231 , 0.846154 , -3.372791
0.769231 , 0.871795 , -3.443985
0.769231 , 0.897436 , -3.498079
0.769231 , 0.923077 , -3.537772
0.769231 , 0.948718 , -3.566124
0.769231 , 0.974359 , -3.583042
0.769231 , 1.000000 , -3.588764
0.794872 , 0.000000 , 2.595816
0.794872 , 0.025641 , 2.590662
0.794872 , 0.051282 , 2.574472
0.794872 , 0.076923 , 2.546204
0.794872 , 0.102564 , 2.504845
0.794872 , 0.128205 , 2.447023
0.794872 , 0.153846 , 2.371729
0.794872 , 0.179487 , 2.275728
0.794872 , 0.205128 , 2.158354
0.794872 , 0.230769 , 2.018132
0.794872 , 0.256410 , 1.855130
0.794872 , 0.282051 , 1.669231
0.794872 , 0.307692 , 1.458537
0.794872 , 0.333333 , 1.225266
0.794872 , 0.358974 , 0.971281
0.794872 , 0.384615 , 0.699083
0.794872 , 0.410256 , 0.409359
0.794872 , 0.435897 , 0.107044
0.794872 , 0.461538 , -0.204608
0.794872 , 0.487179 , -0.521985
0.794872 , 0.512821 , -0.839538
0.794872 , 0.538462 , -1.154811
0.794872 , 0.564103 , -1.463071
0.794872 , 0.589744 , -1.760945
0.794872 , 0.615385 , -2.045515
0.794872 , 0.641026 , -2.313105
0.794872 , 0.666667 , -2.561294
0.794872 , 0.692308 , -2.788142
0.794872 , 0.717949 , -2.991057
0.794872 , 0.743590 , -3.170277
0.794872 , 0.769231 , -3.324665
0.794872 , 0.794872 , -3.455714
0.794872 , 0.820513 , -3.563661
0.794872 , 0.846154 , -3.650749
0.794872 , 0.871795 , -3.720381
0.794872 , 0.897436 , -3.771792
0.794872 , 0.923077 , -3.809092
0.794872 , 0.948718 , -3.835733
0.794872 , 0.974359 , -3.851049
0.794872 , 1.000000 , -3.855939
0.820513 , 0.000000 , 2.792910
0.820513 , 0.025641 , 2.789056
0.820513 , 0.051282 , 2.776391
0.820513 , 0.076923 , 2.752010
0.820513 , 0.102564 , 2.715557
0.820513 , 0.128205 , 2.662797
0.820513 , 0.153846 , 2.590746
0.820513 , 0.179487 , 2.497628
0.820513 , 0.205128 , 2.379333
0.820513 , 0.230769 , 2.235021
0.820513 , 0.256410 , 2.062950
0.820513 , 0.282051 , 1.863726
0.820513 , 0.307692 , 1.636445
0.820513 , 0.333333 , 1.383322
0.820513 , 0.358974 , 1.106138
0.820513 , 0.384615 , 0.806756
0.820513 , 0.410256 , 0.487878
0.820513 , 0.435897 , 0.153497
0.820513 , 0.461538 , -0.191671
0.820513 , 0.487179 , -0.543887
0.820513 , 0.512821 , -0.896928
0.820513 , 0.538462 , -1.247031
0.820513 , 0.564103 , -1.589807
0.820513 , 0.589744 , -1.920230
0.820513 , 0.615385 , -2.234739
0.820513 , 0.641026 , -2.529375
0.820513 , 0.666667 , -2.800327
0.820513 , 0.692308 , -3.046869
0.820513 , 0.717949 , -3.265383
0.820513 , 0.743590 , -3.455653
0.820513 , 0.769231 , -3.616977
0.820513 , 0.794872 , -3.750736
0.820513 , 0.820513 , -3.859657
0.820513 , 0.846154 , -3.944962
0.820513 , 0.871795 , -4.010376
0.820513 , 0.897436 , -4.058112
0.820513 , 0.923077 , -4.090214
0.820513 , 0.948718 , -4.112711
0.820513 , 0.974359 , -4.124986
0.820513 , 1.000000 , -4.128807
0.846154 , 0.000000 , 3.003947
0.846154 , 0.025641 , 3.002171
0.846154 , 0.051282 , 2.994420
0.846154 , 0.076923 , 2.977019
0.846154 , 0.102564 , 2.948356
0.846154 , 0.128205 , 2.904278
0.846154 , 0.153846 , 2.839631
0.846154 , 0.179487 , 2.749847
0.846154 , 0.205128 , 2.632682
0.846154 , 0.230769 , 2.485404
0.846154 , 0.256410 , 2.305813
0.846154 , 0.282051 , 2.093647
0.846154 , 0.307692 , 1.849401
0.846154 , 0.333333 , 1.574534
0.846154 , 0.358974 , 1.270561
0.846154 , 0.384615 , 0.940567
0.846154 , 0.410256 , 0.588040
0.846154 , 0.435897 , 0.217889
0.846154 , 0.461538 , -0.166228
0.846154 , 0.487179 , -0.557943
0.846154 , 0.512821 , -0.951667
0.846154 , 0.538462 , -1.341992
0.846154 , 0.564103 , -1.722921
0.846154 , 0.589744 , -2.089617
0.846154 , 0.615385 , -2.437894
0.846154 , 0.641026 , -2.763068
0.846154 , 0.666667 , -3.060613
0.846154 , 0.692308 , -3.328365
0.846154 , 0.717949 , -3.564026
0.846154 , 0.743590 , -3.765786
0.846154 , 0.769231 , -3.934039
0.846154 , 0.794872 , -4.070470
0.846154 , 0.820513 , -4.177345
0.846154 , 0.846154 , -4.258697
0.846154 , 0.871795 , -4.316251
0.846154 , 0.897436 , -4.355608
0.846154 , 0.923077 , -4.380152
0.846154 , 0.948718 , -4.395134
0.846154 , 0.974359 , -4.402655
0.846154 , 1.000000 , -4.404458
0.871795 , 0.000000 , 3.226485
0.871795 , 0.025641 , 3.226708
0.871795 , 0.051282 , 3.226159
0.871795 , 0.076923 , 3.219860
0.871795 , 0.102564 , 3.203276
0.871795 , 0.128205 , 3.171689
0.871795 , 0.153846 , 3.118011
0.871795 , 0.179487 , 3.036179
0.871795 , 0.205128 , 2.921733
0.871795 , 0.230769 , 2.773822
0.871795 , 0.256410 , 2.588640
0.871795 , 0.282051 , 2.363835
0.871795 , 0.307692 , 2.101264
0.871795 , 0.333333 , 1.802144
0.871795 , 0.358974 , 1.468276
0.871795 , 0.384615 , 1.104466
0.871795 , 0.410256 , 0.714071
0.871795 , 0.435897 , 0.302597
0.871795 , 0.461538 , -0.125930
0.871795 , 0.487179 , -0.563643
0.871795 , 0.512821 , -1.004105
0.871795 , 0.538462 , -1.440577
0.871795 , 0.564103 , -1.865409
0.871795 , 0.589744 , -2.273889
0.871795 , 0.615385 , -2.660415
0.871795 , 0.641026 , -3.019356
0.871795 , 0.666667 , -3.346853
0.871795 , 0.692308 , -3.638020
0.871795 , 0.717949 , -3.890764
0.871795 , 0.743590 , -4.104629
0.871795 , 0.769231 , -4.279183
0.871795 , 0.794872 , -4.416061
0.871795 , 0.820513 , -4.518480
0.871795 , 0.846154 , -4.591372
0.871795 , 0.871795 , -4.638061
0.871795 , 0.897436 , -4.664346
0.871795 , 0.923077 , -4.676704
0.871795 , 0.948718 , -4.681216
0.871795 , 0.974359 , -4.681087
0.871795 , 1.000000 , -4.680978
0.897436 , 0.000000 , 3.454936
0.897436 , 0.025641 , 3.458669
0.897436 , 0.051282 , 3.468991
0.897436 , 0.076923 , 3.478766
0.897436 , 0.102564 , 3.479966
0.897436 , 0.128205 , 3.466292
0.897436 , 0.153846 , 3.428324
0.897436 , 0.179487 , 3.359586
0.897436 , 0.205128 , 3.253363
0.897436 , 0.230769 , 3.106052
0.897436 , 0.256410 , 2.915294
0.897436 , 0.282051 , 2.678930
0.897436 , 0.307692 , 2.397024
0.897436 , 0.333333 , 2.071554
0.897436 , 0.358974 , 1.705349
0.897436 , 0.384615 , 1.302370
0.897436 , 0.410256 , 0.868479
0.897436 , 0.435897 , 0.408853
0.897436 , 0.461538 , -0.069409
0.897436 , 0.487179 , -0.559617
0.897436 , 0.512821 , -1.053225
0.897436 , 0.538462 , -1.542968
0.897436 , 0.564103 , -2.019354
0.897436 , 0.589744 , -2.475845
0.897436 , 0.615385 , -2.905809
0.897436 , 0.641026 , -3.303259
0.897436 , 0.666667 , -3.663246
0.897436 , 0.692308 , -3.980834
0.897436 , 0.717949 , -4.252792
0.897436 , 0.743590 , -4.478327
0.897436 , 0.769231 , -4.658380
0.897436 , 0.794872 , -4.793815
0.897436 , 0.820513 , -4.888417
0.897436 , 0.846154 , -4.948297
0.897436 , 0.871795 , -4.978308
0.897436 , 0.897436 , -4.986255
0.897436 , 0.923077 , -4.980362
0.897436 , 0.948718 , -4.968258
0.897436 , 0.974359 , -4.957292
0.897436 , 1.000000 , -4.953095
0.923077 , 0.000000 , 3.681147
0.923077 , 0.025641 , 3.691346
0.923077 , 0.051282 , 3.717816
0.923077 , 0.076923 , 3.751325
0.923077 , 0.102564 , 3.778628
0.923077 , 0.128205 , 3.790882
0.923077 , 0.153846 , 3.776308
0.923077 , 0.179487 , 3.726192
0.923077 , 0.205128 , 3.632557
0.923077 , 0.230769 , 3.490189
0.923077 , 0.256410 , 3.295187
0.923077 , 0.282051 , 3.046264
0.923077 , 0.307692 , 2.743785
0.923077 , 0.333333 , 2.389404
0.923077 , 0.358974 , 1.986052
0.923077 , 0.384615 , 1.539159
0.923077 , 0.410256 , 1.054820
0.923077 , 0.435897 , 0.540312
0.923077 , 0.461538 , 0.004083
0.923077 , 0.487179 , -0.546064
0.923077 , 0.512821 , -1.101054
0.923077 , 0.538462 , -1.651055
0.923077 , 0.564103 , -2.186993
0.923077 , 0.589744 , -2.698689
0.923077 , 0.615385 , -3.178381
0.923077 , 0.641026 , -3.619124
0.923077 , 0.666667 , -4.015677
0.923077 , 0.692308 , -4.362523
0.923077 , 0.717949 , -4.655372
0.923077 , 0.743590 , -4.894072
0.923077 , 0.769231 , -5.077531
0.923077 , 0.794872 , -5.208778
0.923077 , 0.820513 , -5.291548
0.923077 , 0.846154 , -5.332879
0.923077 , 0.871795 , -5.340010
0.923077 , 0.897436 , -5.321730
0.923077 , 0.923077 , -5.288940
0.923077 , 0.948718 , -5.252897
0.923077 , 0.974359 , -5.224949
0.923077 , 1.000000 , -5.214536
0.948718 , 0.000000 , 3.893711
0.948718 , 0.025641 , 3.913652
0.948718 , 0.051282 , 3.965702
0.948718 , 0.076923 , 4.033934
0.948718 , 0.102564 , 4.099099
0.948718 , 0.128205 , 4.147423
0.948718 , 0.153846 , 4.165916
0.948718 , 0.179487 , 4.142112
0.948718 , 0.205128 , 4.066056
0.948718 , 0.230769 , 3.932043
0.948718 , 0.256410 , 3.736132
0.948718 , 0.282051 , 3.475095
0.948718 , 0.307692 , 3.149302
0.948718 , 0.333333 , 2.762869
0.948718 , 0.358974 , 2.317863
0.948718 , 0.384615 , 1.820433
0.948718 , 0.410256 , 1.278300
0.948718 , 0.435897 , 0.700373
0.948718 , 0.461538 , 0.096553
0.948718 , 0.487179 , -0.523625
0.948718 , 0.512821 , -1.149564
0.948718 , 0.538462 , -1.769490
0.948718 , 0.564103 , -2.372276
0.948718 , 0.589744 , -2.947623
0.948718 , 0.615385 , -3.484716
0.948718 , 0.641026 , -3.975951
0.948718 , 0.666667 , -4.413744
0.948718 , 0.692308 , -4.792978
0.948718 , 0.717949 , -5.108574
0.948718 , 0.743590 , -5.358900
0.948718 , 0.769231 , -5.544974
0.948718 , 0.794872 , -5.668391
0.948718 , 0.820513 , -5.733935
0.948718 , 0.846154 , -5.749385
0.948718 , 0.871795 , -5.723693
0.948718 , 0.897436 , -5.668578
0.948718 , 0.923077 , -5.597518
0.948718 , 0.948718 , -5.526803
0.948718 , 0.974359 , -5.472711
0.948718 , 1.000000 , -5.451824
0.974359 , 0.000000 , 4.072337
0.974359 , 0.025641 , 4.110027
0.974359 , 0.051282 , 4.203659
0.974359 , 0.076923 , 4.323360
0.974359 , 0.102564 , 4.442990
0.974359 , 0.128205 , 4.541086
0.974359 , 0.153846 , 4.603225
0.974359 , 0.179487 , 4.614111
0.974359 , 0.205128 , 4.563038
0.974359 , 0.230769 , 4.442217
0.974359 , 0.256410 , 4.246693
0.974359 , 0.282051 , 3.973694
0.974359 , 0.307692 , 3.623547
0.974359 , 0.333333 , 3.199929
0.974359 , 0.358974 , 2.707970
0.974359 , 0.384615 , 2.152973
0.974359 , 0.410256 , 1.544630
0.974359 , 0.435897 , 0.893953
0.974359 , 0.461538 , 0.211507
0.974359 , 0.487179 , -0.490339
0.974359 , 0.512821 , -1.199066
0.974359 , 0.538462 , -1.900003
0.974359 , 0.564103 , -2.580474
0.974359 , 0.589744 , -3.228498
0.974359 , 0.615385 , -3.831670
0.974359 , 0.641026 , -4.380330
0.974359 , 0.666667 , -4.866256
0.974359 , 0.692308 , -5.281732
0.974359 , 0.717949 , -5.622497
0.974359 , 0.743590 , -5.884772
0.974359 , 0.769231 , -6.069904
0.974359 , 0.794872 , -6.180626
0.974359 , 0.820513 , -6.222206
0.974359 , 0.846154 , -6.202917
0.974359 , 0.871795 , -6.133475
0.974359 , 0.897436 , -6.027456
0.974359 , 0.923077 , -5.902481
0.974359 , 0.948718 , -5.779448
0.974359 , 0.974359 , -5.683303
0.974359 , 1.000000 , -5.644676
1.000000 , 0.000000 , 4.180484
1.000000 , 0.025641 , 4.255713
1.000000 , 0.051282 , 4.420859
1.000000 , 0.076923 , 4.618098
1.000000 , 0.102564 , 4.812357
1.000000 , 0.128205 , 4.978353
1.000000 , 0.153846 , 5.097905
1.000000 , 0.179487 , 5.154993
1.000000 , 0.205128 , 5.135981
1.000000 , 0.230769 , 5.033568
1.000000 , 0.256410 , 4.840847
1.000000 , 0.282051 , 4.554768
1.000000 , 0.307692 , 4.177387
1.000000 , 0.333333 , 3.712096
1.000000 , 0.358974 , 3.165175
1.000000 , 0.384615 , 2.544636
1.000000 , 0.410256 , 1.860364
1.000000 , 0.435897 , 1.124677
1.000000 , 0.461538 , 0.351284
1.000000 , 0.487179 , -0.445335
1.000000 , 0.512821 , -1.249246
1.000000 , 0.538462 , -2.044615
1.000000 , 0.564103 , -2.816157
1.000000 , 0.589744 , -3.549029
1.000000 , 0.615385 , -4.228357
1.000000 , 0.641026 , -4.843330
1.000000 , 0.666667 , -5.383710
1.000000 , 0.692308 , -5.840859
1.000000 , 0.717949 , -6.208378
1.000000 , 0.743590 , -6.483811
1.000000 , 0.769231 , -6.666213
1.000000 , 0.794872 , -6.758871
1.000000 , 0.820513 , -6.768094
1.000000 , 0.846154 , -6.703028
1.000000 , 0.871795 , -6.576020
1.000000 , 0.897436 , -6.402520
1.000000 , 0.923077 , -6.202196
1.000000 , 0.948718 , -6.001591
1.000000 , 0.974359 , -5.833899
1.000000 , 1.000000 , -5.757279
