0.000000 , 0.000000 , 0.994758
0.000000 , 0.025641 , 0.994758
0.000000 , 0.051282 , 0.994758
0.000000 , 0.076923 , 0.994758
0.000000 , 0.102564 , 0.994758
0.000000 , 0.128205 , 0.994758
0.000000 , 0.153846 , 0.994758
0.000000 , 0.179487 , 0.994758
0.000000 , 0.205128 , 0.994758
0.000000 , 0.230769 , 0.994758
0.000000 , 0.256410 , 0.994758
0.000000 , 0.282051 , 0.994758
0.000000 , 0.307692 , 0.994758
0.000000 , 0.333333 , 0.994758
0.000000 , 0.358974 , 0.994758
0.000000 , 0.384615 , 0.994758
0.000000 , 0.410256 , 0.994758
0.000000 , 0.435897 , 0.994758
0.000000 , 0.461538 , 0.994758
0.000000 , 0.487179 , 0.994758
0.000000 , 0.512821 , 0.994758
0.000000 , 0.538462 , 0.994758
0.000000 , 0.564103 , 0.994758
0.000000 , 0.589744 , 0.994758
0.000000 , 0.615385 , 0.994758
0.000000 , 0.641026 , 0.994758
0.000000 , 0.666667 , 0.994758
0.000000 , 0.692308 , 0.994758
0.000000 , 0.717949 , 0.994758
0.000000 , 0.743590 , 0.994758
0.000000 , 0.769231 , 0.994758
0.000000 , 0.794872 , 0.994758
0.000000 , 0.820513 , 0.994758
0.000000 , 0.846154 , 0.994758
0.000000 , 0.871795 , 0.994758
0.000000 , 0.897436 , 0.994758
0.000000 , 0.923077 , 0.994758
0.000000 , 0.948718 , 0.994758
0.000000 , 0.974359 , 0.994758
0.000000 , 1.000000 , 0.994758
0.025641 , 0.000000 , 1.146164
0.025641 , 0.025641 , 1.146042
0.025641 , 0.051282 , 1.146184
0.025641 , 0.076923 , 1.146621
0.025641 , 0.102564 , 1.147285
0.025641 , 0.128205 , 1.147627
0.025641 , 0.153846 , 1.147807
0.025641 , 0.179487 , 1.147535
0.025641 , 0.205128 , 1.146881
0.025641 , 0.230769 , 1.144809
0.025641 , 0.256410 , 1.143260
0.025641 , 0.282051 , 1.140894
0.025641 , 0.307692 , 1.137755
0.025641 , 0.333333 , 1.136500
0.025641 , 0.358974 , 1.135161
0.025641 , 0.384615 , 1.132257
0.025641 , 0.410256 , 1.128524
0.025641 , 0.435897 , 1.125356
0.025641 , 0.461538 , 1.122164
0.025641 , 0.487179 , 1.119616
0.025641 , 0.512821 , 1.117640
0.025641 , 0.538462 , 1.114906
0.025641 , 0.564103 , 1.111774
0.025641 , 0.589744 , 1.108861
0.025641 , 0.615385 , 1.106609
0.025641 , 0.641026 , 1.104224
0.025641 , 0.666667 , 1.102070
0.025641 , 0.692308 , 1.099690
0.025641 , 0.717949 , 1.097935
0.025641 , 0.743590 , 1.096877
0.025641 , 0.769231 , 1.095495
0.025641 , 0.794872 , 1.094048
0.025641 , 0.820513 , 1.092962
0.025641 , 0.846154 , 1.091948
0.025641 , 0.871795 , 1.091606
0.025641 , 0.897436 , 1.091581
0.025641 , 0.923077 , 1.091708
0.025641 , 0.948718 , 1.090847
0.025641 , 0.974359 , 1.089835
0.025641 , 1.000000 , 1.090004
0.051282 , 0.000000 , 1.279643
0.051282 , 0.025641 , 1.279859
0.051282 , 0.051282 , 1.280730
0.051282 , 0.076923 , 1.281745
0.051282 , 0.102564 , 1.283095
0.051282 , 0.128205 , 1.283805
0.051282 , 0.153846 , 1.284149
0.051282 , 0.179487 , 1.283891
0.051282 , 0.205128 , 1.281941
0.051282 , 0.230769 , 1.279178
0.051282 , 0.256410 , 1.276289
0.051282 , 0.282051 , 1.272303
0.051282 , 0.307692 , 1.267037
0.051282 , 0.333333 , 1.262849
0.051282 , 0.358974 , 1.258864
0.051282 , 0.384615 , 1.253566
0.051282 , 0.410256 , 1.247247
0.051282 , 0.435897 , 1.240903
0.051282 , 0.461538 , 1.234980
0.051282 , 0.487179 , 1.229840
0.051282 , 0.512821 , 1.225231
0.051282 , 0.538462 , 1.219650
0.051282 , 0.564103 , 1.213891
0.051282 , 0.589744 , 1.208580
0.051282 , 0.615385 , 1.203091
0.051282 , 0.641026 , 1.198049
0.051282 , 0.666667 , 1.193778
0.051282 , 0.692308 , 1.190507
0.051282 , 0.717949 , 1.187132
0.051282 , 0.743590 , 1.184404
0.051282 , 0.769231 , 1.181374
0.051282 , 0.794872 , 1.178985
0.051282 , 0.820513 , 1.177522
0.051282 , 0.846154 , 1.176310
0.051282 , 0.871795 , 1.174979
0.051282 , 0.897436 , 1.173520
0.051282 , 0.923077 , 1.172639
0.051282 , 0.948718 , 1.171747
0.051282 , 0.974359 , 1.171255
0.051282 , 1.000000 , 1.170638
0.076923 , 0.000000 , 1.396313
0.076923 , 0.025641 , 1.397197
0.076923 , 0.051282 , 1.399065
0.076923 , 0.076923 , 1.401159
0.076923 , 0.102564 , 1.403030
0.076923 , 0.128205 , 1.404142
0.076923 , 0.153846 , 1.404525
0.076923 , 0.179487 , 1.403967
0.076923 , 0.205128 , 1.401737
0.076923 , 0.230769 , 1.397800
0.076923 , 0.256410 , 1.393805
0.076923 , 0.282051 , 1.388811
0.076923 , 0.307692 , 1.382023
0.076923 , 0.333333 , 1.375214
0.076923 , 0.358974 , 1.367966
0.076923 , 0.384615 , 1.360369
0.076923 , 0.410256 , 1.351853
0.076923 , 0.435897 , 1.342821
0.076923 , 0.461538 , 1.334158
0.076923 , 0.487179 , 1.325947
0.076923 , 0.512821 , 1.318781
0.076923 , 0.538462 , 1.310429
0.076923 , 0.564103 , 1.301689
0.076923 , 0.589744 , 1.293529
0.076923 , 0.615385 , 1.285761
0.076923 , 0.641026 , 1.278389
0.076923 , 0.666667 , 1.272053
0.076923 , 0.692308 , 1.266629
0.076923 , 0.717949 , 1.261830
0.076923 , 0.743590 , 1.257821
0.076923 , 0.769231 , 1.253598
0.076923 , 0.794872 , 1.250195
0.076923 , 0.820513 , 1.248282
0.076923 , 0.846154 , 1.246279
0.076923 , 0.871795 , 1.244368
0.076923 , 0.897436 , 1.242813
0.076923 , 0.923077 , 1.241551
0.076923 , 0.948718 , 1.240563
0.076923 , 0.974359 , 1.239793
0.076923 , 1.000000 , 1.239363
0.102564 , 0.000000 , 1.499604
0.102564 , 0.025641 , 1.500716
0.102564 , 0.051282 , 1.502949
0.102564 , 0.076923 , 1.505814
0.102564 , 0.102564 , 1.507780
0.102564 , 0.128205 , 1.508920
0.102564 , 0.153846 , 1.509481
0.102564 , 0.179487 , 1.508600
0.102564 , 0.205128 , 1.505974
0.102564 , 0.230769 , 1.501397
0.102564 , 0.256410 , 1.496623
0.102564 , 0.282051 , 1.490536
0.102564 , 0.307692 , 1.482301
0.102564 , 0.333333 , 1.472960
0.102564 , 0.358974 , 1.463370
0.102564 , 0.384615 , 1.453674
0.102564 , 0.410256 , 1.442838
0.102564 , 0.435897 , 1.431778
0.102564 , 0.461538 , 1.420419
0.102564 , 0.487179 , 1.409355
0.102564 , 0.512821 , 1.398880
0.102564 , 0.538462 , 1.387461
0.102564 , 0.564103 , 1.376076
0.102564 , 0.589744 , 1.364901
0.102564 , 0.615385 , 1.354912
0.102564 , 0.641026 , 1.345665
0.102564 , 0.666667 , 1.337844
0.102564 , 0.692308 , 1.330173
0.102564 , 0.717949 , 1.323228
0.102564 , 0.743590 , 1.317617
0.102564 , 0.769231 , 1.312354
0.102564 , 0.794872 , 1.308378
0.102564 , 0.820513 , 1.305325
0.102564 , 0.846154 , 1.302786
0.102564 , 0.871795 , 1.299918
0.102564 , 0.897436 , 1.298269
0.102564 , 0.923077 , 1.297659
0.102564 , 0.948718 , 1.297154
0.102564 , 0.974359 , 1.295990
0.102564 , 1.000000 , 1.295887
0.128205 , 0.000000 , 1.589700
0.128205 , 0.025641 , 1.591331
0.128205 , 0.051282 , 1.593436
0.128205 , 0.076923 , 1.595648
0.128205 , 0.102564 , 1.597542
0.128205 , 0.128205 , 1.598577
0.128205 , 0.153846 , 1.599124
0.128205 , 0.179487 , 1.598396
0.128205 , 0.205128 , 1.595466
0.128205 , 0.230769 , 1.590932
0.128205 , 0.256410 , 1.584986
0.128205 , 0.282051 , 1.577890
0.128205 , 0.307692 , 1.568538
0.128205 , 0.333333 , 1.557536
0.128205 , 0.358974 , 1.545568
0.128205 , 0.384615 , 1.533941
0.128205 , 0.410256 , 1.521170
0.128205 , 0.435897 , 1.508094
0.128205 , 0.461538 , 1.494004
0.128205 , 0.487179 , 1.480112
0.128205 , 0.512821 , 1.466791
0.128205 , 0.538462 , 1.452657
0.128205 , 0.564103 , 1.439257
0.128205 , 0.589744 , 1.425829
0.128205 , 0.615385 , 1.413068
0.128205 , 0.641026 , 1.401469
0.128205 , 0.666667 , 1.391963
0.128205 , 0.692308 , 1.382761
0.128205 , 0.717949 , 1.374093
0.128205 , 0.743590 , 1.366676
0.128205 , 0.769231 , 1.359538
0.128205 , 0.794872 , 1.354529
0.128205 , 0.820513 , 1.351370
0.128205 , 0.846154 , 1.348897
0.128205 , 0.871795 , 1.346795
0.128205 , 0.897436 , 1.343903
0.128205 , 0.923077 , 1.342340
0.128205 , 0.948718 , 1.341768
0.128205 , 0.974359 , 1.340902
0.128205 , 1.000000 , 1.340593
0.153846 , 0.000000 , 1.667184
0.153846 , 0.025641 , 1.667780
0.153846 , 0.051282 , 1.669894
0.153846 , 0.076923 , 1.671742
0.153846 , 0.102564 , 1.673543
0.153846 , 0.128205 , 1.674203
0.153846 , 0.153846 , 1.674609
0.153846 , 0.179487 , 1.673529
0.153846 , 0.205128 , 1.670419
0.153846 , 0.230769 , 1.665760
0.153846 , 0.256410 , 1.659468
0.153846 , 0.282051 , 1.651240
0.153846 , 0.307692 , 1.641190
0.153846 , 0.333333 , 1.629342
0.153846 , 0.358974 , 1.616065
0.153846 , 0.384615 , 1.601967
0.153846 , 0.410256 , 1.587359
0.153846 , 0.435897 , 1.571874
0.153846 , 0.461538 , 1.555133
0.153846 , 0.487179 , 1.538882
0.153846 , 0.512821 , 1.522183
0.153846 , 0.538462 , 1.505982
0.153846 , 0.564103 , 1.490476
0.153846 , 0.589744 , 1.475591
0.153846 , 0.615385 , 1.460742
0.153846 , 0.641026 , 1.446960
0.153846 , 0.666667 , 1.435438
0.153846 , 0.692308 , 1.424898
0.153846 , 0.717949 , 1.414411
0.153846 , 0.743590 , 1.405085
0.153846 , 0.769231 , 1.397056
0.153846 , 0.794872 , 1.391095
0.153846 , 0.820513 , 1.387596
0.153846 , 0.846154 , 1.384415
0.153846 , 0.871795 , 1.382324
0.153846 , 0.897436 , 1.379907
0.153846 , 0.923077 , 1.378009
0.153846 , 0.948718 , 1.375752
0.153846 , 0.974359 , 1.374774
0.153846 , 1.000000 , 1.374549
0.179487 , 0.000000 , 1.732640
0.179487 , 0.025641 , 1.732820
0.179487 , 0.051282 , 1.734014
0.179487 , 0.076923 , 1.734984
0.179487 , 0.102564 , 1.736059
0.179487 , 0.128205 , 1.736726
0.179487 , 0.153846 , 1.736259
0.179487 , 0.179487 , 1.734796
0.179487 , 0.205128 , 1.731312
0.179487 , 0.230769 , 1.726027
0.179487 , 0.256410 , 1.718960
0.179487 , 0.282051 , 1.710551
0.179487 , 0.307692 , 1.699834
0.179487 , 0.333333 , 1.686847
0.179487 , 0.358974 , 1.672574
0.179487 , 0.384615 , 1.656821
0.179487 , 0.410256 , 1.640505
0.179487 , 0.435897 , 1.622930
0.179487 , 0.461538 , 1.604416
0.179487 , 0.487179 , 1.586249
0.179487 , 0.512821 , 1.567625
0.179487 , 0.538462 , 1.548930
0.179487 , 0.564103 , 1.531603
0.179487 , 0.589744 , 1.515422
0.179487 , 0.615385 , 1.499247
0.179487 , 0.641026 , 1.483580
0.179487 , 0.666667 , 1.469804
0.179487 , 0.692308 , 1.456985
0.179487 , 0.717949 , 1.445249
0.179487 , 0.743590 , 1.434232
0.179487 , 0.769231 , 1.425341
0.179487 , 0.794872 , 1.419618
0.179487 , 0.820513 , 1.415058
0.179487 , 0.846154 , 1.411418
0.179487 , 0.871795 , 1.409025
0.179487 , 0.897436 , 1.406140
0.179487 , 0.923077 , 1.404538
0.179487 , 0.948718 , 1.402081
0.179487 , 0.974359 , 1.399935
0.179487 , 1.000000 , 1.398968
0.205128 , 0.000000 , 1.785593
0.205128 , 0.025641 , 1.785613
0.205128 , 0.051282 , 1.786028
0.205128 , 0.076923 , 1.786774
0.205128 , 0.102564 , 1.786677
0.205128 , 0.128205 , 1.786785
0.205128 , 0.153846 , 1.785556
0.205128 , 0.179487 , 1.783452
0.205128 , 0.205128 , 1.779064
0.205128 , 0.230769 , 1.773085
0.205128 , 0.256410 , 1.765170
0.205128 , 0.282051 , 1.756044
0.205128 , 0.307692 , 1.745337
0.205128 , 0.333333 , 1.731998
0.205128 , 0.358974 , 1.716838
0.205128 , 0.384615 , 1.700033
0.205128 , 0.410256 , 1.682111
0.205128 , 0.435897 , 1.663096
0.205128 , 0.461538 , 1.643053
0.205128 , 0.487179 , 1.623911
0.205128 , 0.512821 , 1.603727
0.205128 , 0.538462 , 1.583299
0.205128 , 0.564103 , 1.563679
0.205128 , 0.589744 , 1.545960
0.205128 , 0.615385 , 1.528928
0.205128 , 0.641026 , 1.512245
0.205128 , 0.666667 , 1.496667
0.205128 , 0.692308 , 1.481663
0.205128 , 0.717949 , 1.468225
0.205128 , 0.743590 , 1.456466
0.205128 , 0.769231 , 1.446943
0.205128 , 0.794872 , 1.440289
0.205128 , 0.820513 , 1.434418
0.205128 , 0.846154 , 1.429552
0.205128 , 0.871795 , 1.425631
0.205128 , 0.897436 , 1.422954
0.205128 , 0.923077 , 1.420097
0.205128 , 0.948718 , 1.419013
0.205128 , 0.974359 , 1.417269
0.205128 , 1.000000 , 1.416733
0.230769 , 0.000000 , 1.825839
0.230769 , 0.025641 , 1.825950
0.230769 , 0.051282 , 1.826222
0.230769 , 0.076923 , 1.826499
0.230769 , 0.102564 , 1.825838
0.230769 , 0.128205 , 1.824883
0.230769 , 0.153846 , 1.823157
0.230769 , 0.179487 , 1.820239
0.230769 , 0.205128 , 1.815455
0.230769 , 0.230769 , 1.808829
0.230769 , 0.256410 , 1.800811
0.230769 , 0.282051 , 1.790924
0.230769 , 0.307692 , 1.779129
0.230769 , 0.333333 , 1.765352
0.230769 , 0.358974 , 1.749703
0.230769 , 0.384615 , 1.732101
0.230769 , 0.410256 , 1.713228
0.230769 , 0.435897 , 1.693411
0.230769 , 0.461538 , 1.672309
0.230769 , 0.487179 , 1.651784
0.230769 , 0.512821 , 1.631064
0.230769 , 0.538462 , 1.609688
0.230769 , 0.564103 , 1.588314
0.230769 , 0.589744 , 1.567689
0.230769 , 0.615385 , 1.548532
0.230769 , 0.641026 , 1.531089
0.230769 , 0.666667 , 1.514649
0.230769 , 0.692308 , 1.498886
0.230769 , 0.717949 , 1.484777
0.230769 , 0.743590 , 1.471822
0.230769 , 0.769231 , 1.461136
0.230769 , 0.794872 , 1.453437
0.230769 , 0.820513 , 1.446687
0.230769 , 0.846154 , 1.441047
0.230769 , 0.871795 , 1.436301
0.230769 , 0.897436 , 1.432717
0.230769 , 0.923077 , 1.430613
0.230769 , 0.948718 , 1.429252
0.230769 , 0.974359 , 1.428790
0.230769 , 1.000000 , 1.428750
0.256410 , 0.000000 , 1.856044
0.256410 , 0.025641 , 1.855774
0.256410 , 0.051282 , 1.855637
0.256410 , 0.076923 , 1.855725
0.256410 , 0.102564 , 1.854988
0.256410 , 0.128205 , 1.852895
0.256410 , 0.153846 , 1.850574
0.256410 , 0.179487 , 1.847119
0.256410 , 0.205128 , 1.841737
0.256410 , 0.230769 , 1.834765
0.256410 , 0.256410 , 1.825858
0.256410 , 0.282051 , 1.815674
0.256410 , 0.307692 , 1.802759
0.256410 , 0.333333 , 1.788200
0.256410 , 0.358974 , 1.771438
0.256410 , 0.384615 , 1.753238
0.256410 , 0.410256 , 1.734297
0.256410 , 0.435897 , 1.714646
0.256410 , 0.461538 , 1.693507
0.256410 , 0.487179 , 1.671807
0.256410 , 0.512821 , 1.649929
0.256410 , 0.538462 , 1.627494
0.256410 , 0.564103 , 1.605116
0.256410 , 0.589744 , 1.583851
0.256410 , 0.615385 , 1.562886
0.256410 , 0.641026 , 1.543310
0.256410 , 0.666667 , 1.525636
0.256410 , 0.692308 , 1.509067
0.256410 , 0.717949 , 1.494308
0.256410 , 0.743590 , 1.481286
0.256410 , 0.769231 , 1.470548
0.256410 , 0.794872 , 1.462028
0.256410 , 0.820513 , 1.454896
0.256410 , 0.846154 , 1.448087
0.256410 , 0.871795 , 1.442029
0.256410 , 0.897436 , 1.436588
0.256410 , 0.923077 , 1.434575
0.256410 , 0.948718 , 1.434281
0.256410 , 0.974359 , 1.433950
0.256410 , 1.000000 , 1.433952
0.282051 , 0.000000 , 1.876752
0.282051 , 0.025641 , 1.876591
0.282051 , 0.051282 , 1.875829
0.282051 , 0.076923 , 1.875011
0.282051 , 0.102564 , 1.873610
0.282051 , 0.128205 , 1.870760
0.282051 , 0.153846 , 1.867296
0.282051 , 0.179487 , 1.862984
0.282051 , 0.205128 , 1.857756
0.282051 , 0.230769 , 1.850339
0.282051 , 0.256410 , 1.840805
0.282051 , 0.282051 , 1.829401
0.282051 , 0.307692 , 1.816013
0.282051 , 0.333333 , 1.801099
0.282051 , 0.358974 , 1.784191
0.282051 , 0.384615 , 1.766154
0.282051 , 0.410256 , 1.747376
0.282051 , 0.435897 , 1.727473
0.282051 , 0.461538 , 1.706326
0.282051 , 0.487179 , 1.684098
0.282051 , 0.512821 , 1.661061
0.282051 , 0.538462 , 1.638076
0.282051 , 0.564103 , 1.615425
0.282051 , 0.589744 , 1.593531
0.282051 , 0.615385 , 1.571823
0.282051 , 0.641026 , 1.551184
0.282051 , 0.666667 , 1.532146
0.282051 , 0.692308 , 1.514710
0.282051 , 0.717949 , 1.499383
0.282051 , 0.743590 , 1.486213
0.282051 , 0.769231 , 1.474715
0.282051 , 0.794872 , 1.465044
0.282051 , 0.820513 , 1.456617
0.282051 , 0.846154 , 1.449244
0.282051 , 0.871795 , 1.441833
0.282051 , 0.897436 , 1.436480
0.282051 , 0.923077 , 1.434341
0.282051 , 0.948718 , 1.433500
0.282051 , 0.974359 , 1.433113
0.282051 , 1.000000 , 1.433572
0.307692 , 0.000000 , 1.887676
0.307692 , 0.025641 , 1.887293
0.307692 , 0.051282 , 1.886249
0.307692 , 0.076923 , 1.884839
0.307692 , 0.102564 , 1.882383
0.307692 , 0.128205 , 1.878751
0.307692 , 0.153846 , 1.874918
0.307692 , 0.179487 , 1.869786
0.307692 , 0.205128 , 1.863908
0.307692 , 0.230769 , 1.855878
0.307692 , 0.256410 , 1.846317
0.307692 , 0.282051 , 1.834565
0.307692 , 0.307692 , 1.820640
0.307692 , 0.333333 , 1.805508
0.307692 , 0.358974 , 1.789330
0.307692 , 0.384615 , 1.770963
0.307692 , 0.410256 , 1.751867
0.307692 , 0.435897 , 1.731674
0.307692 , 0.461538 , 1.710470
0.307692 , 0.487179 , 1.688512
0.307692 , 0.512821 , 1.665659
0.307692 , 0.538462 , 1.642490
0.307692 , 0.564103 , 1.619735
0.307692 , 0.589744 , 1.597489
0.307692 , 0.615385 , 1.575997
0.307692 , 0.641026 , 1.554896
0.307692 , 0.666667 , 1.534736
0.307692 , 0.692308 , 1.516957
0.307692 , 0.717949 , 1.501010
0.307692 , 0.743590 , 1.486952
0.307692 , 0.769231 , 1.474157
0.307692 , 0.794872 , 1.462691
0.307692 , 0.820513 , 1.453074
0.307692 , 0.846154 , 1.444564
0.307692 , 0.871795 , 1.436826
0.307692 , 0.897436 , 1.431778
0.307692 , 0.923077 , 1.429199
0.307692 , 0.948718 , 1.428175
0.307692 , 0.974359 , 1.427720
0.307692 , 1.000000 , 1.428120
0.333333 , 0.000000 , 1.889766
0.333333 , 0.025641 , 1.889605
0.333333 , 0.051282 , 1.888474
0.333333 , 0.076923 , 1.886441
0.333333 , 0.102564 , 1.883450
0.333333 , 0.128205 , 1.879333
0.333333 , 0.153846 , 1.874796
0.333333 , 0.179487 , 1.868510
0.333333 , 0.205128 , 1.861422
0.333333 , 0.230769 , 1.852269
0.333333 , 0.256410 , 1.841789
0.333333 , 0.282051 , 1.829857
0.333333 , 0.307692 , 1.816563
0.333333 , 0.333333 , 1.801679
0.333333 , 0.358974 , 1.785491
0.333333 , 0.384615 , 1.767813
0.333333 , 0.410256 , 1.748474
0.333333 , 0.435897 , 1.728698
0.333333 , 0.461538 , 1.707912
0.333333 , 0.487179 , 1.687000
0.333333 , 0.512821 , 1.664983
0.333333 , 0.538462 , 1.641822
0.333333 , 0.564103 , 1.618946
0.333333 , 0.589744 , 1.596054
0.333333 , 0.615385 , 1.574547
0.333333 , 0.641026 , 1.553095
0.333333 , 0.666667 , 1.533296
0.333333 , 0.692308 , 1.514933
0.333333 , 0.717949 , 1.498371
0.333333 , 0.743590 , 1.483835
0.333333 , 0.769231 , 1.470326
0.333333 , 0.794872 , 1.457291
0.333333 , 0.820513 , 1.446639
0.333333 , 0.846154 , 1.437470
0.333333 , 0.871795 , 1.429565
0.333333 , 0.897436 , 1.423825
0.333333 , 0.923077 , 1.420431
0.333333 , 0.948718 , 1.418919
0.333333 , 0.974359 , 1.417665
0.333333 , 1.000000 , 1.417986
0.358974 , 0.000000 , 1.884415
0.358974 , 0.025641 , 1.883975
0.358974 , 0.051282 , 1.882487
0.358974 , 0.076923 , 1.879785
0.358974 , 0.102564 , 1.876740
0.358974 , 0.128205 , 1.872277
0.358974 , 0.153846 , 1.866722
0.358974 , 0.179487 , 1.859351
0.358974 , 0.205128 , 1.851108
0.358974 , 0.230769 , 1.840905
0.358974 , 0.256410 , 1.829482
0.358974 , 0.282051 , 1.817466
0.358974 , 0.307692 , 1.804311
0.358974 , 0.333333 , 1.790297
0.358974 , 0.358974 , 1.774133
0.358974 , 0.384615 , 1.756649
0.358974 , 0.410256 , 1.738298
0.358974 , 0.435897 , 1.719655
0.358974 , 0.461538 , 1.700249
0.358974 , 0.487179 , 1.679477
0.358974 , 0.512821 , 1.658082
0.358974 , 0.538462 , 1.635410
0.358974 , 0.564103 , 1.612636
0.358974 , 0.589744 , 1.590378
0.358974 , 0.615385 , 1.568763
0.358974 , 0.641026 , 1.547656
0.358974 , 0.666667 , 1.527911
0.358974 , 0.692308 , 1.509294
0.358974 , 0.717949 , 1.492133
0.358974 , 0.743590 , 1.476069
0.358974 , 0.769231 , 1.461876
0.358974 , 0.794872 , 1.448823
0.358974 , 0.820513 , 1.437491
0.358974 , 0.846154 , 1.427870
0.358974 , 0.871795 , 1.419558
0.358974 , 0.897436 , 1.413252
0.358974 , 0.923077 , 1.409389
0.358974 , 0.948718 , 1.406621
0.358974 , 0.974359 , 1.404945
0.358974 , 1.000000 , 1.404187
0.384615 , 0.000000 , 1.872251
0.384615 , 0.025641 , 1.871355
0.384615 , 0.051282 , 1.868884
0.384615 , 0.076923 , 1.865650
0.384615 , 0.102564 , 1.862120
0.384615 , 0.128205 , 1.857635
0.384615 , 0.153846 , 1.851885
0.384615 , 0.179487 , 1.843980
0.384615 , 0.205128 , 1.835047
0.384615 , 0.230769 , 1.823969
0.384615 , 0.256410 , 1.811479
0.384615 , 0.282051 , 1.799276
0.384615 , 0.307692 , 1.786565
0.384615 , 0.333333 , 1.772427
0.384615 , 0.358974 , 1.756629
0.384615 , 0.384615 , 1.739897
0.384615 , 0.410256 , 1.722263
0.384615 , 0.435897 , 1.704581
0.384615 , 0.461538 , 1.686159
0.384615 , 0.487179 , 1.666586
0.384615 , 0.512821 , 1.645570
0.384615 , 0.538462 , 1.623921
0.384615 , 0.564103 , 1.601913
0.384615 , 0.589744 , 1.579712
0.384615 , 0.615385 , 1.558604
0.384615 , 0.641026 , 1.538149
0.384615 , 0.666667 , 1.518563
0.384615 , 0.692308 , 1.499147
0.384615 , 0.717949 , 1.481678
0.384615 , 0.743590 , 1.465022
0.384615 , 0.769231 , 1.450379
0.384615 , 0.794872 , 1.437474
0.384615 , 0.820513 , 1.425670
0.384615 , 0.846154 , 1.415466
0.384615 , 0.871795 , 1.406871
0.384615 , 0.897436 , 1.400190
0.384615 , 0.923077 , 1.395443
0.384615 , 0.948718 , 1.391941
0.384615 , 0.974359 , 1.390127
0.384615 , 1.000000 , 1.389134
0.410256 , 0.000000 , 1.853652
0.410256 , 0.025641 , 1.852552
0.410256 , 0.051282 , 1.849944
0.410256 , 0.076923 , 1.845857
0.410256 , 0.102564 , 1.842127
0.410256 , 0.128205 , 1.837010
0.410256 , 0.153846 , 1.830693
0.410256 , 0.179487 , 1.822586
0.410256 , 0.205128 , 1.813219
0.410256 , 0.230769 , 1.802550
0.410256 , 0.256410 , 1.789317
0.410256 , 0.282051 , 1.776624
0.410256 , 0.307692 , 1.763467
0.410256 , 0.333333 , 1.749718
0.410256 , 0.358974 , 1.734127
0.410256 , 0.384615 , 1.717530
0.410256 , 0.410256 , 1.701400
0.410256 , 0.435897 , 1.684948
0.410256 , 0.461538 , 1.667068
0.410256 , 0.487179 , 1.647813
0.410256 , 0.512821 , 1.628241
0.410256 , 0.538462 , 1.607759
0.410256 , 0.564103 , 1.586561
0.410256 , 0.589744 , 1.565612
0.410256 , 0.615385 , 1.544589
0.410256 , 0.641026 , 1.524307
0.410256 , 0.666667 , 1.505398
0.410256 , 0.692308 , 1.485846
0.410256 , 0.717949 , 1.467780
0.410256 , 0.743590 , 1.450994
0.410256 , 0.769231 , 1.436118
0.410256 , 0.794872 , 1.423141
0.410256 , 0.820513 , 1.410983
0.410256 , 0.846154 , 1.400432
0.410256 , 0.871795 , 1.391628
0.410256 , 0.897436 , 1.384976
0.410256 , 0.923077 , 1.379720
0.410256 , 0.948718 , 1.376095
0.410256 , 0.974359 , 1.373964
0.410256 , 1.000000 , 1.372926
0.435897 , 0.000000 , 1.829827
0.435897 , 0.025641 , 1.829205
0.435897 , 0.051282 , 1.826166
0.435897 , 0.076923 , 1.822520
0.435897 , 0.102564 , 1.818051
0.435897 , 0.128205 , 1.812212
0.435897 , 0.153846 , 1.804902
0.435897 , 0.179487 , 1.796703
0.435897 , 0.205128 , 1.787327
0.435897 , 0.230769 , 1.775936
0.435897 , 0.256410 , 1.762528
0.435897 , 0.282051 , 1.748836
0.435897 , 0.307692 , 1.735717
0.435897 , 0.333333 , 1.721900
0.435897 , 0.358974 , 1.707583
0.435897 , 0.384615 , 1.691742
0.435897 , 0.410256 , 1.676101
0.435897 , 0.435897 , 1.660601
0.435897 , 0.461538 , 1.643493
0.435897 , 0.487179 , 1.625548
0.435897 , 0.512821 , 1.606801
0.435897 , 0.538462 , 1.587576
0.435897 , 0.564103 , 1.567308
0.435897 , 0.589744 , 1.546916
0.435897 , 0.615385 , 1.527135
0.435897 , 0.641026 , 1.507301
0.435897 , 0.666667 , 1.488922
0.435897 , 0.692308 , 1.470999
0.435897 , 0.717949 , 1.452929
0.435897 , 0.743590 , 1.435601
0.435897 , 0.769231 , 1.419918
0.435897 , 0.794872 , 1.406273
0.435897 , 0.820513 , 1.393938
0.435897 , 0.846154 , 1.383556
0.435897 , 0.871795 , 1.374545
0.435897 , 0.897436 , 1.367581
0.435897 , 0.923077 , 1.361708
0.435897 , 0.948718 , 1.358055
0.435897 , 0.974359 , 1.355971
0.435897 , 1.000000 , 1.354900
0.461538 , 0.000000 , 1.802717
0.461538 , 0.025641 , 1.802340
0.461538 , 0.051282 , 1.799252
0.461538 , 0.076923 , 1.795188
0.461538 , 0.102564 , 1.790320
0.461538 , 0.128205 , 1.784081
0.461538 , 0.153846 , 1.775734
0.461538 , 0.179487 , 1.767081
0.461538 , 0.205128 , 1.757649
0.461538 , 0.230769 , 1.745396
0.461538 , 0.256410 , 1.731636
0.461538 , 0.282051 , 1.717962
0.461538 , 0.307692 , 1.704628
0.461538 , 0.333333 , 1.690844
0.461538 , 0.358974 , 1.676893
0.461538 , 0.384615 , 1.662241
0.461538 , 0.410256 , 1.647538
0.461538 , 0.435897 , 1.632406
0.461538 , 0.461538 , 1.615786
0.461538 , 0.487179 , 1.598836
0.461538 , 0.512821 , 1.581565
0.461538 , 0.538462 , 1.563768
0.461538 , 0.564103 , 1.545153
0.461538 , 0.589744 , 1.525393
0.461538 , 0.615385 , 1.506074
0.461538 , 0.641026 , 1.487475
0.461538 , 0.666667 , 1.469462
0.461538 , 0.692308 , 1.452443
0.461538 , 0.717949 , 1.435312
0.461538 , 0.743590 , 1.418519
0.461538 , 0.769231 , 1.402382
0.461538 , 0.794872 , 1.388141
0.461538 , 0.820513 , 1.375421
0.461538 , 0.846154 , 1.364928
0.461538 , 0.871795 , 1.355316
0.461538 , 0.897436 , 1.347985
0.461538 , 0.923077 , 1.342377
0.461538 , 0.948718 , 1.339056
0.461538 , 0.974359 , 1.336688
0.461538 , 1.000000 , 1.335567
0.487179 , 0.000000 , 1.773096
0.487179 , 0.025641 , 1.772597
0.487179 , 0.051282 , 1.769555
0.487179 , 0.076923 , 1.764496
0.487179 , 0.102564 , 1.758698
0.487179 , 0.128205 , 1.752141
0.487179 , 0.153846 , 1.742939
0.487179 , 0.179487 , 1.733908
0.487179 , 0.205128 , 1.723785
0.487179 , 0.230769 , 1.711269
0.487179 , 0.256410 , 1.696924
0.487179 , 0.282051 , 1.683058
0.487179 , 0.307692 , 1.670252
0.487179 , 0.333333 , 1.656999
0.487179 , 0.358974 , 1.643770
0.487179 , 0.384615 , 1.630198
0.487179 , 0.410256 , 1.616047
0.487179 , 0.435897 , 1.601444
0.487179 , 0.461538 , 1.585464
0.487179 , 0.487179 , 1.569452
0.487179 , 0.512821 , 1.552648
0.487179 , 0.538462 , 1.535725
0.487179 , 0.564103 , 1.518689
0.487179 , 0.589744 , 1.500658
0.487179 , 0.615385 , 1.482699
0.487179 , 0.641026 , 1.465337
0.487179 , 0.666667 , 1.448352
0.487179 , 0.692308 , 1.432145
0.487179 , 0.717949 , 1.415637
0.487179 , 0.743590 , 1.399620
0.487179 , 0.769231 , 1.383753
0.487179 , 0.794872 , 1.368664
0.487179 , 0.820513 , 1.355768
0.487179 , 0.846154 , 1.345272
0.487179 , 0.871795 , 1.336029
0.487179 , 0.897436 , 1.328345
0.487179 , 0.923077 , 1.322724
0.487179 , 0.948718 , 1.318900
0.487179 , 0.974359 , 1.316262
0.487179 , 1.000000 , 1.315080
0.512821 , 0.000000 , 1.740786
0.512821 , 0.025641 , 1.740288
0.512821 , 0.051282 , 1.736876
0.512821 , 0.076923 , 1.731500
0.512821 , 0.102564 , 1.724561
0.512821 , 0.128205 , 1.717413
0.512821 , 0.153846 , 1.708060
0.512821 , 0.179487 , 1.697795
0.512821 , 0.205128 , 1.687362
0.512821 , 0.230769 , 1.674519
0.512821 , 0.256410 , 1.660458
0.512821 , 0.282051 , 1.646382
0.512821 , 0.307692 , 1.633689
0.512821 , 0.333333 , 1.620743
0.512821 , 0.358974 , 1.607815
0.512821 , 0.384615 , 1.594983
0.512821 , 0.410256 , 1.581739
0.512821 , 0.435897 , 1.567898
0.512821 , 0.461538 , 1.553189
0.512821 , 0.487179 , 1.537832
0.512821 , 0.512821 , 1.521834
0.512821 , 0.538462 , 1.505700
0.512821 , 0.564103 , 1.490292
0.512821 , 0.589744 , 1.473976
0.512821 , 0.615385 , 1.457704
0.512821 , 0.641026 , 1.441354
0.512821 , 0.666667 , 1.425415
0.512821 , 0.692308 , 1.409997
0.512821 , 0.717949 , 1.394617
0.512821 , 0.743590 , 1.379434
0.512821 , 0.769231 , 1.364034
0.512821 , 0.794872 , 1.349216
0.512821 , 0.820513 , 1.336141
0.512821 , 0.846154 , 1.324996
0.512821 , 0.871795 , 1.315527
0.512821 , 0.897436 , 1.308405
0.512821 , 0.923077 , 1.302583
0.512821 , 0.948718 , 1.297958
0.512821 , 0.974359 , 1.295671
0.512821 , 1.000000 , 1.294871
0.538462 , 0.000000 , 1.706551
0.538462 , 0.025641 , 1.705872
0.538462 , 0.051282 , 1.702454
0.538462 , 0.076923 , 1.696872
0.538462 , 0.102564 , 1.689041
0.538462 , 0.128205 , 1.680795
0.538462 , 0.153846 , 1.672079
0.538462 , 0.179487 , 1.661325
0.538462 , 0.205128 , 1.649842
0.538462 , 0.230769 , 1.636826
0.538462 , 0.256410 , 1.622928
0.538462 , 0.282051 , 1.609325
0.538462 , 0.307692 , 1.596491
0.538462 , 0.333333 , 1.583136
0.538462 , 0.358974 , 1.570110
0.538462 , 0.384615 , 1.557643
0.538462 , 0.410256 , 1.545076
0.538462 , 0.435897 , 1.532100
0.538462 , 0.461538 , 1.518706
0.538462 , 0.487179 , 1.504371
0.538462 , 0.512821 , 1.489634
0.538462 , 0.538462 , 1.474739
0.538462 , 0.564103 , 1.460761
0.538462 , 0.589744 , 1.446286
0.538462 , 0.615385 , 1.430930
0.538462 , 0.641026 , 1.415632
0.538462 , 0.666667 , 1.400660
0.538462 , 0.692308 , 1.385904
0.538462 , 0.717949 , 1.372059
0.538462 , 0.743590 , 1.358034
0.538462 , 0.769231 , 1.343746
0.538462 , 0.794872 , 1.329688
0.538462 , 0.820513 , 1.316865
0.538462 , 0.846154 , 1.305106
0.538462 , 0.871795 , 1.294573
0.538462 , 0.897436 , 1.287318
0.538462 , 0.923077 , 1.281455
0.538462 , 0.948718 , 1.276516
0.538462 , 0.974359 , 1.273811
0.538462 , 1.000000 , 1.273443
0.564103 , 0.000000 , 1.671696
0.564103 , 0.025641 , 1.670285
0.564103 , 0.051282 , 1.666612
0.564103 , 0.076923 , 1.660532
0.564103 , 0.102564 , 1.652087
0.564103 , 0.128205 , 1.643265
0.564103 , 0.153846 , 1.634114
0.564103 , 0.179487 , 1.623501
0.564103 , 0.205128 , 1.611625
0.564103 , 0.230769 , 1.597926
0.564103 , 0.256410 , 1.584295
0.564103 , 0.282051 , 1.570694
0.564103 , 0.307692 , 1.558014
0.564103 , 0.333333 , 1.545036
0.564103 , 0.358974 , 1.531916
0.564103 , 0.384615 , 1.519568
0.564103 , 0.410256 , 1.507529
0.564103 , 0.435897 , 1.494927
0.564103 , 0.461538 , 1.482748
0.564103 , 0.487179 , 1.469603
0.564103 , 0.512821 , 1.455992
0.564103 , 0.538462 , 1.442774
0.564103 , 0.564103 , 1.429583
0.564103 , 0.589744 , 1.416594
0.564103 , 0.615385 , 1.403064
0.564103 , 0.641026 , 1.389316
0.564103 , 0.666667 , 1.375304
0.564103 , 0.692308 , 1.361021
0.564103 , 0.717949 , 1.348325
0.564103 , 0.743590 , 1.335059
0.564103 , 0.769231 , 1.321956
0.564103 , 0.794872 , 1.308543
0.564103 , 0.820513 , 1.296080
0.564103 , 0.846154 , 1.284026
0.564103 , 0.871795 , 1.274187
0.564103 , 0.897436 , 1.266555
0.564103 , 0.923077 , 1.260402
0.564103 , 0.948718 , 1.254967
0.564103 , 0.974359 , 1.251575
0.564103 , 1.000000 , 1.250687
0.589744 , 0.000000 , 1.636153
0.589744 , 0.025641 , 1.634488
0.589744 , 0.051282 , 1.630019
0.589744 , 0.076923 , 1.623127
0.589744 , 0.102564 , 1.614679
0.589744 , 0.128205 , 1.605755
0.589744 , 0.153846 , 1.596117
0.589744 , 0.179487 , 1.585101
0.589744 , 0.205128 , 1.573072
0.589744 , 0.230769 , 1.558987
0.589744 , 0.256410 , 1.545584
0.589744 , 0.282051 , 1.531847
0.589744 , 0.307692 , 1.519210
0.589744 , 0.333333 , 1.506762
0.589744 , 0.358974 , 1.493915
0.589744 , 0.384615 , 1.481325
0.589744 , 0.410256 , 1.469670
0.589744 , 0.435897 , 1.457541
0.589744 , 0.461538 , 1.445902
0.589744 , 0.487179 , 1.433974
0.589744 , 0.512821 , 1.421918
0.589744 , 0.538462 , 1.410051
0.589744 , 0.564103 , 1.397843
0.589744 , 0.589744 , 1.386072
0.589744 , 0.615385 , 1.374247
0.589744 , 0.641026 , 1.362189
0.589744 , 0.666667 , 1.349646
0.589744 , 0.692308 , 1.336453
0.589744 , 0.717949 , 1.324123
0.589744 , 0.743590 , 1.311859
0.589744 , 0.769231 , 1.299523
0.589744 , 0.794872 , 1.286968
0.589744 , 0.820513 , 1.274927
0.589744 , 0.846154 , 1.264029
0.589744 , 0.871795 , 1.253562
0.589744 , 0.897436 , 1.245192
0.589744 , 0.923077 , 1.238706
0.589744 , 0.948718 , 1.233039
0.589744 , 0.974359 , 1.229821
0.589744 , 1.000000 , 1.228269
0.615385 , 0.000000 , 1.599726
0.615385 , 0.025641 , 1.598069
0.615385 , 0.051282 , 1.593522
0.615385 , 0.076923 , 1.586398
0.615385 , 0.102564 , 1.578082
0.615385 , 0.128205 , 1.568882
0.615385 , 0.153846 , 1.558820
0.615385 , 0.179487 , 1.547014
0.615385 , 0.205128 , 1.534979
0.615385 , 0.230769 , 1.521558
0.615385 , 0.256410 , 1.507554
0.615385 , 0.282051 , 1.493610
0.615385 , 0.307692 , 1.480511
0.615385 , 0.333333 , 1.468281
0.615385 , 0.358974 , 1.455640
0.615385 , 0.384615 , 1.443499
0.615385 , 0.410256 , 1.431934
0.615385 , 0.435897 , 1.420483
0.615385 , 0.461538 , 1.409233
0.615385 , 0.487179 , 1.398004
0.615385 , 0.512821 , 1.387393
0.615385 , 0.538462 , 1.376977
0.615385 , 0.564103 , 1.365500
0.615385 , 0.589744 , 1.355122
0.615385 , 0.615385 , 1.345194
0.615385 , 0.641026 , 1.334726
0.615385 , 0.666667 , 1.323735
0.615385 , 0.692308 , 1.311813
0.615385 , 0.717949 , 1.300043
0.615385 , 0.743590 , 1.288763
0.615385 , 0.769231 , 1.277744
0.615385 , 0.794872 , 1.265839
0.615385 , 0.820513 , 1.254621
0.615385 , 0.846154 , 1.244086
0.615385 , 0.871795 , 1.233716
0.615385 , 0.897436 , 1.224535
0.615385 , 0.923077 , 1.217664
0.615385 , 0.948718 , 1.211932
0.615385 , 0.974359 , 1.208905
0.615385 , 1.000000 , 1.207873
0.641026 , 0.000000 , 1.563632
0.641026 , 0.025641 , 1.562620
0.641026 , 0.051282 , 1.557718
0.641026 , 0.076923 , 1.550675
0.641026 , 0.102564 , 1.542344
0.641026 , 0.128205 , 1.533134
0.641026 , 0.153846 , 1.522423
0.641026 , 0.179487 , 1.509747
0.641026 , 0.205128 , 1.497155
0.641026 , 0.230769 , 1.484020
0.641026 , 0.256410 , 1.469836
0.641026 , 0.282051 , 1.455213
0.641026 , 0.307692 , 1.441520
0.641026 , 0.333333 , 1.429095
0.641026 , 0.358974 , 1.417163
0.641026 , 0.384615 , 1.405992
0.641026 , 0.410256 , 1.394823
0.641026 , 0.435897 , 1.383769
0.641026 , 0.461538 , 1.373168
0.641026 , 0.487179 , 1.362807
0.641026 , 0.512821 , 1.353393
0.641026 , 0.538462 , 1.343718
0.641026 , 0.564103 , 1.333710
0.641026 , 0.589744 , 1.324492
0.641026 , 0.615385 , 1.315706
0.641026 , 0.641026 , 1.306557
0.641026 , 0.666667 , 1.296709
0.641026 , 0.692308 , 1.286513
0.641026 , 0.717949 , 1.275634
0.641026 , 0.743590 , 1.265327
0.641026 , 0.769231 , 1.255057
0.641026 , 0.794872 , 1.244702
0.641026 , 0.820513 , 1.234253
0.641026 , 0.846154 , 1.224523
0.641026 , 0.871795 , 1.214389
0.641026 , 0.897436 , 1.205199
0.641026 , 0.923077 , 1.197607
0.641026 , 0.948718 , 1.191683
0.641026 , 0.974359 , 1.188763
0.641026 , 1.000000 , 1.187597
0.666667 , 0.000000 , 1.527739
0.666667 , 0.025641 , 1.527176
0.666667 , 0.051282 , 1.522799
0.666667 , 0.076923 , 1.515842
0.666667 , 0.102564 , 1.507111
0.666667 , 0.128205 , 1.498015
0.666667 , 0.153846 , 1.487466
0.666667 , 0.179487 , 1.474304
0.666667 , 0.205128 , 1.460599
0.666667 , 0.230769 , 1.446361
0.666667 , 0.256410 , 1.432160
0.666667 , 0.282051 , 1.417752
0.666667 , 0.307692 , 1.404713
0.666667 , 0.333333 , 1.391952
0.666667 , 0.358974 , 1.380107
0.666667 , 0.384615 , 1.369312
0.666667 , 0.410256 , 1.358216
0.666667 , 0.435897 , 1.347822
0.666667 , 0.461538 , 1.338525
0.666667 , 0.487179 , 1.328891
0.666667 , 0.512821 , 1.320104
0.666667 , 0.538462 , 1.311716
0.666667 , 0.564103 , 1.302678
0.666667 , 0.589744 , 1.294408
0.666667 , 0.615385 , 1.286509
0.666667 , 0.641026 , 1.278510
0.666667 , 0.666667 , 1.269128
0.666667 , 0.692308 , 1.260322
0.666667 , 0.717949 , 1.251116
0.666667 , 0.743590 , 1.241951
0.666667 , 0.769231 , 1.232136
0.666667 , 0.794872 , 1.223259
0.666667 , 0.820513 , 1.213328
0.666667 , 0.846154 , 1.203965
0.666667 , 0.871795 , 1.194652
0.666667 , 0.897436 , 1.185287
0.666667 , 0.923077 , 1.178126
0.666667 , 0.948718 , 1.172529
0.666667 , 0.974359 , 1.169070
0.666667 , 1.000000 , 1.167500
0.692308 , 0.000000 , 1.494116
0.692308 , 0.025641 , 1.492926
0.692308 , 0.051282 , 1.488314
0.692308 , 0.076923 , 1.482135
0.692308 , 0.102564 , 1.473562
0.692308 , 0.128205 , 1.463693
0.692308 , 0.153846 , 1.452906
0.692308 , 0.179487 , 1.440532
0.692308 , 0.205128 , 1.426004
0.692308 , 0.230769 , 1.411729
0.692308 , 0.256410 , 1.398273
0.692308 , 0.282051 , 1.383603
0.692308 , 0.307692 , 1.370446
0.692308 , 0.333333 , 1.357614
0.692308 , 0.358974 , 1.345350
0.692308 , 0.384615 , 1.334458
0.692308 , 0.410256 , 1.324132
0.692308 , 0.435897 , 1.314005
0.692308 , 0.461538 , 1.305151
0.692308 , 0.487179 , 1.296287
0.692308 , 0.512821 , 1.287761
0.692308 , 0.538462 , 1.280217
0.692308 , 0.564103 , 1.272208
0.692308 , 0.589744 , 1.264808
0.692308 , 0.615385 , 1.257596
0.692308 , 0.641026 , 1.250789
0.692308 , 0.666667 , 1.242855
0.692308 , 0.692308 , 1.234490
0.692308 , 0.717949 , 1.227255
0.692308 , 0.743590 , 1.219274
0.692308 , 0.769231 , 1.209971
0.692308 , 0.794872 , 1.201595
0.692308 , 0.820513 , 1.193220
0.692308 , 0.846154 , 1.184160
0.692308 , 0.871795 , 1.175182
0.692308 , 0.897436 , 1.167252
0.692308 , 0.923077 , 1.159949
0.692308 , 0.948718 , 1.154881
0.692308 , 0.974359 , 1.151218
0.692308 , 1.000000 , 1.149594
0.717949 , 0.000000 , 1.461864
0.717949 , 0.025641 , 1.460699
0.717949 , 0.051282 , 1.456525
0.717949 , 0.076923 , 1.450483
0.717949 , 0.102564 , 1.441867
0.717949 , 0.128205 , 1.431594
0.717949 , 0.153846 , 1.420714
0.717949 , 0.179487 , 1.408575
0.717949 , 0.205128 , 1.394429
0.717949 , 0.230769 , 1.380890
0.717949 , 0.256410 , 1.367411
0.717949 , 0.282051 , 1.353087
0.717949 , 0.307692 , 1.339157
0.717949 , 0.333333 , 1.326526
0.717949 , 0.358974 , 1.313787
0.717949 , 0.384615 , 1.302597
0.717949 , 0.410256 , 1.292475
0.717949 , 0.435897 , 1.282710
0.717949 , 0.461538 , 1.273941
0.717949 , 0.487179 , 1.265561
0.717949 , 0.512821 , 1.257681
0.717949 , 0.538462 , 1.250390
0.717949 , 0.564103 , 1.243522
0.717949 , 0.589744 , 1.236524
0.717949 , 0.615385 , 1.229676
0.717949 , 0.641026 , 1.223158
0.717949 , 0.666667 , 1.216734
0.717949 , 0.692308 , 1.208912
0.717949 , 0.717949 , 1.202799
0.717949 , 0.743590 , 1.196497
0.717949 , 0.769231 , 1.188235
0.717949 , 0.794872 , 1.180532
0.717949 , 0.820513 , 1.172887
0.717949 , 0.846154 , 1.165008
0.717949 , 0.871795 , 1.156292
0.717949 , 0.897436 , 1.149209
0.717949 , 0.923077 , 1.142237
0.717949 , 0.948718 , 1.136984
0.717949 , 0.974359 , 1.133355
0.717949 , 1.000000 , 1.131762
0.743590 , 0.000000 , 1.431837
0.743590 , 0.025641 , 1.430887
0.743590 , 0.051282 , 1.427005
0.743590 , 0.076923 , 1.421131
0.743590 , 0.102564 , 1.412867
0.743590 , 0.128205 , 1.402124
0.743590 , 0.153846 , 1.391090
0.743590 , 0.179487 , 1.378630
0.743590 , 0.205128 , 1.364731
0.743590 , 0.230769 , 1.351224
0.743590 , 0.256410 , 1.338010
0.743590 , 0.282051 , 1.324051
0.743590 , 0.307692 , 1.310417
0.743590 , 0.333333 , 1.298168
0.743590 , 0.358974 , 1.285537
0.743590 , 0.384615 , 1.273911
0.743590 , 0.410256 , 1.263542
0.743590 , 0.435897 , 1.253493
0.743590 , 0.461538 , 1.244869
0.743590 , 0.487179 , 1.237120
0.743590 , 0.512821 , 1.229156
0.743590 , 0.538462 , 1.221752
0.743590 , 0.564103 , 1.214745
0.743590 , 0.589744 , 1.208663
0.743590 , 0.615385 , 1.202285
0.743590 , 0.641026 , 1.196653
0.743590 , 0.666667 , 1.191133
0.743590 , 0.692308 , 1.184115
0.743590 , 0.717949 , 1.178076
0.743590 , 0.743590 , 1.172799
0.743590 , 0.769231 , 1.165624
0.743590 , 0.794872 , 1.159149
0.743590 , 0.820513 , 1.151464
0.743590 , 0.846154 , 1.144032
0.743590 , 0.871795 , 1.136727
0.743590 , 0.897436 , 1.130254
0.743590 , 0.923077 , 1.124037
0.743590 , 0.948718 , 1.118902
0.743590 , 0.974359 , 1.115374
0.743590 , 1.000000 , 1.114344
0.769231 , 0.000000 , 1.404707
0.769231 , 0.025641 , 1.403696
0.769231 , 0.051282 , 1.399486
0.769231 , 0.076923 , 1.393426
0.769231 , 0.102564 , 1.385435
0.769231 , 0.128205 , 1.374361
0.769231 , 0.153846 , 1.362880
0.769231 , 0.179487 , 1.350575
0.769231 , 0.205128 , 1.337794
0.769231 , 0.230769 , 1.323981
0.769231 , 0.256410 , 1.310861
0.769231 , 0.282051 , 1.297979
0.769231 , 0.307692 , 1.284680
0.769231 , 0.333333 , 1.272927
0.769231 , 0.358974 , 1.260582
0.769231 , 0.384615 , 1.247807
0.769231 , 0.410256 , 1.237232
0.769231 , 0.435897 , 1.227349
0.769231 , 0.461538 , 1.218703
0.769231 , 0.487179 , 1.210720
0.769231 , 0.512821 , 1.202817
0.769231 , 0.538462 , 1.195275
0.769231 , 0.564103 , 1.187578
0.769231 , 0.589744 , 1.181646
0.769231 , 0.615385 , 1.176551
0.769231 , 0.641026 , 1.171149
0.769231 , 0.666667 , 1.166289
0.769231 , 0.692308 , 1.160114
0.769231 , 0.717949 , 1.153620
0.769231 , 0.743590 , 1.148774
0.769231 , 0.769231 , 1.143095
0.769231 , 0.794872 , 1.137319
0.769231 , 0.820513 , 1.131021
0.769231 , 0.846154 , 1.123808
0.769231 , 0.871795 , 1.117563
0.769231 , 0.897436 , 1.111145
0.769231 , 0.923077 , 1.105335
0.769231 , 0.948718 , 1.100924
0.769231 , 0.974359 , 1.097620
0.769231 , 1.000000 , 1.096518
0.794872 , 0.000000 , 1.380195
0.794872 , 0.025641 , 1.378538
0.794872 , 0.051282 , 1.374631
0.794872 , 0.076923 , 1.368789
0.794872 , 0.102564 , 1.360422
0.794872 , 0.128205 , 1.349408
0.794872 , 0.153846 , 1.338462
0.794872 , 0.179487 , 1.326469
0.794872 , 0.205128 , 1.314295
0.794872 , 0.230769 , 1.300682
0.794872 , 0.256410 , 1.287521
0.794872 , 0.282051 , 1.275012
0.794872 , 0.307692 , 1.261695
0.794872 , 0.333333 , 1.249311
0.794872 , 0.358974 , 1.237552
0.794872 , 0.384615 , 1.225103
0.794872 , 0.410256 , 1.213668
0.794872 , 0.435897 , 1.203954
0.794872 , 0.461538 , 1.195001
0.794872 , 0.487179 , 1.186418
0.794872 , 0.512821 , 1.178095
0.794872 , 0.538462 , 1.170493
0.794872 , 0.564103 , 1.162893
0.794872 , 0.589744 , 1.156650
0.794872 , 0.615385 , 1.151755
0.794872 , 0.641026 , 1.147335
0.794872 , 0.666667 , 1.142081
0.794872 , 0.692308 , 1.136777
0.794872 , 0.717949 , 1.131592
0.794872 , 0.743590 , 1.126384
0.794872 , 0.769231 , 1.121567
0.794872 , 0.794872 , 1.115993
0.794872 , 0.820513 , 1.110944
0.794872 , 0.846154 , 1.105004
0.794872 , 0.871795 , 1.098961
0.794872 , 0.897436 , 1.092243
0.794872 , 0.923077 , 1.086900
0.794872 , 0.948718 , 1.082588
0.794872 , 0.974359 , 1.079882
0.794872 , 1.000000 , 1.079133
0.820513 , 0.000000 , 1.357636
0.820513 , 0.025641 , 1.356322
0.820513 , 0.051282 , 1.352243
0.820513 , 0.076923 , 1.346137
0.820513 , 0.102564 , 1.338585
0.820513 , 0.128205 , 1.328289
0.820513 , 0.153846 , 1.317561
0.820513 , 0.179487 , 1.306325
0.820513 , 0.205128 , 1.294093
0.820513 , 0.230769 , 1.281054
0.820513 , 0.256410 , 1.267721
0.820513 , 0.282051 , 1.255150
0.820513 , 0.307692 , 1.241971
0.820513 , 0.333333 , 1.228881
0.820513 , 0.358974 , 1.216859
0.820513 , 0.384615 , 1.205078
0.820513 , 0.410256 , 1.193172
0.820513 , 0.435897 , 1.182652
0.820513 , 0.461538 , 1.173246
0.820513 , 0.487179 , 1.164228
0.820513 , 0.512821 , 1.155646
0.820513 , 0.538462 , 1.147727
0.820513 , 0.564103 , 1.140249
0.820513 , 0.589744 , 1.134077
0.820513 , 0.615385 , 1.129135
0.820513 , 0.641026 , 1.124244
0.820513 , 0.666667 , 1.119899
0.820513 , 0.692308 , 1.114556
0.820513 , 0.717949 , 1.110033
0.820513 , 0.743590 , 1.105626
0.820513 , 0.769231 , 1.100828
0.820513 , 0.794872 , 1.096325
0.820513 , 0.820513 , 1.091218
0.820513 , 0.846154 , 1.085501
0.820513 , 0.871795 , 1.079630
0.820513 , 0.897436 , 1.074248
0.820513 , 0.923077 , 1.069810
0.820513 , 0.948718 , 1.065603
0.820513 , 0.974359 , 1.062804
0.820513 , 1.000000 , 1.062679
0.846154 , 0.000000 , 1.338087
0.846154 , 0.025641 , 1.336804
0.846154 , 0.051282 , 1.332545
0.846154 , 0.076923 , 1.326697
0.846154 , 0.102564 , 1.319091
0.846154 , 0.128205 , 1.310477
0.846154 , 0.153846 , 1.299659
0.846154 , 0.179487 , 1.288482
0.846154 , 0.205128 , 1.276618
0.846154 , 0.230769 , 1.262718
0.846154 , 0.256410 , 1.248854
0.846154 , 0.282051 , 1.235803
0.846154 , 0.307692 , 1.223169
0.846154 , 0.333333 , 1.210463
0.846154 , 0.358974 , 1.198538
0.846154 , 0.384615 , 1.187007
0.846154 , 0.410256 , 1.174843
0.846154 , 0.435897 , 1.163968
0.846154 , 0.461538 , 1.154005
0.846154 , 0.487179 , 1.144749
0.846154 , 0.512821 , 1.135757
0.846154 , 0.538462 , 1.127554
0.846154 , 0.564103 , 1.120162
0.846154 , 0.589744 , 1.113938
0.846154 , 0.615385 , 1.108862
0.846154 , 0.641026 , 1.102833
0.846154 , 0.666667 , 1.097924
0.846154 , 0.692308 , 1.093612
0.846154 , 0.717949 , 1.089373
0.846154 , 0.743590 , 1.085506
0.846154 , 0.769231 , 1.080961
0.846154 , 0.794872 , 1.077107
0.846154 , 0.820513 , 1.072819
0.846154 , 0.846154 , 1.067813
0.846154 , 0.871795 , 1.062918
0.846154 , 0.897436 , 1.058578
0.846154 , 0.923077 , 1.054528
0.846154 , 0.948718 , 1.050723
0.846154 , 0.974359 , 1.048285
0.846154 , 1.000000 , 1.047542
0.871795 , 0.000000 , 1.320860
0.871795 , 0.025641 , 1.319552
0.871795 , 0.051282 , 1.315926
0.871795 , 0.076923 , 1.309867
0.871795 , 0.102564 , 1.302493
0.871795 , 0.128205 , 1.294540
0.871795 , 0.153846 , 1.284148
0.871795 , 0.179487 , 1.272144
0.871795 , 0.205128 , 1.260290
0.871795 , 0.230769 , 1.247481
0.871795 , 0.256410 , 1.233613
0.871795 , 0.282051 , 1.220231
0.871795 , 0.307692 , 1.207529
0.871795 , 0.333333 , 1.195158
0.871795 , 0.358974 , 1.183303
0.871795 , 0.384615 , 1.171506
0.871795 , 0.410256 , 1.159418
0.871795 , 0.435897 , 1.148187
0.871795 , 0.461538 , 1.138131
0.871795 , 0.487179 , 1.129055
0.871795 , 0.512821 , 1.120295
0.871795 , 0.538462 , 1.111128
0.871795 , 0.564103 , 1.103576
0.871795 , 0.589744 , 1.096987
0.871795 , 0.615385 , 1.091371
0.871795 , 0.641026 , 1.085211
0.871795 , 0.666667 , 1.079848
0.871795 , 0.692308 , 1.075904
0.871795 , 0.717949 , 1.072002
0.871795 , 0.743590 , 1.067625
0.871795 , 0.769231 , 1.063473
0.871795 , 0.794872 , 1.060153
0.871795 , 0.820513 , 1.056176
0.871795 , 0.846154 , 1.051130
0.871795 , 0.871795 , 1.047104
0.871795 , 0.897436 , 1.043411
0.871795 , 0.923077 , 1.039674
0.871795 , 0.948718 , 1.036743
0.871795 , 0.974359 , 1.035233
0.871795 , 1.000000 , 1.034974
0.897436 , 0.000000 , 1.305736
0.897436 , 0.025641 , 1.304788
0.897436 , 0.051282 , 1.302252
0.897436 , 0.076923 , 1.296770
0.897436 , 0.102564 , 1.289690
0.897436 , 0.128205 , 1.280989
0.897436 , 0.153846 , 1.270900
0.897436 , 0.179487 , 1.258958
0.897436 , 0.205128 , 1.247299
0.897436 , 0.230769 , 1.234911
0.897436 , 0.256410 , 1.221848
0.897436 , 0.282051 , 1.208897
0.897436 , 0.307692 , 1.196536
0.897436 , 0.333333 , 1.184046
0.897436 , 0.358974 , 1.171462
0.897436 , 0.384615 , 1.158854
0.897436 , 0.410256 , 1.146553
0.897436 , 0.435897 , 1.135781
0.897436 , 0.461538 , 1.126023
0.897436 , 0.487179 , 1.116563
0.897436 , 0.512821 , 1.107522
0.897436 , 0.538462 , 1.098494
0.897436 , 0.564103 , 1.090523
0.897436 , 0.589744 , 1.083071
0.897436 , 0.615385 , 1.076689
0.897436 , 0.641026 , 1.070636
0.897436 , 0.666667 , 1.065594
0.897436 , 0.692308 , 1.060832
0.897436 , 0.717949 , 1.056750
0.897436 , 0.743590 , 1.052690
0.897436 , 0.769231 , 1.048197
0.897436 , 0.794872 , 1.045247
0.897436 , 0.820513 , 1.041639
0.897436 , 0.846154 , 1.037255
0.897436 , 0.871795 , 1.033406
0.897436 , 0.897436 , 1.030067
0.897436 , 0.923077 , 1.027092
0.897436 , 0.948718 , 1.024584
0.897436 , 0.974359 , 1.023229
0.897436 , 1.000000 , 1.023176
0.923077 , 0.000000 , 1.294397
0.923077 , 0.025641 , 1.293722
0.923077 , 0.051282 , 1.290910
0.923077 , 0.076923 , 1.285988
0.923077 , 0.102564 , 1.279592
0.923077 , 0.128205 , 1.270762
0.923077 , 0.153846 , 1.260808
0.923077 , 0.179487 , 1.249763
0.923077 , 0.205128 , 1.237430
0.923077 , 0.230769 , 1.225722
0.923077 , 0.256410 , 1.212831
0.923077 , 0.282051 , 1.200149
0.923077 , 0.307692 , 1.187704
0.923077 , 0.333333 , 1.175260
0.923077 , 0.358974 , 1.163048
0.923077 , 0.384615 , 1.150533
0.923077 , 0.410256 , 1.137896
0.923077 , 0.435897 , 1.126535
0.923077 , 0.461538 , 1.116124
0.923077 , 0.487179 , 1.106240
0.923077 , 0.512821 , 1.096840
0.923077 , 0.538462 , 1.088005
0.923077 , 0.564103 , 1.079959
0.923077 , 0.589744 , 1.072318
0.923077 , 0.615385 , 1.065229
0.923077 , 0.641026 , 1.059149
0.923077 , 0.666667 , 1.053811
0.923077 , 0.692308 , 1.049063
0.923077 , 0.717949 , 1.044236
0.923077 , 0.743590 , 1.040302
0.923077 , 0.769231 , 1.036903
0.923077 , 0.794872 , 1.033452
0.923077 , 0.820513 , 1.029911
0.923077 , 0.846154 , 1.025895
0.923077 , 0.871795 , 1.022433
0.923077 , 0.897436 , 1.019528
0.923077 , 0.923077 , 1.016961
0.923077 , 0.948718 , 1.014458
0.923077 , 0.974359 , 1.013317
0.923077 , 1.000000 , 1.013090
0.948718 , 0.000000 , 1.286128
0.948718 , 0.025641 , 1.285999
0.948718 , 0.051282 , 1.282919
0.948718 , 0.076923 , 1.277921
0.948718 , 0.102564 , 1.271332
0.948718 , 0.128205 , 1.262899
0.948718 , 0.153846 , 1.253146
0.948718 , 0.179487 , 1.243169
0.948718 , 0.205128 , 1.231435
0.948718 , 0.230769 , 1.218511
0.948718 , 0.256410 , 1.205625
0.948718 , 0.282051 , 1.192989
0.948718 , 0.307692 , 1.181069
0.948718 , 0.333333 , 1.168628
0.948718 , 0.358974 , 1.156600
0.948718 , 0.384615 , 1.144439
0.948718 , 0.410256 , 1.132607
0.948718 , 0.435897 , 1.121053
0.948718 , 0.461538 , 1.110255
0.948718 , 0.487179 , 1.098864
0.948718 , 0.512821 , 1.088620
0.948718 , 0.538462 , 1.079830
0.948718 , 0.564103 , 1.071745
0.948718 , 0.589744 , 1.064019
0.948718 , 0.615385 , 1.056524
0.948718 , 0.641026 , 1.049938
0.948718 , 0.666667 , 1.044971
0.948718 , 0.692308 , 1.040089
0.948718 , 0.717949 , 1.035323
0.948718 , 0.743590 , 1.031159
0.948718 , 0.769231 , 1.028225
0.948718 , 0.794872 , 1.024728
0.948718 , 0.820513 , 1.021085
0.948718 , 0.846154 , 1.017597
0.948718 , 0.871795 , 1.014562
0.948718 , 0.897436 , 1.011862
0.948718 , 0.923077 , 1.009640
0.948718 , 0.948718 , 1.007236
0.948718 , 0.974359 , 1.006040
0.948718 , 1.000000 , 1.005882
0.974359 , 0.000000 , 1.281222
0.974359 , 0.025641 , 1.280787
0.974359 , 0.051282 , 1.278375
0.974359 , 0.076923 , 1.273364
0.974359 , 0.102564 , 1.266299
0.974359 , 0.128205 , 1.258077
0.974359 , 0.153846 , 1.248270
0.974359 , 0.179487 , 1.238914
0.974359 , 0.205128 , 1.228045
0.974359 , 0.230769 , 1.214679
0.974359 , 0.256410 , 1.201386
0.974359 , 0.282051 , 1.189053
0.974359 , 0.307692 , 1.177012
0.974359 , 0.333333 , 1.164796
0.974359 , 0.358974 , 1.152729
0.974359 , 0.384615 , 1.141161
0.974359 , 0.410256 , 1.129882
0.974359 , 0.435897 , 1.118090
0.974359 , 0.461538 , 1.106294
0.974359 , 0.487179 , 1.094937
0.974359 , 0.512821 , 1.084647
0.974359 , 0.538462 , 1.075657
0.974359 , 0.564103 , 1.067036
0.974359 , 0.589744 , 1.058517
0.974359 , 0.615385 , 1.050591
0.974359 , 0.641026 , 1.044146
0.974359 , 0.666667 , 1.038388
0.974359 , 0.692308 , 1.033663
0.974359 , 0.717949 , 1.029349
0.974359 , 0.743590 , 1.025133
0.974359 , 0.769231 , 1.021763
0.974359 , 0.794872 , 1.018125
0.974359 , 0.820513 , 1.015121
0.974359 , 0.846154 , 1.011999
0.974359 , 0.871795 , 1.009182
0.974359 , 0.897436 , 1.006842
0.974359 , 0.923077 , 1.004813
0.974359 , 0.948718 , 1.003047
0.974359 , 0.974359 , 1.001874
0.974359 , 1.000000 , 1.001533
1.000000 , 0.000000 , 1.279991
1.000000 , 0.025641 , 1.278816
1.000000 , 0.051282 , 1.276746
1.000000 , 0.076923 , 1.271966
1.000000 , 0.102564 , 1.265411
1.000000 , 0.128205 , 1.256267
1.000000 , 0.153846 , 1.246872
1.000000 , 0.179487 , 1.236788
1.000000 , 0.205128 , 1.226186
1.000000 , 0.230769 , 1.212924
1.000000 , 0.256410 , 1.199904
1.000000 , 0.282051 , 1.187202
1.000000 , 0.307692 , 1.175063
1.000000 , 0.333333 , 1.163639
1.000000 , 0.358974 , 1.151859
1.000000 , 0.384615 , 1.140181
1.000000 , 0.410256 , 1.128826
1.000000 , 0.435897 , 1.117129
1.000000 , 0.461538 , 1.105562
1.000000 , 0.487179 , 1.094012
1.000000 , 0.512821 , 1.083707
1.000000 , 0.538462 , 1.073976
1.000000 , 0.564103 , 1.064869
1.000000 , 0.589744 , 1.056302
1.000000 , 0.615385 , 1.048687
1.000000 , 0.641026 , 1.041703
1.000000 , 0.666667 , 1.035988
1.000000 , 0.692308 , 1.031156
1.000000 , 0.717949 , 1.027393
1.000000 , 0.743590 , 1.023514
1.000000 , 0.769231 , 1.019488
1.000000 , 0.794872 , 1.016206
1.000000 , 0.820513 , 1.012907
1.000000 , 0.846154 , 1.010009
1.000000 , 0.871795 , 1.007171
1.000000 , 0.897436 , 1.004872
1.000000 , 0.923077 , 1.003138
1.000000 , 0.948718 , 1.001282
1.000000 , 0.974359 , 1.000635
1.000000 , 1.000000 , 0.999655
