0.000000 , 0.000000 , 4.000000
0.000000 , 0.025641 , 4.000000
0.000000 , 0.051282 , 4.000000
0.000000 , 0.076923 , 4.000000
0.000000 , 0.102564 , 4.000000
0.000000 , 0.128205 , 4.000000
0.000000 , 0.153846 , 4.000000
0.000000 , 0.179487 , 4.000000
0.000000 , 0.205128 , 4.000000
0.000000 , 0.230769 , 4.000000
0.000000 , 0.256410 , 4.000000
0.000000 , 0.282051 , 4.000000
0.000000 , 0.307692 , 4.000000
0.000000 , 0.333333 , 4.000000
0.000000 , 0.358974 , 4.000000
0.000000 , 0.384615 , 4.000000
0.000000 , 0.410256 , 4.000000
0.000000 , 0.435897 , 4.000000
0.000000 , 0.461538 , 4.000000
0.000000 , 0.487179 , 4.000000
0.000000 , 0.512821 , 4.000000
0.000000 , 0.538462 , 4.000000
0.000000 , 0.564103 , 4.000000
0.000000 , 0.589744 , 4.000000
0.000000 , 0.615385 , 4.000000
0.000000 , 0.641026 , 4.000000
0.000000 , 0.666667 , 4.000000
0.000000 , 0.692308 , 4.000000
0.000000 , 0.717949 , 4.000000
0.000000 , 0.743590 , 4.000000
0.000000 , 0.769231 , 4.000000
0.000000 , 0.794872 , 4.000000
0.000000 , 0.820513 , 4.000000
0.000000 , 0.846154 , 4.000000
0.000000 , 0.871795 , 4.000000
0.000000 , 0.897436 , 4.000000
0.000000 , 0.923077 , 4.000000
0.000000 , 0.948718 , 4.000000
0.000000 , 0.974359 , 4.000000
0.000000 , 1.000000 , 4.000000
0.025641 , 0.000000 , 3.869604
0.025641 , 0.025641 , 3.869463
0.025641 , 0.051282 , 3.869271
0.025641 , 0.076923 , 3.869078
0.025641 , 0.102564 , 3.868439
0.025641 , 0.128205 , 3.867623
0.025641 , 0.153846 , 3.866556
0.025641 , 0.179487 , 3.864921
0.025641 , 0.205128 , 3.862667
0.025641 , 0.230769 , 3.859358
0.025641 , 0.256410 , 3.855494
0.025641 , 0.282051 , 3.851287
0.025641 , 0.307692 , 3.846952
0.025641 , 0.333333 , 3.842603
0.025641 , 0.358974 , 3.837509
0.025641 , 0.384615 , 3.831797
0.025641 , 0.410256 , 3.825688
0.025641 , 0.435897 , 3.820020
0.025641 , 0.461538 , 3.814378
0.025641 , 0.487179 , 3.808274
0.025641 , 0.512821 , 3.802097
0.025641 , 0.538462 , 3.795673
0.025641 , 0.564103 , 3.789718
0.025641 , 0.589744 , 3.784410
0.025641 , 0.615385 , 3.779414
0.025641 , 0.641026 , 3.774801
0.025641 , 0.666667 , 3.769513
0.025641 , 0.692308 , 3.764488
0.025641 , 0.717949 , 3.760239
0.025641 , 0.743590 , 3.756763
0.025641 , 0.769231 , 3.753448
0.025641 , 0.794872 , 3.751539
0.025641 , 0.820513 , 3.748760
0.025641 , 0.846154 , 3.746084
0.025641 , 0.871795 , 3.744607
0.025641 , 0.897436 , 3.742968
0.025641 , 0.923077 , 3.742209
0.025641 , 0.948718 , 3.741292
0.025641 , 0.974359 , 3.740729
0.025641 , 1.000000 , 3.740945
0.051282 , 0.000000 , 3.740045
0.051282 , 0.025641 , 3.739852
0.051282 , 0.051282 , 3.739920
0.051282 , 0.076923 , 3.738678
0.051282 , 0.102564 , 3.737448
0.051282 , 0.128205 , 3.735765
0.051282 , 0.153846 , 3.733536
0.051282 , 0.179487 , 3.729844
0.051282 , 0.205128 , 3.724710
0.051282 , 0.230769 , 3.718184
0.051282 , 0.256410 , 3.710938
0.051282 , 0.282051 , 3.702939
0.051282 , 0.307692 , 3.693992
0.051282 , 0.333333 , 3.684970
0.051282 , 0.358974 , 3.674625
0.051282 , 0.384615 , 3.663381
0.051282 , 0.410256 , 3.651327
0.051282 , 0.435897 , 3.639449
0.051282 , 0.461538 , 3.627852
0.051282 , 0.487179 , 3.616108
0.051282 , 0.512821 , 3.604325
0.051282 , 0.538462 , 3.592437
0.051282 , 0.564103 , 3.581538
0.051282 , 0.589744 , 3.570826
0.051282 , 0.615385 , 3.560009
0.051282 , 0.641026 , 3.550430
0.051282 , 0.666667 , 3.540988
0.051282 , 0.692308 , 3.531690
0.051282 , 0.717949 , 3.523010
0.051282 , 0.743590 , 3.515614
0.051282 , 0.769231 , 3.508997
0.051282 , 0.794872 , 3.503768
0.051282 , 0.820513 , 3.499289
0.051282 , 0.846154 , 3.494399
0.051282 , 0.871795 , 3.490748
0.051282 , 0.897436 , 3.488180
0.051282 , 0.923077 , 3.485541
0.051282 , 0.948718 , 3.484293
0.051282 , 0.974359 , 3.483328
0.051282 , 1.000000 , 3.483450
0.076923 , 0.000000 , 3.609802
0.076923 , 0.025641 , 3.610075
0.076923 , 0.051282 , 3.610006
0.076923 , 0.076923 , 3.608440
0.076923 , 0.102564 , 3.606521
0.076923 , 0.128205 , 3.604147
0.076923 , 0.153846 , 3.600206
0.076923 , 0.179487 , 3.594549
0.076923 , 0.205128 , 3.586683
0.076923 , 0.230769 , 3.577117
0.076923 , 0.256410 , 3.565920
0.076923 , 0.282051 , 3.553946
0.076923 , 0.307692 , 3.540972
0.076923 , 0.333333 , 3.526861
0.076923 , 0.358974 , 3.512102
0.076923 , 0.384615 , 3.495673
0.076923 , 0.410256 , 3.478273
0.076923 , 0.435897 , 3.460712
0.076923 , 0.461538 , 3.443709
0.076923 , 0.487179 , 3.425438
0.076923 , 0.512821 , 3.408073
0.076923 , 0.538462 , 3.390965
0.076923 , 0.564103 , 3.374719
0.076923 , 0.589744 , 3.359089
0.076923 , 0.615385 , 3.342774
0.076923 , 0.641026 , 3.327759
0.076923 , 0.666667 , 3.313431
0.076923 , 0.692308 , 3.299631
0.076923 , 0.717949 , 3.286779
0.076923 , 0.743590 , 3.276038
0.076923 , 0.769231 , 3.266018
0.076923 , 0.794872 , 3.257720
0.076923 , 0.820513 , 3.251866
0.076923 , 0.846154 , 3.245473
0.076923 , 0.871795 , 3.240255
0.076923 , 0.897436 , 3.235697
0.076923 , 0.923077 , 3.232253
0.076923 , 0.948718 , 3.229623
0.076923 , 0.974359 , 3.228194
0.076923 , 1.000000 , 3.227741
0.102564 , 0.000000 , 3.481269
0.102564 , 0.025641 , 3.480759
0.102564 , 0.051282 , 3.480067
0.102564 , 0.076923 , 3.478287
0.102564 , 0.102564 , 3.475586
0.102564 , 0.128205 , 3.472585
0.102564 , 0.153846 , 3.467318
0.102564 , 0.179487 , 3.459646
0.102564 , 0.205128 , 3.449504
0.102564 , 0.230769 , 3.436723
0.102564 , 0.256410 , 3.421857
0.102564 , 0.282051 , 3.406059
0.102564 , 0.307692 , 3.389222
0.102564 , 0.333333 , 3.371035
0.102564 , 0.358974 , 3.351741
0.102564 , 0.384615 , 3.330748
0.102564 , 0.410256 , 3.307867
0.102564 , 0.435897 , 3.284872
0.102564 , 0.461538 , 3.262329
0.102564 , 0.487179 , 3.238248
0.102564 , 0.512821 , 3.214528
0.102564 , 0.538462 , 3.192355
0.102564 , 0.564103 , 3.169554
0.102564 , 0.589744 , 3.148735
0.102564 , 0.615385 , 3.128770
0.102564 , 0.641026 , 3.108207
0.102564 , 0.666667 , 3.088024
0.102564 , 0.692308 , 3.069518
0.102564 , 0.717949 , 3.053557
0.102564 , 0.743590 , 3.038871
0.102564 , 0.769231 , 3.024815
0.102564 , 0.794872 , 3.013672
0.102564 , 0.820513 , 3.005151
0.102564 , 0.846154 , 2.996800
0.102564 , 0.871795 , 2.989716
0.102564 , 0.897436 , 2.983848
0.102564 , 0.923077 , 2.979969
0.102564 , 0.948718 , 2.977063
0.102564 , 0.974359 , 2.975035
0.102564 , 1.000000 , 2.974242
0.128205 , 0.000000 , 3.354579
0.128205 , 0.025641 , 3.354258
0.128205 , 0.051282 , 3.353080
0.128205 , 0.076923 , 3.350904
0.128205 , 0.102564 , 3.346927
0.128205 , 0.128205 , 3.342505
0.128205 , 0.153846 , 3.335615
0.128205 , 0.179487 , 3.326061
0.128205 , 0.205128 , 3.313419
0.128205 , 0.230769 , 3.297667
0.128205 , 0.256410 , 3.279965
0.128205 , 0.282051 , 3.261070
0.128205 , 0.307692 , 3.240605
0.128205 , 0.333333 , 3.217681
0.128205 , 0.358974 , 3.194321
0.128205 , 0.384615 , 3.168184
0.128205 , 0.410256 , 3.140223
0.128205 , 0.435897 , 3.110906
0.128205 , 0.461538 , 3.081980
0.128205 , 0.487179 , 3.052837
0.128205 , 0.512821 , 3.023592
0.128205 , 0.538462 , 2.995308
0.128205 , 0.564103 , 2.967359
0.128205 , 0.589744 , 2.940641
0.128205 , 0.615385 , 2.915861
0.128205 , 0.641026 , 2.890840
0.128205 , 0.666667 , 2.865805
0.128205 , 0.692308 , 2.842669
0.128205 , 0.717949 , 2.822868
0.128205 , 0.743590 , 2.804806
0.128205 , 0.769231 , 2.787993
0.128205 , 0.794872 , 2.773339
0.128205 , 0.820513 , 2.761931
0.128205 , 0.846154 , 2.751468
0.128205 , 0.871795 , 2.741738
0.128205 , 0.897436 , 2.734652
0.128205 , 0.923077 , 2.730135
0.128205 , 0.948718 , 2.727171
0.128205 , 0.974359 , 2.724329
0.128205 , 1.000000 , 2.723267
0.153846 , 0.000000 , 3.230535
0.153846 , 0.025641 , 3.229880
0.153846 , 0.051282 , 3.228768
0.153846 , 0.076923 , 3.226168
0.153846 , 0.102564 , 3.221199
0.153846 , 0.128205 , 3.214583
0.153846 , 0.153846 , 3.206012
0.153846 , 0.179487 , 3.194594
0.153846 , 0.205128 , 3.179533
0.153846 , 0.230769 , 3.160766
0.153846 , 0.256410 , 3.140292
0.153846 , 0.282051 , 3.118537
0.153846 , 0.307692 , 3.094115
0.153846 , 0.333333 , 3.067551
0.153846 , 0.358974 , 3.039028
0.153846 , 0.384615 , 3.008283
0.153846 , 0.410256 , 2.975463
0.153846 , 0.435897 , 2.941000
0.153846 , 0.461538 , 2.905525
0.153846 , 0.487179 , 2.870425
0.153846 , 0.512821 , 2.835690
0.153846 , 0.538462 , 2.801615
0.153846 , 0.564103 , 2.767987
0.153846 , 0.589744 , 2.736119
0.153846 , 0.615385 , 2.705927
0.153846 , 0.641026 , 2.675996
0.153846 , 0.666667 , 2.646961
0.153846 , 0.692308 , 2.619594
0.153846 , 0.717949 , 2.595110
0.153846 , 0.743590 , 2.573763
0.153846 , 0.769231 , 2.554030
0.153846 , 0.794872 , 2.536775
0.153846 , 0.820513 , 2.521666
0.153846 , 0.846154 , 2.508657
0.153846 , 0.871795 , 2.497611
0.153846 , 0.897436 , 2.488920
0.153846 , 0.923077 , 2.482870
0.153846 , 0.948718 , 2.479194
0.153846 , 0.974359 , 2.475729
0.153846 , 1.000000 , 2.474875
0.179487 , 0.000000 , 3.110055
0.179487 , 0.025641 , 3.108731
0.179487 , 0.051282 , 3.106648
0.179487 , 0.076923 , 3.103338
0.179487 , 0.102564 , 3.097351
0.179487 , 0.128205 , 3.089037
0.179487 , 0.153846 , 3.078989
0.179487 , 0.179487 , 3.065716
0.179487 , 0.205128 , 3.048434
0.179487 , 0.230769 , 3.027764
0.179487 , 0.256410 , 3.004156
0.179487 , 0.282051 , 2.978575
0.179487 , 0.307692 , 2.949777
0.179487 , 0.333333 , 2.919427
0.179487 , 0.358974 , 2.886297
0.179487 , 0.384615 , 2.850810
0.179487 , 0.410256 , 2.813201
0.179487 , 0.435897 , 2.773931
0.179487 , 0.461538 , 2.733198
0.179487 , 0.487179 , 2.692208
0.179487 , 0.512821 , 2.651594
0.179487 , 0.538462 , 2.612037
0.179487 , 0.564103 , 2.573192
0.179487 , 0.589744 , 2.535015
0.179487 , 0.615385 , 2.499278
0.179487 , 0.641026 , 2.465214
0.179487 , 0.666667 , 2.432143
0.179487 , 0.692308 , 2.400090
0.179487 , 0.717949 , 2.371258
0.179487 , 0.743590 , 2.346537
0.179487 , 0.769231 , 2.322779
0.179487 , 0.794872 , 2.302844
0.179487 , 0.820513 , 2.285143
0.179487 , 0.846154 , 2.270710
0.179487 , 0.871795 , 2.257793
0.179487 , 0.897436 , 2.247122
0.179487 , 0.923077 , 2.239441
0.179487 , 0.948718 , 2.233774
0.179487 , 0.974359 , 2.230540
0.179487 , 1.000000 , 2.229582
0.205128 , 0.000000 , 2.994079
0.205128 , 0.025641 , 2.992277
0.205128 , 0.051282 , 2.989168
0.205128 , 0.076923 , 2.983729
0.205128 , 0.102564 , 2.976778
0.205128 , 0.128205 , 2.966711
0.205128 , 0.153846 , 2.954677
0.205128 , 0.179487 , 2.939460
0.205128 , 0.205128 , 2.920028
0.205128 , 0.230769 , 2.897243
0.205128 , 0.256410 , 2.871388
0.205128 , 0.282051 , 2.841979
0.205128 , 0.307692 , 2.809248
0.205128 , 0.333333 , 2.773789
0.205128 , 0.358974 , 2.736014
0.205128 , 0.384615 , 2.696456
0.205128 , 0.410256 , 2.654454
0.205128 , 0.435897 , 2.610320
0.205128 , 0.461538 , 2.564789
0.205128 , 0.487179 , 2.518984
0.205128 , 0.512821 , 2.471985
0.205128 , 0.538462 , 2.426429
0.205128 , 0.564103 , 2.382087
0.205128 , 0.589744 , 2.338561
0.205128 , 0.615385 , 2.297300
0.205128 , 0.641026 , 2.258160
0.205128 , 0.666667 , 2.220934
0.205128 , 0.692308 , 2.184692
0.205128 , 0.717949 , 2.151283
0.205128 , 0.743590 , 2.122344
0.205128 , 0.769231 , 2.095731
0.205128 , 0.794872 , 2.072545
0.205128 , 0.820513 , 2.052697
0.205128 , 0.846154 , 2.035852
0.205128 , 0.871795 , 2.021071
0.205128 , 0.897436 , 2.008367
0.205128 , 0.923077 , 1.999361
0.205128 , 0.948718 , 1.992359
0.205128 , 0.974359 , 1.988940
0.205128 , 1.000000 , 1.988386
0.230769 , 0.000000 , 2.882190
0.230769 , 0.025641 , 2.880498
0.230769 , 0.051282 , 2.876079
0.230769 , 0.076923 , 2.869122
0.230769 , 0.102564 , 2.859868
0.230769 , 0.128205 , 2.848450
0.230769 , 0.153846 , 2.833568
0.230769 , 0.179487 , 2.815831
0.230769 , 0.205128 , 2.794725
0.230769 , 0.230769 , 2.769488
0.230769 , 0.256410 , 2.740422
0.230769 , 0.282051 , 2.707882
0.230769 , 0.307692 , 2.671576
0.230769 , 0.333333 , 2.631947
0.230769 , 0.358974 , 2.589432
0.230769 , 0.384615 , 2.545492
0.230769 , 0.410256 , 2.499406
0.230769 , 0.435897 , 2.450957
0.230769 , 0.461538 , 2.400751
0.230769 , 0.487179 , 2.349476
0.230769 , 0.512821 , 2.297194
0.230769 , 0.538462 , 2.245659
0.230769 , 0.564103 , 2.195806
0.230769 , 0.589744 , 2.146923
0.230769 , 0.615385 , 2.099880
0.230769 , 0.641026 , 2.055019
0.230769 , 0.666667 , 2.012718
0.230769 , 0.692308 , 1.972360
0.230769 , 0.717949 , 1.935092
0.230769 , 0.743590 , 1.902234
0.230769 , 0.769231 , 1.873296
0.230769 , 0.794872 , 1.847607
0.230769 , 0.820513 , 1.824237
0.230769 , 0.846154 , 1.804399
0.230769 , 0.871795 , 1.786420
0.230769 , 0.897436 , 1.772742
0.230769 , 0.923077 , 1.762400
0.230769 , 0.948718 , 1.753757
0.230769 , 0.974359 , 1.749981
0.230769 , 1.000000 , 1.748786
0.256410 , 0.000000 , 2.775392
0.256410 , 0.025641 , 2.773168
0.256410 , 0.051282 , 2.767591
0.256410 , 0.076923 , 2.759443
0.256410 , 0.102564 , 2.748413
0.256410 , 0.128205 , 2.734610
0.256410 , 0.153846 , 2.717066
0.256410 , 0.179487 , 2.696216
0.256410 , 0.205128 , 2.673190
0.256410 , 0.230769 , 2.645663
0.256410 , 0.256410 , 2.612919
0.256410 , 0.282051 , 2.576780
0.256410 , 0.307692 , 2.537242
0.256410 , 0.333333 , 2.493877
0.256410 , 0.358974 , 2.447962
0.256410 , 0.384615 , 2.399232
0.256410 , 0.410256 , 2.348758
0.256410 , 0.435897 , 2.295930
0.256410 , 0.461538 , 2.240477
0.256410 , 0.487179 , 2.183808
0.256410 , 0.512821 , 2.126907
0.256410 , 0.538462 , 2.069992
0.256410 , 0.564103 , 2.013954
0.256410 , 0.589744 , 1.959491
0.256410 , 0.615385 , 1.907011
0.256410 , 0.641026 , 1.856813
0.256410 , 0.666667 , 1.808857
0.256410 , 0.692308 , 1.764739
0.256410 , 0.717949 , 1.724212
0.256410 , 0.743590 , 1.687293
0.256410 , 0.769231 , 1.654819
0.256410 , 0.794872 , 1.625574
0.256410 , 0.820513 , 1.599398
0.256410 , 0.846154 , 1.576681
0.256410 , 0.871795 , 1.557193
0.256410 , 0.897436 , 1.540495
0.256410 , 0.923077 , 1.528377
0.256410 , 0.948718 , 1.519145
0.256410 , 0.974359 , 1.513761
0.256410 , 1.000000 , 1.512049
0.282051 , 0.000000 , 2.672639
0.282051 , 0.025641 , 2.670311
0.282051 , 0.051282 , 2.664222
0.282051 , 0.076923 , 2.654841
0.282051 , 0.102564 , 2.642493
0.282051 , 0.128205 , 2.626313
0.282051 , 0.153846 , 2.606492
0.282051 , 0.179487 , 2.582298
0.282051 , 0.205128 , 2.556573
0.282051 , 0.230769 , 2.526102
0.282051 , 0.256410 , 2.490520
0.282051 , 0.282051 , 2.450863
0.282051 , 0.307692 , 2.407253
0.282051 , 0.333333 , 2.359791
0.282051 , 0.358974 , 2.309748
0.282051 , 0.384615 , 2.257063
0.282051 , 0.410256 , 2.201755
0.282051 , 0.435897 , 2.144685
0.282051 , 0.461538 , 2.084305
0.282051 , 0.487179 , 2.022221
0.282051 , 0.512821 , 1.960522
0.282051 , 0.538462 , 1.898805
0.282051 , 0.564103 , 1.837265
0.282051 , 0.589744 , 1.777236
0.282051 , 0.615385 , 1.719132
0.282051 , 0.641026 , 1.664087
0.282051 , 0.666667 , 1.611484
0.282051 , 0.692308 , 1.562813
0.282051 , 0.717949 , 1.518389
0.282051 , 0.743590 , 1.477198
0.282051 , 0.769231 , 1.441028
0.282051 , 0.794872 , 1.407365
0.282051 , 0.820513 , 1.377833
0.282051 , 0.846154 , 1.352298
0.282051 , 0.871795 , 1.330752
0.282051 , 0.897436 , 1.312205
0.282051 , 0.923077 , 1.297595
0.282051 , 0.948718 , 1.287525
0.282051 , 0.974359 , 1.281497
0.282051 , 1.000000 , 1.279397
0.307692 , 0.000000 , 2.575819
0.307692 , 0.025641 , 2.573794
0.307692 , 0.051282 , 2.567730
0.307692 , 0.076923 , 2.557501
0.307692 , 0.102564 , 2.542920
0.307692 , 0.128205 , 2.524176
0.307692 , 0.153846 , 2.501939
0.307692 , 0.179487 , 2.474837
0.307692 , 0.205128 , 2.445769
0.307692 , 0.230769 , 2.412594
0.307692 , 0.256410 , 2.373721
0.307692 , 0.282051 , 2.330127
0.307692 , 0.307692 , 2.281781
0.307692 , 0.333333 , 2.230001
0.307692 , 0.358974 , 2.175815
0.307692 , 0.384615 , 2.118858
0.307692 , 0.410256 , 2.059128
0.307692 , 0.435897 , 1.997769
0.307692 , 0.461538 , 1.932856
0.307692 , 0.487179 , 1.866061
0.307692 , 0.512821 , 1.799318
0.307692 , 0.538462 , 1.732628
0.307692 , 0.564103 , 1.666132
0.307692 , 0.589744 , 1.600566
0.307692 , 0.615385 , 1.537397
0.307692 , 0.641026 , 1.477202
0.307692 , 0.666667 , 1.419819
0.307692 , 0.692308 , 1.366516
0.307692 , 0.717949 , 1.317192
0.307692 , 0.743590 , 1.271126
0.307692 , 0.769231 , 1.230121
0.307692 , 0.794872 , 1.193481
0.307692 , 0.820513 , 1.160508
0.307692 , 0.846154 , 1.131868
0.307692 , 0.871795 , 1.107760
0.307692 , 0.897436 , 1.087119
0.307692 , 0.923077 , 1.071305
0.307692 , 0.948718 , 1.059599
0.307692 , 0.974359 , 1.052761
0.307692 , 1.000000 , 1.050359
0.333333 , 0.000000 , 2.487141
0.333333 , 0.025641 , 2.484921
0.333333 , 0.051282 , 2.478808
0.333333 , 0.076923 , 2.467576
0.333333 , 0.102564 , 2.451203
0.333333 , 0.128205 , 2.430019
0.333333 , 0.153846 , 2.405059
0.333333 , 0.179487 , 2.376024
0.333333 , 0.205128 , 2.342608
0.333333 , 0.230769 , 2.305619
0.333333 , 0.256410 , 2.262612
0.333333 , 0.282051 , 2.214480
0.333333 , 0.307692 , 2.161961
0.333333 , 0.333333 , 2.106349
0.333333 , 0.358974 , 2.047952
0.333333 , 0.384615 , 1.986140
0.333333 , 0.410256 , 1.921790
0.333333 , 0.435897 , 1.855291
0.333333 , 0.461538 , 1.785738
0.333333 , 0.487179 , 1.714437
0.333333 , 0.512821 , 1.642869
0.333333 , 0.538462 , 1.570925
0.333333 , 0.564103 , 1.499187
0.333333 , 0.589744 , 1.428756
0.333333 , 0.615385 , 1.360581
0.333333 , 0.641026 , 1.294998
0.333333 , 0.666667 , 1.232713
0.333333 , 0.692308 , 1.174100
0.333333 , 0.717949 , 1.119745
0.333333 , 0.743590 , 1.069232
0.333333 , 0.769231 , 1.023444
0.333333 , 0.794872 , 0.982739
0.333333 , 0.820513 , 0.947137
0.333333 , 0.846154 , 0.915885
0.333333 , 0.871795 , 0.888582
0.333333 , 0.897436 , 0.865885
0.333333 , 0.923077 , 0.848447
0.333333 , 0.948718 , 0.835210
0.333333 , 0.974359 , 0.827054
0.333333 , 1.000000 , 0.825140
0.358974 , 0.000000 , 2.408333
0.358974 , 0.025641 , 2.405501
0.358974 , 0.051282 , 2.398024
0.358974 , 0.076923 , 2.385048
0.358974 , 0.102564 , 2.367258
0.358974 , 0.128205 , 2.344175
0.358974 , 0.153846 , 2.316530
0.358974 , 0.179487 , 2.283913
0.358974 , 0.205128 , 2.246627
0.358974 , 0.230769 , 2.205056
0.358974 , 0.256410 , 2.157898
0.358974 , 0.282051 , 2.105177
0.358974 , 0.307692 , 2.048779
0.358974 , 0.333333 , 1.989062
0.358974 , 0.358974 , 1.925678
0.358974 , 0.384615 , 1.858666
0.358974 , 0.410256 , 1.789271
0.358974 , 0.435897 , 1.717828
0.358974 , 0.461538 , 1.643331
0.358974 , 0.487179 , 1.567236
0.358974 , 0.512821 , 1.490394
0.358974 , 0.538462 , 1.413293
0.358974 , 0.564103 , 1.336323
0.358974 , 0.589744 , 1.260918
0.358974 , 0.615385 , 1.187462
0.358974 , 0.641026 , 1.117257
0.358974 , 0.666667 , 1.049829
0.358974 , 0.692308 , 0.985398
0.358974 , 0.717949 , 0.925959
0.358974 , 0.743590 , 0.871115
0.358974 , 0.769231 , 0.821042
0.358974 , 0.794872 , 0.775895
0.358974 , 0.820513 , 0.736572
0.358974 , 0.846154 , 0.701999
0.358974 , 0.871795 , 0.671605
0.358974 , 0.897436 , 0.646452
0.358974 , 0.923077 , 0.627414
0.358974 , 0.948718 , 0.613068
0.358974 , 0.974359 , 0.604062
0.358974 , 1.000000 , 0.601991
0.384615 , 0.000000 , 2.337991
0.384615 , 0.025641 , 2.334596
0.384615 , 0.051282 , 2.325372
0.384615 , 0.076923 , 2.311114
0.384615 , 0.102564 , 2.291996
0.384615 , 0.128205 , 2.266814
0.384615 , 0.153846 , 2.235678
0.384615 , 0.179487 , 2.199403
0.384615 , 0.205128 , 2.158478
0.384615 , 0.230769 , 2.112203
0.384615 , 0.256410 , 2.060831
0.384615 , 0.282051 , 2.003487
0.384615 , 0.307692 , 1.942765
0.384615 , 0.333333 , 1.878223
0.384615 , 0.358974 , 1.809861
0.384615 , 0.384615 , 1.737755
0.384615 , 0.410256 , 1.663366
0.384615 , 0.435897 , 1.586141
0.384615 , 0.461538 , 1.506482
0.384615 , 0.487179 , 1.425232
0.384615 , 0.512821 , 1.343019
0.384615 , 0.538462 , 1.260499
0.384615 , 0.564103 , 1.177990
0.384615 , 0.589744 , 1.097328
0.384615 , 0.615385 , 1.018217
0.384615 , 0.641026 , 0.942554
0.384615 , 0.666667 , 0.870501
0.384615 , 0.692308 , 0.800907
0.384615 , 0.717949 , 0.737119
0.384615 , 0.743590 , 0.677525
0.384615 , 0.769231 , 0.622029
0.384615 , 0.794872 , 0.572712
0.384615 , 0.820513 , 0.529446
0.384615 , 0.846154 , 0.490407
0.384615 , 0.871795 , 0.457063
0.384615 , 0.897436 , 0.429590
0.384615 , 0.923077 , 0.408485
0.384615 , 0.948718 , 0.393372
0.384615 , 0.974359 , 0.383945
0.384615 , 1.000000 , 0.381140
0.410256 , 0.000000 , 2.275708
0.410256 , 0.025641 , 2.272308
0.410256 , 0.051282 , 2.262202
0.410256 , 0.076923 , 2.247058
0.410256 , 0.102564 , 2.226168
0.410256 , 0.128205 , 2.199307
0.410256 , 0.153846 , 2.165166
0.410256 , 0.179487 , 2.124998
0.410256 , 0.205128 , 2.079442
0.410256 , 0.230769 , 2.027871
0.410256 , 0.256410 , 1.971935
0.410256 , 0.282051 , 1.910230
0.410256 , 0.307692 , 1.843945
0.410256 , 0.333333 , 1.774091
0.410256 , 0.358974 , 1.700623
0.410256 , 0.384615 , 1.623470
0.410256 , 0.410256 , 1.543389
0.410256 , 0.435897 , 1.460554
0.410256 , 0.461538 , 1.375435
0.410256 , 0.487179 , 1.288258
0.410256 , 0.512821 , 1.200107
0.410256 , 0.538462 , 1.112132
0.410256 , 0.564103 , 1.023874
0.410256 , 0.589744 , 0.937151
0.410256 , 0.615385 , 0.852526
0.410256 , 0.641026 , 0.771209
0.410256 , 0.666667 , 0.693362
0.410256 , 0.692308 , 0.619381
0.410256 , 0.717949 , 0.549984
0.410256 , 0.743590 , 0.485831
0.410256 , 0.769231 , 0.426052
0.410256 , 0.794872 , 0.372058
0.410256 , 0.820513 , 0.324440
0.410256 , 0.846154 , 0.282078
0.410256 , 0.871795 , 0.245338
0.410256 , 0.897436 , 0.215591
0.410256 , 0.923077 , 0.192527
0.410256 , 0.948718 , 0.176027
0.410256 , 0.974359 , 0.166068
0.410256 , 1.000000 , 0.162408
0.435897 , 0.000000 , 2.224225
0.435897 , 0.025641 , 2.220577
0.435897 , 0.051282 , 2.210390
0.435897 , 0.076923 , 2.193789
0.435897 , 0.102564 , 2.171317
0.435897 , 0.128205 , 2.141119
0.435897 , 0.153846 , 2.103480
0.435897 , 0.179487 , 2.059809
0.435897 , 0.205128 , 2.010002
0.435897 , 0.230769 , 1.953709
0.435897 , 0.256410 , 1.892457
0.435897 , 0.282051 , 1.825617
0.435897 , 0.307692 , 1.753170
0.435897 , 0.333333 , 1.677348
0.435897 , 0.358974 , 1.598406
0.435897 , 0.384615 , 1.515411
0.435897 , 0.410256 , 1.429124
0.435897 , 0.435897 , 1.340559
0.435897 , 0.461538 , 1.249349
0.435897 , 0.487179 , 1.156326
0.435897 , 0.512821 , 1.061797
0.435897 , 0.538462 , 0.967311
0.435897 , 0.564103 , 0.872918
0.435897 , 0.589744 , 0.780407
0.435897 , 0.615385 , 0.690005
0.435897 , 0.641026 , 0.602737
0.435897 , 0.666667 , 0.519119
0.435897 , 0.692308 , 0.439798
0.435897 , 0.717949 , 0.365395
0.435897 , 0.743590 , 0.295984
0.435897 , 0.769231 , 0.231781
0.435897 , 0.794872 , 0.173556
0.435897 , 0.820513 , 0.121172
0.435897 , 0.846154 , 0.075579
0.435897 , 0.871795 , 0.035962
0.435897 , 0.897436 , 0.003513
0.435897 , 0.923077 , -0.021388
0.435897 , 0.948718 , -0.039433
0.435897 , 0.974359 , -0.050061
0.435897 , 1.000000 , -0.054056
0.461538 , 0.000000 , 2.185200
0.461538 , 0.025641 , 2.180997
0.461538 , 0.051282 , 2.169675
0.461538 , 0.076923 , 2.151919
0.461538 , 0.102564 , 2.127352
0.461538 , 0.128205 , 2.093947
0.461538 , 0.153846 , 2.052735
0.461538 , 0.179487 , 2.004588
0.461538 , 0.205128 , 1.950250
0.461538 , 0.230769 , 1.889248
0.461538 , 0.256410 , 1.822824
0.461538 , 0.282051 , 1.750115
0.461538 , 0.307692 , 1.672237
0.461538 , 0.333333 , 1.589963
0.461538 , 0.358974 , 1.504163
0.461538 , 0.384615 , 1.414833
0.461538 , 0.410256 , 1.322346
0.461538 , 0.435897 , 1.226840
0.461538 , 0.461538 , 1.128941
0.461538 , 0.487179 , 1.029214
0.461538 , 0.512821 , 0.928023
0.461538 , 0.538462 , 0.826702
0.461538 , 0.564103 , 0.725636
0.461538 , 0.589744 , 0.626620
0.461538 , 0.615385 , 0.530405
0.461538 , 0.641026 , 0.437168
0.461538 , 0.666667 , 0.347798
0.461538 , 0.692308 , 0.262663
0.461538 , 0.717949 , 0.182624
0.461538 , 0.743590 , 0.108504
0.461538 , 0.769231 , 0.038770
0.461538 , 0.794872 , -0.023994
0.461538 , 0.820513 , -0.080068
0.461538 , 0.846154 , -0.129476
0.461538 , 0.871795 , -0.172125
0.461538 , 0.897436 , -0.206937
0.461538 , 0.923077 , -0.234127
0.461538 , 0.948718 , -0.253496
0.461538 , 0.974359 , -0.264980
0.461538 , 1.000000 , -0.268689
0.487179 , 0.000000 , 2.159042
0.487179 , 0.025641 , 2.153999
0.487179 , 0.051282 , 2.141442
0.487179 , 0.076923 , 2.121421
0.487179 , 0.102564 , 2.093874
0.487179 , 0.128205 , 2.057327
0.487179 , 0.153846 , 2.013134
0.487179 , 0.179487 , 1.961073
0.487179 , 0.205128 , 1.901965
0.487179 , 0.230769 , 1.835463
0.487179 , 0.256410 , 1.763230
0.487179 , 0.282051 , 1.684936
0.487179 , 0.307692 , 1.601357
0.487179 , 0.333333 , 1.513046
0.487179 , 0.358974 , 1.419635
0.487179 , 0.384615 , 1.322489
0.487179 , 0.410256 , 1.222612
0.487179 , 0.435897 , 1.119649
0.487179 , 0.461538 , 1.014727
0.487179 , 0.487179 , 0.907725
0.487179 , 0.512821 , 0.799440
0.487179 , 0.538462 , 0.690606
0.487179 , 0.564103 , 0.582312
0.487179 , 0.589744 , 0.476513
0.487179 , 0.615385 , 0.373694
0.487179 , 0.641026 , 0.274033
0.487179 , 0.666667 , 0.178480
0.487179 , 0.692308 , 0.087236
0.487179 , 0.717949 , 0.001424
0.487179 , 0.743590 , -0.078453
0.487179 , 0.769231 , -0.153118
0.487179 , 0.794872 , -0.220463
0.487179 , 0.820513 , -0.280475
0.487179 , 0.846154 , -0.333959
0.487179 , 0.871795 , -0.379751
0.487179 , 0.897436 , -0.417042
0.487179 , 0.923077 , -0.446296
0.487179 , 0.948718 , -0.466825
0.487179 , 0.974359 , -0.479277
0.487179 , 1.000000 , -0.483306
0.512821 , 0.000000 , 2.144554
0.512821 , 0.025641 , 2.139042
0.512821 , 0.051282 , 2.125485
0.512821 , 0.076923 , 2.103293
0.512821 , 0.102564 , 2.072769
0.512821 , 0.128205 , 2.033039
0.512821 , 0.153846 , 1.985114
0.512821 , 0.179487 , 1.929365
0.512821 , 0.205128 , 1.865091
0.512821 , 0.230769 , 1.793419
0.512821 , 0.256410 , 1.715232
0.512821 , 0.282051 , 1.630613
0.512821 , 0.307692 , 1.540887
0.512821 , 0.333333 , 1.445413
0.512821 , 0.358974 , 1.343992
0.512821 , 0.384615 , 1.238481
0.512821 , 0.410256 , 1.130493
0.512821 , 0.435897 , 1.019637
0.512821 , 0.461538 , 0.906788
0.512821 , 0.487179 , 0.791635
0.512821 , 0.512821 , 0.675290
0.512821 , 0.538462 , 0.559077
0.512821 , 0.564103 , 0.443337
0.512821 , 0.589744 , 0.330025
0.512821 , 0.615385 , 0.219781
0.512821 , 0.641026 , 0.113169
0.512821 , 0.666667 , 0.010651
0.512821 , 0.692308 , -0.086881
0.512821 , 0.717949 , -0.178634
0.512821 , 0.743590 , -0.265173
0.512821 , 0.769231 , -0.345136
0.512821 , 0.794872 , -0.417687
0.512821 , 0.820513 , -0.481467
0.512821 , 0.846154 , -0.538049
0.512821 , 0.871795 , -0.586727
0.512821 , 0.897436 , -0.627148
0.512821 , 0.923077 , -0.658356
0.512821 , 0.948718 , -0.680558
0.512821 , 0.974359 , -0.694122
0.512821 , 1.000000 , -0.698160
0.538462 , 0.000000 , 2.143506
0.538462 , 0.025641 , 2.137304
0.538462 , 0.051282 , 2.122733
0.538462 , 0.076923 , 2.098780
0.538462 , 0.102564 , 2.065048
0.538462 , 0.128205 , 2.021882
0.538462 , 0.153846 , 1.970185
0.538462 , 0.179487 , 1.910383
0.538462 , 0.205128 , 1.841033
0.538462 , 0.230769 , 1.763668
0.538462 , 0.256410 , 1.679676
0.538462 , 0.282051 , 1.588008
0.538462 , 0.307692 , 1.491061
0.538462 , 0.333333 , 1.387786
0.538462 , 0.358974 , 1.278280
0.538462 , 0.384615 , 1.163891
0.538462 , 0.410256 , 1.046445
0.538462 , 0.435897 , 0.926876
0.538462 , 0.461538 , 0.804700
0.538462 , 0.487179 , 0.681232
0.538462 , 0.512821 , 0.555868
0.538462 , 0.538462 , 0.431110
0.538462 , 0.564103 , 0.307474
0.538462 , 0.589744 , 0.185940
0.538462 , 0.615385 , 0.067798
0.538462 , 0.641026 , -0.046379
0.538462 , 0.666667 , -0.155784
0.538462 , 0.692308 , -0.260032
0.538462 , 0.717949 , -0.358539
0.538462 , 0.743590 , -0.451398
0.538462 , 0.769231 , -0.536819
0.538462 , 0.794872 , -0.614593
0.538462 , 0.820513 , -0.683221
0.538462 , 0.846154 , -0.743517
0.538462 , 0.871795 , -0.794541
0.538462 , 0.897436 , -0.837688
0.538462 , 0.923077 , -0.870867
0.538462 , 0.948718 , -0.894782
0.538462 , 0.974359 , -0.909683
0.538462 , 1.000000 , -0.914622
0.564103 , 0.000000 , 2.156030
0.564103 , 0.025641 , 2.150208
0.564103 , 0.051282 , 2.134543
0.564103 , 0.076923 , 2.108314
0.564103 , 0.102564 , 2.071880
0.564103 , 0.128205 , 2.024762
0.564103 , 0.153846 , 1.969534
0.564103 , 0.179487 , 1.905026
0.564103 , 0.205128 , 1.831226
0.564103 , 0.230769 , 1.748196
0.564103 , 0.256410 , 1.657377
0.564103 , 0.282051 , 1.558407
0.564103 , 0.307692 , 1.453027
0.564103 , 0.333333 , 1.341161
0.564103 , 0.358974 , 1.222935
0.564103 , 0.384615 , 1.099153
0.564103 , 0.410256 , 0.971894
0.564103 , 0.435897 , 0.842375
0.564103 , 0.461538 , 0.710020
0.564103 , 0.487179 , 0.576533
0.564103 , 0.512821 , 0.441605
0.564103 , 0.538462 , 0.306786
0.564103 , 0.564103 , 0.173931
0.564103 , 0.589744 , 0.043695
0.564103 , 0.615385 , -0.083026
0.564103 , 0.641026 , -0.205113
0.564103 , 0.666667 , -0.322069
0.564103 , 0.692308 , -0.433609
0.564103 , 0.717949 , -0.539522
0.564103 , 0.743590 , -0.638429
0.564103 , 0.769231 , -0.729775
0.564103 , 0.794872 , -0.812421
0.564103 , 0.820513 , -0.885586
0.564103 , 0.846154 , -0.949891
0.564103 , 0.871795 , -1.004440
0.564103 , 0.897436 , -1.049749
0.564103 , 0.923077 , -1.084926
0.564103 , 0.948718 , -1.110608
0.564103 , 0.974359 , -1.126094
0.564103 , 1.000000 , -1.131221
0.589744 , 0.000000 , 2.182527
0.589744 , 0.025641 , 2.176705
0.589744 , 0.051282 , 2.159865
0.589744 , 0.076923 , 2.131520
0.589744 , 0.102564 , 2.092709
0.589744 , 0.128205 , 2.042724
0.589744 , 0.153846 , 1.983639
0.589744 , 0.179487 , 1.914977
0.589744 , 0.205128 , 1.836467
0.589744 , 0.230769 , 1.747738
0.589744 , 0.256410 , 1.649649
0.589744 , 0.282051 , 1.542887
0.589744 , 0.307692 , 1.428831
0.589744 , 0.333333 , 1.307228
0.589744 , 0.358974 , 1.178878
0.589744 , 0.384615 , 1.044921
0.589744 , 0.410256 , 0.907559
0.589744 , 0.435897 , 0.766947
0.589744 , 0.461538 , 0.623347
0.589744 , 0.487179 , 0.478390
0.589744 , 0.512821 , 0.332642
0.589744 , 0.538462 , 0.187366
0.589744 , 0.564103 , 0.043884
0.589744 , 0.589744 , -0.096554
0.589744 , 0.615385 , -0.232890
0.589744 , 0.641026 , -0.363648
0.589744 , 0.666667 , -0.489165
0.589744 , 0.692308 , -0.608931
0.589744 , 0.717949 , -0.721837
0.589744 , 0.743590 , -0.827317
0.589744 , 0.769231 , -0.924018
0.589744 , 0.794872 , -1.012030
0.589744 , 0.820513 , -1.089632
0.589744 , 0.846154 , -1.157588
0.589744 , 0.871795 , -1.216000
0.589744 , 0.897436 , -1.264414
0.589744 , 0.923077 , -1.302547
0.589744 , 0.948718 , -1.329594
0.589744 , 0.974359 , -1.345525
0.589744 , 1.000000 , -1.350301
0.615385 , 0.000000 , 2.223253
0.615385 , 0.025641 , 2.217194
0.615385 , 0.051282 , 2.199836
0.615385 , 0.076923 , 2.169427
0.615385 , 0.102564 , 2.128501
0.615385 , 0.128205 , 2.076261
0.615385 , 0.153846 , 2.012995
0.615385 , 0.179487 , 1.940059
0.615385 , 0.205128 , 1.856751
0.615385 , 0.230769 , 1.761953
0.615385 , 0.256410 , 1.656694
0.615385 , 0.282051 , 1.541869
0.615385 , 0.307692 , 1.419099
0.615385 , 0.333333 , 1.287207
0.615385 , 0.358974 , 1.147854
0.615385 , 0.384615 , 1.002312
0.615385 , 0.410256 , 0.853568
0.615385 , 0.435897 , 0.701081
0.615385 , 0.461538 , 0.545461
0.615385 , 0.487179 , 0.387650
0.615385 , 0.512821 , 0.229664
0.615385 , 0.538462 , 0.072363
0.615385 , 0.564103 , -0.082614
0.615385 , 0.589744 , -0.234420
0.615385 , 0.615385 , -0.381245
0.615385 , 0.641026 , -0.522646
0.615385 , 0.666667 , -0.657012
0.615385 , 0.692308 , -0.785005
0.615385 , 0.717949 , -0.905627
0.615385 , 0.743590 , -1.017186
0.615385 , 0.769231 , -1.120114
0.615385 , 0.794872 , -1.213468
0.615385 , 0.820513 , -1.295859
0.615385 , 0.846154 , -1.368258
0.615385 , 0.871795 , -1.430310
0.615385 , 0.897436 , -1.481370
0.615385 , 0.923077 , -1.522739
0.615385 , 0.948718 , -1.551640
0.615385 , 0.974359 , -1.568141
0.615385 , 1.000000 , -1.573306
0.641026 , 0.000000 , 2.279879
0.641026 , 0.025641 , 2.273309
0.641026 , 0.051282 , 2.254470
0.641026 , 0.076923 , 2.222803
0.641026 , 0.102564 , 2.179933
0.641026 , 0.128205 , 2.125433
0.641026 , 0.153846 , 2.058282
0.641026 , 0.179487 , 1.980704
0.641026 , 0.205128 , 1.891601
0.641026 , 0.230769 , 1.791569
0.641026 , 0.256410 , 1.679142
0.641026 , 0.282051 , 1.555511
0.641026 , 0.307692 , 1.423014
0.641026 , 0.333333 , 1.281210
0.641026 , 0.358974 , 1.130121
0.641026 , 0.384615 , 0.972263
0.641026 , 0.410256 , 0.810591
0.641026 , 0.435897 , 0.644476
0.641026 , 0.461538 , 0.475402
0.641026 , 0.487179 , 0.304496
0.641026 , 0.512821 , 0.132833
0.641026 , 0.538462 , -0.037806
0.641026 , 0.564103 , -0.206168
0.641026 , 0.589744 , -0.369654
0.641026 , 0.615385 , -0.527759
0.641026 , 0.641026 , -0.680306
0.641026 , 0.666667 , -0.826183
0.641026 , 0.692308 , -0.963677
0.641026 , 0.717949 , -1.092332
0.641026 , 0.743590 , -1.211021
0.641026 , 0.769231 , -1.319843
0.641026 , 0.794872 , -1.418751
0.641026 , 0.820513 , -1.506014
0.641026 , 0.846154 , -1.582354
0.641026 , 0.871795 , -1.648441
0.641026 , 0.897436 , -1.701965
0.641026 , 0.923077 , -1.744506
0.641026 , 0.948718 , -1.774588
0.641026 , 0.974359 , -1.792847
0.641026 , 1.000000 , -1.799141
0.666667 , 0.000000 , 2.351316
0.666667 , 0.025641 , 2.344312
0.666667 , 0.051282 , 2.324373
0.666667 , 0.076923 , 2.291727
0.666667 , 0.102564 , 2.246940
0.666667 , 0.128205 , 2.190216
0.666667 , 0.153846 , 2.119442
0.666667 , 0.179487 , 2.037658
0.666667 , 0.205128 , 1.943818
0.666667 , 0.230769 , 1.837204
0.666667 , 0.256410 , 1.716865
0.666667 , 0.282051 , 1.584383
0.666667 , 0.307692 , 1.441132
0.666667 , 0.333333 , 1.288166
0.666667 , 0.358974 , 1.125795
0.666667 , 0.384615 , 0.955176
0.666667 , 0.410256 , 0.779439
0.666667 , 0.435897 , 0.598750
0.666667 , 0.461538 , 0.413872
0.666667 , 0.487179 , 0.228147
0.666667 , 0.512821 , 0.041719
0.666667 , 0.538462 , -0.143484
0.666667 , 0.564103 , -0.326320
0.666667 , 0.589744 , -0.503617
0.666667 , 0.615385 , -0.674248
0.666667 , 0.641026 , -0.838538
0.666667 , 0.666667 , -0.995834
0.666667 , 0.692308 , -1.144522
0.666667 , 0.717949 , -1.281894
0.666667 , 0.743590 , -1.408085
0.666667 , 0.769231 , -1.524041
0.666667 , 0.794872 , -1.628800
0.666667 , 0.820513 , -1.720628
0.666667 , 0.846154 , -1.800698
0.666667 , 0.871795 , -1.869679
0.666667 , 0.897436 , -1.926020
0.666667 , 0.923077 , -1.969186
0.666667 , 0.948718 , -1.999769
0.666667 , 0.974359 , -2.019124
0.666667 , 1.000000 , -2.025859
0.692308 , 0.000000 , 2.436518
0.692308 , 0.025641 , 2.429856
0.692308 , 0.051282 , 2.409212
0.692308 , 0.076923 , 2.376013
0.692308 , 0.102564 , 2.329446
0.692308 , 0.128205 , 2.270325
0.692308 , 0.153846 , 2.197763
0.692308 , 0.179487 , 2.111933
0.692308 , 0.205128 , 2.012322
0.692308 , 0.230769 , 1.898378
0.692308 , 0.256410 , 1.769927
0.692308 , 0.282051 , 1.627993
0.692308 , 0.307692 , 1.474942
0.692308 , 0.333333 , 1.309253
0.692308 , 0.358974 , 1.134152
0.692308 , 0.384615 , 0.950125
0.692308 , 0.410256 , 0.759294
0.692308 , 0.435897 , 0.563178
0.692308 , 0.461538 , 0.361968
0.692308 , 0.487179 , 0.159309
0.692308 , 0.512821 , -0.043534
0.692308 , 0.538462 , -0.245056
0.692308 , 0.564103 , -0.443676
0.692308 , 0.589744 , -0.636005
0.692308 , 0.615385 , -0.820891
0.692308 , 0.641026 , -0.998691
0.692308 , 0.666667 , -1.168173
0.692308 , 0.692308 , -1.327563
0.692308 , 0.717949 , -1.474465
0.692308 , 0.743590 , -1.608785
0.692308 , 0.769231 , -1.731727
0.692308 , 0.794872 , -1.842616
0.692308 , 0.820513 , -1.938738
0.692308 , 0.846154 , -2.023183
0.692308 , 0.871795 , -2.094554
0.692308 , 0.897436 , -2.152804
0.692308 , 0.923077 , -2.197042
0.692308 , 0.948718 , -2.228539
0.692308 , 0.974359 , -2.248123
0.692308 , 1.000000 , -2.254961
0.717949 , 0.000000 , 2.536438
0.717949 , 0.025641 , 2.529688
0.717949 , 0.051282 , 2.509378
0.717949 , 0.076923 , 2.475514
0.717949 , 0.102564 , 2.427799
0.717949 , 0.128205 , 2.366748
0.717949 , 0.153846 , 2.292089
0.717949 , 0.179487 , 2.202751
0.717949 , 0.205128 , 2.097438
0.717949 , 0.230769 , 1.975930
0.717949 , 0.256410 , 1.839379
0.717949 , 0.282051 , 1.688482
0.717949 , 0.307692 , 1.524618
0.717949 , 0.333333 , 1.346474
0.717949 , 0.358974 , 1.157224
0.717949 , 0.384615 , 0.957976
0.717949 , 0.410256 , 0.750703
0.717949 , 0.435897 , 0.537457
0.717949 , 0.461538 , 0.319199
0.717949 , 0.487179 , 0.097926
0.717949 , 0.512821 , -0.123588
0.717949 , 0.538462 , -0.343414
0.717949 , 0.564103 , -0.559219
0.717949 , 0.589744 , -0.769058
0.717949 , 0.615385 , -0.970071
0.717949 , 0.641026 , -1.162387
0.717949 , 0.666667 , -1.345380
0.717949 , 0.692308 , -1.515640
0.717949 , 0.717949 , -1.671903
0.717949 , 0.743590 , -1.814816
0.717949 , 0.769231 , -1.945246
0.717949 , 0.794872 , -2.061389
0.717949 , 0.820513 , -2.162538
0.717949 , 0.846154 , -2.249868
0.717949 , 0.871795 , -2.323946
0.717949 , 0.897436 , -2.382854
0.717949 , 0.923077 , -2.428018
0.717949 , 0.948718 , -2.460024
0.717949 , 0.974359 , -2.479692
0.717949 , 1.000000 , -2.486079
0.743590 , 0.000000 , 2.651366
0.743590 , 0.025641 , 2.644043
0.743590 , 0.051282 , 2.623690
0.743590 , 0.076923 , 2.589541
0.743590 , 0.102564 , 2.541243
0.743590 , 0.128205 , 2.478160
0.743590 , 0.153846 , 2.401633
0.743590 , 0.179487 , 2.308773
0.743590 , 0.205128 , 2.198140
0.743590 , 0.230769 , 2.069680
0.743590 , 0.256410 , 1.925197
0.743590 , 0.282051 , 1.765175
0.743590 , 0.307692 , 1.589767
0.743590 , 0.333333 , 1.398288
0.743590 , 0.358974 , 1.193809
0.743590 , 0.384615 , 0.978055
0.743590 , 0.410256 , 0.753102
0.743590 , 0.435897 , 0.520971
0.743590 , 0.461538 , 0.283544
0.743590 , 0.487179 , 0.042986
0.743590 , 0.512821 , -0.198458
0.743590 , 0.538462 , -0.438384
0.743590 , 0.564103 , -0.673518
0.743590 , 0.589744 , -0.901810
0.743590 , 0.615385 , -1.120912
0.743590 , 0.641026 , -1.328607
0.743590 , 0.666667 , -1.525531
0.743590 , 0.692308 , -1.708352
0.743590 , 0.717949 , -1.875283
0.743590 , 0.743590 , -2.027012
0.743590 , 0.769231 , -2.163744
0.743590 , 0.794872 , -2.285008
0.743590 , 0.820513 , -2.390785
0.743590 , 0.846154 , -2.481089
0.743590 , 0.871795 , -2.556201
0.743590 , 0.897436 , -2.615831
0.743590 , 0.923077 , -2.661445
0.743590 , 0.948718 , -2.694153
0.743590 , 0.974359 , -2.713650
0.743590 , 1.000000 , -2.719186
0.769231 , 0.000000 , 2.778608
0.769231 , 0.025641 , 2.771404
0.769231 , 0.051282 , 2.750948
0.769231 , 0.076923 , 2.716674
0.769231 , 0.102564 , 2.668068
0.769231 , 0.128205 , 2.604305
0.769231 , 0.153846 , 2.525927
0.769231 , 0.179487 , 2.429964
0.769231 , 0.205128 , 2.314225
0.769231 , 0.230769 , 2.179530
0.769231 , 0.256410 , 2.027060
0.769231 , 0.282051 , 1.857139
0.769231 , 0.307692 , 1.669477
0.769231 , 0.333333 , 1.464282
0.769231 , 0.358974 , 1.243827
0.769231 , 0.384615 , 1.010440
0.769231 , 0.410256 , 0.766703
0.769231 , 0.435897 , 0.514606
0.769231 , 0.461538 , 0.256697
0.769231 , 0.487179 , -0.005481
0.769231 , 0.512821 , -0.268593
0.769231 , 0.538462 , -0.529907
0.769231 , 0.564103 , -0.785338
0.769231 , 0.589744 , -1.033492
0.769231 , 0.615385 , -1.270626
0.769231 , 0.641026 , -1.495129
0.769231 , 0.666667 , -1.707105
0.769231 , 0.692308 , -1.903204
0.769231 , 0.717949 , -2.081654
0.769231 , 0.743590 , -2.243720
0.769231 , 0.769231 , -2.387125
0.769231 , 0.794872 , -2.514139
0.769231 , 0.820513 , -2.624542
0.769231 , 0.846154 , -2.717485
0.769231 , 0.871795 , -2.793358
0.769231 , 0.897436 , -2.852522
0.769231 , 0.923077 , -2.897955
0.769231 , 0.948718 , -2.929992
0.769231 , 0.974359 , -2.949161
0.769231 , 1.000000 , -2.954445
0.794872 , 0.000000 , 2.916026
0.794872 , 0.025641 , 2.909196
0.794872 , 0.051282 , 2.888634
0.794872 , 0.076923 , 2.854897
0.794872 , 0.102564 , 2.807303
0.794872 , 0.128205 , 2.743148
0.794872 , 0.153846 , 2.662703
0.794872 , 0.179487 , 2.563733
0.794872 , 0.205128 , 2.445356
0.794872 , 0.230769 , 2.305574
0.794872 , 0.256410 , 2.144342
0.794872 , 0.282051 , 1.962691
0.794872 , 0.307692 , 1.762908
0.794872 , 0.333333 , 1.544374
0.794872 , 0.358974 , 1.307840
0.794872 , 0.384615 , 1.056848
0.794872 , 0.410256 , 0.792705
0.794872 , 0.435897 , 0.519126
0.794872 , 0.461538 , 0.238567
0.794872 , 0.487179 , -0.046279
0.794872 , 0.512821 , -0.332378
0.794872 , 0.538462 , -0.616299
0.794872 , 0.564103 , -0.894256
0.794872 , 0.589744 , -1.163758
0.794872 , 0.615385 , -1.420885
0.794872 , 0.641026 , -1.663606
0.794872 , 0.666667 , -1.891529
0.794872 , 0.692308 , -2.102220
0.794872 , 0.717949 , -2.292507
0.794872 , 0.743590 , -2.464385
0.794872 , 0.769231 , -2.615361
0.794872 , 0.794872 , -2.747891
0.794872 , 0.820513 , -2.862600
0.794872 , 0.846154 , -2.957315
0.794872 , 0.871795 , -3.033470
0.794872 , 0.897436 , -3.091546
0.794872 , 0.923077 , -3.135535
0.794872 , 0.948718 , -3.166101
0.794872 , 0.974359 , -3.184682
0.794872 , 1.000000 , -3.190667
0.820513 , 0.000000 , 3.061246
0.820513 , 0.025641 , 3.055002
0.820513 , 0.051282 , 3.035062
0.820513 , 0.076923 , 3.002149
0.820513 , 0.102564 , 2.956135
0.820513 , 0.128205 , 2.892807
0.820513 , 0.153846 , 2.812012
0.820513 , 0.179487 , 2.711413
0.820513 , 0.205128 , 2.590267
0.820513 , 0.230769 , 2.445583
0.820513 , 0.256410 , 2.276478
0.820513 , 0.282051 , 2.084374
0.820513 , 0.307692 , 1.871785
0.820513 , 0.333333 , 1.639239
0.820513 , 0.358974 , 1.385977
0.820513 , 0.384615 , 1.114960
0.820513 , 0.410256 , 0.830151
0.820513 , 0.435897 , 0.533785
0.820513 , 0.461538 , 0.228929
0.820513 , 0.487179 , -0.080839
0.820513 , 0.512821 , -0.390639
0.820513 , 0.538462 , -0.698802
0.820513 , 0.564103 , -1.000854
0.820513 , 0.589744 , -1.293314
0.820513 , 0.615385 , -1.572094
0.820513 , 0.641026 , -1.835177
0.820513 , 0.666667 , -2.079241
0.820513 , 0.692308 , -2.304431
0.820513 , 0.717949 , -2.507560
0.820513 , 0.743590 , -2.688664
0.820513 , 0.769231 , -2.846936
0.820513 , 0.794872 , -2.983762
0.820513 , 0.820513 , -3.100704
0.820513 , 0.846154 , -3.196340
0.820513 , 0.871795 , -3.271867
0.820513 , 0.897436 , -3.329048
0.820513 , 0.923077 , -3.370908
0.820513 , 0.948718 , -3.399470
0.820513 , 0.974359 , -3.416220
0.820513 , 1.000000 , -3.422281
0.846154 , 0.000000 , 3.210240
0.846154 , 0.025641 , 3.204486
0.846154 , 0.051282 , 3.186870
0.846154 , 0.076923 , 3.155803
0.846154 , 0.102564 , 3.111692
0.846154 , 0.128205 , 3.051392
0.846154 , 0.153846 , 2.969964
0.846154 , 0.179487 , 2.868528
0.846154 , 0.205128 , 2.745380
0.846154 , 0.230769 , 2.595711
0.846154 , 0.256410 , 2.420120
0.846154 , 0.282051 , 2.219316
0.846154 , 0.307692 , 1.994082
0.846154 , 0.333333 , 1.746341
0.846154 , 0.358974 , 1.476050
0.846154 , 0.384615 , 1.184532
0.846154 , 0.410256 , 0.877661
0.846154 , 0.435897 , 0.557916
0.846154 , 0.461538 , 0.227988
0.846154 , 0.487179 , -0.108299
0.846154 , 0.512821 , -0.445036
0.846154 , 0.538462 , -0.778025
0.846154 , 0.564103 , -1.104886
0.846154 , 0.589744 , -1.420890
0.846154 , 0.615385 , -1.722177
0.846154 , 0.641026 , -2.006201
0.846154 , 0.666667 , -2.268035
0.846154 , 0.692308 , -2.508045
0.846154 , 0.717949 , -2.723636
0.846154 , 0.743590 , -2.913096
0.846154 , 0.769231 , -3.078164
0.846154 , 0.794872 , -3.219144
0.846154 , 0.820513 , -3.337270
0.846154 , 0.846154 , -3.432218
0.846154 , 0.871795 , -3.505837
0.846154 , 0.897436 , -3.560823
0.846154 , 0.923077 , -3.600071
0.846154 , 0.948718 , -3.626316
0.846154 , 0.974359 , -3.640881
0.846154 , 1.000000 , -3.645784
0.871795 , 0.000000 , 3.358762
0.871795 , 0.025641 , 3.353098
0.871795 , 0.051282 , 3.337838
0.871795 , 0.076923 , 3.310490
0.871795 , 0.102564 , 3.269257
0.871795 , 0.128205 , 3.211865
0.871795 , 0.153846 , 3.133693
0.871795 , 0.179487 , 3.032181
0.871795 , 0.205128 , 2.907734
0.871795 , 0.230769 , 2.754881
0.871795 , 0.256410 , 2.572978
0.871795 , 0.282051 , 2.363275
0.871795 , 0.307692 , 2.125944
0.871795 , 0.333333 , 1.862405
0.871795 , 0.358974 , 1.574319
0.871795 , 0.384615 , 1.263059
0.871795 , 0.410256 , 0.933451
0.871795 , 0.435897 , 0.589214
0.871795 , 0.461538 , 0.233586
0.871795 , 0.487179 , -0.128986
0.871795 , 0.512821 , -0.492920
0.871795 , 0.538462 , -0.852732
0.871795 , 0.564103 , -1.205435
0.871795 , 0.589744 , -1.546015
0.871795 , 0.615385 , -1.869403
0.871795 , 0.641026 , -2.172929
0.871795 , 0.666667 , -2.453664
0.871795 , 0.692308 , -2.708787
0.871795 , 0.717949 , -2.936675
0.871795 , 0.743590 , -3.134868
0.871795 , 0.769231 , -3.305754
0.871795 , 0.794872 , -3.449853
0.871795 , 0.820513 , -3.567856
0.871795 , 0.846154 , -3.660568
0.871795 , 0.871795 , -3.731147
0.871795 , 0.897436 , -3.783140
0.871795 , 0.923077 , -3.819277
0.871795 , 0.948718 , -3.842059
0.871795 , 0.974359 , -3.854443
0.871795 , 1.000000 , -3.858279
0.897436 , 0.000000 , 3.499348
0.897436 , 0.025641 , 3.495082
0.897436 , 0.051282 , 3.482472
0.897436 , 0.076923 , 3.459431
0.897436 , 0.102564 , 3.423359
0.897436 , 0.128205 , 3.370312
0.897436 , 0.153846 , 3.295648
0.897436 , 0.179487 , 3.196591
0.897436 , 0.205128 , 3.072302
0.897436 , 0.230769 , 2.917360
0.897436 , 0.256410 , 2.729919
0.897436 , 0.282051 , 2.512017
0.897436 , 0.307692 , 2.263147
0.897436 , 0.333333 , 1.984864
0.897436 , 0.358974 , 1.678594
0.897436 , 0.384615 , 1.347345
0.897436 , 0.410256 , 0.995202
0.897436 , 0.435897 , 0.626699
0.897436 , 0.461538 , 0.245422
0.897436 , 0.487179 , -0.143058
0.897436 , 0.512821 , -0.533535
0.897436 , 0.538462 , -0.920428
0.897436 , 0.564103 , -1.298741
0.897436 , 0.589744 , -1.663264
0.897436 , 0.615385 , -2.009515
0.897436 , 0.641026 , -2.332910
0.897436 , 0.666667 , -2.631093
0.897436 , 0.692308 , -2.901403
0.897436 , 0.717949 , -3.141033
0.897436 , 0.743590 , -3.348691
0.897436 , 0.769231 , -3.524279
0.897436 , 0.794872 , -3.669861
0.897436 , 0.820513 , -3.787332
0.897436 , 0.846154 , -3.877026
0.897436 , 0.871795 , -3.942950
0.897436 , 0.897436 , -3.989885
0.897436 , 0.923077 , -4.021399
0.897436 , 0.948718 , -4.039662
0.897436 , 0.974359 , -4.049144
0.897436 , 1.000000 , -4.052259
0.923077 , 0.000000 , 3.625125
0.923077 , 0.025641 , 3.621813
0.923077 , 0.051282 , 3.613570
0.923077 , 0.076923 , 3.595975
0.923077 , 0.102564 , 3.565485
0.923077 , 0.128205 , 3.518559
0.923077 , 0.153846 , 3.448789
0.923077 , 0.179487 , 3.352717
0.923077 , 0.205128 , 3.228521
0.923077 , 0.230769 , 3.072973
0.923077 , 0.256410 , 2.881798
0.923077 , 0.282051 , 2.656788
0.923077 , 0.307692 , 2.398244
0.923077 , 0.333333 , 2.105807
0.923077 , 0.358974 , 1.782706
0.923077 , 0.384615 , 1.432507
0.923077 , 0.410256 , 1.059551
0.923077 , 0.435897 , 0.668098
0.923077 , 0.461538 , 0.262335
0.923077 , 0.487179 , -0.151449
0.923077 , 0.512821 , -0.567229
0.923077 , 0.538462 , -0.979588
0.923077 , 0.564103 , -1.382177
0.923077 , 0.589744 , -1.769615
0.923077 , 0.615385 , -2.136993
0.923077 , 0.641026 , -2.480397
0.923077 , 0.666667 , -2.794962
0.923077 , 0.692308 , -3.078361
0.923077 , 0.717949 , -3.328953
0.923077 , 0.743590 , -3.544671
0.923077 , 0.769231 , -3.724538
0.923077 , 0.794872 , -3.870463
0.923077 , 0.820513 , -3.985526
0.923077 , 0.846154 , -4.072097
0.923077 , 0.871795 , -4.133044
0.923077 , 0.897436 , -4.173971
0.923077 , 0.923077 , -4.199845
0.923077 , 0.948718 , -4.212750
0.923077 , 0.974359 , -4.218222
0.923077 , 1.000000 , -4.219905
0.948718 , 0.000000 , 3.727289
0.948718 , 0.025641 , 3.726255
0.948718 , 0.051282 , 3.721644
0.948718 , 0.076923 , 3.710247
0.948718 , 0.102564 , 3.685958
0.948718 , 0.128205 , 3.644719
0.948718 , 0.153846 , 3.580850
0.948718 , 0.179487 , 3.488914
0.948718 , 0.205128 , 3.365973
0.948718 , 0.230769 , 3.209431
0.948718 , 0.256410 , 3.016125
0.948718 , 0.282051 , 2.785641
0.948718 , 0.307692 , 2.518712
0.948718 , 0.333333 , 2.215580
0.948718 , 0.358974 , 1.878484
0.948718 , 0.384615 , 1.511958
0.948718 , 0.410256 , 1.120502
0.948718 , 0.435897 , 0.709314
0.948718 , 0.461538 , 0.281636
0.948718 , 0.487179 , -0.155078
0.948718 , 0.512821 , -0.593765
0.948718 , 0.538462 , -1.027894
0.948718 , 0.564103 , -1.451678
0.948718 , 0.589744 , -1.858997
0.948718 , 0.615385 , -2.245079
0.948718 , 0.641026 , -2.605125
0.948718 , 0.666667 , -2.934794
0.948718 , 0.692308 , -3.230044
0.948718 , 0.717949 , -3.489345
0.948718 , 0.743590 , -3.710448
0.948718 , 0.769231 , -3.893842
0.948718 , 0.794872 , -4.040852
0.948718 , 0.820513 , -4.152997
0.948718 , 0.846154 , -4.234808
0.948718 , 0.871795 , -4.290156
0.948718 , 0.897436 , -4.324250
0.948718 , 0.923077 , -4.343275
0.948718 , 0.948718 , -4.350741
0.948718 , 0.974359 , -4.352589
0.948718 , 1.000000 , -4.352662
0.974359 , 0.000000 , 3.794666
0.974359 , 0.025641 , 3.795852
0.974359 , 0.051282 , 3.795644
0.974359 , 0.076923 , 3.789425
0.974359 , 0.102564 , 3.771387
0.974359 , 0.128205 , 3.735688
0.974359 , 0.153846 , 3.676662
0.974359 , 0.179487 , 3.588534
0.974359 , 0.205128 , 3.467919
0.974359 , 0.230769 , 3.311253
0.974359 , 0.256410 , 3.116544
0.974359 , 0.282051 , 2.882484
0.974359 , 0.307692 , 2.609366
0.974359 , 0.333333 , 2.298300
0.974359 , 0.358974 , 1.951498
0.974359 , 0.384615 , 1.573244
0.974359 , 0.410256 , 1.167989
0.974359 , 0.435897 , 0.741321
0.974359 , 0.461538 , 0.298377
0.974359 , 0.487179 , -0.154827
0.974359 , 0.512821 , -0.610509
0.974359 , 0.538462 , -1.061043
0.974359 , 0.564103 , -1.500797
0.974359 , 0.589744 , -1.922805
0.974359 , 0.615385 , -2.322418
0.974359 , 0.641026 , -2.694487
0.974359 , 0.666667 , -3.034259
0.974359 , 0.692308 , -3.338302
0.974359 , 0.717949 , -3.604145
0.974359 , 0.743590 , -3.829500
0.974359 , 0.769231 , -4.014567
0.974359 , 0.794872 , -4.161463
0.974359 , 0.820513 , -4.272282
0.974359 , 0.846154 , -4.349985
0.974359 , 0.871795 , -4.399920
0.974359 , 0.897436 , -4.428356
0.974359 , 0.923077 , -4.440492
0.974359 , 0.948718 , -4.443166
0.974359 , 0.974359 , -4.442160
0.974359 , 1.000000 , -4.441739
1.000000 , 0.000000 , 3.815489
1.000000 , 0.025641 , 3.819983
1.000000 , 0.051282 , 3.822638
1.000000 , 0.076923 , 3.818759
1.000000 , 0.102564 , 3.804098
1.000000 , 0.128205 , 3.770850
1.000000 , 0.153846 , 3.713486
1.000000 , 0.179487 , 3.627201
1.000000 , 0.205128 , 3.508671
1.000000 , 0.230769 , 3.353001
1.000000 , 0.256410 , 3.157111
1.000000 , 0.282051 , 2.922041
1.000000 , 0.307692 , 2.646624
1.000000 , 0.333333 , 2.332135
1.000000 , 0.358974 , 1.981766
1.000000 , 0.384615 , 1.599501
1.000000 , 0.410256 , 1.188976
1.000000 , 0.435897 , 0.755875
1.000000 , 0.461538 , 0.306566
1.000000 , 0.487179 , -0.152875
1.000000 , 0.512821 , -0.615287
1.000000 , 0.538462 , -1.073018
1.000000 , 0.564103 , -1.518980
1.000000 , 0.589744 , -1.947296
1.000000 , 0.615385 , -2.352184
1.000000 , 0.641026 , -2.729197
1.000000 , 0.666667 , -3.073238
1.000000 , 0.692308 , -3.380502
1.000000 , 0.717949 , -3.648869
1.000000 , 0.743590 , -3.876341
1.000000 , 0.769231 , -4.062379
1.000000 , 0.794872 , -4.209582
1.000000 , 0.820513 , -4.319308
1.000000 , 0.846154 , -4.395408
1.000000 , 0.871795 , -4.442729
1.000000 , 0.897436 , -4.468481
1.000000 , 0.923077 , -4.477893
1.000000 , 0.948718 , -4.477804
1.000000 , 0.974359 , -4.475278
1.000000 , 1.000000 , -4.478057
