0.000000 , 0.000000 , -1.703119
0.000000 , 0.025641 , -1.703119
0.000000 , 0.051282 , -1.703119
0.000000 , 0.076923 , -1.703119
0.000000 , 0.102564 , -1.703119
0.000000 , 0.128205 , -1.703119
0.000000 , 0.153846 , -1.703119
0.000000 , 0.179487 , -1.703119
0.000000 , 0.205128 , -1.703119
0.000000 , 0.230769 , -1.703119
0.000000 , 0.256410 , -1.703119
0.000000 , 0.282051 , -1.703119
0.000000 , 0.307692 , -1.703119
0.000000 , 0.333333 , -1.703119
0.000000 , 0.358974 , -1.703119
0.000000 , 0.384615 , -1.703119
0.000000 , 0.410256 , -1.703119
0.000000 , 0.435897 , -1.703119
0.000000 , 0.461538 , -1.703119
0.000000 , 0.487179 , -1.703119
0.000000 , 0.512821 , -1.703119
0.000000 , 0.538462 , -1.703119
0.000000 , 0.564103 , -1.703119
0.000000 , 0.589744 , -1.703119
0.000000 , 0.615385 , -1.703119
0.000000 , 0.641026 , -1.703119
0.000000 , 0.666667 , -1.703119
0.000000 , 0.692308 , -1.703119
0.000000 , 0.717949 , -1.703119
0.000000 , 0.743590 , -1.703119
0.000000 , 0.769231 , -1.703119
0.000000 , 0.794872 , -1.703119
0.000000 , 0.820513 , -1.703119
0.000000 , 0.846154 , -1.703119
0.000000 , 0.871795 , -1.703119
0.000000 , 0.897436 , -1.703119
0.000000 , 0.923077 , -1.703119
0.000000 , 0.948718 , -1.703119
0.000000 , 0.974359 , -1.703119
0.000000 , 1.000000 , -1.703119
0.025641 , 0.000000 , -1.440647
0.025641 , 0.025641 , -1.440494
0.025641 , 0.051282 , -1.439660
0.025641 , 0.076923 , -1.438366
0.025641 , 0.102564 , -1.437861
0.025641 , 0.128205 , -1.437367
0.025641 , 0.153846 , -1.437006
0.025641 , 0.179487 , -1.437286
0.025641 , 0.205128 , -1.437685
0.025641 , 0.230769 , -1.438455
0.025641 , 0.256410 , -1.439492
0.025641 , 0.282051 , -1.440815
0.025641 , 0.307692 , -1.442341
0.025641 , 0.333333 , -1.443713
0.025641 , 0.358974 , -1.445623
0.025641 , 0.384615 , -1.447701
0.025641 , 0.410256 , -1.450211
0.025641 , 0.435897 , -1.452350
0.025641 , 0.461538 , -1.454701
0.025641 , 0.487179 , -1.457051
0.025641 , 0.512821 , -1.460066
0.025641 , 0.538462 , -1.462197
0.025641 , 0.564103 , -1.463998
0.025641 , 0.589744 , -1.466283
0.025641 , 0.615385 , -1.467553
0.025641 , 0.641026 , -1.468665
0.025641 , 0.666667 , -1.471174
0.025641 , 0.692308 , -1.472871
0.025641 , 0.717949 , -1.473697
0.025641 , 0.743590 , -1.474606
0.025641 , 0.769231 , -1.474956
0.025641 , 0.794872 , -1.475351
0.025641 , 0.820513 , -1.475752
0.025641 , 0.846154 , -1.475785
0.025641 , 0.871795 , -1.476307
0.025641 , 0.897436 , -1.476485
0.025641 , 0.923077 , -1.476486
0.025641 , 0.948718 , -1.476200
0.025641 , 0.974359 , -1.475966
0.025641 , 1.000000 , -1.474994
0.051282 , 0.000000 , -1.194827
0.051282 , 0.025641 , -1.193734
0.051282 , 0.051282 , -1.192645
0.051282 , 0.076923 , -1.191124
0.051282 , 0.102564 , -1.189952
0.051282 , 0.128205 , -1.189379
0.051282 , 0.153846 , -1.188954
0.051282 , 0.179487 , -1.189049
0.051282 , 0.205128 , -1.190021
0.051282 , 0.230769 , -1.191351
0.051282 , 0.256410 , -1.193151
0.051282 , 0.282051 , -1.195048
0.051282 , 0.307692 , -1.197334
0.051282 , 0.333333 , -1.200360
0.051282 , 0.358974 , -1.204173
0.051282 , 0.384615 , -1.208530
0.051282 , 0.410256 , -1.212617
0.051282 , 0.435897 , -1.217271
0.051282 , 0.461538 , -1.221850
0.051282 , 0.487179 , -1.227078
0.051282 , 0.512821 , -1.232272
0.051282 , 0.538462 , -1.236794
0.051282 , 0.564103 , -1.239949
0.051282 , 0.589744 , -1.242949
0.051282 , 0.615385 , -1.246254
0.051282 , 0.641026 , -1.249282
0.051282 , 0.666667 , -1.253337
0.051282 , 0.692308 , -1.256329
0.051282 , 0.717949 , -1.258241
0.051282 , 0.743590 , -1.260206
0.051282 , 0.769231 , -1.261633
0.051282 , 0.794872 , -1.262433
0.051282 , 0.820513 , -1.263113
0.051282 , 0.846154 , -1.263798
0.051282 , 0.871795 , -1.264056
0.051282 , 0.897436 , -1.264496
0.051282 , 0.923077 , -1.263917
0.051282 , 0.948718 , -1.263327
0.051282 , 0.974359 , -1.262597
0.051282 , 1.000000 , -1.262107
0.076923 , 0.000000 , -0.963943
0.076923 , 0.025641 , -0.963926
0.076923 , 0.051282 , -0.962545
0.076923 , 0.076923 , -0.961028
0.076923 , 0.102564 , -0.959672
0.076923 , 0.128205 , -0.958566
0.076923 , 0.153846 , -0.957910
0.076923 , 0.179487 , -0.957888
0.076923 , 0.205128 , -0.959012
0.076923 , 0.230769 , -0.960999
0.076923 , 0.256410 , -0.962964
0.076923 , 0.282051 , -0.965863
0.076923 , 0.307692 , -0.969498
0.076923 , 0.333333 , -0.973561
0.076923 , 0.358974 , -0.978551
0.076923 , 0.384615 , -0.984633
0.076923 , 0.410256 , -0.990786
0.076923 , 0.435897 , -0.997773
0.076923 , 0.461538 , -1.004991
0.076923 , 0.487179 , -1.012348
0.076923 , 0.512821 , -1.019574
0.076923 , 0.538462 , -1.025633
0.076923 , 0.564103 , -1.029968
0.076923 , 0.589744 , -1.034302
0.076923 , 0.615385 , -1.039949
0.076923 , 0.641026 , -1.044171
0.076923 , 0.666667 , -1.048813
0.076923 , 0.692308 , -1.052828
0.076923 , 0.717949 , -1.055675
0.076923 , 0.743590 , -1.058808
0.076923 , 0.769231 , -1.060736
0.076923 , 0.794872 , -1.062640
0.076923 , 0.820513 , -1.063437
0.076923 , 0.846154 , -1.064081
0.076923 , 0.871795 , -1.065120
0.076923 , 0.897436 , -1.065089
0.076923 , 0.923077 , -1.064798
0.076923 , 0.948718 , -1.063550
0.076923 , 0.974359 , -1.062461
0.076923 , 1.000000 , -1.061587
0.102564 , 0.000000 , -0.749364
0.102564 , 0.025641 , -0.749431
0.102564 , 0.051282 , -0.749417
0.102564 , 0.076923 , -0.748205
0.102564 , 0.102564 , -0.746884
0.102564 , 0.128205 , -0.744598
0.102564 , 0.153846 , -0.742943
0.102564 , 0.179487 , -0.743001
0.102564 , 0.205128 , -0.744550
0.102564 , 0.230769 , -0.746762
0.102564 , 0.256410 , -0.748586
0.102564 , 0.282051 , -0.752055
0.102564 , 0.307692 , -0.757056
0.102564 , 0.333333 , -0.763145
0.102564 , 0.358974 , -0.768541
0.102564 , 0.384615 , -0.775528
0.102564 , 0.410256 , -0.783308
0.102564 , 0.435897 , -0.792709
0.102564 , 0.461538 , -0.802254
0.102564 , 0.487179 , -0.811562
0.102564 , 0.512821 , -0.820794
0.102564 , 0.538462 , -0.827929
0.102564 , 0.564103 , -0.833586
0.102564 , 0.589744 , -0.839349
0.102564 , 0.615385 , -0.845970
0.102564 , 0.641026 , -0.852749
0.102564 , 0.666667 , -0.858964
0.102564 , 0.692308 , -0.863821
0.102564 , 0.717949 , -0.867408
0.102564 , 0.743590 , -0.870836
0.102564 , 0.769231 , -0.872861
0.102564 , 0.794872 , -0.875149
0.102564 , 0.820513 , -0.876471
0.102564 , 0.846154 , -0.876765
0.102564 , 0.871795 , -0.878427
0.102564 , 0.897436 , -0.879098
0.102564 , 0.923077 , -0.878272
0.102564 , 0.948718 , -0.876855
0.102564 , 0.974359 , -0.874914
0.102564 , 1.000000 , -0.873769
0.128205 , 0.000000 , -0.551234
0.128205 , 0.025641 , -0.551179
0.128205 , 0.051282 , -0.551038
0.128205 , 0.076923 , -0.550185
0.128205 , 0.102564 , -0.548867
0.128205 , 0.128205 , -0.546579
0.128205 , 0.153846 , -0.544269
0.128205 , 0.179487 , -0.543771
0.128205 , 0.205128 , -0.545355
0.128205 , 0.230769 , -0.548130
0.128205 , 0.256410 , -0.550495
0.128205 , 0.282051 , -0.554560
0.128205 , 0.307692 , -0.560517
0.128205 , 0.333333 , -0.567484
0.128205 , 0.358974 , -0.574322
0.128205 , 0.384615 , -0.582156
0.128205 , 0.410256 , -0.590962
0.128205 , 0.435897 , -0.601433
0.128205 , 0.461538 , -0.612180
0.128205 , 0.487179 , -0.623124
0.128205 , 0.512821 , -0.633826
0.128205 , 0.538462 , -0.642787
0.128205 , 0.564103 , -0.650195
0.128205 , 0.589744 , -0.657803
0.128205 , 0.615385 , -0.665493
0.128205 , 0.641026 , -0.673621
0.128205 , 0.666667 , -0.681575
0.128205 , 0.692308 , -0.687373
0.128205 , 0.717949 , -0.691360
0.128205 , 0.743590 , -0.695000
0.128205 , 0.769231 , -0.697247
0.128205 , 0.794872 , -0.699696
0.128205 , 0.820513 , -0.701631
0.128205 , 0.846154 , -0.702198
0.128205 , 0.871795 , -0.703593
0.128205 , 0.897436 , -0.705211
0.128205 , 0.923077 , -0.704583
0.128205 , 0.948718 , -0.702900
0.128205 , 0.974359 , -0.701081
0.128205 , 1.000000 , -0.699760
0.153846 , 0.000000 , -0.368982
0.153846 , 0.025641 , -0.368953
0.153846 , 0.051282 , -0.368027
0.153846 , 0.076923 , -0.366744
0.153846 , 0.102564 , -0.365275
0.153846 , 0.128205 , -0.363473
0.153846 , 0.153846 , -0.361278
0.153846 , 0.179487 , -0.360518
0.153846 , 0.205128 , -0.361827
0.153846 , 0.230769 , -0.364377
0.153846 , 0.256410 , -0.367662
0.153846 , 0.282051 , -0.372307
0.153846 , 0.307692 , -0.379076
0.153846 , 0.333333 , -0.385832
0.153846 , 0.358974 , -0.393316
0.153846 , 0.384615 , -0.402632
0.153846 , 0.410256 , -0.412731
0.153846 , 0.435897 , -0.423974
0.153846 , 0.461538 , -0.435858
0.153846 , 0.487179 , -0.447895
0.153846 , 0.512821 , -0.459631
0.153846 , 0.538462 , -0.469924
0.153846 , 0.564103 , -0.479276
0.153846 , 0.589744 , -0.488020
0.153846 , 0.615385 , -0.497121
0.153846 , 0.641026 , -0.506229
0.153846 , 0.666667 , -0.514706
0.153846 , 0.692308 , -0.521822
0.153846 , 0.717949 , -0.526929
0.153846 , 0.743590 , -0.530774
0.153846 , 0.769231 , -0.533111
0.153846 , 0.794872 , -0.535055
0.153846 , 0.820513 , -0.538143
0.153846 , 0.846154 , -0.540155
0.153846 , 0.871795 , -0.541161
0.153846 , 0.897436 , -0.542683
0.153846 , 0.923077 , -0.542471
0.153846 , 0.948718 , -0.541069
0.153846 , 0.974359 , -0.539057
0.153846 , 1.000000 , -0.538961
0.179487 , 0.000000 , -0.201412
0.179487 , 0.025641 , -0.201250
0.179487 , 0.051282 , -0.200148
0.179487 , 0.076923 , -0.198456
0.179487 , 0.102564 , -0.197390
0.179487 , 0.128205 , -0.195587
0.179487 , 0.153846 , -0.193712
0.179487 , 0.179487 , -0.192655
0.179487 , 0.205128 , -0.193769
0.179487 , 0.230769 , -0.195824
0.179487 , 0.256410 , -0.199747
0.179487 , 0.282051 , -0.204871
0.179487 , 0.307692 , -0.211128
0.179487 , 0.333333 , -0.218450
0.179487 , 0.358974 , -0.226586
0.179487 , 0.384615 , -0.236589
0.179487 , 0.410256 , -0.247170
0.179487 , 0.435897 , -0.259055
0.179487 , 0.461538 , -0.271736
0.179487 , 0.487179 , -0.284893
0.179487 , 0.512821 , -0.297822
0.179487 , 0.538462 , -0.308988
0.179487 , 0.564103 , -0.319739
0.179487 , 0.589744 , -0.329998
0.179487 , 0.615385 , -0.340179
0.179487 , 0.641026 , -0.349945
0.179487 , 0.666667 , -0.358355
0.179487 , 0.692308 , -0.366579
0.179487 , 0.717949 , -0.373150
0.179487 , 0.743590 , -0.377237
0.179487 , 0.769231 , -0.380464
0.179487 , 0.794872 , -0.382226
0.179487 , 0.820513 , -0.385216
0.179487 , 0.846154 , -0.388187
0.179487 , 0.871795 , -0.389944
0.179487 , 0.897436 , -0.391046
0.179487 , 0.923077 , -0.390589
0.179487 , 0.948718 , -0.389359
0.179487 , 0.974359 , -0.388252
0.179487 , 1.000000 , -0.388177
0.205128 , 0.000000 , -0.048176
0.205128 , 0.025641 , -0.047246
0.205128 , 0.051282 , -0.046112
0.205128 , 0.076923 , -0.045180
0.205128 , 0.102564 , -0.044099
0.205128 , 0.128205 , -0.042619
0.205128 , 0.153846 , -0.040299
0.205128 , 0.179487 , -0.039274
0.205128 , 0.205128 , -0.040030
0.205128 , 0.230769 , -0.041707
0.205128 , 0.256410 , -0.045283
0.205128 , 0.282051 , -0.051086
0.205128 , 0.307692 , -0.057516
0.205128 , 0.333333 , -0.064624
0.205128 , 0.358974 , -0.073227
0.205128 , 0.384615 , -0.084370
0.205128 , 0.410256 , -0.095122
0.205128 , 0.435897 , -0.106743
0.205128 , 0.461538 , -0.120250
0.205128 , 0.487179 , -0.133517
0.205128 , 0.512821 , -0.146511
0.205128 , 0.538462 , -0.158974
0.205128 , 0.564103 , -0.171177
0.205128 , 0.589744 , -0.182668
0.205128 , 0.615385 , -0.193248
0.205128 , 0.641026 , -0.203698
0.205128 , 0.666667 , -0.212720
0.205128 , 0.692308 , -0.221430
0.205128 , 0.717949 , -0.229423
0.205128 , 0.743590 , -0.234015
0.205128 , 0.769231 , -0.238278
0.205128 , 0.794872 , -0.241729
0.205128 , 0.820513 , -0.243866
0.205128 , 0.846154 , -0.246198
0.205128 , 0.871795 , -0.248198
0.205128 , 0.897436 , -0.248930
0.205128 , 0.923077 , -0.249099
0.205128 , 0.948718 , -0.248251
0.205128 , 0.974359 , -0.247505
0.205128 , 1.000000 , -0.247373
0.230769 , 0.000000 , 0.092026
0.230769 , 0.025641 , 0.092912
0.230769 , 0.051282 , 0.094007
0.230769 , 0.076923 , 0.094921
0.230769 , 0.102564 , 0.095602
0.230769 , 0.128205 , 0.096986
0.230769 , 0.153846 , 0.099655
0.230769 , 0.179487 , 0.100993
0.230769 , 0.205128 , 0.100059
0.230769 , 0.230769 , 0.098418
0.230769 , 0.256410 , 0.095129
0.230769 , 0.282051 , 0.089790
0.230769 , 0.307692 , 0.083082
0.230769 , 0.333333 , 0.076412
0.230769 , 0.358974 , 0.067540
0.230769 , 0.384615 , 0.056407
0.230769 , 0.410256 , 0.045153
0.230769 , 0.435897 , 0.033560
0.230769 , 0.461538 , 0.020122
0.230769 , 0.487179 , 0.006861
0.230769 , 0.512821 , -0.006416
0.230769 , 0.538462 , -0.019793
0.230769 , 0.564103 , -0.033182
0.230769 , 0.589744 , -0.045522
0.230769 , 0.615385 , -0.057070
0.230769 , 0.641026 , -0.067572
0.230769 , 0.666667 , -0.077420
0.230769 , 0.692308 , -0.085907
0.230769 , 0.717949 , -0.093513
0.230769 , 0.743590 , -0.099379
0.230769 , 0.769231 , -0.103980
0.230769 , 0.794872 , -0.109205
0.230769 , 0.820513 , -0.112321
0.230769 , 0.846154 , -0.114098
0.230769 , 0.871795 , -0.115750
0.230769 , 0.897436 , -0.116710
0.230769 , 0.923077 , -0.116846
0.230769 , 0.948718 , -0.116657
0.230769 , 0.974359 , -0.115998
0.230769 , 1.000000 , -0.115448
0.256410 , 0.000000 , 0.219957
0.256410 , 0.025641 , 0.220103
0.256410 , 0.051282 , 0.220747
0.256410 , 0.076923 , 0.221833
0.256410 , 0.102564 , 0.222970
0.256410 , 0.128205 , 0.224783
0.256410 , 0.153846 , 0.227048
0.256410 , 0.179487 , 0.228393
0.256410 , 0.205128 , 0.227579
0.256410 , 0.230769 , 0.225308
0.256410 , 0.256410 , 0.221793
0.256410 , 0.282051 , 0.217062
0.256410 , 0.307692 , 0.211216
0.256410 , 0.333333 , 0.204688
0.256410 , 0.358974 , 0.196070
0.256410 , 0.384615 , 0.185090
0.256410 , 0.410256 , 0.173676
0.256410 , 0.435897 , 0.161960
0.256410 , 0.461538 , 0.149016
0.256410 , 0.487179 , 0.135881
0.256410 , 0.512821 , 0.121993
0.256410 , 0.538462 , 0.108188
0.256410 , 0.564103 , 0.094388
0.256410 , 0.589744 , 0.081527
0.256410 , 0.615385 , 0.069623
0.256410 , 0.641026 , 0.058299
0.256410 , 0.666667 , 0.048533
0.256410 , 0.692308 , 0.039948
0.256410 , 0.717949 , 0.032500
0.256410 , 0.743590 , 0.026539
0.256410 , 0.769231 , 0.021262
0.256410 , 0.794872 , 0.015748
0.256410 , 0.820513 , 0.011879
0.256410 , 0.846154 , 0.009973
0.256410 , 0.871795 , 0.008213
0.256410 , 0.897436 , 0.006964
0.256410 , 0.923077 , 0.006916
0.256410 , 0.948718 , 0.007644
0.256410 , 0.974359 , 0.008496
0.256410 , 1.000000 , 0.009150
0.282051 , 0.000000 , 0.335568
0.282051 , 0.025641 , 0.335290
0.282051 , 0.051282 , 0.334963
0.282051 , 0.076923 , 0.335329
0.282051 , 0.102564 , 0.336781
0.282051 , 0.128205 , 0.338953
0.282051 , 0.153846 , 0.341387
0.282051 , 0.179487 , 0.342360
0.282051 , 0.205128 , 0.341574
0.282051 , 0.230769 , 0.339165
0.282051 , 0.256410 , 0.336130
0.282051 , 0.282051 , 0.331926
0.282051 , 0.307692 , 0.326907
0.282051 , 0.333333 , 0.320407
0.282051 , 0.358974 , 0.311374
0.282051 , 0.384615 , 0.301215
0.282051 , 0.410256 , 0.290335
0.282051 , 0.435897 , 0.279143
0.282051 , 0.461538 , 0.266858
0.282051 , 0.487179 , 0.253558
0.282051 , 0.512821 , 0.239941
0.282051 , 0.538462 , 0.226630
0.282051 , 0.564103 , 0.213954
0.282051 , 0.589744 , 0.201180
0.282051 , 0.615385 , 0.189333
0.282051 , 0.641026 , 0.177235
0.282051 , 0.666667 , 0.166451
0.282051 , 0.692308 , 0.157629
0.282051 , 0.717949 , 0.149117
0.282051 , 0.743590 , 0.142430
0.282051 , 0.769231 , 0.137224
0.282051 , 0.794872 , 0.131519
0.282051 , 0.820513 , 0.127896
0.282051 , 0.846154 , 0.125396
0.282051 , 0.871795 , 0.123211
0.282051 , 0.897436 , 0.122314
0.282051 , 0.923077 , 0.122632
0.282051 , 0.948718 , 0.124227
0.282051 , 0.974359 , 0.125274
0.282051 , 1.000000 , 0.126099
0.307692 , 0.000000 , 0.438736
0.307692 , 0.025641 , 0.438305
0.307692 , 0.051282 , 0.437997
0.307692 , 0.076923 , 0.438062
0.307692 , 0.102564 , 0.439200
0.307692 , 0.128205 , 0.441124
0.307692 , 0.153846 , 0.442410
0.307692 , 0.179487 , 0.443031
0.307692 , 0.205128 , 0.442205
0.307692 , 0.230769 , 0.439637
0.307692 , 0.256410 , 0.437332
0.307692 , 0.282051 , 0.434182
0.307692 , 0.307692 , 0.429743
0.307692 , 0.333333 , 0.423851
0.307692 , 0.358974 , 0.415396
0.307692 , 0.384615 , 0.406002
0.307692 , 0.410256 , 0.396158
0.307692 , 0.435897 , 0.386025
0.307692 , 0.461538 , 0.374076
0.307692 , 0.487179 , 0.361081
0.307692 , 0.512821 , 0.348515
0.307692 , 0.538462 , 0.335354
0.307692 , 0.564103 , 0.323012
0.307692 , 0.589744 , 0.310969
0.307692 , 0.615385 , 0.299481
0.307692 , 0.641026 , 0.288089
0.307692 , 0.666667 , 0.277264
0.307692 , 0.692308 , 0.267329
0.307692 , 0.717949 , 0.258813
0.307692 , 0.743590 , 0.251536
0.307692 , 0.769231 , 0.246449
0.307692 , 0.794872 , 0.240769
0.307692 , 0.820513 , 0.235869
0.307692 , 0.846154 , 0.232672
0.307692 , 0.871795 , 0.230600
0.307692 , 0.897436 , 0.230275
0.307692 , 0.923077 , 0.230635
0.307692 , 0.948718 , 0.231881
0.307692 , 0.974359 , 0.233291
0.307692 , 1.000000 , 0.233743
0.333333 , 0.000000 , 0.530328
0.333333 , 0.025641 , 0.530217
0.333333 , 0.051282 , 0.529707
0.333333 , 0.076923 , 0.530196
0.333333 , 0.102564 , 0.531060
0.333333 , 0.128205 , 0.532854
0.333333 , 0.153846 , 0.533264
0.333333 , 0.179487 , 0.532136
0.333333 , 0.205128 , 0.531322
0.333333 , 0.230769 , 0.529628
0.333333 , 0.256410 , 0.526962
0.333333 , 0.282051 , 0.523903
0.333333 , 0.307692 , 0.519626
0.333333 , 0.333333 , 0.514543
0.333333 , 0.358974 , 0.507888
0.333333 , 0.384615 , 0.499349
0.333333 , 0.410256 , 0.490706
0.333333 , 0.435897 , 0.481686
0.333333 , 0.461538 , 0.471139
0.333333 , 0.487179 , 0.459668
0.333333 , 0.512821 , 0.447969
0.333333 , 0.538462 , 0.435517
0.333333 , 0.564103 , 0.423557
0.333333 , 0.589744 , 0.412066
0.333333 , 0.615385 , 0.401311
0.333333 , 0.641026 , 0.390661
0.333333 , 0.666667 , 0.380557
0.333333 , 0.692308 , 0.370423
0.333333 , 0.717949 , 0.361231
0.333333 , 0.743590 , 0.354250
0.333333 , 0.769231 , 0.348066
0.333333 , 0.794872 , 0.342860
0.333333 , 0.820513 , 0.337761
0.333333 , 0.846154 , 0.334012
0.333333 , 0.871795 , 0.331877
0.333333 , 0.897436 , 0.331149
0.333333 , 0.923077 , 0.331543
0.333333 , 0.948718 , 0.332361
0.333333 , 0.974359 , 0.332924
0.333333 , 1.000000 , 0.332927
0.358974 , 0.000000 , 0.611669
0.358974 , 0.025641 , 0.611567
0.358974 , 0.051282 , 0.610901
0.358974 , 0.076923 , 0.611408
0.358974 , 0.102564 , 0.612165
0.358974 , 0.128205 , 0.613347
0.358974 , 0.153846 , 0.613737
0.358974 , 0.179487 , 0.612565
0.358974 , 0.205128 , 0.611224
0.358974 , 0.230769 , 0.609638
0.358974 , 0.256410 , 0.606995
0.358974 , 0.282051 , 0.603176
0.358974 , 0.307692 , 0.599141
0.358974 , 0.333333 , 0.594643
0.358974 , 0.358974 , 0.589735
0.358974 , 0.384615 , 0.582796
0.358974 , 0.410256 , 0.575420
0.358974 , 0.435897 , 0.567513
0.358974 , 0.461538 , 0.558259
0.358974 , 0.487179 , 0.548372
0.358974 , 0.512821 , 0.537959
0.358974 , 0.538462 , 0.526941
0.358974 , 0.564103 , 0.515999
0.358974 , 0.589744 , 0.505305
0.358974 , 0.615385 , 0.495064
0.358974 , 0.641026 , 0.485986
0.358974 , 0.666667 , 0.476262
0.358974 , 0.692308 , 0.465721
0.358974 , 0.717949 , 0.455887
0.358974 , 0.743590 , 0.448945
0.358974 , 0.769231 , 0.442744
0.358974 , 0.794872 , 0.437205
0.358974 , 0.820513 , 0.432520
0.358974 , 0.846154 , 0.428688
0.358974 , 0.871795 , 0.426814
0.358974 , 0.897436 , 0.425498
0.358974 , 0.923077 , 0.424858
0.358974 , 0.948718 , 0.425586
0.358974 , 0.974359 , 0.426226
0.358974 , 1.000000 , 0.426104
0.384615 , 0.000000 , 0.683916
0.384615 , 0.025641 , 0.684310
0.384615 , 0.051282 , 0.683418
0.384615 , 0.076923 , 0.683135
0.384615 , 0.102564 , 0.683122
0.384615 , 0.128205 , 0.683893
0.384615 , 0.153846 , 0.684171
0.384615 , 0.179487 , 0.683264
0.384615 , 0.205128 , 0.681862
0.384615 , 0.230769 , 0.679844
0.384615 , 0.256410 , 0.677151
0.384615 , 0.282051 , 0.673955
0.384615 , 0.307692 , 0.669773
0.384615 , 0.333333 , 0.665675
0.384615 , 0.358974 , 0.661798
0.384615 , 0.384615 , 0.656634
0.384615 , 0.410256 , 0.650741
0.384615 , 0.435897 , 0.644296
0.384615 , 0.461538 , 0.636786
0.384615 , 0.487179 , 0.628567
0.384615 , 0.512821 , 0.619504
0.384615 , 0.538462 , 0.609916
0.384615 , 0.564103 , 0.600419
0.384615 , 0.589744 , 0.590857
0.384615 , 0.615385 , 0.581165
0.384615 , 0.641026 , 0.572411
0.384615 , 0.666667 , 0.563506
0.384615 , 0.692308 , 0.553908
0.384615 , 0.717949 , 0.544385
0.384615 , 0.743590 , 0.537395
0.384615 , 0.769231 , 0.531628
0.384615 , 0.794872 , 0.526099
0.384615 , 0.820513 , 0.520767
0.384615 , 0.846154 , 0.516523
0.384615 , 0.871795 , 0.514151
0.384615 , 0.897436 , 0.512756
0.384615 , 0.923077 , 0.512056
0.384615 , 0.948718 , 0.512903
0.384615 , 0.974359 , 0.513789
0.384615 , 1.000000 , 0.514358
0.410256 , 0.000000 , 0.748385
0.410256 , 0.025641 , 0.748646
0.410256 , 0.051282 , 0.747565
0.410256 , 0.076923 , 0.746349
0.410256 , 0.102564 , 0.744987
0.410256 , 0.128205 , 0.745527
0.410256 , 0.153846 , 0.745181
0.410256 , 0.179487 , 0.744049
0.410256 , 0.205128 , 0.741973
0.410256 , 0.230769 , 0.739436
0.410256 , 0.256410 , 0.737327
0.410256 , 0.282051 , 0.734519
0.410256 , 0.307692 , 0.731347
0.410256 , 0.333333 , 0.727694
0.410256 , 0.358974 , 0.724926
0.410256 , 0.384615 , 0.720902
0.410256 , 0.410256 , 0.716481
0.410256 , 0.435897 , 0.711802
0.410256 , 0.461538 , 0.706233
0.410256 , 0.487179 , 0.699772
0.410256 , 0.512821 , 0.692080
0.410256 , 0.538462 , 0.684099
0.410256 , 0.564103 , 0.676076
0.410256 , 0.589744 , 0.668186
0.410256 , 0.615385 , 0.659590
0.410256 , 0.641026 , 0.650938
0.410256 , 0.666667 , 0.642940
0.410256 , 0.692308 , 0.634289
0.410256 , 0.717949 , 0.625829
0.410256 , 0.743590 , 0.619147
0.410256 , 0.769231 , 0.613819
0.410256 , 0.794872 , 0.607899
0.410256 , 0.820513 , 0.602430
0.410256 , 0.846154 , 0.598243
0.410256 , 0.871795 , 0.595097
0.410256 , 0.897436 , 0.593431
0.410256 , 0.923077 , 0.593363
0.410256 , 0.948718 , 0.593688
0.410256 , 0.974359 , 0.594204
0.410256 , 1.000000 , 0.594382
0.435897 , 0.000000 , 0.804653
0.435897 , 0.025641 , 0.804668
0.435897 , 0.051282 , 0.803151
0.435897 , 0.076923 , 0.801751
0.435897 , 0.102564 , 0.800079
0.435897 , 0.128205 , 0.799392
0.435897 , 0.153846 , 0.798166
0.435897 , 0.179487 , 0.796653
0.435897 , 0.205128 , 0.794053
0.435897 , 0.230769 , 0.791181
0.435897 , 0.256410 , 0.788993
0.435897 , 0.282051 , 0.787194
0.435897 , 0.307692 , 0.784587
0.435897 , 0.333333 , 0.781881
0.435897 , 0.358974 , 0.779151
0.435897 , 0.384615 , 0.776828
0.435897 , 0.410256 , 0.774002
0.435897 , 0.435897 , 0.770832
0.435897 , 0.461538 , 0.766876
0.435897 , 0.487179 , 0.762577
0.435897 , 0.512821 , 0.756981
0.435897 , 0.538462 , 0.750189
0.435897 , 0.564103 , 0.743560
0.435897 , 0.589744 , 0.737219
0.435897 , 0.615385 , 0.730321
0.435897 , 0.641026 , 0.723298
0.435897 , 0.666667 , 0.716206
0.435897 , 0.692308 , 0.709233
0.435897 , 0.717949 , 0.701546
0.435897 , 0.743590 , 0.695030
0.435897 , 0.769231 , 0.688939
0.435897 , 0.794872 , 0.683096
0.435897 , 0.820513 , 0.678286
0.435897 , 0.846154 , 0.674085
0.435897 , 0.871795 , 0.670841
0.435897 , 0.897436 , 0.669278
0.435897 , 0.923077 , 0.668604
0.435897 , 0.948718 , 0.668693
0.435897 , 0.974359 , 0.668663
0.435897 , 1.000000 , 0.668424
0.461538 , 0.000000 , 0.852485
0.461538 , 0.025641 , 0.852239
0.461538 , 0.051282 , 0.851237
0.461538 , 0.076923 , 0.849679
0.461538 , 0.102564 , 0.848255
0.461538 , 0.128205 , 0.846336
0.461538 , 0.153846 , 0.843803
0.461538 , 0.179487 , 0.841481
0.461538 , 0.205128 , 0.838570
0.461538 , 0.230769 , 0.835628
0.461538 , 0.256410 , 0.833976
0.461538 , 0.282051 , 0.832604
0.461538 , 0.307692 , 0.830471
0.461538 , 0.333333 , 0.828715
0.461538 , 0.358974 , 0.827045
0.461538 , 0.384615 , 0.825749
0.461538 , 0.410256 , 0.824722
0.461538 , 0.435897 , 0.822790
0.461538 , 0.461538 , 0.820619
0.461538 , 0.487179 , 0.818226
0.461538 , 0.512821 , 0.814522
0.461538 , 0.538462 , 0.809944
0.461538 , 0.564103 , 0.804571
0.461538 , 0.589744 , 0.799569
0.461538 , 0.615385 , 0.794535
0.461538 , 0.641026 , 0.789073
0.461538 , 0.666667 , 0.783709
0.461538 , 0.692308 , 0.777617
0.461538 , 0.717949 , 0.771226
0.461538 , 0.743590 , 0.765428
0.461538 , 0.769231 , 0.760043
0.461538 , 0.794872 , 0.754084
0.461538 , 0.820513 , 0.749385
0.461538 , 0.846154 , 0.744782
0.461538 , 0.871795 , 0.741554
0.461538 , 0.897436 , 0.740007
0.461538 , 0.923077 , 0.738401
0.461538 , 0.948718 , 0.737708
0.461538 , 0.974359 , 0.737616
0.461538 , 1.000000 , 0.737741
0.487179 , 0.000000 , 0.892825
0.487179 , 0.025641 , 0.892567
0.487179 , 0.051282 , 0.891778
0.487179 , 0.076923 , 0.890427
0.487179 , 0.102564 , 0.888495
0.487179 , 0.128205 , 0.885859
0.487179 , 0.153846 , 0.883047
0.487179 , 0.179487 , 0.879636
0.487179 , 0.205128 , 0.876373
0.487179 , 0.230769 , 0.873565
0.487179 , 0.256410 , 0.872330
0.487179 , 0.282051 , 0.871336
0.487179 , 0.307692 , 0.870124
0.487179 , 0.333333 , 0.869104
0.487179 , 0.358974 , 0.868905
0.487179 , 0.384615 , 0.868672
0.487179 , 0.410256 , 0.868577
0.487179 , 0.435897 , 0.868101
0.487179 , 0.461538 , 0.867576
0.487179 , 0.487179 , 0.867170
0.487179 , 0.512821 , 0.865467
0.487179 , 0.538462 , 0.863019
0.487179 , 0.564103 , 0.859740
0.487179 , 0.589744 , 0.856536
0.487179 , 0.615385 , 0.853539
0.487179 , 0.641026 , 0.849379
0.487179 , 0.666667 , 0.845094
0.487179 , 0.692308 , 0.840310
0.487179 , 0.717949 , 0.835535
0.487179 , 0.743590 , 0.830665
0.487179 , 0.769231 , 0.825696
0.487179 , 0.794872 , 0.820522
0.487179 , 0.820513 , 0.816213
0.487179 , 0.846154 , 0.811743
0.487179 , 0.871795 , 0.807854
0.487179 , 0.897436 , 0.805312
0.487179 , 0.923077 , 0.803358
0.487179 , 0.948718 , 0.802099
0.487179 , 0.974359 , 0.801714
0.487179 , 1.000000 , 0.801600
0.512821 , 0.000000 , 0.926424
0.512821 , 0.025641 , 0.926398
0.512821 , 0.051282 , 0.925711
0.512821 , 0.076923 , 0.923955
0.512821 , 0.102564 , 0.921801
0.512821 , 0.128205 , 0.918581
0.512821 , 0.153846 , 0.915565
0.512821 , 0.179487 , 0.912676
0.512821 , 0.205128 , 0.908922
0.512821 , 0.230769 , 0.905549
0.512821 , 0.256410 , 0.904660
0.512821 , 0.282051 , 0.903888
0.512821 , 0.307692 , 0.903371
0.512821 , 0.333333 , 0.903356
0.512821 , 0.358974 , 0.904204
0.512821 , 0.384615 , 0.905052
0.512821 , 0.410256 , 0.906304
0.512821 , 0.435897 , 0.907349
0.512821 , 0.461538 , 0.908256
0.512821 , 0.487179 , 0.909480
0.512821 , 0.512821 , 0.910178
0.512821 , 0.538462 , 0.909745
0.512821 , 0.564103 , 0.908557
0.512821 , 0.589744 , 0.907803
0.512821 , 0.615385 , 0.906550
0.512821 , 0.641026 , 0.904277
0.512821 , 0.666667 , 0.901248
0.512821 , 0.692308 , 0.897722
0.512821 , 0.717949 , 0.894489
0.512821 , 0.743590 , 0.890438
0.512821 , 0.769231 , 0.885848
0.512821 , 0.794872 , 0.881983
0.512821 , 0.820513 , 0.878359
0.512821 , 0.846154 , 0.874821
0.512821 , 0.871795 , 0.870506
0.512821 , 0.897436 , 0.866607
0.512821 , 0.923077 , 0.863866
0.512821 , 0.948718 , 0.862296
0.512821 , 0.974359 , 0.861467
0.512821 , 1.000000 , 0.861173
0.538462 , 0.000000 , 0.955238
0.538462 , 0.025641 , 0.954921
0.538462 , 0.051282 , 0.953827
0.538462 , 0.076923 , 0.951688
0.538462 , 0.102564 , 0.948362
0.538462 , 0.128205 , 0.945509
0.538462 , 0.153846 , 0.942258
0.538462 , 0.179487 , 0.939564
0.538462 , 0.205128 , 0.936274
0.538462 , 0.230769 , 0.932761
0.538462 , 0.256410 , 0.931674
0.538462 , 0.282051 , 0.930920
0.538462 , 0.307692 , 0.930623
0.538462 , 0.333333 , 0.931947
0.538462 , 0.358974 , 0.933958
0.538462 , 0.384615 , 0.936221
0.538462 , 0.410256 , 0.938677
0.538462 , 0.435897 , 0.941230
0.538462 , 0.461538 , 0.943596
0.538462 , 0.487179 , 0.946243
0.538462 , 0.512821 , 0.948892
0.538462 , 0.538462 , 0.950880
0.538462 , 0.564103 , 0.951543
0.538462 , 0.589744 , 0.952947
0.538462 , 0.615385 , 0.953804
0.538462 , 0.641026 , 0.953479
0.538462 , 0.666667 , 0.951858
0.538462 , 0.692308 , 0.950050
0.538462 , 0.717949 , 0.948134
0.538462 , 0.743590 , 0.944791
0.538462 , 0.769231 , 0.941089
0.538462 , 0.794872 , 0.938081
0.538462 , 0.820513 , 0.934733
0.538462 , 0.846154 , 0.932169
0.538462 , 0.871795 , 0.928135
0.538462 , 0.897436 , 0.923660
0.538462 , 0.923077 , 0.920311
0.538462 , 0.948718 , 0.918710
0.538462 , 0.974359 , 0.917773
0.538462 , 1.000000 , 0.917627
0.564103 , 0.000000 , 0.978934
0.564103 , 0.025641 , 0.978331
0.564103 , 0.051282 , 0.976735
0.564103 , 0.076923 , 0.974401
0.564103 , 0.102564 , 0.970976
0.564103 , 0.128205 , 0.967356
0.564103 , 0.153846 , 0.964350
0.564103 , 0.179487 , 0.961513
0.564103 , 0.205128 , 0.958604
0.564103 , 0.230769 , 0.955332
0.564103 , 0.256410 , 0.954178
0.564103 , 0.282051 , 0.953494
0.564103 , 0.307692 , 0.953889
0.564103 , 0.333333 , 0.956063
0.564103 , 0.358974 , 0.958962
0.564103 , 0.384615 , 0.962334
0.564103 , 0.410256 , 0.966218
0.564103 , 0.435897 , 0.970072
0.564103 , 0.461538 , 0.974280
0.564103 , 0.487179 , 0.978592
0.564103 , 0.512821 , 0.982423
0.564103 , 0.538462 , 0.986380
0.564103 , 0.564103 , 0.989281
0.564103 , 0.589744 , 0.992431
0.564103 , 0.615385 , 0.994911
0.564103 , 0.641026 , 0.996465
0.564103 , 0.666667 , 0.997183
0.564103 , 0.692308 , 0.997643
0.564103 , 0.717949 , 0.997215
0.564103 , 0.743590 , 0.995261
0.564103 , 0.769231 , 0.992166
0.564103 , 0.794872 , 0.989077
0.564103 , 0.820513 , 0.986628
0.564103 , 0.846154 , 0.984491
0.564103 , 0.871795 , 0.981159
0.564103 , 0.897436 , 0.977323
0.564103 , 0.923077 , 0.973924
0.564103 , 0.948718 , 0.971570
0.564103 , 0.974359 , 0.970500
0.564103 , 1.000000 , 0.970207
0.589744 , 0.000000 , 0.998582
0.589744 , 0.025641 , 0.997418
0.589744 , 0.051282 , 0.995575
0.589744 , 0.076923 , 0.992918
0.589744 , 0.102564 , 0.989391
0.589744 , 0.128205 , 0.985952
0.589744 , 0.153846 , 0.982171
0.589744 , 0.179487 , 0.979377
0.589744 , 0.205128 , 0.977090
0.589744 , 0.230769 , 0.973986
0.589744 , 0.256410 , 0.973037
0.589744 , 0.282051 , 0.972965
0.589744 , 0.307692 , 0.974049
0.589744 , 0.333333 , 0.976918
0.589744 , 0.358974 , 0.980636
0.589744 , 0.384615 , 0.984849
0.589744 , 0.410256 , 0.989382
0.589744 , 0.435897 , 0.994873
0.589744 , 0.461538 , 1.000463
0.589744 , 0.487179 , 1.006580
0.589744 , 0.512821 , 1.012248
0.589744 , 0.538462 , 1.017376
0.589744 , 0.564103 , 1.022128
0.589744 , 0.589744 , 1.027027
0.589744 , 0.615385 , 1.031579
0.589744 , 0.641026 , 1.034372
0.589744 , 0.666667 , 1.037146
0.589744 , 0.692308 , 1.040081
0.589744 , 0.717949 , 1.041183
0.589744 , 0.743590 , 1.040477
0.589744 , 0.769231 , 1.038076
0.589744 , 0.794872 , 1.035592
0.589744 , 0.820513 , 1.034102
0.589744 , 0.846154 , 1.032134
0.589744 , 0.871795 , 1.028733
0.589744 , 0.897436 , 1.025809
0.589744 , 0.923077 , 1.023553
0.589744 , 0.948718 , 1.021475
0.589744 , 0.974359 , 1.019632
0.589744 , 1.000000 , 1.019154
0.615385 , 0.000000 , 1.013863
0.615385 , 0.025641 , 1.012985
0.615385 , 0.051282 , 1.011131
0.615385 , 0.076923 , 1.008540
0.615385 , 0.102564 , 1.004615
0.615385 , 0.128205 , 1.001498
0.615385 , 0.153846 , 0.997584
0.615385 , 0.179487 , 0.994710
0.615385 , 0.205128 , 0.992498
0.615385 , 0.230769 , 0.990120
0.615385 , 0.256410 , 0.988978
0.615385 , 0.282051 , 0.989264
0.615385 , 0.307692 , 0.990796
0.615385 , 0.333333 , 0.994404
0.615385 , 0.358974 , 0.998649
0.615385 , 0.384615 , 1.004359
0.615385 , 0.410256 , 1.009836
0.615385 , 0.435897 , 1.016030
0.615385 , 0.461538 , 1.022832
0.615385 , 0.487179 , 1.030030
0.615385 , 0.512821 , 1.037420
0.615385 , 0.538462 , 1.044872
0.615385 , 0.564103 , 1.051301
0.615385 , 0.589744 , 1.057319
0.615385 , 0.615385 , 1.063564
0.615385 , 0.641026 , 1.068309
0.615385 , 0.666667 , 1.072357
0.615385 , 0.692308 , 1.076875
0.615385 , 0.717949 , 1.079731
0.615385 , 0.743590 , 1.081110
0.615385 , 0.769231 , 1.079936
0.615385 , 0.794872 , 1.077966
0.615385 , 0.820513 , 1.077297
0.615385 , 0.846154 , 1.076041
0.615385 , 0.871795 , 1.072963
0.615385 , 0.897436 , 1.070107
0.615385 , 0.923077 , 1.068294
0.615385 , 0.948718 , 1.066375
0.615385 , 0.974359 , 1.064949
0.615385 , 1.000000 , 1.063917
0.641026 , 0.000000 , 1.026712
0.641026 , 0.025641 , 1.025685
0.641026 , 0.051282 , 1.023588
0.641026 , 0.076923 , 1.021128
0.641026 , 0.102564 , 1.017539
0.641026 , 0.128205 , 1.014344
0.641026 , 0.153846 , 1.010760
0.641026 , 0.179487 , 1.008493
0.641026 , 0.205128 , 1.006732
0.641026 , 0.230769 , 1.004210
0.641026 , 0.256410 , 1.003188
0.641026 , 0.282051 , 1.003262
0.641026 , 0.307692 , 1.004685
0.641026 , 0.333333 , 1.008578
0.641026 , 0.358974 , 1.013660
0.641026 , 0.384615 , 1.020535
0.641026 , 0.410256 , 1.027476
0.641026 , 0.435897 , 1.034265
0.641026 , 0.461538 , 1.041844
0.641026 , 0.487179 , 1.050237
0.641026 , 0.512821 , 1.059221
0.641026 , 0.538462 , 1.067561
0.641026 , 0.564103 , 1.076081
0.641026 , 0.589744 , 1.083356
0.641026 , 0.615385 , 1.090567
0.641026 , 0.641026 , 1.097440
0.641026 , 0.666667 , 1.103987
0.641026 , 0.692308 , 1.110079
0.641026 , 0.717949 , 1.114497
0.641026 , 0.743590 , 1.117299
0.641026 , 0.769231 , 1.117604
0.641026 , 0.794872 , 1.116476
0.641026 , 0.820513 , 1.116890
0.641026 , 0.846154 , 1.116352
0.641026 , 0.871795 , 1.113703
0.641026 , 0.897436 , 1.111379
0.641026 , 0.923077 , 1.109595
0.641026 , 0.948718 , 1.107106
0.641026 , 0.974359 , 1.106297
0.641026 , 1.000000 , 1.104997
0.666667 , 0.000000 , 1.037238
0.666667 , 0.025641 , 1.035713
0.666667 , 0.051282 , 1.033444
0.666667 , 0.076923 , 1.030931
0.666667 , 0.102564 , 1.027687
0.666667 , 0.128205 , 1.024518
0.666667 , 0.153846 , 1.021667
0.666667 , 0.179487 , 1.019130
0.666667 , 0.205128 , 1.017448
0.666667 , 0.230769 , 1.015616
0.666667 , 0.256410 , 1.015220
0.666667 , 0.282051 , 1.015281
0.666667 , 0.307692 , 1.016540
0.666667 , 0.333333 , 1.019664
0.666667 , 0.358974 , 1.025915
0.666667 , 0.384615 , 1.033794
0.666667 , 0.410256 , 1.041673
0.666667 , 0.435897 , 1.049761
0.666667 , 0.461538 , 1.057766
0.666667 , 0.487179 , 1.066929
0.666667 , 0.512821 , 1.077456
0.666667 , 0.538462 , 1.086994
0.666667 , 0.564103 , 1.096736
0.666667 , 0.589744 , 1.106191
0.666667 , 0.615385 , 1.114374
0.666667 , 0.641026 , 1.122617
0.666667 , 0.666667 , 1.131075
0.666667 , 0.692308 , 1.138961
0.666667 , 0.717949 , 1.145064
0.666667 , 0.743590 , 1.148662
0.666667 , 0.769231 , 1.150769
0.666667 , 0.794872 , 1.151548
0.666667 , 0.820513 , 1.152420
0.666667 , 0.846154 , 1.152474
0.666667 , 0.871795 , 1.150191
0.666667 , 0.897436 , 1.148810
0.666667 , 0.923077 , 1.147026
0.666667 , 0.948718 , 1.144797
0.666667 , 0.974359 , 1.142957
0.666667 , 1.000000 , 1.141676
0.692308 , 0.000000 , 1.044712
0.692308 , 0.025641 , 1.043586
0.692308 , 0.051282 , 1.041345
0.692308 , 0.076923 , 1.038792
0.692308 , 0.102564 , 1.035630
0.692308 , 0.128205 , 1.032416
0.692308 , 0.153846 , 1.030215
0.692308 , 0.179487 , 1.027875
0.692308 , 0.205128 , 1.026435
0.692308 , 0.230769 , 1.025143
0.692308 , 0.256410 , 1.025475
0.692308 , 0.282051 , 1.025936
0.692308 , 0.307692 , 1.026483
0.692308 , 0.333333 , 1.029177
0.692308 , 0.358974 , 1.035462
0.692308 , 0.384615 , 1.044464
0.692308 , 0.410256 , 1.052812
0.692308 , 0.435897 , 1.061892
0.692308 , 0.461538 , 1.071764
0.692308 , 0.487179 , 1.081242
0.692308 , 0.512821 , 1.092508
0.692308 , 0.538462 , 1.103335
0.692308 , 0.564103 , 1.114524
0.692308 , 0.589744 , 1.125174
0.692308 , 0.615385 , 1.135235
0.692308 , 0.641026 , 1.145148
0.692308 , 0.666667 , 1.154875
0.692308 , 0.692308 , 1.164220
0.692308 , 0.717949 , 1.171694
0.692308 , 0.743590 , 1.176743
0.692308 , 0.769231 , 1.181168
0.692308 , 0.794872 , 1.183050
0.692308 , 0.820513 , 1.183876
0.692308 , 0.846154 , 1.184263
0.692308 , 0.871795 , 1.183359
0.692308 , 0.897436 , 1.181833
0.692308 , 0.923077 , 1.179846
0.692308 , 0.948718 , 1.178130
0.692308 , 0.974359 , 1.175800
0.692308 , 1.000000 , 1.174280
0.717949 , 0.000000 , 1.050495
0.717949 , 0.025641 , 1.049756
0.717949 , 0.051282 , 1.047730
0.717949 , 0.076923 , 1.044883
0.717949 , 0.102564 , 1.042041
0.717949 , 0.128205 , 1.039056
0.717949 , 0.153846 , 1.036678
0.717949 , 0.179487 , 1.034276
0.717949 , 0.205128 , 1.033962
0.717949 , 0.230769 , 1.032977
0.717949 , 0.256410 , 1.033340
0.717949 , 0.282051 , 1.034811
0.717949 , 0.307692 , 1.035507
0.717949 , 0.333333 , 1.038306
0.717949 , 0.358974 , 1.044267
0.717949 , 0.384615 , 1.052501
0.717949 , 0.410256 , 1.062064
0.717949 , 0.435897 , 1.071985
0.717949 , 0.461538 , 1.083074
0.717949 , 0.487179 , 1.093671
0.717949 , 0.512821 , 1.105320
0.717949 , 0.538462 , 1.117014
0.717949 , 0.564103 , 1.129117
0.717949 , 0.589744 , 1.141153
0.717949 , 0.615385 , 1.152129
0.717949 , 0.641026 , 1.163719
0.717949 , 0.666667 , 1.175104
0.717949 , 0.692308 , 1.185526
0.717949 , 0.717949 , 1.194147
0.717949 , 0.743590 , 1.200523
0.717949 , 0.769231 , 1.206572
0.717949 , 0.794872 , 1.210456
0.717949 , 0.820513 , 1.211575
0.717949 , 0.846154 , 1.211867
0.717949 , 0.871795 , 1.212663
0.717949 , 0.897436 , 1.211349
0.717949 , 0.923077 , 1.210211
0.717949 , 0.948718 , 1.208556
0.717949 , 0.974359 , 1.206803
0.717949 , 1.000000 , 1.205416
0.743590 , 0.000000 , 1.055059
0.743590 , 0.025641 , 1.054562
0.743590 , 0.051282 , 1.052721
0.743590 , 0.076923 , 1.050446
0.743590 , 0.102564 , 1.047781
0.743590 , 0.128205 , 1.044629
0.743590 , 0.153846 , 1.041907
0.743590 , 0.179487 , 1.039082
0.743590 , 0.205128 , 1.038573
0.743590 , 0.230769 , 1.038596
0.743590 , 0.256410 , 1.039819
0.743590 , 0.282051 , 1.042591
0.743590 , 0.307692 , 1.044570
0.743590 , 0.333333 , 1.047096
0.743590 , 0.358974 , 1.052856
0.743590 , 0.384615 , 1.060919
0.743590 , 0.410256 , 1.070678
0.743590 , 0.435897 , 1.080673
0.743590 , 0.461538 , 1.091787
0.743590 , 0.487179 , 1.103582
0.743590 , 0.512821 , 1.116100
0.743590 , 0.538462 , 1.128655
0.743590 , 0.564103 , 1.141978
0.743590 , 0.589744 , 1.155494
0.743590 , 0.615385 , 1.167538
0.743590 , 0.641026 , 1.179100
0.743590 , 0.666667 , 1.191702
0.743590 , 0.692308 , 1.203394
0.743590 , 0.717949 , 1.213947
0.743590 , 0.743590 , 1.221608
0.743590 , 0.769231 , 1.227595
0.743590 , 0.794872 , 1.232281
0.743590 , 0.820513 , 1.234658
0.743590 , 0.846154 , 1.236603
0.743590 , 0.871795 , 1.237942
0.743590 , 0.897436 , 1.237163
0.743590 , 0.923077 , 1.237044
0.743590 , 0.948718 , 1.235709
0.743590 , 0.974359 , 1.234686
0.743590 , 1.000000 , 1.234087
0.769231 , 0.000000 , 1.058703
0.769231 , 0.025641 , 1.058353
0.769231 , 0.051282 , 1.056857
0.769231 , 0.076923 , 1.054625
0.769231 , 0.102564 , 1.052855
0.769231 , 0.128205 , 1.049659
0.769231 , 0.153846 , 1.046596
0.769231 , 0.179487 , 1.043482
0.769231 , 0.205128 , 1.041863
0.769231 , 0.230769 , 1.041386
0.769231 , 0.256410 , 1.043155
0.769231 , 0.282051 , 1.048209
0.769231 , 0.307692 , 1.052405
0.769231 , 0.333333 , 1.055548
0.769231 , 0.358974 , 1.060965
0.769231 , 0.384615 , 1.068895
0.769231 , 0.410256 , 1.078540
0.769231 , 0.435897 , 1.088854
0.769231 , 0.461538 , 1.099698
0.769231 , 0.487179 , 1.112058
0.769231 , 0.512821 , 1.125002
0.769231 , 0.538462 , 1.138452
0.769231 , 0.564103 , 1.152247
0.769231 , 0.589744 , 1.166818
0.769231 , 0.615385 , 1.179798
0.769231 , 0.641026 , 1.192310
0.769231 , 0.666667 , 1.205636
0.769231 , 0.692308 , 1.217924
0.769231 , 0.717949 , 1.229348
0.769231 , 0.743590 , 1.238311
0.769231 , 0.769231 , 1.244541
0.769231 , 0.794872 , 1.250144
0.769231 , 0.820513 , 1.254000
0.769231 , 0.846154 , 1.257763
0.769231 , 0.871795 , 1.260391
0.769231 , 0.897436 , 1.260529
0.769231 , 0.923077 , 1.259716
0.769231 , 0.948718 , 1.258851
0.769231 , 0.974359 , 1.258127
0.769231 , 1.000000 , 1.257711
0.794872 , 0.000000 , 1.061783
0.794872 , 0.025641 , 1.061601
0.794872 , 0.051282 , 1.060127
0.794872 , 0.076923 , 1.057818
0.794872 , 0.102564 , 1.056144
0.794872 , 0.128205 , 1.053953
0.794872 , 0.153846 , 1.050448
0.794872 , 0.179487 , 1.047874
0.794872 , 0.205128 , 1.046026
0.794872 , 0.230769 , 1.045287
0.794872 , 0.256410 , 1.046668
0.794872 , 0.282051 , 1.051499
0.794872 , 0.307692 , 1.057924
0.794872 , 0.333333 , 1.062864
0.794872 , 0.358974 , 1.068293
0.794872 , 0.384615 , 1.076221
0.794872 , 0.410256 , 1.085160
0.794872 , 0.435897 , 1.095454
0.794872 , 0.461538 , 1.106379
0.794872 , 0.487179 , 1.119024
0.794872 , 0.512821 , 1.132326
0.794872 , 0.538462 , 1.145651
0.794872 , 0.564103 , 1.159721
0.794872 , 0.589744 , 1.174728
0.794872 , 0.615385 , 1.189176
0.794872 , 0.641026 , 1.201917
0.794872 , 0.666667 , 1.216025
0.794872 , 0.692308 , 1.229073
0.794872 , 0.717949 , 1.240926
0.794872 , 0.743590 , 1.250451
0.794872 , 0.769231 , 1.257112
0.794872 , 0.794872 , 1.263316
0.794872 , 0.820513 , 1.269026
0.794872 , 0.846154 , 1.273352
0.794872 , 0.871795 , 1.277476
0.794872 , 0.897436 , 1.279375
0.794872 , 0.923077 , 1.279167
0.794872 , 0.948718 , 1.278104
0.794872 , 0.974359 , 1.277421
0.794872 , 1.000000 , 1.277124
0.820513 , 0.000000 , 1.064180
0.820513 , 0.025641 , 1.063916
0.820513 , 0.051282 , 1.062888
0.820513 , 0.076923 , 1.060617
0.820513 , 0.102564 , 1.058405
0.820513 , 0.128205 , 1.057162
0.820513 , 0.153846 , 1.054334
0.820513 , 0.179487 , 1.052354
0.820513 , 0.205128 , 1.050908
0.820513 , 0.230769 , 1.050721
0.820513 , 0.256410 , 1.052043
0.820513 , 0.282051 , 1.055894
0.820513 , 0.307692 , 1.062091
0.820513 , 0.333333 , 1.068579
0.820513 , 0.358974 , 1.074603
0.820513 , 0.384615 , 1.081416
0.820513 , 0.410256 , 1.090061
0.820513 , 0.435897 , 1.100628
0.820513 , 0.461538 , 1.111728
0.820513 , 0.487179 , 1.124501
0.820513 , 0.512821 , 1.138351
0.820513 , 0.538462 , 1.151712
0.820513 , 0.564103 , 1.165395
0.820513 , 0.589744 , 1.180568
0.820513 , 0.615385 , 1.196081
0.820513 , 0.641026 , 1.209768
0.820513 , 0.666667 , 1.223809
0.820513 , 0.692308 , 1.237488
0.820513 , 0.717949 , 1.249214
0.820513 , 0.743590 , 1.258909
0.820513 , 0.769231 , 1.266852
0.820513 , 0.794872 , 1.273970
0.820513 , 0.820513 , 1.281112
0.820513 , 0.846154 , 1.286293
0.820513 , 0.871795 , 1.290246
0.820513 , 0.897436 , 1.293426
0.820513 , 0.923077 , 1.294500
0.820513 , 0.948718 , 1.293876
0.820513 , 0.974359 , 1.293427
0.820513 , 1.000000 , 1.293496
0.846154 , 0.000000 , 1.065949
0.846154 , 0.025641 , 1.065466
0.846154 , 0.051282 , 1.064321
0.846154 , 0.076923 , 1.062355
0.846154 , 0.102564 , 1.061064
0.846154 , 0.128205 , 1.059850
0.846154 , 0.153846 , 1.057121
0.846154 , 0.179487 , 1.056278
0.846154 , 0.205128 , 1.055676
0.846154 , 0.230769 , 1.055710
0.846154 , 0.256410 , 1.058138
0.846154 , 0.282051 , 1.061722
0.846154 , 0.307692 , 1.066594
0.846154 , 0.333333 , 1.072966
0.846154 , 0.358974 , 1.079451
0.846154 , 0.384615 , 1.085659
0.846154 , 0.410256 , 1.094404
0.846154 , 0.435897 , 1.104944
0.846154 , 0.461538 , 1.116569
0.846154 , 0.487179 , 1.129150
0.846154 , 0.512821 , 1.143201
0.846154 , 0.538462 , 1.156955
0.846154 , 0.564103 , 1.170472
0.846154 , 0.589744 , 1.184858
0.846154 , 0.615385 , 1.200024
0.846154 , 0.641026 , 1.214444
0.846154 , 0.666667 , 1.228118
0.846154 , 0.692308 , 1.241214
0.846154 , 0.717949 , 1.253619
0.846154 , 0.743590 , 1.264652
0.846154 , 0.769231 , 1.274476
0.846154 , 0.794872 , 1.282263
0.846154 , 0.820513 , 1.289743
0.846154 , 0.846154 , 1.296614
0.846154 , 0.871795 , 1.300770
0.846154 , 0.897436 , 1.304501
0.846154 , 0.923077 , 1.306479
0.846154 , 0.948718 , 1.306650
0.846154 , 0.974359 , 1.307010
0.846154 , 1.000000 , 1.307334
0.871795 , 0.000000 , 1.066517
0.871795 , 0.025641 , 1.066211
0.871795 , 0.051282 , 1.065071
0.871795 , 0.076923 , 1.063573
0.871795 , 0.102564 , 1.062532
0.871795 , 0.128205 , 1.061653
0.871795 , 0.153846 , 1.060278
0.871795 , 0.179487 , 1.059109
0.871795 , 0.205128 , 1.059132
0.871795 , 0.230769 , 1.060056
0.871795 , 0.256410 , 1.062788
0.871795 , 0.282051 , 1.066835
0.871795 , 0.307692 , 1.070874
0.871795 , 0.333333 , 1.076632
0.871795 , 0.358974 , 1.082689
0.871795 , 0.384615 , 1.089116
0.871795 , 0.410256 , 1.097868
0.871795 , 0.435897 , 1.108916
0.871795 , 0.461538 , 1.120426
0.871795 , 0.487179 , 1.133152
0.871795 , 0.512821 , 1.147272
0.871795 , 0.538462 , 1.160665
0.871795 , 0.564103 , 1.173995
0.871795 , 0.589744 , 1.188853
0.871795 , 0.615385 , 1.203315
0.871795 , 0.641026 , 1.217883
0.871795 , 0.666667 , 1.231700
0.871795 , 0.692308 , 1.244033
0.871795 , 0.717949 , 1.256415
0.871795 , 0.743590 , 1.268612
0.871795 , 0.769231 , 1.279556
0.871795 , 0.794872 , 1.288116
0.871795 , 0.820513 , 1.295907
0.871795 , 0.846154 , 1.303472
0.871795 , 0.871795 , 1.308718
0.871795 , 0.897436 , 1.312124
0.871795 , 0.923077 , 1.315293
0.871795 , 0.948718 , 1.316072
0.871795 , 0.974359 , 1.316674
0.871795 , 1.000000 , 1.317624
0.897436 , 0.000000 , 1.066598
0.897436 , 0.025641 , 1.066365
0.897436 , 0.051282 , 1.065922
0.897436 , 0.076923 , 1.064597
0.897436 , 0.102564 , 1.063924
0.897436 , 0.128205 , 1.063337
0.897436 , 0.153846 , 1.062227
0.897436 , 0.179487 , 1.062073
0.897436 , 0.205128 , 1.062880
0.897436 , 0.230769 , 1.064745
0.897436 , 0.256410 , 1.066490
0.897436 , 0.282051 , 1.069748
0.897436 , 0.307692 , 1.073844
0.897436 , 0.333333 , 1.080258
0.897436 , 0.358974 , 1.086194
0.897436 , 0.384615 , 1.092756
0.897436 , 0.410256 , 1.101384
0.897436 , 0.435897 , 1.111966
0.897436 , 0.461538 , 1.123764
0.897436 , 0.487179 , 1.136380
0.897436 , 0.512821 , 1.150154
0.897436 , 0.538462 , 1.164160
0.897436 , 0.564103 , 1.177253
0.897436 , 0.589744 , 1.191007
0.897436 , 0.615385 , 1.205511
0.897436 , 0.641026 , 1.220288
0.897436 , 0.666667 , 1.234216
0.897436 , 0.692308 , 1.247452
0.897436 , 0.717949 , 1.259700
0.897436 , 0.743590 , 1.271796
0.897436 , 0.769231 , 1.282940
0.897436 , 0.794872 , 1.291877
0.897436 , 0.820513 , 1.300149
0.897436 , 0.846154 , 1.307864
0.897436 , 0.871795 , 1.313725
0.897436 , 0.897436 , 1.317671
0.897436 , 0.923077 , 1.321341
0.897436 , 0.948718 , 1.322818
0.897436 , 0.974359 , 1.322936
0.897436 , 1.000000 , 1.323201
0.923077 , 0.000000 , 1.067695
0.923077 , 0.025641 , 1.066858
0.923077 , 0.051282 , 1.066444
0.923077 , 0.076923 , 1.065435
0.923077 , 0.102564 , 1.064995
0.923077 , 0.128205 , 1.064575
0.923077 , 0.153846 , 1.063800
0.923077 , 0.179487 , 1.064417
0.923077 , 0.205128 , 1.065564
0.923077 , 0.230769 , 1.067581
0.923077 , 0.256410 , 1.069147
0.923077 , 0.282051 , 1.071623
0.923077 , 0.307692 , 1.075892
0.923077 , 0.333333 , 1.081988
0.923077 , 0.358974 , 1.088624
0.923077 , 0.384615 , 1.095511
0.923077 , 0.410256 , 1.104407
0.923077 , 0.435897 , 1.114718
0.923077 , 0.461538 , 1.126434
0.923077 , 0.487179 , 1.139284
0.923077 , 0.512821 , 1.152850
0.923077 , 0.538462 , 1.166528
0.923077 , 0.564103 , 1.179744
0.923077 , 0.589744 , 1.192830
0.923077 , 0.615385 , 1.206879
0.923077 , 0.641026 , 1.221545
0.923077 , 0.666667 , 1.235989
0.923077 , 0.692308 , 1.249416
0.923077 , 0.717949 , 1.261938
0.923077 , 0.743590 , 1.273540
0.923077 , 0.769231 , 1.284244
0.923077 , 0.794872 , 1.293756
0.923077 , 0.820513 , 1.302307
0.923077 , 0.846154 , 1.309817
0.923077 , 0.871795 , 1.316762
0.923077 , 0.897436 , 1.321373
0.923077 , 0.923077 , 1.325430
0.923077 , 0.948718 , 1.327528
0.923077 , 0.974359 , 1.328232
0.923077 , 1.000000 , 1.327724
0.948718 , 0.000000 , 1.068083
0.948718 , 0.025641 , 1.067501
0.948718 , 0.051282 , 1.066678
0.948718 , 0.076923 , 1.065835
0.948718 , 0.102564 , 1.065979
0.948718 , 0.128205 , 1.065588
0.948718 , 0.153846 , 1.065634
0.948718 , 0.179487 , 1.065921
0.948718 , 0.205128 , 1.067702
0.948718 , 0.230769 , 1.069785
0.948718 , 0.256410 , 1.071526
0.948718 , 0.282051 , 1.073860
0.948718 , 0.307692 , 1.078268
0.948718 , 0.333333 , 1.083707
0.948718 , 0.358974 , 1.090212
0.948718 , 0.384615 , 1.098048
0.948718 , 0.410256 , 1.106895
0.948718 , 0.435897 , 1.117310
0.948718 , 0.461538 , 1.129501
0.948718 , 0.487179 , 1.142202
0.948718 , 0.512821 , 1.155027
0.948718 , 0.538462 , 1.167959
0.948718 , 0.564103 , 1.181718
0.948718 , 0.589744 , 1.195181
0.948718 , 0.615385 , 1.208087
0.948718 , 0.641026 , 1.222496
0.948718 , 0.666667 , 1.236493
0.948718 , 0.692308 , 1.249750
0.948718 , 0.717949 , 1.262474
0.948718 , 0.743590 , 1.274354
0.948718 , 0.769231 , 1.285227
0.948718 , 0.794872 , 1.295080
0.948718 , 0.820513 , 1.303897
0.948718 , 0.846154 , 1.312062
0.948718 , 0.871795 , 1.318843
0.948718 , 0.897436 , 1.324075
0.948718 , 0.923077 , 1.327930
0.948718 , 0.948718 , 1.330719
0.948718 , 0.974359 , 1.332204
0.948718 , 1.000000 , 1.332430
0.974359 , 0.000000 , 1.067633
0.974359 , 0.025641 , 1.067297
0.974359 , 0.051282 , 1.066390
0.974359 , 0.076923 , 1.066307
0.974359 , 0.102564 , 1.066840
0.974359 , 0.128205 , 1.067394
0.974359 , 0.153846 , 1.066960
0.974359 , 0.179487 , 1.067719
0.974359 , 0.205128 , 1.069044
0.974359 , 0.230769 , 1.070886
0.974359 , 0.256410 , 1.072842
0.974359 , 0.282051 , 1.075663
0.974359 , 0.307692 , 1.079921
0.974359 , 0.333333 , 1.085356
0.974359 , 0.358974 , 1.091543
0.974359 , 0.384615 , 1.099363
0.974359 , 0.410256 , 1.108782
0.974359 , 0.435897 , 1.119294
0.974359 , 0.461538 , 1.130823
0.974359 , 0.487179 , 1.143478
0.974359 , 0.512821 , 1.155999
0.974359 , 0.538462 , 1.168531
0.974359 , 0.564103 , 1.182139
0.974359 , 0.589744 , 1.196372
0.974359 , 0.615385 , 1.209599
0.974359 , 0.641026 , 1.223066
0.974359 , 0.666667 , 1.236877
0.974359 , 0.692308 , 1.250118
0.974359 , 0.717949 , 1.262694
0.974359 , 0.743590 , 1.274507
0.974359 , 0.769231 , 1.285616
0.974359 , 0.794872 , 1.296056
0.974359 , 0.820513 , 1.305122
0.974359 , 0.846154 , 1.313321
0.974359 , 0.871795 , 1.320382
0.974359 , 0.897436 , 1.325600
0.974359 , 0.923077 , 1.329393
0.974359 , 0.948718 , 1.332253
0.974359 , 0.974359 , 1.334294
0.974359 , 1.000000 , 1.335268
1.000000 , 0.000000 , 1.067417
1.000000 , 0.025641 , 1.066771
1.000000 , 0.051282 , 1.066335
1.000000 , 0.076923 , 1.066291
1.000000 , 0.102564 , 1.067318
1.000000 , 0.128205 , 1.067617
1.000000 , 0.153846 , 1.067803
1.000000 , 0.179487 , 1.067771
1.000000 , 0.205128 , 1.069760
1.000000 , 0.230769 , 1.071308
1.000000 , 0.256410 , 1.073602
1.000000 , 0.282051 , 1.076748
1.000000 , 0.307692 , 1.080916
1.000000 , 0.333333 , 1.085912
1.000000 , 0.358974 , 1.092010
1.000000 , 0.384615 , 1.100301
1.000000 , 0.410256 , 1.109793
1.000000 , 0.435897 , 1.120243
1.000000 , 0.461538 , 1.131779
1.000000 , 0.487179 , 1.144150
1.000000 , 0.512821 , 1.156616
1.000000 , 0.538462 , 1.169410
1.000000 , 0.564103 , 1.182228
1.000000 , 0.589744 , 1.196148
1.000000 , 0.615385 , 1.209663
1.000000 , 0.641026 , 1.223383
1.000000 , 0.666667 , 1.236822
1.000000 , 0.692308 , 1.250374
1.000000 , 0.717949 , 1.262499
1.000000 , 0.743590 , 1.274503
1.000000 , 0.769231 , 1.285954
1.000000 , 0.794872 , 1.296061
1.000000 , 0.820513 , 1.305052
1.000000 , 0.846154 , 1.313363
1.000000 , 0.871795 , 1.320338
1.000000 , 0.897436 , 1.325607
1.000000 , 0.923077 , 1.329531
1.000000 , 0.948718 , 1.332935
1.000000 , 0.974359 , 1.335099
1.000000 , 1.000000 , 1.336318
