0.000000 , 0.000000 , 3.804227
0.000000 , 0.025641 , 3.804227
0.000000 , 0.051282 , 3.804227
0.000000 , 0.076923 , 3.804227
0.000000 , 0.102564 , 3.804227
0.000000 , 0.128205 , 3.804227
0.000000 , 0.153846 , 3.804227
0.000000 , 0.179487 , 3.804227
0.000000 , 0.205128 , 3.804227
0.000000 , 0.230769 , 3.804227
0.000000 , 0.256410 , 3.804227
0.000000 , 0.282051 , 3.804227
0.000000 , 0.307692 , 3.804227
0.000000 , 0.333333 , 3.804227
0.000000 , 0.358974 , 3.804227
0.000000 , 0.384615 , 3.804227
0.000000 , 0.410256 , 3.804227
0.000000 , 0.435897 , 3.804227
0.000000 , 0.461538 , 3.804227
0.000000 , 0.487179 , 3.804227
0.000000 , 0.512821 , 3.804227
0.000000 , 0.538462 , 3.804227
0.000000 , 0.564103 , 3.804227
0.000000 , 0.589744 , 3.804227
0.000000 , 0.615385 , 3.804227
0.000000 , 0.641026 , 3.804227
0.000000 , 0.666667 , 3.804227
0.000000 , 0.692308 , 3.804227
0.000000 , 0.717949 , 3.804227
0.000000 , 0.743590 , 3.804227
0.000000 , 0.769231 , 3.804227
0.000000 , 0.794872 , 3.804227
0.000000 , 0.820513 , 3.804227
0.000000 , 0.846154 , 3.804227
0.000000 , 0.871795 , 3.804227
0.000000 , 0.897436 , 3.804227
0.000000 , 0.923077 , 3.804227
0.000000 , 0.948718 , 3.804227
0.000000 , 0.974359 , 3.804227
0.000000 , 1.000000 , 3.804227
0.025641 , 0.000000 , 3.580209
0.025641 , 0.025641 , 3.580967
0.025641 , 0.051282 , 3.581631
0.025641 , 0.076923 , 3.582548
0.025641 , 0.102564 , 3.583266
0.025641 , 0.128205 , 3.583939
0.025641 , 0.153846 , 3.584812
0.025641 , 0.179487 , 3.585076
0.025641 , 0.205128 , 3.584682
0.025641 , 0.230769 , 3.583898
0.025641 , 0.256410 , 3.583061
0.025641 , 0.282051 , 3.581795
0.025641 , 0.307692 , 3.580198
0.025641 , 0.333333 , 3.578319
0.025641 , 0.358974 , 3.576088
0.025641 , 0.384615 , 3.574280
0.025641 , 0.410256 , 3.572359
0.025641 , 0.435897 , 3.569518
0.025641 , 0.461538 , 3.566703
0.025641 , 0.487179 , 3.564248
0.025641 , 0.512821 , 3.561996
0.025641 , 0.538462 , 3.559805
0.025641 , 0.564103 , 3.558002
0.025641 , 0.589744 , 3.556074
0.025641 , 0.615385 , 3.554585
0.025641 , 0.641026 , 3.552765
0.025641 , 0.666667 , 3.551200
0.025641 , 0.692308 , 3.549428
0.025641 , 0.717949 , 3.548081
0.025641 , 0.743590 , 3.546872
0.025641 , 0.769231 , 3.546011
0.025641 , 0.794872 , 3.545260
0.025641 , 0.820513 , 3.544809
0.025641 , 0.846154 , 3.544177
0.025641 , 0.871795 , 3.543509
0.025641 , 0.897436 , 3.543196
0.025641 , 0.923077 , 3.542623
0.025641 , 0.948718 , 3.542654
0.025641 , 0.974359 , 3.542549
0.025641 , 1.000000 , 3.542773
0.051282 , 0.000000 , 3.361080
0.051282 , 0.025641 , 3.361439
0.051282 , 0.051282 , 3.362830
0.051282 , 0.076923 , 3.364455
0.051282 , 0.102564 , 3.366446
0.051282 , 0.128205 , 3.367363
0.051282 , 0.153846 , 3.368872
0.051282 , 0.179487 , 3.369538
0.051282 , 0.205128 , 3.368868
0.051282 , 0.230769 , 3.367650
0.051282 , 0.256410 , 3.365894
0.051282 , 0.282051 , 3.363144
0.051282 , 0.307692 , 3.360125
0.051282 , 0.333333 , 3.356856
0.051282 , 0.358974 , 3.352771
0.051282 , 0.384615 , 3.348349
0.051282 , 0.410256 , 3.343710
0.051282 , 0.435897 , 3.338944
0.051282 , 0.461538 , 3.333968
0.051282 , 0.487179 , 3.329196
0.051282 , 0.512821 , 3.324516
0.051282 , 0.538462 , 3.320396
0.051282 , 0.564103 , 3.316601
0.051282 , 0.589744 , 3.313075
0.051282 , 0.615385 , 3.309785
0.051282 , 0.641026 , 3.307023
0.051282 , 0.666667 , 3.303338
0.051282 , 0.692308 , 3.300399
0.051282 , 0.717949 , 3.297758
0.051282 , 0.743590 , 3.295808
0.051282 , 0.769231 , 3.293821
0.051282 , 0.794872 , 3.292865
0.051282 , 0.820513 , 3.291570
0.051282 , 0.846154 , 3.290650
0.051282 , 0.871795 , 3.289656
0.051282 , 0.897436 , 3.289246
0.051282 , 0.923077 , 3.288625
0.051282 , 0.948718 , 3.288168
0.051282 , 0.974359 , 3.288009
0.051282 , 1.000000 , 3.287951
0.076923 , 0.000000 , 3.146638
0.076923 , 0.025641 , 3.147005
0.076923 , 0.051282 , 3.148234
0.076923 , 0.076923 , 3.150427
0.076923 , 0.102564 , 3.153024
0.076923 , 0.128205 , 3.154806
0.076923 , 0.153846 , 3.156353
0.076923 , 0.179487 , 3.157381
0.076923 , 0.205128 , 3.156925
0.076923 , 0.230769 , 3.155469
0.076923 , 0.256410 , 3.152812
0.076923 , 0.282051 , 3.148975
0.076923 , 0.307692 , 3.144078
0.076923 , 0.333333 , 3.139274
0.076923 , 0.358974 , 3.134099
0.076923 , 0.384615 , 3.127998
0.076923 , 0.410256 , 3.120808
0.076923 , 0.435897 , 3.113434
0.076923 , 0.461538 , 3.106266
0.076923 , 0.487179 , 3.099727
0.076923 , 0.512821 , 3.093281
0.076923 , 0.538462 , 3.086908
0.076923 , 0.564103 , 3.081635
0.076923 , 0.589744 , 3.076874
0.076923 , 0.615385 , 3.071689
0.076923 , 0.641026 , 3.067155
0.076923 , 0.666667 , 3.062349
0.076923 , 0.692308 , 3.058065
0.076923 , 0.717949 , 3.054461
0.076923 , 0.743590 , 3.051048
0.076923 , 0.769231 , 3.048339
0.076923 , 0.794872 , 3.046388
0.076923 , 0.820513 , 3.045373
0.076923 , 0.846154 , 3.044548
0.076923 , 0.871795 , 3.043214
0.076923 , 0.897436 , 3.042455
0.076923 , 0.923077 , 3.042599
0.076923 , 0.948718 , 3.041565
0.076923 , 0.974359 , 3.041286
0.076923 , 1.000000 , 3.041132
0.102564 , 0.000000 , 2.936331
0.102564 , 0.025641 , 2.936892
0.102564 , 0.051282 , 2.938573
0.102564 , 0.076923 , 2.941077
0.102564 , 0.102564 , 2.943779
0.102564 , 0.128205 , 2.946088
0.102564 , 0.153846 , 2.947902
0.102564 , 0.179487 , 2.948816
0.102564 , 0.205128 , 2.948316
0.102564 , 0.230769 , 2.946851
0.102564 , 0.256410 , 2.943905
0.102564 , 0.282051 , 2.939171
0.102564 , 0.307692 , 2.933542
0.102564 , 0.333333 , 2.926140
0.102564 , 0.358974 , 2.919689
0.102564 , 0.384615 , 2.912919
0.102564 , 0.410256 , 2.904569
0.102564 , 0.435897 , 2.895365
0.102564 , 0.461538 , 2.885886
0.102564 , 0.487179 , 2.877282
0.102564 , 0.512821 , 2.868382
0.102564 , 0.538462 , 2.859789
0.102564 , 0.564103 , 2.852658
0.102564 , 0.589744 , 2.847165
0.102564 , 0.615385 , 2.840632
0.102564 , 0.641026 , 2.834445
0.102564 , 0.666667 , 2.828212
0.102564 , 0.692308 , 2.822360
0.102564 , 0.717949 , 2.817402
0.102564 , 0.743590 , 2.813578
0.102564 , 0.769231 , 2.810032
0.102564 , 0.794872 , 2.807567
0.102564 , 0.820513 , 2.806220
0.102564 , 0.846154 , 2.805295
0.102564 , 0.871795 , 2.804381
0.102564 , 0.897436 , 2.803578
0.102564 , 0.923077 , 2.803161
0.102564 , 0.948718 , 2.803254
0.102564 , 0.974359 , 2.802773
0.102564 , 1.000000 , 2.802647
0.128205 , 0.000000 , 2.728410
0.128205 , 0.025641 , 2.730246
0.128205 , 0.051282 , 2.732849
0.128205 , 0.076923 , 2.735646
0.128205 , 0.102564 , 2.738363
0.128205 , 0.128205 , 2.740759
0.128205 , 0.153846 , 2.742721
0.128205 , 0.179487 , 2.743817
0.128205 , 0.205128 , 2.743565
0.128205 , 0.230769 , 2.742150
0.128205 , 0.256410 , 2.739081
0.128205 , 0.282051 , 2.734282
0.128205 , 0.307692 , 2.727857
0.128205 , 0.333333 , 2.719702
0.128205 , 0.358974 , 2.711201
0.128205 , 0.384615 , 2.703330
0.128205 , 0.410256 , 2.693991
0.128205 , 0.435897 , 2.683162
0.128205 , 0.461538 , 2.672116
0.128205 , 0.487179 , 2.661712
0.128205 , 0.512821 , 2.650806
0.128205 , 0.538462 , 2.640550
0.128205 , 0.564103 , 2.632051
0.128205 , 0.589744 , 2.624505
0.128205 , 0.615385 , 2.616195
0.128205 , 0.641026 , 2.608728
0.128205 , 0.666667 , 2.601280
0.128205 , 0.692308 , 2.595163
0.128205 , 0.717949 , 2.589099
0.128205 , 0.743590 , 2.583817
0.128205 , 0.769231 , 2.579288
0.128205 , 0.794872 , 2.576788
0.128205 , 0.820513 , 2.575527
0.128205 , 0.846154 , 2.574349
0.128205 , 0.871795 , 2.573744
0.128205 , 0.897436 , 2.573868
0.128205 , 0.923077 , 2.572442
0.128205 , 0.948718 , 2.572298
0.128205 , 0.974359 , 2.572867
0.128205 , 1.000000 , 2.572460
0.153846 , 0.000000 , 2.526161
0.153846 , 0.025641 , 2.527373
0.153846 , 0.051282 , 2.531153
0.153846 , 0.076923 , 2.534182
0.153846 , 0.102564 , 2.536375
0.153846 , 0.128205 , 2.538800
0.153846 , 0.153846 , 2.540910
0.153846 , 0.179487 , 2.542031
0.153846 , 0.205128 , 2.541938
0.153846 , 0.230769 , 2.540754
0.153846 , 0.256410 , 2.538092
0.153846 , 0.282051 , 2.533318
0.153846 , 0.307692 , 2.526897
0.153846 , 0.333333 , 2.518491
0.153846 , 0.358974 , 2.509103
0.153846 , 0.384615 , 2.499411
0.153846 , 0.410256 , 2.488520
0.153846 , 0.435897 , 2.476649
0.153846 , 0.461538 , 2.464463
0.153846 , 0.487179 , 2.452619
0.153846 , 0.512821 , 2.440660
0.153846 , 0.538462 , 2.428187
0.153846 , 0.564103 , 2.417741
0.153846 , 0.589744 , 2.408663
0.153846 , 0.615385 , 2.398835
0.153846 , 0.641026 , 2.390679
0.153846 , 0.666667 , 2.382523
0.153846 , 0.692308 , 2.375333
0.153846 , 0.717949 , 2.368690
0.153846 , 0.743590 , 2.362925
0.153846 , 0.769231 , 2.358359
0.153846 , 0.794872 , 2.355203
0.153846 , 0.820513 , 2.353440
0.153846 , 0.846154 , 2.352133
0.153846 , 0.871795 , 2.352031
0.153846 , 0.897436 , 2.351478
0.153846 , 0.923077 , 2.350484
0.153846 , 0.948718 , 2.349606
0.153846 , 0.974359 , 2.350862
0.153846 , 1.000000 , 2.350825
0.179487 , 0.000000 , 2.330776
0.179487 , 0.025641 , 2.331156
0.179487 , 0.051282 , 2.334060
0.179487 , 0.076923 , 2.336678
0.179487 , 0.102564 , 2.338785
0.179487 , 0.128205 , 2.341170
0.179487 , 0.153846 , 2.343412
0.179487 , 0.179487 , 2.344553
0.179487 , 0.205128 , 2.344449
0.179487 , 0.230769 , 2.342912
0.179487 , 0.256410 , 2.341003
0.179487 , 0.282051 , 2.336527
0.179487 , 0.307692 , 2.329708
0.179487 , 0.333333 , 2.321147
0.179487 , 0.358974 , 2.311856
0.179487 , 0.384615 , 2.301017
0.179487 , 0.410256 , 2.288742
0.179487 , 0.435897 , 2.276708
0.179487 , 0.461538 , 2.264463
0.179487 , 0.487179 , 2.250849
0.179487 , 0.512821 , 2.237689
0.179487 , 0.538462 , 2.224401
0.179487 , 0.564103 , 2.212283
0.179487 , 0.589744 , 2.201760
0.179487 , 0.615385 , 2.190656
0.179487 , 0.641026 , 2.180676
0.179487 , 0.666667 , 2.172094
0.179487 , 0.692308 , 2.164003
0.179487 , 0.717949 , 2.157603
0.179487 , 0.743590 , 2.152316
0.179487 , 0.769231 , 2.148218
0.179487 , 0.794872 , 2.143700
0.179487 , 0.820513 , 2.141292
0.179487 , 0.846154 , 2.139064
0.179487 , 0.871795 , 2.138782
0.179487 , 0.897436 , 2.138267
0.179487 , 0.923077 , 2.136785
0.179487 , 0.948718 , 2.137128
0.179487 , 0.974359 , 2.137781
0.179487 , 1.000000 , 2.138547
0.205128 , 0.000000 , 2.139621
0.205128 , 0.025641 , 2.140356
0.205128 , 0.051282 , 2.142592
0.205128 , 0.076923 , 2.145134
0.205128 , 0.102564 , 2.146694
0.205128 , 0.128205 , 2.149229
0.205128 , 0.153846 , 2.151814
0.205128 , 0.179487 , 2.153092
0.205128 , 0.205128 , 2.152534
0.205128 , 0.230769 , 2.150718
0.205128 , 0.256410 , 2.147855
0.205128 , 0.282051 , 2.143942
0.205128 , 0.307692 , 2.137125
0.205128 , 0.333333 , 2.128334
0.205128 , 0.358974 , 2.118609
0.205128 , 0.384615 , 2.107495
0.205128 , 0.410256 , 2.095083
0.205128 , 0.435897 , 2.082828
0.205128 , 0.461538 , 2.070379
0.205128 , 0.487179 , 2.055963
0.205128 , 0.512821 , 2.041679
0.205128 , 0.538462 , 2.027632
0.205128 , 0.564103 , 2.014254
0.205128 , 0.589744 , 2.002782
0.205128 , 0.615385 , 1.990883
0.205128 , 0.641026 , 1.980149
0.205128 , 0.666667 , 1.970581
0.205128 , 0.692308 , 1.961674
0.205128 , 0.717949 , 1.954285
0.205128 , 0.743590 , 1.949234
0.205128 , 0.769231 , 1.945125
0.205128 , 0.794872 , 1.940261
0.205128 , 0.820513 , 1.937536
0.205128 , 0.846154 , 1.935626
0.205128 , 0.871795 , 1.934049
0.205128 , 0.897436 , 1.933384
0.205128 , 0.923077 , 1.932919
0.205128 , 0.948718 , 1.933931
0.205128 , 0.974359 , 1.933593
0.205128 , 1.000000 , 1.934006
0.230769 , 0.000000 , 1.953591
0.230769 , 0.025641 , 1.954215
0.230769 , 0.051282 , 1.956135
0.230769 , 0.076923 , 1.958818
0.230769 , 0.102564 , 1.960898
0.230769 , 0.128205 , 1.963063
0.230769 , 0.153846 , 1.965353
0.230769 , 0.179487 , 1.966553
0.230769 , 0.205128 , 1.965946
0.230769 , 0.230769 , 1.964151
0.230769 , 0.256410 , 1.960929
0.230769 , 0.282051 , 1.956116
0.230769 , 0.307692 , 1.949452
0.230769 , 0.333333 , 1.940634
0.230769 , 0.358974 , 1.930957
0.230769 , 0.384615 , 1.918919
0.230769 , 0.410256 , 1.906741
0.230769 , 0.435897 , 1.894522
0.230769 , 0.461538 , 1.881433
0.230769 , 0.487179 , 1.866589
0.230769 , 0.512821 , 1.851701
0.230769 , 0.538462 , 1.837287
0.230769 , 0.564103 , 1.823650
0.230769 , 0.589744 , 1.811174
0.230769 , 0.615385 , 1.798759
0.230769 , 0.641026 , 1.787767
0.230769 , 0.666667 , 1.778149
0.230769 , 0.692308 , 1.768883
0.230769 , 0.717949 , 1.760859
0.230769 , 0.743590 , 1.754706
0.230769 , 0.769231 , 1.749677
0.230769 , 0.794872 , 1.745721
0.230769 , 0.820513 , 1.742806
0.230769 , 0.846154 , 1.740682
0.230769 , 0.871795 , 1.738199
0.230769 , 0.897436 , 1.737160
0.230769 , 0.923077 , 1.737246
0.230769 , 0.948718 , 1.738425
0.230769 , 0.974359 , 1.738310
0.230769 , 1.000000 , 1.738117
0.256410 , 0.000000 , 1.771489
0.256410 , 0.025641 , 1.772565
0.256410 , 0.051282 , 1.774409
0.256410 , 0.076923 , 1.776694
0.256410 , 0.102564 , 1.779136
0.256410 , 0.128205 , 1.781158
0.256410 , 0.153846 , 1.782976
0.256410 , 0.179487 , 1.783681
0.256410 , 0.205128 , 1.783061
0.256410 , 0.230769 , 1.781376
0.256410 , 0.256410 , 1.778295
0.256410 , 0.282051 , 1.773369
0.256410 , 0.307692 , 1.766869
0.256410 , 0.333333 , 1.757758
0.256410 , 0.358974 , 1.748100
0.256410 , 0.384615 , 1.736740
0.256410 , 0.410256 , 1.724408
0.256410 , 0.435897 , 1.712036
0.256410 , 0.461538 , 1.699266
0.256410 , 0.487179 , 1.684793
0.256410 , 0.512821 , 1.669934
0.256410 , 0.538462 , 1.655062
0.256410 , 0.564103 , 1.641086
0.256410 , 0.589744 , 1.628339
0.256410 , 0.615385 , 1.615914
0.256410 , 0.641026 , 1.604216
0.256410 , 0.666667 , 1.593675
0.256410 , 0.692308 , 1.583482
0.256410 , 0.717949 , 1.575226
0.256410 , 0.743590 , 1.569055
0.256410 , 0.769231 , 1.563981
0.256410 , 0.794872 , 1.559985
0.256410 , 0.820513 , 1.556418
0.256410 , 0.846154 , 1.553882
0.256410 , 0.871795 , 1.551607
0.256410 , 0.897436 , 1.550424
0.256410 , 0.923077 , 1.550390
0.256410 , 0.948718 , 1.550668
0.256410 , 0.974359 , 1.550878
0.256410 , 1.000000 , 1.551158
0.282051 , 0.000000 , 1.595144
0.282051 , 0.025641 , 1.595449
0.282051 , 0.051282 , 1.597325
0.282051 , 0.076923 , 1.599861
0.282051 , 0.102564 , 1.601993
0.282051 , 0.128205 , 1.603524
0.282051 , 0.153846 , 1.604306
0.282051 , 0.179487 , 1.603986
0.282051 , 0.205128 , 1.603377
0.282051 , 0.230769 , 1.602336
0.282051 , 0.256410 , 1.599815
0.282051 , 0.282051 , 1.595106
0.282051 , 0.307692 , 1.588981
0.282051 , 0.333333 , 1.580310
0.282051 , 0.358974 , 1.570709
0.282051 , 0.384615 , 1.560216
0.282051 , 0.410256 , 1.548918
0.282051 , 0.435897 , 1.536532
0.282051 , 0.461538 , 1.523487
0.282051 , 0.487179 , 1.509540
0.282051 , 0.512821 , 1.495658
0.282051 , 0.538462 , 1.481154
0.282051 , 0.564103 , 1.467182
0.282051 , 0.589744 , 1.454291
0.282051 , 0.615385 , 1.442091
0.282051 , 0.641026 , 1.430840
0.282051 , 0.666667 , 1.420090
0.282051 , 0.692308 , 1.409273
0.282051 , 0.717949 , 1.400002
0.282051 , 0.743590 , 1.392633
0.282051 , 0.769231 , 1.386887
0.282051 , 0.794872 , 1.382874
0.282051 , 0.820513 , 1.379097
0.282051 , 0.846154 , 1.374942
0.282051 , 0.871795 , 1.373102
0.282051 , 0.897436 , 1.372840
0.282051 , 0.923077 , 1.373264
0.282051 , 0.948718 , 1.372991
0.282051 , 0.974359 , 1.372550
0.282051 , 1.000000 , 1.372828
0.307692 , 0.000000 , 1.424509
0.307692 , 0.025641 , 1.424199
0.307692 , 0.051282 , 1.424753
0.307692 , 0.076923 , 1.426706
0.307692 , 0.102564 , 1.429160
0.307692 , 0.128205 , 1.430926
0.307692 , 0.153846 , 1.431519
0.307692 , 0.179487 , 1.430663
0.307692 , 0.205128 , 1.429709
0.307692 , 0.230769 , 1.428696
0.307692 , 0.256410 , 1.426284
0.307692 , 0.282051 , 1.421871
0.307692 , 0.307692 , 1.416088
0.307692 , 0.333333 , 1.408015
0.307692 , 0.358974 , 1.399073
0.307692 , 0.384615 , 1.389602
0.307692 , 0.410256 , 1.378334
0.307692 , 0.435897 , 1.366722
0.307692 , 0.461538 , 1.354389
0.307692 , 0.487179 , 1.341188
0.307692 , 0.512821 , 1.328197
0.307692 , 0.538462 , 1.314486
0.307692 , 0.564103 , 1.301277
0.307692 , 0.589744 , 1.288637
0.307692 , 0.615385 , 1.276580
0.307692 , 0.641026 , 1.265604
0.307692 , 0.666667 , 1.254451
0.307692 , 0.692308 , 1.244401
0.307692 , 0.717949 , 1.234644
0.307692 , 0.743590 , 1.226558
0.307692 , 0.769231 , 1.219861
0.307692 , 0.794872 , 1.214679
0.307692 , 0.820513 , 1.210852
0.307692 , 0.846154 , 1.207126
0.307692 , 0.871795 , 1.205033
0.307692 , 0.897436 , 1.204553
0.307692 , 0.923077 , 1.204646
0.307692 , 0.948718 , 1.203687
0.307692 , 0.974359 , 1.203275
0.307692 , 1.000000 , 1.203536
0.333333 , 0.000000 , 1.258299
0.333333 , 0.025641 , 1.257971
0.333333 , 0.051282 , 1.257948
0.333333 , 0.076923 , 1.259374
0.333333 , 0.102564 , 1.261402
0.333333 , 0.128205 , 1.262996
0.333333 , 0.153846 , 1.263763
0.333333 , 0.179487 , 1.263256
0.333333 , 0.205128 , 1.262068
0.333333 , 0.230769 , 1.260753
0.333333 , 0.256410 , 1.258032
0.333333 , 0.282051 , 1.253885
0.333333 , 0.307692 , 1.248615
0.333333 , 0.333333 , 1.241925
0.333333 , 0.358974 , 1.233445
0.333333 , 0.384615 , 1.224828
0.333333 , 0.410256 , 1.214663
0.333333 , 0.435897 , 1.203413
0.333333 , 0.461538 , 1.191975
0.333333 , 0.487179 , 1.179847
0.333333 , 0.512821 , 1.167657
0.333333 , 0.538462 , 1.155030
0.333333 , 0.564103 , 1.142403
0.333333 , 0.589744 , 1.130338
0.333333 , 0.615385 , 1.119233
0.333333 , 0.641026 , 1.108543
0.333333 , 0.666667 , 1.097348
0.333333 , 0.692308 , 1.087392
0.333333 , 0.717949 , 1.078095
0.333333 , 0.743590 , 1.069294
0.333333 , 0.769231 , 1.062620
0.333333 , 0.794872 , 1.057074
0.333333 , 0.820513 , 1.053088
0.333333 , 0.846154 , 1.049798
0.333333 , 0.871795 , 1.047386
0.333333 , 0.897436 , 1.045373
0.333333 , 0.923077 , 1.044745
0.333333 , 0.948718 , 1.044145
0.333333 , 0.974359 , 1.043936
0.333333 , 1.000000 , 1.044037
0.358974 , 0.000000 , 1.096884
0.358974 , 0.025641 , 1.096556
0.358974 , 0.051282 , 1.096797
0.358974 , 0.076923 , 1.097818
0.358974 , 0.102564 , 1.098912
0.358974 , 0.128205 , 1.100028
0.358974 , 0.153846 , 1.100465
0.358974 , 0.179487 , 1.100401
0.358974 , 0.205128 , 1.099169
0.358974 , 0.230769 , 1.097395
0.358974 , 0.256410 , 1.094960
0.358974 , 0.282051 , 1.091514
0.358974 , 0.307692 , 1.086314
0.358974 , 0.333333 , 1.080402
0.358974 , 0.358974 , 1.072664
0.358974 , 0.384615 , 1.064552
0.358974 , 0.410256 , 1.055631
0.358974 , 0.435897 , 1.045847
0.358974 , 0.461538 , 1.035745
0.358974 , 0.487179 , 1.024878
0.358974 , 0.512821 , 1.013766
0.358974 , 0.538462 , 1.002278
0.358974 , 0.564103 , 0.990917
0.358974 , 0.589744 , 0.979609
0.358974 , 0.615385 , 0.969541
0.358974 , 0.641026 , 0.959947
0.358974 , 0.666667 , 0.949647
0.358974 , 0.692308 , 0.939708
0.358974 , 0.717949 , 0.930949
0.358974 , 0.743590 , 0.921786
0.358974 , 0.769231 , 0.914015
0.358974 , 0.794872 , 0.908256
0.358974 , 0.820513 , 0.904241
0.358974 , 0.846154 , 0.901079
0.358974 , 0.871795 , 0.898185
0.358974 , 0.897436 , 0.895657
0.358974 , 0.923077 , 0.894706
0.358974 , 0.948718 , 0.894407
0.358974 , 0.974359 , 0.893959
0.358974 , 1.000000 , 0.893879
0.384615 , 0.000000 , 0.939945
0.384615 , 0.025641 , 0.940239
0.384615 , 0.051282 , 0.940467
0.384615 , 0.076923 , 0.941346
0.384615 , 0.102564 , 0.942426
0.384615 , 0.128205 , 0.942810
0.384615 , 0.153846 , 0.943071
0.384615 , 0.179487 , 0.943042
0.384615 , 0.205128 , 0.941822
0.384615 , 0.230769 , 0.939732
0.384615 , 0.256410 , 0.936361
0.384615 , 0.282051 , 0.932897
0.384615 , 0.307692 , 0.928531
0.384615 , 0.333333 , 0.923492
0.384615 , 0.358974 , 0.916751
0.384615 , 0.384615 , 0.909237
0.384615 , 0.410256 , 0.902122
0.384615 , 0.435897 , 0.894217
0.384615 , 0.461538 , 0.885856
0.384615 , 0.487179 , 0.875990
0.384615 , 0.512821 , 0.866640
0.384615 , 0.538462 , 0.856892
0.384615 , 0.564103 , 0.847048
0.384615 , 0.589744 , 0.836679
0.384615 , 0.615385 , 0.827146
0.384615 , 0.641026 , 0.818738
0.384615 , 0.666667 , 0.809792
0.384615 , 0.692308 , 0.800701
0.384615 , 0.717949 , 0.792339
0.384615 , 0.743590 , 0.783907
0.384615 , 0.769231 , 0.775545
0.384615 , 0.794872 , 0.769210
0.384615 , 0.820513 , 0.764601
0.384615 , 0.846154 , 0.760663
0.384615 , 0.871795 , 0.757039
0.384615 , 0.897436 , 0.754784
0.384615 , 0.923077 , 0.753692
0.384615 , 0.948718 , 0.753601
0.384615 , 0.974359 , 0.753072
0.384615 , 1.000000 , 0.752840
0.410256 , 0.000000 , 0.789511
0.410256 , 0.025641 , 0.789448
0.410256 , 0.051282 , 0.789882
0.410256 , 0.076923 , 0.790296
0.410256 , 0.102564 , 0.791463
0.410256 , 0.128205 , 0.791995
0.410256 , 0.153846 , 0.791701
0.410256 , 0.179487 , 0.791222
0.410256 , 0.205128 , 0.789121
0.410256 , 0.230769 , 0.786103
0.410256 , 0.256410 , 0.782638
0.410256 , 0.282051 , 0.779502
0.410256 , 0.307692 , 0.775905
0.410256 , 0.333333 , 0.772057
0.410256 , 0.358974 , 0.767473
0.410256 , 0.384615 , 0.761005
0.410256 , 0.410256 , 0.754923
0.410256 , 0.435897 , 0.749000
0.410256 , 0.461538 , 0.742191
0.410256 , 0.487179 , 0.734122
0.410256 , 0.512821 , 0.726119
0.410256 , 0.538462 , 0.718085
0.410256 , 0.564103 , 0.709728
0.410256 , 0.589744 , 0.701322
0.410256 , 0.615385 , 0.692627
0.410256 , 0.641026 , 0.684932
0.410256 , 0.666667 , 0.677147
0.410256 , 0.692308 , 0.669534
0.410256 , 0.717949 , 0.661354
0.410256 , 0.743590 , 0.653568
0.410256 , 0.769231 , 0.645497
0.410256 , 0.794872 , 0.638903
0.410256 , 0.820513 , 0.633755
0.410256 , 0.846154 , 0.629726
0.410256 , 0.871795 , 0.625993
0.410256 , 0.897436 , 0.623816
0.410256 , 0.923077 , 0.622285
0.410256 , 0.948718 , 0.621610
0.410256 , 0.974359 , 0.621935
0.410256 , 1.000000 , 0.621743
0.435897 , 0.000000 , 0.645077
0.435897 , 0.025641 , 0.644954
0.435897 , 0.051282 , 0.645595
0.435897 , 0.076923 , 0.645790
0.435897 , 0.102564 , 0.646004
0.435897 , 0.128205 , 0.646040
0.435897 , 0.153846 , 0.645633
0.435897 , 0.179487 , 0.644553
0.435897 , 0.205128 , 0.641567
0.435897 , 0.230769 , 0.638802
0.435897 , 0.256410 , 0.635797
0.435897 , 0.282051 , 0.633078
0.435897 , 0.307692 , 0.630167
0.435897 , 0.333333 , 0.627075
0.435897 , 0.358974 , 0.623554
0.435897 , 0.384615 , 0.619233
0.435897 , 0.410256 , 0.614268
0.435897 , 0.435897 , 0.610022
0.435897 , 0.461538 , 0.604506
0.435897 , 0.487179 , 0.598692
0.435897 , 0.512821 , 0.592720
0.435897 , 0.538462 , 0.586538
0.435897 , 0.564103 , 0.579681
0.435897 , 0.589744 , 0.572707
0.435897 , 0.615385 , 0.565763
0.435897 , 0.641026 , 0.558682
0.435897 , 0.666667 , 0.551913
0.435897 , 0.692308 , 0.545407
0.435897 , 0.717949 , 0.538219
0.435897 , 0.743590 , 0.531141
0.435897 , 0.769231 , 0.524302
0.435897 , 0.794872 , 0.517310
0.435897 , 0.820513 , 0.511931
0.435897 , 0.846154 , 0.507781
0.435897 , 0.871795 , 0.504011
0.435897 , 0.897436 , 0.501427
0.435897 , 0.923077 , 0.499549
0.435897 , 0.948718 , 0.499228
0.435897 , 0.974359 , 0.500591
0.435897 , 1.000000 , 0.500903
0.461538 , 0.000000 , 0.506120
0.461538 , 0.025641 , 0.506526
0.461538 , 0.051282 , 0.506813
0.461538 , 0.076923 , 0.507153
0.461538 , 0.102564 , 0.506398
0.461538 , 0.128205 , 0.505359
0.461538 , 0.153846 , 0.505467
0.461538 , 0.179487 , 0.503628
0.461538 , 0.205128 , 0.500607
0.461538 , 0.230769 , 0.497788
0.461538 , 0.256410 , 0.494978
0.461538 , 0.282051 , 0.492314
0.461538 , 0.307692 , 0.489942
0.461538 , 0.333333 , 0.487810
0.461538 , 0.358974 , 0.485871
0.461538 , 0.384615 , 0.483073
0.461538 , 0.410256 , 0.479986
0.461538 , 0.435897 , 0.477029
0.461538 , 0.461538 , 0.473195
0.461538 , 0.487179 , 0.469075
0.461538 , 0.512821 , 0.464710
0.461538 , 0.538462 , 0.460564
0.461538 , 0.564103 , 0.456328
0.461538 , 0.589744 , 0.450841
0.461538 , 0.615385 , 0.445527
0.461538 , 0.641026 , 0.439925
0.461538 , 0.666667 , 0.434071
0.461538 , 0.692308 , 0.428364
0.461538 , 0.717949 , 0.422024
0.461538 , 0.743590 , 0.415510
0.461538 , 0.769231 , 0.409400
0.461538 , 0.794872 , 0.403456
0.461538 , 0.820513 , 0.398327
0.461538 , 0.846154 , 0.393834
0.461538 , 0.871795 , 0.389942
0.461538 , 0.897436 , 0.387361
0.461538 , 0.923077 , 0.386149
0.461538 , 0.948718 , 0.385791
0.461538 , 0.974359 , 0.386970
0.461538 , 1.000000 , 0.388480
0.487179 , 0.000000 , 0.375017
0.487179 , 0.025641 , 0.374742
0.487179 , 0.051282 , 0.374457
0.487179 , 0.076923 , 0.374363
0.487179 , 0.102564 , 0.373116
0.487179 , 0.128205 , 0.371821
0.487179 , 0.153846 , 0.370674
0.487179 , 0.179487 , 0.368476
0.487179 , 0.205128 , 0.366073
0.487179 , 0.230769 , 0.363579
0.487179 , 0.256410 , 0.360525
0.487179 , 0.282051 , 0.358174
0.487179 , 0.307692 , 0.356413
0.487179 , 0.333333 , 0.355500
0.487179 , 0.358974 , 0.354574
0.487179 , 0.384615 , 0.353118
0.487179 , 0.410256 , 0.351288
0.487179 , 0.435897 , 0.349704
0.487179 , 0.461538 , 0.347517
0.487179 , 0.487179 , 0.345329
0.487179 , 0.512821 , 0.343390
0.487179 , 0.538462 , 0.341261
0.487179 , 0.564103 , 0.339183
0.487179 , 0.589744 , 0.336316
0.487179 , 0.615385 , 0.332202
0.487179 , 0.641026 , 0.328113
0.487179 , 0.666667 , 0.323484
0.487179 , 0.692308 , 0.318630
0.487179 , 0.717949 , 0.313502
0.487179 , 0.743590 , 0.307891
0.487179 , 0.769231 , 0.302345
0.487179 , 0.794872 , 0.297393
0.487179 , 0.820513 , 0.292251
0.487179 , 0.846154 , 0.288062
0.487179 , 0.871795 , 0.284710
0.487179 , 0.897436 , 0.282484
0.487179 , 0.923077 , 0.281495
0.487179 , 0.948718 , 0.281146
0.487179 , 0.974359 , 0.281383
0.487179 , 1.000000 , 0.281557
0.512821 , 0.000000 , 0.250617
0.512821 , 0.025641 , 0.250362
0.512821 , 0.051282 , 0.249199
0.512821 , 0.076923 , 0.248349
0.512821 , 0.102564 , 0.246484
0.512821 , 0.128205 , 0.244418
0.512821 , 0.153846 , 0.243104
0.512821 , 0.179487 , 0.240514
0.512821 , 0.205128 , 0.237416
0.512821 , 0.230769 , 0.235028
0.512821 , 0.256410 , 0.232687
0.512821 , 0.282051 , 0.231288
0.512821 , 0.307692 , 0.230269
0.512821 , 0.333333 , 0.229995
0.512821 , 0.358974 , 0.229706
0.512821 , 0.384615 , 0.229322
0.512821 , 0.410256 , 0.228933
0.512821 , 0.435897 , 0.228837
0.512821 , 0.461538 , 0.228252
0.512821 , 0.487179 , 0.227495
0.512821 , 0.512821 , 0.227526
0.512821 , 0.538462 , 0.227806
0.512821 , 0.564103 , 0.227799
0.512821 , 0.589744 , 0.227621
0.512821 , 0.615385 , 0.225958
0.512821 , 0.641026 , 0.223178
0.512821 , 0.666667 , 0.219876
0.512821 , 0.692308 , 0.215937
0.512821 , 0.717949 , 0.211640
0.512821 , 0.743590 , 0.207538
0.512821 , 0.769231 , 0.203220
0.512821 , 0.794872 , 0.199302
0.512821 , 0.820513 , 0.194060
0.512821 , 0.846154 , 0.190224
0.512821 , 0.871795 , 0.187604
0.512821 , 0.897436 , 0.185647
0.512821 , 0.923077 , 0.184424
0.512821 , 0.948718 , 0.183963
0.512821 , 0.974359 , 0.183943
0.512821 , 1.000000 , 0.184202
0.538462 , 0.000000 , 0.131895
0.538462 , 0.025641 , 0.131374
0.538462 , 0.051282 , 0.129876
0.538462 , 0.076923 , 0.128726
0.538462 , 0.102564 , 0.126318
0.538462 , 0.128205 , 0.123627
0.538462 , 0.153846 , 0.121786
0.538462 , 0.179487 , 0.119445
0.538462 , 0.205128 , 0.116022
0.538462 , 0.230769 , 0.113051
0.538462 , 0.256410 , 0.111495
0.538462 , 0.282051 , 0.111184
0.538462 , 0.307692 , 0.110448
0.538462 , 0.333333 , 0.110645
0.538462 , 0.358974 , 0.111325
0.538462 , 0.384615 , 0.112349
0.538462 , 0.410256 , 0.113187
0.538462 , 0.435897 , 0.114610
0.538462 , 0.461538 , 0.115922
0.538462 , 0.487179 , 0.116869
0.538462 , 0.512821 , 0.118141
0.538462 , 0.538462 , 0.120459
0.538462 , 0.564103 , 0.122507
0.538462 , 0.589744 , 0.124463
0.538462 , 0.615385 , 0.124832
0.538462 , 0.641026 , 0.124250
0.538462 , 0.666667 , 0.122800
0.538462 , 0.692308 , 0.120127
0.538462 , 0.717949 , 0.117502
0.538462 , 0.743590 , 0.115068
0.538462 , 0.769231 , 0.111795
0.538462 , 0.794872 , 0.108463
0.538462 , 0.820513 , 0.104260
0.538462 , 0.846154 , 0.100405
0.538462 , 0.871795 , 0.097773
0.538462 , 0.897436 , 0.095353
0.538462 , 0.923077 , 0.094178
0.538462 , 0.948718 , 0.093705
0.538462 , 0.974359 , 0.093413
0.538462 , 1.000000 , 0.094041
0.564103 , 0.000000 , 0.019472
0.564103 , 0.025641 , 0.018653
0.564103 , 0.051282 , 0.016983
0.564103 , 0.076923 , 0.015077
0.564103 , 0.102564 , 0.012552
0.564103 , 0.128205 , 0.009490
0.564103 , 0.153846 , 0.007364
0.564103 , 0.179487 , 0.004840
0.564103 , 0.205128 , 0.001849
0.564103 , 0.230769 , -0.001250
0.564103 , 0.256410 , -0.002966
0.564103 , 0.282051 , -0.002918
0.564103 , 0.307692 , -0.002836
0.564103 , 0.333333 , -0.001629
0.564103 , 0.358974 , -0.000146
0.564103 , 0.384615 , 0.002122
0.564103 , 0.410256 , 0.004487
0.564103 , 0.435897 , 0.006971
0.564103 , 0.461538 , 0.009663
0.564103 , 0.487179 , 0.012772
0.564103 , 0.512821 , 0.016044
0.564103 , 0.538462 , 0.019716
0.564103 , 0.564103 , 0.023881
0.564103 , 0.589744 , 0.027459
0.564103 , 0.615385 , 0.029382
0.564103 , 0.641026 , 0.030580
0.564103 , 0.666667 , 0.031463
0.564103 , 0.692308 , 0.030948
0.564103 , 0.717949 , 0.029942
0.564103 , 0.743590 , 0.028531
0.564103 , 0.769231 , 0.026847
0.564103 , 0.794872 , 0.023701
0.564103 , 0.820513 , 0.020221
0.564103 , 0.846154 , 0.017502
0.564103 , 0.871795 , 0.014948
0.564103 , 0.897436 , 0.011900
0.564103 , 0.923077 , 0.010723
0.564103 , 0.948718 , 0.010008
0.564103 , 0.974359 , 0.010115
0.564103 , 1.000000 , 0.010296
0.589744 , 0.000000 , -0.086126
0.589744 , 0.025641 , -0.087469
0.589744 , 0.051282 , -0.089396
0.589744 , 0.076923 , -0.091764
0.589744 , 0.102564 , -0.095053
0.589744 , 0.128205 , -0.098276
0.589744 , 0.153846 , -0.100586
0.589744 , 0.179487 , -0.102751
0.589744 , 0.205128 , -0.105905
0.589744 , 0.230769 , -0.108787
0.589744 , 0.256410 , -0.110264
0.589744 , 0.282051 , -0.109878
0.589744 , 0.307692 , -0.109239
0.589744 , 0.333333 , -0.107354
0.589744 , 0.358974 , -0.105064
0.589744 , 0.384615 , -0.102315
0.589744 , 0.410256 , -0.098761
0.589744 , 0.435897 , -0.094894
0.589744 , 0.461538 , -0.090544
0.589744 , 0.487179 , -0.086011
0.589744 , 0.512821 , -0.081156
0.589744 , 0.538462 , -0.075162
0.589744 , 0.564103 , -0.069071
0.589744 , 0.589744 , -0.063743
0.589744 , 0.615385 , -0.060422
0.589744 , 0.641026 , -0.057157
0.589744 , 0.666667 , -0.054135
0.589744 , 0.692308 , -0.051862
0.589744 , 0.717949 , -0.051512
0.589744 , 0.743590 , -0.051796
0.589744 , 0.769231 , -0.052165
0.589744 , 0.794872 , -0.053897
0.589744 , 0.820513 , -0.057375
0.589744 , 0.846154 , -0.059666
0.589744 , 0.871795 , -0.061638
0.589744 , 0.897436 , -0.064385
0.589744 , 0.923077 , -0.065606
0.589744 , 0.948718 , -0.065929
0.589744 , 0.974359 , -0.066017
0.589744 , 1.000000 , -0.065710
0.615385 , 0.000000 , -0.186247
0.615385 , 0.025641 , -0.187204
0.615385 , 0.051282 , -0.189201
0.615385 , 0.076923 , -0.192324
0.615385 , 0.102564 , -0.195941
0.615385 , 0.128205 , -0.199070
0.615385 , 0.153846 , -0.201687
0.615385 , 0.179487 , -0.204357
0.615385 , 0.205128 , -0.207397
0.615385 , 0.230769 , -0.210208
0.615385 , 0.256410 , -0.211613
0.615385 , 0.282051 , -0.210661
0.615385 , 0.307692 , -0.209054
0.615385 , 0.333333 , -0.206567
0.615385 , 0.358974 , -0.203372
0.615385 , 0.384615 , -0.199968
0.615385 , 0.410256 , -0.195863
0.615385 , 0.435897 , -0.190964
0.615385 , 0.461538 , -0.185183
0.615385 , 0.487179 , -0.179142
0.615385 , 0.512821 , -0.172686
0.615385 , 0.538462 , -0.165195
0.615385 , 0.564103 , -0.156851
0.615385 , 0.589744 , -0.149438
0.615385 , 0.615385 , -0.144029
0.615385 , 0.641026 , -0.138488
0.615385 , 0.666667 , -0.133423
0.615385 , 0.692308 , -0.128764
0.615385 , 0.717949 , -0.126396
0.615385 , 0.743590 , -0.125750
0.615385 , 0.769231 , -0.125653
0.615385 , 0.794872 , -0.126114
0.615385 , 0.820513 , -0.128248
0.615385 , 0.846154 , -0.130499
0.615385 , 0.871795 , -0.132621
0.615385 , 0.897436 , -0.134793
0.615385 , 0.923077 , -0.135729
0.615385 , 0.948718 , -0.135889
0.615385 , 0.974359 , -0.135659
0.615385 , 1.000000 , -0.135532
0.641026 , 0.000000 , -0.280404
0.641026 , 0.025641 , -0.281306
0.641026 , 0.051282 , -0.282857
0.641026 , 0.076923 , -0.285651
0.641026 , 0.102564 , -0.289151
0.641026 , 0.128205 , -0.292833
0.641026 , 0.153846 , -0.295623
0.641026 , 0.179487 , -0.298604
0.641026 , 0.205128 , -0.301620
0.641026 , 0.230769 , -0.304159
0.641026 , 0.256410 , -0.305250
0.641026 , 0.282051 , -0.303901
0.641026 , 0.307692 , -0.301893
0.641026 , 0.333333 , -0.298749
0.641026 , 0.358974 , -0.294343
0.641026 , 0.384615 , -0.290119
0.641026 , 0.410256 , -0.285729
0.641026 , 0.435897 , -0.280047
0.641026 , 0.461538 , -0.272992
0.641026 , 0.487179 , -0.265150
0.641026 , 0.512821 , -0.257188
0.641026 , 0.538462 , -0.248389
0.641026 , 0.564103 , -0.238894
0.641026 , 0.589744 , -0.229334
0.641026 , 0.615385 , -0.221211
0.641026 , 0.641026 , -0.213777
0.641026 , 0.666667 , -0.206592
0.641026 , 0.692308 , -0.200267
0.641026 , 0.717949 , -0.195288
0.641026 , 0.743590 , -0.193146
0.641026 , 0.769231 , -0.191978
0.641026 , 0.794872 , -0.191749
0.641026 , 0.820513 , -0.192332
0.641026 , 0.846154 , -0.194324
0.641026 , 0.871795 , -0.196391
0.641026 , 0.897436 , -0.198788
0.641026 , 0.923077 , -0.199966
0.641026 , 0.948718 , -0.200340
0.641026 , 0.974359 , -0.200397
0.641026 , 1.000000 , -0.200117
0.666667 , 0.000000 , -0.367490
0.666667 , 0.025641 , -0.368277
0.666667 , 0.051282 , -0.369870
0.666667 , 0.076923 , -0.372456
0.666667 , 0.102564 , -0.375654
0.666667 , 0.128205 , -0.379819
0.666667 , 0.153846 , -0.383219
0.666667 , 0.179487 , -0.386243
0.666667 , 0.205128 , -0.389099
0.666667 , 0.230769 , -0.390806
0.666667 , 0.256410 , -0.391384
0.666667 , 0.282051 , -0.390280
0.666667 , 0.307692 , -0.387530
0.666667 , 0.333333 , -0.384173
0.666667 , 0.358974 , -0.379129
0.666667 , 0.384615 , -0.373501
0.666667 , 0.410256 , -0.367633
0.666667 , 0.435897 , -0.361290
0.666667 , 0.461538 , -0.353144
0.666667 , 0.487179 , -0.344237
0.666667 , 0.512821 , -0.334842
0.666667 , 0.538462 , -0.324772
0.666667 , 0.564103 , -0.314169
0.666667 , 0.589744 , -0.303382
0.666667 , 0.615385 , -0.292998
0.666667 , 0.641026 , -0.284254
0.666667 , 0.666667 , -0.275777
0.666667 , 0.692308 , -0.268110
0.666667 , 0.717949 , -0.261455
0.666667 , 0.743590 , -0.257037
0.666667 , 0.769231 , -0.253545
0.666667 , 0.794872 , -0.251698
0.666667 , 0.820513 , -0.252032
0.666667 , 0.846154 , -0.253416
0.666667 , 0.871795 , -0.254629
0.666667 , 0.897436 , -0.256256
0.666667 , 0.923077 , -0.258084
0.666667 , 0.948718 , -0.258796
0.666667 , 0.974359 , -0.259540
0.666667 , 1.000000 , -0.259812
0.692308 , 0.000000 , -0.448055
0.692308 , 0.025641 , -0.448575
0.692308 , 0.051282 , -0.450248
0.692308 , 0.076923 , -0.452949
0.692308 , 0.102564 , -0.455745
0.692308 , 0.128205 , -0.459763
0.692308 , 0.153846 , -0.463542
0.692308 , 0.179487 , -0.467261
0.692308 , 0.205128 , -0.469756
0.692308 , 0.230769 , -0.470887
0.692308 , 0.256410 , -0.471214
0.692308 , 0.282051 , -0.469709
0.692308 , 0.307692 , -0.465853
0.692308 , 0.333333 , -0.461401
0.692308 , 0.358974 , -0.456200
0.692308 , 0.384615 , -0.450073
0.692308 , 0.410256 , -0.443110
0.692308 , 0.435897 , -0.435877
0.692308 , 0.461538 , -0.427063
0.692308 , 0.487179 , -0.416777
0.692308 , 0.512821 , -0.406756
0.692308 , 0.538462 , -0.395485
0.692308 , 0.564103 , -0.383623
0.692308 , 0.589744 , -0.371830
0.692308 , 0.615385 , -0.360167
0.692308 , 0.641026 , -0.349459
0.692308 , 0.666667 , -0.339120
0.692308 , 0.692308 , -0.330857
0.692308 , 0.717949 , -0.323759
0.692308 , 0.743590 , -0.317302
0.692308 , 0.769231 , -0.312421
0.692308 , 0.794872 , -0.308981
0.692308 , 0.820513 , -0.308078
0.692308 , 0.846154 , -0.308643
0.692308 , 0.871795 , -0.308642
0.692308 , 0.897436 , -0.308728
0.692308 , 0.923077 , -0.310196
0.692308 , 0.948718 , -0.311186
0.692308 , 0.974359 , -0.311774
0.692308 , 1.000000 , -0.312529
0.717949 , 0.000000 , -0.522152
0.717949 , 0.025641 , -0.522608
0.717949 , 0.051282 , -0.524369
0.717949 , 0.076923 , -0.527077
0.717949 , 0.102564 , -0.529657
0.717949 , 0.128205 , -0.533109
0.717949 , 0.153846 , -0.535949
0.717949 , 0.179487 , -0.539874
0.717949 , 0.205128 , -0.542577
0.717949 , 0.230769 , -0.543274
0.717949 , 0.256410 , -0.543366
0.717949 , 0.282051 , -0.541071
0.717949 , 0.307692 , -0.537289
0.717949 , 0.333333 , -0.532026
0.717949 , 0.358974 , -0.526486
0.717949 , 0.384615 , -0.519016
0.717949 , 0.410256 , -0.511202
0.717949 , 0.435897 , -0.503534
0.717949 , 0.461538 , -0.494472
0.717949 , 0.487179 , -0.483756
0.717949 , 0.512821 , -0.472635
0.717949 , 0.538462 , -0.460114
0.717949 , 0.564103 , -0.447091
0.717949 , 0.589744 , -0.433991
0.717949 , 0.615385 , -0.421483
0.717949 , 0.641026 , -0.409987
0.717949 , 0.666667 , -0.398510
0.717949 , 0.692308 , -0.389206
0.717949 , 0.717949 , -0.381466
0.717949 , 0.743590 , -0.374182
0.717949 , 0.769231 , -0.368144
0.717949 , 0.794872 , -0.363426
0.717949 , 0.820513 , -0.360441
0.717949 , 0.846154 , -0.359411
0.717949 , 0.871795 , -0.359089
0.717949 , 0.897436 , -0.358378
0.717949 , 0.923077 , -0.358611
0.717949 , 0.948718 , -0.359291
0.717949 , 0.974359 , -0.359881
0.717949 , 1.000000 , -0.360125
0.743590 , 0.000000 , -0.589993
0.743590 , 0.025641 , -0.590354
0.743590 , 0.051282 , -0.591876
0.743590 , 0.076923 , -0.594429
0.743590 , 0.102564 , -0.596733
0.743590 , 0.128205 , -0.599490
0.743590 , 0.153846 , -0.601739
0.743590 , 0.179487 , -0.604567
0.743590 , 0.205128 , -0.607647
0.743590 , 0.230769 , -0.607919
0.743590 , 0.256410 , -0.607539
0.743590 , 0.282051 , -0.604291
0.743590 , 0.307692 , -0.600721
0.743590 , 0.333333 , -0.596052
0.743590 , 0.358974 , -0.590501
0.743590 , 0.384615 , -0.582292
0.743590 , 0.410256 , -0.573698
0.743590 , 0.435897 , -0.565078
0.743590 , 0.461538 , -0.555112
0.743590 , 0.487179 , -0.544063
0.743590 , 0.512821 , -0.531613
0.743590 , 0.538462 , -0.518599
0.743590 , 0.564103 , -0.504857
0.743590 , 0.589744 , -0.491267
0.743590 , 0.615385 , -0.477525
0.743590 , 0.641026 , -0.465284
0.743590 , 0.666667 , -0.452597
0.743590 , 0.692308 , -0.442531
0.743590 , 0.717949 , -0.433851
0.743590 , 0.743590 , -0.426471
0.743590 , 0.769231 , -0.420574
0.743590 , 0.794872 , -0.414023
0.743590 , 0.820513 , -0.408761
0.743590 , 0.846154 , -0.406378
0.743590 , 0.871795 , -0.405684
0.743590 , 0.897436 , -0.404510
0.743590 , 0.923077 , -0.403515
0.743590 , 0.948718 , -0.403070
0.743590 , 0.974359 , -0.403478
0.743590 , 1.000000 , -0.403510
0.769231 , 0.000000 , -0.650976
0.769231 , 0.025641 , -0.651445
0.769231 , 0.051282 , -0.653049
0.769231 , 0.076923 , -0.654937
0.769231 , 0.102564 , -0.656545
0.769231 , 0.128205 , -0.658273
0.769231 , 0.153846 , -0.660621
0.769231 , 0.179487 , -0.662787
0.769231 , 0.205128 , -0.664603
0.769231 , 0.230769 , -0.664959
0.769231 , 0.256410 , -0.664446
0.769231 , 0.282051 , -0.661485
0.769231 , 0.307692 , -0.656130
0.769231 , 0.333333 , -0.651991
0.769231 , 0.358974 , -0.647220
0.769231 , 0.384615 , -0.639391
0.769231 , 0.410256 , -0.630139
0.769231 , 0.435897 , -0.620651
0.769231 , 0.461538 , -0.609636
0.769231 , 0.487179 , -0.597829
0.769231 , 0.512821 , -0.585102
0.769231 , 0.538462 , -0.571406
0.769231 , 0.564103 , -0.556852
0.769231 , 0.589744 , -0.542566
0.769231 , 0.615385 , -0.528565
0.769231 , 0.641026 , -0.515575
0.769231 , 0.666667 , -0.502518
0.769231 , 0.692308 , -0.492153
0.769231 , 0.717949 , -0.482853
0.769231 , 0.743590 , -0.474084
0.769231 , 0.769231 , -0.466979
0.769231 , 0.794872 , -0.460452
0.769231 , 0.820513 , -0.453610
0.769231 , 0.846154 , -0.449948
0.769231 , 0.871795 , -0.448160
0.769231 , 0.897436 , -0.446629
0.769231 , 0.923077 , -0.444582
0.769231 , 0.948718 , -0.443500
0.769231 , 0.974359 , -0.443238
0.769231 , 1.000000 , -0.442947
0.794872 , 0.000000 , -0.704452
0.794872 , 0.025641 , -0.705342
0.794872 , 0.051282 , -0.707018
0.794872 , 0.076923 , -0.707981
0.794872 , 0.102564 , -0.709239
0.794872 , 0.128205 , -0.710916
0.794872 , 0.153846 , -0.713231
0.794872 , 0.179487 , -0.715577
0.794872 , 0.205128 , -0.715855
0.794872 , 0.230769 , -0.715918
0.794872 , 0.256410 , -0.715039
0.794872 , 0.282051 , -0.712298
0.794872 , 0.307692 , -0.707767
0.794872 , 0.333333 , -0.703043
0.794872 , 0.358974 , -0.697218
0.794872 , 0.384615 , -0.689822
0.794872 , 0.410256 , -0.680651
0.794872 , 0.435897 , -0.670038
0.794872 , 0.461538 , -0.658011
0.794872 , 0.487179 , -0.645082
0.794872 , 0.512821 , -0.632335
0.794872 , 0.538462 , -0.618901
0.794872 , 0.564103 , -0.603991
0.794872 , 0.589744 , -0.588765
0.794872 , 0.615385 , -0.574273
0.794872 , 0.641026 , -0.561057
0.794872 , 0.666667 , -0.547644
0.794872 , 0.692308 , -0.537058
0.794872 , 0.717949 , -0.526592
0.794872 , 0.743590 , -0.516946
0.794872 , 0.769231 , -0.508282
0.794872 , 0.794872 , -0.501252
0.794872 , 0.820513 , -0.494588
0.794872 , 0.846154 , -0.489879
0.794872 , 0.871795 , -0.486525
0.794872 , 0.897436 , -0.483571
0.794872 , 0.923077 , -0.480809
0.794872 , 0.948718 , -0.479218
0.794872 , 0.974359 , -0.479032
0.794872 , 1.000000 , -0.478562
0.820513 , 0.000000 , -0.751342
0.820513 , 0.025641 , -0.752396
0.820513 , 0.051282 , -0.753548
0.820513 , 0.076923 , -0.754201
0.820513 , 0.102564 , -0.755111
0.820513 , 0.128205 , -0.756736
0.820513 , 0.153846 , -0.758759
0.820513 , 0.179487 , -0.760917
0.820513 , 0.205128 , -0.760552
0.820513 , 0.230769 , -0.759073
0.820513 , 0.256410 , -0.758584
0.820513 , 0.282051 , -0.755979
0.820513 , 0.307692 , -0.751256
0.820513 , 0.333333 , -0.746477
0.820513 , 0.358974 , -0.740480
0.820513 , 0.384615 , -0.733039
0.820513 , 0.410256 , -0.724036
0.820513 , 0.435897 , -0.713063
0.820513 , 0.461538 , -0.701021
0.820513 , 0.487179 , -0.687731
0.820513 , 0.512821 , -0.674832
0.820513 , 0.538462 , -0.661181
0.820513 , 0.564103 , -0.646579
0.820513 , 0.589744 , -0.630376
0.820513 , 0.615385 , -0.615865
0.820513 , 0.641026 , -0.602434
0.820513 , 0.666667 , -0.588744
0.820513 , 0.692308 , -0.576688
0.820513 , 0.717949 , -0.566101
0.820513 , 0.743590 , -0.555522
0.820513 , 0.769231 , -0.545963
0.820513 , 0.794872 , -0.538411
0.820513 , 0.820513 , -0.531868
0.820513 , 0.846154 , -0.526321
0.820513 , 0.871795 , -0.521138
0.820513 , 0.897436 , -0.516688
0.820513 , 0.923077 , -0.513268
0.820513 , 0.948718 , -0.511413
0.820513 , 0.974359 , -0.510777
0.820513 , 1.000000 , -0.510759
0.846154 , 0.000000 , -0.791833
0.846154 , 0.025641 , -0.792602
0.846154 , 0.051282 , -0.793286
0.846154 , 0.076923 , -0.793719
0.846154 , 0.102564 , -0.794352
0.846154 , 0.128205 , -0.796005
0.846154 , 0.153846 , -0.797292
0.846154 , 0.179487 , -0.798508
0.846154 , 0.205128 , -0.798247
0.846154 , 0.230769 , -0.796861
0.846154 , 0.256410 , -0.795399
0.846154 , 0.282051 , -0.793231
0.846154 , 0.307692 , -0.788452
0.846154 , 0.333333 , -0.783672
0.846154 , 0.358974 , -0.777394
0.846154 , 0.384615 , -0.770123
0.846154 , 0.410256 , -0.760301
0.846154 , 0.435897 , -0.748828
0.846154 , 0.461538 , -0.737602
0.846154 , 0.487179 , -0.725246
0.846154 , 0.512821 , -0.711926
0.846154 , 0.538462 , -0.697271
0.846154 , 0.564103 , -0.682226
0.846154 , 0.589744 , -0.667267
0.846154 , 0.615385 , -0.652418
0.846154 , 0.641026 , -0.638797
0.846154 , 0.666667 , -0.625408
0.846154 , 0.692308 , -0.613170
0.846154 , 0.717949 , -0.601835
0.846154 , 0.743590 , -0.590904
0.846154 , 0.769231 , -0.580150
0.846154 , 0.794872 , -0.571750
0.846154 , 0.820513 , -0.564595
0.846154 , 0.846154 , -0.558326
0.846154 , 0.871795 , -0.552685
0.846154 , 0.897436 , -0.546547
0.846154 , 0.923077 , -0.542136
0.846154 , 0.948718 , -0.539611
0.846154 , 0.974359 , -0.538657
0.846154 , 1.000000 , -0.538505
0.871795 , 0.000000 , -0.826229
0.871795 , 0.025641 , -0.826807
0.871795 , 0.051282 , -0.827413
0.871795 , 0.076923 , -0.827403
0.871795 , 0.102564 , -0.827428
0.871795 , 0.128205 , -0.828864
0.871795 , 0.153846 , -0.829335
0.871795 , 0.179487 , -0.829664
0.871795 , 0.205128 , -0.829206
0.871795 , 0.230769 , -0.827810
0.871795 , 0.256410 , -0.826686
0.871795 , 0.282051 , -0.824121
0.871795 , 0.307692 , -0.819344
0.871795 , 0.333333 , -0.814837
0.871795 , 0.358974 , -0.808669
0.871795 , 0.384615 , -0.800735
0.871795 , 0.410256 , -0.790805
0.871795 , 0.435897 , -0.779480
0.871795 , 0.461538 , -0.768532
0.871795 , 0.487179 , -0.756337
0.871795 , 0.512821 , -0.742561
0.871795 , 0.538462 , -0.728022
0.871795 , 0.564103 , -0.713013
0.871795 , 0.589744 , -0.698123
0.871795 , 0.615385 , -0.683016
0.871795 , 0.641026 , -0.669082
0.871795 , 0.666667 , -0.656062
0.871795 , 0.692308 , -0.643791
0.871795 , 0.717949 , -0.632437
0.871795 , 0.743590 , -0.621024
0.871795 , 0.769231 , -0.609783
0.871795 , 0.794872 , -0.600121
0.871795 , 0.820513 , -0.591841
0.871795 , 0.846154 , -0.584618
0.871795 , 0.871795 , -0.578903
0.871795 , 0.897436 , -0.573464
0.871795 , 0.923077 , -0.568530
0.871795 , 0.948718 , -0.565375
0.871795 , 0.974359 , -0.563190
0.871795 , 1.000000 , -0.562692
0.897436 , 0.000000 , -0.854670
0.897436 , 0.025641 , -0.854710
0.897436 , 0.051282 , -0.855265
0.897436 , 0.076923 , -0.855338
0.897436 , 0.102564 , -0.854972
0.897436 , 0.128205 , -0.855507
0.897436 , 0.153846 , -0.855801
0.897436 , 0.179487 , -0.856134
0.897436 , 0.205128 , -0.855521
0.897436 , 0.230769 , -0.854497
0.897436 , 0.256410 , -0.853003
0.897436 , 0.282051 , -0.850522
0.897436 , 0.307692 , -0.846107
0.897436 , 0.333333 , -0.840561
0.897436 , 0.358974 , -0.834224
0.897436 , 0.384615 , -0.826427
0.897436 , 0.410256 , -0.816621
0.897436 , 0.435897 , -0.805153
0.897436 , 0.461538 , -0.793159
0.897436 , 0.487179 , -0.781212
0.897436 , 0.512821 , -0.767605
0.897436 , 0.538462 , -0.753132
0.897436 , 0.564103 , -0.738738
0.897436 , 0.589744 , -0.723847
0.897436 , 0.615385 , -0.708739
0.897436 , 0.641026 , -0.694451
0.897436 , 0.666667 , -0.681289
0.897436 , 0.692308 , -0.669335
0.897436 , 0.717949 , -0.657149
0.897436 , 0.743590 , -0.644991
0.897436 , 0.769231 , -0.634076
0.897436 , 0.794872 , -0.624165
0.897436 , 0.820513 , -0.614899
0.897436 , 0.846154 , -0.607216
0.897436 , 0.871795 , -0.600597
0.897436 , 0.897436 , -0.595278
0.897436 , 0.923077 , -0.590109
0.897436 , 0.948718 , -0.586226
0.897436 , 0.974359 , -0.583598
0.897436 , 1.000000 , -0.582561
0.923077 , 0.000000 , -0.876572
0.923077 , 0.025641 , -0.876402
0.923077 , 0.051282 , -0.876748
0.923077 , 0.076923 , -0.876344
0.923077 , 0.102564 , -0.876414
0.923077 , 0.128205 , -0.876134
0.923077 , 0.153846 , -0.876034
0.923077 , 0.179487 , -0.876789
0.923077 , 0.205128 , -0.876012
0.923077 , 0.230769 , -0.873874
0.923077 , 0.256410 , -0.872120
0.923077 , 0.282051 , -0.869981
0.923077 , 0.307692 , -0.866151
0.923077 , 0.333333 , -0.860712
0.923077 , 0.358974 , -0.854101
0.923077 , 0.384615 , -0.845952
0.923077 , 0.410256 , -0.836209
0.923077 , 0.435897 , -0.825278
0.923077 , 0.461538 , -0.813177
0.923077 , 0.487179 , -0.800497
0.923077 , 0.512821 , -0.786796
0.923077 , 0.538462 , -0.772896
0.923077 , 0.564103 , -0.758799
0.923077 , 0.589744 , -0.744357
0.923077 , 0.615385 , -0.730086
0.923077 , 0.641026 , -0.715604
0.923077 , 0.666667 , -0.701426
0.923077 , 0.692308 , -0.688710
0.923077 , 0.717949 , -0.676932
0.923077 , 0.743590 , -0.664540
0.923077 , 0.769231 , -0.653026
0.923077 , 0.794872 , -0.643051
0.923077 , 0.820513 , -0.633871
0.923077 , 0.846154 , -0.626084
0.923077 , 0.871795 , -0.619134
0.923077 , 0.897436 , -0.613230
0.923077 , 0.923077 , -0.607960
0.923077 , 0.948718 , -0.603466
0.923077 , 0.974359 , -0.600355
0.923077 , 1.000000 , -0.599137
0.948718 , 0.000000 , -0.891548
0.948718 , 0.025641 , -0.891898
0.948718 , 0.051282 , -0.891951
0.948718 , 0.076923 , -0.891865
0.948718 , 0.102564 , -0.891511
0.948718 , 0.128205 , -0.891464
0.948718 , 0.153846 , -0.890987
0.948718 , 0.179487 , -0.891146
0.948718 , 0.205128 , -0.890691
0.948718 , 0.230769 , -0.888616
0.948718 , 0.256410 , -0.885411
0.948718 , 0.282051 , -0.882838
0.948718 , 0.307692 , -0.879265
0.948718 , 0.333333 , -0.873787
0.948718 , 0.358974 , -0.867399
0.948718 , 0.384615 , -0.859462
0.948718 , 0.410256 , -0.849606
0.948718 , 0.435897 , -0.838796
0.948718 , 0.461538 , -0.826852
0.948718 , 0.487179 , -0.813996
0.948718 , 0.512821 , -0.800687
0.948718 , 0.538462 , -0.787216
0.948718 , 0.564103 , -0.773402
0.948718 , 0.589744 , -0.758900
0.948718 , 0.615385 , -0.744870
0.948718 , 0.641026 , -0.730654
0.948718 , 0.666667 , -0.716774
0.948718 , 0.692308 , -0.703763
0.948718 , 0.717949 , -0.691438
0.948718 , 0.743590 , -0.679159
0.948718 , 0.769231 , -0.667521
0.948718 , 0.794872 , -0.656985
0.948718 , 0.820513 , -0.648233
0.948718 , 0.846154 , -0.640689
0.948718 , 0.871795 , -0.633728
0.948718 , 0.897436 , -0.627349
0.948718 , 0.923077 , -0.621263
0.948718 , 0.948718 , -0.616651
0.948718 , 0.974359 , -0.614021
0.948718 , 1.000000 , -0.612856
0.974359 , 0.000000 , -0.899976
0.974359 , 0.025641 , -0.900518
0.974359 , 0.051282 , -0.901083
0.974359 , 0.076923 , -0.901082
0.974359 , 0.102564 , -0.900874
0.974359 , 0.128205 , -0.900597
0.974359 , 0.153846 , -0.900448
0.974359 , 0.179487 , -0.900187
0.974359 , 0.205128 , -0.899291
0.974359 , 0.230769 , -0.897149
0.974359 , 0.256410 , -0.893972
0.974359 , 0.282051 , -0.890413
0.974359 , 0.307692 , -0.886699
0.974359 , 0.333333 , -0.881210
0.974359 , 0.358974 , -0.874618
0.974359 , 0.384615 , -0.866805
0.974359 , 0.410256 , -0.857045
0.974359 , 0.435897 , -0.846532
0.974359 , 0.461538 , -0.835096
0.974359 , 0.487179 , -0.822387
0.974359 , 0.512821 , -0.808562
0.974359 , 0.538462 , -0.794910
0.974359 , 0.564103 , -0.781496
0.974359 , 0.589744 , -0.767841
0.974359 , 0.615385 , -0.753838
0.974359 , 0.641026 , -0.739753
0.974359 , 0.666667 , -0.725849
0.974359 , 0.692308 , -0.712513
0.974359 , 0.717949 , -0.699579
0.974359 , 0.743590 , -0.687396
0.974359 , 0.769231 , -0.676003
0.974359 , 0.794872 , -0.665686
0.974359 , 0.820513 , -0.656814
0.974359 , 0.846154 , -0.649260
0.974359 , 0.871795 , -0.642421
0.974359 , 0.897436 , -0.636192
0.974359 , 0.923077 , -0.629931
0.974359 , 0.948718 , -0.625378
0.974359 , 0.974359 , -0.622394
0.974359 , 1.000000 , -0.621696
1.000000 , 0.000000 , -0.902296
1.000000 , 0.025641 , -0.903061
1.000000 , 0.051282 , -0.903868
1.000000 , 0.076923 , -0.904052
1.000000 , 0.102564 , -0.904099
1.000000 , 0.128205 , -0.904101
1.000000 , 0.153846 , -0.903659
1.000000 , 0.179487 , -0.903181
1.000000 , 0.205128 , -0.902413
1.000000 , 0.230769 , -0.900187
1.000000 , 0.256410 , -0.896702
1.000000 , 0.282051 , -0.893008
1.000000 , 0.307692 , -0.889606
1.000000 , 0.333333 , -0.883665
1.000000 , 0.358974 , -0.876947
1.000000 , 0.384615 , -0.869696
1.000000 , 0.410256 , -0.859677
1.000000 , 0.435897 , -0.849084
1.000000 , 0.461538 , -0.838055
1.000000 , 0.487179 , -0.825518
1.000000 , 0.512821 , -0.811316
1.000000 , 0.538462 , -0.797278
1.000000 , 0.564103 , -0.784717
1.000000 , 0.589744 , -0.770827
1.000000 , 0.615385 , -0.756451
1.000000 , 0.641026 , -0.742696
1.000000 , 0.666667 , -0.729200
1.000000 , 0.692308 , -0.715893
1.000000 , 0.717949 , -0.702750
1.000000 , 0.743590 , -0.690226
1.000000 , 0.769231 , -0.678875
1.000000 , 0.794872 , -0.668841
1.000000 , 0.820513 , -0.659946
1.000000 , 0.846154 , -0.651661
1.000000 , 0.871795 , -0.644486
1.000000 , 0.897436 , -0.638242
1.000000 , 0.923077 , -0.632629
1.000000 , 0.948718 , -0.628278
1.000000 , 0.974359 , -0.625523
1.000000 , 1.000000 , -0.624393
