0.000000 , 0.000000 , 3.236068
0.000000 , 0.025641 , 3.236068
0.000000 , 0.051282 , 3.236068
0.000000 , 0.076923 , 3.236068
0.000000 , 0.102564 , 3.236068
0.000000 , 0.128205 , 3.236068
0.000000 , 0.153846 , 3.236068
0.000000 , 0.179487 , 3.236068
0.000000 , 0.205128 , 3.236068
0.000000 , 0.230769 , 3.236068
0.000000 , 0.256410 , 3.236068
0.000000 , 0.282051 , 3.236068
0.000000 , 0.307692 , 3.236068
0.000000 , 0.333333 , 3.236068
0.000000 , 0.358974 , 3.236068
0.000000 , 0.384615 , 3.236068
0.000000 , 0.410256 , 3.236068
0.000000 , 0.435897 , 3.236068
0.000000 , 0.461538 , 3.236068
0.000000 , 0.487179 , 3.236068
0.000000 , 0.512821 , 3.236068
0.000000 , 0.538462 , 3.236068
0.000000 , 0.564103 , 3.236068
0.000000 , 0.589744 , 3.236068
0.000000 , 0.615385 , 3.236068
0.000000 , 0.641026 , 3.236068
0.000000 , 0.666667 , 3.236068
0.000000 , 0.692308 , 3.236068
0.000000 , 0.717949 , 3.236068
0.000000 , 0.743590 , 3.236068
0.000000 , 0.769231 , 3.236068
0.000000 , 0.794872 , 3.236068
0.000000 , 0.820513 , 3.236068
0.000000 , 0.846154 , 3.236068
0.000000 , 0.871795 , 3.236068
0.000000 , 0.897436 , 3.236068
0.000000 , 0.923077 , 3.236068
0.000000 , 0.948718 , 3.236068
0.000000 , 0.974359 , 3.236068
0.000000 , 1.000000 , 3.236068
0.025641 , 0.000000 , 3.358044
0.025641 , 0.025641 , 3.358211
0.025641 , 0.051282 , 3.358687
0.025641 , 0.076923 , 3.359455
0.025641 , 0.102564 , 3.360173
0.025641 , 0.128205 , 3.360534
0.025641 , 0.153846 , 3.359945
0.025641 , 0.179487 , 3.358735
0.025641 , 0.205128 , 3.357276
0.025641 , 0.230769 , 3.356083
0.025641 , 0.256410 , 3.353876
0.025641 , 0.282051 , 3.350972
0.025641 , 0.307692 , 3.347844
0.025641 , 0.333333 , 3.344858
0.025641 , 0.358974 , 3.341824
0.025641 , 0.384615 , 3.338745
0.025641 , 0.410256 , 3.336502
0.025641 , 0.435897 , 3.333377
0.025641 , 0.461538 , 3.329038
0.025641 , 0.487179 , 3.325885
0.025641 , 0.512821 , 3.322869
0.025641 , 0.538462 , 3.319367
0.025641 , 0.564103 , 3.315852
0.025641 , 0.589744 , 3.312562
0.025641 , 0.615385 , 3.310511
0.025641 , 0.641026 , 3.308087
0.025641 , 0.666667 , 3.305553
0.025641 , 0.692308 , 3.303411
0.025641 , 0.717949 , 3.301316
0.025641 , 0.743590 , 3.299066
0.025641 , 0.769231 , 3.298164
0.025641 , 0.794872 , 3.297112
0.025641 , 0.820513 , 3.295859
0.025641 , 0.846154 , 3.294747
0.025641 , 0.871795 , 3.294146
0.025641 , 0.897436 , 3.293487
0.025641 , 0.923077 , 3.293005
0.025641 , 0.948718 , 3.292206
0.025641 , 0.974359 , 3.291859
0.025641 , 1.000000 , 3.291921
0.051282 , 0.000000 , 3.469033
0.051282 , 0.025641 , 3.469805
0.051282 , 0.051282 , 3.470586
0.051282 , 0.076923 , 3.471490
0.051282 , 0.102564 , 3.472867
0.051282 , 0.128205 , 3.473486
0.051282 , 0.153846 , 3.472450
0.051282 , 0.179487 , 3.470666
0.051282 , 0.205128 , 3.467996
0.051282 , 0.230769 , 3.465043
0.051282 , 0.256410 , 3.460449
0.051282 , 0.282051 , 3.455716
0.051282 , 0.307692 , 3.450653
0.051282 , 0.333333 , 3.445058
0.051282 , 0.358974 , 3.438856
0.051282 , 0.384615 , 3.432919
0.051282 , 0.410256 , 3.427272
0.051282 , 0.435897 , 3.421131
0.051282 , 0.461538 , 3.414272
0.051282 , 0.487179 , 3.407697
0.051282 , 0.512821 , 3.401510
0.051282 , 0.538462 , 3.394249
0.051282 , 0.564103 , 3.387357
0.051282 , 0.589744 , 3.381056
0.051282 , 0.615385 , 3.376165
0.051282 , 0.641026 , 3.371408
0.051282 , 0.666667 , 3.365924
0.051282 , 0.692308 , 3.361726
0.051282 , 0.717949 , 3.357506
0.051282 , 0.743590 , 3.354662
0.051282 , 0.769231 , 3.352233
0.051282 , 0.794872 , 3.349222
0.051282 , 0.820513 , 3.346612
0.051282 , 0.846154 , 3.344984
0.051282 , 0.871795 , 3.343155
0.051282 , 0.897436 , 3.341967
0.051282 , 0.923077 , 3.341059
0.051282 , 0.948718 , 3.340203
0.051282 , 0.974359 , 3.339675
0.051282 , 1.000000 , 3.339854
0.076923 , 0.000000 , 3.571370
0.076923 , 0.025641 , 3.571509
0.076923 , 0.051282 , 3.572971
0.076923 , 0.076923 , 3.574373
0.076923 , 0.102564 , 3.575510
0.076923 , 0.128205 , 3.575738
0.076923 , 0.153846 , 3.574607
0.076923 , 0.179487 , 3.572531
0.076923 , 0.205128 , 3.569535
0.076923 , 0.230769 , 3.564968
0.076923 , 0.256410 , 3.559199
0.076923 , 0.282051 , 3.551677
0.076923 , 0.307692 , 3.544591
0.076923 , 0.333333 , 3.537161
0.076923 , 0.358974 , 3.528467
0.076923 , 0.384615 , 3.519747
0.076923 , 0.410256 , 3.510885
0.076923 , 0.435897 , 3.500991
0.076923 , 0.461538 , 3.490849
0.076923 , 0.487179 , 3.481070
0.076923 , 0.512821 , 3.471016
0.076923 , 0.538462 , 3.460738
0.076923 , 0.564103 , 3.451248
0.076923 , 0.589744 , 3.442180
0.076923 , 0.615385 , 3.434337
0.076923 , 0.641026 , 3.426807
0.076923 , 0.666667 , 3.418905
0.076923 , 0.692308 , 3.411875
0.076923 , 0.717949 , 3.406425
0.076923 , 0.743590 , 3.401837
0.076923 , 0.769231 , 3.398135
0.076923 , 0.794872 , 3.393773
0.076923 , 0.820513 , 3.390255
0.076923 , 0.846154 , 3.387683
0.076923 , 0.871795 , 3.386017
0.076923 , 0.897436 , 3.383994
0.076923 , 0.923077 , 3.382076
0.076923 , 0.948718 , 3.380690
0.076923 , 0.974359 , 3.380178
0.076923 , 1.000000 , 3.380189
0.102564 , 0.000000 , 3.664088
0.102564 , 0.025641 , 3.664736
0.102564 , 0.051282 , 3.666184
0.102564 , 0.076923 , 3.668129
0.102564 , 0.102564 , 3.669085
0.102564 , 0.128205 , 3.668982
0.102564 , 0.153846 , 3.667903
0.102564 , 0.179487 , 3.665596
0.102564 , 0.205128 , 3.661821
0.102564 , 0.230769 , 3.656857
0.102564 , 0.256410 , 3.649788
0.102564 , 0.282051 , 3.641288
0.102564 , 0.307692 , 3.631144
0.102564 , 0.333333 , 3.620790
0.102564 , 0.358974 , 3.610496
0.102564 , 0.384615 , 3.599037
0.102564 , 0.410256 , 3.586247
0.102564 , 0.435897 , 3.572781
0.102564 , 0.461538 , 3.559478
0.102564 , 0.487179 , 3.546073
0.102564 , 0.512821 , 3.533077
0.102564 , 0.538462 , 3.520025
0.102564 , 0.564103 , 3.507925
0.102564 , 0.589744 , 3.496590
0.102564 , 0.615385 , 3.485599
0.102564 , 0.641026 , 3.475312
0.102564 , 0.666667 , 3.465258
0.102564 , 0.692308 , 3.455967
0.102564 , 0.717949 , 3.447605
0.102564 , 0.743590 , 3.441611
0.102564 , 0.769231 , 3.436802
0.102564 , 0.794872 , 3.431516
0.102564 , 0.820513 , 3.426725
0.102564 , 0.846154 , 3.422887
0.102564 , 0.871795 , 3.419972
0.102564 , 0.897436 , 3.417635
0.102564 , 0.923077 , 3.415666
0.102564 , 0.948718 , 3.413451
0.102564 , 0.974359 , 3.412974
0.102564 , 1.000000 , 3.413190
0.128205 , 0.000000 , 3.749348
0.128205 , 0.025641 , 3.749842
0.128205 , 0.051282 , 3.751664
0.128205 , 0.076923 , 3.754001
0.128205 , 0.102564 , 3.755442
0.128205 , 0.128205 , 3.755103
0.128205 , 0.153846 , 3.753627
0.128205 , 0.179487 , 3.750913
0.128205 , 0.205128 , 3.746725
0.128205 , 0.230769 , 3.740665
0.128205 , 0.256410 , 3.732658
0.128205 , 0.282051 , 3.722717
0.128205 , 0.307692 , 3.711006
0.128205 , 0.333333 , 3.697680
0.128205 , 0.358974 , 3.684355
0.128205 , 0.384615 , 3.670105
0.128205 , 0.410256 , 3.654319
0.128205 , 0.435897 , 3.637831
0.128205 , 0.461538 , 3.621369
0.128205 , 0.487179 , 3.604161
0.128205 , 0.512821 , 3.587623
0.128205 , 0.538462 , 3.571781
0.128205 , 0.564103 , 3.557529
0.128205 , 0.589744 , 3.544270
0.128205 , 0.615385 , 3.530658
0.128205 , 0.641026 , 3.517411
0.128205 , 0.666667 , 3.505078
0.128205 , 0.692308 , 3.494025
0.128205 , 0.717949 , 3.483278
0.128205 , 0.743590 , 3.474882
0.128205 , 0.769231 , 3.468664
0.128205 , 0.794872 , 3.462613
0.128205 , 0.820513 , 3.457040
0.128205 , 0.846154 , 3.451964
0.128205 , 0.871795 , 3.448133
0.128205 , 0.897436 , 3.444925
0.128205 , 0.923077 , 3.442372
0.128205 , 0.948718 , 3.440154
0.128205 , 0.974359 , 3.438998
0.128205 , 1.000000 , 3.439456
0.153846 , 0.000000 , 3.827882
0.153846 , 0.025641 , 3.828436
0.153846 , 0.051282 , 3.830361
0.153846 , 0.076923 , 3.832390
0.153846 , 0.102564 , 3.834264
0.153846 , 0.128205 , 3.834757
0.153846 , 0.153846 , 3.833173
0.153846 , 0.179487 , 3.829597
0.153846 , 0.205128 , 3.824476
0.153846 , 0.230769 , 3.817142
0.153846 , 0.256410 , 3.807701
0.153846 , 0.282051 , 3.796167
0.153846 , 0.307692 , 3.783162
0.153846 , 0.333333 , 3.767722
0.153846 , 0.358974 , 3.751864
0.153846 , 0.384615 , 3.734435
0.153846 , 0.410256 , 3.715891
0.153846 , 0.435897 , 3.696026
0.153846 , 0.461538 , 3.676290
0.153846 , 0.487179 , 3.655775
0.153846 , 0.512821 , 3.635928
0.153846 , 0.538462 , 3.617437
0.153846 , 0.564103 , 3.601073
0.153846 , 0.589744 , 3.585649
0.153846 , 0.615385 , 3.569876
0.153846 , 0.641026 , 3.554096
0.153846 , 0.666667 , 3.538859
0.153846 , 0.692308 , 3.525580
0.153846 , 0.717949 , 3.513890
0.153846 , 0.743590 , 3.502447
0.153846 , 0.769231 , 3.494163
0.153846 , 0.794872 , 3.486795
0.153846 , 0.820513 , 3.480478
0.153846 , 0.846154 , 3.474923
0.153846 , 0.871795 , 3.470229
0.153846 , 0.897436 , 3.466887
0.153846 , 0.923077 , 3.462869
0.153846 , 0.948718 , 3.460939
0.153846 , 0.974359 , 3.459011
0.153846 , 1.000000 , 3.459056
0.179487 , 0.000000 , 3.900614
0.179487 , 0.025641 , 3.901255
0.179487 , 0.051282 , 3.903065
0.179487 , 0.076923 , 3.904917
0.179487 , 0.102564 , 3.906181
0.179487 , 0.128205 , 3.906895
0.179487 , 0.153846 , 3.905358
0.179487 , 0.179487 , 3.901451
0.179487 , 0.205128 , 3.895094
0.179487 , 0.230769 , 3.886059
0.179487 , 0.256410 , 3.875402
0.179487 , 0.282051 , 3.862421
0.179487 , 0.307692 , 3.847888
0.179487 , 0.333333 , 3.830563
0.179487 , 0.358974 , 3.812464
0.179487 , 0.384615 , 3.792905
0.179487 , 0.410256 , 3.771556
0.179487 , 0.435897 , 3.749872
0.179487 , 0.461538 , 3.726580
0.179487 , 0.487179 , 3.702571
0.179487 , 0.512821 , 3.679631
0.179487 , 0.538462 , 3.657647
0.179487 , 0.564103 , 3.638281
0.179487 , 0.589744 , 3.620154
0.179487 , 0.615385 , 3.602243
0.179487 , 0.641026 , 3.584459
0.179487 , 0.666667 , 3.567473
0.179487 , 0.692308 , 3.552439
0.179487 , 0.717949 , 3.538432
0.179487 , 0.743590 , 3.525138
0.179487 , 0.769231 , 3.514741
0.179487 , 0.794872 , 3.505743
0.179487 , 0.820513 , 3.498398
0.179487 , 0.846154 , 3.492592
0.179487 , 0.871795 , 3.487931
0.179487 , 0.897436 , 3.483787
0.179487 , 0.923077 , 3.479822
0.179487 , 0.948718 , 3.476969
0.179487 , 0.974359 , 3.474691
0.179487 , 1.000000 , 3.473839
0.205128 , 0.000000 , 3.969026
0.205128 , 0.025641 , 3.969036
0.205128 , 0.051282 , 3.970421
0.205128 , 0.076923 , 3.972277
0.205128 , 0.102564 , 3.973300
0.205128 , 0.128205 , 3.973319
0.205128 , 0.153846 , 3.971076
0.205128 , 0.179487 , 3.966137
0.205128 , 0.205128 , 3.958479
0.205128 , 0.230769 , 3.948331
0.205128 , 0.256410 , 3.936257
0.205128 , 0.282051 , 3.922372
0.205128 , 0.307692 , 3.906165
0.205128 , 0.333333 , 3.887288
0.205128 , 0.358974 , 3.867022
0.205128 , 0.384615 , 3.845164
0.205128 , 0.410256 , 3.821782
0.205128 , 0.435897 , 3.797601
0.205128 , 0.461538 , 3.772369
0.205128 , 0.487179 , 3.745662
0.205128 , 0.512821 , 3.719900
0.205128 , 0.538462 , 3.695497
0.205128 , 0.564103 , 3.672399
0.205128 , 0.589744 , 3.650775
0.205128 , 0.615385 , 3.629791
0.205128 , 0.641026 , 3.609447
0.205128 , 0.666667 , 3.590489
0.205128 , 0.692308 , 3.573137
0.205128 , 0.717949 , 3.556884
0.205128 , 0.743590 , 3.542658
0.205128 , 0.769231 , 3.529839
0.205128 , 0.794872 , 3.518898
0.205128 , 0.820513 , 3.510196
0.205128 , 0.846154 , 3.503104
0.205128 , 0.871795 , 3.498162
0.205128 , 0.897436 , 3.494091
0.205128 , 0.923077 , 3.490930
0.205128 , 0.948718 , 3.487425
0.205128 , 0.974359 , 3.484914
0.205128 , 1.000000 , 3.484137
0.230769 , 0.000000 , 4.033532
0.230769 , 0.025641 , 4.033271
0.230769 , 0.051282 , 4.034040
0.230769 , 0.076923 , 4.035003
0.230769 , 0.102564 , 4.035688
0.230769 , 0.128205 , 4.034641
0.230769 , 0.153846 , 4.031104
0.230769 , 0.179487 , 4.024694
0.230769 , 0.205128 , 4.015537
0.230769 , 0.230769 , 4.004705
0.230769 , 0.256410 , 3.991975
0.230769 , 0.282051 , 3.976583
0.230769 , 0.307692 , 3.958722
0.230769 , 0.333333 , 3.937729
0.230769 , 0.358974 , 3.915769
0.230769 , 0.384615 , 3.891989
0.230769 , 0.410256 , 3.867239
0.230769 , 0.435897 , 3.840846
0.230769 , 0.461538 , 3.813635
0.230769 , 0.487179 , 3.784971
0.230769 , 0.512821 , 3.755803
0.230769 , 0.538462 , 3.728259
0.230769 , 0.564103 , 3.702275
0.230769 , 0.589744 , 3.677676
0.230769 , 0.615385 , 3.653897
0.230769 , 0.641026 , 3.630942
0.230769 , 0.666667 , 3.609573
0.230769 , 0.692308 , 3.589840
0.230769 , 0.717949 , 3.571987
0.230769 , 0.743590 , 3.556448
0.230769 , 0.769231 , 3.541755
0.230769 , 0.794872 , 3.529155
0.230769 , 0.820513 , 3.519315
0.230769 , 0.846154 , 3.510395
0.230769 , 0.871795 , 3.503616
0.230769 , 0.897436 , 3.498195
0.230769 , 0.923077 , 3.494742
0.230769 , 0.948718 , 3.491664
0.230769 , 0.974359 , 3.489279
0.230769 , 1.000000 , 3.488547
0.256410 , 0.000000 , 4.094754
0.256410 , 0.025641 , 4.094374
0.256410 , 0.051282 , 4.094691
0.256410 , 0.076923 , 4.094602
0.256410 , 0.102564 , 4.093549
0.256410 , 0.128205 , 4.091329
0.256410 , 0.153846 , 4.086275
0.256410 , 0.179487 , 4.078709
0.256410 , 0.205128 , 4.068520
0.256410 , 0.230769 , 4.056175
0.256410 , 0.256410 , 4.042446
0.256410 , 0.282051 , 4.026155
0.256410 , 0.307692 , 4.006353
0.256410 , 0.333333 , 3.984052
0.256410 , 0.358974 , 3.959958
0.256410 , 0.384615 , 3.934317
0.256410 , 0.410256 , 3.907587
0.256410 , 0.435897 , 3.879184
0.256410 , 0.461538 , 3.849677
0.256410 , 0.487179 , 3.818509
0.256410 , 0.512821 , 3.787418
0.256410 , 0.538462 , 3.757026
0.256410 , 0.564103 , 3.728190
0.256410 , 0.589744 , 3.700569
0.256410 , 0.615385 , 3.673881
0.256410 , 0.641026 , 3.648418
0.256410 , 0.666667 , 3.624469
0.256410 , 0.692308 , 3.602302
0.256410 , 0.717949 , 3.582399
0.256410 , 0.743590 , 3.564987
0.256410 , 0.769231 , 3.549246
0.256410 , 0.794872 , 3.535559
0.256410 , 0.820513 , 3.523831
0.256410 , 0.846154 , 3.513227
0.256410 , 0.871795 , 3.504918
0.256410 , 0.897436 , 3.498188
0.256410 , 0.923077 , 3.493524
0.256410 , 0.948718 , 3.490001
0.256410 , 0.974359 , 3.487905
0.256410 , 1.000000 , 3.486486
0.282051 , 0.000000 , 4.153127
0.282051 , 0.025641 , 4.152378
0.282051 , 0.051282 , 4.151686
0.282051 , 0.076923 , 4.151196
0.282051 , 0.102564 , 4.148747
0.282051 , 0.128205 , 4.144447
0.282051 , 0.153846 , 4.137454
0.282051 , 0.179487 , 4.128468
0.282051 , 0.205128 , 4.117725
0.282051 , 0.230769 , 4.104055
0.282051 , 0.256410 , 4.087797
0.282051 , 0.282051 , 4.070546
0.282051 , 0.307692 , 4.049407
0.282051 , 0.333333 , 4.025779
0.282051 , 0.358974 , 4.000250
0.282051 , 0.384615 , 3.972892
0.282051 , 0.410256 , 3.944010
0.282051 , 0.435897 , 3.913299
0.282051 , 0.461538 , 3.881564
0.282051 , 0.487179 , 3.847963
0.282051 , 0.512821 , 3.814791
0.282051 , 0.538462 , 3.782220
0.282051 , 0.564103 , 3.750910
0.282051 , 0.589744 , 3.720218
0.282051 , 0.615385 , 3.690985
0.282051 , 0.641026 , 3.663060
0.282051 , 0.666667 , 3.636455
0.282051 , 0.692308 , 3.611262
0.282051 , 0.717949 , 3.588623
0.282051 , 0.743590 , 3.569251
0.282051 , 0.769231 , 3.551228
0.282051 , 0.794872 , 3.535566
0.282051 , 0.820513 , 3.522394
0.282051 , 0.846154 , 3.510967
0.282051 , 0.871795 , 3.501225
0.282051 , 0.897436 , 3.492797
0.282051 , 0.923077 , 3.486271
0.282051 , 0.948718 , 3.482697
0.282051 , 0.974359 , 3.480440
0.282051 , 1.000000 , 3.478911
0.307692 , 0.000000 , 4.209046
0.307692 , 0.025641 , 4.208285
0.307692 , 0.051282 , 4.206761
0.307692 , 0.076923 , 4.205311
0.307692 , 0.102564 , 4.201658
0.307692 , 0.128205 , 4.195515
0.307692 , 0.153846 , 4.187187
0.307692 , 0.179487 , 4.175743
0.307692 , 0.205128 , 4.163163
0.307692 , 0.230769 , 4.148715
0.307692 , 0.256410 , 4.130661
0.307692 , 0.282051 , 4.111311
0.307692 , 0.307692 , 4.089416
0.307692 , 0.333333 , 4.063945
0.307692 , 0.358974 , 4.037097
0.307692 , 0.384615 , 4.008308
0.307692 , 0.410256 , 3.977237
0.307692 , 0.435897 , 3.944184
0.307692 , 0.461538 , 3.909485
0.307692 , 0.487179 , 3.874180
0.307692 , 0.512821 , 3.838139
0.307692 , 0.538462 , 3.803319
0.307692 , 0.564103 , 3.769576
0.307692 , 0.589744 , 3.735873
0.307692 , 0.615385 , 3.704161
0.307692 , 0.641026 , 3.673980
0.307692 , 0.666667 , 3.644184
0.307692 , 0.692308 , 3.616577
0.307692 , 0.717949 , 3.591209
0.307692 , 0.743590 , 3.568904
0.307692 , 0.769231 , 3.548435
0.307692 , 0.794872 , 3.530556
0.307692 , 0.820513 , 3.515732
0.307692 , 0.846154 , 3.503344
0.307692 , 0.871795 , 3.492993
0.307692 , 0.897436 , 3.483046
0.307692 , 0.923077 , 3.475235
0.307692 , 0.948718 , 3.470441
0.307692 , 0.974359 , 3.467719
0.307692 , 1.000000 , 3.466687
0.333333 , 0.000000 , 4.264406
0.333333 , 0.025641 , 4.263833
0.333333 , 0.051282 , 4.262081
0.333333 , 0.076923 , 4.259200
0.333333 , 0.102564 , 4.253266
0.333333 , 0.128205 , 4.244979
0.333333 , 0.153846 , 4.235480
0.333333 , 0.179487 , 4.222513
0.333333 , 0.205128 , 4.207585
0.333333 , 0.230769 , 4.191270
0.333333 , 0.256410 , 4.172477
0.333333 , 0.282051 , 4.150962
0.333333 , 0.307692 , 4.126972
0.333333 , 0.333333 , 4.099554
0.333333 , 0.358974 , 4.070578
0.333333 , 0.384615 , 4.039960
0.333333 , 0.410256 , 4.007277
0.333333 , 0.435897 , 3.971999
0.333333 , 0.461538 , 3.934897
0.333333 , 0.487179 , 3.897044
0.333333 , 0.512821 , 3.858942
0.333333 , 0.538462 , 3.821380
0.333333 , 0.564103 , 3.784670
0.333333 , 0.589744 , 3.748647
0.333333 , 0.615385 , 3.713948
0.333333 , 0.641026 , 3.680735
0.333333 , 0.666667 , 3.648343
0.333333 , 0.692308 , 3.617394
0.333333 , 0.717949 , 3.589004
0.333333 , 0.743590 , 3.563772
0.333333 , 0.769231 , 3.541071
0.333333 , 0.794872 , 3.520931
0.333333 , 0.820513 , 3.504172
0.333333 , 0.846154 , 3.490275
0.333333 , 0.871795 , 3.478163
0.333333 , 0.897436 , 3.466983
0.333333 , 0.923077 , 3.458714
0.333333 , 0.948718 , 3.453348
0.333333 , 0.974359 , 3.449827
0.333333 , 1.000000 , 3.448696
0.358974 , 0.000000 , 4.320589
0.358974 , 0.025641 , 4.319890
0.358974 , 0.051282 , 4.317752
0.358974 , 0.076923 , 4.313157
0.358974 , 0.102564 , 4.305223
0.358974 , 0.128205 , 4.295272
0.358974 , 0.153846 , 4.284026
0.358974 , 0.179487 , 4.269468
0.358974 , 0.205128 , 4.252406
0.358974 , 0.230769 , 4.233669
0.358974 , 0.256410 , 4.212372
0.358974 , 0.282051 , 4.188904
0.358974 , 0.307692 , 4.163298
0.358974 , 0.333333 , 4.134461
0.358974 , 0.358974 , 4.102886
0.358974 , 0.384615 , 4.069073
0.358974 , 0.410256 , 4.033976
0.358974 , 0.435897 , 3.996831
0.358974 , 0.461538 , 3.957594
0.358974 , 0.487179 , 3.917262
0.358974 , 0.512821 , 3.876441
0.358974 , 0.538462 , 3.836459
0.358974 , 0.564103 , 3.796651
0.358974 , 0.589744 , 3.757554
0.358974 , 0.615385 , 3.719504
0.358974 , 0.641026 , 3.683234
0.358974 , 0.666667 , 3.648478
0.358974 , 0.692308 , 3.614906
0.358974 , 0.717949 , 3.583369
0.358974 , 0.743590 , 3.554804
0.358974 , 0.769231 , 3.529331
0.358974 , 0.794872 , 3.506836
0.358974 , 0.820513 , 3.487062
0.358974 , 0.846154 , 3.471180
0.358974 , 0.871795 , 3.457280
0.358974 , 0.897436 , 3.445153
0.358974 , 0.923077 , 3.436676
0.358974 , 0.948718 , 3.430288
0.358974 , 0.974359 , 3.426206
0.358974 , 1.000000 , 3.425734
0.384615 , 0.000000 , 4.378028
0.384615 , 0.025641 , 4.377045
0.384615 , 0.051282 , 4.374038
0.384615 , 0.076923 , 4.368545
0.384615 , 0.102564 , 4.359274
0.384615 , 0.128205 , 4.347959
0.384615 , 0.153846 , 4.334774
0.384615 , 0.179487 , 4.317979
0.384615 , 0.205128 , 4.298389
0.384615 , 0.230769 , 4.276487
0.384615 , 0.256410 , 4.252775
0.384615 , 0.282051 , 4.226976
0.384615 , 0.307692 , 4.198966
0.384615 , 0.333333 , 4.168070
0.384615 , 0.358974 , 4.134120
0.384615 , 0.384615 , 4.097514
0.384615 , 0.410256 , 4.058911
0.384615 , 0.435897 , 4.019055
0.384615 , 0.461538 , 3.977012
0.384615 , 0.487179 , 3.933941
0.384615 , 0.512821 , 3.890604
0.384615 , 0.538462 , 3.847883
0.384615 , 0.564103 , 3.805484
0.384615 , 0.589744 , 3.763254
0.384615 , 0.615385 , 3.721488
0.384615 , 0.641026 , 3.681877
0.384615 , 0.666667 , 3.644070
0.384615 , 0.692308 , 3.608201
0.384615 , 0.717949 , 3.573515
0.384615 , 0.743590 , 3.542458
0.384615 , 0.769231 , 3.514236
0.384615 , 0.794872 , 3.488890
0.384615 , 0.820513 , 3.466329
0.384615 , 0.846154 , 3.447233
0.384615 , 0.871795 , 3.431175
0.384615 , 0.897436 , 3.418049
0.384615 , 0.923077 , 3.408801
0.384615 , 0.948718 , 3.401480
0.384615 , 0.974359 , 3.396851
0.384615 , 1.000000 , 3.395777
0.410256 , 0.000000 , 4.438565
0.410256 , 0.025641 , 4.436756
0.410256 , 0.051282 , 4.432810
0.410256 , 0.076923 , 4.425734
0.410256 , 0.102564 , 4.415197
0.410256 , 0.128205 , 4.402082
0.410256 , 0.153846 , 4.386829
0.410256 , 0.179487 , 4.368300
0.410256 , 0.205128 , 4.346252
0.410256 , 0.230769 , 4.321935
0.410256 , 0.256410 , 4.294593
0.410256 , 0.282051 , 4.266485
0.410256 , 0.307692 , 4.235563
0.410256 , 0.333333 , 4.201400
0.410256 , 0.358974 , 4.163917
0.410256 , 0.384615 , 4.124355
0.410256 , 0.410256 , 4.082940
0.410256 , 0.435897 , 4.039290
0.410256 , 0.461538 , 3.993882
0.410256 , 0.487179 , 3.947706
0.410256 , 0.512821 , 3.901359
0.410256 , 0.538462 , 3.855396
0.410256 , 0.564103 , 3.809979
0.410256 , 0.589744 , 3.765071
0.410256 , 0.615385 , 3.719940
0.410256 , 0.641026 , 3.676077
0.410256 , 0.666667 , 3.635029
0.410256 , 0.692308 , 3.596147
0.410256 , 0.717949 , 3.558259
0.410256 , 0.743590 , 3.524179
0.410256 , 0.769231 , 3.493557
0.410256 , 0.794872 , 3.465230
0.410256 , 0.820513 , 3.440438
0.410256 , 0.846154 , 3.418703
0.410256 , 0.871795 , 3.400633
0.410256 , 0.897436 , 3.385818
0.410256 , 0.923077 , 3.374923
0.410256 , 0.948718 , 3.366790
0.410256 , 0.974359 , 3.361614
0.410256 , 1.000000 , 3.360004
0.435897 , 0.000000 , 4.502161
0.435897 , 0.025641 , 4.500004
0.435897 , 0.051282 , 4.494887
0.435897 , 0.076923 , 4.486930
0.435897 , 0.102564 , 4.474991
0.435897 , 0.128205 , 4.459825
0.435897 , 0.153846 , 4.442117
0.435897 , 0.179487 , 4.420596
0.435897 , 0.205128 , 4.396297
0.435897 , 0.230769 , 4.369797
0.435897 , 0.256410 , 4.339916
0.435897 , 0.282051 , 4.308016
0.435897 , 0.307692 , 4.273300
0.435897 , 0.333333 , 4.235174
0.435897 , 0.358974 , 4.194241
0.435897 , 0.384615 , 4.151162
0.435897 , 0.410256 , 4.105762
0.435897 , 0.435897 , 4.058105
0.435897 , 0.461538 , 4.009322
0.435897 , 0.487179 , 3.959505
0.435897 , 0.512821 , 3.909838
0.435897 , 0.538462 , 3.859869
0.435897 , 0.564103 , 3.810099
0.435897 , 0.589744 , 3.761728
0.435897 , 0.615385 , 3.713492
0.435897 , 0.641026 , 3.665866
0.435897 , 0.666667 , 3.621192
0.435897 , 0.692308 , 3.578513
0.435897 , 0.717949 , 3.537263
0.435897 , 0.743590 , 3.499596
0.435897 , 0.769231 , 3.465880
0.435897 , 0.794872 , 3.434915
0.435897 , 0.820513 , 3.408213
0.435897 , 0.846154 , 3.384586
0.435897 , 0.871795 , 3.364235
0.435897 , 0.897436 , 3.348102
0.435897 , 0.923077 , 3.335404
0.435897 , 0.948718 , 3.326049
0.435897 , 0.974359 , 3.320723
0.435897 , 1.000000 , 3.318863
0.461538 , 0.000000 , 4.569315
0.461538 , 0.025641 , 4.567056
0.461538 , 0.051282 , 4.561319
0.461538 , 0.076923 , 4.551659
0.461538 , 0.102564 , 4.538684
0.461538 , 0.128205 , 4.521599
0.461538 , 0.153846 , 4.500377
0.461538 , 0.179487 , 4.476544
0.461538 , 0.205128 , 4.449654
0.461538 , 0.230769 , 4.420606
0.461538 , 0.256410 , 4.387944
0.461538 , 0.282051 , 4.351824
0.461538 , 0.307692 , 4.312458
0.461538 , 0.333333 , 4.270086
0.461538 , 0.358974 , 4.224969
0.461538 , 0.384615 , 4.177828
0.461538 , 0.410256 , 4.128164
0.461538 , 0.435897 , 4.076294
0.461538 , 0.461538 , 4.023096
0.461538 , 0.487179 , 3.969098
0.461538 , 0.512821 , 3.914474
0.461538 , 0.538462 , 3.860137
0.461538 , 0.564103 , 3.806007
0.461538 , 0.589744 , 3.753311
0.461538 , 0.615385 , 3.701685
0.461538 , 0.641026 , 3.650385
0.461538 , 0.666667 , 3.601687
0.461538 , 0.692308 , 3.554949
0.461538 , 0.717949 , 3.510252
0.461538 , 0.743590 , 3.469842
0.461538 , 0.769231 , 3.432529
0.461538 , 0.794872 , 3.398658
0.461538 , 0.820513 , 3.369224
0.461538 , 0.846154 , 3.342979
0.461538 , 0.871795 , 3.321141
0.461538 , 0.897436 , 3.303699
0.461538 , 0.923077 , 3.289408
0.461538 , 0.948718 , 3.278834
0.461538 , 0.974359 , 3.272878
0.461538 , 1.000000 , 3.270547
0.487179 , 0.000000 , 4.642351
0.487179 , 0.025641 , 4.639361
0.487179 , 0.051282 , 4.632973
0.487179 , 0.076923 , 4.621347
0.487179 , 0.102564 , 4.606466
0.487179 , 0.128205 , 4.587727
0.487179 , 0.153846 , 4.563968
0.487179 , 0.179487 , 4.537834
0.487179 , 0.205128 , 4.507765
0.487179 , 0.230769 , 4.474871
0.487179 , 0.256410 , 4.438415
0.487179 , 0.282051 , 4.398083
0.487179 , 0.307692 , 4.354032
0.487179 , 0.333333 , 4.307103
0.487179 , 0.358974 , 4.257711
0.487179 , 0.384615 , 4.205666
0.487179 , 0.410256 , 4.151269
0.487179 , 0.435897 , 4.094672
0.487179 , 0.461538 , 4.036449
0.487179 , 0.487179 , 3.977270
0.487179 , 0.512821 , 3.917147
0.487179 , 0.538462 , 3.857356
0.487179 , 0.564103 , 3.797953
0.487179 , 0.589744 , 3.740457
0.487179 , 0.615385 , 3.684713
0.487179 , 0.641026 , 3.630378
0.487179 , 0.666667 , 3.576993
0.487179 , 0.692308 , 3.525552
0.487179 , 0.717949 , 3.477050
0.487179 , 0.743590 , 3.432898
0.487179 , 0.769231 , 3.392097
0.487179 , 0.794872 , 3.355199
0.487179 , 0.820513 , 3.322831
0.487179 , 0.846154 , 3.294364
0.487179 , 0.871795 , 3.271073
0.487179 , 0.897436 , 3.251543
0.487179 , 0.923077 , 3.235828
0.487179 , 0.948718 , 3.224555
0.487179 , 0.974359 , 3.217425
0.487179 , 1.000000 , 3.214820
0.512821 , 0.000000 , 4.720738
0.512821 , 0.025641 , 4.717626
0.512821 , 0.051282 , 4.710749
0.512821 , 0.076923 , 4.698350
0.512821 , 0.102564 , 4.680835
0.512821 , 0.128205 , 4.659895
0.512821 , 0.153846 , 4.634190
0.512821 , 0.179487 , 4.604533
0.512821 , 0.205128 , 4.571168
0.512821 , 0.230769 , 4.533110
0.512821 , 0.256410 , 4.492747
0.512821 , 0.282051 , 4.447750
0.512821 , 0.307692 , 4.399075
0.512821 , 0.333333 , 4.347675
0.512821 , 0.358974 , 4.292619
0.512821 , 0.384615 , 4.235175
0.512821 , 0.410256 , 4.175350
0.512821 , 0.435897 , 4.113197
0.512821 , 0.461538 , 4.049424
0.512821 , 0.487179 , 3.984225
0.512821 , 0.512821 , 3.918494
0.512821 , 0.538462 , 3.852799
0.512821 , 0.564103 , 3.787269
0.512821 , 0.589744 , 3.723735
0.512821 , 0.615385 , 3.662687
0.512821 , 0.641026 , 3.603463
0.512821 , 0.666667 , 3.545172
0.512821 , 0.692308 , 3.488870
0.512821 , 0.717949 , 3.436291
0.512821 , 0.743590 , 3.388699
0.512821 , 0.769231 , 3.344764
0.512821 , 0.794872 , 3.304715
0.512821 , 0.820513 , 3.269358
0.512821 , 0.846154 , 3.238139
0.512821 , 0.871795 , 3.212926
0.512821 , 0.897436 , 3.191715
0.512821 , 0.923077 , 3.173870
0.512821 , 0.948718 , 3.161563
0.512821 , 0.974359 , 3.154298
0.512821 , 1.000000 , 3.151181
0.538462 , 0.000000 , 4.806181
0.538462 , 0.025641 , 4.803429
0.538462 , 0.051282 , 4.795960
0.538462 , 0.076923 , 4.782324
0.538462 , 0.102564 , 4.762975
0.538462 , 0.128205 , 4.738939
0.538462 , 0.153846 , 4.711210
0.538462 , 0.179487 , 4.678544
0.538462 , 0.205128 , 4.640520
0.538462 , 0.230769 , 4.598167
0.538462 , 0.256410 , 4.553155
0.538462 , 0.282051 , 4.503684
0.538462 , 0.307692 , 4.449628
0.538462 , 0.333333 , 4.392257
0.538462 , 0.358974 , 4.331824
0.538462 , 0.384615 , 4.267673
0.538462 , 0.410256 , 4.200922
0.538462 , 0.435897 , 4.132454
0.538462 , 0.461538 , 4.062153
0.538462 , 0.487179 , 3.990477
0.538462 , 0.512821 , 3.917964
0.538462 , 0.538462 , 3.845480
0.538462 , 0.564103 , 3.773805
0.538462 , 0.589744 , 3.703682
0.538462 , 0.615385 , 3.635970
0.538462 , 0.641026 , 3.570440
0.538462 , 0.666667 , 3.506123
0.538462 , 0.692308 , 3.445250
0.538462 , 0.717949 , 3.388441
0.538462 , 0.743590 , 3.336586
0.538462 , 0.769231 , 3.288808
0.538462 , 0.794872 , 3.245590
0.538462 , 0.820513 , 3.207210
0.538462 , 0.846154 , 3.173268
0.538462 , 0.871795 , 3.145186
0.538462 , 0.897436 , 3.122510
0.538462 , 0.923077 , 3.103928
0.538462 , 0.948718 , 3.089625
0.538462 , 0.974359 , 3.082227
0.538462 , 1.000000 , 3.078997
0.564103 , 0.000000 , 4.900401
0.564103 , 0.025641 , 4.897523
0.564103 , 0.051282 , 4.889456
0.564103 , 0.076923 , 4.874597
0.564103 , 0.102564 , 4.853224
0.564103 , 0.128205 , 4.827109
0.564103 , 0.153846 , 4.796775
0.564103 , 0.179487 , 4.760981
0.564103 , 0.205128 , 4.719180
0.564103 , 0.230769 , 4.671815
0.564103 , 0.256410 , 4.621458
0.564103 , 0.282051 , 4.566528
0.564103 , 0.307692 , 4.506350
0.564103 , 0.333333 , 4.442140
0.564103 , 0.358974 , 4.374702
0.564103 , 0.384615 , 4.303823
0.564103 , 0.410256 , 4.229222
0.564103 , 0.435897 , 4.152118
0.564103 , 0.461538 , 4.074551
0.564103 , 0.487179 , 3.994775
0.564103 , 0.512821 , 3.914295
0.564103 , 0.538462 , 3.833774
0.564103 , 0.564103 , 3.754558
0.564103 , 0.589744 , 3.677841
0.564103 , 0.615385 , 3.602767
0.564103 , 0.641026 , 3.530259
0.564103 , 0.666667 , 3.459810
0.564103 , 0.692308 , 3.393665
0.564103 , 0.717949 , 3.332084
0.564103 , 0.743590 , 3.275689
0.564103 , 0.769231 , 3.223455
0.564103 , 0.794872 , 3.176388
0.564103 , 0.820513 , 3.134544
0.564103 , 0.846154 , 3.097987
0.564103 , 0.871795 , 3.067392
0.564103 , 0.897436 , 3.043186
0.564103 , 0.923077 , 3.023747
0.564103 , 0.948718 , 3.009119
0.564103 , 0.974359 , 3.000065
0.564103 , 1.000000 , 2.996865
0.589744 , 0.000000 , 5.004386
0.589744 , 0.025641 , 5.000945
0.589744 , 0.051282 , 4.991678
0.589744 , 0.076923 , 4.975853
0.589744 , 0.102564 , 4.953559
0.589744 , 0.128205 , 4.926310
0.589744 , 0.153846 , 4.893550
0.589744 , 0.179487 , 4.853868
0.589744 , 0.205128 , 4.808351
0.589744 , 0.230769 , 4.756355
0.589744 , 0.256410 , 4.699845
0.589744 , 0.282051 , 4.637749
0.589744 , 0.307692 , 4.570686
0.589744 , 0.333333 , 4.498791
0.589744 , 0.358974 , 4.423426
0.589744 , 0.384615 , 4.344262
0.589744 , 0.410256 , 4.260990
0.589744 , 0.435897 , 4.174496
0.589744 , 0.461538 , 4.086477
0.589744 , 0.487179 , 3.997599
0.589744 , 0.512821 , 3.908137
0.589744 , 0.538462 , 3.819154
0.589744 , 0.564103 , 3.730737
0.589744 , 0.589744 , 3.645098
0.589744 , 0.615385 , 3.562275
0.589744 , 0.641026 , 3.481946
0.589744 , 0.666667 , 3.405357
0.589744 , 0.692308 , 3.333414
0.589744 , 0.717949 , 3.266019
0.589744 , 0.743590 , 3.203738
0.589744 , 0.769231 , 3.146923
0.589744 , 0.794872 , 3.095836
0.589744 , 0.820513 , 3.050419
0.589744 , 0.846154 , 3.011799
0.589744 , 0.871795 , 2.979101
0.589744 , 0.897436 , 2.953252
0.589744 , 0.923077 , 2.932263
0.589744 , 0.948718 , 2.917592
0.589744 , 0.974359 , 2.908303
0.589744 , 1.000000 , 2.904686
0.615385 , 0.000000 , 5.119185
0.615385 , 0.025641 , 5.115410
0.615385 , 0.051282 , 5.104988
0.615385 , 0.076923 , 5.087932
0.615385 , 0.102564 , 5.064656
0.615385 , 0.128205 , 5.035197
0.615385 , 0.153846 , 5.000113
0.615385 , 0.179487 , 4.957345
0.615385 , 0.205128 , 4.907104
0.615385 , 0.230769 , 4.850601
0.615385 , 0.256410 , 4.788037
0.615385 , 0.282051 , 4.718872
0.615385 , 0.307692 , 4.644322
0.615385 , 0.333333 , 4.564416
0.615385 , 0.358974 , 4.479677
0.615385 , 0.384615 , 4.390356
0.615385 , 0.410256 , 4.295830
0.615385 , 0.435897 , 4.199106
0.615385 , 0.461538 , 4.100281
0.615385 , 0.487179 , 4.000609
0.615385 , 0.512821 , 3.900395
0.615385 , 0.538462 , 3.801042
0.615385 , 0.564103 , 3.702610
0.615385 , 0.589744 , 3.606515
0.615385 , 0.615385 , 3.514167
0.615385 , 0.641026 , 3.425440
0.615385 , 0.666667 , 3.341078
0.615385 , 0.692308 , 3.261939
0.615385 , 0.717949 , 3.188655
0.615385 , 0.743590 , 3.120711
0.615385 , 0.769231 , 3.059763
0.615385 , 0.794872 , 3.004500
0.615385 , 0.820513 , 2.955942
0.615385 , 0.846154 , 2.914761
0.615385 , 0.871795 , 2.880125
0.615385 , 0.897436 , 2.851422
0.615385 , 0.923077 , 2.828927
0.615385 , 0.948718 , 2.813215
0.615385 , 0.974359 , 2.803193
0.615385 , 1.000000 , 2.799870
0.641026 , 0.000000 , 5.245221
0.641026 , 0.025641 , 5.241845
0.641026 , 0.051282 , 5.230505
0.641026 , 0.076923 , 5.212028
0.641026 , 0.102564 , 5.187483
0.641026 , 0.128205 , 5.155896
0.641026 , 0.153846 , 5.117903
0.641026 , 0.179487 , 5.071901
0.641026 , 0.205128 , 5.017500
0.641026 , 0.230769 , 4.955846
0.641026 , 0.256410 , 4.887472
0.641026 , 0.282051 , 4.811280
0.641026 , 0.307692 , 4.728274
0.641026 , 0.333333 , 4.639232
0.641026 , 0.358974 , 4.543968
0.641026 , 0.384615 , 4.443266
0.641026 , 0.410256 , 4.337160
0.641026 , 0.435897 , 4.227592
0.641026 , 0.461538 , 4.116154
0.641026 , 0.487179 , 4.003730
0.641026 , 0.512821 , 3.891041
0.641026 , 0.538462 , 3.779254
0.641026 , 0.564103 , 3.669234
0.641026 , 0.589744 , 3.561780
0.641026 , 0.615385 , 3.458440
0.641026 , 0.641026 , 3.359733
0.641026 , 0.666667 , 3.265996
0.641026 , 0.692308 , 3.178416
0.641026 , 0.717949 , 3.098233
0.641026 , 0.743590 , 3.024894
0.641026 , 0.769231 , 2.958591
0.641026 , 0.794872 , 2.899674
0.641026 , 0.820513 , 2.847491
0.641026 , 0.846154 , 2.803562
0.641026 , 0.871795 , 2.766985
0.641026 , 0.897436 , 2.736629
0.641026 , 0.923077 , 2.713005
0.641026 , 0.948718 , 2.696350
0.641026 , 0.974359 , 2.685849
0.641026 , 1.000000 , 2.682340
0.666667 , 0.000000 , 5.383617
0.666667 , 0.025641 , 5.380016
0.666667 , 0.051282 , 5.368571
0.666667 , 0.076923 , 5.349381
0.666667 , 0.102564 , 5.323079
0.666667 , 0.128205 , 5.289914
0.666667 , 0.153846 , 5.249423
0.666667 , 0.179487 , 5.199721
0.666667 , 0.205128 , 5.141054
0.666667 , 0.230769 , 5.074135
0.666667 , 0.256410 , 4.999440
0.666667 , 0.282051 , 4.916002
0.666667 , 0.307692 , 4.824014
0.666667 , 0.333333 , 4.724171
0.666667 , 0.358974 , 4.617210
0.666667 , 0.384615 , 4.503737
0.666667 , 0.410256 , 4.384749
0.666667 , 0.435897 , 4.261099
0.666667 , 0.461538 , 4.135317
0.666667 , 0.487179 , 4.007893
0.666667 , 0.512821 , 3.879620
0.666667 , 0.538462 , 3.752792
0.666667 , 0.564103 , 3.629133
0.666667 , 0.589744 , 3.508711
0.666667 , 0.615385 , 3.392890
0.666667 , 0.641026 , 3.283190
0.666667 , 0.666667 , 3.179481
0.666667 , 0.692308 , 3.083008
0.666667 , 0.717949 , 2.994176
0.666667 , 0.743590 , 2.914808
0.666667 , 0.769231 , 2.843342
0.666667 , 0.794872 , 2.780361
0.666667 , 0.820513 , 2.725424
0.666667 , 0.846154 , 2.678678
0.666667 , 0.871795 , 2.639574
0.666667 , 0.897436 , 2.608168
0.666667 , 0.923077 , 2.584123
0.666667 , 0.948718 , 2.566411
0.666667 , 0.974359 , 2.555411
0.666667 , 1.000000 , 2.552181
0.692308 , 0.000000 , 5.535028
0.692308 , 0.025641 , 5.531446
0.692308 , 0.051282 , 5.519823
0.692308 , 0.076923 , 5.500115
0.692308 , 0.102564 , 5.472973
0.692308 , 0.128205 , 5.437992
0.692308 , 0.153846 , 5.395874
0.692308 , 0.179487 , 5.343504
0.692308 , 0.205128 , 5.279832
0.692308 , 0.230769 , 5.207217
0.692308 , 0.256410 , 5.124991
0.692308 , 0.282051 , 5.033800
0.692308 , 0.307692 , 4.932420
0.692308 , 0.333333 , 4.821006
0.692308 , 0.358974 , 4.701190
0.692308 , 0.384615 , 4.573028
0.692308 , 0.410256 , 4.438714
0.692308 , 0.435897 , 4.299307
0.692308 , 0.461538 , 4.156775
0.692308 , 0.487179 , 4.012638
0.692308 , 0.512821 , 3.867699
0.692308 , 0.538462 , 3.723610
0.692308 , 0.564103 , 3.583381
0.692308 , 0.589744 , 3.447849
0.692308 , 0.615385 , 3.318148
0.692308 , 0.641026 , 3.195023
0.692308 , 0.666667 , 3.079841
0.692308 , 0.692308 , 2.973669
0.692308 , 0.717949 , 2.876223
0.692308 , 0.743590 , 2.789219
0.692308 , 0.769231 , 2.711898
0.692308 , 0.794872 , 2.645403
0.692308 , 0.820513 , 2.587422
0.692308 , 0.846154 , 2.539005
0.692308 , 0.871795 , 2.497720
0.692308 , 0.897436 , 2.464447
0.692308 , 0.923077 , 2.439495
0.692308 , 0.948718 , 2.421608
0.692308 , 0.974359 , 2.410779
0.692308 , 1.000000 , 2.407506
0.717949 , 0.000000 , 5.699385
0.717949 , 0.025641 , 5.695701
0.717949 , 0.051282 , 5.684796
0.717949 , 0.076923 , 5.665307
0.717949 , 0.102564 , 5.638295
0.717949 , 0.128205 , 5.602729
0.717949 , 0.153846 , 5.558098
0.717949 , 0.179487 , 5.503116
0.717949 , 0.205128 , 5.435188
0.717949 , 0.230769 , 5.357447
0.717949 , 0.256410 , 5.267882
0.717949 , 0.282051 , 5.167159
0.717949 , 0.307692 , 5.054648
0.717949 , 0.333333 , 4.930414
0.717949 , 0.358974 , 4.796918
0.717949 , 0.384615 , 4.653007
0.717949 , 0.410256 , 4.500962
0.717949 , 0.435897 , 4.343602
0.717949 , 0.461538 , 4.182268
0.717949 , 0.487179 , 4.018271
0.717949 , 0.512821 , 3.854500
0.717949 , 0.538462 , 3.691259
0.717949 , 0.564103 , 3.531261
0.717949 , 0.589744 , 3.377897
0.717949 , 0.615385 , 3.231872
0.717949 , 0.641026 , 3.093862
0.717949 , 0.666667 , 2.965662
0.717949 , 0.692308 , 2.847804
0.717949 , 0.717949 , 2.740991
0.717949 , 0.743590 , 2.646520
0.717949 , 0.769231 , 2.562911
0.717949 , 0.794872 , 2.491452
0.717949 , 0.820513 , 2.430836
0.717949 , 0.846154 , 2.380821
0.717949 , 0.871795 , 2.339456
0.717949 , 0.897436 , 2.305296
0.717949 , 0.923077 , 2.279439
0.717949 , 0.948718 , 2.261861
0.717949 , 0.974359 , 2.250731
0.717949 , 1.000000 , 2.247928
0.743590 , 0.000000 , 5.878369
0.743590 , 0.025641 , 5.874568
0.743590 , 0.051282 , 5.863727
0.743590 , 0.076923 , 5.845442
0.743590 , 0.102564 , 5.819305
0.743590 , 0.128205 , 5.783297
0.743590 , 0.153846 , 5.737835
0.743590 , 0.179487 , 5.680582
0.743590 , 0.205128 , 5.609110
0.743590 , 0.230769 , 5.525415
0.743590 , 0.256410 , 5.428299
0.743590 , 0.282051 , 5.317864
0.743590 , 0.307692 , 5.194565
0.743590 , 0.333333 , 5.057126
0.743590 , 0.358974 , 4.907910
0.743590 , 0.384615 , 4.746110
0.743590 , 0.410256 , 4.573667
0.743590 , 0.435897 , 4.395155
0.743590 , 0.461538 , 4.212381
0.743590 , 0.487179 , 4.025947
0.743590 , 0.512821 , 3.839439
0.743590 , 0.538462 , 3.653951
0.743590 , 0.564103 , 3.472272
0.743590 , 0.589744 , 3.297702
0.743590 , 0.615385 , 3.132772
0.743590 , 0.641026 , 2.977692
0.743590 , 0.666667 , 2.834440
0.743590 , 0.692308 , 2.704036
0.743590 , 0.717949 , 2.587730
0.743590 , 0.743590 , 2.484774
0.743590 , 0.769231 , 2.394342
0.743590 , 0.794872 , 2.318499
0.743590 , 0.820513 , 2.255944
0.743590 , 0.846154 , 2.204862
0.743590 , 0.871795 , 2.163433
0.743590 , 0.897436 , 2.129932
0.743590 , 0.923077 , 2.104023
0.743590 , 0.948718 , 2.087419
0.743590 , 0.974359 , 2.076958
0.743590 , 1.000000 , 2.073626
0.769231 , 0.000000 , 6.070714
0.769231 , 0.025641 , 6.067242
0.769231 , 0.051282 , 6.057711
0.769231 , 0.076923 , 6.041037
0.769231 , 0.102564 , 6.016945
0.769231 , 0.128205 , 5.982044
0.769231 , 0.153846 , 5.936431
0.769231 , 0.179487 , 5.877592
0.769231 , 0.205128 , 5.803820
0.769231 , 0.230769 , 5.715962
0.769231 , 0.256410 , 5.612019
0.769231 , 0.282051 , 5.491379
0.769231 , 0.307692 , 5.355379
0.769231 , 0.333333 , 5.203118
0.769231 , 0.358974 , 5.035697
0.769231 , 0.384615 , 4.853616
0.769231 , 0.410256 , 4.658759
0.769231 , 0.435897 , 4.456198
0.769231 , 0.461538 , 4.247668
0.769231 , 0.487179 , 4.035401
0.769231 , 0.512821 , 3.822700
0.769231 , 0.538462 , 3.611407
0.769231 , 0.564103 , 3.405292
0.769231 , 0.589744 , 3.207201
0.769231 , 0.615385 , 3.020165
0.769231 , 0.641026 , 2.845412
0.769231 , 0.666667 , 2.685468
0.769231 , 0.692308 , 2.540616
0.769231 , 0.717949 , 2.413274
0.769231 , 0.743590 , 2.301961
0.769231 , 0.769231 , 2.204642
0.769231 , 0.794872 , 2.125278
0.769231 , 0.820513 , 2.060667
0.769231 , 0.846154 , 2.008621
0.769231 , 0.871795 , 1.967285
0.769231 , 0.897436 , 1.935908
0.769231 , 0.923077 , 1.912838
0.769231 , 0.948718 , 1.897478
0.769231 , 0.974359 , 1.888459
0.769231 , 1.000000 , 1.885874
0.794872 , 0.000000 , 6.275480
0.794872 , 0.025641 , 6.273460
0.794872 , 0.051282 , 6.266078
0.794872 , 0.076923 , 6.252647
0.794872 , 0.102564 , 6.231386
0.794872 , 0.128205 , 6.199299
0.794872 , 0.153846 , 6.155773
0.794872 , 0.179487 , 6.097117
0.794872 , 0.205128 , 6.022025
0.794872 , 0.230769 , 5.930786
0.794872 , 0.256410 , 5.820614
0.794872 , 0.282051 , 5.689901
0.794872 , 0.307692 , 5.538898
0.794872 , 0.333333 , 5.368809
0.794872 , 0.358974 , 5.181710
0.794872 , 0.384615 , 4.976879
0.794872 , 0.410256 , 4.757544
0.794872 , 0.435897 , 4.527375
0.794872 , 0.461538 , 4.289403
0.794872 , 0.487179 , 4.047756
0.794872 , 0.512821 , 3.805233
0.794872 , 0.538462 , 3.564641
0.794872 , 0.564103 , 3.330158
0.794872 , 0.589744 , 3.105053
0.794872 , 0.615385 , 2.892553
0.794872 , 0.641026 , 2.695073
0.794872 , 0.666667 , 2.515985
0.794872 , 0.692308 , 2.354861
0.794872 , 0.717949 , 2.214520
0.794872 , 0.743590 , 2.093714
0.794872 , 0.769231 , 1.990652
0.794872 , 0.794872 , 1.907414
0.794872 , 0.820513 , 1.841361
0.794872 , 0.846154 , 1.789991
0.794872 , 0.871795 , 1.751201
0.794872 , 0.897436 , 1.723968
0.794872 , 0.923077 , 1.705008
0.794872 , 0.948718 , 1.693128
0.794872 , 0.974359 , 1.686315
0.794872 , 1.000000 , 1.684387
0.820513 , 0.000000 , 6.493833
0.820513 , 0.025641 , 6.492805
0.820513 , 0.051282 , 6.488793
0.820513 , 0.076923 , 6.479668
0.820513 , 0.102564 , 6.463246
0.820513 , 0.128205 , 6.437148
0.820513 , 0.153846 , 6.397656
0.820513 , 0.179487 , 6.341755
0.820513 , 0.205128 , 6.267343
0.820513 , 0.230769 , 6.173594
0.820513 , 0.256410 , 6.056679
0.820513 , 0.282051 , 5.914932
0.820513 , 0.307692 , 5.748400
0.820513 , 0.333333 , 5.557900
0.820513 , 0.358974 , 5.347317
0.820513 , 0.384615 , 5.117597
0.820513 , 0.410256 , 4.871569
0.820513 , 0.435897 , 4.610514
0.820513 , 0.461538 , 4.339086
0.820513 , 0.487179 , 4.062884
0.820513 , 0.512821 , 3.785952
0.820513 , 0.538462 , 3.511692
0.820513 , 0.564103 , 3.244989
0.820513 , 0.589744 , 2.988929
0.820513 , 0.615385 , 2.747542
0.820513 , 0.641026 , 2.524428
0.820513 , 0.666667 , 2.323063
0.820513 , 0.692308 , 2.144349
0.820513 , 0.717949 , 1.989510
0.820513 , 0.743590 , 1.857733
0.820513 , 0.769231 , 1.749248
0.820513 , 0.794872 , 1.662921
0.820513 , 0.820513 , 1.597335
0.820513 , 0.846154 , 1.548257
0.820513 , 0.871795 , 1.514534
0.820513 , 0.897436 , 1.494062
0.820513 , 0.923077 , 1.481323
0.820513 , 0.948718 , 1.473894
0.820513 , 0.974359 , 1.470105
0.820513 , 1.000000 , 1.469524
0.846154 , 0.000000 , 6.723029
0.846154 , 0.025641 , 6.723669
0.846154 , 0.051282 , 6.724424
0.846154 , 0.076923 , 6.722391
0.846154 , 0.102564 , 6.714432
0.846154 , 0.128205 , 6.696948
0.846154 , 0.153846 , 6.665060
0.846154 , 0.179487 , 6.614418
0.846154 , 0.205128 , 6.542172
0.846154 , 0.230769 , 6.446532
0.846154 , 0.256410 , 6.322408
0.846154 , 0.282051 , 6.168399
0.846154 , 0.307692 , 5.986249
0.846154 , 0.333333 , 5.774951
0.846154 , 0.358974 , 5.539206
0.846154 , 0.384615 , 5.279953
0.846154 , 0.410256 , 5.001103
0.846154 , 0.435897 , 4.705258
0.846154 , 0.461538 , 4.396740
0.846154 , 0.487179 , 4.081336
0.846154 , 0.512821 , 3.765069
0.846154 , 0.538462 , 3.451725
0.846154 , 0.564103 , 3.146566
0.846154 , 0.589744 , 2.855150
0.846154 , 0.615385 , 2.580971
0.846154 , 0.641026 , 2.329271
0.846154 , 0.666667 , 2.103195
0.846154 , 0.692308 , 1.903900
0.846154 , 0.717949 , 1.733532
0.846154 , 0.743590 , 1.591025
0.846154 , 0.769231 , 1.476519
0.846154 , 0.794872 , 1.388932
0.846154 , 0.820513 , 1.325360
0.846154 , 0.846154 , 1.281395
0.846154 , 0.871795 , 1.255791
0.846154 , 0.897436 , 1.244054
0.846154 , 0.923077 , 1.240108
0.846154 , 0.948718 , 1.239840
0.846154 , 0.974359 , 1.240629
0.846154 , 1.000000 , 1.241840
0.871795 , 0.000000 , 6.960549
0.871795 , 0.025641 , 6.963591
0.871795 , 0.051282 , 6.971559
0.871795 , 0.076923 , 6.980262
0.871795 , 0.102564 , 6.984956
0.871795 , 0.128205 , 6.980516
0.871795 , 0.153846 , 6.959858
0.871795 , 0.179487 , 6.917671
0.871795 , 0.205128 , 6.850465
0.871795 , 0.230769 , 6.753722
0.871795 , 0.256410 , 6.623130
0.871795 , 0.282051 , 6.457419
0.871795 , 0.307692 , 6.258494
0.871795 , 0.333333 , 6.024984
0.871795 , 0.358974 , 5.761251
0.871795 , 0.384615 , 5.469220
0.871795 , 0.410256 , 5.152400
0.871795 , 0.435897 , 4.815022
0.871795 , 0.461538 , 4.463045
0.871795 , 0.487179 , 4.103228
0.871795 , 0.512821 , 3.741583
0.871795 , 0.538462 , 3.383310
0.871795 , 0.564103 , 3.034797
0.871795 , 0.589744 , 2.702779
0.871795 , 0.615385 , 2.390954
0.871795 , 0.641026 , 2.106055
0.871795 , 0.666667 , 1.851702
0.871795 , 0.692308 , 1.629737
0.871795 , 0.717949 , 1.441864
0.871795 , 0.743590 , 1.288324
0.871795 , 0.769231 , 1.168088
0.871795 , 0.794872 , 1.080596
0.871795 , 0.820513 , 1.021780
0.871795 , 0.846154 , 0.986290
0.871795 , 0.871795 , 0.971634
0.871795 , 0.897436 , 0.972286
0.871795 , 0.923077 , 0.981176
0.871795 , 0.948718 , 0.992686
0.871795 , 0.974359 , 1.001678
0.871795 , 1.000000 , 1.005141
0.897436 , 0.000000 , 7.201057
0.897436 , 0.025641 , 7.207925
0.897436 , 0.051282 , 7.226591
0.897436 , 0.076923 , 7.251348
0.897436 , 0.102564 , 7.274564
0.897436 , 0.128205 , 7.289233
0.897436 , 0.153846 , 7.284460
0.897436 , 0.179487 , 7.255044
0.897436 , 0.205128 , 7.195458
0.897436 , 0.230769 , 7.099892
0.897436 , 0.256410 , 6.964849
0.897436 , 0.282051 , 6.788059
0.897436 , 0.307692 , 6.570829
0.897436 , 0.333333 , 6.312855
0.897436 , 0.358974 , 6.017048
0.897436 , 0.384615 , 5.687498
0.897436 , 0.410256 , 5.328104
0.897436 , 0.435897 , 4.943294
0.897436 , 0.461538 , 4.540800
0.897436 , 0.487179 , 4.128956
0.897436 , 0.512821 , 3.715430
0.897436 , 0.538462 , 3.305244
0.897436 , 0.564103 , 2.906702
0.897436 , 0.589744 , 2.527108
0.897436 , 0.615385 , 2.172822
0.897436 , 0.641026 , 1.849721
0.897436 , 0.666667 , 1.563120
0.897436 , 0.692308 , 1.316024
0.897436 , 0.717949 , 1.109257
0.897436 , 0.743590 , 0.943905
0.897436 , 0.769231 , 0.819058
0.897436 , 0.794872 , 0.733486
0.897436 , 0.820513 , 0.682521
0.897436 , 0.846154 , 0.660295
0.897436 , 0.871795 , 0.661802
0.897436 , 0.897436 , 0.680928
0.897436 , 0.923077 , 0.708956
0.897436 , 0.948718 , 0.737023
0.897436 , 0.974359 , 0.757941
0.897436 , 1.000000 , 0.765411
0.923077 , 0.000000 , 7.436204
0.923077 , 0.025641 , 7.449269
0.923077 , 0.051282 , 7.484497
0.923077 , 0.076923 , 7.532904
0.923077 , 0.102564 , 7.582956
0.923077 , 0.128205 , 7.623617
0.923077 , 0.153846 , 7.643238
0.923077 , 0.179487 , 7.632387
0.923077 , 0.205128 , 7.585597
0.923077 , 0.230769 , 7.494868
0.923077 , 0.256410 , 7.356388
0.923077 , 0.282051 , 7.168220
0.923077 , 0.307692 , 6.930865
0.923077 , 0.333333 , 6.644506
0.923077 , 0.358974 , 6.312720
0.923077 , 0.384615 , 5.939264
0.923077 , 0.410256 , 5.529848
0.923077 , 0.435897 , 5.091140
0.923077 , 0.461538 , 4.631681
0.923077 , 0.487179 , 4.160055
0.923077 , 0.512821 , 3.685215
0.923077 , 0.538462 , 3.215226
0.923077 , 0.564103 , 2.758579
0.923077 , 0.589744 , 2.324042
0.923077 , 0.615385 , 1.921183
0.923077 , 0.641026 , 1.555177
0.923077 , 0.666667 , 1.232024
0.923077 , 0.692308 , 0.955100
0.923077 , 0.717949 , 0.726701
0.923077 , 0.743590 , 0.549380
0.923077 , 0.769231 , 0.421527
0.923077 , 0.794872 , 0.340492
0.923077 , 0.820513 , 0.302009
0.923077 , 0.846154 , 0.300031
0.923077 , 0.871795 , 0.326271
0.923077 , 0.897436 , 0.371707
0.923077 , 0.923077 , 0.426601
0.923077 , 0.948718 , 0.478830
0.923077 , 0.974359 , 0.516863
0.923077 , 1.000000 , 0.530567
0.948718 , 0.000000 , 7.653909
0.948718 , 0.025641 , 7.676891
0.948718 , 0.051282 , 7.738274
0.948718 , 0.076923 , 7.821904
0.948718 , 0.102564 , 7.910453
0.948718 , 0.128205 , 7.987723
0.948718 , 0.153846 , 8.040338
0.948718 , 0.179487 , 8.056169
0.948718 , 0.205128 , 8.027189
0.948718 , 0.230769 , 7.945359
0.948718 , 0.256410 , 7.805712
0.948718 , 0.282051 , 7.606402
0.948718 , 0.307692 , 7.346746
0.948718 , 0.333333 , 7.027860
0.948718 , 0.358974 , 6.654061
0.948718 , 0.384615 , 6.231076
0.948718 , 0.410256 , 5.764652
0.948718 , 0.435897 , 5.263087
0.948718 , 0.461538 , 4.736452
0.948718 , 0.487179 , 4.195578
0.948718 , 0.512821 , 3.650398
0.948718 , 0.538462 , 3.110933
0.948718 , 0.564103 , 2.586838
0.948718 , 0.589744 , 2.089895
0.948718 , 0.615385 , 1.629360
0.948718 , 0.641026 , 1.213563
0.948718 , 0.666667 , 0.848271
0.948718 , 0.692308 , 0.538064
0.948718 , 0.717949 , 0.287608
0.948718 , 0.743590 , 0.098231
0.948718 , 0.769231 , -0.031048
0.948718 , 0.794872 , -0.103071
0.948718 , 0.820513 , -0.123446
0.948718 , 0.846154 , -0.098535
0.948718 , 0.871795 , -0.038670
0.948718 , 0.897436 , 0.044405
0.948718 , 0.923077 , 0.137705
0.948718 , 0.948718 , 0.224743
0.948718 , 0.974359 , 0.288663
0.948718 , 1.000000 , 0.312882
0.974359 , 0.000000 , 7.835783
0.974359 , 0.025641 , 7.876379
0.974359 , 0.051282 , 7.979085
0.974359 , 0.076923 , 8.115222
0.974359 , 0.102564 , 8.258173
0.974359 , 0.128205 , 8.385906
0.974359 , 0.153846 , 8.482004
0.974359 , 0.179487 , 8.533140
0.974359 , 0.205128 , 8.528858
0.974359 , 0.230769 , 8.460867
0.974359 , 0.256410 , 8.322732
0.974359 , 0.282051 , 8.112034
0.974359 , 0.307692 , 7.827979
0.974359 , 0.333333 , 7.472754
0.974359 , 0.358974 , 7.051005
0.974359 , 0.384615 , 6.569879
0.974359 , 0.410256 , 6.037522
0.974359 , 0.435897 , 5.463170
0.974359 , 0.461538 , 4.858785
0.974359 , 0.487179 , 4.236704
0.974359 , 0.512821 , 3.609382
0.974359 , 0.538462 , 2.989315
0.974359 , 0.564103 , 2.387662
0.974359 , 0.589744 , 1.817395
0.974359 , 0.615385 , 1.291089
0.974359 , 0.641026 , 0.817487
0.974359 , 0.666667 , 0.404033
0.974359 , 0.692308 , 0.057801
0.974359 , 0.717949 , -0.217370
0.974359 , 0.743590 , -0.419076
0.974359 , 0.769231 , -0.548023
0.974359 , 0.794872 , -0.607327
0.974359 , 0.820513 , -0.602568
0.974359 , 0.846154 , -0.542746
0.974359 , 0.871795 , -0.438445
0.974359 , 0.897436 , -0.304013
0.974359 , 0.923077 , -0.156339
0.974359 , 0.948718 , -0.016559
0.974359 , 0.974359 , 0.089567
0.974359 , 1.000000 , 0.131743
1.000000 , 0.000000 , 7.945278
1.000000 , 0.025641 , 8.023251
1.000000 , 0.051282 , 8.197425
1.000000 , 0.076923 , 8.411155
1.000000 , 0.102564 , 8.629718
1.000000 , 0.128205 , 8.825549
1.000000 , 0.153846 , 8.978917
1.000000 , 0.179487 , 9.074940
1.000000 , 0.205128 , 9.102857
1.000000 , 0.230769 , 9.053247
1.000000 , 0.256410 , 8.918628
1.000000 , 0.282051 , 8.695590
1.000000 , 0.307692 , 8.384138
1.000000 , 0.333333 , 7.987484
1.000000 , 0.358974 , 7.511250
1.000000 , 0.384615 , 6.963251
1.000000 , 0.410256 , 6.354337
1.000000 , 0.435897 , 5.696253
1.000000 , 0.461538 , 5.000765
1.000000 , 0.487179 , 4.284343
1.000000 , 0.512821 , 3.561704
1.000000 , 0.538462 , 2.846818
1.000000 , 0.564103 , 2.154836
1.000000 , 0.589744 , 1.500653
1.000000 , 0.615385 , 0.897546
1.000000 , 0.641026 , 0.356867
1.000000 , 0.666667 , -0.111169
1.000000 , 0.692308 , -0.498809
1.000000 , 0.717949 , -0.800487
1.000000 , 0.743590 , -1.014770
1.000000 , 0.769231 , -1.140925
1.000000 , 0.794872 , -1.182289
1.000000 , 0.820513 , -1.145579
1.000000 , 0.846154 , -1.039499
1.000000 , 0.871795 , -0.877673
1.000000 , 0.897436 , -0.675169
1.000000 , 0.923077 , -0.452876
1.000000 , 0.948718 , -0.235005
1.000000 , 0.974359 , -0.056857
1.000000 , 1.000000 , 0.024592
