0.000000 , 0.000000 , 2.143305
0.000000 , 0.025641 , 2.143305
0.000000 , 0.051282 , 2.143305
0.000000 , 0.076923 , 2.143305
0.000000 , 0.102564 , 2.143305
0.000000 , 0.128205 , 2.143305
0.000000 , 0.153846 , 2.143305
0.000000 , 0.179487 , 2.143305
0.000000 , 0.205128 , 2.143305
0.000000 , 0.230769 , 2.143305
0.000000 , 0.256410 , 2.143305
0.000000 , 0.282051 , 2.143305
0.000000 , 0.307692 , 2.143305
0.000000 , 0.333333 , 2.143305
0.000000 , 0.358974 , 2.143305
0.000000 , 0.384615 , 2.143305
0.000000 , 0.410256 , 2.143305
0.000000 , 0.435897 , 2.143305
0.000000 , 0.461538 , 2.143305
0.000000 , 0.487179 , 2.143305
0.000000 , 0.512821 , 2.143305
0.000000 , 0.538462 , 2.143305
0.000000 , 0.564103 , 2.143305
0.000000 , 0.589744 , 2.143305
0.000000 , 0.615385 , 2.143305
0.000000 , 0.641026 , 2.143305
0.000000 , 0.666667 , 2.143305
0.000000 , 0.692308 , 2.143305
0.000000 , 0.717949 , 2.143305
0.000000 , 0.743590 , 2.143305
0.000000 , 0.769231 , 2.143305
0.000000 , 0.794872 , 2.143305
0.000000 , 0.820513 , 2.143305
0.000000 , 0.846154 , 2.143305
0.000000 , 0.871795 , 2.143305
0.000000 , 0.897436 , 2.143305
0.000000 , 0.923077 , 2.143305
0.000000 , 0.948718 , 2.143305
0.000000 , 0.974359 , 2.143305
0.000000 , 1.000000 , 2.143305
0.025641 , 0.000000 , 2.202995
0.025641 , 0.025641 , 2.202974
0.025641 , 0.051282 , 2.203595
0.025641 , 0.076923 , 2.204613
0.025641 , 0.102564 , 2.205593
0.025641 , 0.128205 , 2.206356
0.025641 , 0.153846 , 2.206785
0.025641 , 0.179487 , 2.206563
0.025641 , 0.205128 , 2.206579
0.025641 , 0.230769 , 2.206700
0.025641 , 0.256410 , 2.205714
0.025641 , 0.282051 , 2.204053
0.025641 , 0.307692 , 2.203039
0.025641 , 0.333333 , 2.201234
0.025641 , 0.358974 , 2.198772
0.025641 , 0.384615 , 2.196004
0.025641 , 0.410256 , 2.193544
0.025641 , 0.435897 , 2.191718
0.025641 , 0.461538 , 2.190147
0.025641 , 0.487179 , 2.188478
0.025641 , 0.512821 , 2.186328
0.025641 , 0.538462 , 2.184046
0.025641 , 0.564103 , 2.181812
0.025641 , 0.589744 , 2.179743
0.025641 , 0.615385 , 2.177885
0.025641 , 0.641026 , 2.176022
0.025641 , 0.666667 , 2.174921
0.025641 , 0.692308 , 2.173589
0.025641 , 0.717949 , 2.172361
0.025641 , 0.743590 , 2.171830
0.025641 , 0.769231 , 2.171022
0.025641 , 0.794872 , 2.170864
0.025641 , 0.820513 , 2.170681
0.025641 , 0.846154 , 2.169965
0.025641 , 0.871795 , 2.169577
0.025641 , 0.897436 , 2.169616
0.025641 , 0.923077 , 2.169928
0.025641 , 0.948718 , 2.169271
0.025641 , 0.974359 , 2.168599
0.025641 , 1.000000 , 2.168224
0.051282 , 0.000000 , 2.246959
0.051282 , 0.025641 , 2.248215
0.051282 , 0.051282 , 2.249626
0.051282 , 0.076923 , 2.251780
0.051282 , 0.102564 , 2.253211
0.051282 , 0.128205 , 2.254721
0.051282 , 0.153846 , 2.256127
0.051282 , 0.179487 , 2.256609
0.051282 , 0.205128 , 2.256448
0.051282 , 0.230769 , 2.255909
0.051282 , 0.256410 , 2.254242
0.051282 , 0.282051 , 2.250979
0.051282 , 0.307692 , 2.248281
0.051282 , 0.333333 , 2.244800
0.051282 , 0.358974 , 2.240665
0.051282 , 0.384615 , 2.235776
0.051282 , 0.410256 , 2.230934
0.051282 , 0.435897 , 2.226921
0.051282 , 0.461538 , 2.223111
0.051282 , 0.487179 , 2.219405
0.051282 , 0.512821 , 2.215377
0.051282 , 0.538462 , 2.211620
0.051282 , 0.564103 , 2.207494
0.051282 , 0.589744 , 2.203479
0.051282 , 0.615385 , 2.200097
0.051282 , 0.641026 , 2.196780
0.051282 , 0.666667 , 2.194240
0.051282 , 0.692308 , 2.191475
0.051282 , 0.717949 , 2.189374
0.051282 , 0.743590 , 2.188506
0.051282 , 0.769231 , 2.187341
0.051282 , 0.794872 , 2.186054
0.051282 , 0.820513 , 2.185315
0.051282 , 0.846154 , 2.184523
0.051282 , 0.871795 , 2.183908
0.051282 , 0.897436 , 2.184007
0.051282 , 0.923077 , 2.184312
0.051282 , 0.948718 , 2.183887
0.051282 , 0.974359 , 2.183167
0.051282 , 1.000000 , 2.182418
0.076923 , 0.000000 , 2.279888
0.076923 , 0.025641 , 2.280318
0.076923 , 0.051282 , 2.282416
0.076923 , 0.076923 , 2.284968
0.076923 , 0.102564 , 2.287189
0.076923 , 0.128205 , 2.289095
0.076923 , 0.153846 , 2.290949
0.076923 , 0.179487 , 2.292493
0.076923 , 0.205128 , 2.292933
0.076923 , 0.230769 , 2.291829
0.076923 , 0.256410 , 2.289660
0.076923 , 0.282051 , 2.286171
0.076923 , 0.307692 , 2.281292
0.076923 , 0.333333 , 2.276606
0.076923 , 0.358974 , 2.270409
0.076923 , 0.384615 , 2.263643
0.076923 , 0.410256 , 2.257325
0.076923 , 0.435897 , 2.250543
0.076923 , 0.461538 , 2.244656
0.076923 , 0.487179 , 2.239383
0.076923 , 0.512821 , 2.233240
0.076923 , 0.538462 , 2.227695
0.076923 , 0.564103 , 2.222257
0.076923 , 0.589744 , 2.216784
0.076923 , 0.615385 , 2.211676
0.076923 , 0.641026 , 2.206747
0.076923 , 0.666667 , 2.202463
0.076923 , 0.692308 , 2.198112
0.076923 , 0.717949 , 2.194873
0.076923 , 0.743590 , 2.193610
0.076923 , 0.769231 , 2.192172
0.076923 , 0.794872 , 2.190081
0.076923 , 0.820513 , 2.188835
0.076923 , 0.846154 , 2.188217
0.076923 , 0.871795 , 2.187429
0.076923 , 0.897436 , 2.187550
0.076923 , 0.923077 , 2.187586
0.076923 , 0.948718 , 2.187532
0.076923 , 0.974359 , 2.186898
0.076923 , 1.000000 , 2.186488
0.102564 , 0.000000 , 2.301587
0.102564 , 0.025641 , 2.301812
0.102564 , 0.051282 , 2.303772
0.102564 , 0.076923 , 2.306407
0.102564 , 0.102564 , 2.308424
0.102564 , 0.128205 , 2.310889
0.102564 , 0.153846 , 2.313035
0.102564 , 0.179487 , 2.314832
0.102564 , 0.205128 , 2.316108
0.102564 , 0.230769 , 2.314678
0.102564 , 0.256410 , 2.311577
0.102564 , 0.282051 , 2.307621
0.102564 , 0.307692 , 2.301834
0.102564 , 0.333333 , 2.296275
0.102564 , 0.358974 , 2.289015
0.102564 , 0.384615 , 2.280625
0.102564 , 0.410256 , 2.272686
0.102564 , 0.435897 , 2.264734
0.102564 , 0.461538 , 2.255738
0.102564 , 0.487179 , 2.248676
0.102564 , 0.512821 , 2.240606
0.102564 , 0.538462 , 2.232961
0.102564 , 0.564103 , 2.226114
0.102564 , 0.589744 , 2.219022
0.102564 , 0.615385 , 2.213289
0.102564 , 0.641026 , 2.207023
0.102564 , 0.666667 , 2.200892
0.102564 , 0.692308 , 2.195535
0.102564 , 0.717949 , 2.191447
0.102564 , 0.743590 , 2.188925
0.102564 , 0.769231 , 2.186847
0.102564 , 0.794872 , 2.184253
0.102564 , 0.820513 , 2.182579
0.102564 , 0.846154 , 2.181073
0.102564 , 0.871795 , 2.181419
0.102564 , 0.897436 , 2.181101
0.102564 , 0.923077 , 2.181456
0.102564 , 0.948718 , 2.181087
0.102564 , 0.974359 , 2.181234
0.102564 , 1.000000 , 2.181230
0.128205 , 0.000000 , 2.310371
0.128205 , 0.025641 , 2.311252
0.128205 , 0.051282 , 2.313796
0.128205 , 0.076923 , 2.316485
0.128205 , 0.102564 , 2.319186
0.128205 , 0.128205 , 2.321189
0.128205 , 0.153846 , 2.323485
0.128205 , 0.179487 , 2.325616
0.128205 , 0.205128 , 2.326683
0.128205 , 0.230769 , 2.325331
0.128205 , 0.256410 , 2.322177
0.128205 , 0.282051 , 2.317624
0.128205 , 0.307692 , 2.311138
0.128205 , 0.333333 , 2.304641
0.128205 , 0.358974 , 2.296378
0.128205 , 0.384615 , 2.286843
0.128205 , 0.410256 , 2.277153
0.128205 , 0.435897 , 2.267724
0.128205 , 0.461538 , 2.257669
0.128205 , 0.487179 , 2.247291
0.128205 , 0.512821 , 2.238319
0.128205 , 0.538462 , 2.228709
0.128205 , 0.564103 , 2.219595
0.128205 , 0.589744 , 2.211248
0.128205 , 0.615385 , 2.204441
0.128205 , 0.641026 , 2.197289
0.128205 , 0.666667 , 2.190008
0.128205 , 0.692308 , 2.183647
0.128205 , 0.717949 , 2.179098
0.128205 , 0.743590 , 2.175876
0.128205 , 0.769231 , 2.173217
0.128205 , 0.794872 , 2.169687
0.128205 , 0.820513 , 2.167670
0.128205 , 0.846154 , 2.166559
0.128205 , 0.871795 , 2.167064
0.128205 , 0.897436 , 2.166754
0.128205 , 0.923077 , 2.166721
0.128205 , 0.948718 , 2.166847
0.128205 , 0.974359 , 2.166812
0.128205 , 1.000000 , 2.167215
0.153846 , 0.000000 , 2.307773
0.153846 , 0.025641 , 2.309034
0.153846 , 0.051282 , 2.311550
0.153846 , 0.076923 , 2.314676
0.153846 , 0.102564 , 2.317695
0.153846 , 0.128205 , 2.320424
0.153846 , 0.153846 , 2.322979
0.153846 , 0.179487 , 2.324850
0.153846 , 0.205128 , 2.325241
0.153846 , 0.230769 , 2.324115
0.153846 , 0.256410 , 2.321278
0.153846 , 0.282051 , 2.316961
0.153846 , 0.307692 , 2.310640
0.153846 , 0.333333 , 2.303075
0.153846 , 0.358974 , 2.293974
0.153846 , 0.384615 , 2.283384
0.153846 , 0.410256 , 2.272430
0.153846 , 0.435897 , 2.261465
0.153846 , 0.461538 , 2.250057
0.153846 , 0.487179 , 2.238004
0.153846 , 0.512821 , 2.226817
0.153846 , 0.538462 , 2.215619
0.153846 , 0.564103 , 2.205572
0.153846 , 0.589744 , 2.196132
0.153846 , 0.615385 , 2.187393
0.153846 , 0.641026 , 2.179678
0.153846 , 0.666667 , 2.172185
0.153846 , 0.692308 , 2.165210
0.153846 , 0.717949 , 2.159895
0.153846 , 0.743590 , 2.156109
0.153846 , 0.769231 , 2.152444
0.153846 , 0.794872 , 2.148434
0.153846 , 0.820513 , 2.145344
0.153846 , 0.846154 , 2.144165
0.153846 , 0.871795 , 2.144405
0.153846 , 0.897436 , 2.144641
0.153846 , 0.923077 , 2.145123
0.153846 , 0.948718 , 2.145859
0.153846 , 0.974359 , 2.146133
0.153846 , 1.000000 , 2.146231
0.179487 , 0.000000 , 2.296222
0.179487 , 0.025641 , 2.297124
0.179487 , 0.051282 , 2.299151
0.179487 , 0.076923 , 2.301954
0.179487 , 0.102564 , 2.304477
0.179487 , 0.128205 , 2.306785
0.179487 , 0.153846 , 2.309911
0.179487 , 0.179487 , 2.312572
0.179487 , 0.205128 , 2.312891
0.179487 , 0.230769 , 2.311201
0.179487 , 0.256410 , 2.308592
0.179487 , 0.282051 , 2.304786
0.179487 , 0.307692 , 2.298989
0.179487 , 0.333333 , 2.291043
0.179487 , 0.358974 , 2.281318
0.179487 , 0.384615 , 2.270728
0.179487 , 0.410256 , 2.258521
0.179487 , 0.435897 , 2.247008
0.179487 , 0.461538 , 2.234226
0.179487 , 0.487179 , 2.220716
0.179487 , 0.512821 , 2.208540
0.179487 , 0.538462 , 2.196478
0.179487 , 0.564103 , 2.184904
0.179487 , 0.589744 , 2.174661
0.179487 , 0.615385 , 2.164898
0.179487 , 0.641026 , 2.155708
0.179487 , 0.666667 , 2.147207
0.179487 , 0.692308 , 2.139493
0.179487 , 0.717949 , 2.133492
0.179487 , 0.743590 , 2.128694
0.179487 , 0.769231 , 2.124346
0.179487 , 0.794872 , 2.119678
0.179487 , 0.820513 , 2.115795
0.179487 , 0.846154 , 2.114572
0.179487 , 0.871795 , 2.115138
0.179487 , 0.897436 , 2.115981
0.179487 , 0.923077 , 2.116316
0.179487 , 0.948718 , 2.117705
0.179487 , 0.974359 , 2.118476
0.179487 , 1.000000 , 2.119219
0.205128 , 0.000000 , 2.275173
0.205128 , 0.025641 , 2.276023
0.205128 , 0.051282 , 2.277776
0.205128 , 0.076923 , 2.280336
0.205128 , 0.102564 , 2.282789
0.205128 , 0.128205 , 2.284721
0.205128 , 0.153846 , 2.287319
0.205128 , 0.179487 , 2.290674
0.205128 , 0.205128 , 2.291466
0.205128 , 0.230769 , 2.290092
0.205128 , 0.256410 , 2.287017
0.205128 , 0.282051 , 2.282931
0.205128 , 0.307692 , 2.276840
0.205128 , 0.333333 , 2.268754
0.205128 , 0.358974 , 2.259431
0.205128 , 0.384615 , 2.248449
0.205128 , 0.410256 , 2.235643
0.205128 , 0.435897 , 2.223669
0.205128 , 0.461538 , 2.210027
0.205128 , 0.487179 , 2.195810
0.205128 , 0.512821 , 2.183049
0.205128 , 0.538462 , 2.170706
0.205128 , 0.564103 , 2.158170
0.205128 , 0.589744 , 2.146431
0.205128 , 0.615385 , 2.135115
0.205128 , 0.641026 , 2.125178
0.205128 , 0.666667 , 2.116692
0.205128 , 0.692308 , 2.108691
0.205128 , 0.717949 , 2.101916
0.205128 , 0.743590 , 2.096363
0.205128 , 0.769231 , 2.091355
0.205128 , 0.794872 , 2.086336
0.205128 , 0.820513 , 2.082871
0.205128 , 0.846154 , 2.081366
0.205128 , 0.871795 , 2.081611
0.205128 , 0.897436 , 2.081105
0.205128 , 0.923077 , 2.081379
0.205128 , 0.948718 , 2.082413
0.205128 , 0.974359 , 2.083628
0.205128 , 1.000000 , 2.084383
0.230769 , 0.000000 , 2.245316
0.230769 , 0.025641 , 2.246022
0.230769 , 0.051282 , 2.247715
0.230769 , 0.076923 , 2.250192
0.230769 , 0.102564 , 2.252648
0.230769 , 0.128205 , 2.254340
0.230769 , 0.153846 , 2.257078
0.230769 , 0.179487 , 2.260044
0.230769 , 0.205128 , 2.260927
0.230769 , 0.230769 , 2.259757
0.230769 , 0.256410 , 2.257195
0.230769 , 0.282051 , 2.252601
0.230769 , 0.307692 , 2.246157
0.230769 , 0.333333 , 2.237838
0.230769 , 0.358974 , 2.228962
0.230769 , 0.384615 , 2.218041
0.230769 , 0.410256 , 2.205199
0.230769 , 0.435897 , 2.192460
0.230769 , 0.461538 , 2.178859
0.230769 , 0.487179 , 2.164340
0.230769 , 0.512821 , 2.151073
0.230769 , 0.538462 , 2.138334
0.230769 , 0.564103 , 2.125280
0.230769 , 0.589744 , 2.112675
0.230769 , 0.615385 , 2.100501
0.230769 , 0.641026 , 2.089547
0.230769 , 0.666667 , 2.080455
0.230769 , 0.692308 , 2.072900
0.230769 , 0.717949 , 2.066025
0.230769 , 0.743590 , 2.059539
0.230769 , 0.769231 , 2.053644
0.230769 , 0.794872 , 2.048652
0.230769 , 0.820513 , 2.046065
0.230769 , 0.846154 , 2.044053
0.230769 , 0.871795 , 2.043658
0.230769 , 0.897436 , 2.042884
0.230769 , 0.923077 , 2.042347
0.230769 , 0.948718 , 2.043230
0.230769 , 0.974359 , 2.044182
0.230769 , 1.000000 , 2.044834
0.256410 , 0.000000 , 2.207723
0.256410 , 0.025641 , 2.208240
0.256410 , 0.051282 , 2.210047
0.256410 , 0.076923 , 2.211874
0.256410 , 0.102564 , 2.214522
0.256410 , 0.128205 , 2.216324
0.256410 , 0.153846 , 2.218498
0.256410 , 0.179487 , 2.221664
0.256410 , 0.205128 , 2.222866
0.256410 , 0.230769 , 2.222265
0.256410 , 0.256410 , 2.219443
0.256410 , 0.282051 , 2.214035
0.256410 , 0.307692 , 2.207279
0.256410 , 0.333333 , 2.200061
0.256410 , 0.358974 , 2.191000
0.256410 , 0.384615 , 2.180530
0.256410 , 0.410256 , 2.168284
0.256410 , 0.435897 , 2.155612
0.256410 , 0.461538 , 2.142174
0.256410 , 0.487179 , 2.127799
0.256410 , 0.512821 , 2.114161
0.256410 , 0.538462 , 2.100376
0.256410 , 0.564103 , 2.087101
0.256410 , 0.589744 , 2.074149
0.256410 , 0.615385 , 2.062270
0.256410 , 0.641026 , 2.051534
0.256410 , 0.666667 , 2.041645
0.256410 , 0.692308 , 2.033326
0.256410 , 0.717949 , 2.025994
0.256410 , 0.743590 , 2.018628
0.256410 , 0.769231 , 2.011795
0.256410 , 0.794872 , 2.007266
0.256410 , 0.820513 , 2.005380
0.256410 , 0.846154 , 2.004224
0.256410 , 0.871795 , 2.001785
0.256410 , 0.897436 , 2.000308
0.256410 , 0.923077 , 1.999811
0.256410 , 0.948718 , 2.000819
0.256410 , 0.974359 , 2.001415
0.256410 , 1.000000 , 2.001111
0.282051 , 0.000000 , 2.163841
0.282051 , 0.025641 , 2.164037
0.282051 , 0.051282 , 2.164848
0.282051 , 0.076923 , 2.166845
0.282051 , 0.102564 , 2.169180
0.282051 , 0.128205 , 2.171442
0.282051 , 0.153846 , 2.173962
0.282051 , 0.179487 , 2.176020
0.282051 , 0.205128 , 2.177149
0.282051 , 0.230769 , 2.176473
0.282051 , 0.256410 , 2.173719
0.282051 , 0.282051 , 2.168382
0.282051 , 0.307692 , 2.161367
0.282051 , 0.333333 , 2.154393
0.282051 , 0.358974 , 2.146130
0.282051 , 0.384615 , 2.136073
0.282051 , 0.410256 , 2.124649
0.282051 , 0.435897 , 2.112423
0.282051 , 0.461538 , 2.099209
0.282051 , 0.487179 , 2.085806
0.282051 , 0.512821 , 2.072200
0.282051 , 0.538462 , 2.059077
0.282051 , 0.564103 , 2.045570
0.282051 , 0.589744 , 2.033029
0.282051 , 0.615385 , 2.021501
0.282051 , 0.641026 , 2.010134
0.282051 , 0.666667 , 1.999816
0.282051 , 0.692308 , 1.990633
0.282051 , 0.717949 , 1.982818
0.282051 , 0.743590 , 1.974882
0.282051 , 0.769231 , 1.968018
0.282051 , 0.794872 , 1.963744
0.282051 , 0.820513 , 1.961262
0.282051 , 0.846154 , 1.959046
0.282051 , 0.871795 , 1.956341
0.282051 , 0.897436 , 1.954977
0.282051 , 0.923077 , 1.955537
0.282051 , 0.948718 , 1.956489
0.282051 , 0.974359 , 1.956705
0.282051 , 1.000000 , 1.956118
0.307692 , 0.000000 , 2.114145
0.307692 , 0.025641 , 2.114060
0.307692 , 0.051282 , 2.114606
0.307692 , 0.076923 , 2.115199
0.307692 , 0.102564 , 2.117137
0.307692 , 0.128205 , 2.119034
0.307692 , 0.153846 , 2.122003
0.307692 , 0.179487 , 2.123734
0.307692 , 0.205128 , 2.124513
0.307692 , 0.230769 , 2.123459
0.307692 , 0.256410 , 2.120255
0.307692 , 0.282051 , 2.115604
0.307692 , 0.307692 , 2.109269
0.307692 , 0.333333 , 2.102626
0.307692 , 0.358974 , 2.095054
0.307692 , 0.384615 , 2.086192
0.307692 , 0.410256 , 2.075467
0.307692 , 0.435897 , 2.064302
0.307692 , 0.461538 , 2.051910
0.307692 , 0.487179 , 2.039194
0.307692 , 0.512821 , 2.026331
0.307692 , 0.538462 , 2.013538
0.307692 , 0.564103 , 2.000587
0.307692 , 0.589744 , 1.988435
0.307692 , 0.615385 , 1.976666
0.307692 , 0.641026 , 1.965138
0.307692 , 0.666667 , 1.954966
0.307692 , 0.692308 , 1.945323
0.307692 , 0.717949 , 1.937215
0.307692 , 0.743590 , 1.929485
0.307692 , 0.769231 , 1.922732
0.307692 , 0.794872 , 1.917961
0.307692 , 0.820513 , 1.914370
0.307692 , 0.846154 , 1.911821
0.307692 , 0.871795 , 1.909175
0.307692 , 0.897436 , 1.908129
0.307692 , 0.923077 , 1.908921
0.307692 , 0.948718 , 1.909869
0.307692 , 0.974359 , 1.910078
0.307692 , 1.000000 , 1.909562
0.333333 , 0.000000 , 2.057743
0.333333 , 0.025641 , 2.057809
0.333333 , 0.051282 , 2.058207
0.333333 , 0.076923 , 2.058895
0.333333 , 0.102564 , 2.060129
0.333333 , 0.128205 , 2.061904
0.333333 , 0.153846 , 2.063941
0.333333 , 0.179487 , 2.065335
0.333333 , 0.205128 , 2.065446
0.333333 , 0.230769 , 2.063898
0.333333 , 0.256410 , 2.061144
0.333333 , 0.282051 , 2.057408
0.333333 , 0.307692 , 2.051919
0.333333 , 0.333333 , 2.045844
0.333333 , 0.358974 , 2.039017
0.333333 , 0.384615 , 2.031164
0.333333 , 0.410256 , 2.021410
0.333333 , 0.435897 , 2.011145
0.333333 , 0.461538 , 2.000022
0.333333 , 0.487179 , 1.987849
0.333333 , 0.512821 , 1.976421
0.333333 , 0.538462 , 1.964337
0.333333 , 0.564103 , 1.952239
0.333333 , 0.589744 , 1.940811
0.333333 , 0.615385 , 1.929455
0.333333 , 0.641026 , 1.918489
0.333333 , 0.666667 , 1.908767
0.333333 , 0.692308 , 1.899054
0.333333 , 0.717949 , 1.890376
0.333333 , 0.743590 , 1.882725
0.333333 , 0.769231 , 1.875853
0.333333 , 0.794872 , 1.870804
0.333333 , 0.820513 , 1.867097
0.333333 , 0.846154 , 1.863150
0.333333 , 0.871795 , 1.860684
0.333333 , 0.897436 , 1.859284
0.333333 , 0.923077 , 1.860009
0.333333 , 0.948718 , 1.861049
0.333333 , 0.974359 , 1.861555
0.333333 , 1.000000 , 1.861520
0.358974 , 0.000000 , 1.996498
0.358974 , 0.025641 , 1.996596
0.358974 , 0.051282 , 1.997014
0.358974 , 0.076923 , 1.997468
0.358974 , 0.102564 , 1.998016
0.358974 , 0.128205 , 1.999216
0.358974 , 0.153846 , 2.000206
0.358974 , 0.179487 , 2.000852
0.358974 , 0.205128 , 2.000621
0.358974 , 0.230769 , 1.999004
0.358974 , 0.256410 , 1.996337
0.358974 , 0.282051 , 1.993603
0.358974 , 0.307692 , 1.989341
0.358974 , 0.333333 , 1.983986
0.358974 , 0.358974 , 1.977605
0.358974 , 0.384615 , 1.970534
0.358974 , 0.410256 , 1.962595
0.358974 , 0.435897 , 1.954079
0.358974 , 0.461538 , 1.944356
0.358974 , 0.487179 , 1.933524
0.358974 , 0.512821 , 1.922980
0.358974 , 0.538462 , 1.911857
0.358974 , 0.564103 , 1.900674
0.358974 , 0.589744 , 1.890227
0.358974 , 0.615385 , 1.879744
0.358974 , 0.641026 , 1.870068
0.358974 , 0.666667 , 1.861239
0.358974 , 0.692308 , 1.851776
0.358974 , 0.717949 , 1.842978
0.358974 , 0.743590 , 1.835340
0.358974 , 0.769231 , 1.828594
0.358974 , 0.794872 , 1.823435
0.358974 , 0.820513 , 1.819694
0.358974 , 0.846154 , 1.815467
0.358974 , 0.871795 , 1.812381
0.358974 , 0.897436 , 1.810850
0.358974 , 0.923077 , 1.810783
0.358974 , 0.948718 , 1.811308
0.358974 , 0.974359 , 1.811748
0.358974 , 1.000000 , 1.812205
0.384615 , 0.000000 , 1.931111
0.384615 , 0.025641 , 1.930966
0.384615 , 0.051282 , 1.931613
0.384615 , 0.076923 , 1.931739
0.384615 , 0.102564 , 1.931805
0.384615 , 0.128205 , 1.931607
0.384615 , 0.153846 , 1.931479
0.384615 , 0.179487 , 1.930851
0.384615 , 0.205128 , 1.931093
0.384615 , 0.230769 , 1.930100
0.384615 , 0.256410 , 1.927751
0.384615 , 0.282051 , 1.924882
0.384615 , 0.307692 , 1.921744
0.384615 , 0.333333 , 1.917483
0.384615 , 0.358974 , 1.912190
0.384615 , 0.384615 , 1.906272
0.384615 , 0.410256 , 1.899729
0.384615 , 0.435897 , 1.892676
0.384615 , 0.461538 , 1.884613
0.384615 , 0.487179 , 1.875527
0.384615 , 0.512821 , 1.866559
0.384615 , 0.538462 , 1.856966
0.384615 , 0.564103 , 1.847363
0.384615 , 0.589744 , 1.837933
0.384615 , 0.615385 , 1.828859
0.384615 , 0.641026 , 1.820016
0.384615 , 0.666667 , 1.811743
0.384615 , 0.692308 , 1.802902
0.384615 , 0.717949 , 1.794801
0.384615 , 0.743590 , 1.786690
0.384615 , 0.769231 , 1.780286
0.384615 , 0.794872 , 1.774483
0.384615 , 0.820513 , 1.770275
0.384615 , 0.846154 , 1.766391
0.384615 , 0.871795 , 1.763558
0.384615 , 0.897436 , 1.761716
0.384615 , 0.923077 , 1.761269
0.384615 , 0.948718 , 1.762314
0.384615 , 0.974359 , 1.762951
0.384615 , 1.000000 , 1.762505
0.410256 , 0.000000 , 1.862350
0.410256 , 0.025641 , 1.862254
0.410256 , 0.051282 , 1.862642
0.410256 , 0.076923 , 1.862581
0.410256 , 0.102564 , 1.862240
0.410256 , 0.128205 , 1.861472
0.410256 , 0.153846 , 1.860829
0.410256 , 0.179487 , 1.859329
0.410256 , 0.205128 , 1.857988
0.410256 , 0.230769 , 1.857274
0.410256 , 0.256410 , 1.855438
0.410256 , 0.282051 , 1.853435
0.410256 , 0.307692 , 1.850942
0.410256 , 0.333333 , 1.848299
0.410256 , 0.358974 , 1.844511
0.410256 , 0.384615 , 1.839724
0.410256 , 0.410256 , 1.834443
0.410256 , 0.435897 , 1.828642
0.410256 , 0.461538 , 1.821752
0.410256 , 0.487179 , 1.814463
0.410256 , 0.512821 , 1.807264
0.410256 , 0.538462 , 1.799779
0.410256 , 0.564103 , 1.791594
0.410256 , 0.589744 , 1.783417
0.410256 , 0.615385 , 1.776002
0.410256 , 0.641026 , 1.767928
0.410256 , 0.666667 , 1.760479
0.410256 , 0.692308 , 1.752645
0.410256 , 0.717949 , 1.745404
0.410256 , 0.743590 , 1.737738
0.410256 , 0.769231 , 1.731282
0.410256 , 0.794872 , 1.725301
0.410256 , 0.820513 , 1.720868
0.410256 , 0.846154 , 1.717744
0.410256 , 0.871795 , 1.715029
0.410256 , 0.897436 , 1.712682
0.410256 , 0.923077 , 1.711413
0.410256 , 0.948718 , 1.712235
0.410256 , 0.974359 , 1.713891
0.410256 , 1.000000 , 1.714162
0.435897 , 0.000000 , 1.791066
0.435897 , 0.025641 , 1.791007
0.435897 , 0.051282 , 1.791602
0.435897 , 0.076923 , 1.791429
0.435897 , 0.102564 , 1.790773
0.435897 , 0.128205 , 1.789132
0.435897 , 0.153846 , 1.788430
0.435897 , 0.179487 , 1.787514
0.435897 , 0.205128 , 1.785160
0.435897 , 0.230769 , 1.783711
0.435897 , 0.256410 , 1.782171
0.435897 , 0.282051 , 1.780544
0.435897 , 0.307692 , 1.778889
0.435897 , 0.333333 , 1.776545
0.435897 , 0.358974 , 1.773774
0.435897 , 0.384615 , 1.770537
0.435897 , 0.410256 , 1.766562
0.435897 , 0.435897 , 1.762061
0.435897 , 0.461538 , 1.757058
0.435897 , 0.487179 , 1.751786
0.435897 , 0.512821 , 1.746339
0.435897 , 0.538462 , 1.740645
0.435897 , 0.564103 , 1.733837
0.435897 , 0.589744 , 1.727088
0.435897 , 0.615385 , 1.721414
0.435897 , 0.641026 , 1.715486
0.435897 , 0.666667 , 1.708528
0.435897 , 0.692308 , 1.702049
0.435897 , 0.717949 , 1.695801
0.435897 , 0.743590 , 1.688606
0.435897 , 0.769231 , 1.682525
0.435897 , 0.794872 , 1.676969
0.435897 , 0.820513 , 1.672198
0.435897 , 0.846154 , 1.669027
0.435897 , 0.871795 , 1.666411
0.435897 , 0.897436 , 1.664258
0.435897 , 0.923077 , 1.662670
0.435897 , 0.948718 , 1.662804
0.435897 , 0.974359 , 1.663841
0.435897 , 1.000000 , 1.664002
0.461538 , 0.000000 , 1.717875
0.461538 , 0.025641 , 1.717898
0.461538 , 0.051282 , 1.718405
0.461538 , 0.076923 , 1.718192
0.461538 , 0.102564 , 1.717404
0.461538 , 0.128205 , 1.715999
0.461538 , 0.153846 , 1.714501
0.461538 , 0.179487 , 1.713433
0.461538 , 0.205128 , 1.711011
0.461538 , 0.230769 , 1.709293
0.461538 , 0.256410 , 1.707351
0.461538 , 0.282051 , 1.705821
0.461538 , 0.307692 , 1.704403
0.461538 , 0.333333 , 1.703393
0.461538 , 0.358974 , 1.701335
0.461538 , 0.384615 , 1.699154
0.461538 , 0.410256 , 1.697054
0.461538 , 0.435897 , 1.694492
0.461538 , 0.461538 , 1.690957
0.461538 , 0.487179 , 1.687572
0.461538 , 0.512821 , 1.683820
0.461538 , 0.538462 , 1.679870
0.461538 , 0.564103 , 1.675233
0.461538 , 0.589744 , 1.670163
0.461538 , 0.615385 , 1.665525
0.461538 , 0.641026 , 1.661289
0.461538 , 0.666667 , 1.655731
0.461538 , 0.692308 , 1.650545
0.461538 , 0.717949 , 1.645845
0.461538 , 0.743590 , 1.640195
0.461538 , 0.769231 , 1.634148
0.461538 , 0.794872 , 1.629093
0.461538 , 0.820513 , 1.624430
0.461538 , 0.846154 , 1.621158
0.461538 , 0.871795 , 1.618858
0.461538 , 0.897436 , 1.617036
0.461538 , 0.923077 , 1.615330
0.461538 , 0.948718 , 1.614849
0.461538 , 0.974359 , 1.615018
0.461538 , 1.000000 , 1.614820
0.487179 , 0.000000 , 1.645490
0.487179 , 0.025641 , 1.645197
0.487179 , 0.051282 , 1.644866
0.487179 , 0.076923 , 1.643778
0.487179 , 0.102564 , 1.642186
0.487179 , 0.128205 , 1.641313
0.487179 , 0.153846 , 1.639718
0.487179 , 0.179487 , 1.638097
0.487179 , 0.205128 , 1.635781
0.487179 , 0.230769 , 1.633735
0.487179 , 0.256410 , 1.632107
0.487179 , 0.282051 , 1.630687
0.487179 , 0.307692 , 1.629348
0.487179 , 0.333333 , 1.628740
0.487179 , 0.358974 , 1.628298
0.487179 , 0.384615 , 1.627330
0.487179 , 0.410256 , 1.626597
0.487179 , 0.435897 , 1.625666
0.487179 , 0.461538 , 1.624208
0.487179 , 0.487179 , 1.622589
0.487179 , 0.512821 , 1.620905
0.487179 , 0.538462 , 1.618758
0.487179 , 0.564103 , 1.616578
0.487179 , 0.589744 , 1.613716
0.487179 , 0.615385 , 1.610299
0.487179 , 0.641026 , 1.606943
0.487179 , 0.666667 , 1.602938
0.487179 , 0.692308 , 1.598772
0.487179 , 0.717949 , 1.594842
0.487179 , 0.743590 , 1.590780
0.487179 , 0.769231 , 1.585730
0.487179 , 0.794872 , 1.581183
0.487179 , 0.820513 , 1.577582
0.487179 , 0.846154 , 1.574719
0.487179 , 0.871795 , 1.572540
0.487179 , 0.897436 , 1.570487
0.487179 , 0.923077 , 1.569006
0.487179 , 0.948718 , 1.568319
0.487179 , 0.974359 , 1.567568
0.487179 , 1.000000 , 1.567498
0.512821 , 0.000000 , 1.572389
0.512821 , 0.025641 , 1.572116
0.512821 , 0.051282 , 1.571078
0.512821 , 0.076923 , 1.569473
0.512821 , 0.102564 , 1.567368
0.512821 , 0.128205 , 1.565810
0.512821 , 0.153846 , 1.563864
0.512821 , 0.179487 , 1.562193
0.512821 , 0.205128 , 1.559849
0.512821 , 0.230769 , 1.557788
0.512821 , 0.256410 , 1.556621
0.512821 , 0.282051 , 1.555508
0.512821 , 0.307692 , 1.554389
0.512821 , 0.333333 , 1.554127
0.512821 , 0.358974 , 1.554383
0.512821 , 0.384615 , 1.554977
0.512821 , 0.410256 , 1.555890
0.512821 , 0.435897 , 1.556502
0.512821 , 0.461538 , 1.557009
0.512821 , 0.487179 , 1.557195
0.512821 , 0.512821 , 1.557837
0.512821 , 0.538462 , 1.558338
0.512821 , 0.564103 , 1.558494
0.512821 , 0.589744 , 1.557702
0.512821 , 0.615385 , 1.555732
0.512821 , 0.641026 , 1.553282
0.512821 , 0.666667 , 1.550936
0.512821 , 0.692308 , 1.548252
0.512821 , 0.717949 , 1.545516
0.512821 , 0.743590 , 1.542444
0.512821 , 0.769231 , 1.538972
0.512821 , 0.794872 , 1.535040
0.512821 , 0.820513 , 1.531747
0.512821 , 0.846154 , 1.529405
0.512821 , 0.871795 , 1.527196
0.512821 , 0.897436 , 1.525398
0.512821 , 0.923077 , 1.523825
0.512821 , 0.948718 , 1.523173
0.512821 , 0.974359 , 1.521228
0.512821 , 1.000000 , 1.520867
0.538462 , 0.000000 , 1.500095
0.538462 , 0.025641 , 1.499870
0.538462 , 0.051282 , 1.498245
0.538462 , 0.076923 , 1.496120
0.538462 , 0.102564 , 1.493111
0.538462 , 0.128205 , 1.490277
0.538462 , 0.153846 , 1.488511
0.538462 , 0.179487 , 1.486847
0.538462 , 0.205128 , 1.484085
0.538462 , 0.230769 , 1.481796
0.538462 , 0.256410 , 1.480561
0.538462 , 0.282051 , 1.479885
0.538462 , 0.307692 , 1.479197
0.538462 , 0.333333 , 1.479817
0.538462 , 0.358974 , 1.480858
0.538462 , 0.384615 , 1.483087
0.538462 , 0.410256 , 1.485422
0.538462 , 0.435897 , 1.487386
0.538462 , 0.461538 , 1.489983
0.538462 , 0.487179 , 1.492744
0.538462 , 0.512821 , 1.495142
0.538462 , 0.538462 , 1.497807
0.538462 , 0.564103 , 1.499514
0.538462 , 0.589744 , 1.500860
0.538462 , 0.615385 , 1.501154
0.538462 , 0.641026 , 1.500923
0.538462 , 0.666667 , 1.500114
0.538462 , 0.692308 , 1.498689
0.538462 , 0.717949 , 1.497742
0.538462 , 0.743590 , 1.495994
0.538462 , 0.769231 , 1.493924
0.538462 , 0.794872 , 1.490852
0.538462 , 0.820513 , 1.487408
0.538462 , 0.846154 , 1.485070
0.538462 , 0.871795 , 1.483143
0.538462 , 0.897436 , 1.481211
0.538462 , 0.923077 , 1.479893
0.538462 , 0.948718 , 1.479155
0.538462 , 0.974359 , 1.477328
0.538462 , 1.000000 , 1.476786
0.564103 , 0.000000 , 1.429269
0.564103 , 0.025641 , 1.428773
0.564103 , 0.051282 , 1.426560
0.564103 , 0.076923 , 1.424131
0.564103 , 0.102564 , 1.420102
0.564103 , 0.128205 , 1.416642
0.564103 , 0.153846 , 1.414497
0.564103 , 0.179487 , 1.412904
0.564103 , 0.205128 , 1.409819
0.564103 , 0.230769 , 1.407336
0.564103 , 0.256410 , 1.406157
0.564103 , 0.282051 , 1.406137
0.564103 , 0.307692 , 1.405987
0.564103 , 0.333333 , 1.406744
0.564103 , 0.358974 , 1.409002
0.564103 , 0.384615 , 1.411950
0.564103 , 0.410256 , 1.415766
0.564103 , 0.435897 , 1.419433
0.564103 , 0.461538 , 1.423464
0.564103 , 0.487179 , 1.428063
0.564103 , 0.512821 , 1.432660
0.564103 , 0.538462 , 1.436864
0.564103 , 0.564103 , 1.440659
0.564103 , 0.589744 , 1.443410
0.564103 , 0.615385 , 1.446402
0.564103 , 0.641026 , 1.449025
0.564103 , 0.666667 , 1.450284
0.564103 , 0.692308 , 1.450650
0.564103 , 0.717949 , 1.450916
0.564103 , 0.743590 , 1.450452
0.564103 , 0.769231 , 1.449568
0.564103 , 0.794872 , 1.447688
0.564103 , 0.820513 , 1.444506
0.564103 , 0.846154 , 1.442583
0.564103 , 0.871795 , 1.440931
0.564103 , 0.897436 , 1.439486
0.564103 , 0.923077 , 1.437648
0.564103 , 0.948718 , 1.436562
0.564103 , 0.974359 , 1.435067
0.564103 , 1.000000 , 1.434803
0.589744 , 0.000000 , 1.358774
0.589744 , 0.025641 , 1.358147
0.589744 , 0.051282 , 1.355834
0.589744 , 0.076923 , 1.353244
0.589744 , 0.102564 , 1.349623
0.589744 , 0.128205 , 1.345714
0.589744 , 0.153846 , 1.342631
0.589744 , 0.179487 , 1.340434
0.589744 , 0.205128 , 1.336827
0.589744 , 0.230769 , 1.334528
0.589744 , 0.256410 , 1.333747
0.589744 , 0.282051 , 1.333832
0.589744 , 0.307692 , 1.334361
0.589744 , 0.333333 , 1.335963
0.589744 , 0.358974 , 1.339778
0.589744 , 0.384615 , 1.343312
0.589744 , 0.410256 , 1.348078
0.589744 , 0.435897 , 1.353080
0.589744 , 0.461538 , 1.358495
0.589744 , 0.487179 , 1.364523
0.589744 , 0.512821 , 1.370611
0.589744 , 0.538462 , 1.376668
0.589744 , 0.564103 , 1.382707
0.589744 , 0.589744 , 1.388071
0.589744 , 0.615385 , 1.393422
0.589744 , 0.641026 , 1.398081
0.589744 , 0.666667 , 1.401304
0.589744 , 0.692308 , 1.403944
0.589744 , 0.717949 , 1.405346
0.589744 , 0.743590 , 1.406183
0.589744 , 0.769231 , 1.406113
0.589744 , 0.794872 , 1.405250
0.589744 , 0.820513 , 1.402464
0.589744 , 0.846154 , 1.400785
0.589744 , 0.871795 , 1.399751
0.589744 , 0.897436 , 1.398734
0.589744 , 0.923077 , 1.397739
0.589744 , 0.948718 , 1.396049
0.589744 , 0.974359 , 1.394621
0.589744 , 1.000000 , 1.394324
0.615385 , 0.000000 , 1.290537
0.615385 , 0.025641 , 1.289950
0.615385 , 0.051282 , 1.287595
0.615385 , 0.076923 , 1.284357
0.615385 , 0.102564 , 1.281498
0.615385 , 0.128205 , 1.277819
0.615385 , 0.153846 , 1.273448
0.615385 , 0.179487 , 1.270280
0.615385 , 0.205128 , 1.266844
0.615385 , 0.230769 , 1.264819
0.615385 , 0.256410 , 1.263898
0.615385 , 0.282051 , 1.264287
0.615385 , 0.307692 , 1.265822
0.615385 , 0.333333 , 1.268077
0.615385 , 0.358974 , 1.271993
0.615385 , 0.384615 , 1.276926
0.615385 , 0.410256 , 1.282274
0.615385 , 0.435897 , 1.288439
0.615385 , 0.461538 , 1.295066
0.615385 , 0.487179 , 1.303178
0.615385 , 0.512821 , 1.310700
0.615385 , 0.538462 , 1.318573
0.615385 , 0.564103 , 1.326229
0.615385 , 0.589744 , 1.333775
0.615385 , 0.615385 , 1.341854
0.615385 , 0.641026 , 1.348626
0.615385 , 0.666667 , 1.353577
0.615385 , 0.692308 , 1.357895
0.615385 , 0.717949 , 1.361352
0.615385 , 0.743590 , 1.363375
0.615385 , 0.769231 , 1.363932
0.615385 , 0.794872 , 1.363456
0.615385 , 0.820513 , 1.361562
0.615385 , 0.846154 , 1.360336
0.615385 , 0.871795 , 1.359702
0.615385 , 0.897436 , 1.359321
0.615385 , 0.923077 , 1.359050
0.615385 , 0.948718 , 1.357153
0.615385 , 0.974359 , 1.355607
0.615385 , 1.000000 , 1.355434
0.641026 , 0.000000 , 1.224683
0.641026 , 0.025641 , 1.224491
0.641026 , 0.051282 , 1.221871
0.641026 , 0.076923 , 1.218485
0.641026 , 0.102564 , 1.214974
0.641026 , 0.128205 , 1.211570
0.641026 , 0.153846 , 1.207653
0.641026 , 0.179487 , 1.203846
0.641026 , 0.205128 , 1.200643
0.641026 , 0.230769 , 1.199510
0.641026 , 0.256410 , 1.198949
0.641026 , 0.282051 , 1.199531
0.641026 , 0.307692 , 1.201182
0.641026 , 0.333333 , 1.203433
0.641026 , 0.358974 , 1.207448
0.641026 , 0.384615 , 1.213087
0.641026 , 0.410256 , 1.219345
0.641026 , 0.435897 , 1.226921
0.641026 , 0.461538 , 1.235058
0.641026 , 0.487179 , 1.244233
0.641026 , 0.512821 , 1.253825
0.641026 , 0.538462 , 1.263344
0.641026 , 0.564103 , 1.273079
0.641026 , 0.589744 , 1.282111
0.641026 , 0.615385 , 1.291199
0.641026 , 0.641026 , 1.299578
0.641026 , 0.666667 , 1.306488
0.641026 , 0.692308 , 1.312054
0.641026 , 0.717949 , 1.317403
0.641026 , 0.743590 , 1.321048
0.641026 , 0.769231 , 1.322667
0.641026 , 0.794872 , 1.322969
0.641026 , 0.820513 , 1.322728
0.641026 , 0.846154 , 1.322332
0.641026 , 0.871795 , 1.322227
0.641026 , 0.897436 , 1.322446
0.641026 , 0.923077 , 1.322071
0.641026 , 0.948718 , 1.320584
0.641026 , 0.974359 , 1.318673
0.641026 , 1.000000 , 1.318378
0.666667 , 0.000000 , 1.161686
0.666667 , 0.025641 , 1.161520
0.666667 , 0.051282 , 1.159225
0.666667 , 0.076923 , 1.155682
0.666667 , 0.102564 , 1.152011
0.666667 , 0.128205 , 1.148219
0.666667 , 0.153846 , 1.144487
0.666667 , 0.179487 , 1.141063
0.666667 , 0.205128 , 1.138671
0.666667 , 0.230769 , 1.137358
0.666667 , 0.256410 , 1.137506
0.666667 , 0.282051 , 1.138719
0.666667 , 0.307692 , 1.140775
0.666667 , 0.333333 , 1.142812
0.666667 , 0.358974 , 1.147002
0.666667 , 0.384615 , 1.153410
0.666667 , 0.410256 , 1.160280
0.666667 , 0.435897 , 1.169382
0.666667 , 0.461538 , 1.179135
0.666667 , 0.487179 , 1.188845
0.666667 , 0.512821 , 1.199195
0.666667 , 0.538462 , 1.210536
0.666667 , 0.564103 , 1.221753
0.666667 , 0.589744 , 1.232698
0.666667 , 0.615385 , 1.242450
0.666667 , 0.641026 , 1.252045
0.666667 , 0.666667 , 1.261174
0.666667 , 0.692308 , 1.268121
0.666667 , 0.717949 , 1.274270
0.666667 , 0.743590 , 1.279454
0.666667 , 0.769231 , 1.283176
0.666667 , 0.794872 , 1.285504
0.666667 , 0.820513 , 1.286686
0.666667 , 0.846154 , 1.286942
0.666667 , 0.871795 , 1.287639
0.666667 , 0.897436 , 1.288175
0.666667 , 0.923077 , 1.287741
0.666667 , 0.948718 , 1.286325
0.666667 , 0.974359 , 1.284822
0.666667 , 1.000000 , 1.284191
0.692308 , 0.000000 , 1.102430
0.692308 , 0.025641 , 1.102401
0.692308 , 0.051282 , 1.100507
0.692308 , 0.076923 , 1.096862
0.692308 , 0.102564 , 1.092818
0.692308 , 0.128205 , 1.089213
0.692308 , 0.153846 , 1.085466
0.692308 , 0.179487 , 1.082649
0.692308 , 0.205128 , 1.080763
0.692308 , 0.230769 , 1.079496
0.692308 , 0.256410 , 1.080175
0.692308 , 0.282051 , 1.081636
0.692308 , 0.307692 , 1.083707
0.692308 , 0.333333 , 1.085952
0.692308 , 0.358974 , 1.090944
0.692308 , 0.384615 , 1.098412
0.692308 , 0.410256 , 1.105648
0.692308 , 0.435897 , 1.115164
0.692308 , 0.461538 , 1.125768
0.692308 , 0.487179 , 1.136517
0.692308 , 0.512821 , 1.147116
0.692308 , 0.538462 , 1.159500
0.692308 , 0.564103 , 1.172254
0.692308 , 0.589744 , 1.184819
0.692308 , 0.615385 , 1.196008
0.692308 , 0.641026 , 1.207463
0.692308 , 0.666667 , 1.218246
0.692308 , 0.692308 , 1.226396
0.692308 , 0.717949 , 1.233831
0.692308 , 0.743590 , 1.239604
0.692308 , 0.769231 , 1.245031
0.692308 , 0.794872 , 1.248756
0.692308 , 0.820513 , 1.250757
0.692308 , 0.846154 , 1.251982
0.692308 , 0.871795 , 1.253619
0.692308 , 0.897436 , 1.255468
0.692308 , 0.923077 , 1.255493
0.692308 , 0.948718 , 1.254231
0.692308 , 0.974359 , 1.252861
0.692308 , 1.000000 , 1.252180
0.717949 , 0.000000 , 1.046912
0.717949 , 0.025641 , 1.046738
0.717949 , 0.051282 , 1.045076
0.717949 , 0.076923 , 1.041886
0.717949 , 0.102564 , 1.038026
0.717949 , 0.128205 , 1.034115
0.717949 , 0.153846 , 1.030452
0.717949 , 0.179487 , 1.028500
0.717949 , 0.205128 , 1.026182
0.717949 , 0.230769 , 1.025223
0.717949 , 0.256410 , 1.026480
0.717949 , 0.282051 , 1.028977
0.717949 , 0.307692 , 1.031302
0.717949 , 0.333333 , 1.033809
0.717949 , 0.358974 , 1.038903
0.717949 , 0.384615 , 1.046900
0.717949 , 0.410256 , 1.055109
0.717949 , 0.435897 , 1.064802
0.717949 , 0.461538 , 1.075278
0.717949 , 0.487179 , 1.086798
0.717949 , 0.512821 , 1.098630
0.717949 , 0.538462 , 1.111928
0.717949 , 0.564103 , 1.126373
0.717949 , 0.589744 , 1.140091
0.717949 , 0.615385 , 1.152789
0.717949 , 0.641026 , 1.165168
0.717949 , 0.666667 , 1.177275
0.717949 , 0.692308 , 1.187385
0.717949 , 0.717949 , 1.195714
0.717949 , 0.743590 , 1.201856
0.717949 , 0.769231 , 1.208756
0.717949 , 0.794872 , 1.214645
0.717949 , 0.820513 , 1.217451
0.717949 , 0.846154 , 1.219760
0.717949 , 0.871795 , 1.221754
0.717949 , 0.897436 , 1.224238
0.717949 , 0.923077 , 1.225039
0.717949 , 0.948718 , 1.224086
0.717949 , 0.974359 , 1.223151
0.717949 , 1.000000 , 1.222718
0.743590 , 0.000000 , 0.995246
0.743590 , 0.025641 , 0.995032
0.743590 , 0.051282 , 0.993371
0.743590 , 0.076923 , 0.990675
0.743590 , 0.102564 , 0.987031
0.743590 , 0.128205 , 0.983476
0.743590 , 0.153846 , 0.980784
0.743590 , 0.179487 , 0.979359
0.743590 , 0.205128 , 0.977077
0.743590 , 0.230769 , 0.976141
0.743590 , 0.256410 , 0.977196
0.743590 , 0.282051 , 0.979790
0.743590 , 0.307692 , 0.982622
0.743590 , 0.333333 , 0.986252
0.743590 , 0.358974 , 0.991796
0.743590 , 0.384615 , 0.999726
0.743590 , 0.410256 , 1.008805
0.743590 , 0.435897 , 1.018871
0.743590 , 0.461538 , 1.029192
0.743590 , 0.487179 , 1.040504
0.743590 , 0.512821 , 1.053588
0.743590 , 0.538462 , 1.067782
0.743590 , 0.564103 , 1.083226
0.743590 , 0.589744 , 1.097634
0.743590 , 0.615385 , 1.111360
0.743590 , 0.641026 , 1.125136
0.743590 , 0.666667 , 1.138516
0.743590 , 0.692308 , 1.150070
0.743590 , 0.717949 , 1.159249
0.743590 , 0.743590 , 1.166331
0.743590 , 0.769231 , 1.173605
0.743590 , 0.794872 , 1.181185
0.743590 , 0.820513 , 1.185658
0.743590 , 0.846154 , 1.188492
0.743590 , 0.871795 , 1.191424
0.743590 , 0.897436 , 1.194315
0.743590 , 0.923077 , 1.195959
0.743590 , 0.948718 , 1.195805
0.743590 , 0.974359 , 1.194961
0.743590 , 1.000000 , 1.194963
0.769231 , 0.000000 , 0.947758
0.769231 , 0.025641 , 0.947672
0.769231 , 0.051282 , 0.946429
0.769231 , 0.076923 , 0.943968
0.769231 , 0.102564 , 0.940686
0.769231 , 0.128205 , 0.937661
0.769231 , 0.153846 , 0.935345
0.769231 , 0.179487 , 0.934498
0.769231 , 0.205128 , 0.933153
0.769231 , 0.230769 , 0.932486
0.769231 , 0.256410 , 0.933065
0.769231 , 0.282051 , 0.935273
0.769231 , 0.307692 , 0.939065
0.769231 , 0.333333 , 0.943335
0.769231 , 0.358974 , 0.948925
0.769231 , 0.384615 , 0.956585
0.769231 , 0.410256 , 0.966047
0.769231 , 0.435897 , 0.976710
0.769231 , 0.461538 , 0.987410
0.769231 , 0.487179 , 0.998673
0.769231 , 0.512821 , 1.012088
0.769231 , 0.538462 , 1.026677
0.769231 , 0.564103 , 1.041992
0.769231 , 0.589744 , 1.057185
0.769231 , 0.615385 , 1.072665
0.769231 , 0.641026 , 1.087196
0.769231 , 0.666667 , 1.101851
0.769231 , 0.692308 , 1.114797
0.769231 , 0.717949 , 1.125369
0.769231 , 0.743590 , 1.133736
0.769231 , 0.769231 , 1.141747
0.769231 , 0.794872 , 1.150600
0.769231 , 0.820513 , 1.156988
0.769231 , 0.846154 , 1.160287
0.769231 , 0.871795 , 1.163893
0.769231 , 0.897436 , 1.166488
0.769231 , 0.923077 , 1.168126
0.769231 , 0.948718 , 1.168143
0.769231 , 0.974359 , 1.168026
0.769231 , 1.000000 , 1.167819
0.794872 , 0.000000 , 0.904968
0.794872 , 0.025641 , 0.904553
0.794872 , 0.051282 , 0.903566
0.794872 , 0.076923 , 0.902214
0.794872 , 0.102564 , 0.899566
0.794872 , 0.128205 , 0.897030
0.794872 , 0.153846 , 0.895009
0.794872 , 0.179487 , 0.893702
0.794872 , 0.205128 , 0.892860
0.794872 , 0.230769 , 0.892853
0.794872 , 0.256410 , 0.893963
0.794872 , 0.282051 , 0.895694
0.794872 , 0.307692 , 0.899150
0.794872 , 0.333333 , 0.904016
0.794872 , 0.358974 , 0.909711
0.794872 , 0.384615 , 0.917391
0.794872 , 0.410256 , 0.927352
0.794872 , 0.435897 , 0.938262
0.794872 , 0.461538 , 0.949242
0.794872 , 0.487179 , 0.961037
0.794872 , 0.512821 , 0.974364
0.794872 , 0.538462 , 0.989209
0.794872 , 0.564103 , 1.003801
0.794872 , 0.589744 , 1.019633
0.794872 , 0.615385 , 1.036319
0.794872 , 0.641026 , 1.052069
0.794872 , 0.666667 , 1.067285
0.794872 , 0.692308 , 1.081447
0.794872 , 0.717949 , 1.093602
0.794872 , 0.743590 , 1.104101
0.794872 , 0.769231 , 1.113714
0.794872 , 0.794872 , 1.122797
0.794872 , 0.820513 , 1.130016
0.794872 , 0.846154 , 1.134511
0.794872 , 0.871795 , 1.138562
0.794872 , 0.897436 , 1.141076
0.794872 , 0.923077 , 1.142743
0.794872 , 0.948718 , 1.142829
0.794872 , 0.974359 , 1.142973
0.794872 , 1.000000 , 1.142883
0.820513 , 0.000000 , 0.867120
0.820513 , 0.025641 , 0.866304
0.820513 , 0.051282 , 0.865061
0.820513 , 0.076923 , 0.864165
0.820513 , 0.102564 , 0.862487
0.820513 , 0.128205 , 0.861024
0.820513 , 0.153846 , 0.859556
0.820513 , 0.179487 , 0.858545
0.820513 , 0.205128 , 0.858154
0.820513 , 0.230769 , 0.858624
0.820513 , 0.256410 , 0.859489
0.820513 , 0.282051 , 0.861962
0.820513 , 0.307692 , 0.864510
0.820513 , 0.333333 , 0.869157
0.820513 , 0.358974 , 0.874861
0.820513 , 0.384615 , 0.882937
0.820513 , 0.410256 , 0.892648
0.820513 , 0.435897 , 0.903700
0.820513 , 0.461538 , 0.915195
0.820513 , 0.487179 , 0.927725
0.820513 , 0.512821 , 0.940864
0.820513 , 0.538462 , 0.955756
0.820513 , 0.564103 , 0.971246
0.820513 , 0.589744 , 0.986316
0.820513 , 0.615385 , 1.003601
0.820513 , 0.641026 , 1.020339
0.820513 , 0.666667 , 1.035569
0.820513 , 0.692308 , 1.049712
0.820513 , 0.717949 , 1.063616
0.820513 , 0.743590 , 1.075269
0.820513 , 0.769231 , 1.086466
0.820513 , 0.794872 , 1.096477
0.820513 , 0.820513 , 1.103608
0.820513 , 0.846154 , 1.109062
0.820513 , 0.871795 , 1.114000
0.820513 , 0.897436 , 1.117630
0.820513 , 0.923077 , 1.119314
0.820513 , 0.948718 , 1.119714
0.820513 , 0.974359 , 1.120206
0.820513 , 1.000000 , 1.120084
0.846154 , 0.000000 , 0.833748
0.846154 , 0.025641 , 0.833590
0.846154 , 0.051282 , 0.832185
0.846154 , 0.076923 , 0.830918
0.846154 , 0.102564 , 0.830175
0.846154 , 0.128205 , 0.829689
0.846154 , 0.153846 , 0.829796
0.846154 , 0.179487 , 0.829332
0.846154 , 0.205128 , 0.828849
0.846154 , 0.230769 , 0.830780
0.846154 , 0.256410 , 0.831301
0.846154 , 0.282051 , 0.833468
0.846154 , 0.307692 , 0.836568
0.846154 , 0.333333 , 0.840531
0.846154 , 0.358974 , 0.846513
0.846154 , 0.384615 , 0.854428
0.846154 , 0.410256 , 0.863708
0.846154 , 0.435897 , 0.874221
0.846154 , 0.461538 , 0.886278
0.846154 , 0.487179 , 0.899078
0.846154 , 0.512821 , 0.912451
0.846154 , 0.538462 , 0.927084
0.846154 , 0.564103 , 0.943239
0.846154 , 0.589744 , 0.958994
0.846154 , 0.615385 , 0.974991
0.846154 , 0.641026 , 0.991367
0.846154 , 0.666667 , 1.007247
0.846154 , 0.692308 , 1.021465
0.846154 , 0.717949 , 1.035775
0.846154 , 0.743590 , 1.049090
0.846154 , 0.769231 , 1.061223
0.846154 , 0.794872 , 1.070976
0.846154 , 0.820513 , 1.078574
0.846154 , 0.846154 , 1.085222
0.846154 , 0.871795 , 1.090774
0.846154 , 0.897436 , 1.095673
0.846154 , 0.923077 , 1.098020
0.846154 , 0.948718 , 1.098988
0.846154 , 0.974359 , 1.099860
0.846154 , 1.000000 , 1.099841
0.871795 , 0.000000 , 0.805811
0.871795 , 0.025641 , 0.805946
0.871795 , 0.051282 , 0.804749
0.871795 , 0.076923 , 0.803720
0.871795 , 0.102564 , 0.803629
0.871795 , 0.128205 , 0.803634
0.871795 , 0.153846 , 0.804376
0.871795 , 0.179487 , 0.805006
0.871795 , 0.205128 , 0.804790
0.871795 , 0.230769 , 0.805948
0.871795 , 0.256410 , 0.807094
0.871795 , 0.282051 , 0.809775
0.871795 , 0.307692 , 0.813121
0.871795 , 0.333333 , 0.817674
0.871795 , 0.358974 , 0.823402
0.871795 , 0.384615 , 0.831126
0.871795 , 0.410256 , 0.840567
0.871795 , 0.435897 , 0.850303
0.871795 , 0.461538 , 0.862149
0.871795 , 0.487179 , 0.874965
0.871795 , 0.512821 , 0.888681
0.871795 , 0.538462 , 0.903074
0.871795 , 0.564103 , 0.918763
0.871795 , 0.589744 , 0.934461
0.871795 , 0.615385 , 0.950146
0.871795 , 0.641026 , 0.966129
0.871795 , 0.666667 , 0.982392
0.871795 , 0.692308 , 0.997549
0.871795 , 0.717949 , 1.011453
0.871795 , 0.743590 , 1.024857
0.871795 , 0.769231 , 1.038135
0.871795 , 0.794872 , 1.049098
0.871795 , 0.820513 , 1.057101
0.871795 , 0.846154 , 1.064109
0.871795 , 0.871795 , 1.070201
0.871795 , 0.897436 , 1.075204
0.871795 , 0.923077 , 1.078939
0.871795 , 0.948718 , 1.080830
0.871795 , 0.974359 , 1.081732
0.871795 , 1.000000 , 1.081958
0.897436 , 0.000000 , 0.783642
0.897436 , 0.025641 , 0.783230
0.897436 , 0.051282 , 0.782708
0.897436 , 0.076923 , 0.781831
0.897436 , 0.102564 , 0.782128
0.897436 , 0.128205 , 0.782280
0.897436 , 0.153846 , 0.783086
0.897436 , 0.179487 , 0.783735
0.897436 , 0.205128 , 0.784359
0.897436 , 0.230769 , 0.785757
0.897436 , 0.256410 , 0.787759
0.897436 , 0.282051 , 0.790877
0.897436 , 0.307692 , 0.793999
0.897436 , 0.333333 , 0.798894
0.897436 , 0.358974 , 0.804979
0.897436 , 0.384615 , 0.812366
0.897436 , 0.410256 , 0.821595
0.897436 , 0.435897 , 0.832107
0.897436 , 0.461538 , 0.843573
0.897436 , 0.487179 , 0.856173
0.897436 , 0.512821 , 0.870007
0.897436 , 0.538462 , 0.884381
0.897436 , 0.564103 , 0.899342
0.897436 , 0.589744 , 0.914005
0.897436 , 0.615385 , 0.929119
0.897436 , 0.641026 , 0.945041
0.897436 , 0.666667 , 0.961261
0.897436 , 0.692308 , 0.976836
0.897436 , 0.717949 , 0.991307
0.897436 , 0.743590 , 1.004738
0.897436 , 0.769231 , 1.018075
0.897436 , 0.794872 , 1.029270
0.897436 , 0.820513 , 1.038060
0.897436 , 0.846154 , 1.045355
0.897436 , 0.871795 , 1.052209
0.897436 , 0.897436 , 1.057597
0.897436 , 0.923077 , 1.061738
0.897436 , 0.948718 , 1.064577
0.897436 , 0.974359 , 1.066168
0.897436 , 1.000000 , 1.066512
0.923077 , 0.000000 , 0.765899
0.923077 , 0.025641 , 0.765665
0.923077 , 0.051282 , 0.765476
0.923077 , 0.076923 , 0.765219
0.923077 , 0.102564 , 0.765625
0.923077 , 0.128205 , 0.765887
0.923077 , 0.153846 , 0.766718
0.923077 , 0.179487 , 0.767399
0.923077 , 0.205128 , 0.768458
0.923077 , 0.230769 , 0.770185
0.923077 , 0.256410 , 0.772723
0.923077 , 0.282051 , 0.776243
0.923077 , 0.307692 , 0.779299
0.923077 , 0.333333 , 0.784208
0.923077 , 0.358974 , 0.790848
0.923077 , 0.384615 , 0.798674
0.923077 , 0.410256 , 0.807585
0.923077 , 0.435897 , 0.817984
0.923077 , 0.461538 , 0.829446
0.923077 , 0.487179 , 0.841725
0.923077 , 0.512821 , 0.855237
0.923077 , 0.538462 , 0.869287
0.923077 , 0.564103 , 0.884007
0.923077 , 0.589744 , 0.898350
0.923077 , 0.615385 , 0.912671
0.923077 , 0.641026 , 0.928869
0.923077 , 0.666667 , 0.945271
0.923077 , 0.692308 , 0.960744
0.923077 , 0.717949 , 0.975048
0.923077 , 0.743590 , 0.988994
0.923077 , 0.769231 , 1.002119
0.923077 , 0.794872 , 1.013525
0.923077 , 0.820513 , 1.022738
0.923077 , 0.846154 , 1.030125
0.923077 , 0.871795 , 1.036370
0.923077 , 0.897436 , 1.042349
0.923077 , 0.923077 , 1.047092
0.923077 , 0.948718 , 1.050849
0.923077 , 0.974359 , 1.052861
0.923077 , 1.000000 , 1.053399
0.948718 , 0.000000 , 0.754061
0.948718 , 0.025641 , 0.753672
0.948718 , 0.051282 , 0.753469
0.948718 , 0.076923 , 0.753707
0.948718 , 0.102564 , 0.753952
0.948718 , 0.128205 , 0.754182
0.948718 , 0.153846 , 0.754833
0.948718 , 0.179487 , 0.755804
0.948718 , 0.205128 , 0.756769
0.948718 , 0.230769 , 0.758998
0.948718 , 0.256410 , 0.761444
0.948718 , 0.282051 , 0.765130
0.948718 , 0.307692 , 0.769244
0.948718 , 0.333333 , 0.774243
0.948718 , 0.358974 , 0.780434
0.948718 , 0.384615 , 0.788472
0.948718 , 0.410256 , 0.797474
0.948718 , 0.435897 , 0.807584
0.948718 , 0.461538 , 0.818936
0.948718 , 0.487179 , 0.831220
0.948718 , 0.512821 , 0.844700
0.948718 , 0.538462 , 0.858600
0.948718 , 0.564103 , 0.872931
0.948718 , 0.589744 , 0.887296
0.948718 , 0.615385 , 0.901838
0.948718 , 0.641026 , 0.917129
0.948718 , 0.666667 , 0.933270
0.948718 , 0.692308 , 0.949079
0.948718 , 0.717949 , 0.963852
0.948718 , 0.743590 , 0.977205
0.948718 , 0.769231 , 0.989953
0.948718 , 0.794872 , 1.001535
0.948718 , 0.820513 , 1.011210
0.948718 , 0.846154 , 1.019309
0.948718 , 0.871795 , 1.025880
0.948718 , 0.897436 , 1.031208
0.948718 , 0.923077 , 1.036351
0.948718 , 0.948718 , 1.040046
0.948718 , 0.974359 , 1.042282
0.948718 , 1.000000 , 1.042782
0.974359 , 0.000000 , 0.747391
0.974359 , 0.025641 , 0.747144
0.974359 , 0.051282 , 0.746820
0.974359 , 0.076923 , 0.746624
0.974359 , 0.102564 , 0.747064
0.974359 , 0.128205 , 0.747315
0.974359 , 0.153846 , 0.748130
0.974359 , 0.179487 , 0.749432
0.974359 , 0.205128 , 0.750599
0.974359 , 0.230769 , 0.752186
0.974359 , 0.256410 , 0.754991
0.974359 , 0.282051 , 0.758245
0.974359 , 0.307692 , 0.762819
0.974359 , 0.333333 , 0.768423
0.974359 , 0.358974 , 0.775412
0.974359 , 0.384615 , 0.783126
0.974359 , 0.410256 , 0.791779
0.974359 , 0.435897 , 0.801122
0.974359 , 0.461538 , 0.812150
0.974359 , 0.487179 , 0.824783
0.974359 , 0.512821 , 0.838336
0.974359 , 0.538462 , 0.852159
0.974359 , 0.564103 , 0.866573
0.974359 , 0.589744 , 0.880982
0.974359 , 0.615385 , 0.895390
0.974359 , 0.641026 , 0.910544
0.974359 , 0.666667 , 0.926140
0.974359 , 0.692308 , 0.941356
0.974359 , 0.717949 , 0.956288
0.974359 , 0.743590 , 0.970206
0.974359 , 0.769231 , 0.983019
0.974359 , 0.794872 , 0.994342
0.974359 , 0.820513 , 1.004215
0.974359 , 0.846154 , 1.012272
0.974359 , 0.871795 , 1.018807
0.974359 , 0.897436 , 1.024457
0.974359 , 0.923077 , 1.028851
0.974359 , 0.948718 , 1.032469
0.974359 , 0.974359 , 1.035253
0.974359 , 1.000000 , 1.035802
1.000000 , 0.000000 , 0.745575
1.000000 , 0.025641 , 0.745110
1.000000 , 0.051282 , 0.744830
1.000000 , 0.076923 , 0.744668
1.000000 , 0.102564 , 0.744670
1.000000 , 0.128205 , 0.745039
1.000000 , 0.153846 , 0.745505
1.000000 , 0.179487 , 0.746801
1.000000 , 0.205128 , 0.748072
1.000000 , 0.230769 , 0.749846
1.000000 , 0.256410 , 0.752878
1.000000 , 0.282051 , 0.756750
1.000000 , 0.307692 , 0.760865
1.000000 , 0.333333 , 0.766907
1.000000 , 0.358974 , 0.773897
1.000000 , 0.384615 , 0.781808
1.000000 , 0.410256 , 0.790201
1.000000 , 0.435897 , 0.799757
1.000000 , 0.461538 , 0.810752
1.000000 , 0.487179 , 0.822905
1.000000 , 0.512821 , 0.836491
1.000000 , 0.538462 , 0.850717
1.000000 , 0.564103 , 0.865146
1.000000 , 0.589744 , 0.879280
1.000000 , 0.615385 , 0.893586
1.000000 , 0.641026 , 0.907894
1.000000 , 0.666667 , 0.923850
1.000000 , 0.692308 , 0.939042
1.000000 , 0.717949 , 0.953981
1.000000 , 0.743590 , 0.967676
1.000000 , 0.769231 , 0.980460
1.000000 , 0.794872 , 0.991984
1.000000 , 0.820513 , 1.001666
1.000000 , 0.846154 , 1.009657
1.000000 , 0.871795 , 1.016348
1.000000 , 0.897436 , 1.021620
1.000000 , 0.923077 , 1.025889
1.000000 , 0.948718 , 1.029157
1.000000 , 0.974359 , 1.031808
1.000000 , 1.000000 , 1.032409
