0.000000 , 0.000000 , 3.236069
0.000000 , 0.025641 , 3.236069
0.000000 , 0.051282 , 3.236069
0.000000 , 0.076923 , 3.236069
0.000000 , 0.102564 , 3.236069
0.000000 , 0.128205 , 3.236069
0.000000 , 0.153846 , 3.236069
0.000000 , 0.179487 , 3.236069
0.000000 , 0.205128 , 3.236069
0.000000 , 0.230769 , 3.236069
0.000000 , 0.256410 , 3.236069
0.000000 , 0.282051 , 3.236069
0.000000 , 0.307692 , 3.236069
0.000000 , 0.333333 , 3.236069
0.000000 , 0.358974 , 3.236069
0.000000 , 0.384615 , 3.236069
0.000000 , 0.410256 , 3.236069
0.000000 , 0.435897 , 3.236069
0.000000 , 0.461538 , 3.236069
0.000000 , 0.487179 , 3.236069
0.000000 , 0.512821 , 3.236069
0.000000 , 0.538462 , 3.236069
0.000000 , 0.564103 , 3.236069
0.000000 , 0.589744 , 3.236069
0.000000 , 0.615385 , 3.236069
0.000000 , 0.641026 , 3.236069
0.000000 , 0.666667 , 3.236069
0.000000 , 0.692308 , 3.236069
0.000000 , 0.717949 , 3.236069
0.000000 , 0.743590 , 3.236069
0.000000 , 0.769231 , 3.236069
0.000000 , 0.794872 , 3.236069
0.000000 , 0.820513 , 3.236069
0.000000 , 0.846154 , 3.236069
0.000000 , 0.871795 , 3.236069
0.000000 , 0.897436 , 3.236069
0.000000 , 0.923077 , 3.236069
0.000000 , 0.948718 , 3.236069
0.000000 , 0.974359 , 3.236069
0.000000 , 1.000000 , 3.236069
0.025641 , 0.000000 , 2.992466
0.025641 , 0.025641 , 2.992299
0.025641 , 0.051282 , 2.991943
0.025641 , 0.076923 , 2.991985
0.025641 , 0.102564 , 2.991968
0.025641 , 0.128205 , 2.992239
0.025641 , 0.153846 , 2.992611
0.025641 , 0.179487 , 2.993088
0.025641 , 0.205128 , 2.993449
0.025641 , 0.230769 , 2.993450
0.025641 , 0.256410 , 2.992682
0.025641 , 0.282051 , 2.991412
0.025641 , 0.307692 , 2.989391
0.025641 , 0.333333 , 2.988276
0.025641 , 0.358974 , 2.986009
0.025641 , 0.384615 , 2.983687
0.025641 , 0.410256 , 2.981888
0.025641 , 0.435897 , 2.979441
0.025641 , 0.461538 , 2.976855
0.025641 , 0.487179 , 2.974191
0.025641 , 0.512821 , 2.972330
0.025641 , 0.538462 , 2.970126
0.025641 , 0.564103 , 2.968036
0.025641 , 0.589744 , 2.966130
0.025641 , 0.615385 , 2.964360
0.025641 , 0.641026 , 2.962335
0.025641 , 0.666667 , 2.960419
0.025641 , 0.692308 , 2.959656
0.025641 , 0.717949 , 2.958540
0.025641 , 0.743590 , 2.957754
0.025641 , 0.769231 , 2.957435
0.025641 , 0.794872 , 2.956522
0.025641 , 0.820513 , 2.955675
0.025641 , 0.846154 , 2.955355
0.025641 , 0.871795 , 2.955205
0.025641 , 0.897436 , 2.955006
0.025641 , 0.923077 , 2.954843
0.025641 , 0.948718 , 2.954823
0.025641 , 0.974359 , 2.955010
0.025641 , 1.000000 , 2.955216
0.051282 , 0.000000 , 2.755356
0.051282 , 0.025641 , 2.755490
0.051282 , 0.051282 , 2.755603
0.051282 , 0.076923 , 2.756370
0.051282 , 0.102564 , 2.757120
0.051282 , 0.128205 , 2.757173
0.051282 , 0.153846 , 2.758084
0.051282 , 0.179487 , 2.759092
0.051282 , 0.205128 , 2.759578
0.051282 , 0.230769 , 2.759179
0.051282 , 0.256410 , 2.757606
0.051282 , 0.282051 , 2.755374
0.051282 , 0.307692 , 2.752174
0.051282 , 0.333333 , 2.749079
0.051282 , 0.358974 , 2.745132
0.051282 , 0.384615 , 2.740631
0.051282 , 0.410256 , 2.736795
0.051282 , 0.435897 , 2.732745
0.051282 , 0.461538 , 2.727480
0.051282 , 0.487179 , 2.722770
0.051282 , 0.512821 , 2.718268
0.051282 , 0.538462 , 2.713687
0.051282 , 0.564103 , 2.709549
0.051282 , 0.589744 , 2.706066
0.051282 , 0.615385 , 2.702571
0.051282 , 0.641026 , 2.699056
0.051282 , 0.666667 , 2.695985
0.051282 , 0.692308 , 2.693794
0.051282 , 0.717949 , 2.692033
0.051282 , 0.743590 , 2.690299
0.051282 , 0.769231 , 2.688811
0.051282 , 0.794872 , 2.687245
0.051282 , 0.820513 , 2.686517
0.051282 , 0.846154 , 2.685578
0.051282 , 0.871795 , 2.684893
0.051282 , 0.897436 , 2.684449
0.051282 , 0.923077 , 2.684813
0.051282 , 0.948718 , 2.683995
0.051282 , 0.974359 , 2.684432
0.051282 , 1.000000 , 2.684735
0.076923 , 0.000000 , 2.526659
0.076923 , 0.025641 , 2.526990
0.076923 , 0.051282 , 2.527446
0.076923 , 0.076923 , 2.528419
0.076923 , 0.102564 , 2.530053
0.076923 , 0.128205 , 2.531352
0.076923 , 0.153846 , 2.532623
0.076923 , 0.179487 , 2.533867
0.076923 , 0.205128 , 2.534093
0.076923 , 0.230769 , 2.532963
0.076923 , 0.256410 , 2.530507
0.076923 , 0.282051 , 2.527296
0.076923 , 0.307692 , 2.523570
0.076923 , 0.333333 , 2.518639
0.076923 , 0.358974 , 2.512795
0.076923 , 0.384615 , 2.507178
0.076923 , 0.410256 , 2.501204
0.076923 , 0.435897 , 2.495224
0.076923 , 0.461538 , 2.488321
0.076923 , 0.487179 , 2.481254
0.076923 , 0.512821 , 2.474564
0.076923 , 0.538462 , 2.467633
0.076923 , 0.564103 , 2.461476
0.076923 , 0.589744 , 2.455909
0.076923 , 0.615385 , 2.450864
0.076923 , 0.641026 , 2.445812
0.076923 , 0.666667 , 2.441397
0.076923 , 0.692308 , 2.438051
0.076923 , 0.717949 , 2.435521
0.076923 , 0.743590 , 2.433604
0.076923 , 0.769231 , 2.431692
0.076923 , 0.794872 , 2.429768
0.076923 , 0.820513 , 2.428064
0.076923 , 0.846154 , 2.427171
0.076923 , 0.871795 , 2.425646
0.076923 , 0.897436 , 2.424813
0.076923 , 0.923077 , 2.424204
0.076923 , 0.948718 , 2.424250
0.076923 , 0.974359 , 2.424468
0.076923 , 1.000000 , 2.425006
0.102564 , 0.000000 , 2.305778
0.102564 , 0.025641 , 2.306160
0.102564 , 0.051282 , 2.307546
0.102564 , 0.076923 , 2.308955
0.102564 , 0.102564 , 2.310705
0.102564 , 0.128205 , 2.312595
0.102564 , 0.153846 , 2.314395
0.102564 , 0.179487 , 2.315670
0.102564 , 0.205128 , 2.315592
0.102564 , 0.230769 , 2.314285
0.102564 , 0.256410 , 2.311661
0.102564 , 0.282051 , 2.307863
0.102564 , 0.307692 , 2.302557
0.102564 , 0.333333 , 2.296579
0.102564 , 0.358974 , 2.289552
0.102564 , 0.384615 , 2.282391
0.102564 , 0.410256 , 2.275092
0.102564 , 0.435897 , 2.267257
0.102564 , 0.461538 , 2.259030
0.102564 , 0.487179 , 2.250109
0.102564 , 0.512821 , 2.241027
0.102564 , 0.538462 , 2.232217
0.102564 , 0.564103 , 2.223887
0.102564 , 0.589744 , 2.216469
0.102564 , 0.615385 , 2.210009
0.102564 , 0.641026 , 2.203486
0.102564 , 0.666667 , 2.197931
0.102564 , 0.692308 , 2.193991
0.102564 , 0.717949 , 2.190908
0.102564 , 0.743590 , 2.188661
0.102564 , 0.769231 , 2.186114
0.102564 , 0.794872 , 2.183552
0.102564 , 0.820513 , 2.181125
0.102564 , 0.846154 , 2.179673
0.102564 , 0.871795 , 2.178215
0.102564 , 0.897436 , 2.176489
0.102564 , 0.923077 , 2.175590
0.102564 , 0.948718 , 2.174977
0.102564 , 0.974359 , 2.175361
0.102564 , 1.000000 , 2.175566
0.128205 , 0.000000 , 2.092281
0.128205 , 0.025641 , 2.092978
0.128205 , 0.051282 , 2.095078
0.128205 , 0.076923 , 2.097186
0.128205 , 0.102564 , 2.098530
0.128205 , 0.128205 , 2.100804
0.128205 , 0.153846 , 2.103033
0.128205 , 0.179487 , 2.104509
0.128205 , 0.205128 , 2.104520
0.128205 , 0.230769 , 2.102488
0.128205 , 0.256410 , 2.099581
0.128205 , 0.282051 , 2.096253
0.128205 , 0.307692 , 2.090648
0.128205 , 0.333333 , 2.083610
0.128205 , 0.358974 , 2.075877
0.128205 , 0.384615 , 2.066942
0.128205 , 0.410256 , 2.057938
0.128205 , 0.435897 , 2.048378
0.128205 , 0.461538 , 2.038657
0.128205 , 0.487179 , 2.028594
0.128205 , 0.512821 , 2.017920
0.128205 , 0.538462 , 2.006494
0.128205 , 0.564103 , 1.996392
0.128205 , 0.589744 , 1.987949
0.128205 , 0.615385 , 1.979847
0.128205 , 0.641026 , 1.971631
0.128205 , 0.666667 , 1.965186
0.128205 , 0.692308 , 1.960691
0.128205 , 0.717949 , 1.957062
0.128205 , 0.743590 , 1.954492
0.128205 , 0.769231 , 1.951180
0.128205 , 0.794872 , 1.947884
0.128205 , 0.820513 , 1.944745
0.128205 , 0.846154 , 1.942194
0.128205 , 0.871795 , 1.940244
0.128205 , 0.897436 , 1.939259
0.128205 , 0.923077 , 1.938314
0.128205 , 0.948718 , 1.937658
0.128205 , 0.974359 , 1.937961
0.128205 , 1.000000 , 1.938135
0.153846 , 0.000000 , 1.886991
0.153846 , 0.025641 , 1.887580
0.153846 , 0.051282 , 1.890514
0.153846 , 0.076923 , 1.893154
0.153846 , 0.102564 , 1.895331
0.153846 , 0.128205 , 1.897116
0.153846 , 0.153846 , 1.899281
0.153846 , 0.179487 , 1.900545
0.153846 , 0.205128 , 1.901130
0.153846 , 0.230769 , 1.900098
0.153846 , 0.256410 , 1.896260
0.153846 , 0.282051 , 1.892700
0.153846 , 0.307692 , 1.887374
0.153846 , 0.333333 , 1.880167
0.153846 , 0.358974 , 1.870667
0.153846 , 0.384615 , 1.859346
0.153846 , 0.410256 , 1.849011
0.153846 , 0.435897 , 1.838969
0.153846 , 0.461538 , 1.828653
0.153846 , 0.487179 , 1.817061
0.153846 , 0.512821 , 1.804815
0.153846 , 0.538462 , 1.792043
0.153846 , 0.564103 , 1.780152
0.153846 , 0.589744 , 1.769887
0.153846 , 0.615385 , 1.759693
0.153846 , 0.641026 , 1.750148
0.153846 , 0.666667 , 1.742709
0.153846 , 0.692308 , 1.737454
0.153846 , 0.717949 , 1.733588
0.153846 , 0.743590 , 1.730227
0.153846 , 0.769231 , 1.727699
0.153846 , 0.794872 , 1.723318
0.153846 , 0.820513 , 1.719111
0.153846 , 0.846154 , 1.716184
0.153846 , 0.871795 , 1.714423
0.153846 , 0.897436 , 1.713396
0.153846 , 0.923077 , 1.712506
0.153846 , 0.948718 , 1.712641
0.153846 , 0.974359 , 1.712933
0.153846 , 1.000000 , 1.712756
0.179487 , 0.000000 , 1.690412
0.179487 , 0.025641 , 1.690718
0.179487 , 0.051282 , 1.693620
0.179487 , 0.076923 , 1.696789
0.179487 , 0.102564 , 1.700015
0.179487 , 0.128205 , 1.702316
0.179487 , 0.153846 , 1.703741
0.179487 , 0.179487 , 1.705185
0.179487 , 0.205128 , 1.705435
0.179487 , 0.230769 , 1.705101
0.179487 , 0.256410 , 1.701975
0.179487 , 0.282051 , 1.698021
0.179487 , 0.307692 , 1.692177
0.179487 , 0.333333 , 1.684484
0.179487 , 0.358974 , 1.674441
0.179487 , 0.384615 , 1.662119
0.179487 , 0.410256 , 1.650113
0.179487 , 0.435897 , 1.638805
0.179487 , 0.461538 , 1.627223
0.179487 , 0.487179 , 1.614440
0.179487 , 0.512821 , 1.601442
0.179487 , 0.538462 , 1.587884
0.179487 , 0.564103 , 1.574324
0.179487 , 0.589744 , 1.561999
0.179487 , 0.615385 , 1.550959
0.179487 , 0.641026 , 1.540622
0.179487 , 0.666667 , 1.532406
0.179487 , 0.692308 , 1.526323
0.179487 , 0.717949 , 1.521848
0.179487 , 0.743590 , 1.517885
0.179487 , 0.769231 , 1.513553
0.179487 , 0.794872 , 1.509343
0.179487 , 0.820513 , 1.504923
0.179487 , 0.846154 , 1.501860
0.179487 , 0.871795 , 1.499260
0.179487 , 0.897436 , 1.498584
0.179487 , 0.923077 , 1.497873
0.179487 , 0.948718 , 1.498746
0.179487 , 0.974359 , 1.499560
0.179487 , 1.000000 , 1.498834
0.205128 , 0.000000 , 1.500303
0.205128 , 0.025641 , 1.501041
0.205128 , 0.051282 , 1.504047
0.205128 , 0.076923 , 1.507317
0.205128 , 0.102564 , 1.511048
0.205128 , 0.128205 , 1.513593
0.205128 , 0.153846 , 1.514690
0.205128 , 0.179487 , 1.515715
0.205128 , 0.205128 , 1.516280
0.205128 , 0.230769 , 1.516174
0.205128 , 0.256410 , 1.513837
0.205128 , 0.282051 , 1.509652
0.205128 , 0.307692 , 1.503326
0.205128 , 0.333333 , 1.495448
0.205128 , 0.358974 , 1.485041
0.205128 , 0.384615 , 1.473251
0.205128 , 0.410256 , 1.461026
0.205128 , 0.435897 , 1.447702
0.205128 , 0.461538 , 1.434513
0.205128 , 0.487179 , 1.420826
0.205128 , 0.512821 , 1.407515
0.205128 , 0.538462 , 1.393953
0.205128 , 0.564103 , 1.379437
0.205128 , 0.589744 , 1.365780
0.205128 , 0.615385 , 1.354203
0.205128 , 0.641026 , 1.343054
0.205128 , 0.666667 , 1.333668
0.205128 , 0.692308 , 1.326662
0.205128 , 0.717949 , 1.321446
0.205128 , 0.743590 , 1.316587
0.205128 , 0.769231 , 1.312299
0.205128 , 0.794872 , 1.307453
0.205128 , 0.820513 , 1.302669
0.205128 , 0.846154 , 1.299176
0.205128 , 0.871795 , 1.297616
0.205128 , 0.897436 , 1.297208
0.205128 , 0.923077 , 1.296532
0.205128 , 0.948718 , 1.296275
0.205128 , 0.974359 , 1.297290
0.205128 , 1.000000 , 1.297117
0.230769 , 0.000000 , 1.317226
0.230769 , 0.025641 , 1.318129
0.230769 , 0.051282 , 1.321795
0.230769 , 0.076923 , 1.325136
0.230769 , 0.102564 , 1.328751
0.230769 , 0.128205 , 1.331295
0.230769 , 0.153846 , 1.332513
0.230769 , 0.179487 , 1.333547
0.230769 , 0.205128 , 1.333911
0.230769 , 0.230769 , 1.334015
0.230769 , 0.256410 , 1.332053
0.230769 , 0.282051 , 1.328045
0.230769 , 0.307692 , 1.320988
0.230769 , 0.333333 , 1.312317
0.230769 , 0.358974 , 1.302075
0.230769 , 0.384615 , 1.290908
0.230769 , 0.410256 , 1.278367
0.230769 , 0.435897 , 1.264870
0.230769 , 0.461538 , 1.251262
0.230769 , 0.487179 , 1.237523
0.230769 , 0.512821 , 1.223776
0.230769 , 0.538462 , 1.209321
0.230769 , 0.564103 , 1.194422
0.230769 , 0.589744 , 1.180015
0.230769 , 0.615385 , 1.167434
0.230769 , 0.641026 , 1.156241
0.230769 , 0.666667 , 1.146280
0.230769 , 0.692308 , 1.138436
0.230769 , 0.717949 , 1.131892
0.230769 , 0.743590 , 1.126357
0.230769 , 0.769231 , 1.121358
0.230769 , 0.794872 , 1.116913
0.230769 , 0.820513 , 1.112735
0.230769 , 0.846154 , 1.109169
0.230769 , 0.871795 , 1.107909
0.230769 , 0.897436 , 1.107027
0.230769 , 0.923077 , 1.106253
0.230769 , 0.948718 , 1.105468
0.230769 , 0.974359 , 1.105566
0.230769 , 1.000000 , 1.105964
0.256410 , 0.000000 , 1.142575
0.256410 , 0.025641 , 1.143747
0.256410 , 0.051282 , 1.146805
0.256410 , 0.076923 , 1.150543
0.256410 , 0.102564 , 1.154095
0.256410 , 0.128205 , 1.156529
0.256410 , 0.153846 , 1.157942
0.256410 , 0.179487 , 1.158886
0.256410 , 0.205128 , 1.158883
0.256410 , 0.230769 , 1.158242
0.256410 , 0.256410 , 1.156287
0.256410 , 0.282051 , 1.152281
0.256410 , 0.307692 , 1.145476
0.256410 , 0.333333 , 1.136611
0.256410 , 0.358974 , 1.126089
0.256410 , 0.384615 , 1.115187
0.256410 , 0.410256 , 1.102713
0.256410 , 0.435897 , 1.089531
0.256410 , 0.461538 , 1.076068
0.256410 , 0.487179 , 1.062106
0.256410 , 0.512821 , 1.047728
0.256410 , 0.538462 , 1.032924
0.256410 , 0.564103 , 1.017905
0.256410 , 0.589744 , 1.003897
0.256410 , 0.615385 , 0.990959
0.256410 , 0.641026 , 0.979243
0.256410 , 0.666667 , 0.968282
0.256410 , 0.692308 , 0.959517
0.256410 , 0.717949 , 0.952795
0.256410 , 0.743590 , 0.946633
0.256410 , 0.769231 , 0.942016
0.256410 , 0.794872 , 0.937781
0.256410 , 0.820513 , 0.933719
0.256410 , 0.846154 , 0.930072
0.256410 , 0.871795 , 0.928933
0.256410 , 0.897436 , 0.928066
0.256410 , 0.923077 , 0.927508
0.256410 , 0.948718 , 0.926147
0.256410 , 0.974359 , 0.925623
0.256410 , 1.000000 , 0.925659
0.282051 , 0.000000 , 0.974663
0.282051 , 0.025641 , 0.976058
0.282051 , 0.051282 , 0.979026
0.282051 , 0.076923 , 0.982017
0.282051 , 0.102564 , 0.985416
0.282051 , 0.128205 , 0.988134
0.282051 , 0.153846 , 0.989695
0.282051 , 0.179487 , 0.990178
0.282051 , 0.205128 , 0.989934
0.282051 , 0.230769 , 0.988700
0.282051 , 0.256410 , 0.985888
0.282051 , 0.282051 , 0.981413
0.282051 , 0.307692 , 0.975470
0.282051 , 0.333333 , 0.967505
0.282051 , 0.358974 , 0.957570
0.282051 , 0.384615 , 0.946603
0.282051 , 0.410256 , 0.934391
0.282051 , 0.435897 , 0.921908
0.282051 , 0.461538 , 0.908972
0.282051 , 0.487179 , 0.895092
0.282051 , 0.512821 , 0.880851
0.282051 , 0.538462 , 0.866222
0.282051 , 0.564103 , 0.851622
0.282051 , 0.589744 , 0.838404
0.282051 , 0.615385 , 0.825650
0.282051 , 0.641026 , 0.813277
0.282051 , 0.666667 , 0.801652
0.282051 , 0.692308 , 0.792313
0.282051 , 0.717949 , 0.785174
0.282051 , 0.743590 , 0.779243
0.282051 , 0.769231 , 0.773815
0.282051 , 0.794872 , 0.769335
0.282051 , 0.820513 , 0.765934
0.282051 , 0.846154 , 0.762357
0.282051 , 0.871795 , 0.760625
0.282051 , 0.897436 , 0.759276
0.282051 , 0.923077 , 0.758922
0.282051 , 0.948718 , 0.758078
0.282051 , 0.974359 , 0.757311
0.282051 , 1.000000 , 0.757171
0.307692 , 0.000000 , 0.813728
0.307692 , 0.025641 , 0.814717
0.307692 , 0.051282 , 0.817328
0.307692 , 0.076923 , 0.819992
0.307692 , 0.102564 , 0.822817
0.307692 , 0.128205 , 0.824980
0.307692 , 0.153846 , 0.826210
0.307692 , 0.179487 , 0.826518
0.307692 , 0.205128 , 0.825990
0.307692 , 0.230769 , 0.824573
0.307692 , 0.256410 , 0.821957
0.307692 , 0.282051 , 0.816647
0.307692 , 0.307692 , 0.810754
0.307692 , 0.333333 , 0.804113
0.307692 , 0.358974 , 0.795322
0.307692 , 0.384615 , 0.784503
0.307692 , 0.410256 , 0.772727
0.307692 , 0.435897 , 0.760961
0.307692 , 0.461538 , 0.749685
0.307692 , 0.487179 , 0.736634
0.307692 , 0.512821 , 0.723027
0.307692 , 0.538462 , 0.709394
0.307692 , 0.564103 , 0.695370
0.307692 , 0.589744 , 0.682114
0.307692 , 0.615385 , 0.669323
0.307692 , 0.641026 , 0.657125
0.307692 , 0.666667 , 0.646198
0.307692 , 0.692308 , 0.636656
0.307692 , 0.717949 , 0.628410
0.307692 , 0.743590 , 0.621703
0.307692 , 0.769231 , 0.616421
0.307692 , 0.794872 , 0.611801
0.307692 , 0.820513 , 0.608462
0.307692 , 0.846154 , 0.605456
0.307692 , 0.871795 , 0.602931
0.307692 , 0.897436 , 0.601076
0.307692 , 0.923077 , 0.600685
0.307692 , 0.948718 , 0.600091
0.307692 , 0.974359 , 0.600008
0.307692 , 1.000000 , 0.599171
0.333333 , 0.000000 , 0.659366
0.333333 , 0.025641 , 0.660433
0.333333 , 0.051282 , 0.662145
0.333333 , 0.076923 , 0.664331
0.333333 , 0.102564 , 0.666399
0.333333 , 0.128205 , 0.667457
0.333333 , 0.153846 , 0.668314
0.333333 , 0.179487 , 0.667929
0.333333 , 0.205128 , 0.666810
0.333333 , 0.230769 , 0.665586
0.333333 , 0.256410 , 0.663474
0.333333 , 0.282051 , 0.658990
0.333333 , 0.307692 , 0.653122
0.333333 , 0.333333 , 0.646382
0.333333 , 0.358974 , 0.639098
0.333333 , 0.384615 , 0.630029
0.333333 , 0.410256 , 0.619694
0.333333 , 0.435897 , 0.608060
0.333333 , 0.461538 , 0.597736
0.333333 , 0.487179 , 0.586371
0.333333 , 0.512821 , 0.573838
0.333333 , 0.538462 , 0.561029
0.333333 , 0.564103 , 0.547822
0.333333 , 0.589744 , 0.534774
0.333333 , 0.615385 , 0.522880
0.333333 , 0.641026 , 0.511399
0.333333 , 0.666667 , 0.500866
0.333333 , 0.692308 , 0.491132
0.333333 , 0.717949 , 0.482337
0.333333 , 0.743590 , 0.474674
0.333333 , 0.769231 , 0.468905
0.333333 , 0.794872 , 0.464320
0.333333 , 0.820513 , 0.461058
0.333333 , 0.846154 , 0.457284
0.333333 , 0.871795 , 0.454724
0.333333 , 0.897436 , 0.453392
0.333333 , 0.923077 , 0.453078
0.333333 , 0.948718 , 0.452592
0.333333 , 0.974359 , 0.452538
0.333333 , 1.000000 , 0.451814
0.358974 , 0.000000 , 0.511646
0.358974 , 0.025641 , 0.512167
0.358974 , 0.051282 , 0.513299
0.358974 , 0.076923 , 0.514578
0.358974 , 0.102564 , 0.515909
0.358974 , 0.128205 , 0.516429
0.358974 , 0.153846 , 0.516035
0.358974 , 0.179487 , 0.514564
0.358974 , 0.205128 , 0.512759
0.358974 , 0.230769 , 0.511803
0.358974 , 0.256410 , 0.510981
0.358974 , 0.282051 , 0.507300
0.358974 , 0.307692 , 0.502282
0.358974 , 0.333333 , 0.496142
0.358974 , 0.358974 , 0.489412
0.358974 , 0.384615 , 0.481925
0.358974 , 0.410256 , 0.473046
0.358974 , 0.435897 , 0.463239
0.358974 , 0.461538 , 0.453596
0.358974 , 0.487179 , 0.443385
0.358974 , 0.512821 , 0.432412
0.358974 , 0.538462 , 0.420737
0.358974 , 0.564103 , 0.408817
0.358974 , 0.589744 , 0.396841
0.358974 , 0.615385 , 0.385448
0.358974 , 0.641026 , 0.375200
0.358974 , 0.666667 , 0.365557
0.358974 , 0.692308 , 0.355915
0.358974 , 0.717949 , 0.346216
0.358974 , 0.743590 , 0.338491
0.358974 , 0.769231 , 0.332296
0.358974 , 0.794872 , 0.327409
0.358974 , 0.820513 , 0.323889
0.358974 , 0.846154 , 0.320248
0.358974 , 0.871795 , 0.317664
0.358974 , 0.897436 , 0.316237
0.358974 , 0.923077 , 0.315204
0.358974 , 0.948718 , 0.314746
0.358974 , 0.974359 , 0.314804
0.358974 , 1.000000 , 0.314169
0.384615 , 0.000000 , 0.369869
0.384615 , 0.025641 , 0.370182
0.384615 , 0.051282 , 0.370994
0.384615 , 0.076923 , 0.371202
0.384615 , 0.102564 , 0.371119
0.384615 , 0.128205 , 0.371771
0.384615 , 0.153846 , 0.371190
0.384615 , 0.179487 , 0.369143
0.384615 , 0.205128 , 0.366900
0.384615 , 0.230769 , 0.365303
0.384615 , 0.256410 , 0.364468
0.384615 , 0.282051 , 0.362342
0.384615 , 0.307692 , 0.358360
0.384615 , 0.333333 , 0.352999
0.384615 , 0.358974 , 0.346533
0.384615 , 0.384615 , 0.340382
0.384615 , 0.410256 , 0.333445
0.384615 , 0.435897 , 0.325519
0.384615 , 0.461538 , 0.316848
0.384615 , 0.487179 , 0.307403
0.384615 , 0.512821 , 0.297879
0.384615 , 0.538462 , 0.288123
0.384615 , 0.564103 , 0.277417
0.384615 , 0.589744 , 0.267148
0.384615 , 0.615385 , 0.257205
0.384615 , 0.641026 , 0.247620
0.384615 , 0.666667 , 0.238208
0.384615 , 0.692308 , 0.229228
0.384615 , 0.717949 , 0.220029
0.384615 , 0.743590 , 0.211990
0.384615 , 0.769231 , 0.205334
0.384615 , 0.794872 , 0.200595
0.384615 , 0.820513 , 0.197199
0.384615 , 0.846154 , 0.193518
0.384615 , 0.871795 , 0.190462
0.384615 , 0.897436 , 0.188858
0.384615 , 0.923077 , 0.186890
0.384615 , 0.948718 , 0.186030
0.384615 , 0.974359 , 0.185776
0.384615 , 1.000000 , 0.185554
0.410256 , 0.000000 , 0.234991
0.410256 , 0.025641 , 0.234926
0.410256 , 0.051282 , 0.234921
0.410256 , 0.076923 , 0.233845
0.410256 , 0.102564 , 0.232833
0.410256 , 0.128205 , 0.232381
0.410256 , 0.153846 , 0.231596
0.410256 , 0.179487 , 0.230913
0.410256 , 0.205128 , 0.228952
0.410256 , 0.230769 , 0.227198
0.410256 , 0.256410 , 0.225620
0.410256 , 0.282051 , 0.223681
0.410256 , 0.307692 , 0.219696
0.410256 , 0.333333 , 0.215052
0.410256 , 0.358974 , 0.209798
0.410256 , 0.384615 , 0.204925
0.410256 , 0.410256 , 0.199630
0.410256 , 0.435897 , 0.193585
0.410256 , 0.461538 , 0.186711
0.410256 , 0.487179 , 0.178700
0.410256 , 0.512821 , 0.170022
0.410256 , 0.538462 , 0.162014
0.410256 , 0.564103 , 0.153102
0.410256 , 0.589744 , 0.144819
0.410256 , 0.615385 , 0.136618
0.410256 , 0.641026 , 0.128327
0.410256 , 0.666667 , 0.119863
0.410256 , 0.692308 , 0.111122
0.410256 , 0.717949 , 0.102583
0.410256 , 0.743590 , 0.094531
0.410256 , 0.769231 , 0.087970
0.410256 , 0.794872 , 0.083230
0.410256 , 0.820513 , 0.079607
0.410256 , 0.846154 , 0.076430
0.410256 , 0.871795 , 0.073764
0.410256 , 0.897436 , 0.071494
0.410256 , 0.923077 , 0.068696
0.410256 , 0.948718 , 0.067021
0.410256 , 0.974359 , 0.066356
0.410256 , 1.000000 , 0.066417
0.435897 , 0.000000 , 0.105262
0.435897 , 0.025641 , 0.105200
0.435897 , 0.051282 , 0.104780
0.435897 , 0.076923 , 0.103132
0.435897 , 0.102564 , 0.101518
0.435897 , 0.128205 , 0.100706
0.435897 , 0.153846 , 0.098717
0.435897 , 0.179487 , 0.098364
0.435897 , 0.205128 , 0.097160
0.435897 , 0.230769 , 0.095390
0.435897 , 0.256410 , 0.093876
0.435897 , 0.282051 , 0.091841
0.435897 , 0.307692 , 0.087954
0.435897 , 0.333333 , 0.084195
0.435897 , 0.358974 , 0.080105
0.435897 , 0.384615 , 0.076389
0.435897 , 0.410256 , 0.072563
0.435897 , 0.435897 , 0.067949
0.435897 , 0.461538 , 0.062593
0.435897 , 0.487179 , 0.056302
0.435897 , 0.512821 , 0.049286
0.435897 , 0.538462 , 0.042328
0.435897 , 0.564103 , 0.036091
0.435897 , 0.589744 , 0.029548
0.435897 , 0.615385 , 0.023221
0.435897 , 0.641026 , 0.016122
0.435897 , 0.666667 , 0.009052
0.435897 , 0.692308 , 0.001863
0.435897 , 0.717949 , -0.005679
0.435897 , 0.743590 , -0.013254
0.435897 , 0.769231 , -0.019550
0.435897 , 0.794872 , -0.024172
0.435897 , 0.820513 , -0.027437
0.435897 , 0.846154 , -0.030972
0.435897 , 0.871795 , -0.033936
0.435897 , 0.897436 , -0.036455
0.435897 , 0.923077 , -0.039929
0.435897 , 0.948718 , -0.042073
0.435897 , 0.974359 , -0.042789
0.435897 , 1.000000 , -0.043093
0.461538 , 0.000000 , -0.019051
0.461538 , 0.025641 , -0.019116
0.461538 , 0.051282 , -0.019698
0.461538 , 0.076923 , -0.021421
0.461538 , 0.102564 , -0.023067
0.461538 , 0.128205 , -0.025224
0.461538 , 0.153846 , -0.026811
0.461538 , 0.179487 , -0.027769
0.461538 , 0.205128 , -0.029059
0.461538 , 0.230769 , -0.030382
0.461538 , 0.256410 , -0.031639
0.461538 , 0.282051 , -0.034028
0.461538 , 0.307692 , -0.037559
0.461538 , 0.333333 , -0.040537
0.461538 , 0.358974 , -0.043254
0.461538 , 0.384615 , -0.046248
0.461538 , 0.410256 , -0.048901
0.461538 , 0.435897 , -0.051823
0.461538 , 0.461538 , -0.055406
0.461538 , 0.487179 , -0.059613
0.461538 , 0.512821 , -0.064403
0.461538 , 0.538462 , -0.069435
0.461538 , 0.564103 , -0.073926
0.461538 , 0.589744 , -0.078753
0.461538 , 0.615385 , -0.083485
0.461538 , 0.641026 , -0.089163
0.461538 , 0.666667 , -0.094404
0.461538 , 0.692308 , -0.099851
0.461538 , 0.717949 , -0.105591
0.461538 , 0.743590 , -0.112705
0.461538 , 0.769231 , -0.118681
0.461538 , 0.794872 , -0.123213
0.461538 , 0.820513 , -0.126884
0.461538 , 0.846154 , -0.130634
0.461538 , 0.871795 , -0.133965
0.461538 , 0.897436 , -0.136932
0.461538 , 0.923077 , -0.139752
0.461538 , 0.948718 , -0.141663
0.461538 , 0.974359 , -0.142575
0.461538 , 1.000000 , -0.142748
0.487179 , 0.000000 , -0.136361
0.487179 , 0.025641 , -0.137061
0.487179 , 0.051282 , -0.137807
0.487179 , 0.076923 , -0.139555
0.487179 , 0.102564 , -0.142207
0.487179 , 0.128205 , -0.144578
0.487179 , 0.153846 , -0.146576
0.487179 , 0.179487 , -0.147654
0.487179 , 0.205128 , -0.148509
0.487179 , 0.230769 , -0.150338
0.487179 , 0.256410 , -0.151736
0.487179 , 0.282051 , -0.154300
0.487179 , 0.307692 , -0.156968
0.487179 , 0.333333 , -0.158731
0.487179 , 0.358974 , -0.160289
0.487179 , 0.384615 , -0.162226
0.487179 , 0.410256 , -0.163857
0.487179 , 0.435897 , -0.165571
0.487179 , 0.461538 , -0.167405
0.487179 , 0.487179 , -0.169514
0.487179 , 0.512821 , -0.172006
0.487179 , 0.538462 , -0.174913
0.487179 , 0.564103 , -0.177457
0.487179 , 0.589744 , -0.179873
0.487179 , 0.615385 , -0.183046
0.487179 , 0.641026 , -0.186930
0.487179 , 0.666667 , -0.190922
0.487179 , 0.692308 , -0.195165
0.487179 , 0.717949 , -0.199270
0.487179 , 0.743590 , -0.204716
0.487179 , 0.769231 , -0.210451
0.487179 , 0.794872 , -0.215027
0.487179 , 0.820513 , -0.218806
0.487179 , 0.846154 , -0.222159
0.487179 , 0.871795 , -0.225205
0.487179 , 0.897436 , -0.228188
0.487179 , 0.923077 , -0.230844
0.487179 , 0.948718 , -0.232493
0.487179 , 0.974359 , -0.233607
0.487179 , 1.000000 , -0.233997
0.512821 , 0.000000 , -0.248197
0.512821 , 0.025641 , -0.248260
0.512821 , 0.051282 , -0.249095
0.512821 , 0.076923 , -0.251311
0.512821 , 0.102564 , -0.254067
0.512821 , 0.128205 , -0.256925
0.512821 , 0.153846 , -0.259302
0.512821 , 0.179487 , -0.261127
0.512821 , 0.205128 , -0.262015
0.512821 , 0.230769 , -0.264068
0.512821 , 0.256410 , -0.266076
0.512821 , 0.282051 , -0.268067
0.512821 , 0.307692 , -0.270058
0.512821 , 0.333333 , -0.270599
0.512821 , 0.358974 , -0.271135
0.512821 , 0.384615 , -0.272022
0.512821 , 0.410256 , -0.272294
0.512821 , 0.435897 , -0.272653
0.512821 , 0.461538 , -0.273123
0.512821 , 0.487179 , -0.273406
0.512821 , 0.512821 , -0.273395
0.512821 , 0.538462 , -0.273351
0.512821 , 0.564103 , -0.274211
0.512821 , 0.589744 , -0.274501
0.512821 , 0.615385 , -0.275886
0.512821 , 0.641026 , -0.278171
0.512821 , 0.666667 , -0.280284
0.512821 , 0.692308 , -0.283346
0.512821 , 0.717949 , -0.286412
0.512821 , 0.743590 , -0.289959
0.512821 , 0.769231 , -0.294541
0.512821 , 0.794872 , -0.298486
0.512821 , 0.820513 , -0.302076
0.512821 , 0.846154 , -0.305813
0.512821 , 0.871795 , -0.309287
0.512821 , 0.897436 , -0.311913
0.512821 , 0.923077 , -0.314067
0.512821 , 0.948718 , -0.315639
0.512821 , 0.974359 , -0.317308
0.512821 , 1.000000 , -0.317795
0.538462 , 0.000000 , -0.353405
0.538462 , 0.025641 , -0.353396
0.538462 , 0.051282 , -0.354579
0.538462 , 0.076923 , -0.357229
0.538462 , 0.102564 , -0.359430
0.538462 , 0.128205 , -0.362245
0.538462 , 0.153846 , -0.365097
0.538462 , 0.179487 , -0.368035
0.538462 , 0.205128 , -0.370014
0.538462 , 0.230769 , -0.372318
0.538462 , 0.256410 , -0.374371
0.538462 , 0.282051 , -0.375840
0.538462 , 0.307692 , -0.376973
0.538462 , 0.333333 , -0.376565
0.538462 , 0.358974 , -0.375934
0.538462 , 0.384615 , -0.374911
0.538462 , 0.410256 , -0.374080
0.538462 , 0.435897 , -0.373326
0.538462 , 0.461538 , -0.372592
0.538462 , 0.487179 , -0.371030
0.538462 , 0.512821 , -0.368669
0.538462 , 0.538462 , -0.366207
0.538462 , 0.564103 , -0.364662
0.538462 , 0.589744 , -0.362881
0.538462 , 0.615385 , -0.362184
0.538462 , 0.641026 , -0.362349
0.538462 , 0.666667 , -0.362795
0.538462 , 0.692308 , -0.364612
0.538462 , 0.717949 , -0.366331
0.538462 , 0.743590 , -0.368448
0.538462 , 0.769231 , -0.371823
0.538462 , 0.794872 , -0.374944
0.538462 , 0.820513 , -0.378419
0.538462 , 0.846154 , -0.381564
0.538462 , 0.871795 , -0.384963
0.538462 , 0.897436 , -0.387899
0.538462 , 0.923077 , -0.390203
0.538462 , 0.948718 , -0.392075
0.538462 , 0.974359 , -0.393883
0.538462 , 1.000000 , -0.394759
0.564103 , 0.000000 , -0.452285
0.564103 , 0.025641 , -0.452178
0.564103 , 0.051282 , -0.453450
0.564103 , 0.076923 , -0.456598
0.564103 , 0.102564 , -0.458771
0.564103 , 0.128205 , -0.462029
0.564103 , 0.153846 , -0.465427
0.564103 , 0.179487 , -0.468535
0.564103 , 0.205128 , -0.471956
0.564103 , 0.230769 , -0.474651
0.564103 , 0.256410 , -0.476183
0.564103 , 0.282051 , -0.476853
0.564103 , 0.307692 , -0.477135
0.564103 , 0.333333 , -0.475867
0.564103 , 0.358974 , -0.473708
0.564103 , 0.384615 , -0.471416
0.564103 , 0.410256 , -0.469208
0.564103 , 0.435897 , -0.467304
0.564103 , 0.461538 , -0.464685
0.564103 , 0.487179 , -0.461496
0.564103 , 0.512821 , -0.457698
0.564103 , 0.538462 , -0.453300
0.564103 , 0.564103 , -0.449044
0.564103 , 0.589744 , -0.445380
0.564103 , 0.615385 , -0.442604
0.564103 , 0.641026 , -0.440873
0.564103 , 0.666667 , -0.439484
0.564103 , 0.692308 , -0.439127
0.564103 , 0.717949 , -0.438846
0.564103 , 0.743590 , -0.439865
0.564103 , 0.769231 , -0.442553
0.564103 , 0.794872 , -0.444537
0.564103 , 0.820513 , -0.447064
0.564103 , 0.846154 , -0.450363
0.564103 , 0.871795 , -0.453304
0.564103 , 0.897436 , -0.457139
0.564103 , 0.923077 , -0.459605
0.564103 , 0.948718 , -0.461811
0.564103 , 0.974359 , -0.463577
0.564103 , 1.000000 , -0.464234
0.589744 , 0.000000 , -0.544815
0.589744 , 0.025641 , -0.544727
0.589744 , 0.051282 , -0.546240
0.589744 , 0.076923 , -0.548953
0.589744 , 0.102564 , -0.551446
0.589744 , 0.128205 , -0.555388
0.589744 , 0.153846 , -0.559722
0.589744 , 0.179487 , -0.562746
0.589744 , 0.205128 , -0.566024
0.589744 , 0.230769 , -0.568964
0.589744 , 0.256410 , -0.570239
0.589744 , 0.282051 , -0.570518
0.589744 , 0.307692 , -0.570040
0.589744 , 0.333333 , -0.567894
0.589744 , 0.358974 , -0.564791
0.589744 , 0.384615 , -0.561554
0.589744 , 0.410256 , -0.558229
0.589744 , 0.435897 , -0.554564
0.589744 , 0.461538 , -0.549985
0.589744 , 0.487179 , -0.545132
0.589744 , 0.512821 , -0.540083
0.589744 , 0.538462 , -0.534242
0.589744 , 0.564103 , -0.527975
0.589744 , 0.589744 , -0.522532
0.589744 , 0.615385 , -0.517731
0.589744 , 0.641026 , -0.513451
0.589744 , 0.666667 , -0.510054
0.589744 , 0.692308 , -0.507403
0.589744 , 0.717949 , -0.505432
0.589744 , 0.743590 , -0.505011
0.589744 , 0.769231 , -0.506550
0.589744 , 0.794872 , -0.508297
0.589744 , 0.820513 , -0.509474
0.589744 , 0.846154 , -0.512332
0.589744 , 0.871795 , -0.515660
0.589744 , 0.897436 , -0.519410
0.589744 , 0.923077 , -0.522317
0.589744 , 0.948718 , -0.523949
0.589744 , 0.974359 , -0.525981
0.589744 , 1.000000 , -0.527119
0.615385 , 0.000000 , -0.630112
0.615385 , 0.025641 , -0.630948
0.615385 , 0.051282 , -0.632540
0.615385 , 0.076923 , -0.634855
0.615385 , 0.102564 , -0.637770
0.615385 , 0.128205 , -0.641944
0.615385 , 0.153846 , -0.646905
0.615385 , 0.179487 , -0.650234
0.615385 , 0.205128 , -0.653186
0.615385 , 0.230769 , -0.655825
0.615385 , 0.256410 , -0.656157
0.615385 , 0.282051 , -0.656059
0.615385 , 0.307692 , -0.655614
0.615385 , 0.333333 , -0.653069
0.615385 , 0.358974 , -0.649391
0.615385 , 0.384615 , -0.645777
0.615385 , 0.410256 , -0.640683
0.615385 , 0.435897 , -0.635453
0.615385 , 0.461538 , -0.629161
0.615385 , 0.487179 , -0.622785
0.615385 , 0.512821 , -0.615914
0.615385 , 0.538462 , -0.608194
0.615385 , 0.564103 , -0.600755
0.615385 , 0.589744 , -0.594018
0.615385 , 0.615385 , -0.587630
0.615385 , 0.641026 , -0.581420
0.615385 , 0.666667 , -0.576064
0.615385 , 0.692308 , -0.571200
0.615385 , 0.717949 , -0.567801
0.615385 , 0.743590 , -0.565998
0.615385 , 0.769231 , -0.565208
0.615385 , 0.794872 , -0.565890
0.615385 , 0.820513 , -0.566204
0.615385 , 0.846154 , -0.568518
0.615385 , 0.871795 , -0.572000
0.615385 , 0.897436 , -0.575443
0.615385 , 0.923077 , -0.578514
0.615385 , 0.948718 , -0.580266
0.615385 , 0.974359 , -0.581614
0.615385 , 1.000000 , -0.582116
0.641026 , 0.000000 , -0.709305
0.641026 , 0.025641 , -0.710582
0.641026 , 0.051282 , -0.712862
0.641026 , 0.076923 , -0.715284
0.641026 , 0.102564 , -0.718997
0.641026 , 0.128205 , -0.722979
0.641026 , 0.153846 , -0.727635
0.641026 , 0.179487 , -0.731033
0.641026 , 0.205128 , -0.733220
0.641026 , 0.230769 , -0.735055
0.641026 , 0.256410 , -0.735549
0.641026 , 0.282051 , -0.735010
0.641026 , 0.307692 , -0.733760
0.641026 , 0.333333 , -0.731238
0.641026 , 0.358974 , -0.727712
0.641026 , 0.384615 , -0.723503
0.641026 , 0.410256 , -0.717197
0.641026 , 0.435897 , -0.710082
0.641026 , 0.461538 , -0.702753
0.641026 , 0.487179 , -0.695244
0.641026 , 0.512821 , -0.686627
0.641026 , 0.538462 , -0.677392
0.641026 , 0.564103 , -0.668932
0.641026 , 0.589744 , -0.660864
0.641026 , 0.615385 , -0.652413
0.641026 , 0.641026 , -0.643896
0.641026 , 0.666667 , -0.636550
0.641026 , 0.692308 , -0.630017
0.641026 , 0.717949 , -0.624952
0.641026 , 0.743590 , -0.621931
0.641026 , 0.769231 , -0.619741
0.641026 , 0.794872 , -0.618960
0.641026 , 0.820513 , -0.618295
0.641026 , 0.846154 , -0.619604
0.641026 , 0.871795 , -0.622822
0.641026 , 0.897436 , -0.625097
0.641026 , 0.923077 , -0.628069
0.641026 , 0.948718 , -0.630327
0.641026 , 0.974359 , -0.631245
0.641026 , 1.000000 , -0.631565
0.666667 , 0.000000 , -0.782804
0.666667 , 0.025641 , -0.784403
0.666667 , 0.051282 , -0.787513
0.666667 , 0.076923 , -0.790123
0.666667 , 0.102564 , -0.794203
0.666667 , 0.128205 , -0.798419
0.666667 , 0.153846 , -0.802663
0.666667 , 0.179487 , -0.805015
0.666667 , 0.205128 , -0.807288
0.666667 , 0.230769 , -0.807830
0.666667 , 0.256410 , -0.808097
0.666667 , 0.282051 , -0.807652
0.666667 , 0.307692 , -0.805851
0.666667 , 0.333333 , -0.802942
0.666667 , 0.358974 , -0.798827
0.666667 , 0.384615 , -0.793673
0.666667 , 0.410256 , -0.787133
0.666667 , 0.435897 , -0.779057
0.666667 , 0.461538 , -0.770657
0.666667 , 0.487179 , -0.762238
0.666667 , 0.512821 , -0.752709
0.666667 , 0.538462 , -0.742364
0.666667 , 0.564103 , -0.731919
0.666667 , 0.589744 , -0.722146
0.666667 , 0.615385 , -0.711637
0.666667 , 0.641026 , -0.701366
0.666667 , 0.666667 , -0.692116
0.666667 , 0.692308 , -0.684471
0.666667 , 0.717949 , -0.678660
0.666667 , 0.743590 , -0.674079
0.666667 , 0.769231 , -0.670305
0.666667 , 0.794872 , -0.667554
0.666667 , 0.820513 , -0.666372
0.666667 , 0.846154 , -0.666053
0.666667 , 0.871795 , -0.668244
0.666667 , 0.897436 , -0.670258
0.666667 , 0.923077 , -0.672600
0.666667 , 0.948718 , -0.674891
0.666667 , 0.974359 , -0.676794
0.666667 , 1.000000 , -0.677133
0.692308 , 0.000000 , -0.850374
0.692308 , 0.025641 , -0.852605
0.692308 , 0.051282 , -0.856001
0.692308 , 0.076923 , -0.859036
0.692308 , 0.102564 , -0.863344
0.692308 , 0.128205 , -0.868058
0.692308 , 0.153846 , -0.871294
0.692308 , 0.179487 , -0.872880
0.692308 , 0.205128 , -0.874293
0.692308 , 0.230769 , -0.874566
0.692308 , 0.256410 , -0.874016
0.692308 , 0.282051 , -0.873454
0.692308 , 0.307692 , -0.872030
0.692308 , 0.333333 , -0.868671
0.692308 , 0.358974 , -0.864136
0.692308 , 0.384615 , -0.858007
0.692308 , 0.410256 , -0.850410
0.692308 , 0.435897 , -0.842033
0.692308 , 0.461538 , -0.832681
0.692308 , 0.487179 , -0.823317
0.692308 , 0.512821 , -0.813099
0.692308 , 0.538462 , -0.801843
0.692308 , 0.564103 , -0.790241
0.692308 , 0.589744 , -0.778326
0.692308 , 0.615385 , -0.766297
0.692308 , 0.641026 , -0.754888
0.692308 , 0.666667 , -0.745168
0.692308 , 0.692308 , -0.735532
0.692308 , 0.717949 , -0.728579
0.692308 , 0.743590 , -0.722686
0.692308 , 0.769231 , -0.716776
0.692308 , 0.794872 , -0.712886
0.692308 , 0.820513 , -0.710697
0.692308 , 0.846154 , -0.710020
0.692308 , 0.871795 , -0.710863
0.692308 , 0.897436 , -0.711492
0.692308 , 0.923077 , -0.712859
0.692308 , 0.948718 , -0.714971
0.692308 , 0.974359 , -0.716989
0.692308 , 1.000000 , -0.717941
0.717949 , 0.000000 , -0.913943
0.717949 , 0.025641 , -0.915520
0.717949 , 0.051282 , -0.918905
0.717949 , 0.076923 , -0.921657
0.717949 , 0.102564 , -0.926229
0.717949 , 0.128205 , -0.930569
0.717949 , 0.153846 , -0.933330
0.717949 , 0.179487 , -0.934369
0.717949 , 0.205128 , -0.935549
0.717949 , 0.230769 , -0.935577
0.717949 , 0.256410 , -0.934601
0.717949 , 0.282051 , -0.933318
0.717949 , 0.307692 , -0.932037
0.717949 , 0.333333 , -0.928481
0.717949 , 0.358974 , -0.923231
0.717949 , 0.384615 , -0.916967
0.717949 , 0.410256 , -0.908494
0.717949 , 0.435897 , -0.899695
0.717949 , 0.461538 , -0.889685
0.717949 , 0.487179 , -0.879153
0.717949 , 0.512821 , -0.867392
0.717949 , 0.538462 , -0.855142
0.717949 , 0.564103 , -0.842874
0.717949 , 0.589744 , -0.829382
0.717949 , 0.615385 , -0.815810
0.717949 , 0.641026 , -0.803481
0.717949 , 0.666667 , -0.792754
0.717949 , 0.692308 , -0.783114
0.717949 , 0.717949 , -0.774860
0.717949 , 0.743590 , -0.767621
0.717949 , 0.769231 , -0.760366
0.717949 , 0.794872 , -0.755808
0.717949 , 0.820513 , -0.752499
0.717949 , 0.846154 , -0.750062
0.717949 , 0.871795 , -0.750118
0.717949 , 0.897436 , -0.749256
0.717949 , 0.923077 , -0.749374
0.717949 , 0.948718 , -0.751186
0.717949 , 0.974359 , -0.752938
0.717949 , 1.000000 , -0.753468
0.743590 , 0.000000 , -0.973280
0.743590 , 0.025641 , -0.974501
0.743590 , 0.051282 , -0.976327
0.743590 , 0.076923 , -0.979252
0.743590 , 0.102564 , -0.983201
0.743590 , 0.128205 , -0.986259
0.743590 , 0.153846 , -0.988188
0.743590 , 0.179487 , -0.989307
0.743590 , 0.205128 , -0.990182
0.743590 , 0.230769 , -0.989608
0.743590 , 0.256410 , -0.988629
0.743590 , 0.282051 , -0.988172
0.743590 , 0.307692 , -0.986410
0.743590 , 0.333333 , -0.982254
0.743590 , 0.358974 , -0.975411
0.743590 , 0.384615 , -0.968310
0.743590 , 0.410256 , -0.960080
0.743590 , 0.435897 , -0.951558
0.743590 , 0.461538 , -0.941268
0.743590 , 0.487179 , -0.930090
0.743590 , 0.512821 , -0.917368
0.743590 , 0.538462 , -0.904102
0.743590 , 0.564103 , -0.890859
0.743590 , 0.589744 , -0.876595
0.743590 , 0.615385 , -0.862628
0.743590 , 0.641026 , -0.849352
0.743590 , 0.666667 , -0.837234
0.743590 , 0.692308 , -0.827471
0.743590 , 0.717949 , -0.817998
0.743590 , 0.743590 , -0.809259
0.743590 , 0.769231 , -0.801170
0.743590 , 0.794872 , -0.795756
0.743590 , 0.820513 , -0.791515
0.743590 , 0.846154 , -0.787418
0.743590 , 0.871795 , -0.785077
0.743590 , 0.897436 , -0.783211
0.743590 , 0.923077 , -0.782549
0.743590 , 0.948718 , -0.783761
0.743590 , 0.974359 , -0.785124
0.743590 , 1.000000 , -0.786349
0.769231 , 0.000000 , -1.026883
0.769231 , 0.025641 , -1.027166
0.769231 , 0.051282 , -1.028131
0.769231 , 0.076923 , -1.030445
0.769231 , 0.102564 , -1.034127
0.769231 , 0.128205 , -1.036571
0.769231 , 0.153846 , -1.037288
0.769231 , 0.179487 , -1.038003
0.769231 , 0.205128 , -1.038979
0.769231 , 0.230769 , -1.038026
0.769231 , 0.256410 , -1.036316
0.769231 , 0.282051 , -1.035913
0.769231 , 0.307692 , -1.033313
0.769231 , 0.333333 , -1.028310
0.769231 , 0.358974 , -1.021250
0.769231 , 0.384615 , -1.013581
0.769231 , 0.410256 , -1.005506
0.769231 , 0.435897 , -0.997418
0.769231 , 0.461538 , -0.986642
0.769231 , 0.487179 , -0.974698
0.769231 , 0.512821 , -0.962517
0.769231 , 0.538462 , -0.948464
0.769231 , 0.564103 , -0.933565
0.769231 , 0.589744 , -0.918968
0.769231 , 0.615385 , -0.905476
0.769231 , 0.641026 , -0.891044
0.769231 , 0.666667 , -0.876998
0.769231 , 0.692308 , -0.866301
0.769231 , 0.717949 , -0.855637
0.769231 , 0.743590 , -0.846254
0.769231 , 0.769231 , -0.838151
0.769231 , 0.794872 , -0.831929
0.769231 , 0.820513 , -0.826025
0.769231 , 0.846154 , -0.820812
0.769231 , 0.871795 , -0.817010
0.769231 , 0.897436 , -0.814434
0.769231 , 0.923077 , -0.813471
0.769231 , 0.948718 , -0.814121
0.769231 , 0.974359 , -0.814815
0.769231 , 1.000000 , -0.815596
0.794872 , 0.000000 , -1.073850
0.794872 , 0.025641 , -1.073718
0.794872 , 0.051282 , -1.074384
0.794872 , 0.076923 , -1.076183
0.794872 , 0.102564 , -1.078624
0.794872 , 0.128205 , -1.080761
0.794872 , 0.153846 , -1.081722
0.794872 , 0.179487 , -1.082392
0.794872 , 0.205128 , -1.082987
0.794872 , 0.230769 , -1.081522
0.794872 , 0.256410 , -1.078256
0.794872 , 0.282051 , -1.077078
0.794872 , 0.307692 , -1.074663
0.794872 , 0.333333 , -1.069416
0.794872 , 0.358974 , -1.062491
0.794872 , 0.384615 , -1.054762
0.794872 , 0.410256 , -1.046453
0.794872 , 0.435897 , -1.037632
0.794872 , 0.461538 , -1.026535
0.794872 , 0.487179 , -1.014317
0.794872 , 0.512821 , -1.001860
0.794872 , 0.538462 , -0.987914
0.794872 , 0.564103 , -0.971866
0.794872 , 0.589744 , -0.956261
0.794872 , 0.615385 , -0.942961
0.794872 , 0.641026 , -0.929047
0.794872 , 0.666667 , -0.914259
0.794872 , 0.692308 , -0.902018
0.794872 , 0.717949 , -0.890709
0.794872 , 0.743590 , -0.880940
0.794872 , 0.769231 , -0.872190
0.794872 , 0.794872 , -0.863719
0.794872 , 0.820513 , -0.856049
0.794872 , 0.846154 , -0.849212
0.794872 , 0.871795 , -0.845185
0.794872 , 0.897436 , -0.843090
0.794872 , 0.923077 , -0.842190
0.794872 , 0.948718 , -0.842415
0.794872 , 0.974359 , -0.843116
0.794872 , 1.000000 , -0.843139
0.820513 , 0.000000 , -1.113155
0.820513 , 0.025641 , -1.113996
0.820513 , 0.051282 , -1.114520
0.820513 , 0.076923 , -1.115833
0.820513 , 0.102564 , -1.117662
0.820513 , 0.128205 , -1.118704
0.820513 , 0.153846 , -1.120129
0.820513 , 0.179487 , -1.121161
0.820513 , 0.205128 , -1.121118
0.820513 , 0.230769 , -1.119284
0.820513 , 0.256410 , -1.116157
0.820513 , 0.282051 , -1.113971
0.820513 , 0.307692 , -1.110997
0.820513 , 0.333333 , -1.105511
0.820513 , 0.358974 , -1.098602
0.820513 , 0.384615 , -1.090902
0.820513 , 0.410256 , -1.082391
0.820513 , 0.435897 , -1.073076
0.820513 , 0.461538 , -1.061536
0.820513 , 0.487179 , -1.048765
0.820513 , 0.512821 , -1.035709
0.820513 , 0.538462 , -1.022343
0.820513 , 0.564103 , -1.006688
0.820513 , 0.589744 , -0.990516
0.820513 , 0.615385 , -0.976173
0.820513 , 0.641026 , -0.961862
0.820513 , 0.666667 , -0.947315
0.820513 , 0.692308 , -0.935020
0.820513 , 0.717949 , -0.923269
0.820513 , 0.743590 , -0.912296
0.820513 , 0.769231 , -0.901569
0.820513 , 0.794872 , -0.891084
0.820513 , 0.820513 , -0.881763
0.820513 , 0.846154 , -0.874664
0.820513 , 0.871795 , -0.870686
0.820513 , 0.897436 , -0.868812
0.820513 , 0.923077 , -0.867883
0.820513 , 0.948718 , -0.867673
0.820513 , 0.974359 , -0.868178
0.820513 , 1.000000 , -0.868384
0.846154 , 0.000000 , -1.147183
0.846154 , 0.025641 , -1.147365
0.846154 , 0.051282 , -1.148186
0.846154 , 0.076923 , -1.149206
0.846154 , 0.102564 , -1.150635
0.846154 , 0.128205 , -1.151590
0.846154 , 0.153846 , -1.152718
0.846154 , 0.179487 , -1.152974
0.846154 , 0.205128 , -1.152893
0.846154 , 0.230769 , -1.151976
0.846154 , 0.256410 , -1.149359
0.846154 , 0.282051 , -1.147386
0.846154 , 0.307692 , -1.143981
0.846154 , 0.333333 , -1.137220
0.846154 , 0.358974 , -1.129753
0.846154 , 0.384615 , -1.122267
0.846154 , 0.410256 , -1.113335
0.846154 , 0.435897 , -1.103777
0.846154 , 0.461538 , -1.092631
0.846154 , 0.487179 , -1.079211
0.846154 , 0.512821 , -1.065336
0.846154 , 0.538462 , -1.050976
0.846154 , 0.564103 , -1.035665
0.846154 , 0.589744 , -1.019855
0.846154 , 0.615385 , -1.005152
0.846154 , 0.641026 , -0.991019
0.846154 , 0.666667 , -0.975794
0.846154 , 0.692308 , -0.962443
0.846154 , 0.717949 , -0.950665
0.846154 , 0.743590 , -0.938773
0.846154 , 0.769231 , -0.926680
0.846154 , 0.794872 , -0.915309
0.846154 , 0.820513 , -0.906423
0.846154 , 0.846154 , -0.899333
0.846154 , 0.871795 , -0.894734
0.846154 , 0.897436 , -0.892520
0.846154 , 0.923077 , -0.890999
0.846154 , 0.948718 , -0.889570
0.846154 , 0.974359 , -0.889176
0.846154 , 1.000000 , -0.889839
0.871795 , 0.000000 , -1.175008
0.871795 , 0.025641 , -1.174995
0.871795 , 0.051282 , -1.175854
0.871795 , 0.076923 , -1.176819
0.871795 , 0.102564 , -1.178021
0.871795 , 0.128205 , -1.178835
0.871795 , 0.153846 , -1.179818
0.871795 , 0.179487 , -1.180242
0.871795 , 0.205128 , -1.180287
0.871795 , 0.230769 , -1.178809
0.871795 , 0.256410 , -1.177008
0.871795 , 0.282051 , -1.174329
0.871795 , 0.307692 , -1.170692
0.871795 , 0.333333 , -1.164162
0.871795 , 0.358974 , -1.155579
0.871795 , 0.384615 , -1.147489
0.871795 , 0.410256 , -1.139183
0.871795 , 0.435897 , -1.129040
0.871795 , 0.461538 , -1.117283
0.871795 , 0.487179 , -1.104032
0.871795 , 0.512821 , -1.090237
0.871795 , 0.538462 , -1.075408
0.871795 , 0.564103 , -1.060161
0.871795 , 0.589744 , -1.044674
0.871795 , 0.615385 , -1.030164
0.871795 , 0.641026 , -1.015899
0.871795 , 0.666667 , -1.001471
0.871795 , 0.692308 , -0.986947
0.871795 , 0.717949 , -0.973274
0.871795 , 0.743590 , -0.960822
0.871795 , 0.769231 , -0.948560
0.871795 , 0.794872 , -0.937003
0.871795 , 0.820513 , -0.927998
0.871795 , 0.846154 , -0.921210
0.871795 , 0.871795 , -0.915996
0.871795 , 0.897436 , -0.912971
0.871795 , 0.923077 , -0.910734
0.871795 , 0.948718 , -0.908901
0.871795 , 0.974359 , -0.907762
0.871795 , 1.000000 , -0.907922
0.897436 , 0.000000 , -1.197704
0.897436 , 0.025641 , -1.197775
0.897436 , 0.051282 , -1.198230
0.897436 , 0.076923 , -1.199202
0.897436 , 0.102564 , -1.200120
0.897436 , 0.128205 , -1.200687
0.897436 , 0.153846 , -1.201231
0.897436 , 0.179487 , -1.202011
0.897436 , 0.205128 , -1.202448
0.897436 , 0.230769 , -1.201115
0.897436 , 0.256410 , -1.198728
0.897436 , 0.282051 , -1.195281
0.897436 , 0.307692 , -1.190698
0.897436 , 0.333333 , -1.184690
0.897436 , 0.358974 , -1.176405
0.897436 , 0.384615 , -1.168191
0.897436 , 0.410256 , -1.159227
0.897436 , 0.435897 , -1.149063
0.897436 , 0.461538 , -1.137304
0.897436 , 0.487179 , -1.123861
0.897436 , 0.512821 , -1.110001
0.897436 , 0.538462 , -1.095528
0.897436 , 0.564103 , -1.080867
0.897436 , 0.589744 , -1.065465
0.897436 , 0.615385 , -1.050603
0.897436 , 0.641026 , -1.035615
0.897436 , 0.666667 , -1.021352
0.897436 , 0.692308 , -1.007443
0.897436 , 0.717949 , -0.993731
0.897436 , 0.743590 , -0.979885
0.897436 , 0.769231 , -0.967224
0.897436 , 0.794872 , -0.955700
0.897436 , 0.820513 , -0.946760
0.897436 , 0.846154 , -0.939392
0.897436 , 0.871795 , -0.933792
0.897436 , 0.897436 , -0.929759
0.897436 , 0.923077 , -0.926977
0.897436 , 0.948718 , -0.925306
0.897436 , 0.974359 , -0.924123
0.897436 , 1.000000 , -0.923679
0.923077 , 0.000000 , -1.215480
0.923077 , 0.025641 , -1.215173
0.923077 , 0.051282 , -1.215802
0.923077 , 0.076923 , -1.216326
0.923077 , 0.102564 , -1.216954
0.923077 , 0.128205 , -1.218137
0.923077 , 0.153846 , -1.218694
0.923077 , 0.179487 , -1.218981
0.923077 , 0.205128 , -1.219004
0.923077 , 0.230769 , -1.217525
0.923077 , 0.256410 , -1.214703
0.923077 , 0.282051 , -1.210533
0.923077 , 0.307692 , -1.205860
0.923077 , 0.333333 , -1.199901
0.923077 , 0.358974 , -1.191918
0.923077 , 0.384615 , -1.183300
0.923077 , 0.410256 , -1.174625
0.923077 , 0.435897 , -1.164703
0.923077 , 0.461538 , -1.152700
0.923077 , 0.487179 , -1.138925
0.923077 , 0.512821 , -1.124643
0.923077 , 0.538462 , -1.110804
0.923077 , 0.564103 , -1.096265
0.923077 , 0.589744 , -1.081560
0.923077 , 0.615385 , -1.067068
0.923077 , 0.641026 , -1.051891
0.923077 , 0.666667 , -1.036387
0.923077 , 0.692308 , -1.022745
0.923077 , 0.717949 , -1.009201
0.923077 , 0.743590 , -0.995339
0.923077 , 0.769231 , -0.982475
0.923077 , 0.794872 , -0.971241
0.923077 , 0.820513 , -0.961626
0.923077 , 0.846154 , -0.954332
0.923077 , 0.871795 , -0.948870
0.923077 , 0.897436 , -0.944353
0.923077 , 0.923077 , -0.940427
0.923077 , 0.948718 , -0.938174
0.923077 , 0.974359 , -0.936264
0.923077 , 1.000000 , -0.935826
0.948718 , 0.000000 , -1.228389
0.948718 , 0.025641 , -1.227980
0.948718 , 0.051282 , -1.228106
0.948718 , 0.076923 , -1.228423
0.948718 , 0.102564 , -1.229321
0.948718 , 0.128205 , -1.230369
0.948718 , 0.153846 , -1.230828
0.948718 , 0.179487 , -1.230668
0.948718 , 0.205128 , -1.230222
0.948718 , 0.230769 , -1.228318
0.948718 , 0.256410 , -1.224938
0.948718 , 0.282051 , -1.220435
0.948718 , 0.307692 , -1.215626
0.948718 , 0.333333 , -1.210017
0.948718 , 0.358974 , -1.202789
0.948718 , 0.384615 , -1.194644
0.948718 , 0.410256 , -1.185388
0.948718 , 0.435897 , -1.175383
0.948718 , 0.461538 , -1.163590
0.948718 , 0.487179 , -1.150402
0.948718 , 0.512821 , -1.136436
0.948718 , 0.538462 , -1.121909
0.948718 , 0.564103 , -1.107712
0.948718 , 0.589744 , -1.093735
0.948718 , 0.615385 , -1.079038
0.948718 , 0.641026 , -1.063935
0.948718 , 0.666667 , -1.048327
0.948718 , 0.692308 , -1.034067
0.948718 , 0.717949 , -1.020459
0.948718 , 0.743590 , -1.006826
0.948718 , 0.769231 , -0.994072
0.948718 , 0.794872 , -0.982959
0.948718 , 0.820513 , -0.973044
0.948718 , 0.846154 , -0.965429
0.948718 , 0.871795 , -0.959414
0.948718 , 0.897436 , -0.954453
0.948718 , 0.923077 , -0.950127
0.948718 , 0.948718 , -0.947067
0.948718 , 0.974359 , -0.944944
0.948718 , 1.000000 , -0.944208
0.974359 , 0.000000 , -1.236299
0.974359 , 0.025641 , -1.236163
0.974359 , 0.051282 , -1.235892
0.974359 , 0.076923 , -1.235521
0.974359 , 0.102564 , -1.236013
0.974359 , 0.128205 , -1.236861
0.974359 , 0.153846 , -1.237652
0.974359 , 0.179487 , -1.237425
0.974359 , 0.205128 , -1.236853
0.974359 , 0.230769 , -1.234042
0.974359 , 0.256410 , -1.230466
0.974359 , 0.282051 , -1.226699
0.974359 , 0.307692 , -1.222102
0.974359 , 0.333333 , -1.215983
0.974359 , 0.358974 , -1.209234
0.974359 , 0.384615 , -1.201283
0.974359 , 0.410256 , -1.191876
0.974359 , 0.435897 , -1.181261
0.974359 , 0.461538 , -1.169802
0.974359 , 0.487179 , -1.157209
0.974359 , 0.512821 , -1.143471
0.974359 , 0.538462 , -1.129152
0.974359 , 0.564103 , -1.114889
0.974359 , 0.589744 , -1.100794
0.974359 , 0.615385 , -1.085922
0.974359 , 0.641026 , -1.070883
0.974359 , 0.666667 , -1.055524
0.974359 , 0.692308 , -1.040968
0.974359 , 0.717949 , -1.027357
0.974359 , 0.743590 , -1.014190
0.974359 , 0.769231 , -1.001998
0.974359 , 0.794872 , -0.990761
0.974359 , 0.820513 , -0.980787
0.974359 , 0.846154 , -0.973416
0.974359 , 0.871795 , -0.966989
0.974359 , 0.897436 , -0.961086
0.974359 , 0.923077 , -0.956101
0.974359 , 0.948718 , -0.952640
0.974359 , 0.974359 , -0.950545
0.974359 , 1.000000 , -0.949758
1.000000 , 0.000000 , -1.238176
1.000000 , 0.025641 , -1.238814
1.000000 , 0.051282 , -1.238571
1.000000 , 0.076923 , -1.238551
1.000000 , 0.102564 , -1.237973
1.000000 , 0.128205 , -1.238691
1.000000 , 0.153846 , -1.239065
1.000000 , 0.179487 , -1.239426
1.000000 , 0.205128 , -1.238820
1.000000 , 0.230769 , -1.236500
1.000000 , 0.256410 , -1.232770
1.000000 , 0.282051 , -1.229122
1.000000 , 0.307692 , -1.224352
1.000000 , 0.333333 , -1.218309
1.000000 , 0.358974 , -1.210550
1.000000 , 0.384615 , -1.202522
1.000000 , 0.410256 , -1.193906
1.000000 , 0.435897 , -1.184251
1.000000 , 0.461538 , -1.172688
1.000000 , 0.487179 , -1.159521
1.000000 , 0.512821 , -1.145497
1.000000 , 0.538462 , -1.131613
1.000000 , 0.564103 , -1.117470
1.000000 , 0.589744 , -1.103158
1.000000 , 0.615385 , -1.088001
1.000000 , 0.641026 , -1.072895
1.000000 , 0.666667 , -1.057807
1.000000 , 0.692308 , -1.043257
1.000000 , 0.717949 , -1.029873
1.000000 , 0.743590 , -1.016625
1.000000 , 0.769231 , -1.004423
1.000000 , 0.794872 , -0.993232
1.000000 , 0.820513 , -0.983484
1.000000 , 0.846154 , -0.975906
1.000000 , 0.871795 , -0.969503
1.000000 , 0.897436 , -0.963455
1.000000 , 0.923077 , -0.958290
1.000000 , 0.948718 , -0.954499
1.000000 , 0.974359 , -0.952925
1.000000 , 1.000000 , -0.952506
