0.000000 , 0.000000 , -0.251162
0.000000 , 0.025641 , -0.251162
0.000000 , 0.051282 , -0.251162
0.000000 , 0.076923 , -0.251162
0.000000 , 0.102564 , -0.251162
0.000000 , 0.128205 , -0.251162
0.000000 , 0.153846 , -0.251162
0.000000 , 0.179487 , -0.251162
0.000000 , 0.205128 , -0.251162
0.000000 , 0.230769 , -0.251162
0.000000 , 0.256410 , -0.251162
0.000000 , 0.282051 , -0.251162
0.000000 , 0.307692 , -0.251162
0.000000 , 0.333333 , -0.251162
0.000000 , 0.358974 , -0.251162
0.000000 , 0.384615 , -0.251162
0.000000 , 0.410256 , -0.251162
0.000000 , 0.435897 , -0.251162
0.000000 , 0.461538 , -0.251162
0.000000 , 0.487179 , -0.251162
0.000000 , 0.512821 , -0.251162
0.000000 , 0.538462 , -0.251162
0.000000 , 0.564103 , -0.251162
0.000000 , 0.589744 , -0.251162
0.000000 , 0.615385 , -0.251162
0.000000 , 0.641026 , -0.251162
0.000000 , 0.666667 , -0.251162
0.000000 , 0.692308 , -0.251162
0.000000 , 0.717949 , -0.251162
0.000000 , 0.743590 , -0.251162
0.000000 , 0.769231 , -0.251162
0.000000 , 0.794872 , -0.251162
0.000000 , 0.820513 , -0.251162
0.000000 , 0.846154 , -0.251162
0.000000 , 0.871795 , -0.251162
0.000000 , 0.897436 , -0.251162
0.000000 , 0.923077 , -0.251162
0.000000 , 0.948718 , -0.251162
0.000000 , 0.974359 , -0.251162
0.000000 , 1.000000 , -0.251162
0.025641 , 0.000000 , -0.319844
0.025641 , 0.025641 , -0.319717
0.025641 , 0.051282 , -0.319251
0.025641 , 0.076923 , -0.319180
0.025641 , 0.102564 , -0.319394
0.025641 , 0.128205 , -0.319780
0.025641 , 0.153846 , -0.320857
0.025641 , 0.179487 , -0.323028
0.025641 , 0.205128 , -0.326199
0.025641 , 0.230769 , -0.329961
0.025641 , 0.256410 , -0.334539
0.025641 , 0.282051 , -0.339263
0.025641 , 0.307692 , -0.343646
0.025641 , 0.333333 , -0.348409
0.025641 , 0.358974 , -0.353426
0.025641 , 0.384615 , -0.359449
0.025641 , 0.410256 , -0.365375
0.025641 , 0.435897 , -0.370778
0.025641 , 0.461538 , -0.376948
0.025641 , 0.487179 , -0.382980
0.025641 , 0.512821 , -0.388833
0.025641 , 0.538462 , -0.394944
0.025641 , 0.564103 , -0.400469
0.025641 , 0.589744 , -0.405818
0.025641 , 0.615385 , -0.410510
0.025641 , 0.641026 , -0.415136
0.025641 , 0.666667 , -0.420211
0.025641 , 0.692308 , -0.424760
0.025641 , 0.717949 , -0.428535
0.025641 , 0.743590 , -0.432481
0.025641 , 0.769231 , -0.435435
0.025641 , 0.794872 , -0.437561
0.025641 , 0.820513 , -0.440063
0.025641 , 0.846154 , -0.442220
0.025641 , 0.871795 , -0.443971
0.025641 , 0.897436 , -0.446127
0.025641 , 0.923077 , -0.446980
0.025641 , 0.948718 , -0.447276
0.025641 , 0.974359 , -0.447307
0.025641 , 1.000000 , -0.447298
0.051282 , 0.000000 , -0.374012
0.051282 , 0.025641 , -0.373717
0.051282 , 0.051282 , -0.373392
0.051282 , 0.076923 , -0.373806
0.051282 , 0.102564 , -0.374368
0.051282 , 0.128205 , -0.375088
0.051282 , 0.153846 , -0.377392
0.051282 , 0.179487 , -0.381835
0.051282 , 0.205128 , -0.387596
0.051282 , 0.230769 , -0.395265
0.051282 , 0.256410 , -0.404153
0.051282 , 0.282051 , -0.412656
0.051282 , 0.307692 , -0.420985
0.051282 , 0.333333 , -0.429886
0.051282 , 0.358974 , -0.440745
0.051282 , 0.384615 , -0.451994
0.051282 , 0.410256 , -0.464521
0.051282 , 0.435897 , -0.475637
0.051282 , 0.461538 , -0.487043
0.051282 , 0.487179 , -0.499236
0.051282 , 0.512821 , -0.510531
0.051282 , 0.538462 , -0.522015
0.051282 , 0.564103 , -0.533519
0.051282 , 0.589744 , -0.544705
0.051282 , 0.615385 , -0.554991
0.051282 , 0.641026 , -0.564092
0.051282 , 0.666667 , -0.573915
0.051282 , 0.692308 , -0.583029
0.051282 , 0.717949 , -0.590506
0.051282 , 0.743590 , -0.597409
0.051282 , 0.769231 , -0.603775
0.051282 , 0.794872 , -0.609331
0.051282 , 0.820513 , -0.614107
0.051282 , 0.846154 , -0.618247
0.051282 , 0.871795 , -0.621653
0.051282 , 0.897436 , -0.624602
0.051282 , 0.923077 , -0.626372
0.051282 , 0.948718 , -0.627128
0.051282 , 0.974359 , -0.627733
0.051282 , 1.000000 , -0.627997
0.076923 , 0.000000 , -0.414811
0.076923 , 0.025641 , -0.414852
0.076923 , 0.051282 , -0.414751
0.076923 , 0.076923 , -0.415340
0.076923 , 0.102564 , -0.416369
0.076923 , 0.128205 , -0.418251
0.076923 , 0.153846 , -0.421778
0.076923 , 0.179487 , -0.428185
0.076923 , 0.205128 , -0.436716
0.076923 , 0.230769 , -0.447615
0.076923 , 0.256410 , -0.459827
0.076923 , 0.282051 , -0.471339
0.076923 , 0.307692 , -0.483679
0.076923 , 0.333333 , -0.497530
0.076923 , 0.358974 , -0.513672
0.076923 , 0.384615 , -0.531334
0.076923 , 0.410256 , -0.549206
0.076923 , 0.435897 , -0.566440
0.076923 , 0.461538 , -0.583476
0.076923 , 0.487179 , -0.600976
0.076923 , 0.512821 , -0.618564
0.076923 , 0.538462 , -0.635665
0.076923 , 0.564103 , -0.652396
0.076923 , 0.589744 , -0.668909
0.076923 , 0.615385 , -0.684118
0.076923 , 0.641026 , -0.698225
0.076923 , 0.666667 , -0.712089
0.076923 , 0.692308 , -0.725670
0.076923 , 0.717949 , -0.737331
0.076923 , 0.743590 , -0.748123
0.076923 , 0.769231 , -0.758058
0.076923 , 0.794872 , -0.766494
0.076923 , 0.820513 , -0.773032
0.076923 , 0.846154 , -0.779268
0.076923 , 0.871795 , -0.784734
0.076923 , 0.897436 , -0.788369
0.076923 , 0.923077 , -0.790493
0.076923 , 0.948718 , -0.792485
0.076923 , 0.974359 , -0.793622
0.076923 , 1.000000 , -0.793526
0.102564 , 0.000000 , -0.443033
0.102564 , 0.025641 , -0.443007
0.102564 , 0.051282 , -0.443834
0.102564 , 0.076923 , -0.444979
0.102564 , 0.102564 , -0.446497
0.102564 , 0.128205 , -0.449481
0.102564 , 0.153846 , -0.454757
0.102564 , 0.179487 , -0.462533
0.102564 , 0.205128 , -0.473264
0.102564 , 0.230769 , -0.487086
0.102564 , 0.256410 , -0.503339
0.102564 , 0.282051 , -0.518444
0.102564 , 0.307692 , -0.534402
0.102564 , 0.333333 , -0.552903
0.102564 , 0.358974 , -0.573424
0.102564 , 0.384615 , -0.596219
0.102564 , 0.410256 , -0.620526
0.102564 , 0.435897 , -0.644151
0.102564 , 0.461538 , -0.666677
0.102564 , 0.487179 , -0.689150
0.102564 , 0.512821 , -0.712374
0.102564 , 0.538462 , -0.735808
0.102564 , 0.564103 , -0.757959
0.102564 , 0.589744 , -0.779524
0.102564 , 0.615385 , -0.799456
0.102564 , 0.641026 , -0.818886
0.102564 , 0.666667 , -0.837342
0.102564 , 0.692308 , -0.854055
0.102564 , 0.717949 , -0.870065
0.102564 , 0.743590 , -0.884640
0.102564 , 0.769231 , -0.897423
0.102564 , 0.794872 , -0.908889
0.102564 , 0.820513 , -0.917813
0.102564 , 0.846154 , -0.925499
0.102564 , 0.871795 , -0.933576
0.102564 , 0.897436 , -0.939407
0.102564 , 0.923077 , -0.942866
0.102564 , 0.948718 , -0.944432
0.102564 , 0.974359 , -0.946201
0.102564 , 1.000000 , -0.946365
0.128205 , 0.000000 , -0.459404
0.128205 , 0.025641 , -0.459952
0.128205 , 0.051282 , -0.461634
0.128205 , 0.076923 , -0.464010
0.128205 , 0.102564 , -0.466169
0.128205 , 0.128205 , -0.469448
0.128205 , 0.153846 , -0.476011
0.128205 , 0.179487 , -0.485387
0.128205 , 0.205128 , -0.498477
0.128205 , 0.230769 , -0.514694
0.128205 , 0.256410 , -0.533984
0.128205 , 0.282051 , -0.553295
0.128205 , 0.307692 , -0.573650
0.128205 , 0.333333 , -0.596495
0.128205 , 0.358974 , -0.621808
0.128205 , 0.384615 , -0.649127
0.128205 , 0.410256 , -0.678041
0.128205 , 0.435897 , -0.708877
0.128205 , 0.461538 , -0.737407
0.128205 , 0.487179 , -0.765163
0.128205 , 0.512821 , -0.793124
0.128205 , 0.538462 , -0.822163
0.128205 , 0.564103 , -0.850521
0.128205 , 0.589744 , -0.877221
0.128205 , 0.615385 , -0.902146
0.128205 , 0.641026 , -0.926103
0.128205 , 0.666667 , -0.948800
0.128205 , 0.692308 , -0.970444
0.128205 , 0.717949 , -0.990409
0.128205 , 0.743590 , -1.008097
0.128205 , 0.769231 , -1.023649
0.128205 , 0.794872 , -1.038289
0.128205 , 0.820513 , -1.050107
0.128205 , 0.846154 , -1.060339
0.128205 , 0.871795 , -1.070366
0.128205 , 0.897436 , -1.077524
0.128205 , 0.923077 , -1.082521
0.128205 , 0.948718 , -1.084764
0.128205 , 0.974359 , -1.087002
0.128205 , 1.000000 , -1.086816
0.153846 , 0.000000 , -0.465738
0.153846 , 0.025641 , -0.466228
0.153846 , 0.051282 , -0.468755
0.153846 , 0.076923 , -0.471782
0.153846 , 0.102564 , -0.475226
0.153846 , 0.128205 , -0.479303
0.153846 , 0.153846 , -0.486973
0.153846 , 0.179487 , -0.498137
0.153846 , 0.205128 , -0.513316
0.153846 , 0.230769 , -0.532115
0.153846 , 0.256410 , -0.553713
0.153846 , 0.282051 , -0.577212
0.153846 , 0.307692 , -0.601898
0.153846 , 0.333333 , -0.629294
0.153846 , 0.358974 , -0.658690
0.153846 , 0.384615 , -0.690915
0.153846 , 0.410256 , -0.724336
0.153846 , 0.435897 , -0.760126
0.153846 , 0.461538 , -0.794731
0.153846 , 0.487179 , -0.828645
0.153846 , 0.512821 , -0.863040
0.153846 , 0.538462 , -0.896880
0.153846 , 0.564103 , -0.930613
0.153846 , 0.589744 , -0.962450
0.153846 , 0.615385 , -0.993117
0.153846 , 0.641026 , -1.022217
0.153846 , 0.666667 , -1.049339
0.153846 , 0.692308 , -1.075096
0.153846 , 0.717949 , -1.099306
0.153846 , 0.743590 , -1.120518
0.153846 , 0.769231 , -1.138674
0.153846 , 0.794872 , -1.155954
0.153846 , 0.820513 , -1.170163
0.153846 , 0.846154 , -1.183879
0.153846 , 0.871795 , -1.195596
0.153846 , 0.897436 , -1.203606
0.153846 , 0.923077 , -1.209669
0.153846 , 0.948718 , -1.213981
0.153846 , 0.974359 , -1.215932
0.153846 , 1.000000 , -1.216334
0.179487 , 0.000000 , -0.462130
0.179487 , 0.025641 , -0.462636
0.179487 , 0.051282 , -0.465029
0.179487 , 0.076923 , -0.468366
0.179487 , 0.102564 , -0.473278
0.179487 , 0.128205 , -0.479425
0.179487 , 0.153846 , -0.488783
0.179487 , 0.179487 , -0.501745
0.179487 , 0.205128 , -0.518513
0.179487 , 0.230769 , -0.539314
0.179487 , 0.256410 , -0.563232
0.179487 , 0.282051 , -0.590464
0.179487 , 0.307692 , -0.620212
0.179487 , 0.333333 , -0.652150
0.179487 , 0.358974 , -0.685445
0.179487 , 0.384615 , -0.721629
0.179487 , 0.410256 , -0.759633
0.179487 , 0.435897 , -0.800831
0.179487 , 0.461538 , -0.841088
0.179487 , 0.487179 , -0.881037
0.179487 , 0.512821 , -0.921243
0.179487 , 0.538462 , -0.960750
0.179487 , 0.564103 , -0.999832
0.179487 , 0.589744 , -1.036631
0.179487 , 0.615385 , -1.072268
0.179487 , 0.641026 , -1.105778
0.179487 , 0.666667 , -1.137490
0.179487 , 0.692308 , -1.168142
0.179487 , 0.717949 , -1.196385
0.179487 , 0.743590 , -1.221559
0.179487 , 0.769231 , -1.243066
0.179487 , 0.794872 , -1.263358
0.179487 , 0.820513 , -1.281246
0.179487 , 0.846154 , -1.296931
0.179487 , 0.871795 , -1.310136
0.179487 , 0.897436 , -1.318895
0.179487 , 0.923077 , -1.326403
0.179487 , 0.948718 , -1.332211
0.179487 , 0.974359 , -1.334482
0.179487 , 1.000000 , -1.335418
0.205128 , 0.000000 , -0.447918
0.205128 , 0.025641 , -0.448903
0.205128 , 0.051282 , -0.451631
0.205128 , 0.076923 , -0.456028
0.205128 , 0.102564 , -0.462162
0.205128 , 0.128205 , -0.470428
0.205128 , 0.153846 , -0.481989
0.205128 , 0.179487 , -0.497275
0.205128 , 0.205128 , -0.515967
0.205128 , 0.230769 , -0.538241
0.205128 , 0.256410 , -0.564449
0.205128 , 0.282051 , -0.594716
0.205128 , 0.307692 , -0.628566
0.205128 , 0.333333 , -0.664945
0.205128 , 0.358974 , -0.702783
0.205128 , 0.384615 , -0.743227
0.205128 , 0.410256 , -0.785535
0.205128 , 0.435897 , -0.831652
0.205128 , 0.461538 , -0.877728
0.205128 , 0.487179 , -0.922914
0.205128 , 0.512821 , -0.968491
0.205128 , 0.538462 , -1.013661
0.205128 , 0.564103 , -1.057267
0.205128 , 0.589744 , -1.099703
0.205128 , 0.615385 , -1.140298
0.205128 , 0.641026 , -1.179365
0.205128 , 0.666667 , -1.214860
0.205128 , 0.692308 , -1.249093
0.205128 , 0.717949 , -1.281220
0.205128 , 0.743590 , -1.310481
0.205128 , 0.769231 , -1.336726
0.205128 , 0.794872 , -1.359604
0.205128 , 0.820513 , -1.380837
0.205128 , 0.846154 , -1.399501
0.205128 , 0.871795 , -1.415154
0.205128 , 0.897436 , -1.425331
0.205128 , 0.923077 , -1.433410
0.205128 , 0.948718 , -1.441024
0.205128 , 0.974359 , -1.444603
0.205128 , 1.000000 , -1.444816
0.230769 , 0.000000 , -0.425262
0.230769 , 0.025641 , -0.425698
0.230769 , 0.051282 , -0.429040
0.230769 , 0.076923 , -0.434527
0.230769 , 0.102564 , -0.442143
0.230769 , 0.128205 , -0.452524
0.230769 , 0.153846 , -0.466411
0.230769 , 0.179487 , -0.484145
0.230769 , 0.205128 , -0.505388
0.230769 , 0.230769 , -0.530111
0.230769 , 0.256410 , -0.558569
0.230769 , 0.282051 , -0.591957
0.230769 , 0.307692 , -0.629380
0.230769 , 0.333333 , -0.669085
0.230769 , 0.358974 , -0.711277
0.230769 , 0.384615 , -0.755714
0.230769 , 0.410256 , -0.802289
0.230769 , 0.435897 , -0.852458
0.230769 , 0.461538 , -0.903757
0.230769 , 0.487179 , -0.954789
0.230769 , 0.512821 , -1.006022
0.230769 , 0.538462 , -1.056730
0.230769 , 0.564103 , -1.105856
0.230769 , 0.589744 , -1.153548
0.230769 , 0.615385 , -1.199100
0.230769 , 0.641026 , -1.243060
0.230769 , 0.666667 , -1.283972
0.230769 , 0.692308 , -1.321595
0.230769 , 0.717949 , -1.357300
0.230769 , 0.743590 , -1.390635
0.230769 , 0.769231 , -1.421086
0.230769 , 0.794872 , -1.447846
0.230769 , 0.820513 , -1.471168
0.230769 , 0.846154 , -1.492358
0.230769 , 0.871795 , -1.510430
0.230769 , 0.897436 , -1.523575
0.230769 , 0.923077 , -1.533722
0.230769 , 0.948718 , -1.542158
0.230769 , 0.974359 , -1.546738
0.230769 , 1.000000 , -1.547394
0.256410 , 0.000000 , -0.392690
0.256410 , 0.025641 , -0.393768
0.256410 , 0.051282 , -0.397131
0.256410 , 0.076923 , -0.403790
0.256410 , 0.102564 , -0.413652
0.256410 , 0.128205 , -0.427205
0.256410 , 0.153846 , -0.442810
0.256410 , 0.179487 , -0.462436
0.256410 , 0.205128 , -0.485978
0.256410 , 0.230769 , -0.513647
0.256410 , 0.256410 , -0.545549
0.256410 , 0.282051 , -0.581953
0.256410 , 0.307692 , -0.622506
0.256410 , 0.333333 , -0.666149
0.256410 , 0.358974 , -0.712205
0.256410 , 0.384615 , -0.761277
0.256410 , 0.410256 , -0.811798
0.256410 , 0.435897 , -0.865975
0.256410 , 0.461538 , -0.922666
0.256410 , 0.487179 , -0.979040
0.256410 , 0.512821 , -1.035440
0.256410 , 0.538462 , -1.091370
0.256410 , 0.564103 , -1.145881
0.256410 , 0.589744 , -1.198811
0.256410 , 0.615385 , -1.249285
0.256410 , 0.641026 , -1.297701
0.256410 , 0.666667 , -1.343430
0.256410 , 0.692308 , -1.386309
0.256410 , 0.717949 , -1.426230
0.256410 , 0.743590 , -1.462580
0.256410 , 0.769231 , -1.496502
0.256410 , 0.794872 , -1.527354
0.256410 , 0.820513 , -1.554568
0.256410 , 0.846154 , -1.578581
0.256410 , 0.871795 , -1.599068
0.256410 , 0.897436 , -1.614136
0.256410 , 0.923077 , -1.626275
0.256410 , 0.948718 , -1.635477
0.256410 , 0.974359 , -1.640630
0.256410 , 1.000000 , -1.642106
0.282051 , 0.000000 , -0.350708
0.282051 , 0.025641 , -0.352201
0.282051 , 0.051282 , -0.356195
0.282051 , 0.076923 , -0.364297
0.282051 , 0.102564 , -0.376104
0.282051 , 0.128205 , -0.392444
0.282051 , 0.153846 , -0.411044
0.282051 , 0.179487 , -0.432225
0.282051 , 0.205128 , -0.458630
0.282051 , 0.230769 , -0.490047
0.282051 , 0.256410 , -0.525492
0.282051 , 0.282051 , -0.564918
0.282051 , 0.307692 , -0.607955
0.282051 , 0.333333 , -0.655343
0.282051 , 0.358974 , -0.705549
0.282051 , 0.384615 , -0.759069
0.282051 , 0.410256 , -0.814467
0.282051 , 0.435897 , -0.872917
0.282051 , 0.461538 , -0.934556
0.282051 , 0.487179 , -0.996253
0.282051 , 0.512821 , -1.057251
0.282051 , 0.538462 , -1.117952
0.282051 , 0.564103 , -1.177492
0.282051 , 0.589744 , -1.235803
0.282051 , 0.615385 , -1.291714
0.282051 , 0.641026 , -1.345245
0.282051 , 0.666667 , -1.396471
0.282051 , 0.692308 , -1.444501
0.282051 , 0.717949 , -1.488720
0.282051 , 0.743590 , -1.528880
0.282051 , 0.769231 , -1.565819
0.282051 , 0.794872 , -1.600443
0.282051 , 0.820513 , -1.631215
0.282051 , 0.846154 , -1.658543
0.282051 , 0.871795 , -1.681455
0.282051 , 0.897436 , -1.699110
0.282051 , 0.923077 , -1.712719
0.282051 , 0.948718 , -1.722539
0.282051 , 0.974359 , -1.728475
0.282051 , 1.000000 , -1.729921
0.307692 , 0.000000 , -0.299213
0.307692 , 0.025641 , -0.300715
0.307692 , 0.051282 , -0.305898
0.307692 , 0.076923 , -0.315697
0.307692 , 0.102564 , -0.329680
0.307692 , 0.128205 , -0.348027
0.307692 , 0.153846 , -0.369874
0.307692 , 0.179487 , -0.394639
0.307692 , 0.205128 , -0.424261
0.307692 , 0.230769 , -0.459520
0.307692 , 0.256410 , -0.498191
0.307692 , 0.282051 , -0.539719
0.307692 , 0.307692 , -0.586103
0.307692 , 0.333333 , -0.637395
0.307692 , 0.358974 , -0.692162
0.307692 , 0.384615 , -0.750256
0.307692 , 0.410256 , -0.810642
0.307692 , 0.435897 , -0.873238
0.307692 , 0.461538 , -0.939121
0.307692 , 0.487179 , -1.005630
0.307692 , 0.512821 , -1.072019
0.307692 , 0.538462 , -1.137647
0.307692 , 0.564103 , -1.202334
0.307692 , 0.589744 , -1.265791
0.307692 , 0.615385 , -1.327207
0.307692 , 0.641026 , -1.386307
0.307692 , 0.666667 , -1.442678
0.307692 , 0.692308 , -1.495547
0.307692 , 0.717949 , -1.544185
0.307692 , 0.743590 , -1.588979
0.307692 , 0.769231 , -1.630733
0.307692 , 0.794872 , -1.668605
0.307692 , 0.820513 , -1.702795
0.307692 , 0.846154 , -1.732798
0.307692 , 0.871795 , -1.757827
0.307692 , 0.897436 , -1.778412
0.307692 , 0.923077 , -1.793761
0.307692 , 0.948718 , -1.804258
0.307692 , 0.974359 , -1.810784
0.307692 , 1.000000 , -1.813045
0.333333 , 0.000000 , -0.238659
0.333333 , 0.025641 , -0.239905
0.333333 , 0.051282 , -0.246458
0.333333 , 0.076923 , -0.257741
0.333333 , 0.102564 , -0.273282
0.333333 , 0.128205 , -0.293920
0.333333 , 0.153846 , -0.318807
0.333333 , 0.179487 , -0.347412
0.333333 , 0.205128 , -0.381344
0.333333 , 0.230769 , -0.420788
0.333333 , 0.256410 , -0.462852
0.333333 , 0.282051 , -0.507945
0.333333 , 0.307692 , -0.558042
0.333333 , 0.333333 , -0.613132
0.333333 , 0.358974 , -0.672423
0.333333 , 0.384615 , -0.734580
0.333333 , 0.410256 , -0.800005
0.333333 , 0.435897 , -0.867745
0.333333 , 0.461538 , -0.937742
0.333333 , 0.487179 , -1.009076
0.333333 , 0.512821 , -1.080742
0.333333 , 0.538462 , -1.152319
0.333333 , 0.564103 , -1.222132
0.333333 , 0.589744 , -1.290984
0.333333 , 0.615385 , -1.357385
0.333333 , 0.641026 , -1.421726
0.333333 , 0.666667 , -1.483294
0.333333 , 0.692308 , -1.541344
0.333333 , 0.717949 , -1.594609
0.333333 , 0.743590 , -1.644246
0.333333 , 0.769231 , -1.690699
0.333333 , 0.794872 , -1.732665
0.333333 , 0.820513 , -1.770310
0.333333 , 0.846154 , -1.803133
0.333333 , 0.871795 , -1.830379
0.333333 , 0.897436 , -1.852623
0.333333 , 0.923077 , -1.869972
0.333333 , 0.948718 , -1.881684
0.333333 , 0.974359 , -1.889249
0.333333 , 1.000000 , -1.892124
0.358974 , 0.000000 , -0.168776
0.358974 , 0.025641 , -0.171071
0.358974 , 0.051282 , -0.178194
0.358974 , 0.076923 , -0.191153
0.358974 , 0.102564 , -0.208427
0.358974 , 0.128205 , -0.231861
0.358974 , 0.153846 , -0.260209
0.358974 , 0.179487 , -0.292567
0.358974 , 0.205128 , -0.330072
0.358974 , 0.230769 , -0.373612
0.358974 , 0.256410 , -0.420461
0.358974 , 0.282051 , -0.470043
0.358974 , 0.307692 , -0.524282
0.358974 , 0.333333 , -0.583169
0.358974 , 0.358974 , -0.646298
0.358974 , 0.384615 , -0.713287
0.358974 , 0.410256 , -0.783516
0.358974 , 0.435897 , -0.856890
0.358974 , 0.461538 , -0.931706
0.358974 , 0.487179 , -1.008015
0.358974 , 0.512821 , -1.084909
0.358974 , 0.538462 , -1.161836
0.358974 , 0.564103 , -1.237458
0.358974 , 0.589744 , -1.311932
0.358974 , 0.615385 , -1.383785
0.358974 , 0.641026 , -1.453159
0.358974 , 0.666667 , -1.519549
0.358974 , 0.692308 , -1.582969
0.358974 , 0.717949 , -1.642283
0.358974 , 0.743590 , -1.696966
0.358974 , 0.769231 , -1.747305
0.358974 , 0.794872 , -1.793347
0.358974 , 0.820513 , -1.834655
0.358974 , 0.846154 , -1.870933
0.358974 , 0.871795 , -1.900855
0.358974 , 0.897436 , -1.925191
0.358974 , 0.923077 , -1.943806
0.358974 , 0.948718 , -1.956964
0.358974 , 0.974359 , -1.965257
0.358974 , 1.000000 , -1.968625
0.384615 , 0.000000 , -0.090478
0.384615 , 0.025641 , -0.093080
0.384615 , 0.051282 , -0.101824
0.384615 , 0.076923 , -0.115881
0.384615 , 0.102564 , -0.135738
0.384615 , 0.128205 , -0.161325
0.384615 , 0.153846 , -0.192703
0.384615 , 0.179487 , -0.229220
0.384615 , 0.205128 , -0.270600
0.384615 , 0.230769 , -0.317491
0.384615 , 0.256410 , -0.368697
0.384615 , 0.282051 , -0.424151
0.384615 , 0.307692 , -0.483386
0.384615 , 0.333333 , -0.547694
0.384615 , 0.358974 , -0.615207
0.384615 , 0.384615 , -0.686802
0.384615 , 0.410256 , -0.761893
0.384615 , 0.435897 , -0.840392
0.384615 , 0.461538 , -0.921185
0.384615 , 0.487179 , -1.002956
0.384615 , 0.512821 , -1.085336
0.384615 , 0.538462 , -1.167632
0.384615 , 0.564103 , -1.249037
0.384615 , 0.589744 , -1.329066
0.384615 , 0.615385 , -1.406986
0.384615 , 0.641026 , -1.481948
0.384615 , 0.666667 , -1.553819
0.384615 , 0.692308 , -1.622056
0.384615 , 0.717949 , -1.686786
0.384615 , 0.743590 , -1.746766
0.384615 , 0.769231 , -1.801572
0.384615 , 0.794872 , -1.851730
0.384615 , 0.820513 , -1.896725
0.384615 , 0.846154 , -1.936444
0.384615 , 0.871795 , -1.969644
0.384615 , 0.897436 , -1.996107
0.384615 , 0.923077 , -2.016113
0.384615 , 0.948718 , -2.030529
0.384615 , 0.974359 , -2.039608
0.384615 , 1.000000 , -2.043248
0.410256 , 0.000000 , -0.004646
0.410256 , 0.025641 , -0.008000
0.410256 , 0.051282 , -0.017313
0.410256 , 0.076923 , -0.032913
0.410256 , 0.102564 , -0.054721
0.410256 , 0.128205 , -0.083170
0.410256 , 0.153846 , -0.117434
0.410256 , 0.179487 , -0.157977
0.410256 , 0.205128 , -0.204463
0.410256 , 0.230769 , -0.255789
0.410256 , 0.256410 , -0.311330
0.410256 , 0.282051 , -0.371990
0.410256 , 0.307692 , -0.436696
0.410256 , 0.333333 , -0.505541
0.410256 , 0.358974 , -0.578560
0.410256 , 0.384615 , -0.655373
0.410256 , 0.410256 , -0.735994
0.410256 , 0.435897 , -0.819827
0.410256 , 0.461538 , -0.906322
0.410256 , 0.487179 , -0.993967
0.410256 , 0.512821 , -1.082327
0.410256 , 0.538462 , -1.170152
0.410256 , 0.564103 , -1.256858
0.410256 , 0.589744 , -1.342681
0.410256 , 0.615385 , -1.426968
0.410256 , 0.641026 , -1.508393
0.410256 , 0.666667 , -1.586531
0.410256 , 0.692308 , -1.660123
0.410256 , 0.717949 , -1.729353
0.410256 , 0.743590 , -1.794539
0.410256 , 0.769231 , -1.854696
0.410256 , 0.794872 , -1.909347
0.410256 , 0.820513 , -1.958215
0.410256 , 0.846154 , -2.000362
0.410256 , 0.871795 , -2.036370
0.410256 , 0.897436 , -2.065559
0.410256 , 0.923077 , -2.087979
0.410256 , 0.948718 , -2.103906
0.410256 , 0.974359 , -2.113823
0.410256 , 1.000000 , -2.117103
0.435897 , 0.000000 , 0.089568
0.435897 , 0.025641 , 0.085682
0.435897 , 0.051282 , 0.075113
0.435897 , 0.076923 , 0.057960
0.435897 , 0.102564 , 0.034135
0.435897 , 0.128205 , 0.003466
0.435897 , 0.153846 , -0.033838
0.435897 , 0.179487 , -0.078164
0.435897 , 0.205128 , -0.129696
0.435897 , 0.230769 , -0.186636
0.435897 , 0.256410 , -0.247129
0.435897 , 0.282051 , -0.312253
0.435897 , 0.307692 , -0.382359
0.435897 , 0.333333 , -0.456867
0.435897 , 0.358974 , -0.535948
0.435897 , 0.384615 , -0.618879
0.435897 , 0.410256 , -0.705253
0.435897 , 0.435897 , -0.794831
0.435897 , 0.461538 , -0.887646
0.435897 , 0.487179 , -0.981863
0.435897 , 0.512821 , -1.076231
0.435897 , 0.538462 , -1.170122
0.435897 , 0.564103 , -1.263339
0.435897 , 0.589744 , -1.355089
0.435897 , 0.615385 , -1.445217
0.435897 , 0.641026 , -1.533135
0.435897 , 0.666667 , -1.618004
0.435897 , 0.692308 , -1.697502
0.435897 , 0.717949 , -1.771663
0.435897 , 0.743590 , -1.842229
0.435897 , 0.769231 , -1.907672
0.435897 , 0.794872 , -1.966692
0.435897 , 0.820513 , -2.019146
0.435897 , 0.846154 , -2.064577
0.435897 , 0.871795 , -2.103312
0.435897 , 0.897436 , -2.135243
0.435897 , 0.923077 , -2.160474
0.435897 , 0.948718 , -2.177944
0.435897 , 0.974359 , -2.188476
0.435897 , 1.000000 , -2.191184
0.461538 , 0.000000 , 0.192528
0.461538 , 0.025641 , 0.188736
0.461538 , 0.051282 , 0.176923
0.461538 , 0.076923 , 0.157810
0.461538 , 0.102564 , 0.131638
0.461538 , 0.128205 , 0.098375
0.461538 , 0.153846 , 0.057693
0.461538 , 0.179487 , 0.009453
0.461538 , 0.205128 , -0.045953
0.461538 , 0.230769 , -0.107679
0.461538 , 0.256410 , -0.173028
0.461538 , 0.282051 , -0.244004
0.461538 , 0.307692 , -0.320078
0.461538 , 0.333333 , -0.401259
0.461538 , 0.358974 , -0.487308
0.461538 , 0.384615 , -0.576793
0.461538 , 0.410256 , -0.669954
0.461538 , 0.435897 , -0.766367
0.461538 , 0.461538 , -0.865693
0.461538 , 0.487179 , -0.967001
0.461538 , 0.512821 , -1.068015
0.461538 , 0.538462 , -1.168535
0.461538 , 0.564103 , -1.268611
0.461538 , 0.589744 , -1.367714
0.461538 , 0.615385 , -1.464355
0.461538 , 0.641026 , -1.558592
0.461538 , 0.666667 , -1.649535
0.461538 , 0.692308 , -1.735163
0.461538 , 0.717949 , -1.815515
0.461538 , 0.743590 , -1.891153
0.461538 , 0.769231 , -1.961621
0.461538 , 0.794872 , -2.024585
0.461538 , 0.820513 , -2.081388
0.461538 , 0.846154 , -2.131049
0.461538 , 0.871795 , -2.172980
0.461538 , 0.897436 , -2.207532
0.461538 , 0.923077 , -2.234511
0.461538 , 0.948718 , -2.253563
0.461538 , 0.974359 , -2.264781
0.461538 , 1.000000 , -2.267750
0.487179 , 0.000000 , 0.305274
0.487179 , 0.025641 , 0.300763
0.487179 , 0.051282 , 0.287880
0.487179 , 0.076923 , 0.266688
0.487179 , 0.102564 , 0.237954
0.487179 , 0.128205 , 0.201766
0.487179 , 0.153846 , 0.157295
0.487179 , 0.179487 , 0.105409
0.487179 , 0.205128 , 0.045527
0.487179 , 0.230769 , -0.020420
0.487179 , 0.256410 , -0.091612
0.487179 , 0.282051 , -0.168535
0.487179 , 0.307692 , -0.251665
0.487179 , 0.333333 , -0.340228
0.487179 , 0.358974 , -0.433489
0.487179 , 0.384615 , -0.530036
0.487179 , 0.410256 , -0.630563
0.487179 , 0.435897 , -0.734566
0.487179 , 0.461538 , -0.841299
0.487179 , 0.487179 , -0.949758
0.487179 , 0.512821 , -1.058287
0.487179 , 0.538462 , -1.166526
0.487179 , 0.564103 , -1.274030
0.487179 , 0.589744 , -1.380724
0.487179 , 0.615385 , -1.484130
0.487179 , 0.641026 , -1.584686
0.487179 , 0.666667 , -1.681781
0.487179 , 0.692308 , -1.774328
0.487179 , 0.717949 , -1.861617
0.487179 , 0.743590 , -1.943099
0.487179 , 0.769231 , -2.018179
0.487179 , 0.794872 , -2.085635
0.487179 , 0.820513 , -2.146633
0.487179 , 0.846154 , -2.200058
0.487179 , 0.871795 , -2.245510
0.487179 , 0.897436 , -2.282419
0.487179 , 0.923077 , -2.311505
0.487179 , 0.948718 , -2.331647
0.487179 , 0.974359 , -2.343554
0.487179 , 1.000000 , -2.346527
0.512821 , 0.000000 , 0.426568
0.512821 , 0.025641 , 0.421956
0.512821 , 0.051282 , 0.407926
0.512821 , 0.076923 , 0.385240
0.512821 , 0.102564 , 0.353601
0.512821 , 0.128205 , 0.313697
0.512821 , 0.153846 , 0.265434
0.512821 , 0.179487 , 0.210180
0.512821 , 0.205128 , 0.146166
0.512821 , 0.230769 , 0.074990
0.512821 , 0.256410 , -0.002287
0.512821 , 0.282051 , -0.085731
0.512821 , 0.307692 , -0.176026
0.512821 , 0.333333 , -0.272702
0.512821 , 0.358974 , -0.373744
0.512821 , 0.384615 , -0.478271
0.512821 , 0.410256 , -0.586352
0.512821 , 0.435897 , -0.698384
0.512821 , 0.461538 , -0.813529
0.512821 , 0.487179 , -0.929812
0.512821 , 0.512821 , -1.046762
0.512821 , 0.538462 , -1.163528
0.512821 , 0.564103 , -1.279521
0.512821 , 0.589744 , -1.393829
0.512821 , 0.615385 , -1.504630
0.512821 , 0.641026 , -1.612251
0.512821 , 0.666667 , -1.716176
0.512821 , 0.692308 , -1.815979
0.512821 , 0.717949 , -1.910035
0.512821 , 0.743590 , -1.997749
0.512821 , 0.769231 , -2.077897
0.512821 , 0.794872 , -2.150151
0.512821 , 0.820513 , -2.215584
0.512821 , 0.846154 , -2.272579
0.512821 , 0.871795 , -2.321658
0.512821 , 0.897436 , -2.361999
0.512821 , 0.923077 , -2.392480
0.512821 , 0.948718 , -2.413572
0.512821 , 0.974359 , -2.426201
0.512821 , 1.000000 , -2.430011
0.538462 , 0.000000 , 0.557758
0.538462 , 0.025641 , 0.552424
0.538462 , 0.051282 , 0.537926
0.538462 , 0.076923 , 0.513074
0.538462 , 0.102564 , 0.478747
0.538462 , 0.128205 , 0.435401
0.538462 , 0.153846 , 0.383994
0.538462 , 0.179487 , 0.324351
0.538462 , 0.205128 , 0.255609
0.538462 , 0.230769 , 0.179648
0.538462 , 0.256410 , 0.095978
0.538462 , 0.282051 , 0.005334
0.538462 , 0.307692 , -0.092900
0.538462 , 0.333333 , -0.197304
0.538462 , 0.358974 , -0.306595
0.538462 , 0.384615 , -0.420125
0.538462 , 0.410256 , -0.537308
0.538462 , 0.435897 , -0.658090
0.538462 , 0.461538 , -0.782346
0.538462 , 0.487179 , -0.908305
0.538462 , 0.512821 , -1.034419
0.538462 , 0.538462 , -1.160360
0.538462 , 0.564103 , -1.284987
0.538462 , 0.589744 , -1.408464
0.538462 , 0.615385 , -1.528051
0.538462 , 0.641026 , -1.643752
0.538462 , 0.666667 , -1.755037
0.538462 , 0.692308 , -1.861609
0.538462 , 0.717949 , -1.962667
0.538462 , 0.743590 , -2.056513
0.538462 , 0.769231 , -2.142525
0.538462 , 0.794872 , -2.220441
0.538462 , 0.820513 , -2.290043
0.538462 , 0.846154 , -2.350808
0.538462 , 0.871795 , -2.402933
0.538462 , 0.897436 , -2.445998
0.538462 , 0.923077 , -2.478571
0.538462 , 0.948718 , -2.501258
0.538462 , 0.974359 , -2.515044
0.538462 , 1.000000 , -2.519520
0.564103 , 0.000000 , 0.698761
0.564103 , 0.025641 , 0.693338
0.564103 , 0.051282 , 0.677539
0.564103 , 0.076923 , 0.651086
0.564103 , 0.102564 , 0.614065
0.564103 , 0.128205 , 0.567535
0.564103 , 0.153846 , 0.512343
0.564103 , 0.179487 , 0.448485
0.564103 , 0.205128 , 0.374207
0.564103 , 0.230769 , 0.292322
0.564103 , 0.256410 , 0.202959
0.564103 , 0.282051 , 0.105286
0.564103 , 0.307692 , -0.000721
0.564103 , 0.333333 , -0.113470
0.564103 , 0.358974 , -0.231995
0.564103 , 0.384615 , -0.355363
0.564103 , 0.410256 , -0.483426
0.564103 , 0.435897 , -0.615329
0.564103 , 0.461538 , -0.749585
0.564103 , 0.487179 , -0.885512
0.564103 , 0.512821 , -1.021762
0.564103 , 0.538462 , -1.157671
0.564103 , 0.564103 , -1.292090
0.564103 , 0.589744 , -1.425125
0.564103 , 0.615385 , -1.554513
0.564103 , 0.641026 , -1.679501
0.564103 , 0.666667 , -1.799013
0.564103 , 0.692308 , -1.913312
0.564103 , 0.717949 , -2.021464
0.564103 , 0.743590 , -2.121817
0.564103 , 0.769231 , -2.213585
0.564103 , 0.794872 , -2.296998
0.564103 , 0.820513 , -2.371106
0.564103 , 0.846154 , -2.435154
0.564103 , 0.871795 , -2.490170
0.564103 , 0.897436 , -2.536284
0.564103 , 0.923077 , -2.571139
0.564103 , 0.948718 , -2.595682
0.564103 , 0.974359 , -2.610953
0.564103 , 1.000000 , -2.616762
0.589744 , 0.000000 , 0.850949
0.589744 , 0.025641 , 0.845007
0.589744 , 0.051282 , 0.828379
0.589744 , 0.076923 , 0.799610
0.589744 , 0.102564 , 0.760528
0.589744 , 0.128205 , 0.710629
0.589744 , 0.153846 , 0.652017
0.589744 , 0.179487 , 0.583727
0.589744 , 0.205128 , 0.504650
0.589744 , 0.230769 , 0.416248
0.589744 , 0.256410 , 0.320005
0.589744 , 0.282051 , 0.214249
0.589744 , 0.307692 , 0.099908
0.589744 , 0.333333 , -0.021661
0.589744 , 0.358974 , -0.150343
0.589744 , 0.384615 , -0.284757
0.589744 , 0.410256 , -0.424620
0.589744 , 0.435897 , -0.568133
0.589744 , 0.461538 , -0.714535
0.589744 , 0.487179 , -0.862221
0.589744 , 0.512821 , -1.009942
0.589744 , 0.538462 , -1.157119
0.589744 , 0.564103 , -1.302717
0.589744 , 0.589744 , -1.446325
0.589744 , 0.615385 , -1.585569
0.589744 , 0.641026 , -1.720052
0.589744 , 0.666667 , -1.849104
0.589744 , 0.692308 , -1.972197
0.589744 , 0.717949 , -2.087949
0.589744 , 0.743590 , -2.195126
0.589744 , 0.769231 , -2.292895
0.589744 , 0.794872 , -2.381589
0.589744 , 0.820513 , -2.459916
0.589744 , 0.846154 , -2.527912
0.589744 , 0.871795 , -2.585801
0.589744 , 0.897436 , -2.634433
0.589744 , 0.923077 , -2.671820
0.589744 , 0.948718 , -2.698600
0.589744 , 0.974359 , -2.714679
0.589744 , 1.000000 , -2.720756
0.615385 , 0.000000 , 1.013773
0.615385 , 0.025641 , 1.007889
0.615385 , 0.051282 , 0.989759
0.615385 , 0.076923 , 0.959675
0.615385 , 0.102564 , 0.918114
0.615385 , 0.128205 , 0.865062
0.615385 , 0.153846 , 0.802795
0.615385 , 0.179487 , 0.730431
0.615385 , 0.205128 , 0.646598
0.615385 , 0.230769 , 0.552260
0.615385 , 0.256410 , 0.448070
0.615385 , 0.282051 , 0.333363
0.615385 , 0.307692 , 0.209601
0.615385 , 0.333333 , 0.077474
0.615385 , 0.358974 , -0.062364
0.615385 , 0.384615 , -0.208864
0.615385 , 0.410256 , -0.360651
0.615385 , 0.435897 , -0.516990
0.615385 , 0.461538 , -0.676365
0.615385 , 0.487179 , -0.837479
0.615385 , 0.512821 , -0.998615
0.615385 , 0.538462 , -1.158907
0.615385 , 0.564103 , -1.317377
0.615385 , 0.589744 , -1.472204
0.615385 , 0.615385 , -1.622955
0.615385 , 0.641026 , -1.768661
0.615385 , 0.666667 , -1.907846
0.615385 , 0.692308 , -2.039570
0.615385 , 0.717949 , -2.162841
0.615385 , 0.743590 , -2.277136
0.615385 , 0.769231 , -2.381719
0.615385 , 0.794872 , -2.475552
0.615385 , 0.820513 , -2.558024
0.615385 , 0.846154 , -2.630076
0.615385 , 0.871795 , -2.692016
0.615385 , 0.897436 , -2.742809
0.615385 , 0.923077 , -2.782518
0.615385 , 0.948718 , -2.810742
0.615385 , 0.974359 , -2.827602
0.615385 , 1.000000 , -2.834016
0.641026 , 0.000000 , 1.187889
0.641026 , 0.025641 , 1.181706
0.641026 , 0.051282 , 1.162832
0.641026 , 0.076923 , 1.131420
0.641026 , 0.102564 , 1.087722
0.641026 , 0.128205 , 1.032015
0.641026 , 0.153846 , 0.966464
0.641026 , 0.179487 , 0.889915
0.641026 , 0.205128 , 0.800958
0.641026 , 0.230769 , 0.701101
0.641026 , 0.256410 , 0.588881
0.641026 , 0.282051 , 0.464308
0.641026 , 0.307692 , 0.330160
0.641026 , 0.333333 , 0.186503
0.641026 , 0.358974 , 0.034170
0.641026 , 0.384615 , -0.125503
0.641026 , 0.410256 , -0.291065
0.641026 , 0.435897 , -0.461480
0.641026 , 0.461538 , -0.635423
0.641026 , 0.487179 , -0.811634
0.641026 , 0.512821 , -0.988068
0.641026 , 0.538462 , -1.163033
0.641026 , 0.564103 , -1.336225
0.641026 , 0.589744 , -1.504494
0.641026 , 0.615385 , -1.667732
0.641026 , 0.641026 , -1.825270
0.641026 , 0.666667 , -1.975277
0.641026 , 0.692308 , -2.116745
0.641026 , 0.717949 , -2.249125
0.641026 , 0.743590 , -2.370463
0.641026 , 0.769231 , -2.481551
0.641026 , 0.794872 , -2.580742
0.641026 , 0.820513 , -2.668344
0.641026 , 0.846154 , -2.744041
0.641026 , 0.871795 , -2.809130
0.641026 , 0.897436 , -2.862634
0.641026 , 0.923077 , -2.903954
0.641026 , 0.948718 , -2.934090
0.641026 , 0.974359 , -2.951353
0.641026 , 1.000000 , -2.958019
0.666667 , 0.000000 , 1.373564
0.666667 , 0.025641 , 1.367205
0.666667 , 0.051282 , 1.348405
0.666667 , 0.076923 , 1.316166
0.666667 , 0.102564 , 1.270978
0.666667 , 0.128205 , 1.213092
0.666667 , 0.153846 , 1.143412
0.666667 , 0.179487 , 1.062319
0.666667 , 0.205128 , 0.967654
0.666667 , 0.230769 , 0.861359
0.666667 , 0.256410 , 0.741178
0.666667 , 0.282051 , 0.607384
0.666667 , 0.307692 , 0.462342
0.666667 , 0.333333 , 0.306435
0.666667 , 0.358974 , 0.141150
0.666667 , 0.384615 , -0.033020
0.666667 , 0.410256 , -0.213921
0.666667 , 0.435897 , -0.401121
0.666667 , 0.461538 , -0.592576
0.666667 , 0.487179 , -0.785667
0.666667 , 0.512821 , -0.979073
0.666667 , 0.538462 , -1.170382
0.666667 , 0.564103 , -1.359225
0.666667 , 0.589744 , -1.543473
0.666667 , 0.615385 , -1.721013
0.666667 , 0.641026 , -1.891546
0.666667 , 0.666667 , -2.053432
0.666667 , 0.692308 , -2.205141
0.666667 , 0.717949 , -2.346895
0.666667 , 0.743590 , -2.476115
0.666667 , 0.769231 , -2.593681
0.666667 , 0.794872 , -2.698489
0.666667 , 0.820513 , -2.792045
0.666667 , 0.846154 , -2.872137
0.666667 , 0.871795 , -2.939694
0.666667 , 0.897436 , -2.995040
0.666667 , 0.923077 , -3.037847
0.666667 , 0.948718 , -3.068435
0.666667 , 0.974359 , -3.087395
0.666667 , 1.000000 , -3.094114
0.692308 , 0.000000 , 1.570719
0.692308 , 0.025641 , 1.564582
0.692308 , 0.051282 , 1.545589
0.692308 , 0.076923 , 1.513420
0.692308 , 0.102564 , 1.466750
0.692308 , 0.128205 , 1.407484
0.692308 , 0.153846 , 1.334832
0.692308 , 0.179487 , 1.248433
0.692308 , 0.205128 , 1.147825
0.692308 , 0.230769 , 1.033818
0.692308 , 0.256410 , 0.905200
0.692308 , 0.282051 , 0.762019
0.692308 , 0.307692 , 0.606122
0.692308 , 0.333333 , 0.437749
0.692308 , 0.358974 , 0.257990
0.692308 , 0.384615 , 0.068244
0.692308 , 0.410256 , -0.130722
0.692308 , 0.435897 , -0.335986
0.692308 , 0.461538 , -0.546347
0.692308 , 0.487179 , -0.759038
0.692308 , 0.512821 , -0.971574
0.692308 , 0.538462 , -1.181573
0.692308 , 0.564103 , -1.388383
0.692308 , 0.589744 , -1.589946
0.692308 , 0.615385 , -1.784473
0.692308 , 0.641026 , -1.969631
0.692308 , 0.666667 , -2.144900
0.692308 , 0.692308 , -2.308053
0.692308 , 0.717949 , -2.459124
0.692308 , 0.743590 , -2.596869
0.692308 , 0.769231 , -2.722300
0.692308 , 0.794872 , -2.832668
0.692308 , 0.820513 , -2.930481
0.692308 , 0.846154 , -3.014312
0.692308 , 0.871795 , -3.083872
0.692308 , 0.897436 , -3.140901
0.692308 , 0.923077 , -3.185142
0.692308 , 0.948718 , -3.216747
0.692308 , 0.974359 , -3.235780
0.692308 , 1.000000 , -3.242657
0.717949 , 0.000000 , 1.779674
0.717949 , 0.025641 , 1.773819
0.717949 , 0.051282 , 1.754760
0.717949 , 0.076923 , 1.722529
0.717949 , 0.102564 , 1.675483
0.717949 , 0.128205 , 1.614961
0.717949 , 0.153846 , 1.540050
0.717949 , 0.179487 , 1.449785
0.717949 , 0.205128 , 1.343377
0.717949 , 0.230769 , 1.221396
0.717949 , 0.256410 , 1.084122
0.717949 , 0.282051 , 0.930876
0.717949 , 0.307692 , 0.763084
0.717949 , 0.333333 , 0.581062
0.717949 , 0.358974 , 0.385735
0.717949 , 0.384615 , 0.179000
0.717949 , 0.410256 , -0.038801
0.717949 , 0.435897 , -0.264650
0.717949 , 0.461538 , -0.496024
0.717949 , 0.487179 , -0.730329
0.717949 , 0.512821 , -0.964824
0.717949 , 0.538462 , -1.196653
0.717949 , 0.564103 , -1.423950
0.717949 , 0.589744 , -1.645464
0.717949 , 0.615385 , -1.858361
0.717949 , 0.641026 , -2.060668
0.717949 , 0.666667 , -2.250651
0.717949 , 0.692308 , -2.426963
0.717949 , 0.717949 , -2.589207
0.717949 , 0.743590 , -2.735473
0.717949 , 0.769231 , -2.868234
0.717949 , 0.794872 , -2.984912
0.717949 , 0.820513 , -3.086140
0.717949 , 0.846154 , -3.171795
0.717949 , 0.871795 , -3.243455
0.717949 , 0.897436 , -3.301548
0.717949 , 0.923077 , -3.346592
0.717949 , 0.948718 , -3.378002
0.717949 , 0.974359 , -3.397564
0.717949 , 1.000000 , -3.404473
0.743590 , 0.000000 , 2.000354
0.743590 , 0.025641 , 1.994894
0.743590 , 0.051282 , 1.976427
0.743590 , 0.076923 , 1.944491
0.743590 , 0.102564 , 1.897762
0.743590 , 0.128205 , 1.836682
0.743590 , 0.153846 , 1.759886
0.743590 , 0.179487 , 1.666556
0.743590 , 0.205128 , 1.556730
0.743590 , 0.230769 , 1.427607
0.743590 , 0.256410 , 1.280838
0.743590 , 0.282051 , 1.116210
0.743590 , 0.307692 , 0.936090
0.743590 , 0.333333 , 0.738843
0.743590 , 0.358974 , 0.526985
0.743590 , 0.384615 , 0.300017
0.743590 , 0.410256 , 0.061009
0.743590 , 0.435897 , -0.187539
0.743590 , 0.461538 , -0.442598
0.743590 , 0.487179 , -0.700832
0.743590 , 0.512821 , -0.959979
0.743590 , 0.538462 , -1.216687
0.743590 , 0.564103 , -1.467821
0.743590 , 0.589744 , -1.711502
0.743590 , 0.615385 , -1.944855
0.743590 , 0.641026 , -2.166047
0.743590 , 0.666667 , -2.372809
0.743590 , 0.692308 , -2.563219
0.743590 , 0.717949 , -2.736691
0.743590 , 0.743590 , -2.892784
0.743590 , 0.769231 , -3.032792
0.743590 , 0.794872 , -3.155336
0.743590 , 0.820513 , -3.259895
0.743590 , 0.846154 , -3.346853
0.743590 , 0.871795 , -3.419543
0.743590 , 0.897436 , -3.478996
0.743590 , 0.923077 , -3.523909
0.743590 , 0.948718 , -3.555204
0.743590 , 0.974359 , -3.573980
0.743590 , 1.000000 , -3.580790
0.769231 , 0.000000 , 2.233745
0.769231 , 0.025641 , 2.227976
0.769231 , 0.051282 , 2.210219
0.769231 , 0.076923 , 2.179178
0.769231 , 0.102564 , 2.134495
0.769231 , 0.128205 , 2.074798
0.769231 , 0.153846 , 1.997637
0.769231 , 0.179487 , 1.902316
0.769231 , 0.205128 , 1.788363
0.769231 , 0.230769 , 1.653342
0.769231 , 0.256410 , 1.497984
0.769231 , 0.282051 , 1.321936
0.769231 , 0.307692 , 1.127201
0.769231 , 0.333333 , 0.913411
0.769231 , 0.358974 , 0.681729
0.769231 , 0.384615 , 0.433020
0.769231 , 0.410256 , 0.169964
0.769231 , 0.435897 , -0.103568
0.769231 , 0.461538 , -0.384910
0.769231 , 0.487179 , -0.670713
0.769231 , 0.512821 , -0.956809
0.769231 , 0.538462 , -1.240984
0.769231 , 0.564103 , -1.518961
0.769231 , 0.589744 , -1.787972
0.769231 , 0.615385 , -2.044788
0.769231 , 0.641026 , -2.287075
0.769231 , 0.666667 , -2.512547
0.769231 , 0.692308 , -2.719472
0.769231 , 0.717949 , -2.905696
0.769231 , 0.743590 , -3.071830
0.769231 , 0.769231 , -3.219511
0.769231 , 0.794872 , -3.347771
0.769231 , 0.820513 , -3.454923
0.769231 , 0.846154 , -3.543017
0.769231 , 0.871795 , -3.615561
0.769231 , 0.897436 , -3.674560
0.769231 , 0.923077 , -3.718221
0.769231 , 0.948718 , -3.748310
0.769231 , 0.974359 , -3.766075
0.769231 , 1.000000 , -3.772066
0.794872 , 0.000000 , 2.477792
0.794872 , 0.025641 , 2.472065
0.794872 , 0.051282 , 2.455720
0.794872 , 0.076923 , 2.427250
0.794872 , 0.102564 , 2.385590
0.794872 , 0.128205 , 2.327908
0.794872 , 0.153846 , 2.252682
0.794872 , 0.179487 , 2.158161
0.794872 , 0.205128 , 2.040829
0.794872 , 0.230769 , 1.900814
0.794872 , 0.256410 , 1.737282
0.794872 , 0.282051 , 1.549708
0.794872 , 0.307692 , 1.339025
0.794872 , 0.333333 , 1.106285
0.794872 , 0.358974 , 0.853315
0.794872 , 0.384615 , 0.580624
0.794872 , 0.410256 , 0.290842
0.794872 , 0.435897 , -0.011290
0.794872 , 0.461538 , -0.322665
0.794872 , 0.487179 , -0.639514
0.794872 , 0.512821 , -0.956934
0.794872 , 0.538462 , -1.271841
0.794872 , 0.564103 , -1.579748
0.794872 , 0.589744 , -1.878054
0.794872 , 0.615385 , -2.161918
0.794872 , 0.641026 , -2.427619
0.794872 , 0.666667 , -2.673754
0.794872 , 0.692308 , -2.898489
0.794872 , 0.717949 , -3.099361
0.794872 , 0.743590 , -3.277021
0.794872 , 0.769231 , -3.431286
0.794872 , 0.794872 , -3.562685
0.794872 , 0.820513 , -3.671807
0.794872 , 0.846154 , -3.761075
0.794872 , 0.871795 , -3.832237
0.794872 , 0.897436 , -3.888162
0.794872 , 0.923077 , -3.928539
0.794872 , 0.948718 , -3.956350
0.794872 , 0.974359 , -3.972487
0.794872 , 1.000000 , -3.977727
0.820513 , 0.000000 , 2.730518
0.820513 , 0.025641 , 2.725259
0.820513 , 0.051282 , 2.712090
0.820513 , 0.076923 , 2.688100
0.820513 , 0.102564 , 2.651595
0.820513 , 0.128205 , 2.599045
0.820513 , 0.153846 , 2.526917
0.820513 , 0.179487 , 2.434428
0.820513 , 0.205128 , 2.316821
0.820513 , 0.230769 , 2.172719
0.820513 , 0.256410 , 2.001539
0.820513 , 0.282051 , 1.801869
0.820513 , 0.307692 , 1.574457
0.820513 , 0.333333 , 1.321397
0.820513 , 0.358974 , 1.043283
0.820513 , 0.384615 , 0.743151
0.820513 , 0.410256 , 0.423705
0.820513 , 0.435897 , 0.089409
0.820513 , 0.461538 , -0.255223
0.820513 , 0.487179 , -0.606869
0.820513 , 0.512821 , -0.960125
0.820513 , 0.538462 , -1.310954
0.820513 , 0.564103 , -1.652940
0.820513 , 0.589744 , -1.983129
0.820513 , 0.615385 , -2.296936
0.820513 , 0.641026 , -2.590089
0.820513 , 0.666667 , -2.860811
0.820513 , 0.692308 , -3.104400
0.820513 , 0.717949 , -3.320951
0.820513 , 0.743590 , -3.509463
0.820513 , 0.769231 , -3.670805
0.820513 , 0.794872 , -3.804913
0.820513 , 0.820513 , -3.914212
0.820513 , 0.846154 , -4.001832
0.820513 , 0.871795 , -4.069095
0.820513 , 0.897436 , -4.119070
0.820513 , 0.923077 , -4.153479
0.820513 , 0.948718 , -4.177100
0.820513 , 0.974359 , -4.190689
0.820513 , 1.000000 , -4.194882
0.846154 , 0.000000 , 2.988801
0.846154 , 0.025641 , 2.985926
0.846154 , 0.051282 , 2.977575
0.846154 , 0.076923 , 2.960080
0.846154 , 0.102564 , 2.931934
0.846154 , 0.128205 , 2.888133
0.846154 , 0.153846 , 2.823631
0.846154 , 0.179487 , 2.735217
0.846154 , 0.205128 , 2.618518
0.846154 , 0.230769 , 2.471587
0.846154 , 0.256410 , 2.293532
0.846154 , 0.282051 , 2.081900
0.846154 , 0.307692 , 1.836926
0.846154 , 0.333333 , 1.561815
0.846154 , 0.358974 , 1.256696
0.846154 , 0.384615 , 0.925276
0.846154 , 0.410256 , 0.572074
0.846154 , 0.435897 , 0.201068
0.846154 , 0.461538 , -0.182124
0.846154 , 0.487179 , -0.573837
0.846154 , 0.512821 , -0.968126
0.846154 , 0.538462 , -1.359259
0.846154 , 0.564103 , -1.740610
0.846154 , 0.589744 , -2.107310
0.846154 , 0.615385 , -2.454177
0.846154 , 0.641026 , -2.777827
0.846154 , 0.666667 , -3.074168
0.846154 , 0.692308 , -3.340270
0.846154 , 0.717949 , -3.574602
0.846154 , 0.743590 , -3.774759
0.846154 , 0.769231 , -3.942177
0.846154 , 0.794872 , -4.078006
0.846154 , 0.820513 , -4.185851
0.846154 , 0.846154 , -4.268004
0.846154 , 0.871795 , -4.327543
0.846154 , 0.897436 , -4.368503
0.846154 , 0.923077 , -4.395385
0.846154 , 0.948718 , -4.411729
0.846154 , 0.974359 , -4.420540
0.846154 , 1.000000 , -4.423180
0.871795 , 0.000000 , 3.250487
0.871795 , 0.025641 , 3.250517
0.871795 , 0.051282 , 3.250009
0.871795 , 0.076923 , 3.243837
0.871795 , 0.102564 , 3.227538
0.871795 , 0.128205 , 3.195605
0.871795 , 0.153846 , 3.142581
0.871795 , 0.179487 , 3.062446
0.871795 , 0.205128 , 2.949896
0.871795 , 0.230769 , 2.802134
0.871795 , 0.256410 , 2.616361
0.871795 , 0.282051 , 2.393395
0.871795 , 0.307692 , 2.130691
0.871795 , 0.333333 , 1.830523
0.871795 , 0.358974 , 1.496169
0.871795 , 0.384615 , 1.129618
0.871795 , 0.410256 , 0.737561
0.871795 , 0.435897 , 0.324404
0.871795 , 0.461538 , -0.103538
0.871795 , 0.487179 , -0.540230
0.871795 , 0.512821 , -0.980524
0.871795 , 0.538462 , -1.417336
0.871795 , 0.564103 , -1.843335
0.871795 , 0.589744 , -2.251983
0.871795 , 0.615385 , -2.636656
0.871795 , 0.641026 , -2.994011
0.871795 , 0.666667 , -3.319835
0.871795 , 0.692308 , -3.610303
0.871795 , 0.717949 , -3.862979
0.871795 , 0.743590 , -4.076309
0.871795 , 0.769231 , -4.249927
0.871795 , 0.794872 , -4.386022
0.871795 , 0.820513 , -4.489261
0.871795 , 0.846154 , -4.562903
0.871795 , 0.871795 , -4.610568
0.871795 , 0.897436 , -4.638394
0.871795 , 0.923077 , -4.652848
0.871795 , 0.948718 , -4.658160
0.871795 , 0.974359 , -4.659386
0.871795 , 1.000000 , -4.659282
0.897436 , 0.000000 , 3.512027
0.897436 , 0.025641 , 3.515647
0.897436 , 0.051282 , 3.525968
0.897436 , 0.076923 , 3.535775
0.897436 , 0.102564 , 3.537719
0.897436 , 0.128205 , 3.523899
0.897436 , 0.153846 , 3.487223
0.897436 , 0.179487 , 3.419347
0.897436 , 0.205128 , 3.314410
0.897436 , 0.230769 , 3.168207
0.897436 , 0.256410 , 2.977040
0.897436 , 0.282051 , 2.741500
0.897436 , 0.307692 , 2.459441
0.897436 , 0.333333 , 2.133879
0.897436 , 0.358974 , 1.766170
0.897436 , 0.384615 , 1.361278
0.897436 , 0.410256 , 0.924949
0.897436 , 0.435897 , 0.463488
0.897436 , 0.461538 , -0.016036
0.897436 , 0.487179 , -0.506043
0.897436 , 0.512821 , -0.999164
0.897436 , 0.538462 , -1.488030
0.897436 , 0.564103 , -1.964068
0.897436 , 0.589744 , -2.420252
0.897436 , 0.615385 , -2.849625
0.897436 , 0.641026 , -3.245932
0.897436 , 0.666667 , -3.603866
0.897436 , 0.692308 , -3.920232
0.897436 , 0.717949 , -4.192325
0.897436 , 0.743590 , -4.417760
0.897436 , 0.769231 , -4.597286
0.897436 , 0.794872 , -4.732729
0.897436 , 0.820513 , -4.828182
0.897436 , 0.846154 , -4.888169
0.897436 , 0.871795 , -4.918658
0.897436 , 0.897436 , -4.928266
0.897436 , 0.923077 , -4.923780
0.897436 , 0.948718 , -4.912889
0.897436 , 0.974359 , -4.902554
0.897436 , 1.000000 , -4.898675
0.923077 , 0.000000 , 3.763909
0.923077 , 0.025641 , 3.774082
0.923077 , 0.051282 , 3.800679
0.923077 , 0.076923 , 3.834262
0.923077 , 0.102564 , 3.862916
0.923077 , 0.128205 , 3.875619
0.923077 , 0.153846 , 3.861984
0.923077 , 0.179487 , 3.812162
0.923077 , 0.205128 , 3.719043
0.923077 , 0.230769 , 3.576786
0.923077 , 0.256410 , 3.382258
0.923077 , 0.282051 , 3.133778
0.923077 , 0.307692 , 2.831550
0.923077 , 0.333333 , 2.477214
0.923077 , 0.358974 , 2.073110
0.923077 , 0.384615 , 1.624257
0.923077 , 0.410256 , 1.137645
0.923077 , 0.435897 , 0.621185
0.923077 , 0.461538 , 0.082980
0.923077 , 0.487179 , -0.468750
0.923077 , 0.512821 , -1.023668
0.923077 , 0.538462 , -1.572720
0.923077 , 0.564103 , -2.106153
0.923077 , 0.589744 , -2.617586
0.923077 , 0.615385 , -3.097406
0.923077 , 0.641026 , -3.538125
0.923077 , 0.666667 , -3.933612
0.923077 , 0.692308 , -4.279098
0.923077 , 0.717949 , -4.571913
0.923077 , 0.743590 , -4.810221
0.923077 , 0.769231 , -4.994013
0.923077 , 0.794872 , -5.125075
0.923077 , 0.820513 , -5.208419
0.923077 , 0.846154 , -5.248760
0.923077 , 0.871795 , -5.255123
0.923077 , 0.897436 , -5.237457
0.923077 , 0.923077 , -5.205657
0.923077 , 0.948718 , -5.170553
0.923077 , 0.974359 , -5.143303
0.923077 , 1.000000 , -5.133152
0.948718 , 0.000000 , 3.995025
0.948718 , 0.025641 , 4.014974
0.948718 , 0.051282 , 4.067368
0.948718 , 0.076923 , 4.135327
0.948718 , 0.102564 , 4.202346
0.948718 , 0.128205 , 4.251965
0.948718 , 0.153846 , 4.270998
0.948718 , 0.179487 , 4.247509
0.948718 , 0.205128 , 4.171716
0.948718 , 0.230769 , 4.037967
0.948718 , 0.256410 , 3.841041
0.948718 , 0.282051 , 3.580314
0.948718 , 0.307692 , 3.255680
0.948718 , 0.333333 , 2.868835
0.948718 , 0.358974 , 2.423452
0.948718 , 0.384615 , 1.924321
0.948718 , 0.410256 , 1.380225
0.948718 , 0.435897 , 0.800654
0.948718 , 0.461538 , 0.194569
0.948718 , 0.487179 , -0.427633
0.948718 , 0.512821 , -1.054123
0.948718 , 0.538462 , -1.673477
0.948718 , 0.564103 , -2.274255
0.948718 , 0.589744 , -2.848102
0.948718 , 0.615385 , -3.385501
0.948718 , 0.641026 , -3.877235
0.948718 , 0.666667 , -4.314606
0.948718 , 0.692308 , -4.692956
0.948718 , 0.717949 , -5.008622
0.948718 , 0.743590 , -5.259369
0.948718 , 0.769231 , -5.445410
0.948718 , 0.794872 , -5.568048
0.948718 , 0.820513 , -5.633664
0.948718 , 0.846154 , -5.647903
0.948718 , 0.871795 , -5.621443
0.948718 , 0.897436 , -5.566123
0.948718 , 0.923077 , -5.495602
0.948718 , 0.948718 , -5.424978
0.948718 , 0.974359 , -5.371434
0.948718 , 1.000000 , -5.350767
0.974359 , 0.000000 , 4.184602
0.974359 , 0.025641 , 4.222344
0.974359 , 0.051282 , 4.316735
0.974359 , 0.076923 , 4.436977
0.974359 , 0.102564 , 4.557665
0.974359 , 0.128205 , 4.657998
0.974359 , 0.153846 , 4.720707
0.974359 , 0.179487 , 4.731656
0.974359 , 0.205128 , 4.680086
0.974359 , 0.230769 , 4.558964
0.974359 , 0.256410 , 4.362641
0.974359 , 0.282051 , 4.089818
0.974359 , 0.307692 , 3.740465
0.974359 , 0.333333 , 3.316991
0.974359 , 0.358974 , 2.824152
0.974359 , 0.384615 , 2.267918
0.974359 , 0.410256 , 1.657663
0.974359 , 0.435897 , 1.004428
0.974359 , 0.461538 , 0.320128
0.974359 , 0.487179 , -0.383088
0.974359 , 0.512821 , -1.091827
0.974359 , 0.538462 , -1.792224
0.974359 , 0.564103 , -2.471986
0.974359 , 0.589744 , -3.118982
0.974359 , 0.615385 , -3.722235
0.974359 , 0.641026 , -4.271308
0.974359 , 0.666667 , -4.757148
0.974359 , 0.692308 , -5.172644
0.974359 , 0.717949 , -5.513082
0.974359 , 0.743590 , -5.776112
0.974359 , 0.769231 , -5.961244
0.974359 , 0.794872 , -6.071238
0.974359 , 0.820513 , -6.112092
0.974359 , 0.846154 , -6.091532
0.974359 , 0.871795 , -6.021024
0.974359 , 0.897436 , -5.914811
0.974359 , 0.923077 , -5.789715
0.974359 , 0.948718 , -5.666326
0.974359 , 0.974359 , -5.570765
0.974359 , 1.000000 , -5.532163
1.000000 , 0.000000 , 4.295917
1.000000 , 0.025641 , 4.371760
1.000000 , 0.051282 , 4.537476
1.000000 , 0.076923 , 4.736011
1.000000 , 0.102564 , 4.931478
1.000000 , 0.128205 , 5.099172
1.000000 , 0.153846 , 5.219326
1.000000 , 0.179487 , 5.275638
1.000000 , 0.205128 , 5.256437
1.000000 , 0.230769 , 5.153005
1.000000 , 0.256410 , 4.959682
1.000000 , 0.282051 , 4.674439
1.000000 , 0.307692 , 4.297556
1.000000 , 0.333333 , 3.832782
1.000000 , 0.358974 , 3.286322
1.000000 , 0.384615 , 2.663531
1.000000 , 0.410256 , 1.976887
1.000000 , 0.435897 , 1.239002
1.000000 , 0.461538 , 0.463982
1.000000 , 0.487179 , -0.333567
1.000000 , 0.512821 , -1.137952
1.000000 , 0.538462 , -1.933502
1.000000 , 0.564103 , -2.703904
1.000000 , 0.589744 , -3.435706
1.000000 , 0.615385 , -4.115177
1.000000 , 0.641026 , -4.730413
1.000000 , 0.666667 , -5.271159
1.000000 , 0.692308 , -5.728581
1.000000 , 0.717949 , -6.096329
1.000000 , 0.743590 , -6.371710
1.000000 , 0.769231 , -6.554451
1.000000 , 0.794872 , -6.646591
1.000000 , 0.820513 , -6.654591
1.000000 , 0.846154 , -6.588674
1.000000 , 0.871795 , -6.460315
1.000000 , 0.897436 , -6.286503
1.000000 , 0.923077 , -6.085875
1.000000 , 0.948718 , -5.884721
1.000000 , 0.974359 , -5.717103
1.000000 , 1.000000 , -5.640256
