0.000000 , 0.000000 , 0.501334
0.000000 , 0.025641 , 0.501334
0.000000 , 0.051282 , 0.501334
0.000000 , 0.076923 , 0.501334
0.000000 , 0.102564 , 0.501334
0.000000 , 0.128205 , 0.501334
0.000000 , 0.153846 , 0.501334
0.000000 , 0.179487 , 0.501334
0.000000 , 0.205128 , 0.501334
0.000000 , 0.230769 , 0.501334
0.000000 , 0.256410 , 0.501334
0.000000 , 0.282051 , 0.501334
0.000000 , 0.307692 , 0.501334
0.000000 , 0.333333 , 0.501334
0.000000 , 0.358974 , 0.501334
0.000000 , 0.384615 , 0.501334
0.000000 , 0.410256 , 0.501334
0.000000 , 0.435897 , 0.501334
0.000000 , 0.461538 , 0.501334
0.000000 , 0.487179 , 0.501334
0.000000 , 0.512821 , 0.501334
0.000000 , 0.538462 , 0.501334
0.000000 , 0.564103 , 0.501334
0.000000 , 0.589744 , 0.501334
0.000000 , 0.615385 , 0.501334
0.000000 , 0.641026 , 0.501334
0.000000 , 0.666667 , 0.501334
0.000000 , 0.692308 , 0.501334
0.000000 , 0.717949 , 0.501334
0.000000 , 0.743590 , 0.501334
0.000000 , 0.769231 , 0.501334
0.000000 , 0.794872 , 0.501334
0.000000 , 0.820513 , 0.501334
0.000000 , 0.846154 , 0.501334
0.000000 , 0.871795 , 0.501334
0.000000 , 0.897436 , 0.501334
0.000000 , 0.923077 , 0.501334
0.000000 , 0.948718 , 0.501334
0.000000 , 0.974359 , 0.501334
0.000000 , 1.000000 , 0.501334
0.025641 , 0.000000 , 0.367338
0.025641 , 0.025641 , 0.367189
0.025641 , 0.051282 , 0.367306
0.025641 , 0.076923 , 0.367297
0.025641 , 0.102564 , 0.366932
0.025641 , 0.128205 , 0.365693
0.025641 , 0.153846 , 0.364624
0.025641 , 0.179487 , 0.363280
0.025641 , 0.205128 , 0.360865
0.025641 , 0.230769 , 0.357407
0.025641 , 0.256410 , 0.353686
0.025641 , 0.282051 , 0.349083
0.025641 , 0.307692 , 0.344921
0.025641 , 0.333333 , 0.339769
0.025641 , 0.358974 , 0.334762
0.025641 , 0.384615 , 0.329587
0.025641 , 0.410256 , 0.324025
0.025641 , 0.435897 , 0.318636
0.025641 , 0.461538 , 0.312727
0.025641 , 0.487179 , 0.305994
0.025641 , 0.512821 , 0.300302
0.025641 , 0.538462 , 0.294895
0.025641 , 0.564103 , 0.289403
0.025641 , 0.589744 , 0.284172
0.025641 , 0.615385 , 0.278601
0.025641 , 0.641026 , 0.273725
0.025641 , 0.666667 , 0.268694
0.025641 , 0.692308 , 0.264102
0.025641 , 0.717949 , 0.259787
0.025641 , 0.743590 , 0.256084
0.025641 , 0.769231 , 0.252928
0.025641 , 0.794872 , 0.250056
0.025641 , 0.820513 , 0.247690
0.025641 , 0.846154 , 0.245992
0.025641 , 0.871795 , 0.244456
0.025641 , 0.897436 , 0.243189
0.025641 , 0.923077 , 0.242392
0.025641 , 0.948718 , 0.241693
0.025641 , 0.974359 , 0.241134
0.025641 , 1.000000 , 0.240664
0.051282 , 0.000000 , 0.247170
0.051282 , 0.025641 , 0.247403
0.051282 , 0.051282 , 0.247845
0.051282 , 0.076923 , 0.247250
0.051282 , 0.102564 , 0.246392
0.051282 , 0.128205 , 0.245295
0.051282 , 0.153846 , 0.242344
0.051282 , 0.179487 , 0.238623
0.051282 , 0.205128 , 0.234209
0.051282 , 0.230769 , 0.227863
0.051282 , 0.256410 , 0.220551
0.051282 , 0.282051 , 0.211994
0.051282 , 0.307692 , 0.202572
0.051282 , 0.333333 , 0.193422
0.051282 , 0.358974 , 0.182651
0.051282 , 0.384615 , 0.172827
0.051282 , 0.410256 , 0.162298
0.051282 , 0.435897 , 0.150824
0.051282 , 0.461538 , 0.139022
0.051282 , 0.487179 , 0.126485
0.051282 , 0.512821 , 0.114226
0.051282 , 0.538462 , 0.103186
0.051282 , 0.564103 , 0.092235
0.051282 , 0.589744 , 0.081990
0.051282 , 0.615385 , 0.071036
0.051282 , 0.641026 , 0.061360
0.051282 , 0.666667 , 0.051951
0.051282 , 0.692308 , 0.042734
0.051282 , 0.717949 , 0.034586
0.051282 , 0.743590 , 0.027179
0.051282 , 0.769231 , 0.021368
0.051282 , 0.794872 , 0.015487
0.051282 , 0.820513 , 0.010592
0.051282 , 0.846154 , 0.006723
0.051282 , 0.871795 , 0.003381
0.051282 , 0.897436 , 0.000670
0.051282 , 0.923077 , -0.000850
0.051282 , 0.948718 , -0.002480
0.051282 , 0.974359 , -0.003104
0.051282 , 1.000000 , -0.003675
0.076923 , 0.000000 , 0.142271
0.076923 , 0.025641 , 0.141920
0.076923 , 0.051282 , 0.141763
0.076923 , 0.076923 , 0.141094
0.076923 , 0.102564 , 0.139511
0.076923 , 0.128205 , 0.137408
0.076923 , 0.153846 , 0.133235
0.076923 , 0.179487 , 0.127296
0.076923 , 0.205128 , 0.121154
0.076923 , 0.230769 , 0.113027
0.076923 , 0.256410 , 0.101999
0.076923 , 0.282051 , 0.089020
0.076923 , 0.307692 , 0.074590
0.076923 , 0.333333 , 0.060271
0.076923 , 0.358974 , 0.045554
0.076923 , 0.384615 , 0.030174
0.076923 , 0.410256 , 0.014354
0.076923 , 0.435897 , -0.002755
0.076923 , 0.461538 , -0.020477
0.076923 , 0.487179 , -0.038627
0.076923 , 0.512821 , -0.056638
0.076923 , 0.538462 , -0.073801
0.076923 , 0.564103 , -0.090746
0.076923 , 0.589744 , -0.106904
0.076923 , 0.615385 , -0.122510
0.076923 , 0.641026 , -0.137405
0.076923 , 0.666667 , -0.150655
0.076923 , 0.692308 , -0.163511
0.076923 , 0.717949 , -0.175438
0.076923 , 0.743590 , -0.186028
0.076923 , 0.769231 , -0.195657
0.076923 , 0.794872 , -0.204252
0.076923 , 0.820513 , -0.211876
0.076923 , 0.846154 , -0.218382
0.076923 , 0.871795 , -0.223638
0.076923 , 0.897436 , -0.227180
0.076923 , 0.923077 , -0.230036
0.076923 , 0.948718 , -0.231437
0.076923 , 0.974359 , -0.232161
0.076923 , 1.000000 , -0.232801
0.102564 , 0.000000 , 0.051449
0.102564 , 0.025641 , 0.050828
0.102564 , 0.051282 , 0.049580
0.102564 , 0.076923 , 0.048133
0.102564 , 0.102564 , 0.045829
0.102564 , 0.128205 , 0.042271
0.102564 , 0.153846 , 0.037135
0.102564 , 0.179487 , 0.029803
0.102564 , 0.205128 , 0.021375
0.102564 , 0.230769 , 0.010899
0.102564 , 0.256410 , -0.003437
0.102564 , 0.282051 , -0.020018
0.102564 , 0.307692 , -0.039100
0.102564 , 0.333333 , -0.058458
0.102564 , 0.358974 , -0.078217
0.102564 , 0.384615 , -0.099093
0.102564 , 0.410256 , -0.120803
0.102564 , 0.435897 , -0.142460
0.102564 , 0.461538 , -0.165402
0.102564 , 0.487179 , -0.189516
0.102564 , 0.512821 , -0.213794
0.102564 , 0.538462 , -0.236437
0.102564 , 0.564103 , -0.258775
0.102564 , 0.589744 , -0.280334
0.102564 , 0.615385 , -0.301219
0.102564 , 0.641026 , -0.320688
0.102564 , 0.666667 , -0.338888
0.102564 , 0.692308 , -0.356176
0.102564 , 0.717949 , -0.371551
0.102564 , 0.743590 , -0.385200
0.102564 , 0.769231 , -0.398049
0.102564 , 0.794872 , -0.409658
0.102564 , 0.820513 , -0.419636
0.102564 , 0.846154 , -0.428710
0.102564 , 0.871795 , -0.436344
0.102564 , 0.897436 , -0.441098
0.102564 , 0.923077 , -0.444971
0.102564 , 0.948718 , -0.447556
0.102564 , 0.974359 , -0.447947
0.102564 , 1.000000 , -0.448668
0.128205 , 0.000000 , -0.027346
0.128205 , 0.025641 , -0.028004
0.128205 , 0.051282 , -0.029607
0.128205 , 0.076923 , -0.032378
0.128205 , 0.102564 , -0.036044
0.128205 , 0.128205 , -0.041393
0.128205 , 0.153846 , -0.048079
0.128205 , 0.179487 , -0.055864
0.128205 , 0.205128 , -0.066256
0.128205 , 0.230769 , -0.079448
0.128205 , 0.256410 , -0.096953
0.128205 , 0.282051 , -0.117317
0.128205 , 0.307692 , -0.140183
0.128205 , 0.333333 , -0.164549
0.128205 , 0.358974 , -0.189096
0.128205 , 0.384615 , -0.214499
0.128205 , 0.410256 , -0.241770
0.128205 , 0.435897 , -0.268741
0.128205 , 0.461538 , -0.297082
0.128205 , 0.487179 , -0.326773
0.128205 , 0.512821 , -0.356206
0.128205 , 0.538462 , -0.384658
0.128205 , 0.564103 , -0.413432
0.128205 , 0.589744 , -0.440436
0.128205 , 0.615385 , -0.465972
0.128205 , 0.641026 , -0.489645
0.128205 , 0.666667 , -0.512872
0.128205 , 0.692308 , -0.535234
0.128205 , 0.717949 , -0.555029
0.128205 , 0.743590 , -0.572061
0.128205 , 0.769231 , -0.588494
0.128205 , 0.794872 , -0.603436
0.128205 , 0.820513 , -0.614793
0.128205 , 0.846154 , -0.625348
0.128205 , 0.871795 , -0.635327
0.128205 , 0.897436 , -0.641979
0.128205 , 0.923077 , -0.646346
0.128205 , 0.948718 , -0.649712
0.128205 , 0.974359 , -0.651328
0.128205 , 1.000000 , -0.651763
0.153846 , 0.000000 , -0.094000
0.153846 , 0.025641 , -0.094912
0.153846 , 0.051282 , -0.096780
0.153846 , 0.076923 , -0.100075
0.153846 , 0.102564 , -0.105651
0.153846 , 0.128205 , -0.112280
0.153846 , 0.153846 , -0.120672
0.153846 , 0.179487 , -0.129969
0.153846 , 0.205128 , -0.142508
0.153846 , 0.230769 , -0.158535
0.153846 , 0.256410 , -0.179320
0.153846 , 0.282051 , -0.203153
0.153846 , 0.307692 , -0.229844
0.153846 , 0.333333 , -0.257698
0.153846 , 0.358974 , -0.286845
0.153846 , 0.384615 , -0.317223
0.153846 , 0.410256 , -0.349735
0.153846 , 0.435897 , -0.382593
0.153846 , 0.461538 , -0.416035
0.153846 , 0.487179 , -0.450909
0.153846 , 0.512821 , -0.485770
0.153846 , 0.538462 , -0.520088
0.153846 , 0.564103 , -0.554456
0.153846 , 0.589744 , -0.586957
0.153846 , 0.615385 , -0.617610
0.153846 , 0.641026 , -0.646190
0.153846 , 0.666667 , -0.674293
0.153846 , 0.692308 , -0.700687
0.153846 , 0.717949 , -0.724764
0.153846 , 0.743590 , -0.745935
0.153846 , 0.769231 , -0.765715
0.153846 , 0.794872 , -0.783376
0.153846 , 0.820513 , -0.797925
0.153846 , 0.846154 , -0.809862
0.153846 , 0.871795 , -0.821262
0.153846 , 0.897436 , -0.829717
0.153846 , 0.923077 , -0.835322
0.153846 , 0.948718 , -0.838891
0.153846 , 0.974359 , -0.841433
0.153846 , 1.000000 , -0.842423
0.179487 , 0.000000 , -0.148042
0.179487 , 0.025641 , -0.149468
0.179487 , 0.051282 , -0.152058
0.179487 , 0.076923 , -0.155573
0.179487 , 0.102564 , -0.162077
0.179487 , 0.128205 , -0.170079
0.179487 , 0.153846 , -0.180078
0.179487 , 0.179487 , -0.192188
0.179487 , 0.205128 , -0.207803
0.179487 , 0.230769 , -0.227491
0.179487 , 0.256410 , -0.251143
0.179487 , 0.282051 , -0.278212
0.179487 , 0.307692 , -0.308466
0.179487 , 0.333333 , -0.340177
0.179487 , 0.358974 , -0.373779
0.179487 , 0.384615 , -0.408718
0.179487 , 0.410256 , -0.446272
0.179487 , 0.435897 , -0.484630
0.179487 , 0.461538 , -0.524063
0.179487 , 0.487179 , -0.563412
0.179487 , 0.512821 , -0.603875
0.179487 , 0.538462 , -0.644060
0.179487 , 0.564103 , -0.683140
0.179487 , 0.589744 , -0.720974
0.179487 , 0.615385 , -0.756766
0.179487 , 0.641026 , -0.791284
0.179487 , 0.666667 , -0.824540
0.179487 , 0.692308 , -0.855471
0.179487 , 0.717949 , -0.883518
0.179487 , 0.743590 , -0.908290
0.179487 , 0.769231 , -0.930593
0.179487 , 0.794872 , -0.950746
0.179487 , 0.820513 , -0.968009
0.179487 , 0.846154 , -0.982656
0.179487 , 0.871795 , -0.995232
0.179487 , 0.897436 , -1.005403
0.179487 , 0.923077 , -1.013229
0.179487 , 0.948718 , -1.017000
0.179487 , 0.974359 , -1.019263
0.179487 , 1.000000 , -1.020528
0.205128 , 0.000000 , -0.191086
0.205128 , 0.025641 , -0.192512
0.205128 , 0.051282 , -0.196234
0.205128 , 0.076923 , -0.200453
0.205128 , 0.102564 , -0.207669
0.205128 , 0.128205 , -0.217265
0.205128 , 0.153846 , -0.229405
0.205128 , 0.179487 , -0.244374
0.205128 , 0.205128 , -0.263234
0.205128 , 0.230769 , -0.286882
0.205128 , 0.256410 , -0.313580
0.205128 , 0.282051 , -0.342542
0.205128 , 0.307692 , -0.375882
0.205128 , 0.333333 , -0.411960
0.205128 , 0.358974 , -0.450544
0.205128 , 0.384615 , -0.490194
0.205128 , 0.410256 , -0.532470
0.205128 , 0.435897 , -0.576083
0.205128 , 0.461538 , -0.620613
0.205128 , 0.487179 , -0.665441
0.205128 , 0.512821 , -0.711336
0.205128 , 0.538462 , -0.756574
0.205128 , 0.564103 , -0.800620
0.205128 , 0.589744 , -0.843592
0.205128 , 0.615385 , -0.884105
0.205128 , 0.641026 , -0.923946
0.205128 , 0.666667 , -0.962104
0.205128 , 0.692308 , -0.997702
0.205128 , 0.717949 , -1.029500
0.205128 , 0.743590 , -1.058963
0.205128 , 0.769231 , -1.084765
0.205128 , 0.794872 , -1.106997
0.205128 , 0.820513 , -1.126432
0.205128 , 0.846154 , -1.143623
0.205128 , 0.871795 , -1.157783
0.205128 , 0.897436 , -1.170192
0.205128 , 0.923077 , -1.180041
0.205128 , 0.948718 , -1.184916
0.205128 , 0.974359 , -1.187268
0.205128 , 1.000000 , -1.188910
0.230769 , 0.000000 , -0.223473
0.230769 , 0.025641 , -0.225052
0.230769 , 0.051282 , -0.229470
0.230769 , 0.076923 , -0.235167
0.230769 , 0.102564 , -0.243448
0.230769 , 0.128205 , -0.254771
0.230769 , 0.153846 , -0.269452
0.230769 , 0.179487 , -0.287222
0.230769 , 0.205128 , -0.309102
0.230769 , 0.230769 , -0.336142
0.230769 , 0.256410 , -0.366148
0.230769 , 0.282051 , -0.398008
0.230769 , 0.307692 , -0.434091
0.230769 , 0.333333 , -0.473578
0.230769 , 0.358974 , -0.516803
0.230769 , 0.384615 , -0.561407
0.230769 , 0.410256 , -0.608464
0.230769 , 0.435897 , -0.656719
0.230769 , 0.461538 , -0.706421
0.230769 , 0.487179 , -0.756853
0.230769 , 0.512821 , -0.808071
0.230769 , 0.538462 , -0.858665
0.230769 , 0.564103 , -0.908461
0.230769 , 0.589744 , -0.956761
0.230769 , 0.615385 , -1.002674
0.230769 , 0.641026 , -1.046778
0.230769 , 0.666667 , -1.088834
0.230769 , 0.692308 , -1.128995
0.230769 , 0.717949 , -1.165743
0.230769 , 0.743590 , -1.198825
0.230769 , 0.769231 , -1.228518
0.230769 , 0.794872 , -1.253824
0.230769 , 0.820513 , -1.275261
0.230769 , 0.846154 , -1.295233
0.230769 , 0.871795 , -1.311736
0.230769 , 0.897436 , -1.325932
0.230769 , 0.923077 , -1.336746
0.230769 , 0.948718 , -1.342995
0.230769 , 0.974359 , -1.346787
0.230769 , 1.000000 , -1.348170
0.256410 , 0.000000 , -0.246396
0.256410 , 0.025641 , -0.247542
0.256410 , 0.051282 , -0.252370
0.256410 , 0.076923 , -0.259491
0.256410 , 0.102564 , -0.269465
0.256410 , 0.128205 , -0.283055
0.256410 , 0.153846 , -0.300069
0.256410 , 0.179487 , -0.320653
0.256410 , 0.205128 , -0.345635
0.256410 , 0.230769 , -0.374883
0.256410 , 0.256410 , -0.407852
0.256410 , 0.282051 , -0.443708
0.256410 , 0.307692 , -0.482979
0.256410 , 0.333333 , -0.526333
0.256410 , 0.358974 , -0.573372
0.256410 , 0.384615 , -0.622938
0.256410 , 0.410256 , -0.674773
0.256410 , 0.435897 , -0.727760
0.256410 , 0.461538 , -0.782517
0.256410 , 0.487179 , -0.838466
0.256410 , 0.512821 , -0.894889
0.256410 , 0.538462 , -0.951304
0.256410 , 0.564103 , -1.007018
0.256410 , 0.589744 , -1.060223
0.256410 , 0.615385 , -1.111305
0.256410 , 0.641026 , -1.160294
0.256410 , 0.666667 , -1.206511
0.256410 , 0.692308 , -1.250822
0.256410 , 0.717949 , -1.292133
0.256410 , 0.743590 , -1.329358
0.256410 , 0.769231 , -1.361902
0.256410 , 0.794872 , -1.390659
0.256410 , 0.820513 , -1.415108
0.256410 , 0.846154 , -1.437033
0.256410 , 0.871795 , -1.456095
0.256410 , 0.897436 , -1.472967
0.256410 , 0.923077 , -1.485071
0.256410 , 0.948718 , -1.492232
0.256410 , 0.974359 , -1.497442
0.256410 , 1.000000 , -1.499160
0.282051 , 0.000000 , -0.258690
0.282051 , 0.025641 , -0.260294
0.282051 , 0.051282 , -0.265379
0.282051 , 0.076923 , -0.273431
0.282051 , 0.102564 , -0.285247
0.282051 , 0.128205 , -0.300951
0.282051 , 0.153846 , -0.320829
0.282051 , 0.179487 , -0.344353
0.282051 , 0.205128 , -0.373051
0.282051 , 0.230769 , -0.405827
0.282051 , 0.256410 , -0.440817
0.282051 , 0.282051 , -0.480800
0.282051 , 0.307692 , -0.523579
0.282051 , 0.333333 , -0.570629
0.282051 , 0.358974 , -0.621401
0.282051 , 0.384615 , -0.675508
0.282051 , 0.410256 , -0.732180
0.282051 , 0.435897 , -0.790185
0.282051 , 0.461538 , -0.850056
0.282051 , 0.487179 , -0.911661
0.282051 , 0.512821 , -0.973381
0.282051 , 0.538462 , -1.035065
0.282051 , 0.564103 , -1.096282
0.282051 , 0.589744 , -1.154668
0.282051 , 0.615385 , -1.210484
0.282051 , 0.641026 , -1.264218
0.282051 , 0.666667 , -1.315259
0.282051 , 0.692308 , -1.364236
0.282051 , 0.717949 , -1.409882
0.282051 , 0.743590 , -1.451511
0.282051 , 0.769231 , -1.487361
0.282051 , 0.794872 , -1.519124
0.282051 , 0.820513 , -1.547097
0.282051 , 0.846154 , -1.572464
0.282051 , 0.871795 , -1.592803
0.282051 , 0.897436 , -1.611475
0.282051 , 0.923077 , -1.625770
0.282051 , 0.948718 , -1.634667
0.282051 , 0.974359 , -1.640518
0.282051 , 1.000000 , -1.642373
0.307692 , 0.000000 , -0.260962
0.307692 , 0.025641 , -0.262990
0.307692 , 0.051282 , -0.268868
0.307692 , 0.076923 , -0.277960
0.307692 , 0.102564 , -0.291346
0.307692 , 0.128205 , -0.309399
0.307692 , 0.153846 , -0.331867
0.307692 , 0.179487 , -0.358898
0.307692 , 0.205128 , -0.390804
0.307692 , 0.230769 , -0.427117
0.307692 , 0.256410 , -0.466316
0.307692 , 0.282051 , -0.509075
0.307692 , 0.307692 , -0.556109
0.307692 , 0.333333 , -0.607271
0.307692 , 0.358974 , -0.662325
0.307692 , 0.384615 , -0.720726
0.307692 , 0.410256 , -0.781953
0.307692 , 0.435897 , -0.844494
0.307692 , 0.461538 , -0.909339
0.307692 , 0.487179 , -0.976144
0.307692 , 0.512821 , -1.043541
0.307692 , 0.538462 , -1.110468
0.307692 , 0.564103 , -1.176470
0.307692 , 0.589744 , -1.240309
0.307692 , 0.615385 , -1.301620
0.307692 , 0.641026 , -1.360372
0.307692 , 0.666667 , -1.416362
0.307692 , 0.692308 , -1.469566
0.307692 , 0.717949 , -1.518932
0.307692 , 0.743590 , -1.564427
0.307692 , 0.769231 , -1.605265
0.307692 , 0.794872 , -1.641059
0.307692 , 0.820513 , -1.673309
0.307692 , 0.846154 , -1.701404
0.307692 , 0.871795 , -1.724456
0.307692 , 0.897436 , -1.744641
0.307692 , 0.923077 , -1.760007
0.307692 , 0.948718 , -1.770617
0.307692 , 0.974359 , -1.776865
0.307692 , 1.000000 , -1.779148
0.333333 , 0.000000 , -0.253562
0.333333 , 0.025641 , -0.255901
0.333333 , 0.051282 , -0.262374
0.333333 , 0.076923 , -0.272911
0.333333 , 0.102564 , -0.288310
0.333333 , 0.128205 , -0.308560
0.333333 , 0.153846 , -0.334143
0.333333 , 0.179487 , -0.364314
0.333333 , 0.205128 , -0.399554
0.333333 , 0.230769 , -0.439225
0.333333 , 0.256410 , -0.482401
0.333333 , 0.282051 , -0.529590
0.333333 , 0.307692 , -0.580823
0.333333 , 0.333333 , -0.636203
0.333333 , 0.358974 , -0.695786
0.333333 , 0.384615 , -0.758963
0.333333 , 0.410256 , -0.824806
0.333333 , 0.435897 , -0.892028
0.333333 , 0.461538 , -0.961507
0.333333 , 0.487179 , -1.033140
0.333333 , 0.512821 , -1.105852
0.333333 , 0.538462 , -1.177871
0.333333 , 0.564103 , -1.248598
0.333333 , 0.589744 , -1.317595
0.333333 , 0.615385 , -1.384538
0.333333 , 0.641026 , -1.448905
0.333333 , 0.666667 , -1.510049
0.333333 , 0.692308 , -1.567705
0.333333 , 0.717949 , -1.621432
0.333333 , 0.743590 , -1.670876
0.333333 , 0.769231 , -1.716406
0.333333 , 0.794872 , -1.756647
0.333333 , 0.820513 , -1.793439
0.333333 , 0.846154 , -1.824994
0.333333 , 0.871795 , -1.851060
0.333333 , 0.897436 , -1.873241
0.333333 , 0.923077 , -1.889756
0.333333 , 0.948718 , -1.901093
0.333333 , 0.974359 , -1.908604
0.333333 , 1.000000 , -1.910794
0.358974 , 0.000000 , -0.236055
0.358974 , 0.025641 , -0.238077
0.358974 , 0.051282 , -0.245959
0.358974 , 0.076923 , -0.257934
0.358974 , 0.102564 , -0.275974
0.358974 , 0.128205 , -0.299156
0.358974 , 0.153846 , -0.326798
0.358974 , 0.179487 , -0.360319
0.358974 , 0.205128 , -0.398272
0.358974 , 0.230769 , -0.441882
0.358974 , 0.256410 , -0.489378
0.358974 , 0.282051 , -0.541648
0.358974 , 0.307692 , -0.598192
0.358974 , 0.333333 , -0.658048
0.358974 , 0.358974 , -0.721975
0.358974 , 0.384615 , -0.789651
0.358974 , 0.410256 , -0.860797
0.358974 , 0.435897 , -0.933124
0.358974 , 0.461538 , -1.007288
0.358974 , 0.487179 , -1.083562
0.358974 , 0.512821 , -1.161049
0.358974 , 0.538462 , -1.238249
0.358974 , 0.564103 , -1.314066
0.358974 , 0.589744 , -1.388177
0.358974 , 0.615385 , -1.460525
0.358974 , 0.641026 , -1.530114
0.358974 , 0.666667 , -1.596869
0.358974 , 0.692308 , -1.659881
0.358974 , 0.717949 , -1.718551
0.358974 , 0.743590 , -1.773152
0.358974 , 0.769231 , -1.822948
0.358974 , 0.794872 , -1.867754
0.358974 , 0.820513 , -1.908202
0.358974 , 0.846154 , -1.943047
0.358974 , 0.871795 , -1.972426
0.358974 , 0.897436 , -1.996696
0.358974 , 0.923077 , -2.015103
0.358974 , 0.948718 , -2.027056
0.358974 , 0.974359 , -2.036079
0.358974 , 1.000000 , -2.039085
0.384615 , 0.000000 , -0.208160
0.384615 , 0.025641 , -0.210236
0.384615 , 0.051282 , -0.218730
0.384615 , 0.076923 , -0.233496
0.384615 , 0.102564 , -0.253607
0.384615 , 0.128205 , -0.279558
0.384615 , 0.153846 , -0.310569
0.384615 , 0.179487 , -0.346826
0.384615 , 0.205128 , -0.389202
0.384615 , 0.230769 , -0.437029
0.384615 , 0.256410 , -0.488762
0.384615 , 0.282051 , -0.545179
0.384615 , 0.307692 , -0.607267
0.384615 , 0.333333 , -0.672236
0.384615 , 0.358974 , -0.740739
0.384615 , 0.384615 , -0.812929
0.384615 , 0.410256 , -0.889471
0.384615 , 0.435897 , -0.967514
0.384615 , 0.461538 , -1.046881
0.384615 , 0.487179 , -1.128148
0.384615 , 0.512821 , -1.210629
0.384615 , 0.538462 , -1.293028
0.384615 , 0.564103 , -1.373813
0.384615 , 0.589744 , -1.453353
0.384615 , 0.615385 , -1.531609
0.384615 , 0.641026 , -1.606476
0.384615 , 0.666667 , -1.678666
0.384615 , 0.692308 , -1.747240
0.384615 , 0.717949 , -1.811426
0.384615 , 0.743590 , -1.870867
0.384615 , 0.769231 , -1.925291
0.384615 , 0.794872 , -1.975086
0.384615 , 0.820513 , -2.019868
0.384615 , 0.846154 , -2.057978
0.384615 , 0.871795 , -2.090576
0.384615 , 0.897436 , -2.116773
0.384615 , 0.923077 , -2.136406
0.384615 , 0.948718 , -2.149954
0.384615 , 0.974359 , -2.159246
0.384615 , 1.000000 , -2.162669
0.410256 , 0.000000 , -0.168964
0.410256 , 0.025641 , -0.172247
0.410256 , 0.051282 , -0.181709
0.410256 , 0.076923 , -0.198245
0.410256 , 0.102564 , -0.221002
0.410256 , 0.128205 , -0.249545
0.410256 , 0.153846 , -0.283951
0.410256 , 0.179487 , -0.323499
0.410256 , 0.205128 , -0.369481
0.410256 , 0.230769 , -0.421895
0.410256 , 0.256410 , -0.478879
0.410256 , 0.282051 , -0.540093
0.410256 , 0.307692 , -0.607265
0.410256 , 0.333333 , -0.677706
0.410256 , 0.358974 , -0.752142
0.410256 , 0.384615 , -0.829651
0.410256 , 0.410256 , -0.910981
0.410256 , 0.435897 , -0.994338
0.410256 , 0.461538 , -1.079677
0.410256 , 0.487179 , -1.166849
0.410256 , 0.512821 , -1.254835
0.410256 , 0.538462 , -1.342499
0.410256 , 0.564103 , -1.428822
0.410256 , 0.589744 , -1.514281
0.410256 , 0.615385 , -1.598093
0.410256 , 0.641026 , -1.679250
0.410256 , 0.666667 , -1.757056
0.410256 , 0.692308 , -1.831711
0.410256 , 0.717949 , -1.901850
0.410256 , 0.743590 , -1.966809
0.410256 , 0.769231 , -2.026202
0.410256 , 0.794872 , -2.079922
0.410256 , 0.820513 , -2.128376
0.410256 , 0.846154 , -2.170291
0.410256 , 0.871795 , -2.205581
0.410256 , 0.897436 , -2.234367
0.410256 , 0.923077 , -2.255258
0.410256 , 0.948718 , -2.270996
0.410256 , 0.974359 , -2.280869
0.410256 , 1.000000 , -2.284259
0.435897 , 0.000000 , -0.120753
0.435897 , 0.025641 , -0.124252
0.435897 , 0.051282 , -0.134686
0.435897 , 0.076923 , -0.152796
0.435897 , 0.102564 , -0.177980
0.435897 , 0.128205 , -0.209778
0.435897 , 0.153846 , -0.247650
0.435897 , 0.179487 , -0.290777
0.435897 , 0.205128 , -0.340664
0.435897 , 0.230769 , -0.396398
0.435897 , 0.256410 , -0.458755
0.435897 , 0.282051 , -0.526094
0.435897 , 0.307692 , -0.598938
0.435897 , 0.333333 , -0.675891
0.435897 , 0.358974 , -0.756166
0.435897 , 0.384615 , -0.839411
0.435897 , 0.410256 , -0.925977
0.435897 , 0.435897 , -1.015177
0.435897 , 0.461538 , -1.106695
0.435897 , 0.487179 , -1.200311
0.435897 , 0.512821 , -1.294786
0.435897 , 0.538462 , -1.388701
0.435897 , 0.564103 , -1.481175
0.435897 , 0.589744 , -1.572182
0.435897 , 0.615385 , -1.661956
0.435897 , 0.641026 , -1.750128
0.435897 , 0.666667 , -1.834324
0.435897 , 0.692308 , -1.914084
0.435897 , 0.717949 , -1.989705
0.435897 , 0.743590 , -2.059852
0.435897 , 0.769231 , -2.124260
0.435897 , 0.794872 , -2.182790
0.435897 , 0.820513 , -2.235245
0.435897 , 0.846154 , -2.280627
0.435897 , 0.871795 , -2.318697
0.435897 , 0.897436 , -2.349996
0.435897 , 0.923077 , -2.373200
0.435897 , 0.948718 , -2.390481
0.435897 , 0.974359 , -2.401442
0.435897 , 1.000000 , -2.404790
0.461538 , 0.000000 , -0.061860
0.461538 , 0.025641 , -0.065734
0.461538 , 0.051282 , -0.077313
0.461538 , 0.076923 , -0.096975
0.461538 , 0.102564 , -0.124716
0.461538 , 0.128205 , -0.159560
0.461538 , 0.153846 , -0.200334
0.461538 , 0.179487 , -0.247964
0.461538 , 0.205128 , -0.301933
0.461538 , 0.230769 , -0.362513
0.461538 , 0.256410 , -0.430032
0.461538 , 0.282051 , -0.504077
0.461538 , 0.307692 , -0.582747
0.461538 , 0.333333 , -0.665090
0.461538 , 0.358974 , -0.751797
0.461538 , 0.384615 , -0.841663
0.461538 , 0.410256 , -0.934593
0.461538 , 0.435897 , -1.030437
0.461538 , 0.461538 , -1.128800
0.461538 , 0.487179 , -1.229302
0.461538 , 0.512821 , -1.330420
0.461538 , 0.538462 , -1.431312
0.461538 , 0.564103 , -1.530772
0.461538 , 0.589744 , -1.628322
0.461538 , 0.615385 , -1.723946
0.461538 , 0.641026 , -1.818436
0.461538 , 0.666667 , -1.909357
0.461538 , 0.692308 , -1.994952
0.461538 , 0.717949 , -2.075776
0.461538 , 0.743590 , -2.151189
0.461538 , 0.769231 , -2.220490
0.461538 , 0.794872 , -2.284324
0.461538 , 0.820513 , -2.341207
0.461538 , 0.846154 , -2.390411
0.461538 , 0.871795 , -2.432224
0.461538 , 0.897436 , -2.466218
0.461538 , 0.923077 , -2.492170
0.461538 , 0.948718 , -2.510485
0.461538 , 0.974359 , -2.521799
0.461538 , 1.000000 , -2.525726
0.487179 , 0.000000 , 0.007847
0.487179 , 0.025641 , 0.003722
0.487179 , 0.051282 , -0.009122
0.487179 , 0.076923 , -0.030373
0.487179 , 0.102564 , -0.060351
0.487179 , 0.128205 , -0.097387
0.487179 , 0.153846 , -0.141346
0.487179 , 0.179487 , -0.193707
0.487179 , 0.205128 , -0.252843
0.487179 , 0.230769 , -0.318518
0.487179 , 0.256410 , -0.391443
0.487179 , 0.282051 , -0.471583
0.487179 , 0.307692 , -0.557276
0.487179 , 0.333333 , -0.645930
0.487179 , 0.358974 , -0.739058
0.487179 , 0.384615 , -0.836180
0.487179 , 0.410256 , -0.936535
0.487179 , 0.435897 , -1.040180
0.487179 , 0.461538 , -1.146100
0.487179 , 0.487179 , -1.253999
0.487179 , 0.512821 , -1.362717
0.487179 , 0.538462 , -1.471395
0.487179 , 0.564103 , -1.578513
0.487179 , 0.589744 , -1.683108
0.487179 , 0.615385 , -1.785942
0.487179 , 0.641026 , -1.886473
0.487179 , 0.666667 , -1.983840
0.487179 , 0.692308 , -2.075864
0.487179 , 0.717949 , -2.162622
0.487179 , 0.743590 , -2.243680
0.487179 , 0.769231 , -2.317989
0.487179 , 0.794872 , -2.386570
0.487179 , 0.820513 , -2.448243
0.487179 , 0.846154 , -2.501418
0.487179 , 0.871795 , -2.546888
0.487179 , 0.897436 , -2.583568
0.487179 , 0.923077 , -2.611595
0.487179 , 0.948718 , -2.631484
0.487179 , 0.974359 , -2.644033
0.487179 , 1.000000 , -2.648253
0.512821 , 0.000000 , 0.087395
0.512821 , 0.025641 , 0.083338
0.512821 , 0.051282 , 0.069401
0.512821 , 0.076923 , 0.047041
0.512821 , 0.102564 , 0.014711
0.512821 , 0.128205 , -0.024783
0.512821 , 0.153846 , -0.072436
0.512821 , 0.179487 , -0.129076
0.512821 , 0.205128 , -0.193384
0.512821 , 0.230769 , -0.264710
0.512821 , 0.256410 , -0.343557
0.512821 , 0.282051 , -0.429318
0.512821 , 0.307692 , -0.521032
0.512821 , 0.333333 , -0.617109
0.512821 , 0.358974 , -0.718094
0.512821 , 0.384615 , -0.823602
0.512821 , 0.410256 , -0.931897
0.512821 , 0.435897 , -1.043928
0.512821 , 0.461538 , -1.158146
0.512821 , 0.487179 , -1.274081
0.512821 , 0.512821 , -1.391103
0.512821 , 0.538462 , -1.507709
0.512821 , 0.564103 , -1.623720
0.512821 , 0.589744 , -1.736710
0.512821 , 0.615385 , -1.847010
0.512821 , 0.641026 , -1.954636
0.512821 , 0.666667 , -2.058760
0.512821 , 0.692308 , -2.157401
0.512821 , 0.717949 , -2.250601
0.512821 , 0.743590 , -2.338057
0.512821 , 0.769231 , -2.418266
0.512821 , 0.794872 , -2.491238
0.512821 , 0.820513 , -2.557071
0.512821 , 0.846154 , -2.614173
0.512821 , 0.871795 , -2.663178
0.512821 , 0.897436 , -2.702860
0.512821 , 0.923077 , -2.733143
0.512821 , 0.948718 , -2.754988
0.512821 , 0.974359 , -2.768390
0.512821 , 1.000000 , -2.772979
0.538462 , 0.000000 , 0.179223
0.538462 , 0.025641 , 0.174208
0.538462 , 0.051282 , 0.158938
0.538462 , 0.076923 , 0.135177
0.538462 , 0.102564 , 0.100758
0.538462 , 0.128205 , 0.058469
0.538462 , 0.153846 , 0.007110
0.538462 , 0.179487 , -0.053942
0.538462 , 0.205128 , -0.122905
0.538462 , 0.230769 , -0.199459
0.538462 , 0.256410 , -0.284677
0.538462 , 0.282051 , -0.376874
0.538462 , 0.307692 , -0.475108
0.538462 , 0.333333 , -0.579054
0.538462 , 0.358974 , -0.688586
0.538462 , 0.384615 , -0.803015
0.538462 , 0.410256 , -0.921007
0.538462 , 0.435897 , -1.042173
0.538462 , 0.461538 , -1.165687
0.538462 , 0.487179 , -1.290296
0.538462 , 0.512821 , -1.416064
0.538462 , 0.538462 , -1.541909
0.538462 , 0.564103 , -1.666947
0.538462 , 0.589744 , -1.790035
0.538462 , 0.615385 , -1.909391
0.538462 , 0.641026 , -2.024797
0.538462 , 0.666667 , -2.136204
0.538462 , 0.692308 , -2.241738
0.538462 , 0.717949 , -2.341629
0.538462 , 0.743590 , -2.435222
0.538462 , 0.769231 , -2.521352
0.538462 , 0.794872 , -2.599547
0.538462 , 0.820513 , -2.669786
0.538462 , 0.846154 , -2.730981
0.538462 , 0.871795 , -2.782579
0.538462 , 0.897436 , -2.825226
0.538462 , 0.923077 , -2.858342
0.538462 , 0.948718 , -2.882306
0.538462 , 0.974359 , -2.895697
0.538462 , 1.000000 , -2.900531
0.564103 , 0.000000 , 0.283263
0.564103 , 0.025641 , 0.277587
0.564103 , 0.051282 , 0.261472
0.564103 , 0.076923 , 0.236004
0.564103 , 0.102564 , 0.199510
0.564103 , 0.128205 , 0.153751
0.564103 , 0.153846 , 0.098482
0.564103 , 0.179487 , 0.033009
0.564103 , 0.205128 , -0.040914
0.564103 , 0.230769 , -0.122928
0.564103 , 0.256410 , -0.213887
0.564103 , 0.282051 , -0.313182
0.564103 , 0.307692 , -0.418953
0.564103 , 0.333333 , -0.531761
0.564103 , 0.358974 , -0.650879
0.564103 , 0.384615 , -0.774727
0.564103 , 0.410256 , -0.902696
0.564103 , 0.435897 , -1.034650
0.564103 , 0.461538 , -1.168841
0.564103 , 0.487179 , -1.304052
0.564103 , 0.512821 , -1.440029
0.564103 , 0.538462 , -1.576409
0.564103 , 0.564103 , -1.711403
0.564103 , 0.589744 , -1.843805
0.564103 , 0.615385 , -1.973141
0.564103 , 0.641026 , -2.098114
0.564103 , 0.666667 , -2.217450
0.564103 , 0.692308 , -2.330596
0.564103 , 0.717949 , -2.437671
0.564103 , 0.743590 , -2.537306
0.564103 , 0.769231 , -2.628842
0.564103 , 0.794872 , -2.712042
0.564103 , 0.820513 , -2.787066
0.564103 , 0.846154 , -2.851940
0.564103 , 0.871795 , -2.907397
0.564103 , 0.897436 , -2.953649
0.564103 , 0.923077 , -2.988999
0.564103 , 0.948718 , -3.014005
0.564103 , 0.974359 , -3.028165
0.564103 , 1.000000 , -3.033294
0.589744 , 0.000000 , 0.398880
0.589744 , 0.025641 , 0.393651
0.589744 , 0.051282 , 0.376865
0.589744 , 0.076923 , 0.349606
0.589744 , 0.102564 , 0.311344
0.589744 , 0.128205 , 0.262231
0.589744 , 0.153846 , 0.202702
0.589744 , 0.179487 , 0.133075
0.589744 , 0.205128 , 0.054207
0.589744 , 0.230769 , -0.033897
0.589744 , 0.256410 , -0.131243
0.589744 , 0.282051 , -0.237842
0.589744 , 0.307692 , -0.352375
0.589744 , 0.333333 , -0.474709
0.589744 , 0.358974 , -0.603936
0.589744 , 0.384615 , -0.738723
0.589744 , 0.410256 , -0.878253
0.589744 , 0.435897 , -1.021660
0.589744 , 0.461538 , -1.167375
0.589744 , 0.487179 , -1.315000
0.589744 , 0.512821 , -1.462922
0.589744 , 0.538462 , -1.611040
0.589744 , 0.564103 , -1.757432
0.589744 , 0.589744 , -1.900473
0.589744 , 0.615385 , -2.039842
0.589744 , 0.641026 , -2.174957
0.589744 , 0.666667 , -2.303678
0.589744 , 0.692308 , -2.424797
0.589744 , 0.717949 , -2.538562
0.589744 , 0.743590 , -2.644620
0.589744 , 0.769231 , -2.741537
0.589744 , 0.794872 , -2.829715
0.589744 , 0.820513 , -2.908689
0.589744 , 0.846154 , -2.977807
0.589744 , 0.871795 , -3.037287
0.589744 , 0.897436 , -3.087063
0.589744 , 0.923077 , -3.125445
0.589744 , 0.948718 , -3.151861
0.589744 , 0.974359 , -3.167210
0.589744 , 1.000000 , -3.172303
0.615385 , 0.000000 , 0.528335
0.615385 , 0.025641 , 0.523014
0.615385 , 0.051282 , 0.505363
0.615385 , 0.076923 , 0.476655
0.615385 , 0.102564 , 0.436466
0.615385 , 0.128205 , 0.384164
0.615385 , 0.153846 , 0.320637
0.615385 , 0.179487 , 0.246468
0.615385 , 0.205128 , 0.162155
0.615385 , 0.230769 , 0.068000
0.615385 , 0.256410 , -0.036406
0.615385 , 0.282051 , -0.151182
0.615385 , 0.307692 , -0.274754
0.615385 , 0.333333 , -0.407351
0.615385 , 0.358974 , -0.547785
0.615385 , 0.384615 , -0.694572
0.615385 , 0.410256 , -0.846702
0.615385 , 0.435897 , -1.003200
0.615385 , 0.461538 , -1.162591
0.615385 , 0.487179 , -1.323442
0.615385 , 0.512821 , -1.484988
0.615385 , 0.538462 , -1.645400
0.615385 , 0.564103 , -1.804852
0.615385 , 0.589744 , -1.960366
0.615385 , 0.615385 , -2.111290
0.615385 , 0.641026 , -2.256872
0.615385 , 0.666667 , -2.395260
0.615385 , 0.692308 , -2.525253
0.615385 , 0.717949 , -2.647117
0.615385 , 0.743590 , -2.760065
0.615385 , 0.769231 , -2.863369
0.615385 , 0.794872 , -2.956383
0.615385 , 0.820513 , -3.039232
0.615385 , 0.846154 , -3.111876
0.615385 , 0.871795 , -3.175083
0.615385 , 0.897436 , -3.227460
0.615385 , 0.923077 , -3.268310
0.615385 , 0.948718 , -3.297356
0.615385 , 0.974359 , -3.313734
0.615385 , 1.000000 , -3.319383
0.641026 , 0.000000 , 0.671633
0.641026 , 0.025641 , 0.665758
0.641026 , 0.051282 , 0.647717
0.641026 , 0.076923 , 0.617220
0.641026 , 0.102564 , 0.575195
0.641026 , 0.128205 , 0.520842
0.641026 , 0.153846 , 0.453517
0.641026 , 0.179487 , 0.374066
0.641026 , 0.205128 , 0.283510
0.641026 , 0.230769 , 0.182874
0.641026 , 0.256410 , 0.071362
0.641026 , 0.282051 , -0.051747
0.641026 , 0.307692 , -0.185535
0.641026 , 0.333333 , -0.329392
0.641026 , 0.358974 , -0.482116
0.641026 , 0.384615 , -0.641620
0.641026 , 0.410256 , -0.807565
0.641026 , 0.435897 , -0.978718
0.641026 , 0.461538 , -1.153484
0.641026 , 0.487179 , -1.329390
0.641026 , 0.512821 , -1.505890
0.641026 , 0.538462 , -1.681379
0.641026 , 0.564103 , -1.854539
0.641026 , 0.589744 , -2.023639
0.641026 , 0.615385 , -2.187578
0.641026 , 0.641026 , -2.344686
0.641026 , 0.666667 , -2.494101
0.641026 , 0.692308 , -2.633596
0.641026 , 0.717949 , -2.764249
0.641026 , 0.743590 , -2.884453
0.641026 , 0.769231 , -2.994388
0.641026 , 0.794872 , -3.092810
0.641026 , 0.820513 , -3.180237
0.641026 , 0.846154 , -3.256354
0.641026 , 0.871795 , -3.322290
0.641026 , 0.897436 , -3.376972
0.641026 , 0.923077 , -3.419471
0.641026 , 0.948718 , -3.450425
0.641026 , 0.974359 , -3.468341
0.641026 , 1.000000 , -3.474900
0.666667 , 0.000000 , 0.829285
0.666667 , 0.025641 , 0.822552
0.666667 , 0.051282 , 0.803613
0.666667 , 0.076923 , 0.771586
0.666667 , 0.102564 , 0.727606
0.666667 , 0.128205 , 0.671596
0.666667 , 0.153846 , 0.600500
0.666667 , 0.179487 , 0.516733
0.666667 , 0.205128 , 0.419955
0.666667 , 0.230769 , 0.312406
0.666667 , 0.256410 , 0.192315
0.666667 , 0.282051 , 0.061190
0.666667 , 0.307692 , -0.082544
0.666667 , 0.333333 , -0.238382
0.666667 , 0.358974 , -0.404986
0.666667 , 0.384615 , -0.579015
0.666667 , 0.410256 , -0.760042
0.666667 , 0.435897 , -0.947377
0.666667 , 0.461538 , -1.138892
0.666667 , 0.487179 , -1.331935
0.666667 , 0.512821 , -1.525089
0.666667 , 0.538462 , -1.717150
0.666667 , 0.564103 , -1.906370
0.666667 , 0.589744 , -2.090503
0.666667 , 0.615385 , -2.269705
0.666667 , 0.641026 , -2.439405
0.666667 , 0.666667 , -2.600507
0.666667 , 0.692308 , -2.751270
0.666667 , 0.717949 , -2.891727
0.666667 , 0.743590 , -3.020469
0.666667 , 0.769231 , -3.137181
0.666667 , 0.794872 , -3.240839
0.666667 , 0.820513 , -3.332639
0.666667 , 0.846154 , -3.412731
0.666667 , 0.871795 , -3.481205
0.666667 , 0.897436 , -3.536938
0.666667 , 0.923077 , -3.580094
0.666667 , 0.948718 , -3.611659
0.666667 , 0.974359 , -3.630917
0.666667 , 1.000000 , -3.638363
0.692308 , 0.000000 , 0.999859
0.692308 , 0.025641 , 0.993241
0.692308 , 0.051282 , 0.973617
0.692308 , 0.076923 , 0.940750
0.692308 , 0.102564 , 0.894966
0.692308 , 0.128205 , 0.836184
0.692308 , 0.153846 , 0.762629
0.692308 , 0.179487 , 0.675302
0.692308 , 0.205128 , 0.573507
0.692308 , 0.230769 , 0.458336
0.692308 , 0.256410 , 0.330613
0.692308 , 0.282051 , 0.189755
0.692308 , 0.307692 , 0.035410
0.692308 , 0.333333 , -0.133500
0.692308 , 0.358974 , -0.314233
0.692308 , 0.384615 , -0.504767
0.692308 , 0.410256 , -0.702845
0.692308 , 0.435897 , -0.908261
0.692308 , 0.461538 , -1.118432
0.692308 , 0.487179 , -1.330829
0.692308 , 0.512821 , -1.542945
0.692308 , 0.538462 , -1.753520
0.692308 , 0.564103 , -1.960647
0.692308 , 0.589744 , -2.162150
0.692308 , 0.615385 , -2.357522
0.692308 , 0.641026 , -2.542476
0.692308 , 0.666667 , -2.716991
0.692308 , 0.692308 , -2.880269
0.692308 , 0.717949 , -3.031510
0.692308 , 0.743590 , -3.168911
0.692308 , 0.769231 , -3.292490
0.692308 , 0.794872 , -3.402172
0.692308 , 0.820513 , -3.498245
0.692308 , 0.846154 , -3.580845
0.692308 , 0.871795 , -3.651325
0.692308 , 0.897436 , -3.708695
0.692308 , 0.923077 , -3.752643
0.692308 , 0.948718 , -3.784462
0.692308 , 0.974359 , -3.804022
0.692308 , 1.000000 , -3.811305
0.717949 , 0.000000 , 1.183999
0.717949 , 0.025641 , 1.177430
0.717949 , 0.051282 , 1.157876
0.717949 , 0.076923 , 1.124963
0.717949 , 0.102564 , 1.078544
0.717949 , 0.128205 , 1.017270
0.717949 , 0.153846 , 0.941340
0.717949 , 0.179487 , 0.850730
0.717949 , 0.205128 , 0.744919
0.717949 , 0.230769 , 0.622834
0.717949 , 0.256410 , 0.486516
0.717949 , 0.282051 , 0.336160
0.717949 , 0.307692 , 0.169329
0.717949 , 0.333333 , -0.013383
0.717949 , 0.358974 , -0.210033
0.717949 , 0.384615 , -0.419178
0.717949 , 0.410256 , -0.636539
0.717949 , 0.435897 , -0.862092
0.717949 , 0.461538 , -1.092917
0.717949 , 0.487179 , -1.326506
0.717949 , 0.512821 , -1.560228
0.717949 , 0.538462 , -1.791557
0.717949 , 0.564103 , -2.019187
0.717949 , 0.589744 , -2.240053
0.717949 , 0.615385 , -2.452973
0.717949 , 0.641026 , -2.655273
0.717949 , 0.666667 , -2.845333
0.717949 , 0.692308 , -3.022315
0.717949 , 0.717949 , -3.184783
0.717949 , 0.743590 , -3.331375
0.717949 , 0.769231 , -3.462218
0.717949 , 0.794872 , -3.577260
0.717949 , 0.820513 , -3.677341
0.717949 , 0.846154 , -3.763383
0.717949 , 0.871795 , -3.834761
0.717949 , 0.897436 , -3.893052
0.717949 , 0.923077 , -3.937825
0.717949 , 0.948718 , -3.970332
0.717949 , 0.974359 , -3.989827
0.717949 , 1.000000 , -3.996785
0.743590 , 0.000000 , 1.382129
0.743590 , 0.025641 , 1.375943
0.743590 , 0.051282 , 1.356754
0.743590 , 0.076923 , 1.324197
0.743590 , 0.102564 , 1.277693
0.743590 , 0.128205 , 1.215744
0.743590 , 0.153846 , 1.138778
0.743590 , 0.179487 , 1.045945
0.743590 , 0.205128 , 0.935988
0.743590 , 0.230769 , 0.807952
0.743590 , 0.256410 , 0.662458
0.743590 , 0.282051 , 0.500896
0.743590 , 0.307692 , 0.320554
0.743590 , 0.333333 , 0.121970
0.743590 , 0.358974 , -0.091646
0.743590 , 0.384615 , -0.320081
0.743590 , 0.410256 , -0.559729
0.743590 , 0.435897 , -0.807618
0.743590 , 0.461538 , -1.061774
0.743590 , 0.487179 , -1.318664
0.743590 , 0.512821 , -1.576866
0.743590 , 0.538462 , -1.832061
0.743590 , 0.564103 , -2.082591
0.743590 , 0.589744 , -2.325792
0.743590 , 0.615385 , -2.558973
0.743590 , 0.641026 , -2.780494
0.743590 , 0.666667 , -2.987544
0.743590 , 0.692308 , -3.179318
0.743590 , 0.717949 , -3.354271
0.743590 , 0.743590 , -3.511053
0.743590 , 0.769231 , -3.649108
0.743590 , 0.794872 , -3.770221
0.743590 , 0.820513 , -3.872971
0.743590 , 0.846154 , -3.961879
0.743590 , 0.871795 , -4.034877
0.743590 , 0.897436 , -4.093423
0.743590 , 0.923077 , -4.137400
0.743590 , 0.948718 , -4.169007
0.743590 , 0.974359 , -4.187870
0.743590 , 1.000000 , -4.194368
0.769231 , 0.000000 , 1.594108
0.769231 , 0.025641 , 1.588423
0.769231 , 0.051282 , 1.570078
0.769231 , 0.076923 , 1.538913
0.769231 , 0.102564 , 1.493577
0.769231 , 0.128205 , 1.432812
0.769231 , 0.153846 , 1.355529
0.769231 , 0.179487 , 1.261592
0.769231 , 0.205128 , 1.147751
0.769231 , 0.230769 , 1.013608
0.769231 , 0.256410 , 0.860314
0.769231 , 0.282051 , 0.686486
0.769231 , 0.307692 , 0.492224
0.769231 , 0.333333 , 0.276929
0.769231 , 0.358974 , 0.042958
0.769231 , 0.384615 , -0.207245
0.769231 , 0.410256 , -0.470238
0.769231 , 0.435897 , -0.743568
0.769231 , 0.461538 , -1.023940
0.769231 , 0.487179 , -1.308305
0.769231 , 0.512821 , -1.593504
0.769231 , 0.538462 , -1.876208
0.769231 , 0.564103 , -2.153153
0.769231 , 0.589744 , -2.421383
0.769231 , 0.615385 , -2.678071
0.769231 , 0.641026 , -2.920446
0.769231 , 0.666667 , -3.146859
0.769231 , 0.692308 , -3.354912
0.769231 , 0.717949 , -3.542644
0.769231 , 0.743590 , -3.709465
0.769231 , 0.769231 , -3.854536
0.769231 , 0.794872 , -3.981717
0.769231 , 0.820513 , -4.088373
0.769231 , 0.846154 , -4.177744
0.769231 , 0.871795 , -4.251091
0.769231 , 0.897436 , -4.308226
0.769231 , 0.923077 , -4.350420
0.769231 , 0.948718 , -4.379806
0.769231 , 0.974359 , -4.397682
0.769231 , 1.000000 , -4.403950
0.794872 , 0.000000 , 1.819316
0.794872 , 0.025641 , 1.813846
0.794872 , 0.051282 , 1.797076
0.794872 , 0.076923 , 1.768817
0.794872 , 0.102564 , 1.726720
0.794872 , 0.128205 , 1.668677
0.794872 , 0.153846 , 1.593373
0.794872 , 0.179487 , 1.498234
0.794872 , 0.205128 , 1.382723
0.794872 , 0.230769 , 1.243649
0.794872 , 0.256410 , 1.081709
0.794872 , 0.282051 , 0.895391
0.794872 , 0.307692 , 0.685155
0.794872 , 0.333333 , 0.451846
0.794872 , 0.358974 , 0.196892
0.794872 , 0.384615 , -0.078145
0.794872 , 0.410256 , -0.367984
0.794872 , 0.435897 , -0.669675
0.794872 , 0.461538 , -0.979031
0.794872 , 0.487179 , -1.294740
0.794872 , 0.512821 , -1.611292
0.794872 , 0.538462 , -1.924599
0.794872 , 0.564103 , -2.231431
0.794872 , 0.589744 , -2.528223
0.794872 , 0.615385 , -2.811904
0.794872 , 0.641026 , -3.078819
0.794872 , 0.666667 , -3.326155
0.794872 , 0.692308 , -3.550711
0.794872 , 0.717949 , -3.751540
0.794872 , 0.743590 , -3.929307
0.794872 , 0.769231 , -4.083048
0.794872 , 0.794872 , -4.214710
0.794872 , 0.820513 , -4.324949
0.794872 , 0.846154 , -4.414732
0.794872 , 0.871795 , -4.484926
0.794872 , 0.897436 , -4.538364
0.794872 , 0.923077 , -4.577247
0.794872 , 0.948718 , -4.604236
0.794872 , 0.974359 , -4.619843
0.794872 , 1.000000 , -4.625238
0.820513 , 0.000000 , 2.055746
0.820513 , 0.025641 , 2.050855
0.820513 , 0.051282 , 2.037480
0.820513 , 0.076923 , 2.013738
0.820513 , 0.102564 , 1.977032
0.820513 , 0.128205 , 1.923547
0.820513 , 0.153846 , 1.852381
0.820513 , 0.179487 , 1.759151
0.820513 , 0.205128 , 1.642499
0.820513 , 0.230769 , 1.499505
0.820513 , 0.256410 , 1.329254
0.820513 , 0.282051 , 1.129467
0.820513 , 0.307692 , 0.902929
0.820513 , 0.333333 , 0.649159
0.820513 , 0.358974 , 0.370734
0.820513 , 0.384615 , 0.069264
0.820513 , 0.410256 , -0.250490
0.820513 , 0.435897 , -0.584244
0.820513 , 0.461538 , -0.927564
0.820513 , 0.487179 , -1.277954
0.820513 , 0.512821 , -1.630402
0.820513 , 0.538462 , -1.979018
0.820513 , 0.564103 , -2.319531
0.820513 , 0.589744 , -2.648827
0.820513 , 0.615385 , -2.962555
0.820513 , 0.641026 , -3.256968
0.820513 , 0.666667 , -3.527663
0.820513 , 0.692308 , -3.772043
0.820513 , 0.717949 , -3.988389
0.820513 , 0.743590 , -4.177177
0.820513 , 0.769231 , -4.338297
0.820513 , 0.794872 , -4.473539
0.820513 , 0.820513 , -4.584316
0.820513 , 0.846154 , -4.671307
0.820513 , 0.871795 , -4.736761
0.820513 , 0.897436 , -4.784666
0.820513 , 0.923077 , -4.818482
0.820513 , 0.948718 , -4.840782
0.820513 , 0.974359 , -4.853397
0.820513 , 1.000000 , -4.857696
0.846154 , 0.000000 , 2.301008
0.846154 , 0.025641 , 2.298081
0.846154 , 0.051282 , 2.289503
0.846154 , 0.076923 , 2.273099
0.846154 , 0.102564 , 2.244344
0.846154 , 0.128205 , 2.199087
0.846154 , 0.153846 , 2.134107
0.846154 , 0.179487 , 2.045101
0.846154 , 0.205128 , 1.930116
0.846154 , 0.230769 , 1.783735
0.846154 , 0.256410 , 1.605132
0.846154 , 0.282051 , 1.393792
0.846154 , 0.307692 , 1.150629
0.846154 , 0.333333 , 0.875147
0.846154 , 0.358974 , 0.570216
0.846154 , 0.384615 , 0.238348
0.846154 , 0.410256 , -0.114996
0.846154 , 0.435897 , -0.485221
0.846154 , 0.461538 , -0.867766
0.846154 , 0.487179 , -1.258650
0.846154 , 0.512821 , -1.651381
0.846154 , 0.538462 , -2.040294
0.846154 , 0.564103 , -2.420247
0.846154 , 0.589744 , -2.786495
0.846154 , 0.615385 , -3.133858
0.846154 , 0.641026 , -3.458218
0.846154 , 0.666667 , -3.755063
0.846154 , 0.692308 , -4.021465
0.846154 , 0.717949 , -4.254890
0.846154 , 0.743590 , -4.455520
0.846154 , 0.769231 , -4.623601
0.846154 , 0.794872 , -4.760837
0.846154 , 0.820513 , -4.869815
0.846154 , 0.846154 , -4.950861
0.846154 , 0.871795 , -5.008818
0.846154 , 0.897436 , -5.048417
0.846154 , 0.923077 , -5.074102
0.846154 , 0.948718 , -5.089161
0.846154 , 0.974359 , -5.096912
0.846154 , 1.000000 , -5.099619
0.871795 , 0.000000 , 2.552065
0.871795 , 0.025641 , 2.552321
0.871795 , 0.051282 , 2.550818
0.871795 , 0.076923 , 2.544736
0.871795 , 0.102564 , 2.528756
0.871795 , 0.128205 , 2.495650
0.871795 , 0.153846 , 2.441144
0.871795 , 0.179487 , 2.360120
0.871795 , 0.205128 , 2.248560
0.871795 , 0.230769 , 2.101265
0.871795 , 0.256410 , 1.915566
0.871795 , 0.282051 , 1.691550
0.871795 , 0.307692 , 1.430134
0.871795 , 0.333333 , 1.131449
0.871795 , 0.358974 , 0.797251
0.871795 , 0.384615 , 0.431754
0.871795 , 0.410256 , 0.040514
0.871795 , 0.435897 , -0.371355
0.871795 , 0.461538 , -0.798808
0.871795 , 0.487179 , -1.236015
0.871795 , 0.512821 , -1.674920
0.871795 , 0.538462 , -2.109970
0.871795 , 0.564103 , -2.535129
0.871795 , 0.589744 , -2.943140
0.871795 , 0.615385 , -3.328629
0.871795 , 0.641026 , -3.686789
0.871795 , 0.666667 , -4.012870
0.871795 , 0.692308 , -4.303233
0.871795 , 0.717949 , -4.555424
0.871795 , 0.743590 , -4.768089
0.871795 , 0.769231 , -4.942015
0.871795 , 0.794872 , -5.079695
0.871795 , 0.820513 , -5.184041
0.871795 , 0.846154 , -5.256705
0.871795 , 0.871795 , -5.303943
0.871795 , 0.897436 , -5.330453
0.871795 , 0.923077 , -5.343491
0.871795 , 0.948718 , -5.348203
0.871795 , 0.974359 , -5.348699
0.871795 , 1.000000 , -5.348521
0.897436 , 0.000000 , 2.803425
0.897436 , 0.025641 , 2.807830
0.897436 , 0.051282 , 2.817625
0.897436 , 0.076923 , 2.826941
0.897436 , 0.102564 , 2.828747
0.897436 , 0.128205 , 2.814103
0.897436 , 0.153846 , 2.776243
0.897436 , 0.179487 , 2.708028
0.897436 , 0.205128 , 2.603210
0.897436 , 0.230769 , 2.456810
0.897436 , 0.256410 , 2.265667
0.897436 , 0.282051 , 2.029451
0.897436 , 0.307692 , 1.748070
0.897436 , 0.333333 , 1.423640
0.897436 , 0.358974 , 1.057381
0.897436 , 0.384615 , 0.654028
0.897436 , 0.410256 , 0.219068
0.897436 , 0.435897 , -0.241264
0.897436 , 0.461538 , -0.719576
0.897436 , 0.487179 , -1.209482
0.897436 , 0.512821 , -1.701745
0.897436 , 0.538462 , -2.189226
0.897436 , 0.564103 , -2.665661
0.897436 , 0.589744 , -3.121565
0.897436 , 0.615385 , -3.551302
0.897436 , 0.641026 , -3.947716
0.897436 , 0.666667 , -4.306040
0.897436 , 0.692308 , -4.622405
0.897436 , 0.717949 , -4.894416
0.897436 , 0.743590 , -5.119950
0.897436 , 0.769231 , -5.299813
0.897436 , 0.794872 , -5.436323
0.897436 , 0.820513 , -5.532575
0.897436 , 0.846154 , -5.592887
0.897436 , 0.871795 , -5.623676
0.897436 , 0.897436 , -5.632066
0.897436 , 0.923077 , -5.625881
0.897436 , 0.948718 , -5.613691
0.897436 , 0.974359 , -5.602649
0.897436 , 1.000000 , -5.598414
0.923077 , 0.000000 , 3.047359
0.923077 , 0.025641 , 3.058232
0.923077 , 0.051282 , 3.084316
0.923077 , 0.076923 , 3.117285
0.923077 , 0.102564 , 3.145250
0.923077 , 0.128205 , 3.156821
0.923077 , 0.153846 , 3.142806
0.923077 , 0.179487 , 3.092624
0.923077 , 0.205128 , 3.000134
0.923077 , 0.230769 , 2.858634
0.923077 , 0.256410 , 2.663834
0.923077 , 0.282051 , 2.414725
0.923077 , 0.307692 , 2.112995
0.923077 , 0.333333 , 1.759508
0.923077 , 0.358974 , 1.356684
0.923077 , 0.384615 , 0.909601
0.923077 , 0.410256 , 0.424900
0.923077 , 0.435897 , -0.090452
0.923077 , 0.461538 , -0.628147
0.923077 , 0.487179 , -1.178837
0.923077 , 0.512821 , -1.733172
0.923077 , 0.538462 , -2.281635
0.923077 , 0.564103 , -2.815990
0.923077 , 0.589744 , -3.326817
0.923077 , 0.615385 , -3.806649
0.923077 , 0.641026 , -4.247111
0.923077 , 0.666667 , -4.641891
0.923077 , 0.692308 , -4.986685
0.923077 , 0.717949 , -5.279311
0.923077 , 0.743590 , -5.517915
0.923077 , 0.769231 , -5.701759
0.923077 , 0.794872 , -5.833877
0.923077 , 0.820513 , -5.917933
0.923077 , 0.846154 , -5.960078
0.923077 , 0.871795 , -5.967583
0.923077 , 0.897436 , -5.949279
0.923077 , 0.923077 , -5.915910
0.923077 , 0.948718 , -5.879562
0.923077 , 0.974359 , -5.852100
0.923077 , 1.000000 , -5.841508
0.948718 , 0.000000 , 3.272171
0.948718 , 0.025641 , 3.292572
0.948718 , 0.051282 , 3.345300
0.948718 , 0.076923 , 3.412712
0.948718 , 0.102564 , 3.478746
0.948718 , 0.128205 , 3.526871
0.948718 , 0.153846 , 3.545260
0.948718 , 0.179487 , 3.521871
0.948718 , 0.205128 , 3.446962
0.948718 , 0.230769 , 3.313434
0.948718 , 0.256410 , 3.117335
0.948718 , 0.282051 , 2.856297
0.948718 , 0.307692 , 2.532211
0.948718 , 0.333333 , 2.146163
0.948718 , 0.358974 , 1.700817
0.948718 , 0.384615 , 1.203669
0.948718 , 0.410256 , 0.661438
0.948718 , 0.435897 , 0.082738
0.948718 , 0.461538 , -0.522471
0.948718 , 0.487179 , -1.143187
0.948718 , 0.512821 , -1.768832
0.948718 , 0.538462 , -2.388174
0.948718 , 0.564103 , -2.989941
0.948718 , 0.589744 , -3.563892
0.948718 , 0.615385 , -4.100199
0.948718 , 0.641026 , -4.590575
0.948718 , 0.666667 , -5.027790
0.948718 , 0.692308 , -5.405545
0.948718 , 0.717949 , -5.720244
0.948718 , 0.743590 , -5.970965
0.948718 , 0.769231 , -6.156734
0.948718 , 0.794872 , -6.280519
0.948718 , 0.820513 , -6.347206
0.948718 , 0.846154 , -6.362990
0.948718 , 0.871795 , -6.338020
0.948718 , 0.897436 , -6.282934
0.948718 , 0.923077 , -6.211553
0.948718 , 0.948718 , -6.139915
0.948718 , 0.974359 , -6.086297
0.948718 , 1.000000 , -6.065678
0.974359 , 0.000000 , 3.458675
0.974359 , 0.025641 , 3.496473
0.974359 , 0.051282 , 3.590382
0.974359 , 0.076923 , 3.710656
0.974359 , 0.102564 , 3.830338
0.974359 , 0.128205 , 3.928766
0.974359 , 0.153846 , 3.990340
0.974359 , 0.179487 , 4.002193
0.974359 , 0.205128 , 3.952513
0.974359 , 0.230769 , 3.831676
0.974359 , 0.256410 , 3.635795
0.974359 , 0.282051 , 3.363716
0.974359 , 0.307692 , 3.014976
0.974359 , 0.333333 , 2.591316
0.974359 , 0.358974 , 2.098317
0.974359 , 0.384615 , 1.543422
0.974359 , 0.410256 , 0.935120
0.974359 , 0.435897 , 0.283557
0.974359 , 0.461538 , -0.399109
0.974359 , 0.487179 , -1.101257
0.974359 , 0.512821 , -1.809551
0.974359 , 0.538462 , -2.510150
0.974359 , 0.564103 , -3.190143
0.974359 , 0.589744 , -3.837193
0.974359 , 0.615385 , -4.439820
0.974359 , 0.641026 , -4.987720
0.974359 , 0.666667 , -5.472290
0.974359 , 0.692308 , -5.886709
0.974359 , 0.717949 , -6.226763
0.974359 , 0.743590 , -6.489689
0.974359 , 0.769231 , -6.675485
0.974359 , 0.794872 , -6.786569
0.974359 , 0.820513 , -6.828516
0.974359 , 0.846154 , -6.809412
0.974359 , 0.871795 , -6.739858
0.974359 , 0.897436 , -6.634072
0.974359 , 0.923077 , -6.508679
0.974359 , 0.948718 , -6.384879
0.974359 , 0.974359 , -6.289084
0.974359 , 1.000000 , -6.250635
1.000000 , 0.000000 , 3.568935
1.000000 , 0.025641 , 3.644632
1.000000 , 0.051282 , 3.810121
1.000000 , 0.076923 , 4.007600
1.000000 , 0.102564 , 4.202445
1.000000 , 0.128205 , 4.368577
1.000000 , 0.153846 , 4.487603
1.000000 , 0.179487 , 4.544911
1.000000 , 0.205128 , 4.527468
1.000000 , 0.230769 , 4.424526
1.000000 , 0.256410 , 4.231900
1.000000 , 0.282051 , 3.947415
1.000000 , 0.307692 , 3.571694
1.000000 , 0.333333 , 3.106335
1.000000 , 0.358974 , 2.558378
1.000000 , 0.384615 , 1.937377
1.000000 , 0.410256 , 1.253268
1.000000 , 0.435897 , 0.516943
1.000000 , 0.461538 , -0.256604
1.000000 , 0.487179 , -1.053210
1.000000 , 0.512821 , -1.857024
1.000000 , 0.538462 , -2.651672
1.000000 , 0.564103 , -3.422226
1.000000 , 0.589744 , -4.154344
1.000000 , 0.615385 , -4.833581
1.000000 , 0.641026 , -5.448399
1.000000 , 0.666667 , -5.987393
1.000000 , 0.692308 , -6.443222
1.000000 , 0.717949 , -6.810592
1.000000 , 0.743590 , -7.086079
1.000000 , 0.769231 , -7.269106
1.000000 , 0.794872 , -7.362546
1.000000 , 0.820513 , -7.372930
1.000000 , 0.846154 , -7.307706
1.000000 , 0.871795 , -7.180253
1.000000 , 0.897436 , -7.006450
1.000000 , 0.923077 , -6.806561
1.000000 , 0.948718 , -6.604777
1.000000 , 0.974359 , -6.436493
1.000000 , 1.000000 , -6.359428
