0.000000 , 0.000000 , 3.619308
0.000000 , 0.025641 , 3.619308
0.000000 , 0.051282 , 3.619308
0.000000 , 0.076923 , 3.619308
0.000000 , 0.102564 , 3.619308
0.000000 , 0.128205 , 3.619308
0.000000 , 0.153846 , 3.619308
0.000000 , 0.179487 , 3.619308
0.000000 , 0.205128 , 3.619308
0.000000 , 0.230769 , 3.619308
0.000000 , 0.256410 , 3.619308
0.000000 , 0.282051 , 3.619308
0.000000 , 0.307692 , 3.619308
0.000000 , 0.333333 , 3.619308
0.000000 , 0.358974 , 3.619308
0.000000 , 0.384615 , 3.619308
0.000000 , 0.410256 , 3.619308
0.000000 , 0.435897 , 3.619308
0.000000 , 0.461538 , 3.619308
0.000000 , 0.487179 , 3.619308
0.000000 , 0.512821 , 3.619308
0.000000 , 0.538462 , 3.619308
0.000000 , 0.564103 , 3.619308
0.000000 , 0.589744 , 3.619308
0.000000 , 0.615385 , 3.619308
0.000000 , 0.641026 , 3.619308
0.000000 , 0.666667 , 3.619308
0.000000 , 0.692308 , 3.619308
0.000000 , 0.717949 , 3.619308
0.000000 , 0.743590 , 3.619308
0.000000 , 0.769231 , 3.619308
0.000000 , 0.794872 , 3.619308
0.000000 , 0.820513 , 3.619308
0.000000 , 0.846154 , 3.619308
0.000000 , 0.871795 , 3.619308
0.000000 , 0.897436 , 3.619308
0.000000 , 0.923077 , 3.619308
0.000000 , 0.948718 , 3.619308
0.000000 , 0.974359 , 3.619308
0.000000 , 1.000000 , 3.619308
0.025641 , 0.000000 , 3.576511
0.025641 , 0.025641 , 3.576224
0.025641 , 0.051282 , 3.575993
0.025641 , 0.076923 , 3.575945
0.025641 , 0.102564 , 3.575236
0.025641 , 0.128205 , 3.574641
0.025641 , 0.153846 , 3.573653
0.025641 , 0.179487 , 3.571935
0.025641 , 0.205128 , 3.569583
0.025641 , 0.230769 , 3.566580
0.025641 , 0.256410 , 3.563027
0.025641 , 0.282051 , 3.558924
0.025641 , 0.307692 , 3.554719
0.025641 , 0.333333 , 3.550640
0.025641 , 0.358974 , 3.545697
0.025641 , 0.384615 , 3.540589
0.025641 , 0.410256 , 3.535496
0.025641 , 0.435897 , 3.530621
0.025641 , 0.461538 , 3.525998
0.025641 , 0.487179 , 3.521399
0.025641 , 0.512821 , 3.515509
0.025641 , 0.538462 , 3.510273
0.025641 , 0.564103 , 3.505056
0.025641 , 0.589744 , 3.500875
0.025641 , 0.615385 , 3.496710
0.025641 , 0.641026 , 3.492118
0.025641 , 0.666667 , 3.487960
0.025641 , 0.692308 , 3.483930
0.025641 , 0.717949 , 3.480380
0.025641 , 0.743590 , 3.476541
0.025641 , 0.769231 , 3.473514
0.025641 , 0.794872 , 3.470731
0.025641 , 0.820513 , 3.468846
0.025641 , 0.846154 , 3.466839
0.025641 , 0.871795 , 3.465510
0.025641 , 0.897436 , 3.463723
0.025641 , 0.923077 , 3.462807
0.025641 , 0.948718 , 3.461637
0.025641 , 0.974359 , 3.461774
0.025641 , 1.000000 , 3.461813
0.051282 , 0.000000 , 3.524925
0.051282 , 0.025641 , 3.525540
0.051282 , 0.051282 , 3.525407
0.051282 , 0.076923 , 3.524906
0.051282 , 0.102564 , 3.523978
0.051282 , 0.128205 , 3.522478
0.051282 , 0.153846 , 3.520215
0.051282 , 0.179487 , 3.516605
0.051282 , 0.205128 , 3.511887
0.051282 , 0.230769 , 3.506162
0.051282 , 0.256410 , 3.499153
0.051282 , 0.282051 , 3.491231
0.051282 , 0.307692 , 3.483421
0.051282 , 0.333333 , 3.475508
0.051282 , 0.358974 , 3.466109
0.051282 , 0.384615 , 3.455986
0.051282 , 0.410256 , 3.446116
0.051282 , 0.435897 , 3.435660
0.051282 , 0.461538 , 3.425151
0.051282 , 0.487179 , 3.415712
0.051282 , 0.512821 , 3.405331
0.051282 , 0.538462 , 3.395557
0.051282 , 0.564103 , 3.385730
0.051282 , 0.589744 , 3.376317
0.051282 , 0.615385 , 3.367307
0.051282 , 0.641026 , 3.358213
0.051282 , 0.666667 , 3.349816
0.051282 , 0.692308 , 3.342258
0.051282 , 0.717949 , 3.335247
0.051282 , 0.743590 , 3.328929
0.051282 , 0.769231 , 3.322824
0.051282 , 0.794872 , 3.317450
0.051282 , 0.820513 , 3.312598
0.051282 , 0.846154 , 3.308766
0.051282 , 0.871795 , 3.305911
0.051282 , 0.897436 , 3.303074
0.051282 , 0.923077 , 3.300981
0.051282 , 0.948718 , 3.299248
0.051282 , 0.974359 , 3.298431
0.051282 , 1.000000 , 3.298676
0.076923 , 0.000000 , 3.466464
0.076923 , 0.025641 , 3.467026
0.076923 , 0.051282 , 3.467534
0.076923 , 0.076923 , 3.467019
0.076923 , 0.102564 , 3.465534
0.076923 , 0.128205 , 3.463082
0.076923 , 0.153846 , 3.459395
0.076923 , 0.179487 , 3.454241
0.076923 , 0.205128 , 3.447604
0.076923 , 0.230769 , 3.439271
0.076923 , 0.256410 , 3.429365
0.076923 , 0.282051 , 3.418049
0.076923 , 0.307692 , 3.406942
0.076923 , 0.333333 , 3.394856
0.076923 , 0.358974 , 3.381477
0.076923 , 0.384615 , 3.366612
0.076923 , 0.410256 , 3.351747
0.076923 , 0.435897 , 3.335634
0.076923 , 0.461538 , 3.319776
0.076923 , 0.487179 , 3.305314
0.076923 , 0.512821 , 3.290117
0.076923 , 0.538462 , 3.275217
0.076923 , 0.564103 , 3.261231
0.076923 , 0.589744 , 3.246942
0.076923 , 0.615385 , 3.232977
0.076923 , 0.641026 , 3.220311
0.076923 , 0.666667 , 3.208076
0.076923 , 0.692308 , 3.195965
0.076923 , 0.717949 , 3.185191
0.076923 , 0.743590 , 3.175674
0.076923 , 0.769231 , 3.166793
0.076923 , 0.794872 , 3.159053
0.076923 , 0.820513 , 3.152120
0.076923 , 0.846154 , 3.146269
0.076923 , 0.871795 , 3.141994
0.076923 , 0.897436 , 3.138229
0.076923 , 0.923077 , 3.134724
0.076923 , 0.948718 , 3.132512
0.076923 , 0.974359 , 3.131216
0.076923 , 1.000000 , 3.130780
0.102564 , 0.000000 , 3.401815
0.102564 , 0.025641 , 3.402375
0.102564 , 0.051282 , 3.402809
0.102564 , 0.076923 , 3.402526
0.102564 , 0.102564 , 3.400484
0.102564 , 0.128205 , 3.396786
0.102564 , 0.153846 , 3.391713
0.102564 , 0.179487 , 3.385038
0.102564 , 0.205128 , 3.376561
0.102564 , 0.230769 , 3.365956
0.102564 , 0.256410 , 3.353980
0.102564 , 0.282051 , 3.340229
0.102564 , 0.307692 , 3.325362
0.102564 , 0.333333 , 3.309092
0.102564 , 0.358974 , 3.291670
0.102564 , 0.384615 , 3.272201
0.102564 , 0.410256 , 3.251479
0.102564 , 0.435897 , 3.230693
0.102564 , 0.461538 , 3.209697
0.102564 , 0.487179 , 3.190518
0.102564 , 0.512821 , 3.170508
0.102564 , 0.538462 , 3.150919
0.102564 , 0.564103 , 3.131819
0.102564 , 0.589744 , 3.113445
0.102564 , 0.615385 , 3.094914
0.102564 , 0.641026 , 3.077716
0.102564 , 0.666667 , 3.061567
0.102564 , 0.692308 , 3.045020
0.102564 , 0.717949 , 3.030618
0.102564 , 0.743590 , 3.018161
0.102564 , 0.769231 , 3.006975
0.102564 , 0.794872 , 2.996390
0.102564 , 0.820513 , 2.987529
0.102564 , 0.846154 , 2.979928
0.102564 , 0.871795 , 2.973979
0.102564 , 0.897436 , 2.968750
0.102564 , 0.923077 , 2.963843
0.102564 , 0.948718 , 2.962284
0.102564 , 0.974359 , 2.961380
0.102564 , 1.000000 , 2.960527
0.128205 , 0.000000 , 3.332655
0.128205 , 0.025641 , 3.333157
0.128205 , 0.051282 , 3.333045
0.128205 , 0.076923 , 3.332290
0.128205 , 0.102564 , 3.329562
0.128205 , 0.128205 , 3.324920
0.128205 , 0.153846 , 3.318471
0.128205 , 0.179487 , 3.310345
0.128205 , 0.205128 , 3.299614
0.128205 , 0.230769 , 3.286847
0.128205 , 0.256410 , 3.272303
0.128205 , 0.282051 , 3.256543
0.128205 , 0.307692 , 3.238935
0.128205 , 0.333333 , 3.219050
0.128205 , 0.358974 , 3.197699
0.128205 , 0.384615 , 3.174244
0.128205 , 0.410256 , 3.149219
0.128205 , 0.435897 , 3.122900
0.128205 , 0.461538 , 3.096847
0.128205 , 0.487179 , 3.072533
0.128205 , 0.512821 , 3.047652
0.128205 , 0.538462 , 3.023136
0.128205 , 0.564103 , 2.999757
0.128205 , 0.589744 , 2.976444
0.128205 , 0.615385 , 2.953586
0.128205 , 0.641026 , 2.931841
0.128205 , 0.666667 , 2.911901
0.128205 , 0.692308 , 2.892189
0.128205 , 0.717949 , 2.874532
0.128205 , 0.743590 , 2.858726
0.128205 , 0.769231 , 2.844486
0.128205 , 0.794872 , 2.831866
0.128205 , 0.820513 , 2.820462
0.128205 , 0.846154 , 2.810961
0.128205 , 0.871795 , 2.802520
0.128205 , 0.897436 , 2.796417
0.128205 , 0.923077 , 2.790639
0.128205 , 0.948718 , 2.788328
0.128205 , 0.974359 , 2.788178
0.128205 , 1.000000 , 2.787931
0.153846 , 0.000000 , 3.259713
0.153846 , 0.025641 , 3.259393
0.153846 , 0.051282 , 3.258519
0.153846 , 0.076923 , 3.257404
0.153846 , 0.102564 , 3.254238
0.153846 , 0.128205 , 3.248872
0.153846 , 0.153846 , 3.241268
0.153846 , 0.179487 , 3.231583
0.153846 , 0.205128 , 3.219021
0.153846 , 0.230769 , 3.203768
0.153846 , 0.256410 , 3.186918
0.153846 , 0.282051 , 3.168052
0.153846 , 0.307692 , 3.147472
0.153846 , 0.333333 , 3.124537
0.153846 , 0.358974 , 3.099535
0.153846 , 0.384615 , 3.072542
0.153846 , 0.410256 , 3.043651
0.153846 , 0.435897 , 3.012837
0.153846 , 0.461538 , 2.981512
0.153846 , 0.487179 , 2.952305
0.153846 , 0.512821 , 2.922710
0.153846 , 0.538462 , 2.892754
0.153846 , 0.564103 , 2.865148
0.153846 , 0.589744 , 2.838073
0.153846 , 0.615385 , 2.811095
0.153846 , 0.641026 , 2.785181
0.153846 , 0.666667 , 2.761264
0.153846 , 0.692308 , 2.737374
0.153846 , 0.717949 , 2.716031
0.153846 , 0.743590 , 2.697454
0.153846 , 0.769231 , 2.680318
0.153846 , 0.794872 , 2.665390
0.153846 , 0.820513 , 2.652267
0.153846 , 0.846154 , 2.640585
0.153846 , 0.871795 , 2.630341
0.153846 , 0.897436 , 2.622541
0.153846 , 0.923077 , 2.616616
0.153846 , 0.948718 , 2.613862
0.153846 , 0.974359 , 2.612284
0.153846 , 1.000000 , 2.612045
0.179487 , 0.000000 , 3.182965
0.179487 , 0.025641 , 3.182348
0.179487 , 0.051282 , 3.181118
0.179487 , 0.076923 , 3.178700
0.179487 , 0.102564 , 3.174804
0.179487 , 0.128205 , 3.169206
0.179487 , 0.153846 , 3.160497
0.179487 , 0.179487 , 3.149151
0.179487 , 0.205128 , 3.135076
0.179487 , 0.230769 , 3.117913
0.179487 , 0.256410 , 3.098872
0.179487 , 0.282051 , 3.077565
0.179487 , 0.307692 , 3.053369
0.179487 , 0.333333 , 3.026652
0.179487 , 0.358974 , 2.997928
0.179487 , 0.384615 , 2.967469
0.179487 , 0.410256 , 2.934860
0.179487 , 0.435897 , 2.900246
0.179487 , 0.461538 , 2.864829
0.179487 , 0.487179 , 2.831306
0.179487 , 0.512821 , 2.797254
0.179487 , 0.538462 , 2.762468
0.179487 , 0.564103 , 2.730100
0.179487 , 0.589744 , 2.698633
0.179487 , 0.615385 , 2.667305
0.179487 , 0.641026 , 2.637396
0.179487 , 0.666667 , 2.609698
0.179487 , 0.692308 , 2.581968
0.179487 , 0.717949 , 2.556889
0.179487 , 0.743590 , 2.534591
0.179487 , 0.769231 , 2.513908
0.179487 , 0.794872 , 2.496932
0.179487 , 0.820513 , 2.482065
0.179487 , 0.846154 , 2.469684
0.179487 , 0.871795 , 2.458315
0.179487 , 0.897436 , 2.448902
0.179487 , 0.923077 , 2.442518
0.179487 , 0.948718 , 2.439076
0.179487 , 0.974359 , 2.436639
0.179487 , 1.000000 , 2.436475
0.205128 , 0.000000 , 3.104337
0.205128 , 0.025641 , 3.103204
0.205128 , 0.051282 , 3.101652
0.205128 , 0.076923 , 3.098178
0.205128 , 0.102564 , 3.092654
0.205128 , 0.128205 , 3.085957
0.205128 , 0.153846 , 3.076118
0.205128 , 0.179487 , 3.063458
0.205128 , 0.205128 , 3.047727
0.205128 , 0.230769 , 3.029026
0.205128 , 0.256410 , 3.007548
0.205128 , 0.282051 , 2.983101
0.205128 , 0.307692 , 2.955372
0.205128 , 0.333333 , 2.925164
0.205128 , 0.358974 , 2.893168
0.205128 , 0.384615 , 2.858922
0.205128 , 0.410256 , 2.822757
0.205128 , 0.435897 , 2.785783
0.205128 , 0.461538 , 2.747465
0.205128 , 0.487179 , 2.709164
0.205128 , 0.512821 , 2.670595
0.205128 , 0.538462 , 2.632125
0.205128 , 0.564103 , 2.595105
0.205128 , 0.589744 , 2.558757
0.205128 , 0.615385 , 2.523282
0.205128 , 0.641026 , 2.489215
0.205128 , 0.666667 , 2.457505
0.205128 , 0.692308 , 2.426714
0.205128 , 0.717949 , 2.397485
0.205128 , 0.743590 , 2.371873
0.205128 , 0.769231 , 2.348396
0.205128 , 0.794872 , 2.329158
0.205128 , 0.820513 , 2.312600
0.205128 , 0.846154 , 2.297781
0.205128 , 0.871795 , 2.285281
0.205128 , 0.897436 , 2.275412
0.205128 , 0.923077 , 2.269021
0.205128 , 0.948718 , 2.264701
0.205128 , 0.974359 , 2.261430
0.205128 , 1.000000 , 2.260913
0.230769 , 0.000000 , 3.024107
0.230769 , 0.025641 , 3.022986
0.230769 , 0.051282 , 3.020244
0.230769 , 0.076923 , 3.015604
0.230769 , 0.102564 , 3.009402
0.230769 , 0.128205 , 3.001332
0.230769 , 0.153846 , 2.989988
0.230769 , 0.179487 , 2.975308
0.230769 , 0.205128 , 2.957355
0.230769 , 0.230769 , 2.935541
0.230769 , 0.256410 , 2.911658
0.230769 , 0.282051 , 2.884570
0.230769 , 0.307692 , 2.854148
0.230769 , 0.333333 , 2.821390
0.230769 , 0.358974 , 2.786429
0.230769 , 0.384615 , 2.748996
0.230769 , 0.410256 , 2.709102
0.230769 , 0.435897 , 2.669122
0.230769 , 0.461538 , 2.628018
0.230769 , 0.487179 , 2.585859
0.230769 , 0.512821 , 2.542971
0.230769 , 0.538462 , 2.500643
0.230769 , 0.564103 , 2.459260
0.230769 , 0.589744 , 2.418401
0.230769 , 0.615385 , 2.379490
0.230769 , 0.641026 , 2.342481
0.230769 , 0.666667 , 2.306415
0.230769 , 0.692308 , 2.271780
0.230769 , 0.717949 , 2.239503
0.230769 , 0.743590 , 2.211102
0.230769 , 0.769231 , 2.185226
0.230769 , 0.794872 , 2.162878
0.230769 , 0.820513 , 2.143683
0.230769 , 0.846154 , 2.127089
0.230769 , 0.871795 , 2.113393
0.230769 , 0.897436 , 2.102690
0.230769 , 0.923077 , 2.095532
0.230769 , 0.948718 , 2.090642
0.230769 , 0.974359 , 2.086764
0.230769 , 1.000000 , 2.085370
0.256410 , 0.000000 , 2.941340
0.256410 , 0.025641 , 2.940350
0.256410 , 0.051282 , 2.936952
0.256410 , 0.076923 , 2.932030
0.256410 , 0.102564 , 2.924274
0.256410 , 0.128205 , 2.914857
0.256410 , 0.153846 , 2.902297
0.256410 , 0.179487 , 2.885741
0.256410 , 0.205128 , 2.864822
0.256410 , 0.230769 , 2.840422
0.256410 , 0.256410 , 2.812865
0.256410 , 0.282051 , 2.783372
0.256410 , 0.307692 , 2.750542
0.256410 , 0.333333 , 2.715168
0.256410 , 0.358974 , 2.677925
0.256410 , 0.384615 , 2.638176
0.256410 , 0.410256 , 2.595797
0.256410 , 0.435897 , 2.552005
0.256410 , 0.461538 , 2.507591
0.256410 , 0.487179 , 2.462584
0.256410 , 0.512821 , 2.415964
0.256410 , 0.538462 , 2.369646
0.256410 , 0.564103 , 2.324673
0.256410 , 0.589744 , 2.280407
0.256410 , 0.615385 , 2.237565
0.256410 , 0.641026 , 2.197073
0.256410 , 0.666667 , 2.158002
0.256410 , 0.692308 , 2.120323
0.256410 , 0.717949 , 2.084756
0.256410 , 0.743590 , 2.052512
0.256410 , 0.769231 , 2.023354
0.256410 , 0.794872 , 1.998359
0.256410 , 0.820513 , 1.976474
0.256410 , 0.846154 , 1.957768
0.256410 , 0.871795 , 1.943816
0.256410 , 0.897436 , 1.932037
0.256410 , 0.923077 , 1.923195
0.256410 , 0.948718 , 1.917528
0.256410 , 0.974359 , 1.913659
0.256410 , 1.000000 , 1.912211
0.282051 , 0.000000 , 2.857426
0.282051 , 0.025641 , 2.856490
0.282051 , 0.051282 , 2.852612
0.282051 , 0.076923 , 2.847200
0.282051 , 0.102564 , 2.838884
0.282051 , 0.128205 , 2.827151
0.282051 , 0.153846 , 2.813095
0.282051 , 0.179487 , 2.794597
0.282051 , 0.205128 , 2.771583
0.282051 , 0.230769 , 2.744587
0.282051 , 0.256410 , 2.715044
0.282051 , 0.282051 , 2.682799
0.282051 , 0.307692 , 2.647599
0.282051 , 0.333333 , 2.608937
0.282051 , 0.358974 , 2.568715
0.282051 , 0.384615 , 2.526082
0.282051 , 0.410256 , 2.481468
0.282051 , 0.435897 , 2.435076
0.282051 , 0.461538 , 2.387658
0.282051 , 0.487179 , 2.339215
0.282051 , 0.512821 , 2.289507
0.282051 , 0.538462 , 2.240157
0.282051 , 0.564103 , 2.191696
0.282051 , 0.589744 , 2.144240
0.282051 , 0.615385 , 2.097588
0.282051 , 0.641026 , 2.053077
0.282051 , 0.666667 , 2.010365
0.282051 , 0.692308 , 1.970018
0.282051 , 0.717949 , 1.931541
0.282051 , 0.743590 , 1.896148
0.282051 , 0.769231 , 1.864246
0.282051 , 0.794872 , 1.836245
0.282051 , 0.820513 , 1.812362
0.282051 , 0.846154 , 1.791843
0.282051 , 0.871795 , 1.775642
0.282051 , 0.897436 , 1.762658
0.282051 , 0.923077 , 1.752929
0.282051 , 0.948718 , 1.746660
0.282051 , 0.974359 , 1.742176
0.282051 , 1.000000 , 1.740956
0.307692 , 0.000000 , 2.775407
0.307692 , 0.025641 , 2.773482
0.307692 , 0.051282 , 2.768862
0.307692 , 0.076923 , 2.762305
0.307692 , 0.102564 , 2.752841
0.307692 , 0.128205 , 2.740151
0.307692 , 0.153846 , 2.723974
0.307692 , 0.179487 , 2.702864
0.307692 , 0.205128 , 2.677464
0.307692 , 0.230769 , 2.648871
0.307692 , 0.256410 , 2.617421
0.307692 , 0.282051 , 2.582450
0.307692 , 0.307692 , 2.544963
0.307692 , 0.333333 , 2.503807
0.307692 , 0.358974 , 2.460912
0.307692 , 0.384615 , 2.415084
0.307692 , 0.410256 , 2.367867
0.307692 , 0.435897 , 2.318548
0.307692 , 0.461538 , 2.268250
0.307692 , 0.487179 , 2.216555
0.307692 , 0.512821 , 2.163987
0.307692 , 0.538462 , 2.111584
0.307692 , 0.564103 , 2.059724
0.307692 , 0.589744 , 2.009078
0.307692 , 0.615385 , 1.959720
0.307692 , 0.641026 , 1.911231
0.307692 , 0.666667 , 1.864656
0.307692 , 0.692308 , 1.820703
0.307692 , 0.717949 , 1.778960
0.307692 , 0.743590 , 1.740457
0.307692 , 0.769231 , 1.706784
0.307692 , 0.794872 , 1.677410
0.307692 , 0.820513 , 1.650321
0.307692 , 0.846154 , 1.627315
0.307692 , 0.871795 , 1.609668
0.307692 , 0.897436 , 1.594807
0.307692 , 0.923077 , 1.584303
0.307692 , 0.948718 , 1.577248
0.307692 , 0.974359 , 1.572475
0.307692 , 1.000000 , 1.571302
0.333333 , 0.000000 , 2.693849
0.333333 , 0.025641 , 2.691605
0.333333 , 0.051282 , 2.686302
0.333333 , 0.076923 , 2.678296
0.333333 , 0.102564 , 2.667885
0.333333 , 0.128205 , 2.653532
0.333333 , 0.153846 , 2.635375
0.333333 , 0.179487 , 2.611562
0.333333 , 0.205128 , 2.583839
0.333333 , 0.230769 , 2.553434
0.333333 , 0.256410 , 2.519514
0.333333 , 0.282051 , 2.481709
0.333333 , 0.307692 , 2.441904
0.333333 , 0.333333 , 2.399307
0.333333 , 0.358974 , 2.353975
0.333333 , 0.384615 , 2.305316
0.333333 , 0.410256 , 2.255007
0.333333 , 0.435897 , 2.203201
0.333333 , 0.461538 , 2.149723
0.333333 , 0.487179 , 2.094937
0.333333 , 0.512821 , 2.039692
0.333333 , 0.538462 , 1.984582
0.333333 , 0.564103 , 1.929664
0.333333 , 0.589744 , 1.875277
0.333333 , 0.615385 , 1.823072
0.333333 , 0.641026 , 1.772179
0.333333 , 0.666667 , 1.722317
0.333333 , 0.692308 , 1.674560
0.333333 , 0.717949 , 1.630017
0.333333 , 0.743590 , 1.588786
0.333333 , 0.769231 , 1.552394
0.333333 , 0.794872 , 1.520960
0.333333 , 0.820513 , 1.492226
0.333333 , 0.846154 , 1.467095
0.333333 , 0.871795 , 1.446705
0.333333 , 0.897436 , 1.430212
0.333333 , 0.923077 , 1.417836
0.333333 , 0.948718 , 1.409169
0.333333 , 0.974359 , 1.404386
0.333333 , 1.000000 , 1.403324
0.358974 , 0.000000 , 2.612868
0.358974 , 0.025641 , 2.610581
0.358974 , 0.051282 , 2.604284
0.358974 , 0.076923 , 2.595626
0.358974 , 0.102564 , 2.583466
0.358974 , 0.128205 , 2.567693
0.358974 , 0.153846 , 2.547534
0.358974 , 0.179487 , 2.521855
0.358974 , 0.205128 , 2.492074
0.358974 , 0.230769 , 2.459105
0.358974 , 0.256410 , 2.422494
0.358974 , 0.282051 , 2.382297
0.358974 , 0.307692 , 2.339711
0.358974 , 0.333333 , 2.295099
0.358974 , 0.358974 , 2.247162
0.358974 , 0.384615 , 2.196440
0.358974 , 0.410256 , 2.143322
0.358974 , 0.435897 , 2.088415
0.358974 , 0.461538 , 2.032298
0.358974 , 0.487179 , 1.974685
0.358974 , 0.512821 , 1.916352
0.358974 , 0.538462 , 1.858450
0.358974 , 0.564103 , 1.801265
0.358974 , 0.589744 , 1.744403
0.358974 , 0.615385 , 1.688924
0.358974 , 0.641026 , 1.635456
0.358974 , 0.666667 , 1.583632
0.358974 , 0.692308 , 1.533308
0.358974 , 0.717949 , 1.485698
0.358974 , 0.743590 , 1.442095
0.358974 , 0.769231 , 1.403078
0.358974 , 0.794872 , 1.367864
0.358974 , 0.820513 , 1.336884
0.358974 , 0.846154 , 1.309823
0.358974 , 0.871795 , 1.286837
0.358974 , 0.897436 , 1.268417
0.358974 , 0.923077 , 1.254039
0.358974 , 0.948718 , 1.243863
0.358974 , 0.974359 , 1.238637
0.358974 , 1.000000 , 1.237597
0.384615 , 0.000000 , 2.532519
0.384615 , 0.025641 , 2.530698
0.384615 , 0.051282 , 2.524262
0.384615 , 0.076923 , 2.514529
0.384615 , 0.102564 , 2.500991
0.384615 , 0.128205 , 2.482841
0.384615 , 0.153846 , 2.460903
0.384615 , 0.179487 , 2.433731
0.384615 , 0.205128 , 2.401708
0.384615 , 0.230769 , 2.366546
0.384615 , 0.256410 , 2.326748
0.384615 , 0.282051 , 2.283510
0.384615 , 0.307692 , 2.238674
0.384615 , 0.333333 , 2.191908
0.384615 , 0.358974 , 2.141614
0.384615 , 0.384615 , 2.088122
0.384615 , 0.410256 , 2.032734
0.384615 , 0.435897 , 1.975323
0.384615 , 0.461538 , 1.916133
0.384615 , 0.487179 , 1.855980
0.384615 , 0.512821 , 1.794903
0.384615 , 0.538462 , 1.734387
0.384615 , 0.564103 , 1.674888
0.384615 , 0.589744 , 1.615540
0.384615 , 0.615385 , 1.557126
0.384615 , 0.641026 , 1.500296
0.384615 , 0.666667 , 1.446326
0.384615 , 0.692308 , 1.394415
0.384615 , 0.717949 , 1.344631
0.384615 , 0.743590 , 1.298038
0.384615 , 0.769231 , 1.256161
0.384615 , 0.794872 , 1.218513
0.384615 , 0.820513 , 1.184914
0.384615 , 0.846154 , 1.155198
0.384615 , 0.871795 , 1.130339
0.384615 , 0.897436 , 1.110361
0.384615 , 0.923077 , 1.094430
0.384615 , 0.948718 , 1.083080
0.384615 , 0.974359 , 1.077016
0.384615 , 1.000000 , 1.075168
0.410256 , 0.000000 , 2.455288
0.410256 , 0.025641 , 2.452788
0.410256 , 0.051282 , 2.446200
0.410256 , 0.076923 , 2.435520
0.410256 , 0.102564 , 2.419983
0.410256 , 0.128205 , 2.399658
0.410256 , 0.153846 , 2.375625
0.410256 , 0.179487 , 2.346652
0.410256 , 0.205128 , 2.312472
0.410256 , 0.230769 , 2.274483
0.410256 , 0.256410 , 2.232181
0.410256 , 0.282051 , 2.186580
0.410256 , 0.307692 , 2.139303
0.410256 , 0.333333 , 2.089701
0.410256 , 0.358974 , 2.037287
0.410256 , 0.384615 , 1.981392
0.410256 , 0.410256 , 1.922889
0.410256 , 0.435897 , 1.862860
0.410256 , 0.461538 , 1.801300
0.410256 , 0.487179 , 1.738574
0.410256 , 0.512821 , 1.675243
0.410256 , 0.538462 , 1.612531
0.410256 , 0.564103 , 1.550692
0.410256 , 0.589744 , 1.489362
0.410256 , 0.615385 , 1.428915
0.410256 , 0.641026 , 1.368976
0.410256 , 0.666667 , 1.311521
0.410256 , 0.692308 , 1.257165
0.410256 , 0.717949 , 1.206270
0.410256 , 0.743590 , 1.157618
0.410256 , 0.769231 , 1.112537
0.410256 , 0.794872 , 1.071559
0.410256 , 0.820513 , 1.036011
0.410256 , 0.846154 , 1.004427
0.410256 , 0.871795 , 0.977358
0.410256 , 0.897436 , 0.955976
0.410256 , 0.923077 , 0.939138
0.410256 , 0.948718 , 0.926404
0.410256 , 0.974359 , 0.919548
0.410256 , 1.000000 , 0.916981
0.435897 , 0.000000 , 2.380065
0.435897 , 0.025641 , 2.377940
0.435897 , 0.051282 , 2.370646
0.435897 , 0.076923 , 2.358359
0.435897 , 0.102564 , 2.340486
0.435897 , 0.128205 , 2.317908
0.435897 , 0.153846 , 2.291896
0.435897 , 0.179487 , 2.261267
0.435897 , 0.205128 , 2.225015
0.435897 , 0.230769 , 2.184448
0.435897 , 0.256410 , 2.139680
0.435897 , 0.282051 , 2.091982
0.435897 , 0.307692 , 2.042446
0.435897 , 0.333333 , 1.989941
0.435897 , 0.358974 , 1.934354
0.435897 , 0.384615 , 1.875823
0.435897 , 0.410256 , 1.814635
0.435897 , 0.435897 , 1.752300
0.435897 , 0.461538 , 1.688298
0.435897 , 0.487179 , 1.623419
0.435897 , 0.512821 , 1.557908
0.435897 , 0.538462 , 1.493008
0.435897 , 0.564103 , 1.428779
0.435897 , 0.589744 , 1.365445
0.435897 , 0.615385 , 1.302765
0.435897 , 0.641026 , 1.240780
0.435897 , 0.666667 , 1.180711
0.435897 , 0.692308 , 1.123626
0.435897 , 0.717949 , 1.070430
0.435897 , 0.743590 , 1.020045
0.435897 , 0.769231 , 0.972453
0.435897 , 0.794872 , 0.928877
0.435897 , 0.820513 , 0.890445
0.435897 , 0.846154 , 0.856986
0.435897 , 0.871795 , 0.828391
0.435897 , 0.897436 , 0.805077
0.435897 , 0.923077 , 0.786866
0.435897 , 0.948718 , 0.773490
0.435897 , 0.974359 , 0.765312
0.435897 , 1.000000 , 0.762785
0.461538 , 0.000000 , 2.307341
0.461538 , 0.025641 , 2.304826
0.461538 , 0.051282 , 2.296475
0.461538 , 0.076923 , 2.283367
0.461538 , 0.102564 , 2.264414
0.461538 , 0.128205 , 2.240104
0.461538 , 0.153846 , 2.211440
0.461538 , 0.179487 , 2.178369
0.461538 , 0.205128 , 2.139988
0.461538 , 0.230769 , 2.096822
0.461538 , 0.256410 , 2.049522
0.461538 , 0.282051 , 1.999734
0.461538 , 0.307692 , 1.947280
0.461538 , 0.333333 , 1.892019
0.461538 , 0.358974 , 1.833935
0.461538 , 0.384615 , 1.773111
0.461538 , 0.410256 , 1.709626
0.461538 , 0.435897 , 1.644748
0.461538 , 0.461538 , 1.578804
0.461538 , 0.487179 , 1.511610
0.461538 , 0.512821 , 1.444166
0.461538 , 0.538462 , 1.377177
0.461538 , 0.564103 , 1.310834
0.461538 , 0.589744 , 1.244433
0.461538 , 0.615385 , 1.179231
0.461538 , 0.641026 , 1.114942
0.461538 , 0.666667 , 1.053320
0.461538 , 0.692308 , 0.994028
0.461538 , 0.717949 , 0.938090
0.461538 , 0.743590 , 0.885378
0.461538 , 0.769231 , 0.835783
0.461538 , 0.794872 , 0.790134
0.461538 , 0.820513 , 0.749188
0.461538 , 0.846154 , 0.713774
0.461538 , 0.871795 , 0.683499
0.461538 , 0.897436 , 0.658419
0.461538 , 0.923077 , 0.639058
0.461538 , 0.948718 , 0.624320
0.461538 , 0.974359 , 0.615919
0.461538 , 1.000000 , 0.613573
0.487179 , 0.000000 , 2.237308
0.487179 , 0.025641 , 2.234852
0.487179 , 0.051282 , 2.225390
0.487179 , 0.076923 , 2.210711
0.487179 , 0.102564 , 2.191144
0.487179 , 0.128205 , 2.165853
0.487179 , 0.153846 , 2.135119
0.487179 , 0.179487 , 2.099730
0.487179 , 0.205128 , 2.058690
0.487179 , 0.230769 , 2.012785
0.487179 , 0.256410 , 1.962950
0.487179 , 0.282051 , 1.910582
0.487179 , 0.307692 , 1.855087
0.487179 , 0.333333 , 1.797510
0.487179 , 0.358974 , 1.737064
0.487179 , 0.384615 , 1.673598
0.487179 , 0.410256 , 1.607478
0.487179 , 0.435897 , 1.539993
0.487179 , 0.461538 , 1.471809
0.487179 , 0.487179 , 1.402411
0.487179 , 0.512821 , 1.332948
0.487179 , 0.538462 , 1.263551
0.487179 , 0.564103 , 1.195337
0.487179 , 0.589744 , 1.127078
0.487179 , 0.615385 , 1.059305
0.487179 , 0.641026 , 0.993159
0.487179 , 0.666667 , 0.929043
0.487179 , 0.692308 , 0.867641
0.487179 , 0.717949 , 0.809720
0.487179 , 0.743590 , 0.755010
0.487179 , 0.769231 , 0.703242
0.487179 , 0.794872 , 0.656395
0.487179 , 0.820513 , 0.613127
0.487179 , 0.846154 , 0.575919
0.487179 , 0.871795 , 0.543820
0.487179 , 0.897436 , 0.517047
0.487179 , 0.923077 , 0.495967
0.487179 , 0.948718 , 0.480642
0.487179 , 0.974359 , 0.471687
0.487179 , 1.000000 , 0.469697
0.512821 , 0.000000 , 2.170609
0.512821 , 0.025641 , 2.168015
0.512821 , 0.051282 , 2.158260
0.512821 , 0.076923 , 2.142769
0.512821 , 0.102564 , 2.121329
0.512821 , 0.128205 , 2.095535
0.512821 , 0.153846 , 2.061956
0.512821 , 0.179487 , 2.024400
0.512821 , 0.205128 , 1.981765
0.512821 , 0.230769 , 1.932880
0.512821 , 0.256410 , 1.880610
0.512821 , 0.282051 , 1.825488
0.512821 , 0.307692 , 1.767212
0.512821 , 0.333333 , 1.706512
0.512821 , 0.358974 , 1.643183
0.512821 , 0.384615 , 1.577291
0.512821 , 0.410256 , 1.508613
0.512821 , 0.435897 , 1.438692
0.512821 , 0.461538 , 1.367925
0.512821 , 0.487179 , 1.296559
0.512821 , 0.512821 , 1.225306
0.512821 , 0.538462 , 1.153792
0.512821 , 0.564103 , 1.082957
0.512821 , 0.589744 , 1.012671
0.512821 , 0.615385 , 0.943250
0.512821 , 0.641026 , 0.875383
0.512821 , 0.666667 , 0.809544
0.512821 , 0.692308 , 0.745707
0.512821 , 0.717949 , 0.686032
0.512821 , 0.743590 , 0.629364
0.512821 , 0.769231 , 0.576066
0.512821 , 0.794872 , 0.526795
0.512821 , 0.820513 , 0.482399
0.512821 , 0.846154 , 0.442860
0.512821 , 0.871795 , 0.409654
0.512821 , 0.897436 , 0.381509
0.512821 , 0.923077 , 0.358301
0.512821 , 0.948718 , 0.342297
0.512821 , 0.974359 , 0.332883
0.512821 , 1.000000 , 0.330201
0.538462 , 0.000000 , 2.108649
0.538462 , 0.025641 , 2.105966
0.538462 , 0.051282 , 2.095763
0.538462 , 0.076923 , 2.078795
0.538462 , 0.102564 , 2.055930
0.538462 , 0.128205 , 2.028192
0.538462 , 0.153846 , 1.992748
0.538462 , 0.179487 , 1.952401
0.538462 , 0.205128 , 1.907958
0.538462 , 0.230769 , 1.857510
0.538462 , 0.256410 , 1.803024
0.538462 , 0.282051 , 1.744498
0.538462 , 0.307692 , 1.683726
0.538462 , 0.333333 , 1.619717
0.538462 , 0.358974 , 1.553533
0.538462 , 0.384615 , 1.484576
0.538462 , 0.410256 , 1.413208
0.538462 , 0.435897 , 1.341070
0.538462 , 0.461538 , 1.267962
0.538462 , 0.487179 , 1.194492
0.538462 , 0.512821 , 1.121364
0.538462 , 0.538462 , 1.047847
0.538462 , 0.564103 , 0.974262
0.538462 , 0.589744 , 0.901701
0.538462 , 0.615385 , 0.830710
0.538462 , 0.641026 , 0.761316
0.538462 , 0.666667 , 0.693755
0.538462 , 0.692308 , 0.627969
0.538462 , 0.717949 , 0.566494
0.538462 , 0.743590 , 0.507679
0.538462 , 0.769231 , 0.452658
0.538462 , 0.794872 , 0.401530
0.538462 , 0.820513 , 0.356161
0.538462 , 0.846154 , 0.315544
0.538462 , 0.871795 , 0.280622
0.538462 , 0.897436 , 0.250497
0.538462 , 0.923077 , 0.226190
0.538462 , 0.948718 , 0.209086
0.538462 , 0.974359 , 0.198794
0.538462 , 1.000000 , 0.195919
0.564103 , 0.000000 , 2.051925
0.564103 , 0.025641 , 2.048340
0.564103 , 0.051282 , 2.037391
0.564103 , 0.076923 , 2.019606
0.564103 , 0.102564 , 1.995349
0.564103 , 0.128205 , 1.965593
0.564103 , 0.153846 , 1.928224
0.564103 , 0.179487 , 1.886081
0.564103 , 0.205128 , 1.839213
0.564103 , 0.230769 , 1.786395
0.564103 , 0.256410 , 1.729804
0.564103 , 0.282051 , 1.668521
0.564103 , 0.307692 , 1.604776
0.564103 , 0.333333 , 1.537911
0.564103 , 0.358974 , 1.468188
0.564103 , 0.384615 , 1.396516
0.564103 , 0.410256 , 1.322363
0.564103 , 0.435897 , 1.247583
0.564103 , 0.461538 , 1.172236
0.564103 , 0.487179 , 1.096673
0.564103 , 0.512821 , 1.020902
0.564103 , 0.538462 , 0.945769
0.564103 , 0.564103 , 0.870250
0.564103 , 0.589744 , 0.795398
0.564103 , 0.615385 , 0.722445
0.564103 , 0.641026 , 0.651657
0.564103 , 0.666667 , 0.581965
0.564103 , 0.692308 , 0.514902
0.564103 , 0.717949 , 0.451201
0.564103 , 0.743590 , 0.391040
0.564103 , 0.769231 , 0.334393
0.564103 , 0.794872 , 0.281162
0.564103 , 0.820513 , 0.234152
0.564103 , 0.846154 , 0.192045
0.564103 , 0.871795 , 0.155758
0.564103 , 0.897436 , 0.124444
0.564103 , 0.923077 , 0.098501
0.564103 , 0.948718 , 0.080961
0.564103 , 0.974359 , 0.070301
0.564103 , 1.000000 , 0.066238
0.589744 , 0.000000 , 1.999471
0.589744 , 0.025641 , 1.994877
0.589744 , 0.051282 , 1.983062
0.589744 , 0.076923 , 1.964771
0.589744 , 0.102564 , 1.939690
0.589744 , 0.128205 , 1.907311
0.589744 , 0.153846 , 1.868579
0.589744 , 0.179487 , 1.824046
0.589744 , 0.205128 , 1.774611
0.589744 , 0.230769 , 1.719794
0.589744 , 0.256410 , 1.660583
0.589744 , 0.282051 , 1.597238
0.589744 , 0.307692 , 1.530338
0.589744 , 0.333333 , 1.460347
0.589744 , 0.358974 , 1.387684
0.589744 , 0.384615 , 1.313145
0.589744 , 0.410256 , 1.236458
0.589744 , 0.435897 , 1.159246
0.589744 , 0.461538 , 1.081141
0.589744 , 0.487179 , 1.003201
0.589744 , 0.512821 , 0.925070
0.589744 , 0.538462 , 0.846931
0.589744 , 0.564103 , 0.769962
0.589744 , 0.589744 , 0.693007
0.589744 , 0.615385 , 0.618292
0.589744 , 0.641026 , 0.545765
0.589744 , 0.666667 , 0.474725
0.589744 , 0.692308 , 0.406322
0.589744 , 0.717949 , 0.340612
0.589744 , 0.743590 , 0.279190
0.589744 , 0.769231 , 0.221341
0.589744 , 0.794872 , 0.166625
0.589744 , 0.820513 , 0.116759
0.589744 , 0.846154 , 0.072860
0.589744 , 0.871795 , 0.035105
0.589744 , 0.897436 , 0.002772
0.589744 , 0.923077 , -0.024058
0.589744 , 0.948718 , -0.042943
0.589744 , 0.974359 , -0.053669
0.589744 , 1.000000 , -0.057797
0.615385 , 0.000000 , 1.950431
0.615385 , 0.025641 , 1.945852
0.615385 , 0.051282 , 1.933376
0.615385 , 0.076923 , 1.914248
0.615385 , 0.102564 , 1.888049
0.615385 , 0.128205 , 1.853882
0.615385 , 0.153846 , 1.813447
0.615385 , 0.179487 , 1.766381
0.615385 , 0.205128 , 1.714440
0.615385 , 0.230769 , 1.657261
0.615385 , 0.256410 , 1.595863
0.615385 , 0.282051 , 1.530375
0.615385 , 0.307692 , 1.460862
0.615385 , 0.333333 , 1.388044
0.615385 , 0.358974 , 1.312242
0.615385 , 0.384615 , 1.234574
0.615385 , 0.410256 , 1.155354
0.615385 , 0.435897 , 1.075330
0.615385 , 0.461538 , 0.994810
0.615385 , 0.487179 , 0.913825
0.615385 , 0.512821 , 0.833629
0.615385 , 0.538462 , 0.753053
0.615385 , 0.564103 , 0.673733
0.615385 , 0.589744 , 0.594871
0.615385 , 0.615385 , 0.517809
0.615385 , 0.641026 , 0.443176
0.615385 , 0.666667 , 0.370911
0.615385 , 0.692308 , 0.301360
0.615385 , 0.717949 , 0.234265
0.615385 , 0.743590 , 0.171814
0.615385 , 0.769231 , 0.112305
0.615385 , 0.794872 , 0.056214
0.615385 , 0.820513 , 0.004651
0.615385 , 0.846154 , -0.040711
0.615385 , 0.871795 , -0.080207
0.615385 , 0.897436 , -0.113516
0.615385 , 0.923077 , -0.140874
0.615385 , 0.948718 , -0.161351
0.615385 , 0.974359 , -0.172700
0.615385 , 1.000000 , -0.176508
0.641026 , 0.000000 , 1.904769
0.641026 , 0.025641 , 1.900424
0.641026 , 0.051282 , 1.887762
0.641026 , 0.076923 , 1.867573
0.641026 , 0.102564 , 1.840021
0.641026 , 0.128205 , 1.805242
0.641026 , 0.153846 , 1.763168
0.641026 , 0.179487 , 1.714412
0.641026 , 0.205128 , 1.660512
0.641026 , 0.230769 , 1.600523
0.641026 , 0.256410 , 1.536724
0.641026 , 0.282051 , 1.468708
0.641026 , 0.307692 , 1.396488
0.641026 , 0.333333 , 1.321402
0.641026 , 0.358974 , 1.242935
0.641026 , 0.384615 , 1.161689
0.641026 , 0.410256 , 1.079463
0.641026 , 0.435897 , 0.996791
0.641026 , 0.461538 , 0.913451
0.641026 , 0.487179 , 0.829942
0.641026 , 0.512821 , 0.746702
0.641026 , 0.538462 , 0.664333
0.641026 , 0.564103 , 0.582734
0.641026 , 0.589744 , 0.501819
0.641026 , 0.615385 , 0.422965
0.641026 , 0.641026 , 0.346101
0.641026 , 0.666667 , 0.272026
0.641026 , 0.692308 , 0.200851
0.641026 , 0.717949 , 0.132099
0.641026 , 0.743590 , 0.067571
0.641026 , 0.769231 , 0.006619
0.641026 , 0.794872 , -0.050691
0.641026 , 0.820513 , -0.103253
0.641026 , 0.846154 , -0.149025
0.641026 , 0.871795 , -0.188943
0.641026 , 0.897436 , -0.222769
0.641026 , 0.923077 , -0.251173
0.641026 , 0.948718 , -0.272514
0.641026 , 0.974359 , -0.285390
0.641026 , 1.000000 , -0.288875
0.666667 , 0.000000 , 1.862731
0.666667 , 0.025641 , 1.858849
0.666667 , 0.051282 , 1.846393
0.666667 , 0.076923 , 1.825212
0.666667 , 0.102564 , 1.796143
0.666667 , 0.128205 , 1.760455
0.666667 , 0.153846 , 1.717514
0.666667 , 0.179487 , 1.668045
0.666667 , 0.205128 , 1.611560
0.666667 , 0.230769 , 1.549274
0.666667 , 0.256410 , 1.482453
0.666667 , 0.282051 , 1.411877
0.666667 , 0.307692 , 1.336796
0.666667 , 0.333333 , 1.259377
0.666667 , 0.358974 , 1.179308
0.666667 , 0.384615 , 1.095334
0.666667 , 0.410256 , 1.009343
0.666667 , 0.435897 , 0.923895
0.666667 , 0.461538 , 0.837948
0.666667 , 0.487179 , 0.752093
0.666667 , 0.512821 , 0.666028
0.666667 , 0.538462 , 0.580914
0.666667 , 0.564103 , 0.496835
0.666667 , 0.589744 , 0.413727
0.666667 , 0.615385 , 0.332367
0.666667 , 0.641026 , 0.254294
0.666667 , 0.666667 , 0.178482
0.666667 , 0.692308 , 0.104820
0.666667 , 0.717949 , 0.034341
0.666667 , 0.743590 , -0.031688
0.666667 , 0.769231 , -0.094133
0.666667 , 0.794872 , -0.152609
0.666667 , 0.820513 , -0.206098
0.666667 , 0.846154 , -0.253352
0.666667 , 0.871795 , -0.294235
0.666667 , 0.897436 , -0.328347
0.666667 , 0.923077 , -0.357373
0.666667 , 0.948718 , -0.378616
0.666667 , 0.974359 , -0.391829
0.666667 , 1.000000 , -0.395780
0.692308 , 0.000000 , 1.825391
0.692308 , 0.025641 , 1.821522
0.692308 , 0.051282 , 1.809097
0.692308 , 0.076923 , 1.787500
0.692308 , 0.102564 , 1.757600
0.692308 , 0.128205 , 1.720066
0.692308 , 0.153846 , 1.675866
0.692308 , 0.179487 , 1.625818
0.692308 , 0.205128 , 1.568311
0.692308 , 0.230769 , 1.503448
0.692308 , 0.256410 , 1.433566
0.692308 , 0.282051 , 1.361141
0.692308 , 0.307692 , 1.283715
0.692308 , 0.333333 , 1.203349
0.692308 , 0.358974 , 1.120132
0.692308 , 0.384615 , 1.033986
0.692308 , 0.410256 , 0.944946
0.692308 , 0.435897 , 0.856881
0.692308 , 0.461538 , 0.767652
0.692308 , 0.487179 , 0.679445
0.692308 , 0.512821 , 0.591145
0.692308 , 0.538462 , 0.503377
0.692308 , 0.564103 , 0.416026
0.692308 , 0.589744 , 0.330395
0.692308 , 0.615385 , 0.247331
0.692308 , 0.641026 , 0.166754
0.692308 , 0.666667 , 0.089259
0.692308 , 0.692308 , 0.013893
0.692308 , 0.717949 , -0.058417
0.692308 , 0.743590 , -0.126001
0.692308 , 0.769231 , -0.189783
0.692308 , 0.794872 , -0.248207
0.692308 , 0.820513 , -0.302118
0.692308 , 0.846154 , -0.351750
0.692308 , 0.871795 , -0.394453
0.692308 , 0.897436 , -0.428963
0.692308 , 0.923077 , -0.457955
0.692308 , 0.948718 , -0.479873
0.692308 , 0.974359 , -0.492586
0.692308 , 1.000000 , -0.497071
0.717949 , 0.000000 , 1.792827
0.717949 , 0.025641 , 1.788524
0.717949 , 0.051282 , 1.775636
0.717949 , 0.076923 , 1.753440
0.717949 , 0.102564 , 1.723258
0.717949 , 0.128205 , 1.684886
0.717949 , 0.153846 , 1.638824
0.717949 , 0.179487 , 1.587273
0.717949 , 0.205128 , 1.528838
0.717949 , 0.230769 , 1.463234
0.717949 , 0.256410 , 1.391334
0.717949 , 0.282051 , 1.315760
0.717949 , 0.307692 , 1.236365
0.717949 , 0.333333 , 1.152991
0.717949 , 0.358974 , 1.066934
0.717949 , 0.384615 , 0.978038
0.717949 , 0.410256 , 0.886977
0.717949 , 0.435897 , 0.795723
0.717949 , 0.461538 , 0.703473
0.717949 , 0.487179 , 0.611843
0.717949 , 0.512821 , 0.520751
0.717949 , 0.538462 , 0.430490
0.717949 , 0.564103 , 0.340699
0.717949 , 0.589744 , 0.252896
0.717949 , 0.615385 , 0.167999
0.717949 , 0.641026 , 0.085367
0.717949 , 0.666667 , 0.005043
0.717949 , 0.692308 , -0.071540
0.717949 , 0.717949 , -0.144941
0.717949 , 0.743590 , -0.214526
0.717949 , 0.769231 , -0.280248
0.717949 , 0.794872 , -0.340067
0.717949 , 0.820513 , -0.394166
0.717949 , 0.846154 , -0.443806
0.717949 , 0.871795 , -0.487481
0.717949 , 0.897436 , -0.523243
0.717949 , 0.923077 , -0.552080
0.717949 , 0.948718 , -0.574123
0.717949 , 0.974359 , -0.587535
0.717949 , 1.000000 , -0.591613
0.743590 , 0.000000 , 1.763863
0.743590 , 0.025641 , 1.759492
0.743590 , 0.051282 , 1.746497
0.743590 , 0.076923 , 1.724131
0.743590 , 0.102564 , 1.693026
0.743590 , 0.128205 , 1.654275
0.743590 , 0.153846 , 1.607456
0.743590 , 0.179487 , 1.553014
0.743590 , 0.205128 , 1.492625
0.743590 , 0.230769 , 1.426243
0.743590 , 0.256410 , 1.352594
0.743590 , 0.282051 , 1.274579
0.743590 , 0.307692 , 1.193341
0.743590 , 0.333333 , 1.108128
0.743590 , 0.358974 , 1.019308
0.743590 , 0.384615 , 0.927451
0.743590 , 0.410256 , 0.834224
0.743590 , 0.435897 , 0.740029
0.743590 , 0.461538 , 0.645021
0.743590 , 0.487179 , 0.550244
0.743590 , 0.512821 , 0.456719
0.743590 , 0.538462 , 0.363711
0.743590 , 0.564103 , 0.271617
0.743590 , 0.589744 , 0.181248
0.743590 , 0.615385 , 0.093323
0.743590 , 0.641026 , 0.008810
0.743590 , 0.666667 , -0.073372
0.743590 , 0.692308 , -0.151390
0.743590 , 0.717949 , -0.225446
0.743590 , 0.743590 , -0.296885
0.743590 , 0.769231 , -0.363966
0.743590 , 0.794872 , -0.425398
0.743590 , 0.820513 , -0.480857
0.743590 , 0.846154 , -0.529617
0.743590 , 0.871795 , -0.573384
0.743590 , 0.897436 , -0.610744
0.743590 , 0.923077 , -0.639908
0.743590 , 0.948718 , -0.661833
0.743590 , 0.974359 , -0.675751
0.743590 , 1.000000 , -0.680729
0.769231 , 0.000000 , 1.738650
0.769231 , 0.025641 , 1.734152
0.769231 , 0.051282 , 1.720978
0.769231 , 0.076923 , 1.698667
0.769231 , 0.102564 , 1.666836
0.769231 , 0.128205 , 1.626777
0.769231 , 0.153846 , 1.579100
0.769231 , 0.179487 , 1.523702
0.769231 , 0.205128 , 1.460721
0.769231 , 0.230769 , 1.392538
0.769231 , 0.256410 , 1.318179
0.769231 , 0.282051 , 1.238031
0.769231 , 0.307692 , 1.155435
0.769231 , 0.333333 , 1.067940
0.769231 , 0.358974 , 0.976732
0.769231 , 0.384615 , 0.881711
0.769231 , 0.410256 , 0.785886
0.769231 , 0.435897 , 0.689083
0.769231 , 0.461538 , 0.591802
0.769231 , 0.487179 , 0.494846
0.769231 , 0.512821 , 0.398258
0.769231 , 0.538462 , 0.302307
0.769231 , 0.564103 , 0.207909
0.769231 , 0.589744 , 0.114996
0.769231 , 0.615385 , 0.024664
0.769231 , 0.641026 , -0.061479
0.769231 , 0.666667 , -0.145072
0.769231 , 0.692308 , -0.225414
0.769231 , 0.717949 , -0.301621
0.769231 , 0.743590 , -0.374048
0.769231 , 0.769231 , -0.441597
0.769231 , 0.794872 , -0.503438
0.769231 , 0.820513 , -0.560498
0.769231 , 0.846154 , -0.610281
0.769231 , 0.871795 , -0.653839
0.769231 , 0.897436 , -0.690955
0.769231 , 0.923077 , -0.720588
0.769231 , 0.948718 , -0.742875
0.769231 , 0.974359 , -0.756813
0.769231 , 1.000000 , -0.761615
0.794872 , 0.000000 , 1.718435
0.794872 , 0.025641 , 1.713498
0.794872 , 0.051282 , 1.699685
0.794872 , 0.076923 , 1.676882
0.794872 , 0.102564 , 1.644514
0.794872 , 0.128205 , 1.603610
0.794872 , 0.153846 , 1.554721
0.794872 , 0.179487 , 1.498036
0.794872 , 0.205128 , 1.434313
0.794872 , 0.230769 , 1.364636
0.794872 , 0.256410 , 1.288378
0.794872 , 0.282051 , 1.207394
0.794872 , 0.307692 , 1.122734
0.794872 , 0.333333 , 1.033171
0.794872 , 0.358974 , 0.939322
0.794872 , 0.384615 , 0.842542
0.794872 , 0.410256 , 0.744110
0.794872 , 0.435897 , 0.644863
0.794872 , 0.461538 , 0.544648
0.794872 , 0.487179 , 0.445031
0.794872 , 0.512821 , 0.345547
0.794872 , 0.538462 , 0.247367
0.794872 , 0.564103 , 0.150557
0.794872 , 0.589744 , 0.055684
0.794872 , 0.615385 , -0.037188
0.794872 , 0.641026 , -0.125644
0.794872 , 0.666667 , -0.211037
0.794872 , 0.692308 , -0.293043
0.794872 , 0.717949 , -0.371233
0.794872 , 0.743590 , -0.444827
0.794872 , 0.769231 , -0.513604
0.794872 , 0.794872 , -0.576551
0.794872 , 0.820513 , -0.633992
0.794872 , 0.846154 , -0.684880
0.794872 , 0.871795 , -0.728683
0.794872 , 0.897436 , -0.765319
0.794872 , 0.923077 , -0.794789
0.794872 , 0.948718 , -0.816830
0.794872 , 0.974359 , -0.830703
0.794872 , 1.000000 , -0.835521
0.820513 , 0.000000 , 1.700813
0.820513 , 0.025641 , 1.696117
0.820513 , 0.051282 , 1.681373
0.820513 , 0.076923 , 1.658560
0.820513 , 0.102564 , 1.625736
0.820513 , 0.128205 , 1.584060
0.820513 , 0.153846 , 1.533891
0.820513 , 0.179487 , 1.476366
0.820513 , 0.205128 , 1.411492
0.820513 , 0.230769 , 1.340674
0.820513 , 0.256410 , 1.264130
0.820513 , 0.282051 , 1.182572
0.820513 , 0.307692 , 1.095464
0.820513 , 0.333333 , 1.003791
0.820513 , 0.358974 , 0.907694
0.820513 , 0.384615 , 0.809182
0.820513 , 0.410256 , 0.708336
0.820513 , 0.435897 , 0.606761
0.820513 , 0.461538 , 0.504056
0.820513 , 0.487179 , 0.401345
0.820513 , 0.512821 , 0.299558
0.820513 , 0.538462 , 0.198892
0.820513 , 0.564103 , 0.099914
0.820513 , 0.589744 , 0.003506
0.820513 , 0.615385 , -0.090860
0.820513 , 0.641026 , -0.182198
0.820513 , 0.666667 , -0.269874
0.820513 , 0.692308 , -0.353616
0.820513 , 0.717949 , -0.433475
0.820513 , 0.743590 , -0.508159
0.820513 , 0.769231 , -0.578570
0.820513 , 0.794872 , -0.642726
0.820513 , 0.820513 , -0.701248
0.820513 , 0.846154 , -0.752440
0.820513 , 0.871795 , -0.796279
0.820513 , 0.897436 , -0.831821
0.820513 , 0.923077 , -0.860703
0.820513 , 0.948718 , -0.882520
0.820513 , 0.974359 , -0.896448
0.820513 , 1.000000 , -0.901304
0.846154 , 0.000000 , 1.685475
0.846154 , 0.025641 , 1.680544
0.846154 , 0.051282 , 1.666458
0.846154 , 0.076923 , 1.642648
0.846154 , 0.102564 , 1.609929
0.846154 , 0.128205 , 1.568238
0.846154 , 0.153846 , 1.516573
0.846154 , 0.179487 , 1.458536
0.846154 , 0.205128 , 1.392650
0.846154 , 0.230769 , 1.320403
0.846154 , 0.256410 , 1.242064
0.846154 , 0.282051 , 1.160663
0.846154 , 0.307692 , 1.072621
0.846154 , 0.333333 , 0.978233
0.846154 , 0.358974 , 0.881365
0.846154 , 0.384615 , 0.780960
0.846154 , 0.410256 , 0.677591
0.846154 , 0.435897 , 0.573983
0.846154 , 0.461538 , 0.469762
0.846154 , 0.487179 , 0.364580
0.846154 , 0.512821 , 0.260157
0.846154 , 0.538462 , 0.157085
0.846154 , 0.564103 , 0.055574
0.846154 , 0.589744 , -0.043297
0.846154 , 0.615385 , -0.139265
0.846154 , 0.641026 , -0.232184
0.846154 , 0.666667 , -0.321724
0.846154 , 0.692308 , -0.406704
0.846154 , 0.717949 , -0.487746
0.846154 , 0.743590 , -0.563928
0.846154 , 0.769231 , -0.635436
0.846154 , 0.794872 , -0.700721
0.846154 , 0.820513 , -0.759599
0.846154 , 0.846154 , -0.811377
0.846154 , 0.871795 , -0.854900
0.846154 , 0.897436 , -0.890661
0.846154 , 0.923077 , -0.919144
0.846154 , 0.948718 , -0.940502
0.846154 , 0.974359 , -0.954287
0.846154 , 1.000000 , -0.959491
0.871795 , 0.000000 , 1.673097
0.871795 , 0.025641 , 1.668254
0.871795 , 0.051282 , 1.654117
0.871795 , 0.076923 , 1.630269
0.871795 , 0.102564 , 1.597587
0.871795 , 0.128205 , 1.555908
0.871795 , 0.153846 , 1.503855
0.871795 , 0.179487 , 1.444843
0.871795 , 0.205128 , 1.378418
0.871795 , 0.230769 , 1.305171
0.871795 , 0.256410 , 1.225617
0.871795 , 0.282051 , 1.141538
0.871795 , 0.307692 , 1.051806
0.871795 , 0.333333 , 0.956110
0.871795 , 0.358974 , 0.857675
0.871795 , 0.384615 , 0.756287
0.871795 , 0.410256 , 0.651545
0.871795 , 0.435897 , 0.546639
0.871795 , 0.461538 , 0.440494
0.871795 , 0.487179 , 0.333921
0.871795 , 0.512821 , 0.227047
0.871795 , 0.538462 , 0.121732
0.871795 , 0.564103 , 0.018385
0.871795 , 0.589744 , -0.082864
0.871795 , 0.615385 , -0.180215
0.871795 , 0.641026 , -0.274553
0.871795 , 0.666667 , -0.365914
0.871795 , 0.692308 , -0.453006
0.871795 , 0.717949 , -0.534650
0.871795 , 0.743590 , -0.612164
0.871795 , 0.769231 , -0.684221
0.871795 , 0.794872 , -0.750405
0.871795 , 0.820513 , -0.809601
0.871795 , 0.846154 , -0.861054
0.871795 , 0.871795 , -0.905062
0.871795 , 0.897436 , -0.941429
0.871795 , 0.923077 , -0.969920
0.871795 , 0.948718 , -0.990641
0.871795 , 0.974359 , -1.004314
0.871795 , 1.000000 , -1.009377
0.897436 , 0.000000 , 1.663333
0.897436 , 0.025641 , 1.658428
0.897436 , 0.051282 , 1.644401
0.897436 , 0.076923 , 1.620860
0.897436 , 0.102564 , 1.587241
0.897436 , 0.128205 , 1.545244
0.897436 , 0.153846 , 1.493418
0.897436 , 0.179487 , 1.434173
0.897436 , 0.205128 , 1.367936
0.897436 , 0.230769 , 1.293361
0.897436 , 0.256410 , 1.212789
0.897436 , 0.282051 , 1.127559
0.897436 , 0.307692 , 1.036019
0.897436 , 0.333333 , 0.938602
0.897436 , 0.358974 , 0.838985
0.897436 , 0.384615 , 0.735757
0.897436 , 0.410256 , 0.630055
0.897436 , 0.435897 , 0.524236
0.897436 , 0.461538 , 0.417618
0.897436 , 0.487179 , 0.309090
0.897436 , 0.512821 , 0.200294
0.897436 , 0.538462 , 0.093103
0.897436 , 0.564103 , -0.012137
0.897436 , 0.589744 , -0.115487
0.897436 , 0.615385 , -0.214731
0.897436 , 0.641026 , -0.310530
0.897436 , 0.666667 , -0.402773
0.897436 , 0.692308 , -0.491565
0.897436 , 0.717949 , -0.575132
0.897436 , 0.743590 , -0.653556
0.897436 , 0.769231 , -0.726243
0.897436 , 0.794872 , -0.792286
0.897436 , 0.820513 , -0.851674
0.897436 , 0.846154 , -0.903003
0.897436 , 0.871795 , -0.946659
0.897436 , 0.897436 , -0.983521
0.897436 , 0.923077 , -1.012510
0.897436 , 0.948718 , -1.033326
0.897436 , 0.974359 , -1.046383
0.897436 , 1.000000 , -1.051011
0.923077 , 0.000000 , 1.655773
0.923077 , 0.025641 , 1.651015
0.923077 , 0.051282 , 1.636829
0.923077 , 0.076923 , 1.613250
0.923077 , 0.102564 , 1.580043
0.923077 , 0.128205 , 1.537742
0.923077 , 0.153846 , 1.486223
0.923077 , 0.179487 , 1.426303
0.923077 , 0.205128 , 1.359021
0.923077 , 0.230769 , 1.284458
0.923077 , 0.256410 , 1.203108
0.923077 , 0.282051 , 1.116693
0.923077 , 0.307692 , 1.024248
0.923077 , 0.333333 , 0.926042
0.923077 , 0.358974 , 0.824995
0.923077 , 0.384615 , 0.719918
0.923077 , 0.410256 , 0.613289
0.923077 , 0.435897 , 0.505832
0.923077 , 0.461538 , 0.397715
0.923077 , 0.487179 , 0.288826
0.923077 , 0.512821 , 0.178572
0.923077 , 0.538462 , 0.070302
0.923077 , 0.564103 , -0.036345
0.923077 , 0.589744 , -0.140675
0.923077 , 0.615385 , -0.242123
0.923077 , 0.641026 , -0.339473
0.923077 , 0.666667 , -0.432689
0.923077 , 0.692308 , -0.521423
0.923077 , 0.717949 , -0.606365
0.923077 , 0.743590 , -0.686860
0.923077 , 0.769231 , -0.760226
0.923077 , 0.794872 , -0.826819
0.923077 , 0.820513 , -0.885773
0.923077 , 0.846154 , -0.937871
0.923077 , 0.871795 , -0.981443
0.923077 , 0.897436 , -1.017419
0.923077 , 0.923077 , -1.045917
0.923077 , 0.948718 , -1.067192
0.923077 , 0.974359 , -1.080513
0.923077 , 1.000000 , -1.084905
0.948718 , 0.000000 , 1.650254
0.948718 , 0.025641 , 1.645564
0.948718 , 0.051282 , 1.631268
0.948718 , 0.076923 , 1.607716
0.948718 , 0.102564 , 1.574378
0.948718 , 0.128205 , 1.532067
0.948718 , 0.153846 , 1.480860
0.948718 , 0.179487 , 1.421338
0.948718 , 0.205128 , 1.354111
0.948718 , 0.230769 , 1.278437
0.948718 , 0.256410 , 1.196504
0.948718 , 0.282051 , 1.109708
0.948718 , 0.307692 , 1.016533
0.948718 , 0.333333 , 0.917553
0.948718 , 0.358974 , 0.815349
0.948718 , 0.384615 , 0.709720
0.948718 , 0.410256 , 0.602318
0.948718 , 0.435897 , 0.493660
0.948718 , 0.461538 , 0.384032
0.948718 , 0.487179 , 0.273581
0.948718 , 0.512821 , 0.162812
0.948718 , 0.538462 , 0.053175
0.948718 , 0.564103 , -0.053633
0.948718 , 0.589744 , -0.158692
0.948718 , 0.615385 , -0.261849
0.948718 , 0.641026 , -0.360271
0.948718 , 0.666667 , -0.454883
0.948718 , 0.692308 , -0.544606
0.948718 , 0.717949 , -0.629993
0.948718 , 0.743590 , -0.710648
0.948718 , 0.769231 , -0.784947
0.948718 , 0.794872 , -0.851760
0.948718 , 0.820513 , -0.911674
0.948718 , 0.846154 , -0.963423
0.948718 , 0.871795 , -1.007340
0.948718 , 0.897436 , -1.043221
0.948718 , 0.923077 , -1.071514
0.948718 , 0.948718 , -1.092438
0.948718 , 0.974359 , -1.105472
0.948718 , 1.000000 , -1.109618
0.974359 , 0.000000 , 1.646831
0.974359 , 0.025641 , 1.642187
0.974359 , 0.051282 , 1.627997
0.974359 , 0.076923 , 1.604548
0.974359 , 0.102564 , 1.571366
0.974359 , 0.128205 , 1.529133
0.974359 , 0.153846 , 1.478581
0.974359 , 0.179487 , 1.418973
0.974359 , 0.205128 , 1.351119
0.974359 , 0.230769 , 1.274785
0.974359 , 0.256410 , 1.191922
0.974359 , 0.282051 , 1.104462
0.974359 , 0.307692 , 1.011641
0.974359 , 0.333333 , 0.913135
0.974359 , 0.358974 , 0.809987
0.974359 , 0.384615 , 0.703686
0.974359 , 0.410256 , 0.596294
0.974359 , 0.435897 , 0.487530
0.974359 , 0.461538 , 0.376948
0.974359 , 0.487179 , 0.265451
0.974359 , 0.512821 , 0.153850
0.974359 , 0.538462 , 0.043249
0.974359 , 0.564103 , -0.064374
0.974359 , 0.589744 , -0.170017
0.974359 , 0.615385 , -0.273304
0.974359 , 0.641026 , -0.372865
0.974359 , 0.666667 , -0.468131
0.974359 , 0.692308 , -0.558756
0.974359 , 0.717949 , -0.644623
0.974359 , 0.743590 , -0.725033
0.974359 , 0.769231 , -0.799127
0.974359 , 0.794872 , -0.866536
0.974359 , 0.820513 , -0.926215
0.974359 , 0.846154 , -0.978572
0.974359 , 0.871795 , -1.022494
0.974359 , 0.897436 , -1.058505
0.974359 , 0.923077 , -1.087083
0.974359 , 0.948718 , -1.108155
0.974359 , 0.974359 , -1.120927
0.974359 , 1.000000 , -1.125459
1.000000 , 0.000000 , 1.645435
1.000000 , 0.025641 , 1.641080
1.000000 , 0.051282 , 1.627069
1.000000 , 0.076923 , 1.603501
1.000000 , 0.102564 , 1.570702
1.000000 , 0.128205 , 1.528173
1.000000 , 0.153846 , 1.477346
1.000000 , 0.179487 , 1.418624
1.000000 , 0.205128 , 1.349688
1.000000 , 0.230769 , 1.273341
1.000000 , 0.256410 , 1.190280
1.000000 , 0.282051 , 1.102136
1.000000 , 0.307692 , 1.009112
1.000000 , 0.333333 , 0.911121
1.000000 , 0.358974 , 0.808513
1.000000 , 0.384615 , 0.702018
1.000000 , 0.410256 , 0.594183
1.000000 , 0.435897 , 0.485420
1.000000 , 0.461538 , 0.375113
1.000000 , 0.487179 , 0.263019
1.000000 , 0.512821 , 0.151204
1.000000 , 0.538462 , 0.040176
1.000000 , 0.564103 , -0.068333
1.000000 , 0.589744 , -0.174163
1.000000 , 0.615385 , -0.277555
1.000000 , 0.641026 , -0.377444
1.000000 , 0.666667 , -0.472966
1.000000 , 0.692308 , -0.563811
1.000000 , 0.717949 , -0.649640
1.000000 , 0.743590 , -0.729700
1.000000 , 0.769231 , -0.803751
1.000000 , 0.794872 , -0.871017
1.000000 , 0.820513 , -0.931063
1.000000 , 0.846154 , -0.983009
1.000000 , 0.871795 , -1.027249
1.000000 , 0.897436 , -1.063537
1.000000 , 0.923077 , -1.092180
1.000000 , 0.948718 , -1.113038
1.000000 , 0.974359 , -1.126213
1.000000 , 1.000000 , -1.131732
