0.000000 , 0.000000 , 0.000001
0.000000 , 0.025641 , 0.000001
0.000000 , 0.051282 , 0.000001
0.000000 , 0.076923 , 0.000001
0.000000 , 0.102564 , 0.000001
0.000000 , 0.128205 , 0.000001
0.000000 , 0.153846 , 0.000001
0.000000 , 0.179487 , 0.000001
0.000000 , 0.205128 , 0.000001
0.000000 , 0.230769 , 0.000001
0.000000 , 0.256410 , 0.000001
0.000000 , 0.282051 , 0.000001
0.000000 , 0.307692 , 0.000001
0.000000 , 0.333333 , 0.000001
0.000000 , 0.358974 , 0.000001
0.000000 , 0.384615 , 0.000001
0.000000 , 0.410256 , 0.000001
0.000000 , 0.435897 , 0.000001
0.000000 , 0.461538 , 0.000001
0.000000 , 0.487179 , 0.000001
0.000000 , 0.512821 , 0.000001
0.000000 , 0.538462 , 0.000001
0.000000 , 0.564103 , 0.000001
0.000000 , 0.589744 , 0.000001
0.000000 , 0.615385 , 0.000001
0.000000 , 0.641026 , 0.000001
0.000000 , 0.666667 , 0.000001
0.000000 , 0.692308 , 0.000001
0.000000 , 0.717949 , 0.000001
0.000000 , 0.743590 , 0.000001
0.000000 , 0.769231 , 0.000001
0.000000 , 0.794872 , 0.000001
0.000000 , 0.820513 , 0.000001
0.000000 , 0.846154 , 0.000001
0.000000 , 0.871795 , 0.000001
0.000000 , 0.897436 , 0.000001
0.000000 , 0.923077 , 0.000001
0.000000 , 0.948718 , 0.000001
0.000000 , 0.974359 , 0.000001
0.000000 , 1.000000 , 0.000001
0.025641 , 0.000000 , -0.109834
0.025641 , 0.025641 , -0.109874
0.025641 , 0.051282 , -0.109800
0.025641 , 0.076923 , -0.109127
0.025641 , 0.102564 , -0.108672
0.025641 , 0.128205 , -0.109256
0.025641 , 0.153846 , -0.110626
0.025641 , 0.179487 , -0.112781
0.025641 , 0.205128 , -0.115342
0.025641 , 0.230769 , -0.118776
0.025641 , 0.256410 , -0.122559
0.025641 , 0.282051 , -0.126958
0.025641 , 0.307692 , -0.131052
0.025641 , 0.333333 , -0.135633
0.025641 , 0.358974 , -0.141005
0.025641 , 0.384615 , -0.147031
0.025641 , 0.410256 , -0.153699
0.025641 , 0.435897 , -0.159804
0.025641 , 0.461538 , -0.165446
0.025641 , 0.487179 , -0.171450
0.025641 , 0.512821 , -0.177522
0.025641 , 0.538462 , -0.183096
0.025641 , 0.564103 , -0.188712
0.025641 , 0.589744 , -0.194278
0.025641 , 0.615385 , -0.199707
0.025641 , 0.641026 , -0.204233
0.025641 , 0.666667 , -0.208782
0.025641 , 0.692308 , -0.212988
0.025641 , 0.717949 , -0.216959
0.025641 , 0.743590 , -0.220518
0.025641 , 0.769231 , -0.223932
0.025641 , 0.794872 , -0.226896
0.025641 , 0.820513 , -0.229032
0.025641 , 0.846154 , -0.231685
0.025641 , 0.871795 , -0.233334
0.025641 , 0.897436 , -0.235206
0.025641 , 0.923077 , -0.236213
0.025641 , 0.948718 , -0.236573
0.025641 , 0.974359 , -0.237319
0.025641 , 1.000000 , -0.236861
0.051282 , 0.000000 , -0.204804
0.051282 , 0.025641 , -0.204156
0.051282 , 0.051282 , -0.203739
0.051282 , 0.076923 , -0.203368
0.051282 , 0.102564 , -0.203941
0.051282 , 0.128205 , -0.206005
0.051282 , 0.153846 , -0.208567
0.051282 , 0.179487 , -0.212217
0.051282 , 0.205128 , -0.217126
0.051282 , 0.230769 , -0.223528
0.051282 , 0.256410 , -0.230875
0.051282 , 0.282051 , -0.239153
0.051282 , 0.307692 , -0.248147
0.051282 , 0.333333 , -0.257431
0.051282 , 0.358974 , -0.267581
0.051282 , 0.384615 , -0.278653
0.051282 , 0.410256 , -0.290758
0.051282 , 0.435897 , -0.303348
0.051282 , 0.461538 , -0.315092
0.051282 , 0.487179 , -0.327134
0.051282 , 0.512821 , -0.338893
0.051282 , 0.538462 , -0.350168
0.051282 , 0.564103 , -0.361558
0.051282 , 0.589744 , -0.372643
0.051282 , 0.615385 , -0.382838
0.051282 , 0.641026 , -0.392497
0.051282 , 0.666667 , -0.401585
0.051282 , 0.692308 , -0.410693
0.051282 , 0.717949 , -0.418556
0.051282 , 0.743590 , -0.425289
0.051282 , 0.769231 , -0.432248
0.051282 , 0.794872 , -0.438255
0.051282 , 0.820513 , -0.443562
0.051282 , 0.846154 , -0.447962
0.051282 , 0.871795 , -0.451406
0.051282 , 0.897436 , -0.454146
0.051282 , 0.923077 , -0.456021
0.051282 , 0.948718 , -0.457188
0.051282 , 0.974359 , -0.458237
0.051282 , 1.000000 , -0.458337
0.076923 , 0.000000 , -0.285411
0.076923 , 0.025641 , -0.284954
0.076923 , 0.051282 , -0.284609
0.076923 , 0.076923 , -0.284971
0.076923 , 0.102564 , -0.286383
0.076923 , 0.128205 , -0.289416
0.076923 , 0.153846 , -0.293619
0.076923 , 0.179487 , -0.298596
0.076923 , 0.205128 , -0.305502
0.076923 , 0.230769 , -0.314582
0.076923 , 0.256410 , -0.325557
0.076923 , 0.282051 , -0.338345
0.076923 , 0.307692 , -0.352083
0.076923 , 0.333333 , -0.365593
0.076923 , 0.358974 , -0.380670
0.076923 , 0.384615 , -0.396959
0.076923 , 0.410256 , -0.414671
0.076923 , 0.435897 , -0.433398
0.076923 , 0.461538 , -0.451224
0.076923 , 0.487179 , -0.468463
0.076923 , 0.512821 , -0.485948
0.076923 , 0.538462 , -0.502466
0.076923 , 0.564103 , -0.519335
0.076923 , 0.589744 , -0.536156
0.076923 , 0.615385 , -0.551425
0.076923 , 0.641026 , -0.565429
0.076923 , 0.666667 , -0.579276
0.076923 , 0.692308 , -0.593209
0.076923 , 0.717949 , -0.605497
0.076923 , 0.743590 , -0.615592
0.076923 , 0.769231 , -0.625835
0.076923 , 0.794872 , -0.634440
0.076923 , 0.820513 , -0.642384
0.076923 , 0.846154 , -0.648636
0.076923 , 0.871795 , -0.653577
0.076923 , 0.897436 , -0.657514
0.076923 , 0.923077 , -0.660951
0.076923 , 0.948718 , -0.663298
0.076923 , 0.974359 , -0.664808
0.076923 , 1.000000 , -0.665016
0.102564 , 0.000000 , -0.352415
0.102564 , 0.025641 , -0.352540
0.102564 , 0.051282 , -0.353185
0.102564 , 0.076923 , -0.354195
0.102564 , 0.102564 , -0.357063
0.102564 , 0.128205 , -0.361340
0.102564 , 0.153846 , -0.366387
0.102564 , 0.179487 , -0.372836
0.102564 , 0.205128 , -0.381836
0.102564 , 0.230769 , -0.393902
0.102564 , 0.256410 , -0.408207
0.102564 , 0.282051 , -0.424450
0.102564 , 0.307692 , -0.442657
0.102564 , 0.333333 , -0.461155
0.102564 , 0.358974 , -0.481980
0.102564 , 0.384615 , -0.503707
0.102564 , 0.410256 , -0.525822
0.102564 , 0.435897 , -0.550211
0.102564 , 0.461538 , -0.573632
0.102564 , 0.487179 , -0.595873
0.102564 , 0.512821 , -0.618497
0.102564 , 0.538462 , -0.641512
0.102564 , 0.564103 , -0.663673
0.102564 , 0.589744 , -0.685552
0.102564 , 0.615385 , -0.706738
0.102564 , 0.641026 , -0.725561
0.102564 , 0.666667 , -0.743567
0.102564 , 0.692308 , -0.761942
0.102564 , 0.717949 , -0.778158
0.102564 , 0.743590 , -0.791495
0.102564 , 0.769231 , -0.804398
0.102564 , 0.794872 , -0.815929
0.102564 , 0.820513 , -0.826229
0.102564 , 0.846154 , -0.835514
0.102564 , 0.871795 , -0.842465
0.102564 , 0.897436 , -0.847754
0.102564 , 0.923077 , -0.851852
0.102564 , 0.948718 , -0.855197
0.102564 , 0.974359 , -0.857573
0.102564 , 1.000000 , -0.858774
0.128205 , 0.000000 , -0.408065
0.128205 , 0.025641 , -0.409047
0.128205 , 0.051282 , -0.410728
0.128205 , 0.076923 , -0.412260
0.128205 , 0.102564 , -0.415659
0.128205 , 0.128205 , -0.421083
0.128205 , 0.153846 , -0.427580
0.128205 , 0.179487 , -0.435364
0.128205 , 0.205128 , -0.446473
0.128205 , 0.230769 , -0.461109
0.128205 , 0.256410 , -0.478776
0.128205 , 0.282051 , -0.498280
0.128205 , 0.307692 , -0.519745
0.128205 , 0.333333 , -0.543559
0.128205 , 0.358974 , -0.569471
0.128205 , 0.384615 , -0.597172
0.128205 , 0.410256 , -0.624713
0.128205 , 0.435897 , -0.653441
0.128205 , 0.461538 , -0.681843
0.128205 , 0.487179 , -0.710412
0.128205 , 0.512821 , -0.738915
0.128205 , 0.538462 , -0.767665
0.128205 , 0.564103 , -0.795038
0.128205 , 0.589744 , -0.821614
0.128205 , 0.615385 , -0.847784
0.128205 , 0.641026 , -0.872287
0.128205 , 0.666667 , -0.894562
0.128205 , 0.692308 , -0.916993
0.128205 , 0.717949 , -0.937183
0.128205 , 0.743590 , -0.955308
0.128205 , 0.769231 , -0.971015
0.128205 , 0.794872 , -0.985827
0.128205 , 0.820513 , -0.998002
0.128205 , 0.846154 , -1.009315
0.128205 , 0.871795 , -1.018674
0.128205 , 0.897436 , -1.025561
0.128205 , 0.923077 , -1.030486
0.128205 , 0.948718 , -1.033798
0.128205 , 0.974359 , -1.036990
0.128205 , 1.000000 , -1.038354
0.153846 , 0.000000 , -0.453049
0.153846 , 0.025641 , -0.453552
0.153846 , 0.051282 , -0.456322
0.153846 , 0.076923 , -0.459282
0.153846 , 0.102564 , -0.463511
0.153846 , 0.128205 , -0.469561
0.153846 , 0.153846 , -0.477003
0.153846 , 0.179487 , -0.486802
0.153846 , 0.205128 , -0.500029
0.153846 , 0.230769 , -0.517578
0.153846 , 0.256410 , -0.537876
0.153846 , 0.282051 , -0.560558
0.153846 , 0.307692 , -0.585960
0.153846 , 0.333333 , -0.614379
0.153846 , 0.358974 , -0.645491
0.153846 , 0.384615 , -0.678033
0.153846 , 0.410256 , -0.710769
0.153846 , 0.435897 , -0.745319
0.153846 , 0.461538 , -0.778910
0.153846 , 0.487179 , -0.812865
0.153846 , 0.512821 , -0.846885
0.153846 , 0.538462 , -0.880507
0.153846 , 0.564103 , -0.912927
0.153846 , 0.589744 , -0.945076
0.153846 , 0.615385 , -0.975885
0.153846 , 0.641026 , -1.005522
0.153846 , 0.666667 , -1.033195
0.153846 , 0.692308 , -1.059592
0.153846 , 0.717949 , -1.083671
0.153846 , 0.743590 , -1.105556
0.153846 , 0.769231 , -1.125621
0.153846 , 0.794872 , -1.143201
0.153846 , 0.820513 , -1.158393
0.153846 , 0.846154 , -1.171328
0.153846 , 0.871795 , -1.182611
0.153846 , 0.897436 , -1.190551
0.153846 , 0.923077 , -1.196759
0.153846 , 0.948718 , -1.201207
0.153846 , 0.974359 , -1.203502
0.153846 , 1.000000 , -1.205164
0.179487 , 0.000000 , -0.486247
0.179487 , 0.025641 , -0.487116
0.179487 , 0.051282 , -0.489586
0.179487 , 0.076923 , -0.494219
0.179487 , 0.102564 , -0.499751
0.179487 , 0.128205 , -0.507037
0.179487 , 0.153846 , -0.516599
0.179487 , 0.179487 , -0.528184
0.179487 , 0.205128 , -0.543850
0.179487 , 0.230769 , -0.564742
0.179487 , 0.256410 , -0.588121
0.179487 , 0.282051 , -0.613529
0.179487 , 0.307692 , -0.642717
0.179487 , 0.333333 , -0.675129
0.179487 , 0.358974 , -0.710304
0.179487 , 0.384615 , -0.747203
0.179487 , 0.410256 , -0.785544
0.179487 , 0.435897 , -0.825019
0.179487 , 0.461538 , -0.864623
0.179487 , 0.487179 , -0.903624
0.179487 , 0.512821 , -0.942930
0.179487 , 0.538462 , -0.982051
0.179487 , 0.564103 , -1.019872
0.179487 , 0.589744 , -1.057597
0.179487 , 0.615385 , -1.093375
0.179487 , 0.641026 , -1.128060
0.179487 , 0.666667 , -1.160809
0.179487 , 0.692308 , -1.192257
0.179487 , 0.717949 , -1.220576
0.179487 , 0.743590 , -1.245638
0.179487 , 0.769231 , -1.268053
0.179487 , 0.794872 , -1.288705
0.179487 , 0.820513 , -1.307011
0.179487 , 0.846154 , -1.323019
0.179487 , 0.871795 , -1.335600
0.179487 , 0.897436 , -1.345564
0.179487 , 0.923077 , -1.351774
0.179487 , 0.948718 , -1.356229
0.179487 , 0.974359 , -1.359288
0.179487 , 1.000000 , -1.360921
0.205128 , 0.000000 , -0.507990
0.205128 , 0.025641 , -0.509446
0.205128 , 0.051282 , -0.512456
0.205128 , 0.076923 , -0.517310
0.205128 , 0.102564 , -0.524545
0.205128 , 0.128205 , -0.533255
0.205128 , 0.153846 , -0.545589
0.205128 , 0.179487 , -0.560443
0.205128 , 0.205128 , -0.578448
0.205128 , 0.230769 , -0.601900
0.205128 , 0.256410 , -0.629230
0.205128 , 0.282051 , -0.657848
0.205128 , 0.307692 , -0.690472
0.205128 , 0.333333 , -0.725909
0.205128 , 0.358974 , -0.765037
0.205128 , 0.384615 , -0.806690
0.205128 , 0.410256 , -0.849854
0.205128 , 0.435897 , -0.894119
0.205128 , 0.461538 , -0.938034
0.205128 , 0.487179 , -0.982609
0.205128 , 0.512821 , -1.027231
0.205128 , 0.538462 , -1.072496
0.205128 , 0.564103 , -1.116604
0.205128 , 0.589744 , -1.159546
0.205128 , 0.615385 , -1.200311
0.205128 , 0.641026 , -1.239234
0.205128 , 0.666667 , -1.277103
0.205128 , 0.692308 , -1.313111
0.205128 , 0.717949 , -1.346081
0.205128 , 0.743590 , -1.374601
0.205128 , 0.769231 , -1.400119
0.205128 , 0.794872 , -1.423747
0.205128 , 0.820513 , -1.445565
0.205128 , 0.846154 , -1.463203
0.205128 , 0.871795 , -1.477712
0.205128 , 0.897436 , -1.489405
0.205128 , 0.923077 , -1.497244
0.205128 , 0.948718 , -1.501733
0.205128 , 0.974359 , -1.505115
0.205128 , 1.000000 , -1.507199
0.230769 , 0.000000 , -0.519787
0.230769 , 0.025641 , -0.521301
0.230769 , 0.051282 , -0.525321
0.230769 , 0.076923 , -0.530806
0.230769 , 0.102564 , -0.539109
0.230769 , 0.128205 , -0.550356
0.230769 , 0.153846 , -0.565245
0.230769 , 0.179487 , -0.582741
0.230769 , 0.205128 , -0.603933
0.230769 , 0.230769 , -0.629457
0.230769 , 0.256410 , -0.659689
0.230769 , 0.282051 , -0.693186
0.230769 , 0.307692 , -0.729608
0.230769 , 0.333333 , -0.768423
0.230769 , 0.358974 , -0.811044
0.230769 , 0.384615 , -0.856998
0.230769 , 0.410256 , -0.903458
0.230769 , 0.435897 , -0.952660
0.230769 , 0.461538 , -1.001748
0.230769 , 0.487179 , -1.052136
0.230769 , 0.512821 , -1.102728
0.230769 , 0.538462 , -1.152888
0.230769 , 0.564103 , -1.202840
0.230769 , 0.589744 , -1.250895
0.230769 , 0.615385 , -1.296978
0.230769 , 0.641026 , -1.341462
0.230769 , 0.666667 , -1.384311
0.230769 , 0.692308 , -1.423907
0.230769 , 0.717949 , -1.461128
0.230769 , 0.743590 , -1.494280
0.230769 , 0.769231 , -1.522905
0.230769 , 0.794872 , -1.549708
0.230769 , 0.820513 , -1.574141
0.230769 , 0.846154 , -1.594447
0.230769 , 0.871795 , -1.611305
0.230769 , 0.897436 , -1.623906
0.230769 , 0.923077 , -1.633309
0.230769 , 0.948718 , -1.639829
0.230769 , 0.974359 , -1.643478
0.230769 , 1.000000 , -1.645560
0.256410 , 0.000000 , -0.522058
0.256410 , 0.025641 , -0.523724
0.256410 , 0.051282 , -0.528120
0.256410 , 0.076923 , -0.535024
0.256410 , 0.102564 , -0.544317
0.256410 , 0.128205 , -0.557533
0.256410 , 0.153846 , -0.575230
0.256410 , 0.179487 , -0.595785
0.256410 , 0.205128 , -0.620164
0.256410 , 0.230769 , -0.648360
0.256410 , 0.256410 , -0.681940
0.256410 , 0.282051 , -0.719205
0.256410 , 0.307692 , -0.759666
0.256410 , 0.333333 , -0.802528
0.256410 , 0.358974 , -0.848658
0.256410 , 0.384615 , -0.898909
0.256410 , 0.410256 , -0.949755
0.256410 , 0.435897 , -1.002936
0.256410 , 0.461538 , -1.057359
0.256410 , 0.487179 , -1.112837
0.256410 , 0.512821 , -1.169202
0.256410 , 0.538462 , -1.224696
0.256410 , 0.564103 , -1.279466
0.256410 , 0.589744 , -1.332995
0.256410 , 0.615385 , -1.384756
0.256410 , 0.641026 , -1.434178
0.256410 , 0.666667 , -1.481382
0.256410 , 0.692308 , -1.524960
0.256410 , 0.717949 , -1.565419
0.256410 , 0.743590 , -1.603577
0.256410 , 0.769231 , -1.637402
0.256410 , 0.794872 , -1.668179
0.256410 , 0.820513 , -1.694664
0.256410 , 0.846154 , -1.717476
0.256410 , 0.871795 , -1.736431
0.256410 , 0.897436 , -1.751124
0.256410 , 0.923077 , -1.761183
0.256410 , 0.948718 , -1.769236
0.256410 , 0.974359 , -1.774158
0.256410 , 1.000000 , -1.775840
0.282051 , 0.000000 , -0.515752
0.282051 , 0.025641 , -0.517135
0.282051 , 0.051282 , -0.521829
0.282051 , 0.076923 , -0.529714
0.282051 , 0.102564 , -0.540863
0.282051 , 0.128205 , -0.555893
0.282051 , 0.153846 , -0.575618
0.282051 , 0.179487 , -0.599196
0.282051 , 0.205128 , -0.626683
0.282051 , 0.230769 , -0.658041
0.282051 , 0.256410 , -0.694137
0.282051 , 0.282051 , -0.734985
0.282051 , 0.307692 , -0.779374
0.282051 , 0.333333 , -0.827001
0.282051 , 0.358974 , -0.877706
0.282051 , 0.384615 , -0.931565
0.282051 , 0.410256 , -0.987932
0.282051 , 0.435897 , -1.045080
0.282051 , 0.461538 , -1.104199
0.282051 , 0.487179 , -1.165141
0.282051 , 0.512821 , -1.226689
0.282051 , 0.538462 , -1.287530
0.282051 , 0.564103 , -1.347444
0.282051 , 0.589744 , -1.406300
0.282051 , 0.615385 , -1.463426
0.282051 , 0.641026 , -1.517925
0.282051 , 0.666667 , -1.569557
0.282051 , 0.692308 , -1.617618
0.282051 , 0.717949 , -1.662303
0.282051 , 0.743590 , -1.704238
0.282051 , 0.769231 , -1.742664
0.282051 , 0.794872 , -1.777931
0.282051 , 0.820513 , -1.807593
0.282051 , 0.846154 , -1.832938
0.282051 , 0.871795 , -1.853376
0.282051 , 0.897436 , -1.870699
0.282051 , 0.923077 , -1.883134
0.282051 , 0.948718 , -1.891957
0.282051 , 0.974359 , -1.898031
0.282051 , 1.000000 , -1.899463
0.307692 , 0.000000 , -0.498965
0.307692 , 0.025641 , -0.500455
0.307692 , 0.051282 , -0.505535
0.307692 , 0.076923 , -0.514878
0.307692 , 0.102564 , -0.528184
0.307692 , 0.128205 , -0.546120
0.307692 , 0.153846 , -0.568482
0.307692 , 0.179487 , -0.594362
0.307692 , 0.205128 , -0.623941
0.307692 , 0.230769 , -0.658094
0.307692 , 0.256410 , -0.697925
0.307692 , 0.282051 , -0.741975
0.307692 , 0.307692 , -0.790459
0.307692 , 0.333333 , -0.843119
0.307692 , 0.358974 , -0.898296
0.307692 , 0.384615 , -0.956170
0.307692 , 0.410256 , -1.017383
0.307692 , 0.435897 , -1.079910
0.307692 , 0.461538 , -1.144046
0.307692 , 0.487179 , -1.209951
0.307692 , 0.512821 , -1.276411
0.307692 , 0.538462 , -1.342404
0.307692 , 0.564103 , -1.407378
0.307692 , 0.589744 , -1.471210
0.307692 , 0.615385 , -1.533473
0.307692 , 0.641026 , -1.593191
0.307692 , 0.666667 , -1.649729
0.307692 , 0.692308 , -1.703393
0.307692 , 0.717949 , -1.752842
0.307692 , 0.743590 , -1.798591
0.307692 , 0.769231 , -1.841369
0.307692 , 0.794872 , -1.880047
0.307692 , 0.820513 , -1.913329
0.307692 , 0.846154 , -1.942331
0.307692 , 0.871795 , -1.965122
0.307692 , 0.897436 , -1.984644
0.307692 , 0.923077 , -1.999329
0.307692 , 0.948718 , -2.009670
0.307692 , 0.974359 , -2.015822
0.307692 , 1.000000 , -2.017704
0.333333 , 0.000000 , -0.471799
0.333333 , 0.025641 , -0.473582
0.333333 , 0.051282 , -0.480079
0.333333 , 0.076923 , -0.490470
0.333333 , 0.102564 , -0.505727
0.333333 , 0.128205 , -0.526565
0.333333 , 0.153846 , -0.552557
0.333333 , 0.179487 , -0.581205
0.333333 , 0.205128 , -0.613545
0.333333 , 0.230769 , -0.651144
0.333333 , 0.256410 , -0.694352
0.333333 , 0.282051 , -0.742617
0.333333 , 0.307692 , -0.795129
0.333333 , 0.333333 , -0.851485
0.333333 , 0.358974 , -0.911187
0.333333 , 0.384615 , -0.973984
0.333333 , 0.410256 , -1.040167
0.333333 , 0.435897 , -1.108170
0.333333 , 0.461538 , -1.177317
0.333333 , 0.487179 , -1.248167
0.333333 , 0.512821 , -1.319403
0.333333 , 0.538462 , -1.390922
0.333333 , 0.564103 , -1.461389
0.333333 , 0.589744 , -1.530542
0.333333 , 0.615385 , -1.597890
0.333333 , 0.641026 , -1.662546
0.333333 , 0.666667 , -1.724028
0.333333 , 0.692308 , -1.782634
0.333333 , 0.717949 , -1.837546
0.333333 , 0.743590 , -1.888514
0.333333 , 0.769231 , -1.934698
0.333333 , 0.794872 , -1.976594
0.333333 , 0.820513 , -2.013465
0.333333 , 0.846154 , -2.045852
0.333333 , 0.871795 , -2.072372
0.333333 , 0.897436 , -2.094039
0.333333 , 0.923077 , -2.109856
0.333333 , 0.948718 , -2.122344
0.333333 , 0.974359 , -2.129059
0.333333 , 1.000000 , -2.130817
0.358974 , 0.000000 , -0.434905
0.358974 , 0.025641 , -0.437722
0.358974 , 0.051282 , -0.445103
0.358974 , 0.076923 , -0.457254
0.358974 , 0.102564 , -0.474811
0.358974 , 0.128205 , -0.497457
0.358974 , 0.153846 , -0.526425
0.358974 , 0.179487 , -0.559529
0.358974 , 0.205128 , -0.595337
0.358974 , 0.230769 , -0.636908
0.358974 , 0.256410 , -0.683621
0.358974 , 0.282051 , -0.735790
0.358974 , 0.307692 , -0.792844
0.358974 , 0.333333 , -0.853548
0.358974 , 0.358974 , -0.917663
0.358974 , 0.384615 , -0.985262
0.358974 , 0.410256 , -1.056304
0.358974 , 0.435897 , -1.129785
0.358974 , 0.461538 , -1.204261
0.358974 , 0.487179 , -1.279980
0.358974 , 0.512821 , -1.356474
0.358974 , 0.538462 , -1.433281
0.358974 , 0.564103 , -1.509217
0.358974 , 0.589744 , -1.583714
0.358974 , 0.615385 , -1.656583
0.358974 , 0.641026 , -1.725785
0.358974 , 0.666667 , -1.792265
0.358974 , 0.692308 , -1.856290
0.358974 , 0.717949 , -1.916842
0.358974 , 0.743590 , -1.972844
0.358974 , 0.769231 , -2.023592
0.358974 , 0.794872 , -2.069049
0.358974 , 0.820513 , -2.109796
0.358974 , 0.846154 , -2.145024
0.358974 , 0.871795 , -2.174674
0.358974 , 0.897436 , -2.199374
0.358974 , 0.923077 , -2.216959
0.358974 , 0.948718 , -2.230392
0.358974 , 0.974359 , -2.238366
0.358974 , 1.000000 , -2.240955
0.384615 , 0.000000 , -0.389053
0.384615 , 0.025641 , -0.392486
0.384615 , 0.051282 , -0.401393
0.384615 , 0.076923 , -0.415072
0.384615 , 0.102564 , -0.434461
0.384615 , 0.128205 , -0.460197
0.384615 , 0.153846 , -0.491599
0.384615 , 0.179487 , -0.528519
0.384615 , 0.205128 , -0.568898
0.384615 , 0.230769 , -0.614195
0.384615 , 0.256410 , -0.665286
0.384615 , 0.282051 , -0.721621
0.384615 , 0.307692 , -0.783110
0.384615 , 0.333333 , -0.848532
0.384615 , 0.358974 , -0.918167
0.384615 , 0.384615 , -0.990809
0.384615 , 0.410256 , -1.066448
0.384615 , 0.435897 , -1.145486
0.384615 , 0.461538 , -1.225614
0.384615 , 0.487179 , -1.306722
0.384615 , 0.512821 , -1.388602
0.384615 , 0.538462 , -1.470796
0.384615 , 0.564103 , -1.552538
0.384615 , 0.589744 , -1.631972
0.384615 , 0.615385 , -1.709765
0.384615 , 0.641026 , -1.784843
0.384615 , 0.666667 , -1.856753
0.384615 , 0.692308 , -1.925831
0.384615 , 0.717949 , -1.991856
0.384615 , 0.743590 , -2.053246
0.384615 , 0.769231 , -2.108567
0.384615 , 0.794872 , -2.158212
0.384615 , 0.820513 , -2.202676
0.384615 , 0.846154 , -2.241322
0.384615 , 0.871795 , -2.274420
0.384615 , 0.897436 , -2.301169
0.384615 , 0.923077 , -2.321272
0.384615 , 0.948718 , -2.336208
0.384615 , 0.974359 , -2.345206
0.384615 , 1.000000 , -2.348594
0.410256 , 0.000000 , -0.334446
0.410256 , 0.025641 , -0.338024
0.410256 , 0.051282 , -0.348196
0.410256 , 0.076923 , -0.364320
0.410256 , 0.102564 , -0.385126
0.410256 , 0.128205 , -0.413194
0.410256 , 0.153846 , -0.447892
0.410256 , 0.179487 , -0.488512
0.410256 , 0.205128 , -0.533617
0.410256 , 0.230769 , -0.583791
0.410256 , 0.256410 , -0.639321
0.410256 , 0.282051 , -0.699806
0.410256 , 0.307692 , -0.765878
0.410256 , 0.333333 , -0.836698
0.410256 , 0.358974 , -0.911541
0.410256 , 0.384615 , -0.990151
0.410256 , 0.410256 , -1.070979
0.410256 , 0.435897 , -1.155059
0.410256 , 0.461538 , -1.241249
0.410256 , 0.487179 , -1.328546
0.410256 , 0.512821 , -1.416483
0.410256 , 0.538462 , -1.504236
0.410256 , 0.564103 , -1.591478
0.410256 , 0.589744 , -1.676571
0.410256 , 0.615385 , -1.760315
0.410256 , 0.641026 , -1.841952
0.410256 , 0.666667 , -1.920281
0.410256 , 0.692308 , -1.994725
0.410256 , 0.717949 , -2.065480
0.410256 , 0.743590 , -2.131448
0.410256 , 0.769231 , -2.191720
0.410256 , 0.794872 , -2.245662
0.410256 , 0.820513 , -2.293886
0.410256 , 0.846154 , -2.336091
0.410256 , 0.871795 , -2.372248
0.410256 , 0.897436 , -2.401127
0.410256 , 0.923077 , -2.423693
0.410256 , 0.948718 , -2.440108
0.410256 , 0.974359 , -2.450013
0.410256 , 1.000000 , -2.453620
0.435897 , 0.000000 , -0.270988
0.435897 , 0.025641 , -0.274380
0.435897 , 0.051282 , -0.285340
0.435897 , 0.076923 , -0.303204
0.435897 , 0.102564 , -0.326914
0.435897 , 0.128205 , -0.357009
0.435897 , 0.153846 , -0.394750
0.435897 , 0.179487 , -0.438891
0.435897 , 0.205128 , -0.488427
0.435897 , 0.230769 , -0.543070
0.435897 , 0.256410 , -0.604164
0.435897 , 0.282051 , -0.669918
0.435897 , 0.307692 , -0.741277
0.435897 , 0.333333 , -0.818017
0.435897 , 0.358974 , -0.898541
0.435897 , 0.384615 , -0.982624
0.435897 , 0.410256 , -1.069891
0.435897 , 0.435897 , -1.160041
0.435897 , 0.461538 , -1.252443
0.435897 , 0.487179 , -1.346210
0.435897 , 0.512821 , -1.440576
0.435897 , 0.538462 , -1.534709
0.435897 , 0.564103 , -1.627954
0.435897 , 0.589744 , -1.718969
0.435897 , 0.615385 , -1.808547
0.435897 , 0.641026 , -1.896483
0.435897 , 0.666667 , -1.980663
0.435897 , 0.692308 , -2.061112
0.435897 , 0.717949 , -2.137493
0.435897 , 0.743590 , -2.208597
0.435897 , 0.769231 , -2.274094
0.435897 , 0.794872 , -2.332434
0.435897 , 0.820513 , -2.384676
0.435897 , 0.846154 , -2.430423
0.435897 , 0.871795 , -2.469320
0.435897 , 0.897436 , -2.501182
0.435897 , 0.923077 , -2.525801
0.435897 , 0.948718 , -2.543143
0.435897 , 0.974359 , -2.553693
0.435897 , 1.000000 , -2.557445
0.461538 , 0.000000 , -0.196624
0.461538 , 0.025641 , -0.200639
0.461538 , 0.051282 , -0.212334
0.461538 , 0.076923 , -0.231680
0.461538 , 0.102564 , -0.257898
0.461538 , 0.128205 , -0.291735
0.461538 , 0.153846 , -0.332032
0.461538 , 0.179487 , -0.380267
0.461538 , 0.205128 , -0.434192
0.461538 , 0.230769 , -0.493806
0.461538 , 0.256410 , -0.560262
0.461538 , 0.282051 , -0.632111
0.461538 , 0.307692 , -0.709707
0.461538 , 0.333333 , -0.792617
0.461538 , 0.358974 , -0.878882
0.461538 , 0.384615 , -0.969280
0.461538 , 0.410256 , -1.063308
0.461538 , 0.435897 , -1.160223
0.461538 , 0.461538 , -1.258994
0.461538 , 0.487179 , -1.359814
0.461538 , 0.512821 , -1.461287
0.461538 , 0.538462 , -1.562172
0.461538 , 0.564103 , -1.662031
0.461538 , 0.589744 , -1.759713
0.461538 , 0.615385 , -1.855467
0.461538 , 0.641026 , -1.949605
0.461538 , 0.666667 , -2.040598
0.461538 , 0.692308 , -2.126764
0.461538 , 0.717949 , -2.209092
0.461538 , 0.743590 , -2.285349
0.461538 , 0.769231 , -2.355943
0.461538 , 0.794872 , -2.418652
0.461538 , 0.820513 , -2.475185
0.461538 , 0.846154 , -2.524583
0.461538 , 0.871795 , -2.566649
0.461538 , 0.897436 , -2.601461
0.461538 , 0.923077 , -2.627967
0.461538 , 0.948718 , -2.646877
0.461538 , 0.974359 , -2.657975
0.461538 , 1.000000 , -2.662057
0.487179 , 0.000000 , -0.110749
0.487179 , 0.025641 , -0.115828
0.487179 , 0.051282 , -0.129088
0.487179 , 0.076923 , -0.150356
0.487179 , 0.102564 , -0.178999
0.487179 , 0.128205 , -0.216231
0.487179 , 0.153846 , -0.260067
0.487179 , 0.179487 , -0.311767
0.487179 , 0.205128 , -0.370633
0.487179 , 0.230769 , -0.435614
0.487179 , 0.256410 , -0.507553
0.487179 , 0.282051 , -0.585465
0.487179 , 0.307692 , -0.669137
0.487179 , 0.333333 , -0.759359
0.487179 , 0.358974 , -0.852971
0.487179 , 0.384615 , -0.950092
0.487179 , 0.410256 , -1.051265
0.487179 , 0.435897 , -1.155540
0.487179 , 0.461538 , -1.262164
0.487179 , 0.487179 , -1.369932
0.487179 , 0.512821 , -1.479050
0.487179 , 0.538462 , -1.587320
0.487179 , 0.564103 , -1.693977
0.487179 , 0.589744 , -1.799146
0.487179 , 0.615385 , -1.902355
0.487179 , 0.641026 , -2.003215
0.487179 , 0.666667 , -2.100389
0.487179 , 0.692308 , -2.193013
0.487179 , 0.717949 , -2.281371
0.487179 , 0.743590 , -2.363459
0.487179 , 0.769231 , -2.438656
0.487179 , 0.794872 , -2.505982
0.487179 , 0.820513 , -2.567165
0.487179 , 0.846154 , -2.620694
0.487179 , 0.871795 , -2.666139
0.487179 , 0.897436 , -2.703885
0.487179 , 0.923077 , -2.732399
0.487179 , 0.948718 , -2.752476
0.487179 , 0.974359 , -2.764430
0.487179 , 1.000000 , -2.769024
0.512821 , 0.000000 , -0.015586
0.512821 , 0.025641 , -0.020537
0.512821 , 0.051282 , -0.035324
0.512821 , 0.076923 , -0.058502
0.512821 , 0.102564 , -0.090311
0.512821 , 0.128205 , -0.130496
0.512821 , 0.153846 , -0.178218
0.512821 , 0.179487 , -0.233514
0.512821 , 0.205128 , -0.297446
0.512821 , 0.230769 , -0.368424
0.512821 , 0.256410 , -0.446065
0.512821 , 0.282051 , -0.530612
0.512821 , 0.307692 , -0.620687
0.512821 , 0.333333 , -0.717257
0.512821 , 0.358974 , -0.819134
0.512821 , 0.384615 , -0.924469
0.512821 , 0.410256 , -1.033783
0.512821 , 0.435897 , -1.146298
0.512821 , 0.461538 , -1.261141
0.512821 , 0.487179 , -1.377049
0.512821 , 0.512821 , -1.494353
0.512821 , 0.538462 , -1.611008
0.512821 , 0.564103 , -1.725748
0.512821 , 0.589744 , -1.838713
0.512821 , 0.615385 , -1.950018
0.512821 , 0.641026 , -2.058308
0.512821 , 0.666667 , -2.161747
0.512821 , 0.692308 , -2.260978
0.512821 , 0.717949 , -2.355486
0.512821 , 0.743590 , -2.443827
0.512821 , 0.769231 , -2.524162
0.512821 , 0.794872 , -2.596459
0.512821 , 0.820513 , -2.662176
0.512821 , 0.846154 , -2.719702
0.512821 , 0.871795 , -2.768905
0.512821 , 0.897436 , -2.809612
0.512821 , 0.923077 , -2.840695
0.512821 , 0.948718 , -2.861761
0.512821 , 0.974359 , -2.874848
0.512821 , 1.000000 , -2.879677
0.538462 , 0.000000 , 0.089918
0.538462 , 0.025641 , 0.085142
0.538462 , 0.051282 , 0.069558
0.538462 , 0.076923 , 0.044398
0.538462 , 0.102564 , 0.009509
0.538462 , 0.128205 , -0.033819
0.538462 , 0.153846 , -0.085804
0.538462 , 0.179487 , -0.145866
0.538462 , 0.205128 , -0.214530
0.538462 , 0.230769 , -0.291417
0.538462 , 0.256410 , -0.374429
0.538462 , 0.282051 , -0.465397
0.538462 , 0.307692 , -0.562892
0.538462 , 0.333333 , -0.667469
0.538462 , 0.358974 , -0.777748
0.538462 , 0.384615 , -0.892022
0.538462 , 0.410256 , -1.010259
0.538462 , 0.435897 , -1.131850
0.538462 , 0.461538 , -1.256122
0.538462 , 0.487179 , -1.381357
0.538462 , 0.512821 , -1.507213
0.538462 , 0.538462 , -1.633508
0.538462 , 0.564103 , -1.758338
0.538462 , 0.589744 , -1.880020
0.538462 , 0.615385 , -1.999640
0.538462 , 0.641026 , -2.115005
0.538462 , 0.666667 , -2.225582
0.538462 , 0.692308 , -2.331956
0.538462 , 0.717949 , -2.433179
0.538462 , 0.743590 , -2.527498
0.538462 , 0.769231 , -2.614045
0.538462 , 0.794872 , -2.691690
0.538462 , 0.820513 , -2.761579
0.538462 , 0.846154 , -2.823441
0.538462 , 0.871795 , -2.875524
0.538462 , 0.897436 , -2.918964
0.538462 , 0.923077 , -2.952555
0.538462 , 0.948718 , -2.975983
0.538462 , 0.974359 , -2.990033
0.538462 , 1.000000 , -2.995170
0.564103 , 0.000000 , 0.206095
0.564103 , 0.025641 , 0.201264
0.564103 , 0.051282 , 0.185457
0.564103 , 0.076923 , 0.158555
0.564103 , 0.102564 , 0.121088
0.564103 , 0.128205 , 0.074701
0.564103 , 0.153846 , 0.018703
0.564103 , 0.179487 , -0.046360
0.564103 , 0.205128 , -0.120072
0.564103 , 0.230769 , -0.202457
0.564103 , 0.256410 , -0.292451
0.564103 , 0.282051 , -0.390088
0.564103 , 0.307692 , -0.495701
0.564103 , 0.333333 , -0.608756
0.564103 , 0.358974 , -0.728086
0.564103 , 0.384615 , -0.852464
0.564103 , 0.410256 , -0.980890
0.564103 , 0.435897 , -1.112743
0.564103 , 0.461538 , -1.247618
0.564103 , 0.487179 , -1.383419
0.564103 , 0.512821 , -1.519679
0.564103 , 0.538462 , -1.655829
0.564103 , 0.564103 , -1.791037
0.564103 , 0.589744 , -1.922949
0.564103 , 0.615385 , -2.051473
0.564103 , 0.641026 , -2.175474
0.564103 , 0.666667 , -2.294331
0.564103 , 0.692308 , -2.408015
0.564103 , 0.717949 , -2.515608
0.564103 , 0.743590 , -2.616304
0.564103 , 0.769231 , -2.709171
0.564103 , 0.794872 , -2.792425
0.564103 , 0.820513 , -2.866503
0.564103 , 0.846154 , -2.932063
0.564103 , 0.871795 , -2.988230
0.564103 , 0.897436 , -3.034048
0.564103 , 0.923077 , -3.069641
0.564103 , 0.948718 , -3.095398
0.564103 , 0.974359 , -3.110137
0.564103 , 1.000000 , -3.116035
0.589744 , 0.000000 , 0.334428
0.589744 , 0.025641 , 0.329078
0.589744 , 0.051282 , 0.312288
0.589744 , 0.076923 , 0.284286
0.589744 , 0.102564 , 0.244993
0.589744 , 0.128205 , 0.195436
0.589744 , 0.153846 , 0.135277
0.589744 , 0.179487 , 0.065841
0.589744 , 0.205128 , -0.012998
0.589744 , 0.230769 , -0.100917
0.589744 , 0.256410 , -0.197991
0.589744 , 0.282051 , -0.304146
0.589744 , 0.307692 , -0.418772
0.589744 , 0.333333 , -0.540783
0.589744 , 0.358974 , -0.669970
0.589744 , 0.384615 , -0.804867
0.589744 , 0.410256 , -0.945069
0.589744 , 0.435897 , -1.088389
0.589744 , 0.461538 , -1.234437
0.589744 , 0.487179 , -1.382094
0.589744 , 0.512821 , -1.530218
0.589744 , 0.538462 , -1.678264
0.589744 , 0.564103 , -1.824976
0.589744 , 0.589744 , -1.968040
0.589744 , 0.615385 , -2.106544
0.589744 , 0.641026 , -2.240091
0.589744 , 0.666667 , -2.368068
0.589744 , 0.692308 , -2.489750
0.589744 , 0.717949 , -2.604538
0.589744 , 0.743590 , -2.711941
0.589744 , 0.769231 , -2.810501
0.589744 , 0.794872 , -2.898867
0.589744 , 0.820513 , -2.977365
0.589744 , 0.846154 , -3.046940
0.589744 , 0.871795 , -3.106438
0.589744 , 0.897436 , -3.155912
0.589744 , 0.923077 , -3.193923
0.589744 , 0.948718 , -3.221029
0.589744 , 0.974359 , -3.237337
0.589744 , 1.000000 , -3.242647
0.615385 , 0.000000 , 0.475215
0.615385 , 0.025641 , 0.469659
0.615385 , 0.051282 , 0.451493
0.615385 , 0.076923 , 0.421885
0.615385 , 0.102564 , 0.380816
0.615385 , 0.128205 , 0.328650
0.615385 , 0.153846 , 0.265273
0.615385 , 0.179487 , 0.191602
0.615385 , 0.205128 , 0.107439
0.615385 , 0.230769 , 0.013137
0.615385 , 0.256410 , -0.091330
0.615385 , 0.282051 , -0.205929
0.615385 , 0.307692 , -0.330348
0.615385 , 0.333333 , -0.463063
0.615385 , 0.358974 , -0.603091
0.615385 , 0.384615 , -0.750231
0.615385 , 0.410256 , -0.902733
0.615385 , 0.435897 , -1.058967
0.615385 , 0.461538 , -1.217652
0.615385 , 0.487179 , -1.377980
0.615385 , 0.512821 , -1.539409
0.615385 , 0.538462 , -1.701132
0.615385 , 0.564103 , -1.860577
0.615385 , 0.589744 , -2.015897
0.615385 , 0.615385 , -2.165665
0.615385 , 0.641026 , -2.310141
0.615385 , 0.666667 , -2.448072
0.615385 , 0.692308 , -2.578656
0.615385 , 0.717949 , -2.701220
0.615385 , 0.743590 , -2.815294
0.615385 , 0.769231 , -2.919377
0.615385 , 0.794872 , -3.012605
0.615385 , 0.820513 , -3.096566
0.615385 , 0.846154 , -3.170881
0.615385 , 0.871795 , -3.234406
0.615385 , 0.897436 , -3.285951
0.615385 , 0.923077 , -3.326432
0.615385 , 0.948718 , -3.354990
0.615385 , 0.974359 , -3.372426
0.615385 , 1.000000 , -3.377879
0.641026 , 0.000000 , 0.629046
0.641026 , 0.025641 , 0.622837
0.641026 , 0.051282 , 0.603803
0.641026 , 0.076923 , 0.573002
0.641026 , 0.102564 , 0.529789
0.641026 , 0.128205 , 0.475085
0.641026 , 0.153846 , 0.408534
0.641026 , 0.179487 , 0.329976
0.641026 , 0.205128 , 0.239821
0.641026 , 0.230769 , 0.139233
0.641026 , 0.256410 , 0.027744
0.641026 , 0.282051 , -0.095941
0.641026 , 0.307692 , -0.230097
0.641026 , 0.333333 , -0.373832
0.641026 , 0.358974 , -0.526161
0.641026 , 0.384615 , -0.686189
0.641026 , 0.410256 , -0.852596
0.641026 , 0.435897 , -1.023542
0.641026 , 0.461538 , -1.197014
0.641026 , 0.487179 , -1.372336
0.641026 , 0.512821 , -1.548942
0.641026 , 0.538462 , -1.725149
0.641026 , 0.564103 , -1.898663
0.641026 , 0.589744 , -2.067896
0.641026 , 0.615385 , -2.231048
0.641026 , 0.641026 , -2.387098
0.641026 , 0.666667 , -2.535743
0.641026 , 0.692308 , -2.675643
0.641026 , 0.717949 , -2.807386
0.641026 , 0.743590 , -2.928057
0.641026 , 0.769231 , -3.038439
0.641026 , 0.794872 , -3.137682
0.641026 , 0.820513 , -3.226528
0.641026 , 0.846154 , -3.304780
0.641026 , 0.871795 , -3.371292
0.641026 , 0.897436 , -3.425293
0.641026 , 0.923077 , -3.467779
0.641026 , 0.948718 , -3.497657
0.641026 , 0.974359 , -3.515822
0.641026 , 1.000000 , -3.521889
0.666667 , 0.000000 , 0.795546
0.666667 , 0.025641 , 0.789261
0.666667 , 0.051282 , 0.769645
0.666667 , 0.076923 , 0.737497
0.666667 , 0.102564 , 0.693108
0.666667 , 0.128205 , 0.635782
0.666667 , 0.153846 , 0.565473
0.666667 , 0.179487 , 0.482224
0.666667 , 0.205128 , 0.386436
0.666667 , 0.230769 , 0.279282
0.666667 , 0.256410 , 0.159805
0.666667 , 0.282051 , 0.027212
0.666667 , 0.307692 , -0.117481
0.666667 , 0.333333 , -0.272795
0.666667 , 0.358974 , -0.438220
0.666667 , 0.384615 , -0.612937
0.666667 , 0.410256 , -0.794337
0.666667 , 0.435897 , -0.981252
0.666667 , 0.461538 , -1.171541
0.666667 , 0.487179 , -1.364373
0.666667 , 0.512821 , -1.558190
0.666667 , 0.538462 , -1.751319
0.666667 , 0.564103 , -1.940738
0.666667 , 0.589744 , -2.125087
0.666667 , 0.615385 , -2.303050
0.666667 , 0.641026 , -2.472582
0.666667 , 0.666667 , -2.632678
0.666667 , 0.692308 , -2.783944
0.666667 , 0.717949 , -2.925003
0.666667 , 0.743590 , -3.052972
0.666667 , 0.769231 , -3.169074
0.666667 , 0.794872 , -3.274394
0.666667 , 0.820513 , -3.368446
0.666667 , 0.846154 , -3.450685
0.666667 , 0.871795 , -3.519454
0.666667 , 0.897436 , -3.575682
0.666667 , 0.923077 , -3.619380
0.666667 , 0.948718 , -3.650507
0.666667 , 0.974359 , -3.669095
0.666667 , 1.000000 , -3.675248
0.692308 , 0.000000 , 0.975995
0.692308 , 0.025641 , 0.969254
0.692308 , 0.051282 , 0.948806
0.692308 , 0.076923 , 0.916071
0.692308 , 0.102564 , 0.871136
0.692308 , 0.128205 , 0.811895
0.692308 , 0.153846 , 0.738350
0.692308 , 0.179487 , 0.650116
0.692308 , 0.205128 , 0.548928
0.692308 , 0.230769 , 0.435565
0.692308 , 0.256410 , 0.307434
0.692308 , 0.282051 , 0.165192
0.692308 , 0.307692 , 0.008990
0.692308 , 0.333333 , -0.160009
0.692308 , 0.358974 , -0.339831
0.692308 , 0.384615 , -0.530360
0.692308 , 0.410256 , -0.728756
0.692308 , 0.435897 , -0.933398
0.692308 , 0.461538 , -1.142277
0.692308 , 0.487179 , -1.354344
0.692308 , 0.512821 , -1.567597
0.692308 , 0.538462 , -1.779109
0.692308 , 0.564103 , -1.986266
0.692308 , 0.589744 , -2.187576
0.692308 , 0.615385 , -2.382003
0.692308 , 0.641026 , -2.567270
0.692308 , 0.666667 , -2.740608
0.692308 , 0.692308 , -2.904017
0.692308 , 0.717949 , -3.055579
0.692308 , 0.743590 , -3.192096
0.692308 , 0.769231 , -3.315342
0.692308 , 0.794872 , -3.425936
0.692308 , 0.820513 , -3.524313
0.692308 , 0.846154 , -3.609433
0.692308 , 0.871795 , -3.680853
0.692308 , 0.897436 , -3.739205
0.692308 , 0.923077 , -3.783840
0.692308 , 0.948718 , -3.815361
0.692308 , 0.974359 , -3.834424
0.692308 , 1.000000 , -3.840763
0.717949 , 0.000000 , 1.168193
0.717949 , 0.025641 , 1.161431
0.717949 , 0.051282 , 1.141197
0.717949 , 0.076923 , 1.108230
0.717949 , 0.102564 , 1.062007
0.717949 , 0.128205 , 1.002538
0.717949 , 0.153846 , 0.926955
0.717949 , 0.179487 , 0.834737
0.717949 , 0.205128 , 0.728275
0.717949 , 0.230769 , 0.608095
0.717949 , 0.256410 , 0.472050
0.717949 , 0.282051 , 0.318381
0.717949 , 0.307692 , 0.149990
0.717949 , 0.333333 , -0.033131
0.717949 , 0.358974 , -0.229244
0.717949 , 0.384615 , -0.436532
0.717949 , 0.410256 , -0.654049
0.717949 , 0.435897 , -0.878769
0.717949 , 0.461538 , -1.109288
0.717949 , 0.487179 , -1.342603
0.717949 , 0.512821 , -1.576783
0.717949 , 0.538462 , -1.809074
0.717949 , 0.564103 , -2.036893
0.717949 , 0.589744 , -2.258065
0.717949 , 0.615385 , -2.470902
0.717949 , 0.641026 , -2.673537
0.717949 , 0.666667 , -2.862353
0.717949 , 0.692308 , -3.038776
0.717949 , 0.717949 , -3.201278
0.717949 , 0.743590 , -3.347805
0.717949 , 0.769231 , -3.478500
0.717949 , 0.794872 , -3.594546
0.717949 , 0.820513 , -3.696407
0.717949 , 0.846154 , -3.783642
0.717949 , 0.871795 , -3.855838
0.717949 , 0.897436 , -3.914677
0.717949 , 0.923077 , -3.960614
0.717949 , 0.948718 , -3.992566
0.717949 , 0.974359 , -4.011952
0.717949 , 1.000000 , -4.018335
0.743590 , 0.000000 , 1.373435
0.743590 , 0.025641 , 1.366876
0.743590 , 0.051282 , 1.347276
0.743590 , 0.076923 , 1.314828
0.743590 , 0.102564 , 1.268567
0.743590 , 0.128205 , 1.208150
0.743590 , 0.153846 , 1.130961
0.743590 , 0.179487 , 1.036756
0.743590 , 0.205128 , 0.925467
0.743590 , 0.230769 , 0.797985
0.743590 , 0.256410 , 0.653559
0.743590 , 0.282051 , 0.489248
0.743590 , 0.307692 , 0.307469
0.743590 , 0.333333 , 0.109770
0.743590 , 0.358974 , -0.103841
0.743590 , 0.384615 , -0.330956
0.743590 , 0.410256 , -0.569752
0.743590 , 0.435897 , -0.816936
0.743590 , 0.461538 , -1.071334
0.743590 , 0.487179 , -1.329400
0.743590 , 0.512821 , -1.587793
0.743590 , 0.538462 , -1.844172
0.743590 , 0.564103 , -2.094975
0.743590 , 0.589744 , -2.338117
0.743590 , 0.615385 , -2.571536
0.743590 , 0.641026 , -2.792732
0.743590 , 0.666667 , -2.999141
0.743590 , 0.692308 , -3.190171
0.743590 , 0.717949 , -3.363772
0.743590 , 0.743590 , -3.520362
0.743590 , 0.769231 , -3.659500
0.743590 , 0.794872 , -3.781154
0.743590 , 0.820513 , -3.885427
0.743590 , 0.846154 , -3.973902
0.743590 , 0.871795 , -4.046673
0.743590 , 0.897436 , -4.106004
0.743590 , 0.923077 , -4.151352
0.743590 , 0.948718 , -4.182960
0.743590 , 0.974359 , -4.201921
0.743590 , 1.000000 , -4.208120
0.769231 , 0.000000 , 1.591725
0.769231 , 0.025641 , 1.585486
0.769231 , 0.051282 , 1.566761
0.769231 , 0.076923 , 1.535793
0.769231 , 0.102564 , 1.490869
0.769231 , 0.128205 , 1.431212
0.769231 , 0.153846 , 1.353758
0.769231 , 0.179487 , 1.258242
0.769231 , 0.205128 , 1.143572
0.769231 , 0.230769 , 1.009447
0.769231 , 0.256410 , 0.855905
0.769231 , 0.282051 , 0.680654
0.769231 , 0.307692 , 0.484228
0.769231 , 0.333333 , 0.270068
0.769231 , 0.358974 , 0.037774
0.769231 , 0.384615 , -0.210998
0.769231 , 0.410256 , -0.473693
0.769231 , 0.435897 , -0.747275
0.769231 , 0.461538 , -1.028191
0.769231 , 0.487179 , -1.313069
0.769231 , 0.512821 , -1.599306
0.769231 , 0.538462 , -1.883330
0.769231 , 0.564103 , -2.160855
0.769231 , 0.589744 , -2.428869
0.769231 , 0.615385 , -2.684978
0.769231 , 0.641026 , -2.926324
0.769231 , 0.666667 , -3.151538
0.769231 , 0.692308 , -3.358733
0.769231 , 0.717949 , -3.545546
0.769231 , 0.743590 , -3.712312
0.769231 , 0.769231 , -3.859950
0.769231 , 0.794872 , -3.986998
0.769231 , 0.820513 , -4.094045
0.769231 , 0.846154 , -4.182938
0.769231 , 0.871795 , -4.254739
0.769231 , 0.897436 , -4.313401
0.769231 , 0.923077 , -4.357375
0.769231 , 0.948718 , -4.387237
0.769231 , 0.974359 , -4.405807
0.769231 , 1.000000 , -4.411389
0.794872 , 0.000000 , 1.822544
0.794872 , 0.025641 , 1.816319
0.794872 , 0.051282 , 1.800008
0.794872 , 0.076923 , 1.771786
0.794872 , 0.102564 , 1.729371
0.794872 , 0.128205 , 1.670962
0.794872 , 0.153846 , 1.595328
0.794872 , 0.179487 , 1.500198
0.794872 , 0.205128 , 1.383976
0.794872 , 0.230769 , 1.244490
0.794872 , 0.256410 , 1.082639
0.794872 , 0.282051 , 0.895629
0.794872 , 0.307692 , 0.684179
0.794872 , 0.333333 , 0.450433
0.794872 , 0.358974 , 0.196660
0.794872 , 0.384615 , -0.075524
0.794872 , 0.410256 , -0.364057
0.794872 , 0.435897 , -0.666898
0.794872 , 0.461538 , -0.978121
0.794872 , 0.487179 , -1.294024
0.794872 , 0.512821 , -1.611130
0.794872 , 0.538462 , -1.925595
0.794872 , 0.564103 , -2.233659
0.794872 , 0.589744 , -2.530622
0.794872 , 0.615385 , -2.813295
0.794872 , 0.641026 , -3.077970
0.794872 , 0.666667 , -3.323409
0.794872 , 0.692308 , -3.547641
0.794872 , 0.717949 , -3.748774
0.794872 , 0.743590 , -3.926314
0.794872 , 0.769231 , -4.082250
0.794872 , 0.794872 , -4.214482
0.794872 , 0.820513 , -4.323277
0.794872 , 0.846154 , -4.411856
0.794872 , 0.871795 , -4.482159
0.794872 , 0.897436 , -4.537402
0.794872 , 0.923077 , -4.578794
0.794872 , 0.948718 , -4.605901
0.794872 , 0.974359 , -4.622360
0.794872 , 1.000000 , -4.627781
0.820513 , 0.000000 , 2.063534
0.820513 , 0.025641 , 2.058831
0.820513 , 0.051282 , 2.045135
0.820513 , 0.076923 , 2.021537
0.820513 , 0.102564 , 1.984090
0.820513 , 0.128205 , 1.931229
0.820513 , 0.153846 , 1.858682
0.820513 , 0.179487 , 1.765309
0.820513 , 0.205128 , 1.648282
0.820513 , 0.230769 , 1.504798
0.820513 , 0.256410 , 1.334218
0.820513 , 0.282051 , 1.135078
0.820513 , 0.307692 , 0.908168
0.820513 , 0.333333 , 0.654712
0.820513 , 0.358974 , 0.376095
0.820513 , 0.384615 , 0.076554
0.820513 , 0.410256 , -0.241190
0.820513 , 0.435897 , -0.575606
0.820513 , 0.461538 , -0.921351
0.820513 , 0.487179 , -1.272518
0.820513 , 0.512821 , -1.625508
0.820513 , 0.538462 , -1.974820
0.820513 , 0.564103 , -2.316811
0.820513 , 0.589744 , -2.646312
0.820513 , 0.615385 , -2.958437
0.820513 , 0.641026 , -3.250131
0.820513 , 0.666667 , -3.519021
0.820513 , 0.692308 , -3.762345
0.820513 , 0.717949 , -3.978527
0.820513 , 0.743590 , -4.167859
0.820513 , 0.769231 , -4.331075
0.820513 , 0.794872 , -4.468384
0.820513 , 0.820513 , -4.578376
0.820513 , 0.846154 , -4.664440
0.820513 , 0.871795 , -4.730411
0.820513 , 0.897436 , -4.779856
0.820513 , 0.923077 , -4.815369
0.820513 , 0.948718 , -4.837903
0.820513 , 0.974359 , -4.850393
0.820513 , 1.000000 , -4.854207
0.846154 , 0.000000 , 2.313010
0.846154 , 0.025641 , 2.310441
0.846154 , 0.051282 , 2.301323
0.846154 , 0.076923 , 2.284120
0.846154 , 0.102564 , 2.254978
0.846154 , 0.128205 , 2.210851
0.846154 , 0.153846 , 2.145582
0.846154 , 0.179487 , 2.055848
0.846154 , 0.205128 , 1.939104
0.846154 , 0.230769 , 1.793299
0.846154 , 0.256410 , 1.615727
0.846154 , 0.282051 , 1.403889
0.846154 , 0.307692 , 1.160754
0.846154 , 0.333333 , 0.885853
0.846154 , 0.358974 , 0.580568
0.846154 , 0.384615 , 0.250064
0.846154 , 0.410256 , -0.102633
0.846154 , 0.435897 , -0.473078
0.846154 , 0.461538 , -0.857294
0.846154 , 0.487179 , -1.248421
0.846154 , 0.512821 , -1.642169
0.846154 , 0.538462 , -2.031835
0.846154 , 0.564103 , -2.412570
0.846154 , 0.589744 , -2.778142
0.846154 , 0.615385 , -3.123954
0.846154 , 0.641026 , -3.446279
0.846154 , 0.666667 , -3.742451
0.846154 , 0.692308 , -4.007605
0.846154 , 0.717949 , -4.240413
0.846154 , 0.743590 , -4.441370
0.846154 , 0.769231 , -4.610827
0.846154 , 0.794872 , -4.749700
0.846154 , 0.820513 , -4.858342
0.846154 , 0.846154 , -4.940277
0.846154 , 0.871795 , -5.000155
0.846154 , 0.897436 , -5.041186
0.846154 , 0.923077 , -5.066888
0.846154 , 0.948718 , -5.081925
0.846154 , 0.974359 , -5.089181
0.846154 , 1.000000 , -5.091656
0.871795 , 0.000000 , 2.567815
0.871795 , 0.025641 , 2.567730
0.871795 , 0.051282 , 2.565752
0.871795 , 0.076923 , 2.559193
0.871795 , 0.102564 , 2.542186
0.871795 , 0.128205 , 2.510426
0.871795 , 0.153846 , 2.456569
0.871795 , 0.179487 , 2.374989
0.871795 , 0.205128 , 2.261922
0.871795 , 0.230769 , 2.114780
0.871795 , 0.256410 , 1.930428
0.871795 , 0.282051 , 1.706280
0.871795 , 0.307692 , 1.445105
0.871795 , 0.333333 , 1.146796
0.871795 , 0.358974 , 0.812722
0.871795 , 0.384615 , 0.447514
0.871795 , 0.410256 , 0.056241
0.871795 , 0.435897 , -0.355865
0.871795 , 0.461538 , -0.784135
0.871795 , 0.487179 , -1.221661
0.871795 , 0.512821 , -1.661604
0.871795 , 0.538462 , -2.097608
0.871795 , 0.564103 , -2.522767
0.871795 , 0.589744 , -2.929851
0.871795 , 0.615385 , -3.314178
0.871795 , 0.641026 , -3.671478
0.871795 , 0.666667 , -3.997482
0.871795 , 0.692308 , -4.286266
0.871795 , 0.717949 , -4.536825
0.871795 , 0.743590 , -4.749944
0.871795 , 0.769231 , -4.925423
0.871795 , 0.794872 , -5.064197
0.871795 , 0.820513 , -5.168719
0.871795 , 0.846154 , -5.242532
0.871795 , 0.871795 , -5.291086
0.871795 , 0.897436 , -5.319324
0.871795 , 0.923077 , -5.332043
0.871795 , 0.948718 , -5.336266
0.871795 , 0.974359 , -5.336296
0.871795 , 1.000000 , -5.336235
0.897436 , 0.000000 , 2.821940
0.897436 , 0.025641 , 2.825890
0.897436 , 0.051282 , 2.835360
0.897436 , 0.076923 , 2.843875
0.897436 , 0.102564 , 2.845181
0.897436 , 0.128205 , 2.831350
0.897436 , 0.153846 , 2.794354
0.897436 , 0.179487 , 2.725513
0.897436 , 0.205128 , 2.619520
0.897436 , 0.230769 , 2.473256
0.897436 , 0.256410 , 2.283070
0.897436 , 0.282051 , 2.047019
0.897436 , 0.307692 , 1.766667
0.897436 , 0.333333 , 1.442198
0.897436 , 0.358974 , 1.076198
0.897436 , 0.384615 , 0.672726
0.897436 , 0.410256 , 0.237428
0.897436 , 0.435897 , -0.222675
0.897436 , 0.461538 , -0.701218
0.897436 , 0.487179 , -1.191352
0.897436 , 0.512821 , -1.684805
0.897436 , 0.538462 , -2.173719
0.897436 , 0.564103 , -2.650513
0.897436 , 0.589744 , -3.105262
0.897436 , 0.615385 , -3.533481
0.897436 , 0.641026 , -3.929548
0.897436 , 0.666667 , -4.288227
0.897436 , 0.692308 , -4.603869
0.897436 , 0.717949 , -4.874187
0.897436 , 0.743590 , -5.099755
0.897436 , 0.769231 , -5.280711
0.897436 , 0.794872 , -5.417835
0.897436 , 0.820513 , -5.514591
0.897436 , 0.846154 , -5.575861
0.897436 , 0.871795 , -5.607668
0.897436 , 0.897436 , -5.616608
0.897436 , 0.923077 , -5.610540
0.897436 , 0.948718 , -5.598300
0.897436 , 0.974359 , -5.587279
0.897436 , 1.000000 , -5.583131
0.923077 , 0.000000 , 3.068149
0.923077 , 0.025641 , 3.078743
0.923077 , 0.051282 , 3.104388
0.923077 , 0.076923 , 3.136922
0.923077 , 0.102564 , 3.164246
0.923077 , 0.128205 , 3.176546
0.923077 , 0.153846 , 3.163429
0.923077 , 0.179487 , 3.113107
0.923077 , 0.205128 , 3.018882
0.923077 , 0.230769 , 2.876850
0.923077 , 0.256410 , 2.682951
0.923077 , 0.282051 , 2.435469
0.923077 , 0.307692 , 2.134148
0.923077 , 0.333333 , 1.780356
0.923077 , 0.358974 , 1.378042
0.923077 , 0.384615 , 0.931233
0.923077 , 0.410256 , 0.445931
0.923077 , 0.435897 , -0.069096
0.923077 , 0.461538 , -0.607216
0.923077 , 0.487179 , -1.158608
0.923077 , 0.512821 , -1.713300
0.923077 , 0.538462 , -2.262760
0.923077 , 0.564103 , -2.797550
0.923077 , 0.589744 , -3.307732
0.923077 , 0.615385 , -3.786452
0.923077 , 0.641026 , -4.226421
0.923077 , 0.666667 , -4.622119
0.923077 , 0.692308 , -4.967757
0.923077 , 0.717949 , -5.259201
0.923077 , 0.743590 , -5.497023
0.923077 , 0.769231 , -5.681499
0.923077 , 0.794872 , -5.813979
0.923077 , 0.820513 , -5.899065
0.923077 , 0.846154 , -5.942237
0.923077 , 0.871795 , -5.950634
0.923077 , 0.897436 , -5.932703
0.923077 , 0.923077 , -5.899771
0.923077 , 0.948718 , -5.863243
0.923077 , 0.974359 , -5.835170
0.923077 , 1.000000 , -5.824566
0.948718 , 0.000000 , 3.295597
0.948718 , 0.025641 , 3.315691
0.948718 , 0.051282 , 3.367172
0.948718 , 0.076923 , 3.434132
0.948718 , 0.102564 , 3.499561
0.948718 , 0.128205 , 3.548908
0.948718 , 0.153846 , 3.567835
0.948718 , 0.179487 , 3.544903
0.948718 , 0.205128 , 3.468663
0.948718 , 0.230769 , 3.334549
0.948718 , 0.256410 , 3.139001
0.948718 , 0.282051 , 2.878789
0.948718 , 0.307692 , 2.554678
0.948718 , 0.333333 , 2.168485
0.948718 , 0.358974 , 1.724884
0.948718 , 0.384615 , 1.228310
0.948718 , 0.410256 , 0.685808
0.948718 , 0.435897 , 0.106989
0.948718 , 0.461538 , -0.498983
0.948718 , 0.487179 , -1.120872
0.948718 , 0.512821 , -1.747194
0.948718 , 0.538462 , -2.367090
0.948718 , 0.564103 , -2.968876
0.948718 , 0.589744 , -3.542070
0.948718 , 0.615385 , -4.078314
0.948718 , 0.641026 , -4.568969
0.948718 , 0.666667 , -5.006852
0.948718 , 0.692308 , -5.385401
0.948718 , 0.717949 , -5.700129
0.948718 , 0.743590 , -5.950499
0.948718 , 0.769231 , -6.136944
0.948718 , 0.794872 , -6.260983
0.948718 , 0.820513 , -6.328029
0.948718 , 0.846154 , -6.345287
0.948718 , 0.871795 , -6.320865
0.948718 , 0.897436 , -6.265510
0.948718 , 0.923077 , -6.194366
0.948718 , 0.948718 , -6.123057
0.948718 , 0.974359 , -6.069222
0.948718 , 1.000000 , -6.048642
0.974359 , 0.000000 , 3.482322
0.974359 , 0.025641 , 3.520402
0.974359 , 0.051282 , 3.613935
0.974359 , 0.076923 , 3.732786
0.974359 , 0.102564 , 3.852297
0.974359 , 0.128205 , 3.951979
0.974359 , 0.153846 , 4.014713
0.974359 , 0.179487 , 4.026599
0.974359 , 0.205128 , 3.976000
0.974359 , 0.230769 , 3.854457
0.974359 , 0.256410 , 3.659366
0.974359 , 0.282051 , 3.386706
0.974359 , 0.307692 , 3.038085
0.974359 , 0.333333 , 2.615924
0.974359 , 0.358974 , 2.124592
0.974359 , 0.384615 , 1.570242
0.974359 , 0.410256 , 0.961231
0.974359 , 0.435897 , 0.308465
0.974359 , 0.461538 , -0.375897
0.974359 , 0.487179 , -1.078920
0.974359 , 0.512821 , -1.787533
0.974359 , 0.538462 , -2.488258
0.974359 , 0.564103 , -3.168014
0.974359 , 0.589744 , -3.814804
0.974359 , 0.615385 , -4.416993
0.974359 , 0.641026 , -4.965200
0.974359 , 0.666667 , -5.450505
0.974359 , 0.692308 , -5.865539
0.974359 , 0.717949 , -6.205688
0.974359 , 0.743590 , -6.468635
0.974359 , 0.769231 , -6.654740
0.974359 , 0.794872 , -6.766397
0.974359 , 0.820513 , -6.809178
0.974359 , 0.846154 , -6.791185
0.974359 , 0.871795 , -6.722823
0.974359 , 0.897436 , -6.616994
0.974359 , 0.923077 , -6.491285
0.974359 , 0.948718 , -6.368026
0.974359 , 0.974359 , -6.272010
0.974359 , 1.000000 , -6.233805
1.000000 , 0.000000 , 3.592872
1.000000 , 0.025641 , 3.668494
1.000000 , 0.051282 , 3.833818
1.000000 , 0.076923 , 4.030670
1.000000 , 0.102564 , 4.225084
1.000000 , 0.128205 , 4.392687
1.000000 , 0.153846 , 4.512907
1.000000 , 0.179487 , 4.569713
1.000000 , 0.205128 , 4.551692
1.000000 , 0.230769 , 4.448741
1.000000 , 0.256410 , 4.255747
1.000000 , 0.282051 , 3.971081
1.000000 , 0.307692 , 3.594952
1.000000 , 0.333333 , 3.131727
1.000000 , 0.358974 , 2.585790
1.000000 , 0.384615 , 1.964842
1.000000 , 0.410256 , 1.279687
1.000000 , 0.435897 , 0.542059
1.000000 , 0.461538 , -0.233470
1.000000 , 0.487179 , -1.031520
1.000000 , 0.512821 , -1.835467
1.000000 , 0.538462 , -2.630393
1.000000 , 0.564103 , -3.400684
1.000000 , 0.589744 , -4.132220
1.000000 , 0.615385 , -4.811333
1.000000 , 0.641026 , -5.425945
1.000000 , 0.666667 , -5.965616
1.000000 , 0.692308 , -6.421751
1.000000 , 0.717949 , -6.789407
1.000000 , 0.743590 , -7.064750
1.000000 , 0.769231 , -7.247824
1.000000 , 0.794872 , -7.342108
1.000000 , 0.820513 , -7.352223
1.000000 , 0.846154 , -7.288376
1.000000 , 0.871795 , -7.162109
1.000000 , 0.897436 , -6.988997
1.000000 , 0.923077 , -6.788735
1.000000 , 0.948718 , -6.587330
1.000000 , 0.974359 , -6.419735
1.000000 , 1.000000 , -6.342839
