0.000000 , 0.000000 , -3.804226
0.000000 , 0.025641 , -3.804226
0.000000 , 0.051282 , -3.804226
0.000000 , 0.076923 , -3.804226
0.000000 , 0.102564 , -3.804226
0.000000 , 0.128205 , -3.804226
0.000000 , 0.153846 , -3.804226
0.000000 , 0.179487 , -3.804226
0.000000 , 0.205128 , -3.804226
0.000000 , 0.230769 , -3.804226
0.000000 , 0.256410 , -3.804226
0.000000 , 0.282051 , -3.804226
0.000000 , 0.307692 , -3.804226
0.000000 , 0.333333 , -3.804226
0.000000 , 0.358974 , -3.804226
0.000000 , 0.384615 , -3.804226
0.000000 , 0.410256 , -3.804226
0.000000 , 0.435897 , -3.804226
0.000000 , 0.461538 , -3.804226
0.000000 , 0.487179 , -3.804226
0.000000 , 0.512821 , -3.804226
0.000000 , 0.538462 , -3.804226
0.000000 , 0.564103 , -3.804226
0.000000 , 0.589744 , -3.804226
0.000000 , 0.615385 , -3.804226
0.000000 , 0.641026 , -3.804226
0.000000 , 0.666667 , -3.804226
0.000000 , 0.692308 , -3.804226
0.000000 , 0.717949 , -3.804226
0.000000 , 0.743590 , -3.804226
0.000000 , 0.769231 , -3.804226
0.000000 , 0.794872 , -3.804226
0.000000 , 0.820513 , -3.804226
0.000000 , 0.846154 , -3.804226
0.000000 , 0.871795 , -3.804226
0.000000 , 0.897436 , -3.804226
0.000000 , 0.923077 , -3.804226
0.000000 , 0.948718 , -3.804226
0.000000 , 0.974359 , -3.804226
0.000000 , 1.000000 , -3.804226
0.025641 , 0.000000 , -3.491902
0.025641 , 0.025641 , -3.491405
0.025641 , 0.051282 , -3.491698
0.025641 , 0.076923 , -3.491904
0.025641 , 0.102564 , -3.492191
0.025641 , 0.128205 , -3.492835
0.025641 , 0.153846 , -3.494116
0.025641 , 0.179487 , -3.495885
0.025641 , 0.205128 , -3.498948
0.025641 , 0.230769 , -3.503001
0.025641 , 0.256410 , -3.507294
0.025641 , 0.282051 , -3.511558
0.025641 , 0.307692 , -3.516124
0.025641 , 0.333333 , -3.520308
0.025641 , 0.358974 , -3.524336
0.025641 , 0.384615 , -3.530122
0.025641 , 0.410256 , -3.535622
0.025641 , 0.435897 , -3.541334
0.025641 , 0.461538 , -3.547232
0.025641 , 0.487179 , -3.553446
0.025641 , 0.512821 , -3.559197
0.025641 , 0.538462 , -3.564653
0.025641 , 0.564103 , -3.570472
0.025641 , 0.589744 , -3.576435
0.025641 , 0.615385 , -3.581878
0.025641 , 0.641026 , -3.586646
0.025641 , 0.666667 , -3.591014
0.025641 , 0.692308 , -3.595584
0.025641 , 0.717949 , -3.599773
0.025641 , 0.743590 , -3.602815
0.025641 , 0.769231 , -3.605874
0.025641 , 0.794872 , -3.608862
0.025641 , 0.820513 , -3.611312
0.025641 , 0.846154 , -3.613512
0.025641 , 0.871795 , -3.615854
0.025641 , 0.897436 , -3.616941
0.025641 , 0.923077 , -3.617751
0.025641 , 0.948718 , -3.618429
0.025641 , 0.974359 , -3.619001
0.025641 , 1.000000 , -3.619057
0.051282 , 0.000000 , -3.186990
0.051282 , 0.025641 , -3.186641
0.051282 , 0.051282 , -3.186829
0.051282 , 0.076923 , -3.187194
0.051282 , 0.102564 , -3.187749
0.051282 , 0.128205 , -3.189323
0.051282 , 0.153846 , -3.191916
0.051282 , 0.179487 , -3.195792
0.051282 , 0.205128 , -3.201820
0.051282 , 0.230769 , -3.209521
0.051282 , 0.256410 , -3.217413
0.051282 , 0.282051 , -3.225707
0.051282 , 0.307692 , -3.234200
0.051282 , 0.333333 , -3.242762
0.051282 , 0.358974 , -3.251965
0.051282 , 0.384615 , -3.262596
0.051282 , 0.410256 , -3.274196
0.051282 , 0.435897 , -3.285542
0.051282 , 0.461538 , -3.297054
0.051282 , 0.487179 , -3.308444
0.051282 , 0.512821 , -3.319827
0.051282 , 0.538462 , -3.331592
0.051282 , 0.564103 , -3.342773
0.051282 , 0.589744 , -3.354171
0.051282 , 0.615385 , -3.364362
0.051282 , 0.641026 , -3.374406
0.051282 , 0.666667 , -3.383865
0.051282 , 0.692308 , -3.392277
0.051282 , 0.717949 , -3.400267
0.051282 , 0.743590 , -3.407241
0.051282 , 0.769231 , -3.412819
0.051282 , 0.794872 , -3.419119
0.051282 , 0.820513 , -3.424764
0.051282 , 0.846154 , -3.429521
0.051282 , 0.871795 , -3.432563
0.051282 , 0.897436 , -3.434907
0.051282 , 0.923077 , -3.436880
0.051282 , 0.948718 , -3.438137
0.051282 , 0.974359 , -3.439132
0.051282 , 1.000000 , -3.439791
0.076923 , 0.000000 , -2.890511
0.076923 , 0.025641 , -2.889843
0.076923 , 0.051282 , -2.889757
0.076923 , 0.076923 , -2.890413
0.076923 , 0.102564 , -2.891197
0.076923 , 0.128205 , -2.893666
0.076923 , 0.153846 , -2.897889
0.076923 , 0.179487 , -2.904195
0.076923 , 0.205128 , -2.912259
0.076923 , 0.230769 , -2.922967
0.076923 , 0.256410 , -2.934218
0.076923 , 0.282051 , -2.946247
0.076923 , 0.307692 , -2.959592
0.076923 , 0.333333 , -2.973148
0.076923 , 0.358974 , -2.986526
0.076923 , 0.384615 , -3.002181
0.076923 , 0.410256 , -3.018899
0.076923 , 0.435897 , -3.036140
0.076923 , 0.461538 , -3.053418
0.076923 , 0.487179 , -3.071389
0.076923 , 0.512821 , -3.088659
0.076923 , 0.538462 , -3.105032
0.076923 , 0.564103 , -3.120950
0.076923 , 0.589744 , -3.137895
0.076923 , 0.615385 , -3.154420
0.076923 , 0.641026 , -3.168765
0.076923 , 0.666667 , -3.182197
0.076923 , 0.692308 , -3.194867
0.076923 , 0.717949 , -3.206897
0.076923 , 0.743590 , -3.217641
0.076923 , 0.769231 , -3.226498
0.076923 , 0.794872 , -3.234936
0.076923 , 0.820513 , -3.243346
0.076923 , 0.846154 , -3.250755
0.076923 , 0.871795 , -3.255894
0.076923 , 0.897436 , -3.259436
0.076923 , 0.923077 , -3.262444
0.076923 , 0.948718 , -3.265085
0.076923 , 0.974359 , -3.266208
0.076923 , 1.000000 , -3.266821
0.102564 , 0.000000 , -2.601247
0.102564 , 0.025641 , -2.601175
0.102564 , 0.051282 , -2.600531
0.102564 , 0.076923 , -2.601777
0.102564 , 0.102564 , -2.603527
0.102564 , 0.128205 , -2.607136
0.102564 , 0.153846 , -2.612549
0.102564 , 0.179487 , -2.620561
0.102564 , 0.205128 , -2.631095
0.102564 , 0.230769 , -2.644153
0.102564 , 0.256410 , -2.658580
0.102564 , 0.282051 , -2.673491
0.102564 , 0.307692 , -2.690426
0.102564 , 0.333333 , -2.709007
0.102564 , 0.358974 , -2.727971
0.102564 , 0.384615 , -2.748811
0.102564 , 0.410256 , -2.771059
0.102564 , 0.435897 , -2.794021
0.102564 , 0.461538 , -2.817460
0.102564 , 0.487179 , -2.840796
0.102564 , 0.512821 , -2.863697
0.102564 , 0.538462 , -2.885418
0.102564 , 0.564103 , -2.906843
0.102564 , 0.589744 , -2.928332
0.102564 , 0.615385 , -2.950407
0.102564 , 0.641026 , -2.969539
0.102564 , 0.666667 , -2.986836
0.102564 , 0.692308 , -3.004433
0.102564 , 0.717949 , -3.020834
0.102564 , 0.743590 , -3.034737
0.102564 , 0.769231 , -3.047067
0.102564 , 0.794872 , -3.058270
0.102564 , 0.820513 , -3.068782
0.102564 , 0.846154 , -3.078599
0.102564 , 0.871795 , -3.086010
0.102564 , 0.897436 , -3.090559
0.102564 , 0.923077 , -3.095074
0.102564 , 0.948718 , -3.098441
0.102564 , 0.974359 , -3.100166
0.102564 , 1.000000 , -3.100352
0.128205 , 0.000000 , -2.320179
0.128205 , 0.025641 , -2.319641
0.128205 , 0.051282 , -2.319486
0.128205 , 0.076923 , -2.321072
0.128205 , 0.102564 , -2.324064
0.128205 , 0.128205 , -2.329307
0.128205 , 0.153846 , -2.336181
0.128205 , 0.179487 , -2.345264
0.128205 , 0.205128 , -2.357574
0.128205 , 0.230769 , -2.373112
0.128205 , 0.256410 , -2.391005
0.128205 , 0.282051 , -2.409513
0.128205 , 0.307692 , -2.429542
0.128205 , 0.333333 , -2.451733
0.128205 , 0.358974 , -2.476369
0.128205 , 0.384615 , -2.502213
0.128205 , 0.410256 , -2.529463
0.128205 , 0.435897 , -2.558381
0.128205 , 0.461538 , -2.588476
0.128205 , 0.487179 , -2.617031
0.128205 , 0.512821 , -2.645176
0.128205 , 0.538462 , -2.672509
0.128205 , 0.564103 , -2.699899
0.128205 , 0.589744 , -2.727240
0.128205 , 0.615385 , -2.753151
0.128205 , 0.641026 , -2.777281
0.128205 , 0.666667 , -2.799553
0.128205 , 0.692308 , -2.821315
0.128205 , 0.717949 , -2.841797
0.128205 , 0.743590 , -2.859307
0.128205 , 0.769231 , -2.874428
0.128205 , 0.794872 , -2.888547
0.128205 , 0.820513 , -2.901204
0.128205 , 0.846154 , -2.913235
0.128205 , 0.871795 , -2.923104
0.128205 , 0.897436 , -2.929081
0.128205 , 0.923077 , -2.934875
0.128205 , 0.948718 , -2.938953
0.128205 , 0.974359 , -2.941154
0.128205 , 1.000000 , -2.941709
0.153846 , 0.000000 , -2.045669
0.153846 , 0.025641 , -2.045986
0.153846 , 0.051282 , -2.046187
0.153846 , 0.076923 , -2.048404
0.153846 , 0.102564 , -2.052644
0.153846 , 0.128205 , -2.058548
0.153846 , 0.153846 , -2.067251
0.153846 , 0.179487 , -2.078814
0.153846 , 0.205128 , -2.093694
0.153846 , 0.230769 , -2.111529
0.153846 , 0.256410 , -2.131759
0.153846 , 0.282051 , -2.154073
0.153846 , 0.307692 , -2.178413
0.153846 , 0.333333 , -2.204460
0.153846 , 0.358974 , -2.232767
0.153846 , 0.384615 , -2.264049
0.153846 , 0.410256 , -2.296287
0.153846 , 0.435897 , -2.329957
0.153846 , 0.461538 , -2.365708
0.153846 , 0.487179 , -2.400542
0.153846 , 0.512821 , -2.434121
0.153846 , 0.538462 , -2.467355
0.153846 , 0.564103 , -2.500084
0.153846 , 0.589744 , -2.532528
0.153846 , 0.615385 , -2.563688
0.153846 , 0.641026 , -2.592227
0.153846 , 0.666667 , -2.619357
0.153846 , 0.692308 , -2.645428
0.153846 , 0.717949 , -2.669278
0.153846 , 0.743590 , -2.690467
0.153846 , 0.769231 , -2.708825
0.153846 , 0.794872 , -2.724747
0.153846 , 0.820513 , -2.740441
0.153846 , 0.846154 , -2.754543
0.153846 , 0.871795 , -2.766424
0.153846 , 0.897436 , -2.774289
0.153846 , 0.923077 , -2.781160
0.153846 , 0.948718 , -2.786353
0.153846 , 0.974359 , -2.789202
0.153846 , 1.000000 , -2.789897
0.179487 , 0.000000 , -1.778616
0.179487 , 0.025641 , -1.779038
0.179487 , 0.051282 , -1.779863
0.179487 , 0.076923 , -1.783641
0.179487 , 0.102564 , -1.788846
0.179487 , 0.128205 , -1.796388
0.179487 , 0.153846 , -1.806873
0.179487 , 0.179487 , -1.821179
0.179487 , 0.205128 , -1.839152
0.179487 , 0.230769 , -1.859941
0.179487 , 0.256410 , -1.882516
0.179487 , 0.282051 , -1.907866
0.179487 , 0.307692 , -1.935514
0.179487 , 0.333333 , -1.965800
0.179487 , 0.358974 , -1.998508
0.179487 , 0.384615 , -2.034774
0.179487 , 0.410256 , -2.071959
0.179487 , 0.435897 , -2.110758
0.179487 , 0.461538 , -2.150825
0.179487 , 0.487179 , -2.191541
0.179487 , 0.512821 , -2.230857
0.179487 , 0.538462 , -2.269311
0.179487 , 0.564103 , -2.307900
0.179487 , 0.589744 , -2.345118
0.179487 , 0.615385 , -2.380648
0.179487 , 0.641026 , -2.414200
0.179487 , 0.666667 , -2.445452
0.179487 , 0.692308 , -2.475919
0.179487 , 0.717949 , -2.504007
0.179487 , 0.743590 , -2.528888
0.179487 , 0.769231 , -2.550666
0.179487 , 0.794872 , -2.569611
0.179487 , 0.820513 , -2.587808
0.179487 , 0.846154 , -2.604259
0.179487 , 0.871795 , -2.618618
0.179487 , 0.897436 , -2.629257
0.179487 , 0.923077 , -2.636609
0.179487 , 0.948718 , -2.642067
0.179487 , 0.974359 , -2.645647
0.179487 , 1.000000 , -2.647020
0.205128 , 0.000000 , -1.519862
0.205128 , 0.025641 , -1.519990
0.205128 , 0.051282 , -1.521829
0.205128 , 0.076923 , -1.526206
0.205128 , 0.102564 , -1.533001
0.205128 , 0.128205 , -1.542388
0.205128 , 0.153846 , -1.555273
0.205128 , 0.179487 , -1.572186
0.205128 , 0.205128 , -1.592832
0.205128 , 0.230769 , -1.616435
0.205128 , 0.256410 , -1.642026
0.205128 , 0.282051 , -1.670086
0.205128 , 0.307692 , -1.701423
0.205128 , 0.333333 , -1.735435
0.205128 , 0.358974 , -1.773008
0.205128 , 0.384615 , -1.814032
0.205128 , 0.410256 , -1.856327
0.205128 , 0.435897 , -1.899442
0.205128 , 0.461538 , -1.944392
0.205128 , 0.487179 , -1.989693
0.205128 , 0.512821 , -2.034856
0.205128 , 0.538462 , -2.078594
0.205128 , 0.564103 , -2.121911
0.205128 , 0.589744 , -2.165043
0.205128 , 0.615385 , -2.205507
0.205128 , 0.641026 , -2.243556
0.205128 , 0.666667 , -2.279832
0.205128 , 0.692308 , -2.314836
0.205128 , 0.717949 , -2.347117
0.205128 , 0.743590 , -2.376325
0.205128 , 0.769231 , -2.401393
0.205128 , 0.794872 , -2.423142
0.205128 , 0.820513 , -2.443823
0.205128 , 0.846154 , -2.462584
0.205128 , 0.871795 , -2.479354
0.205128 , 0.897436 , -2.491974
0.205128 , 0.923077 , -2.500487
0.205128 , 0.948718 , -2.505929
0.205128 , 0.974359 , -2.509587
0.205128 , 1.000000 , -2.510921
0.230769 , 0.000000 , -1.268362
0.230769 , 0.025641 , -1.268892
0.230769 , 0.051282 , -1.271702
0.230769 , 0.076923 , -1.277585
0.230769 , 0.102564 , -1.285786
0.230769 , 0.128205 , -1.297340
0.230769 , 0.153846 , -1.312465
0.230769 , 0.179487 , -1.331315
0.230769 , 0.205128 , -1.354089
0.230769 , 0.230769 , -1.380195
0.230769 , 0.256410 , -1.409293
0.230769 , 0.282051 , -1.441132
0.230769 , 0.307692 , -1.476147
0.230769 , 0.333333 , -1.514503
0.230769 , 0.358974 , -1.556168
0.230769 , 0.384615 , -1.601556
0.230769 , 0.410256 , -1.648179
0.230769 , 0.435897 , -1.695875
0.230769 , 0.461538 , -1.745310
0.230769 , 0.487179 , -1.795556
0.230769 , 0.512821 , -1.845821
0.230769 , 0.538462 , -1.894652
0.230769 , 0.564103 , -1.943493
0.230769 , 0.589744 , -1.991894
0.230769 , 0.615385 , -2.037760
0.230769 , 0.641026 , -2.080968
0.230769 , 0.666667 , -2.122031
0.230769 , 0.692308 , -2.160878
0.230769 , 0.717949 , -2.196886
0.230769 , 0.743590 , -2.229863
0.230769 , 0.769231 , -2.259524
0.230769 , 0.794872 , -2.285817
0.230769 , 0.820513 , -2.308894
0.230769 , 0.846154 , -2.329941
0.230769 , 0.871795 , -2.348194
0.230769 , 0.897436 , -2.362050
0.230769 , 0.923077 , -2.371972
0.230769 , 0.948718 , -2.378783
0.230769 , 0.974359 , -2.382257
0.230769 , 1.000000 , -2.382964
0.256410 , 0.000000 , -1.022819
0.256410 , 0.025641 , -1.024183
0.256410 , 0.051282 , -1.028877
0.256410 , 0.076923 , -1.036238
0.256410 , 0.102564 , -1.046210
0.256410 , 0.128205 , -1.060479
0.256410 , 0.153846 , -1.077967
0.256410 , 0.179487 , -1.099112
0.256410 , 0.205128 , -1.124054
0.256410 , 0.230769 , -1.152235
0.256410 , 0.256410 , -1.184406
0.256410 , 0.282051 , -1.219784
0.256410 , 0.307692 , -1.258572
0.256410 , 0.333333 , -1.301607
0.256410 , 0.358974 , -1.347552
0.256410 , 0.384615 , -1.396466
0.256410 , 0.410256 , -1.447590
0.256410 , 0.435897 , -1.500067
0.256410 , 0.461538 , -1.554347
0.256410 , 0.487179 , -1.608914
0.256410 , 0.512821 , -1.664163
0.256410 , 0.538462 , -1.719183
0.256410 , 0.564103 , -1.773613
0.256410 , 0.589744 , -1.827018
0.256410 , 0.615385 , -1.877716
0.256410 , 0.641026 , -1.925559
0.256410 , 0.666667 , -1.970353
0.256410 , 0.692308 , -2.014273
0.256410 , 0.717949 , -2.054249
0.256410 , 0.743590 , -2.091769
0.256410 , 0.769231 , -2.125702
0.256410 , 0.794872 , -2.156090
0.256410 , 0.820513 , -2.181987
0.256410 , 0.846154 , -2.205807
0.256410 , 0.871795 , -2.225630
0.256410 , 0.897436 , -2.241243
0.256410 , 0.923077 , -2.252759
0.256410 , 0.948718 , -2.260321
0.256410 , 0.974359 , -2.264514
0.256410 , 1.000000 , -2.266034
0.282051 , 0.000000 , -0.784497
0.282051 , 0.025641 , -0.786252
0.282051 , 0.051282 , -0.791502
0.282051 , 0.076923 , -0.800058
0.282051 , 0.102564 , -0.811972
0.282051 , 0.128205 , -0.828589
0.282051 , 0.153846 , -0.849760
0.282051 , 0.179487 , -0.874137
0.282051 , 0.205128 , -0.901865
0.282051 , 0.230769 , -0.932406
0.282051 , 0.256410 , -0.966764
0.282051 , 0.282051 , -1.005690
0.282051 , 0.307692 , -1.048824
0.282051 , 0.333333 , -1.095816
0.282051 , 0.358974 , -1.145690
0.282051 , 0.384615 , -1.198626
0.282051 , 0.410256 , -1.254411
0.282051 , 0.435897 , -1.311835
0.282051 , 0.461538 , -1.371065
0.282051 , 0.487179 , -1.430508
0.282051 , 0.512821 , -1.491137
0.282051 , 0.538462 , -1.551650
0.282051 , 0.564103 , -1.610799
0.282051 , 0.589744 , -1.669096
0.282051 , 0.615385 , -1.725108
0.282051 , 0.641026 , -1.778086
0.282051 , 0.666667 , -1.828100
0.282051 , 0.692308 , -1.876523
0.282051 , 0.717949 , -1.921764
0.282051 , 0.743590 , -1.963025
0.282051 , 0.769231 , -2.000776
0.282051 , 0.794872 , -2.033872
0.282051 , 0.820513 , -2.063363
0.282051 , 0.846154 , -2.089689
0.282051 , 0.871795 , -2.111839
0.282051 , 0.897436 , -2.129342
0.282051 , 0.923077 , -2.142797
0.282051 , 0.948718 , -2.151415
0.282051 , 0.974359 , -2.156909
0.282051 , 1.000000 , -2.158237
0.307692 , 0.000000 , -0.553067
0.307692 , 0.025641 , -0.554788
0.307692 , 0.051282 , -0.560986
0.307692 , 0.076923 , -0.570162
0.307692 , 0.102564 , -0.583765
0.307692 , 0.128205 , -0.601860
0.307692 , 0.153846 , -0.625569
0.307692 , 0.179487 , -0.653716
0.307692 , 0.205128 , -0.684847
0.307692 , 0.230769 , -0.718973
0.307692 , 0.256410 , -0.756949
0.307692 , 0.282051 , -0.799294
0.307692 , 0.307692 , -0.846188
0.307692 , 0.333333 , -0.897403
0.307692 , 0.358974 , -0.951277
0.307692 , 0.384615 , -1.008484
0.307692 , 0.410256 , -1.068504
0.307692 , 0.435897 , -1.131199
0.307692 , 0.461538 , -1.195570
0.307692 , 0.487179 , -1.260337
0.307692 , 0.512821 , -1.326114
0.307692 , 0.538462 , -1.391625
0.307692 , 0.564103 , -1.455851
0.307692 , 0.589744 , -1.518759
0.307692 , 0.615385 , -1.580146
0.307692 , 0.641026 , -1.638772
0.307692 , 0.666667 , -1.694372
0.307692 , 0.692308 , -1.747964
0.307692 , 0.717949 , -1.798057
0.307692 , 0.743590 , -1.843767
0.307692 , 0.769231 , -1.885020
0.307692 , 0.794872 , -1.921558
0.307692 , 0.820513 , -1.954141
0.307692 , 0.846154 , -1.983201
0.307692 , 0.871795 , -2.008324
0.307692 , 0.897436 , -2.028408
0.307692 , 0.923077 , -2.043768
0.307692 , 0.948718 , -2.053383
0.307692 , 0.974359 , -2.059137
0.307692 , 1.000000 , -2.061742
0.333333 , 0.000000 , -0.326992
0.333333 , 0.025641 , -0.328588
0.333333 , 0.051282 , -0.335892
0.333333 , 0.076923 , -0.346541
0.333333 , 0.102564 , -0.361654
0.333333 , 0.128205 , -0.381557
0.333333 , 0.153846 , -0.407346
0.333333 , 0.179487 , -0.438233
0.333333 , 0.205128 , -0.472976
0.333333 , 0.230769 , -0.511484
0.333333 , 0.256410 , -0.553594
0.333333 , 0.282051 , -0.600569
0.333333 , 0.307692 , -0.651668
0.333333 , 0.333333 , -0.705925
0.333333 , 0.358974 , -0.764176
0.333333 , 0.384615 , -0.826515
0.333333 , 0.410256 , -0.891733
0.333333 , 0.435897 , -0.959142
0.333333 , 0.461538 , -1.028464
0.333333 , 0.487179 , -1.098365
0.333333 , 0.512821 , -1.169249
0.333333 , 0.538462 , -1.239797
0.333333 , 0.564103 , -1.309524
0.333333 , 0.589744 , -1.377746
0.333333 , 0.615385 , -1.444457
0.333333 , 0.641026 , -1.508197
0.333333 , 0.666667 , -1.569022
0.333333 , 0.692308 , -1.627609
0.333333 , 0.717949 , -1.682460
0.333333 , 0.743590 , -1.733152
0.333333 , 0.769231 , -1.778139
0.333333 , 0.794872 , -1.818209
0.333333 , 0.820513 , -1.854807
0.333333 , 0.846154 , -1.886282
0.333333 , 0.871795 , -1.914200
0.333333 , 0.897436 , -1.937199
0.333333 , 0.923077 , -1.954437
0.333333 , 0.948718 , -1.966004
0.333333 , 0.974359 , -1.972120
0.333333 , 1.000000 , -1.974057
0.358974 , 0.000000 , -0.104799
0.358974 , 0.025641 , -0.107011
0.358974 , 0.051282 , -0.114497
0.358974 , 0.076923 , -0.126903
0.358974 , 0.102564 , -0.144722
0.358974 , 0.128205 , -0.167028
0.358974 , 0.153846 , -0.194345
0.358974 , 0.179487 , -0.228155
0.358974 , 0.205128 , -0.267271
0.358974 , 0.230769 , -0.310204
0.358974 , 0.256410 , -0.356590
0.358974 , 0.282051 , -0.407737
0.358974 , 0.307692 , -0.463008
0.358974 , 0.333333 , -0.521631
0.358974 , 0.358974 , -0.584559
0.358974 , 0.384615 , -0.652016
0.358974 , 0.410256 , -0.722663
0.358974 , 0.435897 , -0.794605
0.358974 , 0.461538 , -0.868624
0.358974 , 0.487179 , -0.944041
0.358974 , 0.512821 , -1.020763
0.358974 , 0.538462 , -1.096914
0.358974 , 0.564103 , -1.172056
0.358974 , 0.589744 , -1.245597
0.358974 , 0.615385 , -1.317781
0.358974 , 0.641026 , -1.386948
0.358974 , 0.666667 , -1.452952
0.358974 , 0.692308 , -1.516683
0.358974 , 0.717949 , -1.576806
0.358974 , 0.743590 , -1.632371
0.358974 , 0.769231 , -1.681595
0.358974 , 0.794872 , -1.725710
0.358974 , 0.820513 , -1.765651
0.358974 , 0.846154 , -1.801119
0.358974 , 0.871795 , -1.831089
0.358974 , 0.897436 , -1.855907
0.358974 , 0.923077 , -1.874244
0.358974 , 0.948718 , -1.887586
0.358974 , 0.974359 , -1.895396
0.358974 , 1.000000 , -1.897076
0.384615 , 0.000000 , 0.113768
0.384615 , 0.025641 , 0.110856
0.384615 , 0.051282 , 0.102579
0.384615 , 0.076923 , 0.088580
0.384615 , 0.102564 , 0.068549
0.384615 , 0.128205 , 0.043194
0.384615 , 0.153846 , 0.013135
0.384615 , 0.179487 , -0.023049
0.384615 , 0.205128 , -0.065495
0.384615 , 0.230769 , -0.112869
0.384615 , 0.256410 , -0.164245
0.384615 , 0.282051 , -0.220288
0.384615 , 0.307692 , -0.280204
0.384615 , 0.333333 , -0.344060
0.384615 , 0.358974 , -0.412578
0.384615 , 0.384615 , -0.485209
0.384615 , 0.410256 , -0.561087
0.384615 , 0.435897 , -0.638143
0.384615 , 0.461538 , -0.716967
0.384615 , 0.487179 , -0.798199
0.384615 , 0.512821 , -0.880617
0.384615 , 0.538462 , -0.962199
0.384615 , 0.564103 , -1.042962
0.384615 , 0.589744 , -1.122127
0.384615 , 0.615385 , -1.199585
0.384615 , 0.641026 , -1.274905
0.384615 , 0.666667 , -1.346311
0.384615 , 0.692308 , -1.414561
0.384615 , 0.717949 , -1.479375
0.384615 , 0.743590 , -1.539602
0.384615 , 0.769231 , -1.594150
0.384615 , 0.794872 , -1.643105
0.384615 , 0.820513 , -1.686994
0.384615 , 0.846154 , -1.725345
0.384615 , 0.871795 , -1.758236
0.384615 , 0.897436 , -1.784689
0.384615 , 0.923077 , -1.804785
0.384615 , 0.948718 , -1.819606
0.384615 , 0.974359 , -1.828623
0.384615 , 1.000000 , -1.831185
0.410256 , 0.000000 , 0.329115
0.410256 , 0.025641 , 0.325752
0.410256 , 0.051282 , 0.316137
0.410256 , 0.076923 , 0.300426
0.410256 , 0.102564 , 0.278700
0.410256 , 0.128205 , 0.250067
0.410256 , 0.153846 , 0.216913
0.410256 , 0.179487 , 0.177048
0.410256 , 0.205128 , 0.130780
0.410256 , 0.230769 , 0.079303
0.410256 , 0.256410 , 0.023855
0.410256 , 0.282051 , -0.036816
0.410256 , 0.307692 , -0.102343
0.410256 , 0.333333 , -0.172584
0.410256 , 0.358974 , -0.247473
0.410256 , 0.384615 , -0.325124
0.410256 , 0.410256 , -0.406088
0.410256 , 0.435897 , -0.488929
0.410256 , 0.461538 , -0.573744
0.410256 , 0.487179 , -0.660610
0.410256 , 0.512821 , -0.748435
0.410256 , 0.538462 , -0.836229
0.410256 , 0.564103 , -0.922734
0.410256 , 0.589744 , -1.007409
0.410256 , 0.615385 , -1.090513
0.410256 , 0.641026 , -1.171635
0.410256 , 0.666667 , -1.249236
0.410256 , 0.692308 , -1.323170
0.410256 , 0.717949 , -1.392811
0.410256 , 0.743590 , -1.457970
0.410256 , 0.769231 , -1.517646
0.410256 , 0.794872 , -1.571200
0.410256 , 0.820513 , -1.619060
0.410256 , 0.846154 , -1.660736
0.410256 , 0.871795 , -1.696258
0.410256 , 0.897436 , -1.725437
0.410256 , 0.923077 , -1.747707
0.410256 , 0.948718 , -1.763095
0.410256 , 0.974359 , -1.772599
0.410256 , 1.000000 , -1.775903
0.435897 , 0.000000 , 0.541086
0.435897 , 0.025641 , 0.537957
0.435897 , 0.051282 , 0.527116
0.435897 , 0.076923 , 0.509613
0.435897 , 0.102564 , 0.485505
0.435897 , 0.128205 , 0.454342
0.435897 , 0.153846 , 0.417505
0.435897 , 0.179487 , 0.374126
0.435897 , 0.205128 , 0.323840
0.435897 , 0.230769 , 0.267570
0.435897 , 0.256410 , 0.207011
0.435897 , 0.282051 , 0.141732
0.435897 , 0.307692 , 0.070570
0.435897 , 0.333333 , -0.006077
0.435897 , 0.358974 , -0.086995
0.435897 , 0.384615 , -0.170927
0.435897 , 0.410256 , -0.257457
0.435897 , 0.435897 , -0.346558
0.435897 , 0.461538 , -0.438012
0.435897 , 0.487179 , -0.530887
0.435897 , 0.512821 , -0.624548
0.435897 , 0.538462 , -0.718531
0.435897 , 0.564103 , -0.811433
0.435897 , 0.589744 , -0.902528
0.435897 , 0.615385 , -0.991890
0.435897 , 0.641026 , -1.079059
0.435897 , 0.666667 , -1.162690
0.435897 , 0.692308 , -1.242073
0.435897 , 0.717949 , -1.317468
0.435897 , 0.743590 , -1.387551
0.435897 , 0.769231 , -1.451923
0.435897 , 0.794872 , -1.509913
0.435897 , 0.820513 , -1.561711
0.435897 , 0.846154 , -1.606625
0.435897 , 0.871795 , -1.645012
0.435897 , 0.897436 , -1.677303
0.435897 , 0.923077 , -1.702047
0.435897 , 0.948718 , -1.719066
0.435897 , 0.974359 , -1.729154
0.435897 , 1.000000 , -1.732235
0.461538 , 0.000000 , 0.750758
0.461538 , 0.025641 , 0.747474
0.461538 , 0.051282 , 0.736026
0.461538 , 0.076923 , 0.716820
0.461538 , 0.102564 , 0.690178
0.461538 , 0.128205 , 0.656624
0.461538 , 0.153846 , 0.616275
0.461538 , 0.179487 , 0.568918
0.461538 , 0.205128 , 0.514355
0.461538 , 0.230769 , 0.453332
0.461538 , 0.256410 , 0.387149
0.461538 , 0.282051 , 0.316183
0.461538 , 0.307692 , 0.239173
0.461538 , 0.333333 , 0.156115
0.461538 , 0.358974 , 0.069098
0.461538 , 0.384615 , -0.021483
0.461538 , 0.410256 , -0.115044
0.461538 , 0.435897 , -0.210874
0.461538 , 0.461538 , -0.309356
0.461538 , 0.487179 , -0.408915
0.461538 , 0.512821 , -0.509034
0.461538 , 0.538462 , -0.609579
0.461538 , 0.564103 , -0.709062
0.461538 , 0.589744 , -0.806893
0.461538 , 0.615385 , -0.903179
0.461538 , 0.641026 , -0.996525
0.461538 , 0.666667 , -1.086980
0.461538 , 0.692308 , -1.172551
0.461538 , 0.717949 , -1.253298
0.461538 , 0.743590 , -1.328925
0.461538 , 0.769231 , -1.397685
0.461538 , 0.794872 , -1.460183
0.461538 , 0.820513 , -1.516695
0.461538 , 0.846154 , -1.565750
0.461538 , 0.871795 , -1.607163
0.461538 , 0.897436 , -1.641320
0.461538 , 0.923077 , -1.668485
0.461538 , 0.948718 , -1.687489
0.461538 , 0.974359 , -1.698483
0.461538 , 1.000000 , -1.702087
0.487179 , 0.000000 , 0.959729
0.487179 , 0.025641 , 0.955882
0.487179 , 0.051282 , 0.943834
0.487179 , 0.076923 , 0.923188
0.487179 , 0.102564 , 0.894165
0.487179 , 0.128205 , 0.857079
0.487179 , 0.153846 , 0.813146
0.487179 , 0.179487 , 0.761668
0.487179 , 0.205128 , 0.702215
0.487179 , 0.230769 , 0.635706
0.487179 , 0.256410 , 0.564510
0.487179 , 0.282051 , 0.487802
0.487179 , 0.307692 , 0.404822
0.487179 , 0.333333 , 0.315112
0.487179 , 0.358974 , 0.221459
0.487179 , 0.384615 , 0.123130
0.487179 , 0.410256 , 0.021686
0.487179 , 0.435897 , -0.081611
0.487179 , 0.461538 , -0.186751
0.487179 , 0.487179 , -0.293854
0.487179 , 0.512821 , -0.401609
0.487179 , 0.538462 , -0.509925
0.487179 , 0.564103 , -0.617315
0.487179 , 0.589744 , -0.721699
0.487179 , 0.615385 , -0.824327
0.487179 , 0.641026 , -0.924408
0.487179 , 0.666667 , -1.021406
0.487179 , 0.692308 , -1.113753
0.487179 , 0.717949 , -1.200495
0.487179 , 0.743590 , -1.281671
0.487179 , 0.769231 , -1.355452
0.487179 , 0.794872 , -1.423096
0.487179 , 0.820513 , -1.483835
0.487179 , 0.846154 , -1.537093
0.487179 , 0.871795 , -1.581542
0.487179 , 0.897436 , -1.618274
0.487179 , 0.923077 , -1.647342
0.487179 , 0.948718 , -1.668055
0.487179 , 0.974359 , -1.680069
0.487179 , 1.000000 , -1.683920
0.512821 , 0.000000 , 1.169138
0.512821 , 0.025641 , 1.164666
0.512821 , 0.051282 , 1.152236
0.512821 , 0.076923 , 1.129603
0.512821 , 0.102564 , 1.097900
0.512821 , 0.128205 , 1.057345
0.512821 , 0.153846 , 1.008802
0.512821 , 0.179487 , 0.953030
0.512821 , 0.205128 , 0.889243
0.512821 , 0.230769 , 0.817788
0.512821 , 0.256410 , 0.741116
0.512821 , 0.282051 , 0.658395
0.512821 , 0.307692 , 0.568460
0.512821 , 0.333333 , 0.471529
0.512821 , 0.358974 , 0.369991
0.512821 , 0.384615 , 0.264291
0.512821 , 0.410256 , 0.154605
0.512821 , 0.435897 , 0.042431
0.512821 , 0.461538 , -0.071134
0.512821 , 0.487179 , -0.186380
0.512821 , 0.512821 , -0.302496
0.512821 , 0.538462 , -0.419156
0.512821 , 0.564103 , -0.534504
0.512821 , 0.589744 , -0.646883
0.512821 , 0.615385 , -0.755852
0.512821 , 0.641026 , -0.862973
0.512821 , 0.666667 , -0.966811
0.512821 , 0.692308 , -1.066242
0.512821 , 0.717949 , -1.159678
0.512821 , 0.743590 , -1.247002
0.512821 , 0.769231 , -1.326595
0.512821 , 0.794872 , -1.399367
0.512821 , 0.820513 , -1.464859
0.512821 , 0.846154 , -1.521899
0.512821 , 0.871795 , -1.569320
0.512821 , 0.897436 , -1.608978
0.512821 , 0.923077 , -1.639634
0.512821 , 0.948718 , -1.661603
0.512821 , 0.974359 , -1.674275
0.512821 , 1.000000 , -1.678506
0.538462 , 0.000000 , 1.380483
0.538462 , 0.025641 , 1.375631
0.538462 , 0.051282 , 1.361476
0.538462 , 0.076923 , 1.336976
0.538462 , 0.102564 , 1.302512
0.538462 , 0.128205 , 1.258416
0.538462 , 0.153846 , 1.206112
0.538462 , 0.179487 , 1.145661
0.538462 , 0.205128 , 1.077151
0.538462 , 0.230769 , 1.001090
0.538462 , 0.256410 , 0.918609
0.538462 , 0.282051 , 0.828501
0.538462 , 0.307692 , 0.730981
0.538462 , 0.333333 , 0.626904
0.538462 , 0.358974 , 0.517232
0.538462 , 0.384615 , 0.402799
0.538462 , 0.410256 , 0.284290
0.538462 , 0.435897 , 0.163141
0.538462 , 0.461538 , 0.039436
0.538462 , 0.487179 , -0.085293
0.538462 , 0.512821 , -0.211045
0.538462 , 0.538462 , -0.336605
0.538462 , 0.564103 , -0.460518
0.538462 , 0.589744 , -0.581308
0.538462 , 0.615385 , -0.699195
0.538462 , 0.641026 , -0.813931
0.538462 , 0.666667 , -0.924831
0.538462 , 0.692308 , -1.031043
0.538462 , 0.717949 , -1.131781
0.538462 , 0.743590 , -1.225634
0.538462 , 0.769231 , -1.311108
0.538462 , 0.794872 , -1.388948
0.538462 , 0.820513 , -1.459077
0.538462 , 0.846154 , -1.519908
0.538462 , 0.871795 , -1.570704
0.538462 , 0.897436 , -1.612880
0.538462 , 0.923077 , -1.646050
0.538462 , 0.948718 , -1.669377
0.538462 , 0.974359 , -1.682278
0.538462 , 1.000000 , -1.686755
0.564103 , 0.000000 , 1.594295
0.564103 , 0.025641 , 1.589113
0.564103 , 0.051282 , 1.573474
0.564103 , 0.076923 , 1.546927
0.564103 , 0.102564 , 1.509681
0.564103 , 0.128205 , 1.462800
0.564103 , 0.153846 , 1.406441
0.564103 , 0.179487 , 1.341622
0.564103 , 0.205128 , 1.268021
0.564103 , 0.230769 , 1.186341
0.564103 , 0.256410 , 1.097290
0.564103 , 0.282051 , 1.000512
0.564103 , 0.307692 , 0.894713
0.564103 , 0.333333 , 0.781880
0.564103 , 0.358974 , 0.663195
0.564103 , 0.384615 , 0.539104
0.564103 , 0.410256 , 0.410756
0.564103 , 0.435897 , 0.278812
0.564103 , 0.461538 , 0.145080
0.564103 , 0.487179 , 0.009633
0.564103 , 0.512821 , -0.126138
0.564103 , 0.538462 , -0.262168
0.564103 , 0.564103 , -0.396289
0.564103 , 0.589744 , -0.527309
0.564103 , 0.615385 , -0.654937
0.564103 , 0.641026 , -0.778564
0.564103 , 0.666667 , -0.897278
0.564103 , 0.692308 , -1.010458
0.564103 , 0.717949 , -1.118578
0.564103 , 0.743590 , -1.218926
0.564103 , 0.769231 , -1.310693
0.564103 , 0.794872 , -1.393489
0.564103 , 0.820513 , -1.468414
0.564103 , 0.846154 , -1.532091
0.564103 , 0.871795 , -1.585629
0.564103 , 0.897436 , -1.630777
0.564103 , 0.923077 , -1.666813
0.564103 , 0.948718 , -1.691698
0.564103 , 0.974359 , -1.705796
0.564103 , 1.000000 , -1.710739
0.589744 , 0.000000 , 1.811637
0.589744 , 0.025641 , 1.805787
0.589744 , 0.051282 , 1.788995
0.589744 , 0.076923 , 1.760549
0.589744 , 0.102564 , 1.720839
0.589744 , 0.128205 , 1.670976
0.589744 , 0.153846 , 1.611640
0.589744 , 0.179487 , 1.542554
0.589744 , 0.205128 , 1.463985
0.589744 , 0.230769 , 1.375733
0.589744 , 0.256410 , 1.279130
0.589744 , 0.282051 , 1.173764
0.589744 , 0.307692 , 1.059861
0.589744 , 0.333333 , 0.937672
0.589744 , 0.358974 , 0.809111
0.589744 , 0.384615 , 0.674277
0.589744 , 0.410256 , 0.535124
0.589744 , 0.435897 , 0.391649
0.589744 , 0.461538 , 0.245424
0.589744 , 0.487179 , 0.098524
0.589744 , 0.512821 , -0.048432
0.589744 , 0.538462 , -0.196234
0.589744 , 0.564103 , -0.341783
0.589744 , 0.589744 , -0.484521
0.589744 , 0.615385 , -0.623034
0.589744 , 0.641026 , -0.756233
0.589744 , 0.666667 , -0.883748
0.589744 , 0.692308 , -1.005206
0.589744 , 0.717949 , -1.120768
0.589744 , 0.743590 , -1.227685
0.589744 , 0.769231 , -1.324903
0.589744 , 0.794872 , -1.412301
0.589744 , 0.820513 , -1.491284
0.589744 , 0.846154 , -1.559490
0.589744 , 0.871795 , -1.616935
0.589744 , 0.897436 , -1.665198
0.589744 , 0.923077 , -1.703571
0.589744 , 0.948718 , -1.730049
0.589744 , 0.974359 , -1.744546
0.589744 , 1.000000 , -1.749774
0.615385 , 0.000000 , 2.033030
0.615385 , 0.025641 , 2.026907
0.615385 , 0.051282 , 2.008641
0.615385 , 0.076923 , 1.978846
0.615385 , 0.102564 , 1.936852
0.615385 , 0.128205 , 1.884250
0.615385 , 0.153846 , 1.821648
0.615385 , 0.179487 , 1.748158
0.615385 , 0.205128 , 1.664304
0.615385 , 0.230769 , 1.570249
0.615385 , 0.256410 , 1.465832
0.615385 , 0.282051 , 1.351364
0.615385 , 0.307692 , 1.227925
0.615385 , 0.333333 , 1.095516
0.615385 , 0.358974 , 0.955477
0.615385 , 0.384615 , 0.808450
0.615385 , 0.410256 , 0.656688
0.615385 , 0.435897 , 0.500873
0.615385 , 0.461538 , 0.342156
0.615385 , 0.487179 , 0.181985
0.615385 , 0.512821 , 0.021357
0.615385 , 0.538462 , -0.139402
0.615385 , 0.564103 , -0.298059
0.615385 , 0.589744 , -0.452714
0.615385 , 0.615385 , -0.603128
0.615385 , 0.641026 , -0.747445
0.615385 , 0.666667 , -0.884529
0.615385 , 0.692308 , -1.015243
0.615385 , 0.717949 , -1.138406
0.615385 , 0.743590 , -1.252221
0.615385 , 0.769231 , -1.355739
0.615385 , 0.794872 , -1.448306
0.615385 , 0.820513 , -1.531638
0.615385 , 0.846154 , -1.604396
0.615385 , 0.871795 , -1.665983
0.615385 , 0.897436 , -1.716426
0.615385 , 0.923077 , -1.756315
0.615385 , 0.948718 , -1.784016
0.615385 , 0.974359 , -1.799208
0.615385 , 1.000000 , -1.804157
0.641026 , 0.000000 , 2.259412
0.641026 , 0.025641 , 2.252832
0.641026 , 0.051282 , 2.233962
0.641026 , 0.076923 , 2.202778
0.641026 , 0.102564 , 2.159492
0.641026 , 0.128205 , 2.104445
0.641026 , 0.153846 , 2.037896
0.641026 , 0.179487 , 1.959702
0.641026 , 0.205128 , 1.870143
0.641026 , 0.230769 , 1.768981
0.641026 , 0.256410 , 1.656363
0.641026 , 0.282051 , 1.532385
0.641026 , 0.307692 , 1.398701
0.641026 , 0.333333 , 1.255626
0.641026 , 0.358974 , 1.103363
0.641026 , 0.384615 , 0.944075
0.641026 , 0.410256 , 0.778129
0.641026 , 0.435897 , 0.607976
0.641026 , 0.461538 , 0.434751
0.641026 , 0.487179 , 0.259528
0.641026 , 0.512821 , 0.083656
0.641026 , 0.538462 , -0.091511
0.641026 , 0.564103 , -0.264674
0.641026 , 0.589744 , -0.433088
0.641026 , 0.615385 , -0.596226
0.641026 , 0.641026 , -0.752523
0.641026 , 0.666667 , -0.901726
0.641026 , 0.692308 , -1.042356
0.641026 , 0.717949 , -1.173504
0.641026 , 0.743590 , -1.294043
0.641026 , 0.769231 , -1.403889
0.641026 , 0.794872 , -1.502146
0.641026 , 0.820513 , -1.590685
0.641026 , 0.846154 , -1.667011
0.641026 , 0.871795 , -1.731269
0.641026 , 0.897436 , -1.783715
0.641026 , 0.923077 , -1.824471
0.641026 , 0.948718 , -1.853747
0.641026 , 0.974359 , -1.870324
0.641026 , 1.000000 , -1.876112
0.666667 , 0.000000 , 2.491005
0.666667 , 0.025641 , 2.484952
0.666667 , 0.051282 , 2.465084
0.666667 , 0.076923 , 2.433025
0.666667 , 0.102564 , 2.388663
0.666667 , 0.128205 , 2.331805
0.666667 , 0.153846 , 2.261339
0.666667 , 0.179487 , 2.179185
0.666667 , 0.205128 , 2.083758
0.666667 , 0.230769 , 1.975579
0.666667 , 0.256410 , 1.854160
0.666667 , 0.282051 , 1.720144
0.666667 , 0.307692 , 1.574902
0.666667 , 0.333333 , 1.420066
0.666667 , 0.358974 , 1.254542
0.666667 , 0.384615 , 1.081052
0.666667 , 0.410256 , 0.900815
0.666667 , 0.435897 , 0.714108
0.666667 , 0.461538 , 0.524034
0.666667 , 0.487179 , 0.332037
0.666667 , 0.512821 , 0.139044
0.666667 , 0.538462 , -0.052997
0.666667 , 0.564103 , -0.241834
0.666667 , 0.589744 , -0.425512
0.666667 , 0.615385 , -0.603165
0.666667 , 0.641026 , -0.772647
0.666667 , 0.666667 , -0.934532
0.666667 , 0.692308 , -1.086091
0.666667 , 0.717949 , -1.226582
0.666667 , 0.743590 , -1.355582
0.666667 , 0.769231 , -1.471621
0.666667 , 0.794872 , -1.575663
0.666667 , 0.820513 , -1.668805
0.666667 , 0.846154 , -1.748856
0.666667 , 0.871795 , -1.815912
0.666667 , 0.897436 , -1.870105
0.666667 , 0.923077 , -1.911041
0.666667 , 0.948718 , -1.941244
0.666667 , 0.974359 , -1.959054
0.666667 , 1.000000 , -1.965282
0.692308 , 0.000000 , 2.728408
0.692308 , 0.025641 , 2.722632
0.692308 , 0.051282 , 2.702537
0.692308 , 0.076923 , 2.670208
0.692308 , 0.102564 , 2.624516
0.692308 , 0.128205 , 2.565746
0.692308 , 0.153846 , 2.492751
0.692308 , 0.179487 , 2.406572
0.692308 , 0.205128 , 2.304784
0.692308 , 0.230769 , 2.189067
0.692308 , 0.256410 , 2.059834
0.692308 , 0.282051 , 1.916711
0.692308 , 0.307692 , 1.759942
0.692308 , 0.333333 , 1.592255
0.692308 , 0.358974 , 1.411954
0.692308 , 0.384615 , 1.221986
0.692308 , 0.410256 , 1.024643
0.692308 , 0.435897 , 0.820131
0.692308 , 0.461538 , 0.611171
0.692308 , 0.487179 , 0.399817
0.692308 , 0.512821 , 0.187887
0.692308 , 0.538462 , -0.022947
0.692308 , 0.564103 , -0.229582
0.692308 , 0.589744 , -0.430635
0.692308 , 0.615385 , -0.624425
0.692308 , 0.641026 , -0.809468
0.692308 , 0.666667 , -0.985275
0.692308 , 0.692308 , -1.148758
0.692308 , 0.717949 , -1.299351
0.692308 , 0.743590 , -1.437540
0.692308 , 0.769231 , -1.559923
0.692308 , 0.794872 , -1.669119
0.692308 , 0.820513 , -1.765963
0.692308 , 0.846154 , -1.849348
0.692308 , 0.871795 , -1.919186
0.692308 , 0.897436 , -1.975678
0.692308 , 0.923077 , -2.017716
0.692308 , 0.948718 , -2.047612
0.692308 , 0.974359 , -2.065276
0.692308 , 1.000000 , -2.071367
0.717949 , 0.000000 , 2.973426
0.717949 , 0.025641 , 2.967285
0.717949 , 0.051282 , 2.947710
0.717949 , 0.076923 , 2.914864
0.717949 , 0.102564 , 2.869075
0.717949 , 0.128205 , 2.808671
0.717949 , 0.153846 , 2.733692
0.717949 , 0.179487 , 2.643918
0.717949 , 0.205128 , 2.537185
0.717949 , 0.230769 , 2.413905
0.717949 , 0.256410 , 2.275872
0.717949 , 0.282051 , 2.122527
0.717949 , 0.307692 , 1.953669
0.717949 , 0.333333 , 1.771761
0.717949 , 0.358974 , 1.576014
0.717949 , 0.384615 , 1.368019
0.717949 , 0.410256 , 1.151212
0.717949 , 0.435897 , 0.926755
0.717949 , 0.461538 , 0.696334
0.717949 , 0.487179 , 0.463543
0.717949 , 0.512821 , 0.230345
0.717949 , 0.538462 , -0.001623
0.717949 , 0.564103 , -0.229522
0.717949 , 0.589744 , -0.450552
0.717949 , 0.615385 , -0.662499
0.717949 , 0.641026 , -0.864539
0.717949 , 0.666667 , -1.055321
0.717949 , 0.692308 , -1.232181
0.717949 , 0.717949 , -1.393956
0.717949 , 0.743590 , -1.540833
0.717949 , 0.769231 , -1.670467
0.717949 , 0.794872 , -1.784791
0.717949 , 0.820513 , -1.885378
0.717949 , 0.846154 , -1.971238
0.717949 , 0.871795 , -2.042346
0.717949 , 0.897436 , -2.099535
0.717949 , 0.923077 , -2.143056
0.717949 , 0.948718 , -2.172838
0.717949 , 0.974359 , -2.190430
0.717949 , 1.000000 , -2.196413
0.743590 , 0.000000 , 3.226083
0.743590 , 0.025641 , 3.219545
0.743590 , 0.051282 , 3.200840
0.743590 , 0.076923 , 3.168531
0.743590 , 0.102564 , 3.123208
0.743590 , 0.128205 , 3.061993
0.743590 , 0.153846 , 2.985236
0.743590 , 0.179487 , 2.892812
0.743590 , 0.205128 , 2.782181
0.743590 , 0.230769 , 2.653371
0.743590 , 0.256410 , 2.505901
0.743590 , 0.282051 , 2.341008
0.743590 , 0.307692 , 2.158399
0.743590 , 0.333333 , 1.960614
0.743590 , 0.358974 , 1.747389
0.743590 , 0.384615 , 1.519878
0.743590 , 0.410256 , 1.281270
0.743590 , 0.435897 , 1.034850
0.743590 , 0.461538 , 0.780920
0.743590 , 0.487179 , 0.523505
0.743590 , 0.512821 , 0.265795
0.743590 , 0.538462 , 0.010174
0.743590 , 0.564103 , -0.240667
0.743590 , 0.589744 , -0.484360
0.743590 , 0.615385 , -0.717734
0.743590 , 0.641026 , -0.937825
0.743590 , 0.666667 , -1.144751
0.743590 , 0.692308 , -1.337089
0.743590 , 0.717949 , -1.511700
0.743590 , 0.743590 , -1.667731
0.743590 , 0.769231 , -1.804895
0.743590 , 0.794872 , -1.924443
0.743590 , 0.820513 , -2.028423
0.743590 , 0.846154 , -2.115693
0.743590 , 0.871795 , -2.187380
0.743590 , 0.897436 , -2.244168
0.743590 , 0.923077 , -2.287214
0.743590 , 0.948718 , -2.316266
0.743590 , 0.974359 , -2.334060
0.743590 , 1.000000 , -2.340081
0.769231 , 0.000000 , 3.485530
0.769231 , 0.025641 , 3.479840
0.769231 , 0.051282 , 3.462245
0.769231 , 0.076923 , 3.431196
0.769231 , 0.102564 , 3.387061
0.769231 , 0.128205 , 3.326819
0.769231 , 0.153846 , 3.249322
0.769231 , 0.179487 , 3.154968
0.769231 , 0.205128 , 3.042067
0.769231 , 0.230769 , 2.906404
0.769231 , 0.256410 , 2.750231
0.769231 , 0.282051 , 2.574053
0.769231 , 0.307692 , 2.377776
0.769231 , 0.333333 , 2.161706
0.769231 , 0.358974 , 1.929320
0.769231 , 0.384615 , 1.680210
0.769231 , 0.410256 , 1.417553
0.769231 , 0.435897 , 1.145659
0.769231 , 0.461538 , 0.865478
0.769231 , 0.487179 , 0.580051
0.769231 , 0.512821 , 0.294550
0.769231 , 0.538462 , 0.012144
0.769231 , 0.564103 , -0.264878
0.769231 , 0.589744 , -0.533939
0.769231 , 0.615385 , -0.791180
0.769231 , 0.641026 , -1.032752
0.769231 , 0.666667 , -1.257425
0.769231 , 0.692308 , -1.465988
0.769231 , 0.717949 , -1.654517
0.769231 , 0.743590 , -1.820885
0.769231 , 0.769231 , -1.966691
0.769231 , 0.794872 , -2.091443
0.769231 , 0.820513 , -2.197174
0.769231 , 0.846154 , -2.284972
0.769231 , 0.871795 , -2.355388
0.769231 , 0.897436 , -2.410700
0.769231 , 0.923077 , -2.451704
0.769231 , 0.948718 , -2.479394
0.769231 , 0.974359 , -2.496016
0.769231 , 1.000000 , -2.501941
0.794872 , 0.000000 , 3.751972
0.794872 , 0.025641 , 3.747072
0.794872 , 0.051282 , 3.731279
0.794872 , 0.076923 , 3.703232
0.794872 , 0.102564 , 3.661804
0.794872 , 0.128205 , 3.603907
0.794872 , 0.153846 , 3.528781
0.794872 , 0.179487 , 3.433572
0.794872 , 0.205128 , 3.317870
0.794872 , 0.230769 , 3.177081
0.794872 , 0.256410 , 3.012416
0.794872 , 0.282051 , 2.823720
0.794872 , 0.307692 , 2.612348
0.794872 , 0.333333 , 2.377713
0.794872 , 0.358974 , 2.123560
0.794872 , 0.384615 , 1.850996
0.794872 , 0.410256 , 1.561796
0.794872 , 0.435897 , 1.260531
0.794872 , 0.461538 , 0.950340
0.794872 , 0.487179 , 0.634295
0.794872 , 0.512821 , 0.317729
0.794872 , 0.538462 , 0.004239
0.794872 , 0.564103 , -0.302886
0.794872 , 0.589744 , -0.600663
0.794872 , 0.615385 , -0.884729
0.794872 , 0.641026 , -1.150639
0.794872 , 0.666667 , -1.396289
0.794872 , 0.692308 , -1.621625
0.794872 , 0.717949 , -1.823922
0.794872 , 0.743590 , -2.002024
0.794872 , 0.769231 , -2.155798
0.794872 , 0.794872 , -2.285372
0.794872 , 0.820513 , -2.392135
0.794872 , 0.846154 , -2.479241
0.794872 , 0.871795 , -2.547064
0.794872 , 0.897436 , -2.598902
0.794872 , 0.923077 , -2.636895
0.794872 , 0.948718 , -2.662066
0.794872 , 0.974359 , -2.676954
0.794872 , 1.000000 , -2.682237
0.820513 , 0.000000 , 4.024062
0.820513 , 0.025641 , 4.019988
0.820513 , 0.051282 , 4.007728
0.820513 , 0.076923 , 3.984372
0.820513 , 0.102564 , 3.948348
0.820513 , 0.128205 , 3.895662
0.820513 , 0.153846 , 3.824391
0.820513 , 0.179487 , 3.731378
0.820513 , 0.205128 , 3.613971
0.820513 , 0.230769 , 3.469246
0.820513 , 0.256410 , 3.296731
0.820513 , 0.282051 , 3.095100
0.820513 , 0.307692 , 2.867161
0.820513 , 0.333333 , 2.612999
0.820513 , 0.358974 , 2.334584
0.820513 , 0.384615 , 2.034385
0.820513 , 0.410256 , 1.715428
0.820513 , 0.435897 , 1.381435
0.820513 , 0.461538 , 1.036961
0.820513 , 0.487179 , 0.686122
0.820513 , 0.512821 , 0.333993
0.820513 , 0.538462 , -0.014968
0.820513 , 0.564103 , -0.356300
0.820513 , 0.589744 , -0.686253
0.820513 , 0.615385 , -1.000045
0.820513 , 0.641026 , -1.293135
0.820513 , 0.666667 , -1.562405
0.820513 , 0.692308 , -1.807207
0.820513 , 0.717949 , -2.025345
0.820513 , 0.743590 , -2.215040
0.820513 , 0.769231 , -2.376487
0.820513 , 0.794872 , -2.509647
0.820513 , 0.820513 , -2.616468
0.820513 , 0.846154 , -2.700973
0.820513 , 0.871795 , -2.763980
0.820513 , 0.897436 , -2.809843
0.820513 , 0.923077 , -2.842630
0.820513 , 0.948718 , -2.863682
0.820513 , 0.974359 , -2.875935
0.820513 , 1.000000 , -2.880465
0.846154 , 0.000000 , 4.300543
0.846154 , 0.025641 , 4.297892
0.846154 , 0.051282 , 4.290090
0.846154 , 0.076923 , 4.273711
0.846154 , 0.102564 , 4.245577
0.846154 , 0.128205 , 4.201177
0.846154 , 0.153846 , 4.137231
0.846154 , 0.179487 , 4.049349
0.846154 , 0.205128 , 3.933153
0.846154 , 0.230769 , 3.785419
0.846154 , 0.256410 , 3.604825
0.846154 , 0.282051 , 3.390973
0.846154 , 0.307692 , 3.145818
0.846154 , 0.333333 , 2.870203
0.846154 , 0.358974 , 2.564835
0.846154 , 0.384615 , 2.234605
0.846154 , 0.410256 , 1.881939
0.846154 , 0.435897 , 1.510980
0.846154 , 0.461538 , 1.127180
0.846154 , 0.487179 , 0.735554
0.846154 , 0.512821 , 0.342837
0.846154 , 0.538462 , -0.046387
0.846154 , 0.564103 , -0.426203
0.846154 , 0.589744 , -0.792501
0.846154 , 0.615385 , -1.140273
0.846154 , 0.641026 , -1.463397
0.846154 , 0.666667 , -1.758933
0.846154 , 0.692308 , -2.025430
0.846154 , 0.717949 , -2.260826
0.846154 , 0.743590 , -2.462258
0.846154 , 0.769231 , -2.630423
0.846154 , 0.794872 , -2.765766
0.846154 , 0.820513 , -2.871853
0.846154 , 0.846154 , -2.951275
0.846154 , 0.871795 , -3.007474
0.846154 , 0.897436 , -3.044936
0.846154 , 0.923077 , -3.069036
0.846154 , 0.948718 , -3.082971
0.846154 , 0.974359 , -3.090354
0.846154 , 1.000000 , -3.093019
0.871795 , 0.000000 , 4.577226
0.871795 , 0.025641 , 4.577292
0.871795 , 0.051282 , 4.576805
0.871795 , 0.076923 , 4.570503
0.871795 , 0.102564 , 4.555037
0.871795 , 0.128205 , 4.522922
0.871795 , 0.153846 , 4.470017
0.871795 , 0.179487 , 4.389636
0.871795 , 0.205128 , 4.277804
0.871795 , 0.230769 , 4.129580
0.871795 , 0.256410 , 3.942065
0.871795 , 0.282051 , 3.716807
0.871795 , 0.307692 , 3.452802
0.871795 , 0.333333 , 3.153382
0.871795 , 0.358974 , 2.818683
0.871795 , 0.384615 , 2.453717
0.871795 , 0.410256 , 2.062893
0.871795 , 0.435897 , 1.649347
0.871795 , 0.461538 , 1.220803
0.871795 , 0.487179 , 0.783477
0.871795 , 0.512821 , 0.344583
0.871795 , 0.538462 , -0.090281
0.871795 , 0.564103 , -0.514838
0.871795 , 0.589744 , -0.923281
0.871795 , 0.615385 , -1.309325
0.871795 , 0.641026 , -1.666524
0.871795 , 0.666667 , -1.991119
0.871795 , 0.692308 , -2.280904
0.871795 , 0.717949 , -2.533563
0.871795 , 0.743590 , -2.747082
0.871795 , 0.769231 , -2.920920
0.871795 , 0.794872 , -3.056573
0.871795 , 0.820513 , -3.158961
0.871795 , 0.846154 , -3.231180
0.871795 , 0.871795 , -3.277600
0.871795 , 0.897436 , -3.302889
0.871795 , 0.923077 , -3.314021
0.871795 , 0.948718 , -3.317154
0.871795 , 0.974359 , -3.316744
0.871795 , 1.000000 , -3.316260
0.897436 , 0.000000 , 4.848637
0.897436 , 0.025641 , 4.853210
0.897436 , 0.051282 , 4.863953
0.897436 , 0.076923 , 4.873499
0.897436 , 0.102564 , 4.875749
0.897436 , 0.128205 , 4.862637
0.897436 , 0.153846 , 4.825098
0.897436 , 0.179487 , 4.757780
0.897436 , 0.205128 , 4.653275
0.897436 , 0.230769 , 4.507053
0.897436 , 0.256410 , 4.314788
0.897436 , 0.282051 , 4.077243
0.897436 , 0.307692 , 3.794131
0.897436 , 0.333333 , 3.468104
0.897436 , 0.358974 , 3.100626
0.897436 , 0.384615 , 2.696447
0.897436 , 0.410256 , 2.261285
0.897436 , 0.435897 , 1.800520
0.897436 , 0.461538 , 1.321175
0.897436 , 0.487179 , 0.831262
0.897436 , 0.512821 , 0.338558
0.897436 , 0.538462 , -0.149475
0.897436 , 0.564103 , -0.625172
0.897436 , 0.589744 , -1.081594
0.897436 , 0.615385 , -1.510963
0.897436 , 0.641026 , -1.907495
0.897436 , 0.666667 , -2.265305
0.897436 , 0.692308 , -2.580967
0.897436 , 0.717949 , -2.851612
0.897436 , 0.743590 , -3.076723
0.897436 , 0.769231 , -3.255973
0.897436 , 0.794872 , -3.390239
0.897436 , 0.820513 , -3.484947
0.897436 , 0.846154 , -3.544638
0.897436 , 0.871795 , -3.574616
0.897436 , 0.897436 , -3.582210
0.897436 , 0.923077 , -3.575328
0.897436 , 0.948718 , -3.562170
0.897436 , 0.974359 , -3.550746
0.897436 , 1.000000 , -3.546231
0.923077 , 0.000000 , 5.108568
0.923077 , 0.025641 , 5.119333
0.923077 , 0.051282 , 5.146627
0.923077 , 0.076923 , 5.180278
0.923077 , 0.102564 , 5.209326
0.923077 , 0.128205 , 5.222443
0.923077 , 0.153846 , 5.208199
0.923077 , 0.179487 , 5.158434
0.923077 , 0.205128 , 5.066096
0.923077 , 0.230769 , 4.924333
0.923077 , 0.256410 , 4.729040
0.923077 , 0.282051 , 4.479348
0.923077 , 0.307692 , 4.175352
0.923077 , 0.333333 , 3.820053
0.923077 , 0.358974 , 3.416119
0.923077 , 0.384615 , 2.968400
0.923077 , 0.410256 , 2.482988
0.923077 , 0.435897 , 1.967719
0.923077 , 0.461538 , 1.429268
0.923077 , 0.487179 , 0.878609
0.923077 , 0.512821 , 0.324592
0.923077 , 0.538462 , -0.224848
0.923077 , 0.564103 , -0.759647
0.923077 , 0.589744 , -1.270991
0.923077 , 0.615385 , -1.749822
0.923077 , 0.641026 , -2.190070
0.923077 , 0.666667 , -2.585698
0.923077 , 0.692308 , -2.931027
0.923077 , 0.717949 , -3.222395
0.923077 , 0.743590 , -3.458991
0.923077 , 0.769231 , -3.641612
0.923077 , 0.794872 , -3.772531
0.923077 , 0.820513 , -3.855076
0.923077 , 0.846154 , -3.895813
0.923077 , 0.871795 , -3.901978
0.923077 , 0.897436 , -3.882642
0.923077 , 0.923077 , -3.849524
0.923077 , 0.948718 , -3.813261
0.923077 , 0.974359 , -3.785311
0.923077 , 1.000000 , -3.774948
0.948718 , 0.000000 , 5.345848
0.948718 , 0.025641 , 5.366112
0.948718 , 0.051282 , 5.419122
0.948718 , 0.076923 , 5.487288
0.948718 , 0.102564 , 5.554269
0.948718 , 0.128205 , 5.604427
0.948718 , 0.153846 , 5.622931
0.948718 , 0.179487 , 5.598859
0.948718 , 0.205128 , 5.523906
0.948718 , 0.230769 , 5.390176
0.948718 , 0.256410 , 5.193601
0.948718 , 0.282051 , 4.932168
0.948718 , 0.307692 , 4.606090
0.948718 , 0.333333 , 4.217702
0.948718 , 0.358974 , 3.772124
0.948718 , 0.384615 , 3.274793
0.948718 , 0.410256 , 2.732144
0.948718 , 0.435897 , 2.152885
0.948718 , 0.461538 , 1.547182
0.948718 , 0.487179 , 0.926059
0.948718 , 0.512821 , 0.300209
0.948718 , 0.538462 , -0.319575
0.948718 , 0.564103 , -0.922039
0.948718 , 0.589744 , -1.496332
0.948718 , 0.615385 , -2.032252
0.948718 , 0.641026 , -2.521762
0.948718 , 0.666667 , -2.959265
0.948718 , 0.692308 , -3.337907
0.948718 , 0.717949 , -3.651781
0.948718 , 0.743590 , -3.900195
0.948718 , 0.769231 , -4.084725
0.948718 , 0.794872 , -4.207715
0.948718 , 0.820513 , -4.273377
0.948718 , 0.846154 , -4.287954
0.948718 , 0.871795 , -4.262015
0.948718 , 0.897436 , -4.206213
0.948718 , 0.923077 , -4.134691
0.948718 , 0.948718 , -4.063268
0.948718 , 0.974359 , -4.009600
0.948718 , 1.000000 , -3.989028
0.974359 , 0.000000 , 5.538359
0.974359 , 0.025641 , 5.576462
0.974359 , 0.051282 , 5.671094
0.974359 , 0.076923 , 5.791497
0.974359 , 0.102564 , 5.912900
0.974359 , 0.128205 , 6.013595
0.974359 , 0.153846 , 6.075735
0.974359 , 0.179487 , 6.086884
0.974359 , 0.205128 , 6.036389
0.974359 , 0.230769 , 5.915780
0.974359 , 0.256410 , 5.719924
0.974359 , 0.282051 , 5.446004
0.974359 , 0.307692 , 5.095308
0.974359 , 0.333333 , 4.670298
0.974359 , 0.358974 , 4.176768
0.974359 , 0.384615 , 3.621566
0.974359 , 0.410256 , 3.012620
0.974359 , 0.435897 , 2.360442
0.974359 , 0.461538 , 1.676843
0.974359 , 0.487179 , 0.974390
0.974359 , 0.512821 , 0.266190
0.974359 , 0.538462 , -0.434989
0.974359 , 0.564103 , -1.115770
0.974359 , 0.589744 , -1.763213
0.974359 , 0.615385 , -2.365361
0.974359 , 0.641026 , -2.913044
0.974359 , 0.666667 , -3.397118
0.974359 , 0.692308 , -3.811702
0.974359 , 0.717949 , -4.150772
0.974359 , 0.743590 , -4.411673
0.974359 , 0.769231 , -4.595998
0.974359 , 0.794872 , -4.706132
0.974359 , 0.820513 , -4.747543
0.974359 , 0.846154 , -4.727752
0.974359 , 0.871795 , -4.657735
0.974359 , 0.897436 , -4.551142
0.974359 , 0.923077 , -4.425915
0.974359 , 0.948718 , -4.302443
0.974359 , 0.974359 , -4.206427
0.974359 , 1.000000 , -4.167767
1.000000 , 0.000000 , 5.650603
1.000000 , 0.025641 , 5.726532
1.000000 , 0.051282 , 5.892582
1.000000 , 0.076923 , 6.090919
1.000000 , 0.102564 , 6.287153
1.000000 , 0.128205 , 6.455741
1.000000 , 0.153846 , 6.575397
1.000000 , 0.179487 , 6.632590
1.000000 , 0.205128 , 6.614382
1.000000 , 0.230769 , 6.511070
1.000000 , 0.256410 , 6.318449
1.000000 , 0.282051 , 6.032923
1.000000 , 0.307692 , 5.654820
1.000000 , 0.333333 , 5.188540
1.000000 , 0.358974 , 4.640264
1.000000 , 0.384615 , 4.018463
1.000000 , 0.410256 , 3.333076
1.000000 , 0.435897 , 2.595682
1.000000 , 0.461538 , 1.821240
1.000000 , 0.487179 , 1.024553
1.000000 , 0.512821 , 0.220949
1.000000 , 0.538462 , -0.574521
1.000000 , 0.564103 , -1.345912
1.000000 , 0.589744 , -2.078209
1.000000 , 0.615385 , -2.757456
1.000000 , 0.641026 , -3.371065
1.000000 , 0.666667 , -3.910260
1.000000 , 0.692308 , -4.366133
1.000000 , 0.717949 , -4.732082
1.000000 , 0.743590 , -5.005627
1.000000 , 0.769231 , -5.187078
1.000000 , 0.794872 , -5.279453
1.000000 , 0.820513 , -5.288799
1.000000 , 0.846154 , -5.223634
1.000000 , 0.871795 , -5.095548
1.000000 , 0.897436 , -4.921394
1.000000 , 0.923077 , -4.720742
1.000000 , 0.948718 , -4.519665
1.000000 , 0.974359 , -4.352236
1.000000 , 1.000000 , -4.275497
