0.000000 , 0.000000 , -3.082052
0.000000 , 0.025641 , -3.082052
0.000000 , 0.051282 , -3.082052
0.000000 , 0.076923 , -3.082052
0.000000 , 0.102564 , -3.082052
0.000000 , 0.128205 , -3.082052
0.000000 , 0.153846 , -3.082052
0.000000 , 0.179487 , -3.082052
0.000000 , 0.205128 , -3.082052
0.000000 , 0.230769 , -3.082052
0.000000 , 0.256410 , -3.082052
0.000000 , 0.282051 , -3.082052
0.000000 , 0.307692 , -3.082052
0.000000 , 0.333333 , -3.082052
0.000000 , 0.358974 , -3.082052
0.000000 , 0.384615 , -3.082052
0.000000 , 0.410256 , -3.082052
0.000000 , 0.435897 , -3.082052
0.000000 , 0.461538 , -3.082052
0.000000 , 0.487179 , -3.082052
0.000000 , 0.512821 , -3.082052
0.000000 , 0.538462 , -3.082052
0.000000 , 0.564103 , -3.082052
0.000000 , 0.589744 , -3.082052
0.000000 , 0.615385 , -3.082052
0.000000 , 0.641026 , -3.082052
0.000000 , 0.666667 , -3.082052
0.000000 , 0.692308 , -3.082052
0.000000 , 0.717949 , -3.082052
0.000000 , 0.743590 , -3.082052
0.000000 , 0.769231 , -3.082052
0.000000 , 0.794872 , -3.082052
0.000000 , 0.820513 , -3.082052
0.000000 , 0.846154 , -3.082052
0.000000 , 0.871795 , -3.082052
0.000000 , 0.897436 , -3.082052
0.000000 , 0.923077 , -3.082052
0.000000 , 0.948718 , -3.082052
0.000000 , 0.974359 , -3.082052
0.000000 , 1.000000 , -3.082052
0.025641 , 0.000000 , -2.975767
0.025641 , 0.025641 , -2.975270
0.025641 , 0.051282 , -2.973969
0.025641 , 0.076923 , -2.973797
0.025641 , 0.102564 , -2.974068
0.025641 , 0.128205 , -2.974856
0.025641 , 0.153846 , -2.976187
0.025641 , 0.179487 , -2.977794
0.025641 , 0.205128 , -2.980514
0.025641 , 0.230769 , -2.984258
0.025641 , 0.256410 , -2.987979
0.025641 , 0.282051 , -2.992068
0.025641 , 0.307692 , -2.996758
0.025641 , 0.333333 , -3.001367
0.025641 , 0.358974 , -3.006553
0.025641 , 0.384615 , -3.012448
0.025641 , 0.410256 , -3.017729
0.025641 , 0.435897 , -3.023089
0.025641 , 0.461538 , -3.029447
0.025641 , 0.487179 , -3.035687
0.025641 , 0.512821 , -3.042064
0.025641 , 0.538462 , -3.048072
0.025641 , 0.564103 , -3.053608
0.025641 , 0.589744 , -3.059011
0.025641 , 0.615385 , -3.063951
0.025641 , 0.641026 , -3.068775
0.025641 , 0.666667 , -3.073330
0.025641 , 0.692308 , -3.077612
0.025641 , 0.717949 , -3.081198
0.025641 , 0.743590 , -3.084574
0.025641 , 0.769231 , -3.088027
0.025641 , 0.794872 , -3.091467
0.025641 , 0.820513 , -3.094646
0.025641 , 0.846154 , -3.096788
0.025641 , 0.871795 , -3.098671
0.025641 , 0.897436 , -3.100015
0.025641 , 0.923077 , -3.101545
0.025641 , 0.948718 , -3.102290
0.025641 , 0.974359 , -3.103010
0.025641 , 1.000000 , -3.103026
0.051282 , 0.000000 , -2.861029
0.051282 , 0.025641 , -2.860509
0.051282 , 0.051282 , -2.859170
0.051282 , 0.076923 , -2.858864
0.051282 , 0.102564 , -2.859380
0.051282 , 0.128205 , -2.860082
0.051282 , 0.153846 , -2.862378
0.051282 , 0.179487 , -2.866078
0.051282 , 0.205128 , -2.871217
0.051282 , 0.230769 , -2.878419
0.051282 , 0.256410 , -2.886118
0.051282 , 0.282051 , -2.894745
0.051282 , 0.307692 , -2.903811
0.051282 , 0.333333 , -2.912608
0.051282 , 0.358974 , -2.922457
0.051282 , 0.384615 , -2.933431
0.051282 , 0.410256 , -2.945167
0.051282 , 0.435897 , -2.956141
0.051282 , 0.461538 , -2.968175
0.051282 , 0.487179 , -2.981014
0.051282 , 0.512821 , -2.992379
0.051282 , 0.538462 , -3.004605
0.051282 , 0.564103 , -3.016462
0.051282 , 0.589744 , -3.027077
0.051282 , 0.615385 , -3.037149
0.051282 , 0.641026 , -3.046191
0.051282 , 0.666667 , -3.054848
0.051282 , 0.692308 , -3.063854
0.051282 , 0.717949 , -3.071591
0.051282 , 0.743590 , -3.078581
0.051282 , 0.769231 , -3.085056
0.051282 , 0.794872 , -3.092033
0.051282 , 0.820513 , -3.097882
0.051282 , 0.846154 , -3.101496
0.051282 , 0.871795 , -3.105386
0.051282 , 0.897436 , -3.108690
0.051282 , 0.923077 , -3.111371
0.051282 , 0.948718 , -3.112976
0.051282 , 0.974359 , -3.114131
0.051282 , 1.000000 , -3.114722
0.076923 , 0.000000 , -2.737371
0.076923 , 0.025641 , -2.737322
0.076923 , 0.051282 , -2.736823
0.076923 , 0.076923 , -2.736537
0.076923 , 0.102564 , -2.737276
0.076923 , 0.128205 , -2.738765
0.076923 , 0.153846 , -2.742377
0.076923 , 0.179487 , -2.748002
0.076923 , 0.205128 , -2.755642
0.076923 , 0.230769 , -2.765596
0.076923 , 0.256410 , -2.776895
0.076923 , 0.282051 , -2.789329
0.076923 , 0.307692 , -2.803441
0.076923 , 0.333333 , -2.817144
0.076923 , 0.358974 , -2.831435
0.076923 , 0.384615 , -2.847017
0.076923 , 0.410256 , -2.864024
0.076923 , 0.435897 , -2.881843
0.076923 , 0.461538 , -2.899270
0.076923 , 0.487179 , -2.917150
0.076923 , 0.512821 , -2.935340
0.076923 , 0.538462 , -2.953226
0.076923 , 0.564103 , -2.970781
0.076923 , 0.589744 , -2.987293
0.076923 , 0.615385 , -3.002685
0.076923 , 0.641026 , -3.016304
0.076923 , 0.666667 , -3.029027
0.076923 , 0.692308 , -3.041771
0.076923 , 0.717949 , -3.054032
0.076923 , 0.743590 , -3.064744
0.076923 , 0.769231 , -3.074690
0.076923 , 0.794872 , -3.083919
0.076923 , 0.820513 , -3.092380
0.076923 , 0.846154 , -3.098656
0.076923 , 0.871795 , -3.104004
0.076923 , 0.897436 , -3.108942
0.076923 , 0.923077 , -3.112444
0.076923 , 0.948718 , -3.114870
0.076923 , 0.974359 , -3.116091
0.076923 , 1.000000 , -3.116918
0.102564 , 0.000000 , -2.607140
0.102564 , 0.025641 , -2.607093
0.102564 , 0.051282 , -2.606739
0.102564 , 0.076923 , -2.607266
0.102564 , 0.102564 , -2.608441
0.102564 , 0.128205 , -2.611561
0.102564 , 0.153846 , -2.616713
0.102564 , 0.179487 , -2.623938
0.102564 , 0.205128 , -2.633840
0.102564 , 0.230769 , -2.647078
0.102564 , 0.256410 , -2.661760
0.102564 , 0.282051 , -2.678194
0.102564 , 0.307692 , -2.696377
0.102564 , 0.333333 , -2.715074
0.102564 , 0.358974 , -2.734540
0.102564 , 0.384615 , -2.754915
0.102564 , 0.410256 , -2.776728
0.102564 , 0.435897 , -2.800160
0.102564 , 0.461538 , -2.823582
0.102564 , 0.487179 , -2.847133
0.102564 , 0.512821 , -2.871103
0.102564 , 0.538462 , -2.895096
0.102564 , 0.564103 , -2.918361
0.102564 , 0.589744 , -2.940070
0.102564 , 0.615385 , -2.960659
0.102564 , 0.641026 , -2.979008
0.102564 , 0.666667 , -2.996445
0.102564 , 0.692308 , -3.013699
0.102564 , 0.717949 , -3.029995
0.102564 , 0.743590 , -3.044016
0.102564 , 0.769231 , -3.057230
0.102564 , 0.794872 , -3.069532
0.102564 , 0.820513 , -3.081035
0.102564 , 0.846154 , -3.089384
0.102564 , 0.871795 , -3.096986
0.102564 , 0.897436 , -3.102917
0.102564 , 0.923077 , -3.107897
0.102564 , 0.948718 , -3.110472
0.102564 , 0.974359 , -3.112015
0.102564 , 1.000000 , -3.112412
0.128205 , 0.000000 , -2.472869
0.128205 , 0.025641 , -2.472927
0.128205 , 0.051282 , -2.473504
0.128205 , 0.076923 , -2.474383
0.128205 , 0.102564 , -2.476253
0.128205 , 0.128205 , -2.480481
0.128205 , 0.153846 , -2.487104
0.128205 , 0.179487 , -2.496226
0.128205 , 0.205128 , -2.507974
0.128205 , 0.230769 , -2.523305
0.128205 , 0.256410 , -2.541024
0.128205 , 0.282051 , -2.560657
0.128205 , 0.307692 , -2.583909
0.128205 , 0.333333 , -2.608214
0.128205 , 0.358974 , -2.632012
0.128205 , 0.384615 , -2.657594
0.128205 , 0.410256 , -2.684229
0.128205 , 0.435897 , -2.713320
0.128205 , 0.461538 , -2.742101
0.128205 , 0.487179 , -2.771515
0.128205 , 0.512821 , -2.801462
0.128205 , 0.538462 , -2.831223
0.128205 , 0.564103 , -2.859388
0.128205 , 0.589744 , -2.886307
0.128205 , 0.615385 , -2.911761
0.128205 , 0.641026 , -2.935924
0.128205 , 0.666667 , -2.958269
0.128205 , 0.692308 , -2.980104
0.128205 , 0.717949 , -3.000175
0.128205 , 0.743590 , -3.018097
0.128205 , 0.769231 , -3.034638
0.128205 , 0.794872 , -3.049222
0.128205 , 0.820513 , -3.062388
0.128205 , 0.846154 , -3.073438
0.128205 , 0.871795 , -3.082711
0.128205 , 0.897436 , -3.089729
0.128205 , 0.923077 , -3.096275
0.128205 , 0.948718 , -3.099440
0.128205 , 0.974359 , -3.101300
0.128205 , 1.000000 , -3.102313
0.153846 , 0.000000 , -2.333278
0.153846 , 0.025641 , -2.334509
0.153846 , 0.051282 , -2.336222
0.153846 , 0.076923 , -2.337612
0.153846 , 0.102564 , -2.340242
0.153846 , 0.128205 , -2.345802
0.153846 , 0.153846 , -2.353865
0.153846 , 0.179487 , -2.364557
0.153846 , 0.205128 , -2.378891
0.153846 , 0.230769 , -2.396262
0.153846 , 0.256410 , -2.417090
0.153846 , 0.282051 , -2.439874
0.153846 , 0.307692 , -2.466097
0.153846 , 0.333333 , -2.495078
0.153846 , 0.358974 , -2.524741
0.153846 , 0.384615 , -2.555677
0.153846 , 0.410256 , -2.587972
0.153846 , 0.435897 , -2.621920
0.153846 , 0.461538 , -2.656316
0.153846 , 0.487179 , -2.691298
0.153846 , 0.512821 , -2.725823
0.153846 , 0.538462 , -2.761038
0.153846 , 0.564103 , -2.794786
0.153846 , 0.589744 , -2.827104
0.153846 , 0.615385 , -2.857958
0.153846 , 0.641026 , -2.887320
0.153846 , 0.666667 , -2.914169
0.153846 , 0.692308 , -2.940001
0.153846 , 0.717949 , -2.963859
0.153846 , 0.743590 , -2.985489
0.153846 , 0.769231 , -3.005778
0.153846 , 0.794872 , -3.023920
0.153846 , 0.820513 , -3.039855
0.153846 , 0.846154 , -3.052693
0.153846 , 0.871795 , -3.062941
0.153846 , 0.897436 , -3.071370
0.153846 , 0.923077 , -3.078628
0.153846 , 0.948718 , -3.083774
0.153846 , 0.974359 , -3.085919
0.153846 , 1.000000 , -3.087423
0.179487 , 0.000000 , -2.189514
0.179487 , 0.025641 , -2.190811
0.179487 , 0.051282 , -2.193629
0.179487 , 0.076923 , -2.196172
0.179487 , 0.102564 , -2.200262
0.179487 , 0.128205 , -2.207038
0.179487 , 0.153846 , -2.216666
0.179487 , 0.179487 , -2.228957
0.179487 , 0.205128 , -2.245671
0.179487 , 0.230769 , -2.265910
0.179487 , 0.256410 , -2.289620
0.179487 , 0.282051 , -2.316460
0.179487 , 0.307692 , -2.346357
0.179487 , 0.333333 , -2.379726
0.179487 , 0.358974 , -2.414443
0.179487 , 0.384615 , -2.450738
0.179487 , 0.410256 , -2.487833
0.179487 , 0.435897 , -2.526738
0.179487 , 0.461538 , -2.566018
0.179487 , 0.487179 , -2.606221
0.179487 , 0.512821 , -2.646067
0.179487 , 0.538462 , -2.686123
0.179487 , 0.564103 , -2.725720
0.179487 , 0.589744 , -2.763383
0.179487 , 0.615385 , -2.799417
0.179487 , 0.641026 , -2.833966
0.179487 , 0.666667 , -2.866094
0.179487 , 0.692308 , -2.896426
0.179487 , 0.717949 , -2.924421
0.179487 , 0.743590 , -2.950304
0.179487 , 0.769231 , -2.974403
0.179487 , 0.794872 , -2.994859
0.179487 , 0.820513 , -3.013322
0.179487 , 0.846154 , -3.028356
0.179487 , 0.871795 , -3.040367
0.179487 , 0.897436 , -3.050181
0.179487 , 0.923077 , -3.057886
0.179487 , 0.948718 , -3.063563
0.179487 , 0.974359 , -3.066742
0.179487 , 1.000000 , -3.067988
0.205128 , 0.000000 , -2.043368
0.205128 , 0.025641 , -2.044242
0.205128 , 0.051282 , -2.047566
0.205128 , 0.076923 , -2.051589
0.205128 , 0.102564 , -2.057315
0.205128 , 0.128205 , -2.065527
0.205128 , 0.153846 , -2.076987
0.205128 , 0.179487 , -2.091930
0.205128 , 0.205128 , -2.111235
0.205128 , 0.230769 , -2.134207
0.205128 , 0.256410 , -2.160778
0.205128 , 0.282051 , -2.191411
0.205128 , 0.307692 , -2.225344
0.205128 , 0.333333 , -2.262530
0.205128 , 0.358974 , -2.301587
0.205128 , 0.384615 , -2.342101
0.205128 , 0.410256 , -2.384398
0.205128 , 0.435897 , -2.427661
0.205128 , 0.461538 , -2.471986
0.205128 , 0.487179 , -2.517223
0.205128 , 0.512821 , -2.563114
0.205128 , 0.538462 , -2.608455
0.205128 , 0.564103 , -2.653325
0.205128 , 0.589744 , -2.696665
0.205128 , 0.615385 , -2.737417
0.205128 , 0.641026 , -2.776621
0.205128 , 0.666667 , -2.814115
0.205128 , 0.692308 , -2.848966
0.205128 , 0.717949 , -2.881489
0.205128 , 0.743590 , -2.910976
0.205128 , 0.769231 , -2.938934
0.205128 , 0.794872 , -2.962552
0.205128 , 0.820513 , -2.984362
0.205128 , 0.846154 , -3.000973
0.205128 , 0.871795 , -3.014970
0.205128 , 0.897436 , -3.026374
0.205128 , 0.923077 , -3.034411
0.205128 , 0.948718 , -3.040549
0.205128 , 0.974359 , -3.044279
0.205128 , 1.000000 , -3.046565
0.230769 , 0.000000 , -1.895347
0.230769 , 0.025641 , -1.895945
0.230769 , 0.051282 , -1.899765
0.230769 , 0.076923 , -1.904862
0.230769 , 0.102564 , -1.912191
0.230769 , 0.128205 , -1.922346
0.230769 , 0.153846 , -1.935746
0.230769 , 0.179487 , -1.953380
0.230769 , 0.205128 , -1.975671
0.230769 , 0.230769 , -2.002039
0.230769 , 0.256410 , -2.031334
0.230769 , 0.282051 , -2.064682
0.230769 , 0.307692 , -2.102282
0.230769 , 0.333333 , -2.142906
0.230769 , 0.358974 , -2.185484
0.230769 , 0.384615 , -2.230357
0.230769 , 0.410256 , -2.277611
0.230769 , 0.435897 , -2.325756
0.230769 , 0.461538 , -2.375205
0.230769 , 0.487179 , -2.425329
0.230769 , 0.512821 , -2.476649
0.230769 , 0.538462 , -2.527594
0.230769 , 0.564103 , -2.577606
0.230769 , 0.589744 , -2.626325
0.230769 , 0.615385 , -2.672940
0.230769 , 0.641026 , -2.716992
0.230769 , 0.666667 , -2.759504
0.230769 , 0.692308 , -2.798964
0.230769 , 0.717949 , -2.836282
0.230769 , 0.743590 , -2.869095
0.230769 , 0.769231 , -2.900333
0.230769 , 0.794872 , -2.927571
0.230769 , 0.820513 , -2.951480
0.230769 , 0.846154 , -2.971069
0.230769 , 0.871795 , -2.986616
0.230769 , 0.897436 , -2.999877
0.230769 , 0.923077 , -3.009846
0.230769 , 0.948718 , -3.016259
0.230769 , 0.974359 , -3.020438
0.230769 , 1.000000 , -3.022781
0.256410 , 0.000000 , -1.744905
0.256410 , 0.025641 , -1.745209
0.256410 , 0.051282 , -1.749263
0.256410 , 0.076923 , -1.756055
0.256410 , 0.102564 , -1.764739
0.256410 , 0.128205 , -1.776979
0.256410 , 0.153846 , -1.792927
0.256410 , 0.179487 , -1.813222
0.256410 , 0.205128 , -1.838306
0.256410 , 0.230769 , -1.867973
0.256410 , 0.256410 , -1.900609
0.256410 , 0.282051 , -1.936938
0.256410 , 0.307692 , -1.977589
0.256410 , 0.333333 , -2.021365
0.256410 , 0.358974 , -2.067847
0.256410 , 0.384615 , -2.116649
0.256410 , 0.410256 , -2.168651
0.256410 , 0.435897 , -2.222421
0.256410 , 0.461538 , -2.276668
0.256410 , 0.487179 , -2.331639
0.256410 , 0.512821 , -2.388045
0.256410 , 0.538462 , -2.444664
0.256410 , 0.564103 , -2.499763
0.256410 , 0.589744 , -2.553603
0.256410 , 0.615385 , -2.605525
0.256410 , 0.641026 , -2.654489
0.256410 , 0.666667 , -2.701733
0.256410 , 0.692308 , -2.746353
0.256410 , 0.717949 , -2.788199
0.256410 , 0.743590 , -2.826168
0.256410 , 0.769231 , -2.860827
0.256410 , 0.794872 , -2.891355
0.256410 , 0.820513 , -2.917382
0.256410 , 0.846154 , -2.938822
0.256410 , 0.871795 , -2.957025
0.256410 , 0.897436 , -2.972889
0.256410 , 0.923077 , -2.984784
0.256410 , 0.948718 , -2.992139
0.256410 , 0.974359 , -2.996192
0.256410 , 1.000000 , -2.998565
0.282051 , 0.000000 , -1.591122
0.282051 , 0.025641 , -1.592204
0.282051 , 0.051282 , -1.596204
0.282051 , 0.076923 , -1.604009
0.282051 , 0.102564 , -1.615082
0.282051 , 0.128205 , -1.629710
0.282051 , 0.153846 , -1.649194
0.282051 , 0.179487 , -1.672789
0.282051 , 0.205128 , -1.700673
0.282051 , 0.230769 , -1.733030
0.282051 , 0.256410 , -1.768831
0.282051 , 0.282051 , -1.807507
0.282051 , 0.307692 , -1.851230
0.282051 , 0.333333 , -1.899127
0.282051 , 0.358974 , -1.949606
0.282051 , 0.384615 , -2.002992
0.282051 , 0.410256 , -2.059758
0.282051 , 0.435897 , -2.118110
0.282051 , 0.461538 , -2.177392
0.282051 , 0.487179 , -2.237033
0.282051 , 0.512821 , -2.298310
0.282051 , 0.538462 , -2.360140
0.282051 , 0.564103 , -2.421002
0.282051 , 0.589744 , -2.479704
0.282051 , 0.615385 , -2.536666
0.282051 , 0.641026 , -2.590821
0.282051 , 0.666667 , -2.642634
0.282051 , 0.692308 , -2.692080
0.282051 , 0.717949 , -2.738435
0.282051 , 0.743590 , -2.780809
0.282051 , 0.769231 , -2.819690
0.282051 , 0.794872 , -2.853789
0.282051 , 0.820513 , -2.883287
0.282051 , 0.846154 , -2.907996
0.282051 , 0.871795 , -2.928680
0.282051 , 0.897436 , -2.946334
0.282051 , 0.923077 , -2.960505
0.282051 , 0.948718 , -2.969070
0.282051 , 0.974359 , -2.973532
0.282051 , 1.000000 , -2.974748
0.307692 , 0.000000 , -1.436344
0.307692 , 0.025641 , -1.437402
0.307692 , 0.051282 , -1.442297
0.307692 , 0.076923 , -1.450484
0.307692 , 0.102564 , -1.463514
0.307692 , 0.128205 , -1.480447
0.307692 , 0.153846 , -1.502483
0.307692 , 0.179487 , -1.529157
0.307692 , 0.205128 , -1.561030
0.307692 , 0.230769 , -1.596395
0.307692 , 0.256410 , -1.635691
0.307692 , 0.282051 , -1.678026
0.307692 , 0.307692 , -1.724551
0.307692 , 0.333333 , -1.776327
0.307692 , 0.358974 , -1.831737
0.307692 , 0.384615 , -1.889153
0.307692 , 0.410256 , -1.949982
0.307692 , 0.435897 , -2.012884
0.307692 , 0.461538 , -2.077200
0.307692 , 0.487179 , -2.142113
0.307692 , 0.512821 , -2.208573
0.307692 , 0.538462 , -2.275264
0.307692 , 0.564103 , -2.340914
0.307692 , 0.589744 , -2.405020
0.307692 , 0.615385 , -2.467799
0.307692 , 0.641026 , -2.527447
0.307692 , 0.666667 , -2.583810
0.307692 , 0.692308 , -2.637911
0.307692 , 0.717949 , -2.689099
0.307692 , 0.743590 , -2.736055
0.307692 , 0.769231 , -2.778283
0.307692 , 0.794872 , -2.816247
0.307692 , 0.820513 , -2.849153
0.307692 , 0.846154 , -2.878039
0.307692 , 0.871795 , -2.901887
0.307692 , 0.897436 , -2.921777
0.307692 , 0.923077 , -2.936730
0.307692 , 0.948718 , -2.946390
0.307692 , 0.974359 , -2.952555
0.307692 , 1.000000 , -2.954422
0.333333 , 0.000000 , -1.279114
0.333333 , 0.025641 , -1.280721
0.333333 , 0.051282 , -1.286218
0.333333 , 0.076923 , -1.296101
0.333333 , 0.102564 , -1.309920
0.333333 , 0.128205 , -1.329019
0.333333 , 0.153846 , -1.353138
0.333333 , 0.179487 , -1.383050
0.333333 , 0.205128 , -1.418681
0.333333 , 0.230769 , -1.458372
0.333333 , 0.256410 , -1.501197
0.333333 , 0.282051 , -1.547692
0.333333 , 0.307692 , -1.598144
0.333333 , 0.333333 , -1.653425
0.333333 , 0.358974 , -1.712854
0.333333 , 0.384615 , -1.774944
0.333333 , 0.410256 , -1.840009
0.333333 , 0.435897 , -1.907895
0.333333 , 0.461538 , -1.977244
0.333333 , 0.487179 , -2.047799
0.333333 , 0.512821 , -2.119341
0.333333 , 0.538462 , -2.190585
0.333333 , 0.564103 , -2.261623
0.333333 , 0.589744 , -2.331445
0.333333 , 0.615385 , -2.399332
0.333333 , 0.641026 , -2.464285
0.333333 , 0.666667 , -2.525990
0.333333 , 0.692308 , -2.584564
0.333333 , 0.717949 , -2.639918
0.333333 , 0.743590 , -2.692330
0.333333 , 0.769231 , -2.739248
0.333333 , 0.794872 , -2.780171
0.333333 , 0.820513 , -2.816180
0.333333 , 0.846154 , -2.848208
0.333333 , 0.871795 , -2.875625
0.333333 , 0.897436 , -2.898204
0.333333 , 0.923077 , -2.915081
0.333333 , 0.948718 , -2.926345
0.333333 , 0.974359 , -2.933484
0.333333 , 1.000000 , -2.936251
0.358974 , 0.000000 , -1.117713
0.358974 , 0.025641 , -1.119536
0.358974 , 0.051282 , -1.126373
0.358974 , 0.076923 , -1.137858
0.358974 , 0.102564 , -1.153495
0.358974 , 0.128205 , -1.174534
0.358974 , 0.153846 , -1.201775
0.358974 , 0.179487 , -1.234910
0.358974 , 0.205128 , -1.274200
0.358974 , 0.230769 , -1.317083
0.358974 , 0.256410 , -1.364153
0.358974 , 0.282051 , -1.415454
0.358974 , 0.307692 , -1.470492
0.358974 , 0.333333 , -1.530030
0.358974 , 0.358974 , -1.593937
0.358974 , 0.384615 , -1.660845
0.358974 , 0.410256 , -1.730895
0.358974 , 0.435897 , -1.803731
0.358974 , 0.461538 , -1.878347
0.358974 , 0.487179 , -1.954354
0.358974 , 0.512821 , -2.030995
0.358974 , 0.538462 , -2.107429
0.358974 , 0.564103 , -2.183526
0.358974 , 0.589744 , -2.258714
0.358974 , 0.615385 , -2.332393
0.358974 , 0.641026 , -2.402889
0.358974 , 0.666667 , -2.469777
0.358974 , 0.692308 , -2.533589
0.358974 , 0.717949 , -2.594100
0.358974 , 0.743590 , -2.650015
0.358974 , 0.769231 , -2.700940
0.358974 , 0.794872 , -2.745760
0.358974 , 0.820513 , -2.785536
0.358974 , 0.846154 , -2.820925
0.358974 , 0.871795 , -2.851370
0.358974 , 0.897436 , -2.875907
0.358974 , 0.923077 , -2.895614
0.358974 , 0.948718 , -2.909003
0.358974 , 0.974359 , -2.916795
0.358974 , 1.000000 , -2.919763
0.384615 , 0.000000 , -0.952337
0.384615 , 0.025641 , -0.955131
0.384615 , 0.051282 , -0.963014
0.384615 , 0.076923 , -0.975762
0.384615 , 0.102564 , -0.993153
0.384615 , 0.128205 , -1.017548
0.384615 , 0.153846 , -1.047662
0.384615 , 0.179487 , -1.084473
0.384615 , 0.205128 , -1.127046
0.384615 , 0.230769 , -1.173731
0.384615 , 0.256410 , -1.224549
0.384615 , 0.282051 , -1.281272
0.384615 , 0.307692 , -1.341331
0.384615 , 0.333333 , -1.406562
0.384615 , 0.358974 , -1.475356
0.384615 , 0.384615 , -1.547023
0.384615 , 0.410256 , -1.622711
0.384615 , 0.435897 , -1.700423
0.384615 , 0.461538 , -1.780256
0.384615 , 0.487179 , -1.861971
0.384615 , 0.512821 , -1.944495
0.384615 , 0.538462 , -2.026941
0.384615 , 0.564103 , -2.108356
0.384615 , 0.589744 , -2.188835
0.384615 , 0.615385 , -2.267935
0.384615 , 0.641026 , -2.343813
0.384615 , 0.666667 , -2.416462
0.384615 , 0.692308 , -2.485534
0.384615 , 0.717949 , -2.550357
0.384615 , 0.743590 , -2.610332
0.384615 , 0.769231 , -2.665295
0.384615 , 0.794872 , -2.714468
0.384615 , 0.820513 , -2.758432
0.384615 , 0.846154 , -2.797539
0.384615 , 0.871795 , -2.830386
0.384615 , 0.897436 , -2.857490
0.384615 , 0.923077 , -2.879179
0.384615 , 0.948718 , -2.894374
0.384615 , 0.974359 , -2.903193
0.384615 , 1.000000 , -2.906296
0.410256 , 0.000000 , -0.783754
0.410256 , 0.025641 , -0.786823
0.410256 , 0.051282 , -0.795385
0.410256 , 0.076923 , -0.809211
0.410256 , 0.102564 , -0.829592
0.410256 , 0.128205 , -0.857337
0.410256 , 0.153846 , -0.891443
0.410256 , 0.179487 , -0.931809
0.410256 , 0.205128 , -0.977382
0.410256 , 0.230769 , -1.028472
0.410256 , 0.256410 , -1.083634
0.410256 , 0.282051 , -1.145020
0.410256 , 0.307692 , -1.210610
0.410256 , 0.333333 , -1.280697
0.410256 , 0.358974 , -1.355127
0.410256 , 0.384615 , -1.433096
0.410256 , 0.410256 , -1.514865
0.410256 , 0.435897 , -1.598466
0.410256 , 0.461538 , -1.683786
0.410256 , 0.487179 , -1.771127
0.410256 , 0.512821 , -1.859425
0.410256 , 0.538462 , -1.948029
0.410256 , 0.564103 , -2.035284
0.410256 , 0.589744 , -2.121652
0.410256 , 0.615385 , -2.206163
0.410256 , 0.641026 , -2.287145
0.410256 , 0.666667 , -2.365339
0.410256 , 0.692308 , -2.440022
0.410256 , 0.717949 , -2.509934
0.410256 , 0.743590 , -2.574916
0.410256 , 0.769231 , -2.635036
0.410256 , 0.794872 , -2.688701
0.410256 , 0.820513 , -2.736827
0.410256 , 0.846154 , -2.779306
0.410256 , 0.871795 , -2.814560
0.410256 , 0.897436 , -2.843822
0.410256 , 0.923077 , -2.867329
0.410256 , 0.948718 , -2.884464
0.410256 , 0.974359 , -2.894987
0.410256 , 1.000000 , -2.897956
0.435897 , 0.000000 , -0.611783
0.435897 , 0.025641 , -0.615023
0.435897 , 0.051282 , -0.624510
0.435897 , 0.076923 , -0.640135
0.435897 , 0.102564 , -0.662778
0.435897 , 0.128205 , -0.693527
0.435897 , 0.153846 , -0.731395
0.435897 , 0.179487 , -0.775760
0.435897 , 0.205128 , -0.825260
0.435897 , 0.230769 , -0.880543
0.435897 , 0.256410 , -0.940502
0.435897 , 0.282051 , -1.006784
0.435897 , 0.307692 , -1.078244
0.435897 , 0.333333 , -1.154332
0.435897 , 0.358974 , -1.234916
0.435897 , 0.384615 , -1.319303
0.435897 , 0.410256 , -1.407203
0.435897 , 0.435897 , -1.497450
0.435897 , 0.461538 , -1.588780
0.435897 , 0.487179 , -1.682203
0.435897 , 0.512821 , -1.776356
0.435897 , 0.538462 , -1.871308
0.435897 , 0.564103 , -1.965168
0.435897 , 0.589744 , -2.057253
0.435897 , 0.615385 , -2.147301
0.435897 , 0.641026 , -2.234515
0.435897 , 0.666667 , -2.318062
0.435897 , 0.692308 , -2.398303
0.435897 , 0.717949 , -2.474537
0.435897 , 0.743590 , -2.545183
0.435897 , 0.769231 , -2.610194
0.435897 , 0.794872 , -2.668789
0.435897 , 0.820513 , -2.721183
0.435897 , 0.846154 , -2.767003
0.435897 , 0.871795 , -2.805316
0.435897 , 0.897436 , -2.836857
0.435897 , 0.923077 , -2.862074
0.435897 , 0.948718 , -2.880709
0.435897 , 0.974359 , -2.892186
0.435897 , 1.000000 , -2.895457
0.461538 , 0.000000 , -0.436573
0.461538 , 0.025641 , -0.439926
0.461538 , 0.051282 , -0.450805
0.461538 , 0.076923 , -0.468775
0.461538 , 0.102564 , -0.493545
0.461538 , 0.128205 , -0.527325
0.461538 , 0.153846 , -0.568214
0.461538 , 0.179487 , -0.616291
0.461538 , 0.205128 , -0.670322
0.461538 , 0.230769 , -0.730181
0.461538 , 0.256410 , -0.796146
0.461538 , 0.282051 , -0.867587
0.461538 , 0.307692 , -0.945020
0.461538 , 0.333333 , -1.027396
0.461538 , 0.358974 , -1.114302
0.461538 , 0.384615 , -1.204891
0.461538 , 0.410256 , -1.299475
0.461538 , 0.435897 , -1.396897
0.461538 , 0.461538 , -1.495270
0.461538 , 0.487179 , -1.595171
0.461538 , 0.512821 , -1.696290
0.461538 , 0.538462 , -1.797927
0.461538 , 0.564103 , -1.898402
0.461538 , 0.589744 , -1.997084
0.461538 , 0.615385 , -2.093245
0.461538 , 0.641026 , -2.186581
0.461538 , 0.666667 , -2.276534
0.461538 , 0.692308 , -2.362427
0.461538 , 0.717949 , -2.444454
0.461538 , 0.743590 , -2.521223
0.461538 , 0.769231 , -2.591509
0.461538 , 0.794872 , -2.654808
0.461538 , 0.820513 , -2.711274
0.461538 , 0.846154 , -2.761119
0.461538 , 0.871795 , -2.803320
0.461538 , 0.897436 , -2.837340
0.461538 , 0.923077 , -2.863963
0.461538 , 0.948718 , -2.883701
0.461538 , 0.974359 , -2.895886
0.461538 , 1.000000 , -2.900055
0.487179 , 0.000000 , -0.257382
0.487179 , 0.025641 , -0.261327
0.487179 , 0.051282 , -0.273503
0.487179 , 0.076923 , -0.292802
0.487179 , 0.102564 , -0.320896
0.487179 , 0.128205 , -0.357918
0.487179 , 0.153846 , -0.402584
0.487179 , 0.179487 , -0.453901
0.487179 , 0.205128 , -0.512129
0.487179 , 0.230769 , -0.576990
0.487179 , 0.256410 , -0.648932
0.487179 , 0.282051 , -0.726697
0.487179 , 0.307692 , -0.810436
0.487179 , 0.333333 , -0.899545
0.487179 , 0.358974 , -0.993131
0.487179 , 0.384615 , -1.090992
0.487179 , 0.410256 , -1.192801
0.487179 , 0.435897 , -1.297524
0.487179 , 0.461538 , -1.403608
0.487179 , 0.487179 , -1.510574
0.487179 , 0.512821 , -1.619408
0.487179 , 0.538462 , -1.728833
0.487179 , 0.564103 , -1.836031
0.487179 , 0.589744 , -1.941796
0.487179 , 0.615385 , -2.045626
0.487179 , 0.641026 , -2.145698
0.487179 , 0.666667 , -2.242397
0.487179 , 0.692308 , -2.335106
0.487179 , 0.717949 , -2.422718
0.487179 , 0.743590 , -2.504678
0.487179 , 0.769231 , -2.580185
0.487179 , 0.794872 , -2.648032
0.487179 , 0.820513 , -2.708969
0.487179 , 0.846154 , -2.762349
0.487179 , 0.871795 , -2.807970
0.487179 , 0.897436 , -2.845216
0.487179 , 0.923077 , -2.873291
0.487179 , 0.948718 , -2.893748
0.487179 , 0.974359 , -2.907341
0.487179 , 1.000000 , -2.912195
0.512821 , 0.000000 , -0.074538
0.512821 , 0.025641 , -0.078082
0.512821 , 0.051282 , -0.091300
0.512821 , 0.076923 , -0.112240
0.512821 , 0.102564 , -0.143274
0.512821 , 0.128205 , -0.183110
0.512821 , 0.153846 , -0.231409
0.512821 , 0.179487 , -0.287232
0.512821 , 0.205128 , -0.350029
0.512821 , 0.230769 , -0.420483
0.512821 , 0.256410 , -0.498389
0.512821 , 0.282051 , -0.582949
0.512821 , 0.307692 , -0.673893
0.512821 , 0.333333 , -0.770180
0.512821 , 0.358974 , -0.871138
0.512821 , 0.384615 , -0.976800
0.512821 , 0.410256 , -1.086379
0.512821 , 0.435897 , -1.199114
0.512821 , 0.461538 , -1.313597
0.512821 , 0.487179 , -1.429372
0.512821 , 0.512821 , -1.546538
0.512821 , 0.538462 , -1.663702
0.512821 , 0.564103 , -1.778865
0.512821 , 0.589744 , -1.892233
0.512821 , 0.615385 , -2.003815
0.512821 , 0.641026 , -2.111375
0.512821 , 0.666667 , -2.215391
0.512821 , 0.692308 , -2.314746
0.512821 , 0.717949 , -2.408887
0.512821 , 0.743590 , -2.496442
0.512821 , 0.769231 , -2.577675
0.512821 , 0.794872 , -2.650378
0.512821 , 0.820513 , -2.715567
0.512821 , 0.846154 , -2.772464
0.512821 , 0.871795 , -2.821203
0.512821 , 0.897436 , -2.860921
0.512821 , 0.923077 , -2.890921
0.512821 , 0.948718 , -2.913781
0.512821 , 0.974359 , -2.928332
0.512821 , 1.000000 , -2.933580
0.538462 , 0.000000 , 0.115120
0.538462 , 0.025641 , 0.110375
0.538462 , 0.051282 , 0.096536
0.538462 , 0.076923 , 0.072884
0.538462 , 0.102564 , 0.039747
0.538462 , 0.128205 , -0.003646
0.538462 , 0.153846 , -0.055555
0.538462 , 0.179487 , -0.115438
0.538462 , 0.205128 , -0.183660
0.538462 , 0.230769 , -0.260258
0.538462 , 0.256410 , -0.344683
0.538462 , 0.282051 , -0.435901
0.538462 , 0.307692 , -0.533859
0.538462 , 0.333333 , -0.638006
0.538462 , 0.358974 , -0.747121
0.538462 , 0.384615 , -0.861137
0.538462 , 0.410256 , -0.979147
0.538462 , 0.435897 , -1.101026
0.538462 , 0.461538 , -1.225111
0.538462 , 0.487179 , -1.350608
0.538462 , 0.512821 , -1.477508
0.538462 , 0.538462 , -1.603351
0.538462 , 0.564103 , -1.727280
0.538462 , 0.589744 , -1.849663
0.538462 , 0.615385 , -1.969052
0.538462 , 0.641026 , -2.084676
0.538462 , 0.666667 , -2.196504
0.538462 , 0.692308 , -2.303115
0.538462 , 0.717949 , -2.403938
0.538462 , 0.743590 , -2.497533
0.538462 , 0.769231 , -2.583936
0.538462 , 0.794872 , -2.661993
0.538462 , 0.820513 , -2.731678
0.538462 , 0.846154 , -2.792572
0.538462 , 0.871795 , -2.844349
0.538462 , 0.897436 , -2.886541
0.538462 , 0.923077 , -2.918956
0.538462 , 0.948718 , -2.943719
0.538462 , 0.974359 , -2.959335
0.538462 , 1.000000 , -2.964623
0.564103 , 0.000000 , 0.312490
0.564103 , 0.025641 , 0.306906
0.564103 , 0.051282 , 0.290789
0.564103 , 0.076923 , 0.264560
0.564103 , 0.102564 , 0.228679
0.564103 , 0.128205 , 0.182061
0.564103 , 0.153846 , 0.126268
0.564103 , 0.179487 , 0.061697
0.564103 , 0.205128 , -0.011428
0.564103 , 0.230769 , -0.093942
0.564103 , 0.256410 , -0.185297
0.564103 , 0.282051 , -0.283886
0.564103 , 0.307692 , -0.389919
0.564103 , 0.333333 , -0.502115
0.564103 , 0.358974 , -0.620491
0.564103 , 0.384615 , -0.743724
0.564103 , 0.410256 , -0.871710
0.564103 , 0.435897 , -1.004112
0.564103 , 0.461538 , -1.139113
0.564103 , 0.487179 , -1.275218
0.564103 , 0.512821 , -1.412445
0.564103 , 0.538462 , -1.548772
0.564103 , 0.564103 , -1.682531
0.564103 , 0.589744 , -1.814670
0.564103 , 0.615385 , -1.943211
0.564103 , 0.641026 , -2.067610
0.564103 , 0.666667 , -2.187518
0.564103 , 0.692308 , -2.302252
0.564103 , 0.717949 , -2.410354
0.564103 , 0.743590 , -2.510478
0.564103 , 0.769231 , -2.601755
0.564103 , 0.794872 , -2.684380
0.564103 , 0.820513 , -2.758232
0.564103 , 0.846154 , -2.823408
0.564103 , 0.871795 , -2.878869
0.564103 , 0.897436 , -2.923856
0.564103 , 0.923077 , -2.958902
0.564103 , 0.948718 , -2.985071
0.564103 , 0.974359 , -3.002028
0.564103 , 1.000000 , -3.007333
0.589744 , 0.000000 , 0.516012
0.589744 , 0.025641 , 0.509494
0.589744 , 0.051282 , 0.491718
0.589744 , 0.076923 , 0.462976
0.589744 , 0.102564 , 0.424587
0.589744 , 0.128205 , 0.374994
0.589744 , 0.153846 , 0.315593
0.589744 , 0.179487 , 0.246363
0.589744 , 0.205128 , 0.167736
0.589744 , 0.230769 , 0.079999
0.589744 , 0.256410 , -0.018517
0.589744 , 0.282051 , -0.125135
0.589744 , 0.307692 , -0.240077
0.589744 , 0.333333 , -0.362118
0.589744 , 0.358974 , -0.490683
0.589744 , 0.384615 , -0.624427
0.589744 , 0.410256 , -0.763368
0.589744 , 0.435897 , -0.907326
0.589744 , 0.461538 , -1.054430
0.589744 , 0.487179 , -1.202430
0.589744 , 0.512821 , -1.351312
0.589744 , 0.538462 , -1.499165
0.589744 , 0.564103 , -1.644981
0.589744 , 0.589744 , -1.787873
0.589744 , 0.615385 , -1.926266
0.589744 , 0.641026 , -2.060369
0.589744 , 0.666667 , -2.189808
0.589744 , 0.692308 , -2.313061
0.589744 , 0.717949 , -2.428429
0.589744 , 0.743590 , -2.535371
0.589744 , 0.769231 , -2.632450
0.589744 , 0.794872 , -2.719766
0.589744 , 0.820513 , -2.797651
0.589744 , 0.846154 , -2.866468
0.589744 , 0.871795 , -2.925764
0.589744 , 0.897436 , -2.974007
0.589744 , 0.923077 , -3.011840
0.589744 , 0.948718 , -3.038676
0.589744 , 0.974359 , -3.056204
0.589744 , 1.000000 , -3.062229
0.615385 , 0.000000 , 0.725012
0.615385 , 0.025641 , 0.718059
0.615385 , 0.051282 , 0.699176
0.615385 , 0.076923 , 0.668802
0.615385 , 0.102564 , 0.627973
0.615385 , 0.128205 , 0.575944
0.615385 , 0.153846 , 0.512554
0.615385 , 0.179487 , 0.438696
0.615385 , 0.205128 , 0.354536
0.615385 , 0.230769 , 0.260424
0.615385 , 0.256410 , 0.155265
0.615385 , 0.282051 , 0.039453
0.615385 , 0.307692 , -0.084954
0.615385 , 0.333333 , -0.217520
0.615385 , 0.358974 , -0.357252
0.615385 , 0.384615 , -0.502930
0.615385 , 0.410256 , -0.653771
0.615385 , 0.435897 , -0.810512
0.615385 , 0.461538 , -0.970791
0.615385 , 0.487179 , -1.132767
0.615385 , 0.512821 , -1.294622
0.615385 , 0.538462 , -1.455574
0.615385 , 0.564103 , -1.613737
0.615385 , 0.589744 , -1.769143
0.615385 , 0.615385 , -1.919531
0.615385 , 0.641026 , -2.064326
0.615385 , 0.666667 , -2.204466
0.615385 , 0.692308 , -2.336993
0.615385 , 0.717949 , -2.460369
0.615385 , 0.743590 , -2.573867
0.615385 , 0.769231 , -2.677040
0.615385 , 0.794872 , -2.769647
0.615385 , 0.820513 , -2.852133
0.615385 , 0.846154 , -2.923898
0.615385 , 0.871795 , -2.986534
0.615385 , 0.897436 , -3.037494
0.615385 , 0.923077 , -3.077410
0.615385 , 0.948718 , -3.105965
0.615385 , 0.974359 , -3.123893
0.615385 , 1.000000 , -3.129666
0.641026 , 0.000000 , 0.941465
0.641026 , 0.025641 , 0.934063
0.641026 , 0.051282 , 0.913506
0.641026 , 0.076923 , 0.882130
0.641026 , 0.102564 , 0.839232
0.641026 , 0.128205 , 0.784467
0.641026 , 0.153846 , 0.717500
0.641026 , 0.179487 , 0.638683
0.641026 , 0.205128 , 0.548911
0.641026 , 0.230769 , 0.447430
0.641026 , 0.256410 , 0.335059
0.641026 , 0.282051 , 0.210730
0.641026 , 0.307692 , 0.076129
0.641026 , 0.333333 , -0.067754
0.641026 , 0.358974 , -0.219478
0.641026 , 0.384615 , -0.378454
0.641026 , 0.410256 , -0.542712
0.641026 , 0.435897 , -0.713628
0.641026 , 0.461538 , -0.888194
0.641026 , 0.487179 , -1.065233
0.641026 , 0.512821 , -1.242168
0.641026 , 0.538462 , -1.417812
0.641026 , 0.564103 , -1.590255
0.641026 , 0.589744 , -1.759118
0.641026 , 0.615385 , -1.922839
0.641026 , 0.641026 , -2.079715
0.641026 , 0.666667 , -2.230697
0.641026 , 0.692308 , -2.372963
0.641026 , 0.717949 , -2.505406
0.641026 , 0.743590 , -2.626770
0.641026 , 0.769231 , -2.736866
0.641026 , 0.794872 , -2.835110
0.641026 , 0.820513 , -2.922519
0.641026 , 0.846154 , -2.997955
0.641026 , 0.871795 , -3.062841
0.641026 , 0.897436 , -3.116379
0.641026 , 0.923077 , -3.158202
0.641026 , 0.948718 , -3.188106
0.641026 , 0.974359 , -3.205549
0.641026 , 1.000000 , -3.210939
0.666667 , 0.000000 , 1.163603
0.666667 , 0.025641 , 1.156785
0.666667 , 0.051282 , 1.135961
0.666667 , 0.076923 , 1.103302
0.666667 , 0.102564 , 1.058709
0.666667 , 0.128205 , 1.000826
0.666667 , 0.153846 , 0.930461
0.666667 , 0.179487 , 0.847802
0.666667 , 0.205128 , 0.752014
0.666667 , 0.230769 , 0.643624
0.666667 , 0.256410 , 0.522863
0.666667 , 0.282051 , 0.389482
0.666667 , 0.307692 , 0.244507
0.666667 , 0.333333 , 0.089249
0.666667 , 0.358974 , -0.075858
0.666667 , 0.384615 , -0.249681
0.666667 , 0.410256 , -0.429718
0.666667 , 0.435897 , -0.616206
0.666667 , 0.461538 , -0.806742
0.666667 , 0.487179 , -1.000141
0.666667 , 0.512821 , -1.193885
0.666667 , 0.538462 , -1.386380
0.666667 , 0.564103 , -1.575158
0.666667 , 0.589744 , -1.759170
0.666667 , 0.615385 , -1.937662
0.666667 , 0.641026 , -2.107971
0.666667 , 0.666667 , -2.270609
0.666667 , 0.692308 , -2.424260
0.666667 , 0.717949 , -2.566413
0.666667 , 0.743590 , -2.696197
0.666667 , 0.769231 , -2.813369
0.666667 , 0.794872 , -2.918049
0.666667 , 0.820513 , -3.009922
0.666667 , 0.846154 , -3.088770
0.666667 , 0.871795 , -3.155871
0.666667 , 0.897436 , -3.211652
0.666667 , 0.923077 , -3.255256
0.666667 , 0.948718 , -3.285801
0.666667 , 0.974359 , -3.303406
0.666667 , 1.000000 , -3.308415
0.692308 , 0.000000 , 1.394855
0.692308 , 0.025641 , 1.387684
0.692308 , 0.051282 , 1.366934
0.692308 , 0.076923 , 1.333423
0.692308 , 0.102564 , 1.287093
0.692308 , 0.128205 , 1.226893
0.692308 , 0.153846 , 1.153674
0.692308 , 0.179487 , 1.066519
0.692308 , 0.205128 , 0.964945
0.692308 , 0.230769 , 0.850317
0.692308 , 0.256410 , 0.720864
0.692308 , 0.282051 , 0.578412
0.692308 , 0.307692 , 0.422568
0.692308 , 0.333333 , 0.254688
0.692308 , 0.358974 , 0.075133
0.692308 , 0.384615 , -0.115115
0.692308 , 0.410256 , -0.313056
0.692308 , 0.435897 , -0.517263
0.692308 , 0.461538 , -0.725751
0.692308 , 0.487179 , -0.937894
0.692308 , 0.512821 , -1.150516
0.692308 , 0.538462 , -1.362437
0.692308 , 0.564103 , -1.569816
0.692308 , 0.589744 , -1.771315
0.692308 , 0.615385 , -1.965877
0.692308 , 0.641026 , -2.150943
0.692308 , 0.666667 , -2.327119
0.692308 , 0.692308 , -2.492169
0.692308 , 0.717949 , -2.644532
0.692308 , 0.743590 , -2.783599
0.692308 , 0.769231 , -2.908411
0.692308 , 0.794872 , -3.019309
0.692308 , 0.820513 , -3.115551
0.692308 , 0.846154 , -3.198105
0.692308 , 0.871795 , -3.267332
0.692308 , 0.897436 , -3.324745
0.692308 , 0.923077 , -3.369091
0.692308 , 0.948718 , -3.399012
0.692308 , 0.974359 , -3.417093
0.692308 , 1.000000 , -3.422846
0.717949 , 0.000000 , 1.634273
0.717949 , 0.025641 , 1.627117
0.717949 , 0.051282 , 1.606311
0.717949 , 0.076923 , 1.572586
0.717949 , 0.102564 , 1.525594
0.717949 , 0.128205 , 1.463929
0.717949 , 0.153846 , 1.388029
0.717949 , 0.179487 , 1.297138
0.717949 , 0.205128 , 1.190418
0.717949 , 0.230769 , 1.069476
0.717949 , 0.256410 , 0.931644
0.717949 , 0.282051 , 0.779465
0.717949 , 0.307692 , 0.612355
0.717949 , 0.333333 , 0.429891
0.717949 , 0.358974 , 0.233584
0.717949 , 0.384615 , 0.025448
0.717949 , 0.410256 , -0.191953
0.717949 , 0.435897 , -0.415396
0.717949 , 0.461538 , -0.644666
0.717949 , 0.487179 , -0.877863
0.717949 , 0.512821 , -1.111821
0.717949 , 0.538462 , -1.344938
0.717949 , 0.564103 , -1.573837
0.717949 , 0.589744 , -1.795296
0.717949 , 0.615385 , -2.008071
0.717949 , 0.641026 , -2.209954
0.717949 , 0.666667 , -2.400243
0.717949 , 0.692308 , -2.577885
0.717949 , 0.717949 , -2.741055
0.717949 , 0.743590 , -2.890244
0.717949 , 0.769231 , -3.023624
0.717949 , 0.794872 , -3.140748
0.717949 , 0.820513 , -3.241326
0.717949 , 0.846154 , -3.327239
0.717949 , 0.871795 , -3.398512
0.717949 , 0.897436 , -3.456296
0.717949 , 0.923077 , -3.500266
0.717949 , 0.948718 , -3.529817
0.717949 , 0.974359 , -3.547884
0.717949 , 1.000000 , -3.554484
0.743590 , 0.000000 , 1.882400
0.743590 , 0.025641 , 1.875245
0.743590 , 0.051282 , 1.854768
0.743590 , 0.076923 , 1.821780
0.743590 , 0.102564 , 1.774893
0.743590 , 0.128205 , 1.713026
0.743590 , 0.153846 , 1.635568
0.743590 , 0.179487 , 1.541161
0.743590 , 0.205128 , 1.430232
0.743590 , 0.230769 , 1.302662
0.743590 , 0.256410 , 1.157023
0.743590 , 0.282051 , 0.993885
0.743590 , 0.307692 , 0.813030
0.743590 , 0.333333 , 0.615394
0.743590 , 0.358974 , 0.401557
0.743590 , 0.384615 , 0.173600
0.743590 , 0.410256 , -0.065125
0.743590 , 0.435897 , -0.310875
0.743590 , 0.461538 , -0.563532
0.743590 , 0.487179 , -0.820984
0.743590 , 0.512821 , -1.079344
0.743590 , 0.538462 , -1.336558
0.743590 , 0.564103 , -1.588945
0.743590 , 0.589744 , -1.832479
0.743590 , 0.615385 , -2.065318
0.743590 , 0.641026 , -2.287046
0.743590 , 0.666667 , -2.494307
0.743590 , 0.692308 , -2.685990
0.743590 , 0.717949 , -2.861166
0.743590 , 0.743590 , -3.020128
0.743590 , 0.769231 , -3.161201
0.743590 , 0.794872 , -3.283626
0.743590 , 0.820513 , -3.387854
0.743590 , 0.846154 , -3.475805
0.743590 , 0.871795 , -3.548593
0.743590 , 0.897436 , -3.605592
0.743590 , 0.923077 , -3.649013
0.743590 , 0.948718 , -3.678396
0.743590 , 0.974359 , -3.696344
0.743590 , 1.000000 , -3.703384
0.769231 , 0.000000 , 2.138398
0.769231 , 0.025641 , 2.131883
0.769231 , 0.051282 , 2.112604
0.769231 , 0.076923 , 2.081292
0.769231 , 0.102564 , 2.035748
0.769231 , 0.128205 , 1.974361
0.769231 , 0.153846 , 1.896422
0.769231 , 0.179487 , 1.800469
0.769231 , 0.205128 , 1.686213
0.769231 , 0.230769 , 1.552544
0.769231 , 0.256410 , 1.398522
0.769231 , 0.282051 , 1.223966
0.769231 , 0.307692 , 1.027952
0.769231 , 0.333333 , 0.812589
0.769231 , 0.358974 , 0.580242
0.769231 , 0.384615 , 0.331572
0.769231 , 0.410256 , 0.069324
0.769231 , 0.435897 , -0.202337
0.769231 , 0.461538 , -0.482225
0.769231 , 0.487179 , -0.767444
0.769231 , 0.512821 , -1.053627
0.769231 , 0.538462 , -1.337499
0.769231 , 0.564103 , -1.615836
0.769231 , 0.589744 , -1.884317
0.769231 , 0.615385 , -2.140781
0.769231 , 0.641026 , -2.384416
0.769231 , 0.666667 , -2.611337
0.769231 , 0.692308 , -2.818672
0.769231 , 0.717949 , -3.007182
0.769231 , 0.743590 , -3.176245
0.769231 , 0.769231 , -3.325039
0.769231 , 0.794872 , -3.451888
0.769231 , 0.820513 , -3.558215
0.769231 , 0.846154 , -3.646842
0.769231 , 0.871795 , -3.718842
0.769231 , 0.897436 , -3.774451
0.769231 , 0.923077 , -3.817160
0.769231 , 0.948718 , -3.846045
0.769231 , 0.974359 , -3.862873
0.769231 , 1.000000 , -3.868902
0.794872 , 0.000000 , 2.402340
0.794872 , 0.025641 , 2.396718
0.794872 , 0.051282 , 2.379198
0.794872 , 0.076923 , 2.350737
0.794872 , 0.102564 , 2.308231
0.794872 , 0.128205 , 2.249822
0.794872 , 0.153846 , 2.172526
0.794872 , 0.179487 , 2.076712
0.794872 , 0.205128 , 1.959831
0.794872 , 0.230769 , 1.820957
0.794872 , 0.256410 , 1.658911
0.794872 , 0.282051 , 1.471991
0.794872 , 0.307692 , 1.261876
0.794872 , 0.333333 , 1.027791
0.794872 , 0.358974 , 0.773192
0.794872 , 0.384615 , 0.500628
0.794872 , 0.410256 , 0.212129
0.794872 , 0.435897 , -0.089019
0.794872 , 0.461538 , -0.399451
0.794872 , 0.487179 , -0.716166
0.794872 , 0.512821 , -1.033597
0.794872 , 0.538462 , -1.348317
0.794872 , 0.564103 , -1.656264
0.794872 , 0.589744 , -1.953351
0.794872 , 0.615385 , -2.236530
0.794872 , 0.641026 , -2.503755
0.794872 , 0.666667 , -2.751462
0.794872 , 0.692308 , -2.976779
0.794872 , 0.717949 , -3.180070
0.794872 , 0.743590 , -3.359915
0.794872 , 0.769231 , -3.515473
0.794872 , 0.794872 , -3.646347
0.794872 , 0.820513 , -3.754400
0.794872 , 0.846154 , -3.842540
0.794872 , 0.871795 , -3.912434
0.794872 , 0.897436 , -3.964600
0.794872 , 0.923077 , -4.004012
0.794872 , 0.948718 , -4.030770
0.794872 , 0.974359 , -4.045977
0.794872 , 1.000000 , -4.051319
0.820513 , 0.000000 , 2.672982
0.820513 , 0.025641 , 2.668494
0.820513 , 0.051282 , 2.654687
0.820513 , 0.076923 , 2.630673
0.820513 , 0.102564 , 2.593261
0.820513 , 0.128205 , 2.539720
0.820513 , 0.153846 , 2.466078
0.820513 , 0.179487 , 2.371690
0.820513 , 0.205128 , 2.253203
0.820513 , 0.230769 , 2.109987
0.820513 , 0.256410 , 1.939890
0.820513 , 0.282051 , 1.740540
0.820513 , 0.307692 , 1.515144
0.820513 , 0.333333 , 1.262591
0.820513 , 0.358974 , 0.983749
0.820513 , 0.384615 , 0.684005
0.820513 , 0.410256 , 0.365277
0.820513 , 0.435897 , 0.031224
0.820513 , 0.461538 , -0.313936
0.820513 , 0.487179 , -0.665904
0.820513 , 0.512821 , -1.019028
0.820513 , 0.538462 , -1.368790
0.820513 , 0.564103 , -1.710730
0.820513 , 0.589744 , -2.040860
0.820513 , 0.615385 , -2.354784
0.820513 , 0.641026 , -2.648606
0.820513 , 0.666667 , -2.919014
0.820513 , 0.692308 , -3.163946
0.820513 , 0.717949 , -3.382335
0.820513 , 0.743590 , -3.572972
0.820513 , 0.769231 , -3.735782
0.820513 , 0.794872 , -3.869909
0.820513 , 0.820513 , -3.978308
0.820513 , 0.846154 , -4.064359
0.820513 , 0.871795 , -4.130568
0.820513 , 0.897436 , -4.178193
0.820513 , 0.923077 , -4.211388
0.820513 , 0.948718 , -4.233098
0.820513 , 0.974359 , -4.245204
0.820513 , 1.000000 , -4.249709
0.846154 , 0.000000 , 2.948393
0.846154 , 0.025641 , 2.945248
0.846154 , 0.051282 , 2.936739
0.846154 , 0.076923 , 2.919517
0.846154 , 0.102564 , 2.890089
0.846154 , 0.128205 , 2.844363
0.846154 , 0.153846 , 2.777468
0.846154 , 0.179487 , 2.687582
0.846154 , 0.205128 , 2.570444
0.846154 , 0.230769 , 2.424281
0.846154 , 0.256410 , 2.246579
0.846154 , 0.282051 , 2.035162
0.846154 , 0.307692 , 1.791956
0.846154 , 0.333333 , 1.518693
0.846154 , 0.358974 , 1.214561
0.846154 , 0.384615 , 0.883957
0.846154 , 0.410256 , 0.530658
0.846154 , 0.435897 , 0.159386
0.846154 , 0.461538 , -0.225126
0.846154 , 0.487179 , -0.617363
0.846154 , 0.512821 , -1.011292
0.846154 , 0.538462 , -1.400731
0.846154 , 0.564103 , -1.781441
0.846154 , 0.589744 , -2.148758
0.846154 , 0.615385 , -2.497165
0.846154 , 0.641026 , -2.822071
0.846154 , 0.666667 , -3.118414
0.846154 , 0.692308 , -3.384404
0.846154 , 0.717949 , -3.618443
0.846154 , 0.743590 , -3.820500
0.846154 , 0.769231 , -3.989719
0.846154 , 0.794872 , -4.126391
0.846154 , 0.820513 , -4.233555
0.846154 , 0.846154 , -4.315703
0.846154 , 0.871795 , -4.374547
0.846154 , 0.897436 , -4.414289
0.846154 , 0.923077 , -4.439017
0.846154 , 0.948718 , -4.452670
0.846154 , 0.974359 , -4.460153
0.846154 , 1.000000 , -4.462482
0.871795 , 0.000000 , 3.224510
0.871795 , 0.025641 , 3.224123
0.871795 , 0.051282 , 3.222376
0.871795 , 0.076923 , 3.215953
0.871795 , 0.102564 , 3.198559
0.871795 , 0.128205 , 3.165314
0.871795 , 0.153846 , 3.109856
0.871795 , 0.179487 , 3.027291
0.871795 , 0.205128 , 2.913802
0.871795 , 0.230769 , 2.766702
0.871795 , 0.256410 , 2.583108
0.871795 , 0.282051 , 2.359244
0.871795 , 0.307692 , 2.097351
0.871795 , 0.333333 , 1.799192
0.871795 , 0.358974 , 1.466515
0.871795 , 0.384615 , 1.102559
0.871795 , 0.410256 , 0.711089
0.871795 , 0.435897 , 0.297708
0.871795 , 0.461538 , -0.130830
0.871795 , 0.487179 , -0.568395
0.871795 , 0.512821 , -1.009213
0.871795 , 0.538462 , -1.445018
0.871795 , 0.564103 , -1.870244
0.871795 , 0.589744 , -2.279545
0.871795 , 0.615385 , -2.666412
0.871795 , 0.641026 , -3.025929
0.871795 , 0.666667 , -3.352317
0.871795 , 0.692308 , -3.642392
0.871795 , 0.717949 , -3.893724
0.871795 , 0.743590 , -4.108232
0.871795 , 0.769231 , -4.283588
0.871795 , 0.794872 , -4.420971
0.871795 , 0.820513 , -4.523821
0.871795 , 0.846154 , -4.597752
0.871795 , 0.871795 , -4.645817
0.871795 , 0.897436 , -4.672546
0.871795 , 0.923077 , -4.684739
0.871795 , 0.948718 , -4.687251
0.871795 , 0.974359 , -4.687221
0.871795 , 1.000000 , -4.686313
0.897436 , 0.000000 , 3.494973
0.897436 , 0.025641 , 3.499465
0.897436 , 0.051282 , 3.508802
0.897436 , 0.076923 , 3.518092
0.897436 , 0.102564 , 3.519424
0.897436 , 0.128205 , 3.504614
0.897436 , 0.153846 , 3.465964
0.897436 , 0.179487 , 3.396180
0.897436 , 0.205128 , 3.289353
0.897436 , 0.230769 , 3.143031
0.897436 , 0.256410 , 2.953765
0.897436 , 0.282051 , 2.718624
0.897436 , 0.307692 , 2.437145
0.897436 , 0.333333 , 2.112548
0.897436 , 0.358974 , 1.746850
0.897436 , 0.384615 , 1.344380
0.897436 , 0.410256 , 0.909709
0.897436 , 0.435897 , 0.448715
0.897436 , 0.461538 , -0.030792
0.897436 , 0.487179 , -0.520532
0.897436 , 0.512821 , -1.014320
0.897436 , 0.538462 , -1.503208
0.897436 , 0.564103 , -1.979742
0.897436 , 0.589744 , -2.437016
0.897436 , 0.615385 , -2.868289
0.897436 , 0.641026 , -3.265847
0.897436 , 0.666667 , -3.625216
0.897436 , 0.692308 , -3.941340
0.897436 , 0.717949 , -4.212914
0.897436 , 0.743590 , -4.440147
0.897436 , 0.769231 , -4.621147
0.897436 , 0.794872 , -4.756947
0.897436 , 0.820513 , -4.852581
0.897436 , 0.846154 , -4.912858
0.897436 , 0.871795 , -4.944574
0.897436 , 0.897436 , -4.952552
0.897436 , 0.923077 , -4.945524
0.897436 , 0.948718 , -4.932041
0.897436 , 0.974359 , -4.920952
0.897436 , 1.000000 , -4.916168
0.923077 , 0.000000 , 3.755408
0.923077 , 0.025641 , 3.765604
0.923077 , 0.051282 , 3.791431
0.923077 , 0.076923 , 3.824339
0.923077 , 0.102564 , 3.851864
0.923077 , 0.128205 , 3.863477
0.923077 , 0.153846 , 3.848425
0.923077 , 0.179487 , 3.797414
0.923077 , 0.205128 , 3.702607
0.923077 , 0.230769 , 3.560712
0.923077 , 0.256410 , 3.367220
0.923077 , 0.282051 , 3.119816
0.923077 , 0.307692 , 2.818011
0.923077 , 0.333333 , 2.463946
0.923077 , 0.358974 , 2.061406
0.923077 , 0.384615 , 1.614645
0.923077 , 0.410256 , 1.130130
0.923077 , 0.435897 , 0.614585
0.923077 , 0.461538 , 0.076872
0.923077 , 0.487179 , -0.473701
0.923077 , 0.512821 , -1.028266
0.923077 , 0.538462 , -1.578230
0.923077 , 0.564103 , -2.113396
0.923077 , 0.589744 , -2.625329
0.923077 , 0.615385 , -3.106320
0.923077 , 0.641026 , -3.548011
0.923077 , 0.666667 , -3.944519
0.923077 , 0.692308 , -4.290308
0.923077 , 0.717949 , -4.582855
0.923077 , 0.743590 , -4.822371
0.923077 , 0.769231 , -5.007332
0.923077 , 0.794872 , -5.139480
0.923077 , 0.820513 , -5.223651
0.923077 , 0.846154 , -5.265289
0.923077 , 0.871795 , -5.271922
0.923077 , 0.897436 , -5.252859
0.923077 , 0.923077 , -5.218767
0.923077 , 0.948718 , -5.181818
0.923077 , 0.974359 , -5.154187
0.923077 , 1.000000 , -5.143705
0.948718 , 0.000000 , 3.991963
0.948718 , 0.025641 , 4.011437
0.948718 , 0.051282 , 4.062759
0.948718 , 0.076923 , 4.130407
0.948718 , 0.102564 , 4.196258
0.948718 , 0.128205 , 4.244978
0.948718 , 0.153846 , 4.262697
0.948718 , 0.179487 , 4.237903
0.948718 , 0.205128 , 4.160974
0.948718 , 0.230769 , 4.027465
0.948718 , 0.256410 , 3.831879
0.948718 , 0.282051 , 3.572294
0.948718 , 0.307692 , 3.248432
0.948718 , 0.333333 , 2.862220
0.948718 , 0.358974 , 2.417911
0.948718 , 0.384615 , 1.920291
0.948718 , 0.410256 , 1.377539
0.948718 , 0.435897 , 0.798432
0.948718 , 0.461538 , 0.193403
0.948718 , 0.487179 , -0.426704
0.948718 , 0.512821 , -1.051851
0.948718 , 0.538462 , -1.671752
0.948718 , 0.564103 , -2.274545
0.948718 , 0.589744 , -2.849944
0.948718 , 0.615385 , -3.388097
0.948718 , 0.641026 , -3.880322
0.948718 , 0.666667 , -4.318806
0.948718 , 0.692308 , -4.697814
0.948718 , 0.717949 , -5.013253
0.948718 , 0.743590 , -5.264503
0.948718 , 0.769231 , -5.450387
0.948718 , 0.794872 , -5.574171
0.948718 , 0.820513 , -5.640735
0.948718 , 0.846154 , -5.656822
0.948718 , 0.871795 , -5.630395
0.948718 , 0.897436 , -5.574271
0.948718 , 0.923077 , -5.502387
0.948718 , 0.948718 , -5.430349
0.948718 , 0.974359 , -5.376473
0.948718 , 1.000000 , -5.356069
0.974359 , 0.000000 , 4.183808
0.974359 , 0.025641 , 4.221626
0.974359 , 0.051282 , 4.314867
0.974359 , 0.076923 , 4.434460
0.974359 , 0.102564 , 4.553812
0.974359 , 0.128205 , 4.653309
0.974359 , 0.153846 , 4.715386
0.974359 , 0.179487 , 4.725500
0.974359 , 0.205128 , 4.673586
0.974359 , 0.230769 , 4.552815
0.974359 , 0.256410 , 4.357495
0.974359 , 0.282051 , 4.085250
0.974359 , 0.307692 , 3.736470
0.974359 , 0.333333 , 3.313814
0.974359 , 0.358974 , 2.821878
0.974359 , 0.384615 , 2.266827
0.974359 , 0.410256 , 1.657910
0.974359 , 0.435897 , 1.005931
0.974359 , 0.461538 , 0.323143
0.974359 , 0.487179 , -0.378566
0.974359 , 0.512821 , -1.086343
0.974359 , 0.538462 , -1.787106
0.974359 , 0.564103 , -2.467671
0.974359 , 0.589744 , -3.116326
0.974359 , 0.615385 , -3.721042
0.974359 , 0.641026 , -4.270681
0.974359 , 0.666667 , -4.756383
0.974359 , 0.692308 , -5.172195
0.974359 , 0.717949 , -5.513051
0.974359 , 0.743590 , -5.776267
0.974359 , 0.769231 , -5.961700
0.974359 , 0.794872 , -6.072674
0.974359 , 0.820513 , -6.114641
0.974359 , 0.846154 , -6.095003
0.974359 , 0.871795 , -6.025282
0.974359 , 0.897436 , -5.918900
0.974359 , 0.923077 , -5.793414
0.974359 , 0.948718 , -5.669140
0.974359 , 0.974359 , -5.572856
0.974359 , 1.000000 , -5.534003
1.000000 , 0.000000 , 4.296368
1.000000 , 0.025641 , 4.371686
1.000000 , 0.051282 , 4.536694
1.000000 , 0.076923 , 4.734329
1.000000 , 0.102564 , 4.928707
1.000000 , 0.128205 , 5.095200
1.000000 , 0.153846 , 5.215398
1.000000 , 0.179487 , 5.271443
1.000000 , 0.205128 , 5.251744
1.000000 , 0.230769 , 5.148448
1.000000 , 0.256410 , 4.955753
1.000000 , 0.282051 , 4.671197
1.000000 , 0.307692 , 4.294941
1.000000 , 0.333333 , 3.830687
1.000000 , 0.358974 , 3.284109
1.000000 , 0.384615 , 2.663087
1.000000 , 0.410256 , 1.977772
1.000000 , 0.435897 , 1.241603
1.000000 , 0.461538 , 0.468100
1.000000 , 0.487179 , -0.328049
1.000000 , 0.512821 , -1.131764
1.000000 , 0.538462 , -1.927169
1.000000 , 0.564103 , -2.698698
1.000000 , 0.589744 , -3.431676
1.000000 , 0.615385 , -4.112935
1.000000 , 0.641026 , -4.729091
1.000000 , 0.666667 , -5.269405
1.000000 , 0.692308 , -5.726241
1.000000 , 0.717949 , -6.094143
1.000000 , 0.743590 , -6.369863
1.000000 , 0.769231 , -6.552568
1.000000 , 0.794872 , -6.645574
1.000000 , 0.820513 , -6.655264
1.000000 , 0.846154 , -6.590500
1.000000 , 0.871795 , -6.463410
1.000000 , 0.897436 , -6.289230
1.000000 , 0.923077 , -6.088670
1.000000 , 0.948718 , -5.886748
1.000000 , 0.974359 , -5.718376
1.000000 , 1.000000 , -5.641510
