0.000000 , 0.000000 , -3.377312
0.000000 , 0.025641 , -3.377312
0.000000 , 0.051282 , -3.377312
0.000000 , 0.076923 , -3.377312
0.000000 , 0.102564 , -3.377312
0.000000 , 0.128205 , -3.377312
0.000000 , 0.153846 , -3.377312
0.000000 , 0.179487 , -3.377312
0.000000 , 0.205128 , -3.377312
0.000000 , 0.230769 , -3.377312
0.000000 , 0.256410 , -3.377312
0.000000 , 0.282051 , -3.377312
0.000000 , 0.307692 , -3.377312
0.000000 , 0.333333 , -3.377312
0.000000 , 0.358974 , -3.377312
0.000000 , 0.384615 , -3.377312
0.000000 , 0.410256 , -3.377312
0.000000 , 0.435897 , -3.377312
0.000000 , 0.461538 , -3.377312
0.000000 , 0.487179 , -3.377312
0.000000 , 0.512821 , -3.377312
0.000000 , 0.538462 , -3.377312
0.000000 , 0.564103 , -3.377312
0.000000 , 0.589744 , -3.377312
0.000000 , 0.615385 , -3.377312
0.000000 , 0.641026 , -3.377312
0.000000 , 0.666667 , -3.377312
0.000000 , 0.692308 , -3.377312
0.000000 , 0.717949 , -3.377312
0.000000 , 0.743590 , -3.377312
0.000000 , 0.769231 , -3.377312
0.000000 , 0.794872 , -3.377312
0.000000 , 0.820513 , -3.377312
0.000000 , 0.846154 , -3.377312
0.000000 , 0.871795 , -3.377312
0.000000 , 0.897436 , -3.377312
0.000000 , 0.923077 , -3.377312
0.000000 , 0.948718 , -3.377312
0.000000 , 0.974359 , -3.377312
0.000000 , 1.000000 , -3.377312
0.025641 , 0.000000 , -3.045832
0.025641 , 0.025641 , -3.045743
0.025641 , 0.051282 , -3.045792
0.025641 , 0.076923 , -3.045576
0.025641 , 0.102564 , -3.045855
0.025641 , 0.128205 , -3.046348
0.025641 , 0.153846 , -3.047679
0.025641 , 0.179487 , -3.049534
0.025641 , 0.205128 , -3.051743
0.025641 , 0.230769 , -3.054862
0.025641 , 0.256410 , -3.059136
0.025641 , 0.282051 , -3.063402
0.025641 , 0.307692 , -3.068049
0.025641 , 0.333333 , -3.073291
0.025641 , 0.358974 , -3.078058
0.025641 , 0.384615 , -3.083853
0.025641 , 0.410256 , -3.089097
0.025641 , 0.435897 , -3.095163
0.025641 , 0.461538 , -3.101591
0.025641 , 0.487179 , -3.107857
0.025641 , 0.512821 , -3.113199
0.025641 , 0.538462 , -3.119754
0.025641 , 0.564103 , -3.125579
0.025641 , 0.589744 , -3.131190
0.025641 , 0.615385 , -3.136060
0.025641 , 0.641026 , -3.140827
0.025641 , 0.666667 , -3.145139
0.025641 , 0.692308 , -3.149127
0.025641 , 0.717949 , -3.153076
0.025641 , 0.743590 , -3.156556
0.025641 , 0.769231 , -3.160196
0.025641 , 0.794872 , -3.163357
0.025641 , 0.820513 , -3.165657
0.025641 , 0.846154 , -3.167525
0.025641 , 0.871795 , -3.168981
0.025641 , 0.897436 , -3.170884
0.025641 , 0.923077 , -3.171389
0.025641 , 0.948718 , -3.171554
0.025641 , 0.974359 , -3.172071
0.025641 , 1.000000 , -3.172747
0.051282 , 0.000000 , -2.723875
0.051282 , 0.025641 , -2.723881
0.051282 , 0.051282 , -2.723990
0.051282 , 0.076923 , -2.724463
0.051282 , 0.102564 , -2.724998
0.051282 , 0.128205 , -2.726667
0.051282 , 0.153846 , -2.729306
0.051282 , 0.179487 , -2.733264
0.051282 , 0.205128 , -2.738062
0.051282 , 0.230769 , -2.743706
0.051282 , 0.256410 , -2.750782
0.051282 , 0.282051 , -2.759344
0.051282 , 0.307692 , -2.768974
0.051282 , 0.333333 , -2.780038
0.051282 , 0.358974 , -2.790096
0.051282 , 0.384615 , -2.800151
0.051282 , 0.410256 , -2.811277
0.051282 , 0.435897 , -2.823189
0.051282 , 0.461538 , -2.835652
0.051282 , 0.487179 , -2.847838
0.051282 , 0.512821 , -2.859607
0.051282 , 0.538462 , -2.871130
0.051282 , 0.564103 , -2.882484
0.051282 , 0.589744 , -2.893568
0.051282 , 0.615385 , -2.904080
0.051282 , 0.641026 , -2.913023
0.051282 , 0.666667 , -2.921681
0.051282 , 0.692308 , -2.930184
0.051282 , 0.717949 , -2.938170
0.051282 , 0.743590 , -2.945438
0.051282 , 0.769231 , -2.952287
0.051282 , 0.794872 , -2.958460
0.051282 , 0.820513 , -2.963089
0.051282 , 0.846154 , -2.966985
0.051282 , 0.871795 , -2.969613
0.051282 , 0.897436 , -2.972549
0.051282 , 0.923077 , -2.974621
0.051282 , 0.948718 , -2.975664
0.051282 , 0.974359 , -2.975898
0.051282 , 1.000000 , -2.975972
0.076923 , 0.000000 , -2.412920
0.076923 , 0.025641 , -2.413350
0.076923 , 0.051282 , -2.413891
0.076923 , 0.076923 , -2.415022
0.076923 , 0.102564 , -2.416504
0.076923 , 0.128205 , -2.418708
0.076923 , 0.153846 , -2.422441
0.076923 , 0.179487 , -2.428195
0.076923 , 0.205128 , -2.435203
0.076923 , 0.230769 , -2.443647
0.076923 , 0.256410 , -2.454095
0.076923 , 0.282051 , -2.466658
0.076923 , 0.307692 , -2.480538
0.076923 , 0.333333 , -2.495302
0.076923 , 0.358974 , -2.510767
0.076923 , 0.384615 , -2.526710
0.076923 , 0.410256 , -2.543147
0.076923 , 0.435897 , -2.561181
0.076923 , 0.461538 , -2.579606
0.076923 , 0.487179 , -2.597145
0.076923 , 0.512821 , -2.614574
0.076923 , 0.538462 , -2.631368
0.076923 , 0.564103 , -2.648307
0.076923 , 0.589744 , -2.664778
0.076923 , 0.615385 , -2.680693
0.076923 , 0.641026 , -2.694848
0.076923 , 0.666667 , -2.707931
0.076923 , 0.692308 , -2.720699
0.076923 , 0.717949 , -2.732661
0.076923 , 0.743590 , -2.743582
0.076923 , 0.769231 , -2.753643
0.076923 , 0.794872 , -2.762249
0.076923 , 0.820513 , -2.770343
0.076923 , 0.846154 , -2.775855
0.076923 , 0.871795 , -2.780391
0.076923 , 0.897436 , -2.784495
0.076923 , 0.923077 , -2.787707
0.076923 , 0.948718 , -2.789804
0.076923 , 0.974359 , -2.790254
0.076923 , 1.000000 , -2.790053
0.102564 , 0.000000 , -2.115237
0.102564 , 0.025641 , -2.115837
0.102564 , 0.051282 , -2.117095
0.102564 , 0.076923 , -2.118722
0.102564 , 0.102564 , -2.120338
0.102564 , 0.128205 , -2.122817
0.102564 , 0.153846 , -2.127351
0.102564 , 0.179487 , -2.134624
0.102564 , 0.205128 , -2.143888
0.102564 , 0.230769 , -2.154656
0.102564 , 0.256410 , -2.168702
0.102564 , 0.282051 , -2.184915
0.102564 , 0.307692 , -2.203201
0.102564 , 0.333333 , -2.222115
0.102564 , 0.358974 , -2.241351
0.102564 , 0.384615 , -2.262364
0.102564 , 0.410256 , -2.284887
0.102564 , 0.435897 , -2.308475
0.102564 , 0.461538 , -2.332437
0.102564 , 0.487179 , -2.356402
0.102564 , 0.512821 , -2.379687
0.102564 , 0.538462 , -2.402075
0.102564 , 0.564103 , -2.424049
0.102564 , 0.589744 , -2.445653
0.102564 , 0.615385 , -2.466428
0.102564 , 0.641026 , -2.485758
0.102564 , 0.666667 , -2.503900
0.102564 , 0.692308 , -2.520568
0.102564 , 0.717949 , -2.536612
0.102564 , 0.743590 , -2.551748
0.102564 , 0.769231 , -2.565239
0.102564 , 0.794872 , -2.576401
0.102564 , 0.820513 , -2.586812
0.102564 , 0.846154 , -2.595112
0.102564 , 0.871795 , -2.601121
0.102564 , 0.897436 , -2.606458
0.102564 , 0.923077 , -2.610833
0.102564 , 0.948718 , -2.614067
0.102564 , 0.974359 , -2.615135
0.102564 , 1.000000 , -2.615159
0.128205 , 0.000000 , -1.827951
0.128205 , 0.025641 , -1.829379
0.128205 , 0.051282 , -1.831307
0.128205 , 0.076923 , -1.833682
0.128205 , 0.102564 , -1.835773
0.128205 , 0.128205 , -1.838080
0.128205 , 0.153846 , -1.843161
0.128205 , 0.179487 , -1.851679
0.128205 , 0.205128 , -1.863208
0.128205 , 0.230769 , -1.876606
0.128205 , 0.256410 , -1.893779
0.128205 , 0.282051 , -1.913611
0.128205 , 0.307692 , -1.935846
0.128205 , 0.333333 , -1.959063
0.128205 , 0.358974 , -1.983059
0.128205 , 0.384615 , -2.008818
0.128205 , 0.410256 , -2.036901
0.128205 , 0.435897 , -2.066067
0.128205 , 0.461538 , -2.095011
0.128205 , 0.487179 , -2.124323
0.128205 , 0.512821 , -2.153084
0.128205 , 0.538462 , -2.181990
0.128205 , 0.564103 , -2.210385
0.128205 , 0.589744 , -2.237360
0.128205 , 0.615385 , -2.262727
0.128205 , 0.641026 , -2.286828
0.128205 , 0.666667 , -2.309714
0.128205 , 0.692308 , -2.330686
0.128205 , 0.717949 , -2.350581
0.128205 , 0.743590 , -2.369982
0.128205 , 0.769231 , -2.386448
0.128205 , 0.794872 , -2.400964
0.128205 , 0.820513 , -2.413865
0.128205 , 0.846154 , -2.423242
0.128205 , 0.871795 , -2.430798
0.128205 , 0.897436 , -2.437706
0.128205 , 0.923077 , -2.443061
0.128205 , 0.948718 , -2.447350
0.128205 , 0.974359 , -2.449465
0.128205 , 1.000000 , -2.450659
0.153846 , 0.000000 , -1.550679
0.153846 , 0.025641 , -1.551635
0.153846 , 0.051282 , -1.554268
0.153846 , 0.076923 , -1.557659
0.153846 , 0.102564 , -1.560833
0.153846 , 0.128205 , -1.564318
0.153846 , 0.153846 , -1.570237
0.153846 , 0.179487 , -1.579756
0.153846 , 0.205128 , -1.592903
0.153846 , 0.230769 , -1.609354
0.153846 , 0.256410 , -1.629925
0.153846 , 0.282051 , -1.653599
0.153846 , 0.307692 , -1.679253
0.153846 , 0.333333 , -1.706763
0.153846 , 0.358974 , -1.735787
0.153846 , 0.384615 , -1.766460
0.153846 , 0.410256 , -1.799524
0.153846 , 0.435897 , -1.833920
0.153846 , 0.461538 , -1.868294
0.153846 , 0.487179 , -1.903071
0.153846 , 0.512821 , -1.937174
0.153846 , 0.538462 , -1.970803
0.153846 , 0.564103 , -2.004909
0.153846 , 0.589744 , -2.037490
0.153846 , 0.615385 , -2.068032
0.153846 , 0.641026 , -2.096820
0.153846 , 0.666667 , -2.124044
0.153846 , 0.692308 , -2.149743
0.153846 , 0.717949 , -2.174048
0.153846 , 0.743590 , -2.196333
0.153846 , 0.769231 , -2.216081
0.153846 , 0.794872 , -2.234063
0.153846 , 0.820513 , -2.249461
0.153846 , 0.846154 , -2.260705
0.153846 , 0.871795 , -2.269734
0.153846 , 0.897436 , -2.278323
0.153846 , 0.923077 , -2.285445
0.153846 , 0.948718 , -2.290783
0.153846 , 0.974359 , -2.293981
0.153846 , 1.000000 , -2.295091
0.179487 , 0.000000 , -1.282645
0.179487 , 0.025641 , -1.283483
0.179487 , 0.051282 , -1.286074
0.179487 , 0.076923 , -1.290213
0.179487 , 0.102564 , -1.294982
0.179487 , 0.128205 , -1.300126
0.179487 , 0.153846 , -1.307976
0.179487 , 0.179487 , -1.319412
0.179487 , 0.205128 , -1.334921
0.179487 , 0.230769 , -1.354177
0.179487 , 0.256410 , -1.377310
0.179487 , 0.282051 , -1.404557
0.179487 , 0.307692 , -1.433880
0.179487 , 0.333333 , -1.465571
0.179487 , 0.358974 , -1.499615
0.179487 , 0.384615 , -1.535148
0.179487 , 0.410256 , -1.572313
0.179487 , 0.435897 , -1.611140
0.179487 , 0.461538 , -1.650371
0.179487 , 0.487179 , -1.690887
0.179487 , 0.512821 , -1.730631
0.179487 , 0.538462 , -1.770109
0.179487 , 0.564103 , -1.808361
0.179487 , 0.589744 , -1.845995
0.179487 , 0.615385 , -1.881515
0.179487 , 0.641026 , -1.915205
0.179487 , 0.666667 , -1.947605
0.179487 , 0.692308 , -1.977932
0.179487 , 0.717949 , -2.006118
0.179487 , 0.743590 , -2.032430
0.179487 , 0.769231 , -2.055275
0.179487 , 0.794872 , -2.076412
0.179487 , 0.820513 , -2.094513
0.179487 , 0.846154 , -2.108550
0.179487 , 0.871795 , -2.119842
0.179487 , 0.897436 , -2.129666
0.179487 , 0.923077 , -2.138004
0.179487 , 0.948718 , -2.144886
0.179487 , 0.974359 , -2.149019
0.179487 , 1.000000 , -2.150401
0.205128 , 0.000000 , -1.023123
0.205128 , 0.025641 , -1.023930
0.205128 , 0.051282 , -1.026360
0.205128 , 0.076923 , -1.030797
0.205128 , 0.102564 , -1.036627
0.205128 , 0.128205 , -1.044325
0.205128 , 0.153846 , -1.054869
0.205128 , 0.179487 , -1.069573
0.205128 , 0.205128 , -1.088272
0.205128 , 0.230769 , -1.110962
0.205128 , 0.256410 , -1.136588
0.205128 , 0.282051 , -1.166240
0.205128 , 0.307692 , -1.198724
0.205128 , 0.333333 , -1.234021
0.205128 , 0.358974 , -1.272695
0.205128 , 0.384615 , -1.313279
0.205128 , 0.410256 , -1.355245
0.205128 , 0.435897 , -1.399292
0.205128 , 0.461538 , -1.443987
0.205128 , 0.487179 , -1.488870
0.205128 , 0.512821 , -1.534319
0.205128 , 0.538462 , -1.578760
0.205128 , 0.564103 , -1.621750
0.205128 , 0.589744 , -1.664173
0.205128 , 0.615385 , -1.705269
0.205128 , 0.641026 , -1.744199
0.205128 , 0.666667 , -1.781035
0.205128 , 0.692308 , -1.815664
0.205128 , 0.717949 , -1.848281
0.205128 , 0.743590 , -1.877961
0.205128 , 0.769231 , -1.905202
0.205128 , 0.794872 , -1.929360
0.205128 , 0.820513 , -1.948814
0.205128 , 0.846154 , -1.965612
0.205128 , 0.871795 , -1.980576
0.205128 , 0.897436 , -1.992370
0.205128 , 0.923077 , -2.002020
0.205128 , 0.948718 , -2.009870
0.205128 , 0.974359 , -2.013955
0.205128 , 1.000000 , -2.015817
0.230769 , 0.000000 , -0.772020
0.230769 , 0.025641 , -0.773051
0.230769 , 0.051282 , -0.775799
0.230769 , 0.076923 , -0.780300
0.230769 , 0.102564 , -0.787589
0.230769 , 0.128205 , -0.797992
0.230769 , 0.153846 , -0.811427
0.230769 , 0.179487 , -0.829284
0.230769 , 0.205128 , -0.851171
0.230769 , 0.230769 , -0.877229
0.230769 , 0.256410 , -0.906335
0.230769 , 0.282051 , -0.938458
0.230769 , 0.307692 , -0.974025
0.230769 , 0.333333 , -1.012679
0.230769 , 0.358974 , -1.055698
0.230769 , 0.384615 , -1.100553
0.230769 , 0.410256 , -1.147371
0.230769 , 0.435897 , -1.196422
0.230769 , 0.461538 , -1.246452
0.230769 , 0.487179 , -1.296260
0.230769 , 0.512821 , -1.346328
0.230769 , 0.538462 , -1.396166
0.230769 , 0.564103 , -1.444693
0.230769 , 0.589744 , -1.492287
0.230769 , 0.615385 , -1.538354
0.230769 , 0.641026 , -1.582309
0.230769 , 0.666667 , -1.623972
0.230769 , 0.692308 , -1.663056
0.230769 , 0.717949 , -1.700389
0.230769 , 0.743590 , -1.734100
0.230769 , 0.769231 , -1.764803
0.230769 , 0.794872 , -1.791709
0.230769 , 0.820513 , -1.813899
0.230769 , 0.846154 , -1.833039
0.230769 , 0.871795 , -1.850447
0.230769 , 0.897436 , -1.865415
0.230769 , 0.923077 , -1.876849
0.230769 , 0.948718 , -1.885618
0.230769 , 0.974359 , -1.890183
0.230769 , 1.000000 , -1.891506
0.256410 , 0.000000 , -0.530655
0.256410 , 0.025641 , -0.531537
0.256410 , 0.051282 , -0.534721
0.256410 , 0.076923 , -0.540078
0.256410 , 0.102564 , -0.548698
0.256410 , 0.128205 , -0.561443
0.256410 , 0.153846 , -0.577455
0.256410 , 0.179487 , -0.597672
0.256410 , 0.205128 , -0.622451
0.256410 , 0.230769 , -0.651278
0.256410 , 0.256410 , -0.683915
0.256410 , 0.282051 , -0.719925
0.256410 , 0.307692 , -0.759212
0.256410 , 0.333333 , -0.801873
0.256410 , 0.358974 , -0.848625
0.256410 , 0.384615 , -0.897735
0.256410 , 0.410256 , -0.949144
0.256410 , 0.435897 , -1.003430
0.256410 , 0.461538 , -1.058284
0.256410 , 0.487179 , -1.113260
0.256410 , 0.512821 , -1.167988
0.256410 , 0.538462 , -1.222647
0.256410 , 0.564103 , -1.277278
0.256410 , 0.589744 , -1.330368
0.256410 , 0.615385 , -1.381369
0.256410 , 0.641026 , -1.429641
0.256410 , 0.666667 , -1.476643
0.256410 , 0.692308 , -1.520692
0.256410 , 0.717949 , -1.561747
0.256410 , 0.743590 , -1.599166
0.256410 , 0.769231 , -1.633624
0.256410 , 0.794872 , -1.663841
0.256410 , 0.820513 , -1.689315
0.256410 , 0.846154 , -1.711499
0.256410 , 0.871795 , -1.731305
0.256410 , 0.897436 , -1.747897
0.256410 , 0.923077 , -1.761890
0.256410 , 0.948718 , -1.771821
0.256410 , 0.974359 , -1.777196
0.256410 , 1.000000 , -1.778936
0.282051 , 0.000000 , -0.297395
0.282051 , 0.025641 , -0.298523
0.282051 , 0.051282 , -0.302068
0.282051 , 0.076923 , -0.308863
0.282051 , 0.102564 , -0.318870
0.282051 , 0.128205 , -0.333510
0.282051 , 0.153846 , -0.351738
0.282051 , 0.179487 , -0.374478
0.282051 , 0.205128 , -0.402360
0.282051 , 0.230769 , -0.434581
0.282051 , 0.256410 , -0.470922
0.282051 , 0.282051 , -0.510398
0.282051 , 0.307692 , -0.553776
0.282051 , 0.333333 , -0.599903
0.282051 , 0.358974 , -0.650293
0.282051 , 0.384615 , -0.703983
0.282051 , 0.410256 , -0.760286
0.282051 , 0.435897 , -0.818951
0.282051 , 0.461538 , -0.878703
0.282051 , 0.487179 , -0.938466
0.282051 , 0.512821 , -0.998671
0.282051 , 0.538462 , -1.058446
0.282051 , 0.564103 , -1.118394
0.282051 , 0.589744 , -1.177382
0.282051 , 0.615385 , -1.233743
0.282051 , 0.641026 , -1.287132
0.282051 , 0.666667 , -1.338873
0.282051 , 0.692308 , -1.387891
0.282051 , 0.717949 , -1.433401
0.282051 , 0.743590 , -1.474844
0.282051 , 0.769231 , -1.512273
0.282051 , 0.794872 , -1.545776
0.282051 , 0.820513 , -1.574997
0.282051 , 0.846154 , -1.600390
0.282051 , 0.871795 , -1.622576
0.282051 , 0.897436 , -1.641129
0.282051 , 0.923077 , -1.655875
0.282051 , 0.948718 , -1.667050
0.282051 , 0.974359 , -1.673285
0.282051 , 1.000000 , -1.675350
0.307692 , 0.000000 , -0.069968
0.307692 , 0.025641 , -0.071609
0.307692 , 0.051282 , -0.076446
0.307692 , 0.076923 , -0.085024
0.307692 , 0.102564 , -0.097025
0.307692 , 0.128205 , -0.114123
0.307692 , 0.153846 , -0.134905
0.307692 , 0.179487 , -0.160193
0.307692 , 0.205128 , -0.191461
0.307692 , 0.230769 , -0.227399
0.307692 , 0.256410 , -0.266896
0.307692 , 0.282051 , -0.309846
0.307692 , 0.307692 , -0.356699
0.307692 , 0.333333 , -0.406701
0.307692 , 0.358974 , -0.461069
0.307692 , 0.384615 , -0.519184
0.307692 , 0.410256 , -0.580430
0.307692 , 0.435897 , -0.643828
0.307692 , 0.461538 , -0.708618
0.307692 , 0.487179 , -0.773080
0.307692 , 0.512821 , -0.838869
0.307692 , 0.538462 , -0.904215
0.307692 , 0.564103 , -0.969564
0.307692 , 0.589744 , -1.033443
0.307692 , 0.615385 , -1.095072
0.307692 , 0.641026 , -1.153913
0.307692 , 0.666667 , -1.210667
0.307692 , 0.692308 , -1.264558
0.307692 , 0.717949 , -1.314542
0.307692 , 0.743590 , -1.360335
0.307692 , 0.769231 , -1.402193
0.307692 , 0.794872 , -1.439181
0.307692 , 0.820513 , -1.471151
0.307692 , 0.846154 , -1.499706
0.307692 , 0.871795 , -1.524113
0.307692 , 0.897436 , -1.544581
0.307692 , 0.923077 , -1.560607
0.307692 , 0.948718 , -1.572259
0.307692 , 0.974359 , -1.579117
0.307692 , 1.000000 , -1.581522
0.333333 , 0.000000 , 0.151405
0.333333 , 0.025641 , 0.149333
0.333333 , 0.051282 , 0.142923
0.333333 , 0.076923 , 0.132921
0.333333 , 0.102564 , 0.118593
0.333333 , 0.128205 , 0.098592
0.333333 , 0.153846 , 0.074503
0.333333 , 0.179487 , 0.045765
0.333333 , 0.205128 , 0.011878
0.333333 , 0.230769 , -0.027465
0.333333 , 0.256410 , -0.071116
0.333333 , 0.282051 , -0.117739
0.333333 , 0.307692 , -0.168975
0.333333 , 0.333333 , -0.223470
0.333333 , 0.358974 , -0.282106
0.333333 , 0.384615 , -0.344162
0.333333 , 0.410256 , -0.409972
0.333333 , 0.435897 , -0.478417
0.333333 , 0.461538 , -0.548024
0.333333 , 0.487179 , -0.617537
0.333333 , 0.512821 , -0.688381
0.333333 , 0.538462 , -0.759069
0.333333 , 0.564103 , -0.829321
0.333333 , 0.589744 , -0.898344
0.333333 , 0.615385 , -0.965486
0.333333 , 0.641026 , -1.029554
0.333333 , 0.666667 , -1.091198
0.333333 , 0.692308 , -1.149540
0.333333 , 0.717949 , -1.204073
0.333333 , 0.743590 , -1.254573
0.333333 , 0.769231 , -1.300825
0.333333 , 0.794872 , -1.341919
0.333333 , 0.820513 , -1.377687
0.333333 , 0.846154 , -1.409895
0.333333 , 0.871795 , -1.436840
0.333333 , 0.897436 , -1.458441
0.333333 , 0.923077 , -1.475983
0.333333 , 0.948718 , -1.488791
0.333333 , 0.974359 , -1.496111
0.333333 , 1.000000 , -1.498835
0.358974 , 0.000000 , 0.366411
0.358974 , 0.025641 , 0.364415
0.358974 , 0.051282 , 0.357083
0.358974 , 0.076923 , 0.344598
0.358974 , 0.102564 , 0.328353
0.358974 , 0.128205 , 0.306193
0.358974 , 0.153846 , 0.278288
0.358974 , 0.179487 , 0.245072
0.358974 , 0.205128 , 0.207872
0.358974 , 0.230769 , 0.165696
0.358974 , 0.256410 , 0.118158
0.358974 , 0.282051 , 0.067133
0.358974 , 0.307692 , 0.011549
0.358974 , 0.333333 , -0.048113
0.358974 , 0.358974 , -0.111743
0.358974 , 0.384615 , -0.178510
0.358974 , 0.410256 , -0.248393
0.358974 , 0.435897 , -0.321721
0.358974 , 0.461538 , -0.396047
0.358974 , 0.487179 , -0.471272
0.358974 , 0.512821 , -0.547037
0.358974 , 0.538462 , -0.622996
0.358974 , 0.564103 , -0.698896
0.358974 , 0.589744 , -0.773230
0.358974 , 0.615385 , -0.845565
0.358974 , 0.641026 , -0.915014
0.358974 , 0.666667 , -0.982092
0.358974 , 0.692308 , -1.045368
0.358974 , 0.717949 , -1.104482
0.358974 , 0.743590 , -1.159824
0.358974 , 0.769231 , -1.210527
0.358974 , 0.794872 , -1.255660
0.358974 , 0.820513 , -1.295369
0.358974 , 0.846154 , -1.330612
0.358974 , 0.871795 , -1.360052
0.358974 , 0.897436 , -1.384011
0.358974 , 0.923077 , -1.403420
0.358974 , 0.948718 , -1.417555
0.358974 , 0.974359 , -1.424864
0.358974 , 1.000000 , -1.427295
0.384615 , 0.000000 , 0.577113
0.384615 , 0.025641 , 0.574391
0.384615 , 0.051282 , 0.566115
0.384615 , 0.076923 , 0.552058
0.384615 , 0.102564 , 0.532694
0.384615 , 0.128205 , 0.507845
0.384615 , 0.153846 , 0.477412
0.384615 , 0.179487 , 0.440382
0.384615 , 0.205128 , 0.398780
0.384615 , 0.230769 , 0.353157
0.384615 , 0.256410 , 0.302090
0.384615 , 0.282051 , 0.246449
0.384615 , 0.307692 , 0.185889
0.384615 , 0.333333 , 0.120434
0.384615 , 0.358974 , 0.051631
0.384615 , 0.384615 , -0.020415
0.384615 , 0.410256 , -0.095407
0.384615 , 0.435897 , -0.173138
0.384615 , 0.461538 , -0.252773
0.384615 , 0.487179 , -0.333541
0.384615 , 0.512821 , -0.415049
0.384615 , 0.538462 , -0.496796
0.384615 , 0.564103 , -0.578076
0.384615 , 0.589744 , -0.657495
0.384615 , 0.615385 , -0.735485
0.384615 , 0.641026 , -0.810612
0.384615 , 0.666667 , -0.882679
0.384615 , 0.692308 , -0.951488
0.384615 , 0.717949 , -1.014710
0.384615 , 0.743590 , -1.075160
0.384615 , 0.769231 , -1.130827
0.384615 , 0.794872 , -1.180468
0.384615 , 0.820513 , -1.224561
0.384615 , 0.846154 , -1.263038
0.384615 , 0.871795 , -1.295269
0.384615 , 0.897436 , -1.321366
0.384615 , 0.923077 , -1.343022
0.384615 , 0.948718 , -1.358367
0.384615 , 0.974359 , -1.366345
0.384615 , 1.000000 , -1.368418
0.410256 , 0.000000 , 0.782837
0.410256 , 0.025641 , 0.779741
0.410256 , 0.051282 , 0.770818
0.410256 , 0.076923 , 0.755532
0.410256 , 0.102564 , 0.733440
0.410256 , 0.128205 , 0.705247
0.410256 , 0.153846 , 0.671097
0.410256 , 0.179487 , 0.631222
0.410256 , 0.205128 , 0.585706
0.410256 , 0.230769 , 0.536359
0.410256 , 0.256410 , 0.480915
0.410256 , 0.282051 , 0.420305
0.410256 , 0.307692 , 0.354617
0.410256 , 0.333333 , 0.283956
0.410256 , 0.358974 , 0.209212
0.410256 , 0.384615 , 0.131738
0.410256 , 0.410256 , 0.050736
0.410256 , 0.435897 , -0.032942
0.410256 , 0.461538 , -0.118298
0.410256 , 0.487179 , -0.204314
0.410256 , 0.512821 , -0.291912
0.410256 , 0.538462 , -0.379958
0.410256 , 0.564103 , -0.467199
0.410256 , 0.589744 , -0.552553
0.410256 , 0.615385 , -0.635785
0.410256 , 0.641026 , -0.716962
0.410256 , 0.666667 , -0.794352
0.410256 , 0.692308 , -0.868069
0.410256 , 0.717949 , -0.936904
0.410256 , 0.743590 , -1.001580
0.410256 , 0.769231 , -1.061945
0.410256 , 0.794872 , -1.116341
0.410256 , 0.820513 , -1.164998
0.410256 , 0.846154 , -1.207766
0.410256 , 0.871795 , -1.242973
0.410256 , 0.897436 , -1.270447
0.410256 , 0.923077 , -1.294064
0.410256 , 0.948718 , -1.310899
0.410256 , 0.974359 , -1.319837
0.410256 , 1.000000 , -1.322664
0.435897 , 0.000000 , 0.986228
0.435897 , 0.025641 , 0.982565
0.435897 , 0.051282 , 0.972185
0.435897 , 0.076923 , 0.955189
0.435897 , 0.102564 , 0.930655
0.435897 , 0.128205 , 0.899250
0.435897 , 0.153846 , 0.861300
0.435897 , 0.179487 , 0.817943
0.435897 , 0.205128 , 0.769122
0.435897 , 0.230769 , 0.715494
0.435897 , 0.256410 , 0.655151
0.435897 , 0.282051 , 0.588873
0.435897 , 0.307692 , 0.517643
0.435897 , 0.333333 , 0.442044
0.435897 , 0.358974 , 0.360916
0.435897 , 0.384615 , 0.276475
0.435897 , 0.410256 , 0.189133
0.435897 , 0.435897 , 0.099009
0.435897 , 0.461538 , 0.007418
0.435897 , 0.487179 , -0.084683
0.435897 , 0.512821 , -0.177984
0.435897 , 0.538462 , -0.272432
0.435897 , 0.564103 , -0.365696
0.435897 , 0.589744 , -0.457376
0.435897 , 0.615385 , -0.546851
0.435897 , 0.641026 , -0.633819
0.435897 , 0.666667 , -0.717612
0.435897 , 0.692308 , -0.796831
0.435897 , 0.717949 , -0.870873
0.435897 , 0.743590 , -0.939680
0.435897 , 0.769231 , -1.004983
0.435897 , 0.794872 , -1.063982
0.435897 , 0.820513 , -1.117324
0.435897 , 0.846154 , -1.163700
0.435897 , 0.871795 , -1.202349
0.435897 , 0.897436 , -1.232382
0.435897 , 0.923077 , -1.256958
0.435897 , 0.948718 , -1.275065
0.435897 , 0.974359 , -1.284748
0.435897 , 1.000000 , -1.288334
0.461538 , 0.000000 , 1.188460
0.461538 , 0.025641 , 1.183956
0.461538 , 0.051282 , 1.171929
0.461538 , 0.076923 , 1.152532
0.461538 , 0.102564 , 1.125732
0.461538 , 0.128205 , 1.091192
0.461538 , 0.153846 , 1.050222
0.461538 , 0.179487 , 1.002648
0.461538 , 0.205128 , 0.949698
0.461538 , 0.230769 , 0.891201
0.461538 , 0.256410 , 0.825670
0.461538 , 0.282051 , 0.753702
0.461538 , 0.307692 , 0.676538
0.461538 , 0.333333 , 0.594517
0.461538 , 0.358974 , 0.507541
0.461538 , 0.384615 , 0.415955
0.461538 , 0.410256 , 0.321395
0.461538 , 0.435897 , 0.224997
0.461538 , 0.461538 , 0.126739
0.461538 , 0.487179 , 0.027395
0.461538 , 0.512821 , -0.072982
0.461538 , 0.538462 , -0.173691
0.461538 , 0.564103 , -0.273594
0.461538 , 0.589744 , -0.372234
0.461538 , 0.615385 , -0.468001
0.461538 , 0.641026 , -0.561230
0.461538 , 0.666667 , -0.650936
0.461538 , 0.692308 , -0.736558
0.461538 , 0.717949 , -0.816857
0.461538 , 0.743590 , -0.890918
0.461538 , 0.769231 , -0.960498
0.461538 , 0.794872 , -1.024564
0.461538 , 0.820513 , -1.082176
0.461538 , 0.846154 , -1.132093
0.461538 , 0.871795 , -1.173336
0.461538 , 0.897436 , -1.206410
0.461538 , 0.923077 , -1.232834
0.461538 , 0.948718 , -1.251866
0.461538 , 0.974359 , -1.262491
0.461538 , 1.000000 , -1.266257
0.487179 , 0.000000 , 1.388411
0.487179 , 0.025641 , 1.383687
0.487179 , 0.051282 , 1.370425
0.487179 , 0.076923 , 1.348939
0.487179 , 0.102564 , 1.319219
0.487179 , 0.128205 , 1.281887
0.487179 , 0.153846 , 1.237304
0.487179 , 0.179487 , 1.186067
0.487179 , 0.205128 , 1.128786
0.487179 , 0.230769 , 1.064752
0.487179 , 0.256410 , 0.993351
0.487179 , 0.282051 , 0.915201
0.487179 , 0.307692 , 0.831841
0.487179 , 0.333333 , 0.743026
0.487179 , 0.358974 , 0.649097
0.487179 , 0.384615 , 0.550677
0.487179 , 0.410256 , 0.448527
0.487179 , 0.435897 , 0.344737
0.487179 , 0.461538 , 0.239217
0.487179 , 0.487179 , 0.132347
0.487179 , 0.512821 , 0.024451
0.487179 , 0.538462 , -0.083368
0.487179 , 0.564103 , -0.190353
0.487179 , 0.589744 , -0.296316
0.487179 , 0.615385 , -0.399425
0.487179 , 0.641026 , -0.500044
0.487179 , 0.666667 , -0.596204
0.487179 , 0.692308 , -0.687889
0.487179 , 0.717949 , -0.774400
0.487179 , 0.743590 , -0.854489
0.487179 , 0.769231 , -0.928801
0.487179 , 0.794872 , -0.997505
0.487179 , 0.820513 , -1.058970
0.487179 , 0.846154 , -1.112578
0.487179 , 0.871795 , -1.157419
0.487179 , 0.897436 , -1.193178
0.487179 , 0.923077 , -1.221210
0.487179 , 0.948718 , -1.241761
0.487179 , 0.974359 , -1.253664
0.487179 , 1.000000 , -1.257817
0.512821 , 0.000000 , 1.587156
0.512821 , 0.025641 , 1.582455
0.512821 , 0.051282 , 1.568379
0.512821 , 0.076923 , 1.545371
0.512821 , 0.102564 , 1.513073
0.512821 , 0.128205 , 1.472911
0.512821 , 0.153846 , 1.425167
0.512821 , 0.179487 , 1.369645
0.512821 , 0.205128 , 1.307325
0.512821 , 0.230769 , 1.237008
0.512821 , 0.256410 , 1.159440
0.512821 , 0.282051 , 1.075028
0.512821 , 0.307692 , 0.984522
0.512821 , 0.333333 , 0.888311
0.512821 , 0.358974 , 0.786982
0.512821 , 0.384615 , 0.681570
0.512821 , 0.410256 , 0.571662
0.512821 , 0.435897 , 0.459451
0.512821 , 0.461538 , 0.345475
0.512821 , 0.487179 , 0.230031
0.512821 , 0.512821 , 0.114331
0.512821 , 0.538462 , -0.001591
0.512821 , 0.564103 , -0.116488
0.512821 , 0.589744 , -0.230852
0.512821 , 0.615385 , -0.342097
0.512821 , 0.641026 , -0.450262
0.512821 , 0.666667 , -0.553797
0.512821 , 0.692308 , -0.652306
0.512821 , 0.717949 , -0.744740
0.512821 , 0.743590 , -0.830842
0.512821 , 0.769231 , -0.910596
0.512821 , 0.794872 , -0.984346
0.512821 , 0.820513 , -1.049941
0.512821 , 0.846154 , -1.106646
0.512821 , 0.871795 , -1.154516
0.512821 , 0.897436 , -1.193426
0.512821 , 0.923077 , -1.223524
0.512821 , 0.948718 , -1.245017
0.512821 , 0.974359 , -1.258126
0.512821 , 1.000000 , -1.262567
0.538462 , 0.000000 , 1.787373
0.538462 , 0.025641 , 1.782635
0.538462 , 0.051282 , 1.767735
0.538462 , 0.076923 , 1.742832
0.538462 , 0.102564 , 1.708387
0.538462 , 0.128205 , 1.665218
0.538462 , 0.153846 , 1.614101
0.538462 , 0.179487 , 1.554597
0.538462 , 0.205128 , 1.487423
0.538462 , 0.230769 , 1.410627
0.538462 , 0.256410 , 1.325906
0.538462 , 0.282051 , 1.235036
0.538462 , 0.307692 , 1.137069
0.538462 , 0.333333 , 1.032846
0.538462 , 0.358974 , 0.923207
0.538462 , 0.384615 , 0.809132
0.538462 , 0.410256 , 0.690889
0.538462 , 0.435897 , 0.569187
0.538462 , 0.461538 , 0.445626
0.538462 , 0.487179 , 0.321191
0.538462 , 0.512821 , 0.195600
0.538462 , 0.538462 , 0.070631
0.538462 , 0.564103 , -0.053292
0.538462 , 0.589744 , -0.176040
0.538462 , 0.615385 , -0.295693
0.538462 , 0.641026 , -0.412036
0.538462 , 0.666667 , -0.523152
0.538462 , 0.692308 , -0.628545
0.538462 , 0.717949 , -0.727610
0.538462 , 0.743590 , -0.820326
0.538462 , 0.769231 , -0.905521
0.538462 , 0.794872 , -0.984178
0.538462 , 0.820513 , -1.054722
0.538462 , 0.846154 , -1.115242
0.538462 , 0.871795 , -1.166317
0.538462 , 0.897436 , -1.208106
0.538462 , 0.923077 , -1.240654
0.538462 , 0.948718 , -1.263392
0.538462 , 0.974359 , -1.276962
0.538462 , 1.000000 , -1.281594
0.564103 , 0.000000 , 1.990700
0.564103 , 0.025641 , 1.985227
0.564103 , 0.051282 , 1.969095
0.564103 , 0.076923 , 1.942348
0.564103 , 0.102564 , 1.905929
0.564103 , 0.128205 , 1.860169
0.564103 , 0.153846 , 1.805115
0.564103 , 0.179487 , 1.740983
0.564103 , 0.205128 , 1.669003
0.564103 , 0.230769 , 1.586627
0.564103 , 0.256410 , 1.495250
0.564103 , 0.282051 , 1.396834
0.564103 , 0.307692 , 1.290551
0.564103 , 0.333333 , 1.177340
0.564103 , 0.358974 , 1.058373
0.564103 , 0.384615 , 0.934657
0.564103 , 0.410256 , 0.806562
0.564103 , 0.435897 , 0.674584
0.564103 , 0.461538 , 0.540408
0.564103 , 0.487179 , 0.405721
0.564103 , 0.512821 , 0.269798
0.564103 , 0.538462 , 0.134039
0.564103 , 0.564103 , -0.000202
0.564103 , 0.589744 , -0.132180
0.564103 , 0.615385 , -0.260874
0.564103 , 0.641026 , -0.385814
0.564103 , 0.666667 , -0.505101
0.564103 , 0.692308 , -0.617898
0.564103 , 0.717949 , -0.724776
0.564103 , 0.743590 , -0.824652
0.564103 , 0.769231 , -0.915614
0.564103 , 0.794872 , -0.998251
0.564103 , 0.820513 , -1.073653
0.564103 , 0.846154 , -1.138141
0.564103 , 0.871795 , -1.192531
0.564103 , 0.897436 , -1.237389
0.564103 , 0.923077 , -1.272227
0.564103 , 0.948718 , -1.296796
0.564103 , 0.974359 , -1.310554
0.564103 , 1.000000 , -1.315644
0.589744 , 0.000000 , 2.198387
0.589744 , 0.025641 , 2.192177
0.589744 , 0.051282 , 2.174128
0.589744 , 0.076923 , 2.146083
0.589744 , 0.102564 , 2.107598
0.589744 , 0.128205 , 2.058994
0.589744 , 0.153846 , 2.000235
0.589744 , 0.179487 , 1.931494
0.589744 , 0.205128 , 1.853106
0.589744 , 0.230769 , 1.764453
0.589744 , 0.256410 , 1.666701
0.589744 , 0.282051 , 1.560354
0.589744 , 0.307692 , 1.445340
0.589744 , 0.333333 , 1.322746
0.589744 , 0.358974 , 1.193765
0.589744 , 0.384615 , 1.059116
0.589744 , 0.410256 , 0.919891
0.589744 , 0.435897 , 0.776215
0.589744 , 0.461538 , 0.630323
0.589744 , 0.487179 , 0.483579
0.589744 , 0.512821 , 0.335665
0.589744 , 0.538462 , 0.188615
0.589744 , 0.564103 , 0.042524
0.589744 , 0.589744 , -0.099376
0.589744 , 0.615385 , -0.237890
0.589744 , 0.641026 , -0.372493
0.589744 , 0.666667 , -0.501102
0.589744 , 0.692308 , -0.622240
0.589744 , 0.717949 , -0.736566
0.589744 , 0.743590 , -0.843032
0.589744 , 0.769231 , -0.940272
0.589744 , 0.794872 , -1.027562
0.589744 , 0.820513 , -1.106886
0.589744 , 0.846154 , -1.175637
0.589744 , 0.871795 , -1.233204
0.589744 , 0.897436 , -1.281042
0.589744 , 0.923077 , -1.318598
0.589744 , 0.948718 , -1.344560
0.589744 , 0.974359 , -1.359582
0.589744 , 1.000000 , -1.364498
0.615385 , 0.000000 , 2.409750
0.615385 , 0.025641 , 2.403510
0.615385 , 0.051282 , 2.384456
0.615385 , 0.076923 , 2.354522
0.615385 , 0.102564 , 2.314167
0.615385 , 0.128205 , 2.262943
0.615385 , 0.153846 , 2.201071
0.615385 , 0.179487 , 2.126744
0.615385 , 0.205128 , 2.042381
0.615385 , 0.230769 , 1.947234
0.615385 , 0.256410 , 1.842523
0.615385 , 0.282051 , 1.727327
0.615385 , 0.307692 , 1.602747
0.615385 , 0.333333 , 1.470423
0.615385 , 0.358974 , 1.330264
0.615385 , 0.384615 , 1.183244
0.615385 , 0.410256 , 1.031106
0.615385 , 0.435897 , 0.874878
0.615385 , 0.461538 , 0.715847
0.615385 , 0.487179 , 0.555615
0.615385 , 0.512821 , 0.394518
0.615385 , 0.538462 , 0.234327
0.615385 , 0.564103 , 0.075876
0.615385 , 0.589744 , -0.078319
0.615385 , 0.615385 , -0.227951
0.615385 , 0.641026 , -0.372939
0.615385 , 0.666667 , -0.511803
0.615385 , 0.692308 , -0.642794
0.615385 , 0.717949 , -0.764940
0.615385 , 0.743590 , -0.878341
0.615385 , 0.769231 , -0.981267
0.615385 , 0.794872 , -1.073789
0.615385 , 0.820513 , -1.157061
0.615385 , 0.846154 , -1.229534
0.615385 , 0.871795 , -1.290858
0.615385 , 0.897436 , -1.341392
0.615385 , 0.923077 , -1.381449
0.615385 , 0.948718 , -1.409228
0.615385 , 0.974359 , -1.425471
0.615385 , 1.000000 , -1.430963
0.641026 , 0.000000 , 2.626469
0.641026 , 0.025641 , 2.619735
0.641026 , 0.051282 , 2.600070
0.641026 , 0.076923 , 2.569435
0.641026 , 0.102564 , 2.526663
0.641026 , 0.128205 , 2.472659
0.641026 , 0.153846 , 2.407469
0.641026 , 0.179487 , 2.329124
0.641026 , 0.205128 , 2.238347
0.641026 , 0.230769 , 2.136434
0.641026 , 0.256410 , 2.024010
0.641026 , 0.282051 , 1.899987
0.641026 , 0.307692 , 1.765379
0.641026 , 0.333333 , 1.621369
0.641026 , 0.358974 , 1.468931
0.641026 , 0.384615 , 1.308846
0.641026 , 0.410256 , 1.142514
0.641026 , 0.435897 , 0.972006
0.641026 , 0.461538 , 0.798514
0.641026 , 0.487179 , 0.623170
0.641026 , 0.512821 , 0.446666
0.641026 , 0.538462 , 0.272215
0.641026 , 0.564103 , 0.099830
0.641026 , 0.589744 , -0.068392
0.641026 , 0.615385 , -0.231446
0.641026 , 0.641026 , -0.388783
0.641026 , 0.666667 , -0.538748
0.641026 , 0.692308 , -0.679645
0.641026 , 0.717949 , -0.809749
0.641026 , 0.743590 , -0.929766
0.641026 , 0.769231 , -1.039252
0.641026 , 0.794872 , -1.137424
0.641026 , 0.820513 , -1.225562
0.641026 , 0.846154 , -1.302422
0.641026 , 0.871795 , -1.366572
0.641026 , 0.897436 , -1.419393
0.641026 , 0.923077 , -1.460988
0.641026 , 0.948718 , -1.490235
0.641026 , 0.974359 , -1.507803
0.641026 , 1.000000 , -1.513485
0.666667 , 0.000000 , 2.848744
0.666667 , 0.025641 , 2.842083
0.666667 , 0.051282 , 2.822579
0.666667 , 0.076923 , 2.791244
0.666667 , 0.102564 , 2.746930
0.666667 , 0.128205 , 2.689434
0.666667 , 0.153846 , 2.620679
0.666667 , 0.179487 , 2.538538
0.666667 , 0.205128 , 2.442023
0.666667 , 0.230769 , 2.333021
0.666667 , 0.256410 , 2.212271
0.666667 , 0.282051 , 2.079555
0.666667 , 0.307692 , 1.934585
0.666667 , 0.333333 , 1.777783
0.666667 , 0.358974 , 1.611413
0.666667 , 0.384615 , 1.437925
0.666667 , 0.410256 , 1.256235
0.666667 , 0.435897 , 1.069278
0.666667 , 0.461538 , 0.878828
0.666667 , 0.487179 , 0.686530
0.666667 , 0.512821 , 0.492816
0.666667 , 0.538462 , 0.301390
0.666667 , 0.564103 , 0.113879
0.666667 , 0.589744 , -0.069850
0.666667 , 0.615385 , -0.247564
0.666667 , 0.641026 , -0.418219
0.666667 , 0.666667 , -0.580791
0.666667 , 0.692308 , -0.732555
0.666667 , 0.717949 , -0.872199
0.666667 , 0.743590 , -0.999875
0.666667 , 0.769231 , -1.116483
0.666667 , 0.794872 , -1.220494
0.666667 , 0.820513 , -1.313412
0.666667 , 0.846154 , -1.393539
0.666667 , 0.871795 , -1.460807
0.666667 , 0.897436 , -1.515521
0.666667 , 0.923077 , -1.558105
0.666667 , 0.948718 , -1.587850
0.666667 , 0.974359 , -1.606374
0.666667 , 1.000000 , -1.612343
0.692308 , 0.000000 , 3.077977
0.692308 , 0.025641 , 3.071466
0.692308 , 0.051282 , 3.052248
0.692308 , 0.076923 , 3.019807
0.692308 , 0.102564 , 2.974317
0.692308 , 0.128205 , 2.914939
0.692308 , 0.153846 , 2.842629
0.692308 , 0.179487 , 2.756232
0.692308 , 0.205128 , 2.653362
0.692308 , 0.230769 , 2.537990
0.692308 , 0.256410 , 2.409731
0.692308 , 0.282051 , 2.267486
0.692308 , 0.307692 , 2.110626
0.692308 , 0.333333 , 1.941281
0.692308 , 0.358974 , 1.759777
0.692308 , 0.384615 , 1.570015
0.692308 , 0.410256 , 1.372032
0.692308 , 0.435897 , 1.167366
0.692308 , 0.461538 , 0.957915
0.692308 , 0.487179 , 0.746048
0.692308 , 0.512821 , 0.533326
0.692308 , 0.538462 , 0.322881
0.692308 , 0.564103 , 0.117459
0.692308 , 0.589744 , -0.083476
0.692308 , 0.615385 , -0.277755
0.692308 , 0.641026 , -0.463861
0.692308 , 0.666667 , -0.639266
0.692308 , 0.692308 , -0.802964
0.692308 , 0.717949 , -0.953812
0.692308 , 0.743590 , -1.090036
0.692308 , 0.769231 , -1.213352
0.692308 , 0.794872 , -1.322604
0.692308 , 0.820513 , -1.419430
0.692308 , 0.846154 , -1.503411
0.692308 , 0.871795 , -1.573200
0.692308 , 0.897436 , -1.629660
0.692308 , 0.923077 , -1.673208
0.692308 , 0.948718 , -1.703288
0.692308 , 0.974359 , -1.721730
0.692308 , 1.000000 , -1.728307
0.717949 , 0.000000 , 3.314739
0.717949 , 0.025641 , 3.308740
0.717949 , 0.051282 , 3.289748
0.717949 , 0.076923 , 3.256965
0.717949 , 0.102564 , 3.210622
0.717949 , 0.128205 , 3.149810
0.717949 , 0.153846 , 3.074723
0.717949 , 0.179487 , 2.984507
0.717949 , 0.205128 , 2.876806
0.717949 , 0.230769 , 2.754203
0.717949 , 0.256410 , 2.618344
0.717949 , 0.282051 , 2.466606
0.717949 , 0.307692 , 2.296861
0.717949 , 0.333333 , 2.112747
0.717949 , 0.358974 , 1.915239
0.717949 , 0.384615 , 1.707950
0.717949 , 0.410256 , 1.490619
0.717949 , 0.435897 , 1.265569
0.717949 , 0.461538 , 1.035138
0.717949 , 0.487179 , 0.801713
0.717949 , 0.512821 , 0.567654
0.717949 , 0.538462 , 0.335701
0.717949 , 0.564103 , 0.109680
0.717949 , 0.589744 , -0.110108
0.717949 , 0.615385 , -0.323244
0.717949 , 0.641026 , -0.526351
0.717949 , 0.666667 , -0.716629
0.717949 , 0.692308 , -0.892773
0.717949 , 0.717949 , -1.055229
0.717949 , 0.743590 , -1.201441
0.717949 , 0.769231 , -1.332307
0.717949 , 0.794872 , -1.446573
0.717949 , 0.820513 , -1.546504
0.717949 , 0.846154 , -1.633156
0.717949 , 0.871795 , -1.705360
0.717949 , 0.897436 , -1.762822
0.717949 , 0.923077 , -1.806608
0.717949 , 0.948718 , -1.837620
0.717949 , 0.974359 , -1.856123
0.717949 , 1.000000 , -1.862742
0.743590 , 0.000000 , 3.560079
0.743590 , 0.025641 , 3.554066
0.743590 , 0.051282 , 3.535287
0.743590 , 0.076923 , 3.503050
0.743590 , 0.102564 , 3.456219
0.743590 , 0.128205 , 3.393913
0.743590 , 0.153846 , 3.317607
0.743590 , 0.179487 , 3.225504
0.743590 , 0.205128 , 3.115489
0.743590 , 0.230769 , 2.986283
0.743590 , 0.256410 , 2.840383
0.743590 , 0.282051 , 2.676830
0.743590 , 0.307692 , 2.493825
0.743590 , 0.333333 , 2.295108
0.743590 , 0.358974 , 2.080238
0.743590 , 0.384615 , 1.852751
0.743590 , 0.410256 , 1.613567
0.743590 , 0.435897 , 1.365705
0.743590 , 0.461538 , 1.111795
0.743590 , 0.487179 , 0.853859
0.743590 , 0.512821 , 0.595863
0.743590 , 0.538462 , 0.339739
0.743590 , 0.564103 , 0.089877
0.743590 , 0.589744 , -0.152170
0.743590 , 0.615385 , -0.386007
0.743590 , 0.641026 , -0.607493
0.743590 , 0.666667 , -0.814796
0.743590 , 0.692308 , -1.005404
0.743590 , 0.717949 , -1.179723
0.743590 , 0.743590 , -1.335234
0.743590 , 0.769231 , -1.473769
0.743590 , 0.794872 , -1.593219
0.743590 , 0.820513 , -1.697080
0.743590 , 0.846154 , -1.785363
0.743590 , 0.871795 , -1.858109
0.743590 , 0.897436 , -1.915846
0.743590 , 0.923077 , -1.959418
0.743590 , 0.948718 , -1.989637
0.743590 , 0.974359 , -2.008336
0.743590 , 1.000000 , -2.014812
0.769231 , 0.000000 , 3.813142
0.769231 , 0.025641 , 3.807174
0.769231 , 0.051282 , 3.789701
0.769231 , 0.076923 , 3.758537
0.769231 , 0.102564 , 3.712840
0.769231 , 0.128205 , 3.651387
0.769231 , 0.153846 , 3.574841
0.769231 , 0.179487 , 3.481168
0.769231 , 0.205128 , 3.368103
0.769231 , 0.230769 , 3.233411
0.769231 , 0.256410 , 3.078030
0.769231 , 0.282051 , 2.901944
0.769231 , 0.307692 , 2.704222
0.769231 , 0.333333 , 2.488452
0.769231 , 0.358974 , 2.255503
0.769231 , 0.384615 , 2.005796
0.769231 , 0.410256 , 1.742443
0.769231 , 0.435897 , 1.469314
0.769231 , 0.461538 , 1.189195
0.769231 , 0.487179 , 0.903995
0.769231 , 0.512821 , 0.617835
0.769231 , 0.538462 , 0.334104
0.769231 , 0.564103 , 0.057223
0.769231 , 0.589744 , -0.210445
0.769231 , 0.615385 , -0.467054
0.769231 , 0.641026 , -0.709733
0.769231 , 0.666667 , -0.935389
0.769231 , 0.692308 , -1.141778
0.769231 , 0.717949 , -1.328192
0.769231 , 0.743590 , -1.493986
0.769231 , 0.769231 , -1.640100
0.769231 , 0.794872 , -1.765239
0.769231 , 0.820513 , -1.872227
0.769231 , 0.846154 , -1.961449
0.769231 , 0.871795 , -2.033105
0.769231 , 0.897436 , -2.089730
0.769231 , 0.923077 , -2.131807
0.769231 , 0.948718 , -2.160650
0.769231 , 0.974359 , -2.177507
0.769231 , 1.000000 , -2.183466
0.794872 , 0.000000 , 4.072791
0.794872 , 0.025641 , 4.067751
0.794872 , 0.051282 , 4.051877
0.794872 , 0.076923 , 4.023688
0.794872 , 0.102564 , 3.980886
0.794872 , 0.128205 , 3.922550
0.794872 , 0.153846 , 3.847638
0.794872 , 0.179487 , 3.753304
0.794872 , 0.205128 , 3.637188
0.794872 , 0.230769 , 3.496958
0.794872 , 0.256410 , 3.332885
0.794872 , 0.282051 , 3.145122
0.794872 , 0.307692 , 2.932572
0.794872 , 0.333333 , 2.698232
0.794872 , 0.358974 , 2.443592
0.794872 , 0.384615 , 2.169800
0.794872 , 0.410256 , 1.879635
0.794872 , 0.435897 , 1.577612
0.794872 , 0.461538 , 1.267751
0.794872 , 0.487179 , 0.952022
0.794872 , 0.512821 , 0.634458
0.794872 , 0.538462 , 0.319445
0.794872 , 0.564103 , 0.012040
0.794872 , 0.589744 , -0.283690
0.794872 , 0.615385 , -0.566046
0.794872 , 0.641026 , -0.833341
0.794872 , 0.666667 , -1.080350
0.794872 , 0.692308 , -1.305022
0.794872 , 0.717949 , -1.505620
0.794872 , 0.743590 , -1.681957
0.794872 , 0.769231 , -1.835612
0.794872 , 0.794872 , -1.965735
0.794872 , 0.820513 , -2.074362
0.794872 , 0.846154 , -2.162414
0.794872 , 0.871795 , -2.231647
0.794872 , 0.897436 , -2.285329
0.794872 , 0.923077 , -2.324233
0.794872 , 0.948718 , -2.350136
0.794872 , 0.974359 , -2.364630
0.794872 , 1.000000 , -2.369885
0.820513 , 0.000000 , 4.338680
0.820513 , 0.025641 , 4.334721
0.820513 , 0.051282 , 4.321991
0.820513 , 0.076923 , 4.298413
0.820513 , 0.102564 , 4.260914
0.820513 , 0.128205 , 4.207801
0.820513 , 0.153846 , 4.136395
0.820513 , 0.179487 , 4.044120
0.820513 , 0.205128 , 3.926945
0.820513 , 0.230769 , 3.782254
0.820513 , 0.256410 , 3.609538
0.820513 , 0.282051 , 3.409732
0.820513 , 0.307692 , 3.181434
0.820513 , 0.333333 , 2.927754
0.820513 , 0.358974 , 2.649280
0.820513 , 0.384615 , 2.348363
0.820513 , 0.410256 , 2.027613
0.820513 , 0.435897 , 1.692371
0.820513 , 0.461538 , 1.348152
0.820513 , 0.487179 , 0.997617
0.820513 , 0.512821 , 0.644455
0.820513 , 0.538462 , 0.294177
0.820513 , 0.564103 , -0.047996
0.820513 , 0.589744 , -0.376381
0.820513 , 0.615385 , -0.688507
0.820513 , 0.641026 , -0.981803
0.820513 , 0.666667 , -1.252081
0.820513 , 0.692308 , -1.496790
0.820513 , 0.717949 , -1.714008
0.820513 , 0.743590 , -1.901980
0.820513 , 0.769231 , -2.062250
0.820513 , 0.794872 , -2.195757
0.820513 , 0.820513 , -2.304299
0.820513 , 0.846154 , -2.389964
0.820513 , 0.871795 , -2.455026
0.820513 , 0.897436 , -2.502802
0.820513 , 0.923077 , -2.536014
0.820513 , 0.948718 , -2.557394
0.820513 , 0.974359 , -2.568370
0.820513 , 1.000000 , -2.572224
0.846154 , 0.000000 , 4.608823
0.846154 , 0.025641 , 4.606823
0.846154 , 0.051282 , 4.598995
0.846154 , 0.076923 , 4.582168
0.846154 , 0.102564 , 4.553606
0.846154 , 0.128205 , 4.509112
0.846154 , 0.153846 , 4.444621
0.846154 , 0.179487 , 4.356698
0.846154 , 0.205128 , 4.240292
0.846154 , 0.230769 , 4.092768
0.846154 , 0.256410 , 3.912319
0.846154 , 0.282051 , 3.699461
0.846154 , 0.307692 , 3.454060
0.846154 , 0.333333 , 3.179109
0.846154 , 0.358974 , 2.874225
0.846154 , 0.384615 , 2.542725
0.846154 , 0.410256 , 2.187895
0.846154 , 0.435897 , 1.815735
0.846154 , 0.461538 , 1.431680
0.846154 , 0.487179 , 1.040548
0.846154 , 0.512821 , 0.647620
0.846154 , 0.538462 , 0.257174
0.846154 , 0.564103 , -0.123562
0.846154 , 0.589744 , -0.490234
0.846154 , 0.615385 , -0.836647
0.846154 , 0.641026 , -1.159392
0.846154 , 0.666667 , -1.454428
0.846154 , 0.692308 , -1.720750
0.846154 , 0.717949 , -1.955416
0.846154 , 0.743590 , -2.156121
0.846154 , 0.769231 , -2.323729
0.846154 , 0.794872 , -2.459213
0.846154 , 0.820513 , -2.566369
0.846154 , 0.846154 , -2.647129
0.846154 , 0.871795 , -2.704190
0.846154 , 0.897436 , -2.742006
0.846154 , 0.923077 , -2.765773
0.846154 , 0.948718 , -2.779580
0.846154 , 0.974359 , -2.785632
0.846154 , 1.000000 , -2.787598
0.871795 , 0.000000 , 4.881651
0.871795 , 0.025641 , 4.882118
0.871795 , 0.051282 , 4.880961
0.871795 , 0.076923 , 4.875330
0.871795 , 0.102564 , 4.858932
0.871795 , 0.128205 , 4.826927
0.871795 , 0.153846 , 4.773602
0.871795 , 0.179487 , 4.692740
0.871795 , 0.205128 , 4.580390
0.871795 , 0.230769 , 4.431611
0.871795 , 0.256410 , 4.244565
0.871795 , 0.282051 , 4.019156
0.871795 , 0.307692 , 3.755550
0.871795 , 0.333333 , 3.456906
0.871795 , 0.358974 , 3.123384
0.871795 , 0.384615 , 2.756651
0.871795 , 0.410256 , 2.363649
0.871795 , 0.435897 , 1.949932
0.871795 , 0.461538 , 1.521229
0.871795 , 0.487179 , 1.083598
0.871795 , 0.512821 , 0.644504
0.871795 , 0.538462 , 0.208067
0.871795 , 0.564103 , -0.217262
0.871795 , 0.589744 , -0.625297
0.871795 , 0.615385 , -1.011239
0.871795 , 0.641026 , -1.367473
0.871795 , 0.666667 , -1.691641
0.871795 , 0.692308 , -1.981607
0.871795 , 0.717949 , -2.233988
0.871795 , 0.743590 , -2.447283
0.871795 , 0.769231 , -2.622013
0.871795 , 0.794872 , -2.758788
0.871795 , 0.820513 , -2.861500
0.871795 , 0.846154 , -2.933496
0.871795 , 0.871795 , -2.978434
0.871795 , 0.897436 , -3.003213
0.871795 , 0.923077 , -3.014162
0.871795 , 0.948718 , -3.016683
0.871795 , 0.974359 , -3.015420
0.871795 , 1.000000 , -3.015050
0.897436 , 0.000000 , 5.150094
0.897436 , 0.025641 , 5.154707
0.897436 , 0.051282 , 5.164909
0.897436 , 0.076923 , 5.175277
0.897436 , 0.102564 , 5.177043
0.897436 , 0.128205 , 5.163517
0.897436 , 0.153846 , 5.126037
0.897436 , 0.179487 , 5.057331
0.897436 , 0.205128 , 4.951124
0.897436 , 0.230769 , 4.803679
0.897436 , 0.256410 , 4.612038
0.897436 , 0.282051 , 4.375153
0.897436 , 0.307692 , 4.092494
0.897436 , 0.333333 , 3.767065
0.897436 , 0.358974 , 3.401048
0.897436 , 0.384615 , 2.996298
0.897436 , 0.410256 , 2.559232
0.897436 , 0.435897 , 2.097200
0.897436 , 0.461538 , 1.617400
0.897436 , 0.487179 , 1.127501
0.897436 , 0.512821 , 0.634905
0.897436 , 0.538462 , 0.146301
0.897436 , 0.564103 , -0.330341
0.897436 , 0.589744 , -0.786103
0.897436 , 0.615385 , -1.215608
0.897436 , 0.641026 , -1.610978
0.897436 , 0.666667 , -1.967777
0.897436 , 0.692308 , -2.284076
0.897436 , 0.717949 , -2.556090
0.897436 , 0.743590 , -2.781919
0.897436 , 0.769231 , -2.961901
0.897436 , 0.794872 , -3.097069
0.897436 , 0.820513 , -3.191811
0.897436 , 0.846154 , -3.250200
0.897436 , 0.871795 , -3.278813
0.897436 , 0.897436 , -3.285367
0.897436 , 0.923077 , -3.278078
0.897436 , 0.948718 , -3.264857
0.897436 , 0.974359 , -3.252851
0.897436 , 1.000000 , -3.248351
0.923077 , 0.000000 , 5.406887
0.923077 , 0.025641 , 5.417686
0.923077 , 0.051282 , 5.444796
0.923077 , 0.076923 , 5.478634
0.923077 , 0.102564 , 5.507223
0.923077 , 0.128205 , 5.519680
0.923077 , 0.153846 , 5.506292
0.923077 , 0.179487 , 5.455906
0.923077 , 0.205128 , 5.361326
0.923077 , 0.230769 , 5.217984
0.923077 , 0.256410 , 5.022660
0.923077 , 0.282051 , 4.774033
0.923077 , 0.307692 , 4.471726
0.923077 , 0.333333 , 4.117246
0.923077 , 0.358974 , 3.714018
0.923077 , 0.384615 , 3.265353
0.923077 , 0.410256 , 2.778318
0.923077 , 0.435897 , 2.261275
0.923077 , 0.461538 , 1.722795
0.923077 , 0.487179 , 1.172283
0.923077 , 0.512821 , 0.617824
0.923077 , 0.538462 , 0.068550
0.923077 , 0.564103 , -0.466538
0.923077 , 0.589744 , -0.977412
0.923077 , 0.615385 , -1.456812
0.923077 , 0.641026 , -1.896445
0.923077 , 0.666667 , -2.290921
0.923077 , 0.692308 , -2.636266
0.923077 , 0.717949 , -2.928499
0.923077 , 0.743590 , -3.166990
0.923077 , 0.769231 , -3.350106
0.923077 , 0.794872 , -3.480497
0.923077 , 0.820513 , -3.562762
0.923077 , 0.846154 , -3.603043
0.923077 , 0.871795 , -3.608538
0.923077 , 0.897436 , -3.588917
0.923077 , 0.923077 , -3.555464
0.923077 , 0.948718 , -3.518381
0.923077 , 0.974359 , -3.489501
0.923077 , 1.000000 , -3.478833
0.948718 , 0.000000 , 5.641550
0.948718 , 0.025641 , 5.661451
0.948718 , 0.051282 , 5.714291
0.948718 , 0.076923 , 5.783513
0.948718 , 0.102564 , 5.850235
0.948718 , 0.128205 , 5.899889
0.948718 , 0.153846 , 5.918736
0.948718 , 0.179487 , 5.894509
0.948718 , 0.205128 , 5.817607
0.948718 , 0.230769 , 5.682508
0.948718 , 0.256410 , 5.485515
0.948718 , 0.282051 , 5.224407
0.948718 , 0.307692 , 4.899515
0.948718 , 0.333333 , 4.512569
0.948718 , 0.358974 , 4.067126
0.948718 , 0.384615 , 3.568882
0.948718 , 0.410256 , 3.024103
0.948718 , 0.435897 , 2.443976
0.948718 , 0.461538 , 1.838080
0.948718 , 0.487179 , 1.217031
0.948718 , 0.512821 , 0.591398
0.948718 , 0.538462 , -0.027438
0.948718 , 0.564103 , -0.629491
0.948718 , 0.589744 , -1.203552
0.948718 , 0.615385 , -1.740180
0.948718 , 0.641026 , -2.230445
0.948718 , 0.666667 , -2.667746
0.948718 , 0.692308 , -3.045831
0.948718 , 0.717949 , -3.360790
0.948718 , 0.743590 , -3.610930
0.948718 , 0.769231 , -3.796322
0.948718 , 0.794872 , -3.918338
0.948718 , 0.820513 , -3.982853
0.948718 , 0.846154 , -3.997234
0.948718 , 0.871795 , -3.970113
0.948718 , 0.897436 , -3.913261
0.948718 , 0.923077 , -3.841949
0.948718 , 0.948718 , -3.770463
0.948718 , 0.974359 , -3.715977
0.948718 , 1.000000 , -3.695047
0.974359 , 0.000000 , 5.832034
0.974359 , 0.025641 , 5.870515
0.974359 , 0.051282 , 5.964590
0.974359 , 0.076923 , 6.085925
0.974359 , 0.102564 , 6.207361
0.974359 , 0.128205 , 6.307282
0.974359 , 0.153846 , 6.369694
0.974359 , 0.179487 , 6.380312
0.974359 , 0.205128 , 6.327812
0.974359 , 0.230769 , 6.205684
0.974359 , 0.256410 , 6.009316
0.974359 , 0.282051 , 5.736085
0.974359 , 0.307692 , 5.386317
0.974359 , 0.333333 , 4.962657
0.974359 , 0.358974 , 4.469978
0.974359 , 0.384615 , 3.914078
0.974359 , 0.410256 , 3.304274
0.974359 , 0.435897 , 2.651389
0.974359 , 0.461538 , 1.967367
0.974359 , 0.487179 , 1.264921
0.974359 , 0.512821 , 0.556861
0.974359 , 0.538462 , -0.143806
0.974359 , 0.564103 , -0.823909
0.974359 , 0.589744 , -1.470633
0.974359 , 0.615385 , -2.073678
0.974359 , 0.641026 , -2.621976
0.974359 , 0.666667 , -3.106975
0.974359 , 0.692308 , -3.521541
0.974359 , 0.717949 , -3.861243
0.974359 , 0.743590 , -4.123584
0.974359 , 0.769231 , -4.308129
0.974359 , 0.794872 , -4.418342
0.974359 , 0.820513 , -4.458751
0.974359 , 0.846154 , -4.438228
0.974359 , 0.871795 , -4.367235
0.974359 , 0.897436 , -4.260113
0.974359 , 0.923077 , -4.134403
0.974359 , 0.948718 , -4.010467
0.974359 , 0.974359 , -3.914052
0.974359 , 1.000000 , -3.875404
1.000000 , 0.000000 , 5.944051
1.000000 , 0.025641 , 6.020104
1.000000 , 0.051282 , 6.186322
1.000000 , 0.076923 , 6.384835
1.000000 , 0.102564 , 6.581004
1.000000 , 0.128205 , 6.749108
1.000000 , 0.153846 , 6.868415
1.000000 , 0.179487 , 6.924507
1.000000 , 0.205128 , 6.904839
1.000000 , 0.230769 , 6.800391
1.000000 , 0.256410 , 6.607462
1.000000 , 0.282051 , 6.321615
1.000000 , 0.307692 , 5.944693
1.000000 , 0.333333 , 5.480214
1.000000 , 0.358974 , 4.932380
1.000000 , 0.384615 , 4.309887
1.000000 , 0.410256 , 3.624402
1.000000 , 0.435897 , 2.886541
1.000000 , 0.461538 , 2.111949
1.000000 , 0.487179 , 1.314716
1.000000 , 0.512821 , 0.510961
1.000000 , 0.538462 , -0.284087
1.000000 , 0.564103 , -1.055033
1.000000 , 0.589744 , -1.786937
1.000000 , 0.615385 , -2.466041
1.000000 , 0.641026 , -3.080922
1.000000 , 0.666667 , -3.620145
1.000000 , 0.692308 , -4.076452
1.000000 , 0.717949 , -4.443115
1.000000 , 0.743590 , -4.717693
1.000000 , 0.769231 , -4.899807
1.000000 , 0.794872 , -4.992022
1.000000 , 0.820513 , -5.001081
1.000000 , 0.846154 , -4.934316
1.000000 , 0.871795 , -4.805435
1.000000 , 0.897436 , -4.630497
1.000000 , 0.923077 , -4.429788
1.000000 , 0.948718 , -4.228015
1.000000 , 0.974359 , -4.059876
1.000000 , 1.000000 , -3.982876
