0.000000 , 0.000000 , 0.994762
0.000000 , 0.025641 , 0.994762
0.000000 , 0.051282 , 0.994762
0.000000 , 0.076923 , 0.994762
0.000000 , 0.102564 , 0.994762
0.000000 , 0.128205 , 0.994762
0.000000 , 0.153846 , 0.994762
0.000000 , 0.179487 , 0.994762
0.000000 , 0.205128 , 0.994762
0.000000 , 0.230769 , 0.994762
0.000000 , 0.256410 , 0.994762
0.000000 , 0.282051 , 0.994762
0.000000 , 0.307692 , 0.994762
0.000000 , 0.333333 , 0.994762
0.000000 , 0.358974 , 0.994762
0.000000 , 0.384615 , 0.994762
0.000000 , 0.410256 , 0.994762
0.000000 , 0.435897 , 0.994762
0.000000 , 0.461538 , 0.994762
0.000000 , 0.487179 , 0.994762
0.000000 , 0.512821 , 0.994762
0.000000 , 0.538462 , 0.994762
0.000000 , 0.564103 , 0.994762
0.000000 , 0.589744 , 0.994762
0.000000 , 0.615385 , 0.994762
0.000000 , 0.641026 , 0.994762
0.000000 , 0.666667 , 0.994762
0.000000 , 0.692308 , 0.994762
0.000000 , 0.717949 , 0.994762
0.000000 , 0.743590 , 0.994762
0.000000 , 0.769231 , 0.994762
0.000000 , 0.794872 , 0.994762
0.000000 , 0.820513 , 0.994762
0.000000 , 0.846154 , 0.994762
0.000000 , 0.871795 , 0.994762
0.000000 , 0.897436 , 0.994762
0.000000 , 0.923077 , 0.994762
0.000000 , 0.948718 , 0.994762
0.000000 , 0.974359 , 0.994762
0.000000 , 1.000000 , 0.994762
0.025641 , 0.000000 , 0.792864
0.025641 , 0.025641 , 0.793338
0.025641 , 0.051282 , 0.794416
0.025641 , 0.076923 , 0.795034
0.025641 , 0.102564 , 0.795731
0.025641 , 0.128205 , 0.796217
0.025641 , 0.153846 , 0.796386
0.025641 , 0.179487 , 0.796193
0.025641 , 0.205128 , 0.795919
0.025641 , 0.230769 , 0.794961
0.025641 , 0.256410 , 0.793847
0.025641 , 0.282051 , 0.792958
0.025641 , 0.307692 , 0.791684
0.025641 , 0.333333 , 0.789747
0.025641 , 0.358974 , 0.787637
0.025641 , 0.384615 , 0.785833
0.025641 , 0.410256 , 0.783539
0.025641 , 0.435897 , 0.781457
0.025641 , 0.461538 , 0.778866
0.025641 , 0.487179 , 0.776183
0.025641 , 0.512821 , 0.773859
0.025641 , 0.538462 , 0.771864
0.025641 , 0.564103 , 0.769587
0.025641 , 0.589744 , 0.767426
0.025641 , 0.615385 , 0.765691
0.025641 , 0.641026 , 0.763963
0.025641 , 0.666667 , 0.762022
0.025641 , 0.692308 , 0.760369
0.025641 , 0.717949 , 0.759018
0.025641 , 0.743590 , 0.758000
0.025641 , 0.769231 , 0.757435
0.025641 , 0.794872 , 0.757049
0.025641 , 0.820513 , 0.756337
0.025641 , 0.846154 , 0.755757
0.025641 , 0.871795 , 0.756317
0.025641 , 0.897436 , 0.756459
0.025641 , 0.923077 , 0.756287
0.025641 , 0.948718 , 0.755838
0.025641 , 0.974359 , 0.755377
0.025641 , 1.000000 , 0.755272
0.051282 , 0.000000 , 0.605365
0.051282 , 0.025641 , 0.606047
0.051282 , 0.051282 , 0.607206
0.051282 , 0.076923 , 0.608693
0.051282 , 0.102564 , 0.610659
0.051282 , 0.128205 , 0.611569
0.051282 , 0.153846 , 0.611555
0.051282 , 0.179487 , 0.611324
0.051282 , 0.205128 , 0.610960
0.051282 , 0.230769 , 0.609200
0.051282 , 0.256410 , 0.606608
0.051282 , 0.282051 , 0.603997
0.051282 , 0.307692 , 0.601844
0.051282 , 0.333333 , 0.599155
0.051282 , 0.358974 , 0.595455
0.051282 , 0.384615 , 0.591466
0.051282 , 0.410256 , 0.587152
0.051282 , 0.435897 , 0.582503
0.051282 , 0.461538 , 0.577941
0.051282 , 0.487179 , 0.572930
0.051282 , 0.512821 , 0.568037
0.051282 , 0.538462 , 0.563506
0.051282 , 0.564103 , 0.559007
0.051282 , 0.589744 , 0.555768
0.051282 , 0.615385 , 0.552452
0.051282 , 0.641026 , 0.548228
0.051282 , 0.666667 , 0.544392
0.051282 , 0.692308 , 0.541892
0.051282 , 0.717949 , 0.539855
0.051282 , 0.743590 , 0.538199
0.051282 , 0.769231 , 0.536462
0.051282 , 0.794872 , 0.535162
0.051282 , 0.820513 , 0.534414
0.051282 , 0.846154 , 0.534489
0.051282 , 0.871795 , 0.533950
0.051282 , 0.897436 , 0.533549
0.051282 , 0.923077 , 0.533442
0.051282 , 0.948718 , 0.533106
0.051282 , 0.974359 , 0.532286
0.051282 , 1.000000 , 0.531373
0.076923 , 0.000000 , 0.431055
0.076923 , 0.025641 , 0.432031
0.076923 , 0.051282 , 0.433625
0.076923 , 0.076923 , 0.435317
0.076923 , 0.102564 , 0.437553
0.076923 , 0.128205 , 0.439299
0.076923 , 0.153846 , 0.439804
0.076923 , 0.179487 , 0.439206
0.076923 , 0.205128 , 0.438228
0.076923 , 0.230769 , 0.436595
0.076923 , 0.256410 , 0.432838
0.076923 , 0.282051 , 0.428727
0.076923 , 0.307692 , 0.424904
0.076923 , 0.333333 , 0.421479
0.076923 , 0.358974 , 0.416729
0.076923 , 0.384615 , 0.410933
0.076923 , 0.410256 , 0.404655
0.076923 , 0.435897 , 0.398140
0.076923 , 0.461538 , 0.391630
0.076923 , 0.487179 , 0.384116
0.076923 , 0.512821 , 0.376626
0.076923 , 0.538462 , 0.370432
0.076923 , 0.564103 , 0.364390
0.076923 , 0.589744 , 0.358690
0.076923 , 0.615385 , 0.354199
0.076923 , 0.641026 , 0.348982
0.076923 , 0.666667 , 0.343572
0.076923 , 0.692308 , 0.339269
0.076923 , 0.717949 , 0.335871
0.076923 , 0.743590 , 0.333078
0.076923 , 0.769231 , 0.330918
0.076923 , 0.794872 , 0.329205
0.076923 , 0.820513 , 0.327609
0.076923 , 0.846154 , 0.326741
0.076923 , 0.871795 , 0.326405
0.076923 , 0.897436 , 0.326010
0.076923 , 0.923077 , 0.325702
0.076923 , 0.948718 , 0.325328
0.076923 , 0.974359 , 0.324790
0.076923 , 1.000000 , 0.323581
0.102564 , 0.000000 , 0.269224
0.102564 , 0.025641 , 0.270096
0.102564 , 0.051282 , 0.271973
0.102564 , 0.076923 , 0.274242
0.102564 , 0.102564 , 0.276339
0.102564 , 0.128205 , 0.277516
0.102564 , 0.153846 , 0.278592
0.102564 , 0.179487 , 0.278209
0.102564 , 0.205128 , 0.276959
0.102564 , 0.230769 , 0.275785
0.102564 , 0.256410 , 0.272566
0.102564 , 0.282051 , 0.267749
0.102564 , 0.307692 , 0.261608
0.102564 , 0.333333 , 0.256413
0.102564 , 0.358974 , 0.250338
0.102564 , 0.384615 , 0.243622
0.102564 , 0.410256 , 0.235803
0.102564 , 0.435897 , 0.226647
0.102564 , 0.461538 , 0.218648
0.102564 , 0.487179 , 0.209849
0.102564 , 0.512821 , 0.199944
0.102564 , 0.538462 , 0.191306
0.102564 , 0.564103 , 0.183544
0.102564 , 0.589744 , 0.176188
0.102564 , 0.615385 , 0.170326
0.102564 , 0.641026 , 0.163709
0.102564 , 0.666667 , 0.157069
0.102564 , 0.692308 , 0.151205
0.102564 , 0.717949 , 0.146410
0.102564 , 0.743590 , 0.142856
0.102564 , 0.769231 , 0.139952
0.102564 , 0.794872 , 0.137863
0.102564 , 0.820513 , 0.135356
0.102564 , 0.846154 , 0.134980
0.102564 , 0.871795 , 0.134837
0.102564 , 0.897436 , 0.133277
0.102564 , 0.923077 , 0.132151
0.102564 , 0.948718 , 0.132153
0.102564 , 0.974359 , 0.132468
0.102564 , 1.000000 , 0.131924
0.128205 , 0.000000 , 0.117767
0.128205 , 0.025641 , 0.119000
0.128205 , 0.051282 , 0.120878
0.128205 , 0.076923 , 0.123434
0.128205 , 0.102564 , 0.125757
0.128205 , 0.128205 , 0.127065
0.128205 , 0.153846 , 0.128053
0.128205 , 0.179487 , 0.128607
0.128205 , 0.205128 , 0.127356
0.128205 , 0.230769 , 0.126358
0.128205 , 0.256410 , 0.123297
0.128205 , 0.282051 , 0.117820
0.128205 , 0.307692 , 0.110933
0.128205 , 0.333333 , 0.104161
0.128205 , 0.358974 , 0.096562
0.128205 , 0.384615 , 0.088746
0.128205 , 0.410256 , 0.079184
0.128205 , 0.435897 , 0.069104
0.128205 , 0.461538 , 0.059280
0.128205 , 0.487179 , 0.049069
0.128205 , 0.512821 , 0.037596
0.128205 , 0.538462 , 0.025646
0.128205 , 0.564103 , 0.015832
0.128205 , 0.589744 , 0.007278
0.128205 , 0.615385 , -0.000002
0.128205 , 0.641026 , -0.007653
0.128205 , 0.666667 , -0.015102
0.128205 , 0.692308 , -0.021537
0.128205 , 0.717949 , -0.027864
0.128205 , 0.743590 , -0.033119
0.128205 , 0.769231 , -0.037186
0.128205 , 0.794872 , -0.039608
0.128205 , 0.820513 , -0.041171
0.128205 , 0.846154 , -0.042124
0.128205 , 0.871795 , -0.042732
0.128205 , 0.897436 , -0.044301
0.128205 , 0.923077 , -0.045551
0.128205 , 0.948718 , -0.045579
0.128205 , 0.974359 , -0.045427
0.128205 , 1.000000 , -0.045546
0.153846 , 0.000000 , -0.023313
0.153846 , 0.025641 , -0.021630
0.153846 , 0.051282 , -0.019520
0.153846 , 0.076923 , -0.017061
0.153846 , 0.102564 , -0.015155
0.153846 , 0.128205 , -0.013369
0.153846 , 0.153846 , -0.012282
0.153846 , 0.179487 , -0.011596
0.153846 , 0.205128 , -0.011531
0.153846 , 0.230769 , -0.012750
0.153846 , 0.256410 , -0.016191
0.153846 , 0.282051 , -0.021482
0.153846 , 0.307692 , -0.028304
0.153846 , 0.333333 , -0.036301
0.153846 , 0.358974 , -0.045004
0.153846 , 0.384615 , -0.054391
0.153846 , 0.410256 , -0.065643
0.153846 , 0.435897 , -0.077131
0.153846 , 0.461538 , -0.087794
0.153846 , 0.487179 , -0.099717
0.153846 , 0.512821 , -0.112231
0.153846 , 0.538462 , -0.125388
0.153846 , 0.564103 , -0.137272
0.153846 , 0.589744 , -0.147395
0.153846 , 0.615385 , -0.156298
0.153846 , 0.641026 , -0.164713
0.153846 , 0.666667 , -0.172929
0.153846 , 0.692308 , -0.180109
0.153846 , 0.717949 , -0.186940
0.153846 , 0.743590 , -0.192969
0.153846 , 0.769231 , -0.199262
0.153846 , 0.794872 , -0.203586
0.153846 , 0.820513 , -0.205015
0.153846 , 0.846154 , -0.206113
0.153846 , 0.871795 , -0.206547
0.153846 , 0.897436 , -0.207279
0.153846 , 0.923077 , -0.208581
0.153846 , 0.948718 , -0.208928
0.153846 , 0.974359 , -0.208594
0.153846 , 1.000000 , -0.208766
0.179487 , 0.000000 , -0.153584
0.179487 , 0.025641 , -0.152857
0.179487 , 0.051282 , -0.150119
0.179487 , 0.076923 , -0.147956
0.179487 , 0.102564 , -0.146216
0.179487 , 0.128205 , -0.145027
0.179487 , 0.153846 , -0.143430
0.179487 , 0.179487 , -0.142533
0.179487 , 0.205128 , -0.141927
0.179487 , 0.230769 , -0.143529
0.179487 , 0.256410 , -0.147326
0.179487 , 0.282051 , -0.152612
0.179487 , 0.307692 , -0.159072
0.179487 , 0.333333 , -0.166622
0.179487 , 0.358974 , -0.176374
0.179487 , 0.384615 , -0.186854
0.179487 , 0.410256 , -0.199187
0.179487 , 0.435897 , -0.212324
0.179487 , 0.461538 , -0.224127
0.179487 , 0.487179 , -0.236771
0.179487 , 0.512821 , -0.250218
0.179487 , 0.538462 , -0.264150
0.179487 , 0.564103 , -0.278037
0.179487 , 0.589744 , -0.289890
0.179487 , 0.615385 , -0.299828
0.179487 , 0.641026 , -0.308977
0.179487 , 0.666667 , -0.317772
0.179487 , 0.692308 , -0.325755
0.179487 , 0.717949 , -0.333525
0.179487 , 0.743590 , -0.340260
0.179487 , 0.769231 , -0.347325
0.179487 , 0.794872 , -0.352517
0.179487 , 0.820513 , -0.354782
0.179487 , 0.846154 , -0.356078
0.179487 , 0.871795 , -0.356669
0.179487 , 0.897436 , -0.357552
0.179487 , 0.923077 , -0.358025
0.179487 , 0.948718 , -0.358083
0.179487 , 0.974359 , -0.357281
0.179487 , 1.000000 , -0.357513
0.205128 , 0.000000 , -0.274756
0.205128 , 0.025641 , -0.274493
0.205128 , 0.051282 , -0.272613
0.205128 , 0.076923 , -0.270105
0.205128 , 0.102564 , -0.268046
0.205128 , 0.128205 , -0.266998
0.205128 , 0.153846 , -0.265870
0.205128 , 0.179487 , -0.264918
0.205128 , 0.205128 , -0.264351
0.205128 , 0.230769 , -0.265704
0.205128 , 0.256410 , -0.269056
0.205128 , 0.282051 , -0.274087
0.205128 , 0.307692 , -0.280915
0.205128 , 0.333333 , -0.288989
0.205128 , 0.358974 , -0.298904
0.205128 , 0.384615 , -0.310474
0.205128 , 0.410256 , -0.323023
0.205128 , 0.435897 , -0.337009
0.205128 , 0.461538 , -0.350141
0.205128 , 0.487179 , -0.363362
0.205128 , 0.512821 , -0.377453
0.205128 , 0.538462 , -0.392383
0.205128 , 0.564103 , -0.406784
0.205128 , 0.589744 , -0.420023
0.205128 , 0.615385 , -0.431431
0.205128 , 0.641026 , -0.441392
0.205128 , 0.666667 , -0.450393
0.205128 , 0.692308 , -0.458242
0.205128 , 0.717949 , -0.466685
0.205128 , 0.743590 , -0.475122
0.205128 , 0.769231 , -0.482743
0.205128 , 0.794872 , -0.488464
0.205128 , 0.820513 , -0.491600
0.205128 , 0.846154 , -0.492936
0.205128 , 0.871795 , -0.494161
0.205128 , 0.897436 , -0.494320
0.205128 , 0.923077 , -0.493533
0.205128 , 0.948718 , -0.493191
0.205128 , 0.974359 , -0.492362
0.205128 , 1.000000 , -0.492365
0.230769 , 0.000000 , -0.388036
0.230769 , 0.025641 , -0.387917
0.230769 , 0.051282 , -0.386330
0.230769 , 0.076923 , -0.384134
0.230769 , 0.102564 , -0.381964
0.230769 , 0.128205 , -0.380612
0.230769 , 0.153846 , -0.379837
0.230769 , 0.179487 , -0.379584
0.230769 , 0.205128 , -0.379731
0.230769 , 0.230769 , -0.380939
0.230769 , 0.256410 , -0.382758
0.230769 , 0.282051 , -0.387269
0.230769 , 0.307692 , -0.393755
0.230769 , 0.333333 , -0.402816
0.230769 , 0.358974 , -0.413564
0.230769 , 0.384615 , -0.425526
0.230769 , 0.410256 , -0.437491
0.230769 , 0.435897 , -0.451559
0.230769 , 0.461538 , -0.465461
0.230769 , 0.487179 , -0.480543
0.230769 , 0.512821 , -0.495295
0.230769 , 0.538462 , -0.509719
0.230769 , 0.564103 , -0.523800
0.230769 , 0.589744 , -0.537167
0.230769 , 0.615385 , -0.549662
0.230769 , 0.641026 , -0.560969
0.230769 , 0.666667 , -0.570722
0.230769 , 0.692308 , -0.579226
0.230769 , 0.717949 , -0.587898
0.230769 , 0.743590 , -0.596550
0.230769 , 0.769231 , -0.604878
0.230769 , 0.794872 , -0.611051
0.230769 , 0.820513 , -0.615749
0.230769 , 0.846154 , -0.617997
0.230769 , 0.871795 , -0.618705
0.230769 , 0.897436 , -0.618377
0.230769 , 0.923077 , -0.616654
0.230769 , 0.948718 , -0.615903
0.230769 , 0.974359 , -0.616292
0.230769 , 1.000000 , -0.616026
0.256410 , 0.000000 , -0.494019
0.256410 , 0.025641 , -0.494099
0.256410 , 0.051282 , -0.492468
0.256410 , 0.076923 , -0.490713
0.256410 , 0.102564 , -0.488869
0.256410 , 0.128205 , -0.487662
0.256410 , 0.153846 , -0.487195
0.256410 , 0.179487 , -0.487365
0.256410 , 0.205128 , -0.487330
0.256410 , 0.230769 , -0.488232
0.256410 , 0.256410 , -0.489675
0.256410 , 0.282051 , -0.493428
0.256410 , 0.307692 , -0.500086
0.256410 , 0.333333 , -0.509005
0.256410 , 0.358974 , -0.519518
0.256410 , 0.384615 , -0.531244
0.256410 , 0.410256 , -0.543547
0.256410 , 0.435897 , -0.557076
0.256410 , 0.461538 , -0.571209
0.256410 , 0.487179 , -0.586470
0.256410 , 0.512821 , -0.601791
0.256410 , 0.538462 , -0.616565
0.256410 , 0.564103 , -0.630967
0.256410 , 0.589744 , -0.644610
0.256410 , 0.615385 , -0.657149
0.256410 , 0.641026 , -0.669417
0.256410 , 0.666667 , -0.680252
0.256410 , 0.692308 , -0.689358
0.256410 , 0.717949 , -0.698197
0.256410 , 0.743590 , -0.707190
0.256410 , 0.769231 , -0.714993
0.256410 , 0.794872 , -0.721153
0.256410 , 0.820513 , -0.725715
0.256410 , 0.846154 , -0.729409
0.256410 , 0.871795 , -0.730312
0.256410 , 0.897436 , -0.730283
0.256410 , 0.923077 , -0.729299
0.256410 , 0.948718 , -0.727996
0.256410 , 0.974359 , -0.728452
0.256410 , 1.000000 , -0.728464
0.282051 , 0.000000 , -0.593055
0.282051 , 0.025641 , -0.593236
0.282051 , 0.051282 , -0.592106
0.282051 , 0.076923 , -0.590584
0.282051 , 0.102564 , -0.589290
0.282051 , 0.128205 , -0.588071
0.282051 , 0.153846 , -0.587726
0.282051 , 0.179487 , -0.588215
0.282051 , 0.205128 , -0.588050
0.282051 , 0.230769 , -0.588126
0.282051 , 0.256410 , -0.589988
0.282051 , 0.282051 , -0.593706
0.282051 , 0.307692 , -0.599736
0.282051 , 0.333333 , -0.608935
0.282051 , 0.358974 , -0.619060
0.282051 , 0.384615 , -0.629948
0.282051 , 0.410256 , -0.641621
0.282051 , 0.435897 , -0.655041
0.282051 , 0.461538 , -0.668499
0.282051 , 0.487179 , -0.683009
0.282051 , 0.512821 , -0.697858
0.282051 , 0.538462 , -0.712837
0.282051 , 0.564103 , -0.728048
0.282051 , 0.589744 , -0.741969
0.282051 , 0.615385 , -0.754639
0.282051 , 0.641026 , -0.766952
0.282051 , 0.666667 , -0.778057
0.282051 , 0.692308 , -0.787415
0.282051 , 0.717949 , -0.796053
0.282051 , 0.743590 , -0.804807
0.282051 , 0.769231 , -0.812484
0.282051 , 0.794872 , -0.818566
0.282051 , 0.820513 , -0.822927
0.282051 , 0.846154 , -0.827847
0.282051 , 0.871795 , -0.830485
0.282051 , 0.897436 , -0.830511
0.282051 , 0.923077 , -0.830202
0.282051 , 0.948718 , -0.828768
0.282051 , 0.974359 , -0.828414
0.282051 , 1.000000 , -0.828426
0.307692 , 0.000000 , -0.685868
0.307692 , 0.025641 , -0.685575
0.307692 , 0.051282 , -0.684933
0.307692 , 0.076923 , -0.683737
0.307692 , 0.102564 , -0.682987
0.307692 , 0.128205 , -0.682067
0.307692 , 0.153846 , -0.681744
0.307692 , 0.179487 , -0.681490
0.307692 , 0.205128 , -0.681787
0.307692 , 0.230769 , -0.681789
0.307692 , 0.256410 , -0.683508
0.307692 , 0.282051 , -0.687210
0.307692 , 0.307692 , -0.692956
0.307692 , 0.333333 , -0.702093
0.307692 , 0.358974 , -0.712165
0.307692 , 0.384615 , -0.722315
0.307692 , 0.410256 , -0.733037
0.307692 , 0.435897 , -0.745435
0.307692 , 0.461538 , -0.758227
0.307692 , 0.487179 , -0.771787
0.307692 , 0.512821 , -0.785982
0.307692 , 0.538462 , -0.799886
0.307692 , 0.564103 , -0.814708
0.307692 , 0.589744 , -0.828614
0.307692 , 0.615385 , -0.841618
0.307692 , 0.641026 , -0.853857
0.307692 , 0.666667 , -0.864812
0.307692 , 0.692308 , -0.874627
0.307692 , 0.717949 , -0.883581
0.307692 , 0.743590 , -0.891453
0.307692 , 0.769231 , -0.898359
0.307692 , 0.794872 , -0.904551
0.307692 , 0.820513 , -0.909679
0.307692 , 0.846154 , -0.914625
0.307692 , 0.871795 , -0.918091
0.307692 , 0.897436 , -0.919632
0.307692 , 0.923077 , -0.919527
0.307692 , 0.948718 , -0.918240
0.307692 , 0.974359 , -0.917883
0.307692 , 1.000000 , -0.917582
0.333333 , 0.000000 , -0.773086
0.333333 , 0.025641 , -0.772518
0.333333 , 0.051282 , -0.771596
0.333333 , 0.076923 , -0.770074
0.333333 , 0.102564 , -0.769475
0.333333 , 0.128205 , -0.769229
0.333333 , 0.153846 , -0.769209
0.333333 , 0.179487 , -0.769149
0.333333 , 0.205128 , -0.769292
0.333333 , 0.230769 , -0.769820
0.333333 , 0.256410 , -0.771932
0.333333 , 0.282051 , -0.776092
0.333333 , 0.307692 , -0.781645
0.333333 , 0.333333 , -0.789466
0.333333 , 0.358974 , -0.798757
0.333333 , 0.384615 , -0.807738
0.333333 , 0.410256 , -0.817498
0.333333 , 0.435897 , -0.828941
0.333333 , 0.461538 , -0.840596
0.333333 , 0.487179 , -0.853332
0.333333 , 0.512821 , -0.866565
0.333333 , 0.538462 , -0.879560
0.333333 , 0.564103 , -0.893025
0.333333 , 0.589744 , -0.906204
0.333333 , 0.615385 , -0.919133
0.333333 , 0.641026 , -0.931736
0.333333 , 0.666667 , -0.942270
0.333333 , 0.692308 , -0.951872
0.333333 , 0.717949 , -0.960362
0.333333 , 0.743590 , -0.968286
0.333333 , 0.769231 , -0.975334
0.333333 , 0.794872 , -0.981898
0.333333 , 0.820513 , -0.987408
0.333333 , 0.846154 , -0.991929
0.333333 , 0.871795 , -0.995425
0.333333 , 0.897436 , -0.997655
0.333333 , 0.923077 , -0.998294
0.333333 , 0.948718 , -0.997249
0.333333 , 0.974359 , -0.997015
0.333333 , 1.000000 , -0.996864
0.358974 , 0.000000 , -0.852238
0.358974 , 0.025641 , -0.852211
0.358974 , 0.051282 , -0.852056
0.358974 , 0.076923 , -0.850468
0.358974 , 0.102564 , -0.850443
0.358974 , 0.128205 , -0.850669
0.358974 , 0.153846 , -0.851006
0.358974 , 0.179487 , -0.851264
0.358974 , 0.205128 , -0.852204
0.358974 , 0.230769 , -0.853735
0.358974 , 0.256410 , -0.855996
0.358974 , 0.282051 , -0.860139
0.358974 , 0.307692 , -0.864977
0.358974 , 0.333333 , -0.871188
0.358974 , 0.358974 , -0.878992
0.358974 , 0.384615 , -0.887376
0.358974 , 0.410256 , -0.895967
0.358974 , 0.435897 , -0.905928
0.358974 , 0.461538 , -0.916513
0.358974 , 0.487179 , -0.927725
0.358974 , 0.512821 , -0.939533
0.358974 , 0.538462 , -0.951662
0.358974 , 0.564103 , -0.963729
0.358974 , 0.589744 , -0.975807
0.358974 , 0.615385 , -0.987481
0.358974 , 0.641026 , -0.999156
0.358974 , 0.666667 , -1.009756
0.358974 , 0.692308 , -1.019433
0.358974 , 0.717949 , -1.028478
0.358974 , 0.743590 , -1.035879
0.358974 , 0.769231 , -1.042715
0.358974 , 0.794872 , -1.049238
0.358974 , 0.820513 , -1.054931
0.358974 , 0.846154 , -1.059277
0.358974 , 0.871795 , -1.062905
0.358974 , 0.897436 , -1.065577
0.358974 , 0.923077 , -1.067014
0.358974 , 0.948718 , -1.066655
0.358974 , 0.974359 , -1.066715
0.358974 , 1.000000 , -1.066578
0.384615 , 0.000000 , -0.925505
0.384615 , 0.025641 , -0.925908
0.384615 , 0.051282 , -0.926142
0.384615 , 0.076923 , -0.925844
0.384615 , 0.102564 , -0.926581
0.384615 , 0.128205 , -0.926870
0.384615 , 0.153846 , -0.927215
0.384615 , 0.179487 , -0.928719
0.384615 , 0.205128 , -0.929843
0.384615 , 0.230769 , -0.931980
0.384615 , 0.256410 , -0.934307
0.384615 , 0.282051 , -0.938589
0.384615 , 0.307692 , -0.942884
0.384615 , 0.333333 , -0.948239
0.384615 , 0.358974 , -0.954887
0.384615 , 0.384615 , -0.961449
0.384615 , 0.410256 , -0.968504
0.384615 , 0.435897 , -0.976991
0.384615 , 0.461538 , -0.986201
0.384615 , 0.487179 , -0.995924
0.384615 , 0.512821 , -1.006097
0.384615 , 0.538462 , -1.016572
0.384615 , 0.564103 , -1.027211
0.384615 , 0.589744 , -1.037999
0.384615 , 0.615385 , -1.048699
0.384615 , 0.641026 , -1.059130
0.384615 , 0.666667 , -1.068784
0.384615 , 0.692308 , -1.078085
0.384615 , 0.717949 , -1.086814
0.384615 , 0.743590 , -1.094666
0.384615 , 0.769231 , -1.101010
0.384615 , 0.794872 , -1.107426
0.384615 , 0.820513 , -1.113400
0.384615 , 0.846154 , -1.118028
0.384615 , 0.871795 , -1.121748
0.384615 , 0.897436 , -1.124591
0.384615 , 0.923077 , -1.126284
0.384615 , 0.948718 , -1.126983
0.384615 , 0.974359 , -1.127271
0.384615 , 1.000000 , -1.127310
0.410256 , 0.000000 , -0.994343
0.410256 , 0.025641 , -0.994739
0.410256 , 0.051282 , -0.995471
0.410256 , 0.076923 , -0.995782
0.410256 , 0.102564 , -0.997535
0.410256 , 0.128205 , -0.998684
0.410256 , 0.153846 , -0.999123
0.410256 , 0.179487 , -1.001120
0.410256 , 0.205128 , -1.002668
0.410256 , 0.230769 , -1.003748
0.410256 , 0.256410 , -1.006348
0.410256 , 0.282051 , -1.010764
0.410256 , 0.307692 , -1.014868
0.410256 , 0.333333 , -1.019540
0.410256 , 0.358974 , -1.025192
0.410256 , 0.384615 , -1.030291
0.410256 , 0.410256 , -1.035763
0.410256 , 0.435897 , -1.042825
0.410256 , 0.461538 , -1.050324
0.410256 , 0.487179 , -1.058624
0.410256 , 0.512821 , -1.066614
0.410256 , 0.538462 , -1.075410
0.410256 , 0.564103 , -1.084253
0.410256 , 0.589744 , -1.093689
0.410256 , 0.615385 , -1.102941
0.410256 , 0.641026 , -1.111974
0.410256 , 0.666667 , -1.121101
0.410256 , 0.692308 , -1.129630
0.410256 , 0.717949 , -1.138108
0.410256 , 0.743590 , -1.145451
0.410256 , 0.769231 , -1.151607
0.410256 , 0.794872 , -1.157641
0.410256 , 0.820513 , -1.162979
0.410256 , 0.846154 , -1.167570
0.410256 , 0.871795 , -1.171495
0.410256 , 0.897436 , -1.174667
0.410256 , 0.923077 , -1.176175
0.410256 , 0.948718 , -1.177263
0.410256 , 0.974359 , -1.177988
0.410256 , 1.000000 , -1.178297
0.435897 , 0.000000 , -1.058893
0.435897 , 0.025641 , -1.058937
0.435897 , 0.051282 , -1.059865
0.435897 , 0.076923 , -1.061213
0.435897 , 0.102564 , -1.062518
0.435897 , 0.128205 , -1.064477
0.435897 , 0.153846 , -1.065943
0.435897 , 0.179487 , -1.067944
0.435897 , 0.205128 , -1.069938
0.435897 , 0.230769 , -1.070730
0.435897 , 0.256410 , -1.073728
0.435897 , 0.282051 , -1.077430
0.435897 , 0.307692 , -1.081268
0.435897 , 0.333333 , -1.085303
0.435897 , 0.358974 , -1.089782
0.435897 , 0.384615 , -1.093704
0.435897 , 0.410256 , -1.097960
0.435897 , 0.435897 , -1.103423
0.435897 , 0.461538 , -1.109046
0.435897 , 0.487179 , -1.115646
0.435897 , 0.512821 , -1.121869
0.435897 , 0.538462 , -1.128862
0.435897 , 0.564103 , -1.136010
0.435897 , 0.589744 , -1.143678
0.435897 , 0.615385 , -1.151185
0.435897 , 0.641026 , -1.158549
0.435897 , 0.666667 , -1.166095
0.435897 , 0.692308 , -1.173860
0.435897 , 0.717949 , -1.181532
0.435897 , 0.743590 , -1.188735
0.435897 , 0.769231 , -1.194219
0.435897 , 0.794872 , -1.200189
0.435897 , 0.820513 , -1.205351
0.435897 , 0.846154 , -1.209553
0.435897 , 0.871795 , -1.213087
0.435897 , 0.897436 , -1.216353
0.435897 , 0.923077 , -1.217932
0.435897 , 0.948718 , -1.218182
0.435897 , 0.974359 , -1.219269
0.435897 , 1.000000 , -1.220086
0.461538 , 0.000000 , -1.117347
0.461538 , 0.025641 , -1.118060
0.461538 , 0.051282 , -1.119249
0.461538 , 0.076923 , -1.121315
0.461538 , 0.102564 , -1.123412
0.461538 , 0.128205 , -1.125773
0.461538 , 0.153846 , -1.127524
0.461538 , 0.179487 , -1.129087
0.461538 , 0.205128 , -1.131088
0.461538 , 0.230769 , -1.132804
0.461538 , 0.256410 , -1.135729
0.461538 , 0.282051 , -1.139063
0.461538 , 0.307692 , -1.142070
0.461538 , 0.333333 , -1.145664
0.461538 , 0.358974 , -1.148960
0.461538 , 0.384615 , -1.151866
0.461538 , 0.410256 , -1.154969
0.461538 , 0.435897 , -1.158534
0.461538 , 0.461538 , -1.162579
0.461538 , 0.487179 , -1.167536
0.461538 , 0.512821 , -1.172538
0.461538 , 0.538462 , -1.177118
0.461538 , 0.564103 , -1.182890
0.461538 , 0.589744 , -1.188241
0.461538 , 0.615385 , -1.193209
0.461538 , 0.641026 , -1.199085
0.461538 , 0.666667 , -1.205268
0.461538 , 0.692308 , -1.211719
0.461538 , 0.717949 , -1.218350
0.461538 , 0.743590 , -1.224734
0.461538 , 0.769231 , -1.230553
0.461538 , 0.794872 , -1.235420
0.461538 , 0.820513 , -1.240447
0.461538 , 0.846154 , -1.244509
0.461538 , 0.871795 , -1.247599
0.461538 , 0.897436 , -1.250344
0.461538 , 0.923077 , -1.252098
0.461538 , 0.948718 , -1.252603
0.461538 , 0.974359 , -1.253286
0.461538 , 1.000000 , -1.254368
0.487179 , 0.000000 , -1.173048
0.487179 , 0.025641 , -1.173655
0.487179 , 0.051282 , -1.174827
0.487179 , 0.076923 , -1.177028
0.487179 , 0.102564 , -1.180294
0.487179 , 0.128205 , -1.183350
0.487179 , 0.153846 , -1.185369
0.487179 , 0.179487 , -1.187008
0.487179 , 0.205128 , -1.188266
0.487179 , 0.230769 , -1.190410
0.487179 , 0.256410 , -1.193087
0.487179 , 0.282051 , -1.196136
0.487179 , 0.307692 , -1.198846
0.487179 , 0.333333 , -1.201320
0.487179 , 0.358974 , -1.203485
0.487179 , 0.384615 , -1.205510
0.487179 , 0.410256 , -1.207480
0.487179 , 0.435897 , -1.209570
0.487179 , 0.461538 , -1.211760
0.487179 , 0.487179 , -1.214695
0.487179 , 0.512821 , -1.217481
0.487179 , 0.538462 , -1.220681
0.487179 , 0.564103 , -1.224399
0.487179 , 0.589744 , -1.228043
0.487179 , 0.615385 , -1.231508
0.487179 , 0.641026 , -1.234951
0.487179 , 0.666667 , -1.239845
0.487179 , 0.692308 , -1.244472
0.487179 , 0.717949 , -1.249378
0.487179 , 0.743590 , -1.255353
0.487179 , 0.769231 , -1.260823
0.487179 , 0.794872 , -1.265244
0.487179 , 0.820513 , -1.268872
0.487179 , 0.846154 , -1.272625
0.487179 , 0.871795 , -1.275961
0.487179 , 0.897436 , -1.277992
0.487179 , 0.923077 , -1.279272
0.487179 , 0.948718 , -1.280133
0.487179 , 0.974359 , -1.280843
0.487179 , 1.000000 , -1.281449
0.512821 , 0.000000 , -1.223803
0.512821 , 0.025641 , -1.224802
0.512821 , 0.051282 , -1.226591
0.512821 , 0.076923 , -1.229162
0.512821 , 0.102564 , -1.232993
0.512821 , 0.128205 , -1.236389
0.512821 , 0.153846 , -1.239291
0.512821 , 0.179487 , -1.242052
0.512821 , 0.205128 , -1.243320
0.512821 , 0.230769 , -1.244731
0.512821 , 0.256410 , -1.246997
0.512821 , 0.282051 , -1.249272
0.512821 , 0.307692 , -1.251639
0.512821 , 0.333333 , -1.253864
0.512821 , 0.358974 , -1.254658
0.512821 , 0.384615 , -1.255014
0.512821 , 0.410256 , -1.255601
0.512821 , 0.435897 , -1.256220
0.512821 , 0.461538 , -1.256448
0.512821 , 0.487179 , -1.257386
0.512821 , 0.512821 , -1.258135
0.512821 , 0.538462 , -1.259392
0.512821 , 0.564103 , -1.260947
0.512821 , 0.589744 , -1.262718
0.512821 , 0.615385 , -1.264676
0.512821 , 0.641026 , -1.267220
0.512821 , 0.666667 , -1.270132
0.512821 , 0.692308 , -1.273072
0.512821 , 0.717949 , -1.276434
0.512821 , 0.743590 , -1.280815
0.512821 , 0.769231 , -1.285225
0.512821 , 0.794872 , -1.289166
0.512821 , 0.820513 , -1.291962
0.512821 , 0.846154 , -1.295611
0.512821 , 0.871795 , -1.298412
0.512821 , 0.897436 , -1.299763
0.512821 , 0.923077 , -1.300413
0.512821 , 0.948718 , -1.301490
0.512821 , 0.974359 , -1.302445
0.512821 , 1.000000 , -1.302939
0.538462 , 0.000000 , -1.270433
0.538462 , 0.025641 , -1.271329
0.538462 , 0.051282 , -1.274121
0.538462 , 0.076923 , -1.277467
0.538462 , 0.102564 , -1.281154
0.538462 , 0.128205 , -1.284712
0.538462 , 0.153846 , -1.287922
0.538462 , 0.179487 , -1.290892
0.538462 , 0.205128 , -1.293454
0.538462 , 0.230769 , -1.295560
0.538462 , 0.256410 , -1.297327
0.538462 , 0.282051 , -1.299126
0.538462 , 0.307692 , -1.300655
0.538462 , 0.333333 , -1.302170
0.538462 , 0.358974 , -1.301754
0.538462 , 0.384615 , -1.300891
0.538462 , 0.410256 , -1.299912
0.538462 , 0.435897 , -1.298834
0.538462 , 0.461538 , -1.297079
0.538462 , 0.487179 , -1.295838
0.538462 , 0.512821 , -1.295113
0.538462 , 0.538462 , -1.293972
0.538462 , 0.564103 , -1.293818
0.538462 , 0.589744 , -1.293220
0.538462 , 0.615385 , -1.293235
0.538462 , 0.641026 , -1.294088
0.538462 , 0.666667 , -1.295130
0.538462 , 0.692308 , -1.296303
0.538462 , 0.717949 , -1.297837
0.538462 , 0.743590 , -1.301237
0.538462 , 0.769231 , -1.304929
0.538462 , 0.794872 , -1.307932
0.538462 , 0.820513 , -1.309685
0.538462 , 0.846154 , -1.312640
0.538462 , 0.871795 , -1.315284
0.538462 , 0.897436 , -1.315551
0.538462 , 0.923077 , -1.316442
0.538462 , 0.948718 , -1.317245
0.538462 , 0.974359 , -1.318506
0.538462 , 1.000000 , -1.319070
0.564103 , 0.000000 , -1.314236
0.564103 , 0.025641 , -1.314892
0.564103 , 0.051282 , -1.317571
0.564103 , 0.076923 , -1.321654
0.564103 , 0.102564 , -1.325262
0.564103 , 0.128205 , -1.329305
0.564103 , 0.153846 , -1.332931
0.564103 , 0.179487 , -1.336177
0.564103 , 0.205128 , -1.339120
0.564103 , 0.230769 , -1.341590
0.564103 , 0.256410 , -1.343095
0.564103 , 0.282051 , -1.344648
0.564103 , 0.307692 , -1.345349
0.564103 , 0.333333 , -1.345377
0.564103 , 0.358974 , -1.344222
0.564103 , 0.384615 , -1.342417
0.564103 , 0.410256 , -1.339967
0.564103 , 0.435897 , -1.337396
0.564103 , 0.461538 , -1.334805
0.564103 , 0.487179 , -1.331410
0.564103 , 0.512821 , -1.328125
0.564103 , 0.538462 , -1.324769
0.564103 , 0.564103 , -1.322171
0.564103 , 0.589744 , -1.319583
0.564103 , 0.615385 , -1.317326
0.564103 , 0.641026 , -1.316476
0.564103 , 0.666667 , -1.315666
0.564103 , 0.692308 , -1.315157
0.564103 , 0.717949 , -1.315713
0.564103 , 0.743590 , -1.317803
0.564103 , 0.769231 , -1.320675
0.564103 , 0.794872 , -1.322373
0.564103 , 0.820513 , -1.323113
0.564103 , 0.846154 , -1.324847
0.564103 , 0.871795 , -1.326567
0.564103 , 0.897436 , -1.326253
0.564103 , 0.923077 , -1.327320
0.564103 , 0.948718 , -1.328475
0.564103 , 0.974359 , -1.330225
0.564103 , 1.000000 , -1.330992
0.589744 , 0.000000 , -1.354584
0.589744 , 0.025641 , -1.355333
0.589744 , 0.051282 , -1.357949
0.589744 , 0.076923 , -1.362128
0.589744 , 0.102564 , -1.366078
0.589744 , 0.128205 , -1.369914
0.589744 , 0.153846 , -1.373641
0.589744 , 0.179487 , -1.377313
0.589744 , 0.205128 , -1.379892
0.589744 , 0.230769 , -1.382130
0.589744 , 0.256410 , -1.383765
0.589744 , 0.282051 , -1.384892
0.589744 , 0.307692 , -1.385582
0.589744 , 0.333333 , -1.384512
0.589744 , 0.358974 , -1.382529
0.589744 , 0.384615 , -1.380001
0.589744 , 0.410256 , -1.376312
0.589744 , 0.435897 , -1.372296
0.589744 , 0.461538 , -1.368422
0.589744 , 0.487179 , -1.363609
0.589744 , 0.512821 , -1.358267
0.589744 , 0.538462 , -1.352644
0.589744 , 0.564103 , -1.347554
0.589744 , 0.589744 , -1.342778
0.589744 , 0.615385 , -1.338344
0.589744 , 0.641026 , -1.335315
0.589744 , 0.666667 , -1.332887
0.589744 , 0.692308 , -1.330709
0.589744 , 0.717949 , -1.330079
0.589744 , 0.743590 , -1.331112
0.589744 , 0.769231 , -1.332661
0.589744 , 0.794872 , -1.332656
0.589744 , 0.820513 , -1.332199
0.589744 , 0.846154 , -1.332980
0.589744 , 0.871795 , -1.334399
0.589744 , 0.897436 , -1.334003
0.589744 , 0.923077 , -1.334413
0.589744 , 0.948718 , -1.335741
0.589744 , 0.974359 , -1.337467
0.589744 , 1.000000 , -1.338039
0.615385 , 0.000000 , -1.391827
0.615385 , 0.025641 , -1.392528
0.615385 , 0.051282 , -1.395160
0.615385 , 0.076923 , -1.399324
0.615385 , 0.102564 , -1.403601
0.615385 , 0.128205 , -1.407156
0.615385 , 0.153846 , -1.410369
0.615385 , 0.179487 , -1.414708
0.615385 , 0.205128 , -1.417176
0.615385 , 0.230769 , -1.418875
0.615385 , 0.256410 , -1.420492
0.615385 , 0.282051 , -1.420861
0.615385 , 0.307692 , -1.421099
0.615385 , 0.333333 , -1.419280
0.615385 , 0.358974 , -1.417105
0.615385 , 0.384615 , -1.413673
0.615385 , 0.410256 , -1.408907
0.615385 , 0.435897 , -1.404025
0.615385 , 0.461538 , -1.398691
0.615385 , 0.487179 , -1.392317
0.615385 , 0.512821 , -1.385325
0.615385 , 0.538462 , -1.377804
0.615385 , 0.564103 , -1.370377
0.615385 , 0.589744 , -1.363514
0.615385 , 0.615385 , -1.357067
0.615385 , 0.641026 , -1.351641
0.615385 , 0.666667 , -1.347123
0.615385 , 0.692308 , -1.343897
0.615385 , 0.717949 , -1.341239
0.615385 , 0.743590 , -1.340598
0.615385 , 0.769231 , -1.340888
0.615385 , 0.794872 , -1.340368
0.615385 , 0.820513 , -1.339079
0.615385 , 0.846154 , -1.338738
0.615385 , 0.871795 , -1.338911
0.615385 , 0.897436 , -1.338190
0.615385 , 0.923077 , -1.338525
0.615385 , 0.948718 , -1.340149
0.615385 , 0.974359 , -1.342074
0.615385 , 1.000000 , -1.342416
0.641026 , 0.000000 , -1.425868
0.641026 , 0.025641 , -1.426427
0.641026 , 0.051282 , -1.429219
0.641026 , 0.076923 , -1.433067
0.641026 , 0.102564 , -1.437090
0.641026 , 0.128205 , -1.440677
0.641026 , 0.153846 , -1.443739
0.641026 , 0.179487 , -1.447667
0.641026 , 0.205128 , -1.450376
0.641026 , 0.230769 , -1.452183
0.641026 , 0.256410 , -1.453684
0.641026 , 0.282051 , -1.453330
0.641026 , 0.307692 , -1.452939
0.641026 , 0.333333 , -1.450913
0.641026 , 0.358974 , -1.448805
0.641026 , 0.384615 , -1.444510
0.641026 , 0.410256 , -1.438096
0.641026 , 0.435897 , -1.431854
0.641026 , 0.461538 , -1.425555
0.641026 , 0.487179 , -1.417725
0.641026 , 0.512821 , -1.408998
0.641026 , 0.538462 , -1.399809
0.641026 , 0.564103 , -1.390280
0.641026 , 0.589744 , -1.381576
0.641026 , 0.615385 , -1.373257
0.641026 , 0.641026 , -1.365868
0.641026 , 0.666667 , -1.359215
0.641026 , 0.692308 , -1.354341
0.641026 , 0.717949 , -1.350128
0.641026 , 0.743590 , -1.347633
0.641026 , 0.769231 , -1.346834
0.641026 , 0.794872 , -1.345559
0.641026 , 0.820513 , -1.343718
0.641026 , 0.846154 , -1.342124
0.641026 , 0.871795 , -1.340955
0.641026 , 0.897436 , -1.340029
0.641026 , 0.923077 , -1.340444
0.641026 , 0.948718 , -1.342319
0.641026 , 0.974359 , -1.344420
0.641026 , 1.000000 , -1.344990
0.666667 , 0.000000 , -1.456892
0.666667 , 0.025641 , -1.457738
0.666667 , 0.051282 , -1.459949
0.666667 , 0.076923 , -1.463303
0.666667 , 0.102564 , -1.466899
0.666667 , 0.128205 , -1.471044
0.666667 , 0.153846 , -1.474040
0.666667 , 0.179487 , -1.477331
0.666667 , 0.205128 , -1.479543
0.666667 , 0.230769 , -1.481410
0.666667 , 0.256410 , -1.482229
0.666667 , 0.282051 , -1.481651
0.666667 , 0.307692 , -1.480560
0.666667 , 0.333333 , -1.478765
0.666667 , 0.358974 , -1.476003
0.666667 , 0.384615 , -1.471035
0.666667 , 0.410256 , -1.464330
0.666667 , 0.435897 , -1.456629
0.666667 , 0.461538 , -1.448509
0.666667 , 0.487179 , -1.439203
0.666667 , 0.512821 , -1.429657
0.666667 , 0.538462 , -1.419289
0.666667 , 0.564103 , -1.408484
0.666667 , 0.589744 , -1.397591
0.666667 , 0.615385 , -1.387292
0.666667 , 0.641026 , -1.378252
0.666667 , 0.666667 , -1.369971
0.666667 , 0.692308 , -1.363995
0.666667 , 0.717949 , -1.358082
0.666667 , 0.743590 , -1.353419
0.666667 , 0.769231 , -1.350393
0.666667 , 0.794872 , -1.348995
0.666667 , 0.820513 , -1.346598
0.666667 , 0.846154 , -1.344045
0.666667 , 0.871795 , -1.341500
0.666667 , 0.897436 , -1.340595
0.666667 , 0.923077 , -1.340485
0.666667 , 0.948718 , -1.341882
0.666667 , 0.974359 , -1.343845
0.666667 , 1.000000 , -1.344449
0.692308 , 0.000000 , -1.484362
0.692308 , 0.025641 , -1.485518
0.692308 , 0.051282 , -1.487602
0.692308 , 0.076923 , -1.490527
0.692308 , 0.102564 , -1.494092
0.692308 , 0.128205 , -1.498396
0.692308 , 0.153846 , -1.501694
0.692308 , 0.179487 , -1.505106
0.692308 , 0.205128 , -1.505880
0.692308 , 0.230769 , -1.506911
0.692308 , 0.256410 , -1.507197
0.692308 , 0.282051 , -1.506497
0.692308 , 0.307692 , -1.504930
0.692308 , 0.333333 , -1.503192
0.692308 , 0.358974 , -1.499830
0.692308 , 0.384615 , -1.493928
0.692308 , 0.410256 , -1.486601
0.692308 , 0.435897 , -1.478369
0.692308 , 0.461538 , -1.469235
0.692308 , 0.487179 , -1.458598
0.692308 , 0.512821 , -1.447527
0.692308 , 0.538462 , -1.435618
0.692308 , 0.564103 , -1.423776
0.692308 , 0.589744 , -1.411049
0.692308 , 0.615385 , -1.399048
0.692308 , 0.641026 , -1.388422
0.692308 , 0.666667 , -1.379455
0.692308 , 0.692308 , -1.372539
0.692308 , 0.717949 , -1.364895
0.692308 , 0.743590 , -1.358152
0.692308 , 0.769231 , -1.352699
0.692308 , 0.794872 , -1.350032
0.692308 , 0.820513 , -1.347271
0.692308 , 0.846154 , -1.344209
0.692308 , 0.871795 , -1.341818
0.692308 , 0.897436 , -1.340293
0.692308 , 0.923077 , -1.339231
0.692308 , 0.948718 , -1.340161
0.692308 , 0.974359 , -1.341593
0.692308 , 1.000000 , -1.341803
0.717949 , 0.000000 , -1.510388
0.717949 , 0.025641 , -1.510686
0.717949 , 0.051282 , -1.512443
0.717949 , 0.076923 , -1.515291
0.717949 , 0.102564 , -1.519153
0.717949 , 0.128205 , -1.523159
0.717949 , 0.153846 , -1.526106
0.717949 , 0.179487 , -1.528578
0.717949 , 0.205128 , -1.529264
0.717949 , 0.230769 , -1.529464
0.717949 , 0.256410 , -1.529077
0.717949 , 0.282051 , -1.528212
0.717949 , 0.307692 , -1.526810
0.717949 , 0.333333 , -1.524586
0.717949 , 0.358974 , -1.520974
0.717949 , 0.384615 , -1.514024
0.717949 , 0.410256 , -1.505797
0.717949 , 0.435897 , -1.497080
0.717949 , 0.461538 , -1.487459
0.717949 , 0.487179 , -1.476194
0.717949 , 0.512821 , -1.463982
0.717949 , 0.538462 , -1.450417
0.717949 , 0.564103 , -1.437487
0.717949 , 0.589744 , -1.423548
0.717949 , 0.615385 , -1.410532
0.717949 , 0.641026 , -1.397799
0.717949 , 0.666667 , -1.386654
0.717949 , 0.692308 , -1.378497
0.717949 , 0.717949 , -1.370563
0.717949 , 0.743590 , -1.361832
0.717949 , 0.769231 , -1.355165
0.717949 , 0.794872 , -1.350258
0.717949 , 0.820513 , -1.346858
0.717949 , 0.846154 , -1.343614
0.717949 , 0.871795 , -1.341165
0.717949 , 0.897436 , -1.339162
0.717949 , 0.923077 , -1.337558
0.717949 , 0.948718 , -1.337833
0.717949 , 0.974359 , -1.338939
0.717949 , 1.000000 , -1.339003
0.743590 , 0.000000 , -1.532773
0.743590 , 0.025641 , -1.532910
0.743590 , 0.051282 , -1.534621
0.743590 , 0.076923 , -1.537387
0.743590 , 0.102564 , -1.540657
0.743590 , 0.128205 , -1.543981
0.743590 , 0.153846 , -1.547069
0.743590 , 0.179487 , -1.548613
0.743590 , 0.205128 , -1.550303
0.743590 , 0.230769 , -1.550039
0.743590 , 0.256410 , -1.548786
0.743590 , 0.282051 , -1.547442
0.743590 , 0.307692 , -1.546018
0.743590 , 0.333333 , -1.543212
0.743590 , 0.358974 , -1.538901
0.743590 , 0.384615 , -1.531637
0.743590 , 0.410256 , -1.523013
0.743590 , 0.435897 , -1.513618
0.743590 , 0.461538 , -1.503224
0.743590 , 0.487179 , -1.491702
0.743590 , 0.512821 , -1.478790
0.743590 , 0.538462 , -1.464161
0.743590 , 0.564103 , -1.450104
0.743590 , 0.589744 , -1.435866
0.743590 , 0.615385 , -1.422125
0.743590 , 0.641026 , -1.407835
0.743590 , 0.666667 , -1.394885
0.743590 , 0.692308 , -1.383723
0.743590 , 0.717949 , -1.374452
0.743590 , 0.743590 , -1.364331
0.743590 , 0.769231 , -1.356249
0.743590 , 0.794872 , -1.349843
0.743590 , 0.820513 , -1.345432
0.743590 , 0.846154 , -1.341724
0.743590 , 0.871795 , -1.339097
0.743590 , 0.897436 , -1.336472
0.743590 , 0.923077 , -1.334876
0.743590 , 0.948718 , -1.334972
0.743590 , 0.974359 , -1.336122
0.743590 , 1.000000 , -1.336655
0.769231 , 0.000000 , -1.551547
0.769231 , 0.025641 , -1.552260
0.769231 , 0.051282 , -1.554043
0.769231 , 0.076923 , -1.556149
0.769231 , 0.102564 , -1.559213
0.769231 , 0.128205 , -1.562166
0.769231 , 0.153846 , -1.564487
0.769231 , 0.179487 , -1.565496
0.769231 , 0.205128 , -1.567483
0.769231 , 0.230769 , -1.566621
0.769231 , 0.256410 , -1.565254
0.769231 , 0.282051 , -1.564104
0.769231 , 0.307692 , -1.562701
0.769231 , 0.333333 , -1.559782
0.769231 , 0.358974 , -1.553976
0.769231 , 0.384615 , -1.546502
0.769231 , 0.410256 , -1.537594
0.769231 , 0.435897 , -1.527915
0.769231 , 0.461538 , -1.517050
0.769231 , 0.487179 , -1.504929
0.769231 , 0.512821 , -1.491389
0.769231 , 0.538462 , -1.476526
0.769231 , 0.564103 , -1.462025
0.769231 , 0.589744 , -1.447412
0.769231 , 0.615385 , -1.432347
0.769231 , 0.641026 , -1.416877
0.769231 , 0.666667 , -1.403316
0.769231 , 0.692308 , -1.390076
0.769231 , 0.717949 , -1.378809
0.769231 , 0.743590 , -1.367809
0.769231 , 0.769231 , -1.357467
0.769231 , 0.794872 , -1.348872
0.769231 , 0.820513 , -1.342645
0.769231 , 0.846154 , -1.338698
0.769231 , 0.871795 , -1.335595
0.769231 , 0.897436 , -1.333429
0.769231 , 0.923077 , -1.331702
0.769231 , 0.948718 , -1.331424
0.769231 , 0.974359 , -1.332335
0.769231 , 1.000000 , -1.332445
0.794872 , 0.000000 , -1.568215
0.794872 , 0.025641 , -1.569086
0.794872 , 0.051282 , -1.570469
0.794872 , 0.076923 , -1.572576
0.794872 , 0.102564 , -1.574938
0.794872 , 0.128205 , -1.577784
0.794872 , 0.153846 , -1.579956
0.794872 , 0.179487 , -1.579940
0.794872 , 0.205128 , -1.580978
0.794872 , 0.230769 , -1.579863
0.794872 , 0.256410 , -1.578610
0.794872 , 0.282051 , -1.577903
0.794872 , 0.307692 , -1.576163
0.794872 , 0.333333 , -1.572864
0.794872 , 0.358974 , -1.566184
0.794872 , 0.384615 , -1.558128
0.794872 , 0.410256 , -1.549382
0.794872 , 0.435897 , -1.539509
0.794872 , 0.461538 , -1.528850
0.794872 , 0.487179 , -1.516687
0.794872 , 0.512821 , -1.502444
0.794872 , 0.538462 , -1.487573
0.794872 , 0.564103 , -1.472056
0.794872 , 0.589744 , -1.457030
0.794872 , 0.615385 , -1.441426
0.794872 , 0.641026 , -1.424672
0.794872 , 0.666667 , -1.410491
0.794872 , 0.692308 , -1.396198
0.794872 , 0.717949 , -1.383568
0.794872 , 0.743590 , -1.371631
0.794872 , 0.769231 , -1.360082
0.794872 , 0.794872 , -1.349498
0.794872 , 0.820513 , -1.340806
0.794872 , 0.846154 , -1.335496
0.794872 , 0.871795 , -1.331560
0.794872 , 0.897436 , -1.329550
0.794872 , 0.923077 , -1.328094
0.794872 , 0.948718 , -1.328516
0.794872 , 0.974359 , -1.329758
0.794872 , 1.000000 , -1.329754
0.820513 , 0.000000 , -1.582916
0.820513 , 0.025641 , -1.583193
0.820513 , 0.051282 , -1.584463
0.820513 , 0.076923 , -1.586036
0.820513 , 0.102564 , -1.588371
0.820513 , 0.128205 , -1.590509
0.820513 , 0.153846 , -1.593244
0.820513 , 0.179487 , -1.593732
0.820513 , 0.205128 , -1.592927
0.820513 , 0.230769 , -1.591081
0.820513 , 0.256410 , -1.589499
0.820513 , 0.282051 , -1.588052
0.820513 , 0.307692 , -1.585442
0.820513 , 0.333333 , -1.581946
0.820513 , 0.358974 , -1.575533
0.820513 , 0.384615 , -1.567300
0.820513 , 0.410256 , -1.558409
0.820513 , 0.435897 , -1.548679
0.820513 , 0.461538 , -1.537531
0.820513 , 0.487179 , -1.525844
0.820513 , 0.512821 , -1.512186
0.820513 , 0.538462 , -1.497144
0.820513 , 0.564103 , -1.481624
0.820513 , 0.589744 , -1.465396
0.820513 , 0.615385 , -1.449492
0.820513 , 0.641026 , -1.431893
0.820513 , 0.666667 , -1.416564
0.820513 , 0.692308 , -1.402043
0.820513 , 0.717949 , -1.387726
0.820513 , 0.743590 , -1.373660
0.820513 , 0.769231 , -1.360905
0.820513 , 0.794872 , -1.349741
0.820513 , 0.820513 , -1.340208
0.820513 , 0.846154 , -1.334013
0.820513 , 0.871795 , -1.329764
0.820513 , 0.897436 , -1.327795
0.820513 , 0.923077 , -1.326323
0.820513 , 0.948718 , -1.325965
0.820513 , 0.974359 , -1.327300
0.820513 , 1.000000 , -1.327673
0.846154 , 0.000000 , -1.594302
0.846154 , 0.025641 , -1.594917
0.846154 , 0.051282 , -1.595748
0.846154 , 0.076923 , -1.596889
0.846154 , 0.102564 , -1.598826
0.846154 , 0.128205 , -1.600786
0.846154 , 0.153846 , -1.603437
0.846154 , 0.179487 , -1.603599
0.846154 , 0.205128 , -1.602573
0.846154 , 0.230769 , -1.600046
0.846154 , 0.256410 , -1.598035
0.846154 , 0.282051 , -1.595836
0.846154 , 0.307692 , -1.591814
0.846154 , 0.333333 , -1.587465
0.846154 , 0.358974 , -1.581484
0.846154 , 0.384615 , -1.573723
0.846154 , 0.410256 , -1.564680
0.846154 , 0.435897 , -1.555413
0.846154 , 0.461538 , -1.544242
0.846154 , 0.487179 , -1.532392
0.846154 , 0.512821 , -1.518939
0.846154 , 0.538462 , -1.504323
0.846154 , 0.564103 , -1.488881
0.846154 , 0.589744 , -1.472833
0.846154 , 0.615385 , -1.456544
0.846154 , 0.641026 , -1.439232
0.846154 , 0.666667 , -1.422354
0.846154 , 0.692308 , -1.406605
0.846154 , 0.717949 , -1.391698
0.846154 , 0.743590 , -1.377027
0.846154 , 0.769231 , -1.362198
0.846154 , 0.794872 , -1.350054
0.846154 , 0.820513 , -1.340844
0.846154 , 0.846154 , -1.334244
0.846154 , 0.871795 , -1.329283
0.846154 , 0.897436 , -1.327116
0.846154 , 0.923077 , -1.326164
0.846154 , 0.948718 , -1.324627
0.846154 , 0.974359 , -1.324859
0.846154 , 1.000000 , -1.325502
0.871795 , 0.000000 , -1.604121
0.871795 , 0.025641 , -1.604212
0.871795 , 0.051282 , -1.604937
0.871795 , 0.076923 , -1.606058
0.871795 , 0.102564 , -1.607209
0.871795 , 0.128205 , -1.608607
0.871795 , 0.153846 , -1.610934
0.871795 , 0.179487 , -1.611366
0.871795 , 0.205128 , -1.609973
0.871795 , 0.230769 , -1.607352
0.871795 , 0.256410 , -1.605210
0.871795 , 0.282051 , -1.602009
0.871795 , 0.307692 , -1.596903
0.871795 , 0.333333 , -1.591468
0.871795 , 0.358974 , -1.585172
0.871795 , 0.384615 , -1.578034
0.871795 , 0.410256 , -1.569444
0.871795 , 0.435897 , -1.559831
0.871795 , 0.461538 , -1.548576
0.871795 , 0.487179 , -1.536069
0.871795 , 0.512821 , -1.523627
0.871795 , 0.538462 , -1.509179
0.871795 , 0.564103 , -1.494216
0.871795 , 0.589744 , -1.478917
0.871795 , 0.615385 , -1.462810
0.871795 , 0.641026 , -1.445325
0.871795 , 0.666667 , -1.427474
0.871795 , 0.692308 , -1.411305
0.871795 , 0.717949 , -1.395802
0.871795 , 0.743590 , -1.380632
0.871795 , 0.769231 , -1.365223
0.871795 , 0.794872 , -1.352684
0.871795 , 0.820513 , -1.343102
0.871795 , 0.846154 , -1.335640
0.871795 , 0.871795 , -1.330344
0.871795 , 0.897436 , -1.327202
0.871795 , 0.923077 , -1.325745
0.871795 , 0.948718 , -1.323873
0.871795 , 0.974359 , -1.322850
0.871795 , 1.000000 , -1.323552
0.897436 , 0.000000 , -1.612192
0.897436 , 0.025641 , -1.612061
0.897436 , 0.051282 , -1.612521
0.897436 , 0.076923 , -1.613684
0.897436 , 0.102564 , -1.613987
0.897436 , 0.128205 , -1.614758
0.897436 , 0.153846 , -1.616261
0.897436 , 0.179487 , -1.617037
0.897436 , 0.205128 , -1.615906
0.897436 , 0.230769 , -1.613266
0.897436 , 0.256410 , -1.610521
0.897436 , 0.282051 , -1.607442
0.897436 , 0.307692 , -1.601816
0.897436 , 0.333333 , -1.595827
0.897436 , 0.358974 , -1.588707
0.897436 , 0.384615 , -1.581469
0.897436 , 0.410256 , -1.573200
0.897436 , 0.435897 , -1.562982
0.897436 , 0.461538 , -1.551445
0.897436 , 0.487179 , -1.538665
0.897436 , 0.512821 , -1.526611
0.897436 , 0.538462 , -1.513318
0.897436 , 0.564103 , -1.499038
0.897436 , 0.589744 , -1.484005
0.897436 , 0.615385 , -1.467834
0.897436 , 0.641026 , -1.450143
0.897436 , 0.666667 , -1.432564
0.897436 , 0.692308 , -1.415893
0.897436 , 0.717949 , -1.400039
0.897436 , 0.743590 , -1.384280
0.897436 , 0.769231 , -1.369236
0.897436 , 0.794872 , -1.356994
0.897436 , 0.820513 , -1.347599
0.897436 , 0.846154 , -1.338927
0.897436 , 0.871795 , -1.332348
0.897436 , 0.897436 , -1.328086
0.897436 , 0.923077 , -1.325448
0.897436 , 0.948718 , -1.323734
0.897436 , 0.974359 , -1.322244
0.897436 , 1.000000 , -1.321906
0.923077 , 0.000000 , -1.618522
0.923077 , 0.025641 , -1.618364
0.923077 , 0.051282 , -1.618557
0.923077 , 0.076923 , -1.619501
0.923077 , 0.102564 , -1.619907
0.923077 , 0.128205 , -1.620133
0.923077 , 0.153846 , -1.620877
0.923077 , 0.179487 , -1.620424
0.923077 , 0.205128 , -1.619671
0.923077 , 0.230769 , -1.618032
0.923077 , 0.256410 , -1.614806
0.923077 , 0.282051 , -1.610472
0.923077 , 0.307692 , -1.604712
0.923077 , 0.333333 , -1.598467
0.923077 , 0.358974 , -1.592065
0.923077 , 0.384615 , -1.584811
0.923077 , 0.410256 , -1.576142
0.923077 , 0.435897 , -1.565606
0.923077 , 0.461538 , -1.554118
0.923077 , 0.487179 , -1.541831
0.923077 , 0.512821 , -1.529586
0.923077 , 0.538462 , -1.516016
0.923077 , 0.564103 , -1.501708
0.923077 , 0.589744 , -1.486961
0.923077 , 0.615385 , -1.471230
0.923077 , 0.641026 , -1.454092
0.923077 , 0.666667 , -1.436866
0.923077 , 0.692308 , -1.420556
0.923077 , 0.717949 , -1.404370
0.923077 , 0.743590 , -1.389220
0.923077 , 0.769231 , -1.374351
0.923077 , 0.794872 , -1.361770
0.923077 , 0.820513 , -1.351208
0.923077 , 0.846154 , -1.342106
0.923077 , 0.871795 , -1.334394
0.923077 , 0.897436 , -1.328970
0.923077 , 0.923077 , -1.325660
0.923077 , 0.948718 , -1.323497
0.923077 , 0.974359 , -1.322106
0.923077 , 1.000000 , -1.321569
0.948718 , 0.000000 , -1.622808
0.948718 , 0.025641 , -1.622586
0.948718 , 0.051282 , -1.623109
0.948718 , 0.076923 , -1.623193
0.948718 , 0.102564 , -1.624061
0.948718 , 0.128205 , -1.624080
0.948718 , 0.153846 , -1.623814
0.948718 , 0.179487 , -1.623356
0.948718 , 0.205128 , -1.622007
0.948718 , 0.230769 , -1.620289
0.948718 , 0.256410 , -1.617426
0.948718 , 0.282051 , -1.613198
0.948718 , 0.307692 , -1.607136
0.948718 , 0.333333 , -1.600625
0.948718 , 0.358974 , -1.594131
0.948718 , 0.384615 , -1.586694
0.948718 , 0.410256 , -1.577332
0.948718 , 0.435897 , -1.567019
0.948718 , 0.461538 , -1.556193
0.948718 , 0.487179 , -1.544068
0.948718 , 0.512821 , -1.531405
0.948718 , 0.538462 , -1.517866
0.948718 , 0.564103 , -1.503466
0.948718 , 0.589744 , -1.488631
0.948718 , 0.615385 , -1.473053
0.948718 , 0.641026 , -1.456876
0.948718 , 0.666667 , -1.439987
0.948718 , 0.692308 , -1.423817
0.948718 , 0.717949 , -1.407658
0.948718 , 0.743590 , -1.392939
0.948718 , 0.769231 , -1.378927
0.948718 , 0.794872 , -1.365976
0.948718 , 0.820513 , -1.354536
0.948718 , 0.846154 , -1.344646
0.948718 , 0.871795 , -1.337065
0.948718 , 0.897436 , -1.330746
0.948718 , 0.923077 , -1.326666
0.948718 , 0.948718 , -1.324202
0.948718 , 0.974359 , -1.322272
0.948718 , 1.000000 , -1.321957
0.974359 , 0.000000 , -1.624722
0.974359 , 0.025641 , -1.625162
0.974359 , 0.051282 , -1.625145
0.974359 , 0.076923 , -1.626264
0.974359 , 0.102564 , -1.626405
0.974359 , 0.128205 , -1.626464
0.974359 , 0.153846 , -1.625691
0.974359 , 0.179487 , -1.625244
0.974359 , 0.205128 , -1.624095
0.974359 , 0.230769 , -1.621676
0.974359 , 0.256410 , -1.618217
0.974359 , 0.282051 , -1.613984
0.974359 , 0.307692 , -1.608142
0.974359 , 0.333333 , -1.601990
0.974359 , 0.358974 , -1.595558
0.974359 , 0.384615 , -1.588164
0.974359 , 0.410256 , -1.578668
0.974359 , 0.435897 , -1.567795
0.974359 , 0.461538 , -1.556101
0.974359 , 0.487179 , -1.543961
0.974359 , 0.512821 , -1.531772
0.974359 , 0.538462 , -1.518922
0.974359 , 0.564103 , -1.504669
0.974359 , 0.589744 , -1.489785
0.974359 , 0.615385 , -1.474230
0.974359 , 0.641026 , -1.458242
0.974359 , 0.666667 , -1.442213
0.974359 , 0.692308 , -1.425851
0.974359 , 0.717949 , -1.409816
0.974359 , 0.743590 , -1.394810
0.974359 , 0.769231 , -1.380760
0.974359 , 0.794872 , -1.367708
0.974359 , 0.820513 , -1.356408
0.974359 , 0.846154 , -1.346897
0.974359 , 0.871795 , -1.339010
0.974359 , 0.897436 , -1.332708
0.974359 , 0.923077 , -1.328252
0.974359 , 0.948718 , -1.324730
0.974359 , 0.974359 , -1.322730
0.974359 , 1.000000 , -1.322086
1.000000 , 0.000000 , -1.625204
1.000000 , 0.025641 , -1.625556
1.000000 , 0.051282 , -1.626109
1.000000 , 0.076923 , -1.626815
1.000000 , 0.102564 , -1.627734
1.000000 , 0.128205 , -1.627493
1.000000 , 0.153846 , -1.626476
1.000000 , 0.179487 , -1.625494
1.000000 , 0.205128 , -1.625017
1.000000 , 0.230769 , -1.622526
1.000000 , 0.256410 , -1.618287
1.000000 , 0.282051 , -1.613920
1.000000 , 0.307692 , -1.608678
1.000000 , 0.333333 , -1.602614
1.000000 , 0.358974 , -1.595526
1.000000 , 0.384615 , -1.588152
1.000000 , 0.410256 , -1.578981
1.000000 , 0.435897 , -1.568007
1.000000 , 0.461538 , -1.555807
1.000000 , 0.487179 , -1.543516
1.000000 , 0.512821 , -1.531829
1.000000 , 0.538462 , -1.519442
1.000000 , 0.564103 , -1.505454
1.000000 , 0.589744 , -1.490338
1.000000 , 0.615385 , -1.474752
1.000000 , 0.641026 , -1.459026
1.000000 , 0.666667 , -1.443115
1.000000 , 0.692308 , -1.426724
1.000000 , 0.717949 , -1.410746
1.000000 , 0.743590 , -1.395470
1.000000 , 0.769231 , -1.381505
1.000000 , 0.794872 , -1.368877
1.000000 , 0.820513 , -1.357300
1.000000 , 0.846154 , -1.347624
1.000000 , 0.871795 , -1.339371
1.000000 , 0.897436 , -1.333112
1.000000 , 0.923077 , -1.328574
1.000000 , 0.948718 , -1.325148
1.000000 , 0.974359 , -1.322652
1.000000 , 1.000000 , -1.321861
