0.000000 , 0.000000 , 3.968459
0.000000 , 0.025641 , 3.968459
0.000000 , 0.051282 , 3.968459
0.000000 , 0.076923 , 3.968459
0.000000 , 0.102564 , 3.968459
0.000000 , 0.128205 , 3.968459
0.000000 , 0.153846 , 3.968459
0.000000 , 0.179487 , 3.968459
0.000000 , 0.205128 , 3.968459
0.000000 , 0.230769 , 3.968459
0.000000 , 0.256410 , 3.968459
0.000000 , 0.282051 , 3.968459
0.000000 , 0.307692 , 3.968459
0.000000 , 0.333333 , 3.968459
0.000000 , 0.358974 , 3.968459
0.000000 , 0.384615 , 3.968459
0.000000 , 0.410256 , 3.968459
0.000000 , 0.435897 , 3.968459
0.000000 , 0.461538 , 3.968459
0.000000 , 0.487179 , 3.968459
0.000000 , 0.512821 , 3.968459
0.000000 , 0.538462 , 3.968459
0.000000 , 0.564103 , 3.968459
0.000000 , 0.589744 , 3.968459
0.000000 , 0.615385 , 3.968459
0.000000 , 0.641026 , 3.968459
0.000000 , 0.666667 , 3.968459
0.000000 , 0.692308 , 3.968459
0.000000 , 0.717949 , 3.968459
0.000000 , 0.743590 , 3.968459
0.000000 , 0.769231 , 3.968459
0.000000 , 0.794872 , 3.968459
0.000000 , 0.820513 , 3.968459
0.000000 , 0.846154 , 3.968459
0.000000 , 0.871795 , 3.968459
0.000000 , 0.897436 , 3.968459
0.000000 , 0.923077 , 3.968459
0.000000 , 0.948718 , 3.968459
0.000000 , 0.974359 , 3.968459
0.000000 , 1.000000 , 3.968459
0.025641 , 0.000000 , 3.820136
0.025641 , 0.025641 , 3.819741
0.025641 , 0.051282 , 3.819644
0.025641 , 0.076923 , 3.819492
0.025641 , 0.102564 , 3.819393
0.025641 , 0.128205 , 3.818659
0.025641 , 0.153846 , 3.816350
0.025641 , 0.179487 , 3.813772
0.025641 , 0.205128 , 3.810714
0.025641 , 0.230769 , 3.806705
0.025641 , 0.256410 , 3.802755
0.025641 , 0.282051 , 3.798374
0.025641 , 0.307692 , 3.794002
0.025641 , 0.333333 , 3.789963
0.025641 , 0.358974 , 3.784757
0.025641 , 0.384615 , 3.779475
0.025641 , 0.410256 , 3.773929
0.025641 , 0.435897 , 3.768045
0.025641 , 0.461538 , 3.762900
0.025641 , 0.487179 , 3.756678
0.025641 , 0.512821 , 3.749589
0.025641 , 0.538462 , 3.743412
0.025641 , 0.564103 , 3.737305
0.025641 , 0.589744 , 3.731888
0.025641 , 0.615385 , 3.726407
0.025641 , 0.641026 , 3.720963
0.025641 , 0.666667 , 3.716668
0.025641 , 0.692308 , 3.712441
0.025641 , 0.717949 , 3.708782
0.025641 , 0.743590 , 3.704837
0.025641 , 0.769231 , 3.700929
0.025641 , 0.794872 , 3.698272
0.025641 , 0.820513 , 3.695706
0.025641 , 0.846154 , 3.692819
0.025641 , 0.871795 , 3.691278
0.025641 , 0.897436 , 3.690427
0.025641 , 0.923077 , 3.689301
0.025641 , 0.948718 , 3.688101
0.025641 , 0.974359 , 3.687949
0.025641 , 1.000000 , 3.687752
0.051282 , 0.000000 , 3.671059
0.051282 , 0.025641 , 3.671180
0.051282 , 0.051282 , 3.670924
0.051282 , 0.076923 , 3.671159
0.051282 , 0.102564 , 3.670512
0.051282 , 0.128205 , 3.668371
0.051282 , 0.153846 , 3.664775
0.051282 , 0.179487 , 3.659904
0.051282 , 0.205128 , 3.654249
0.051282 , 0.230769 , 3.647428
0.051282 , 0.256410 , 3.639412
0.051282 , 0.282051 , 3.631319
0.051282 , 0.307692 , 3.622577
0.051282 , 0.333333 , 3.613414
0.051282 , 0.358974 , 3.603574
0.051282 , 0.384615 , 3.592579
0.051282 , 0.410256 , 3.581407
0.051282 , 0.435897 , 3.570300
0.051282 , 0.461538 , 3.558693
0.051282 , 0.487179 , 3.546525
0.051282 , 0.512821 , 3.533860
0.051282 , 0.538462 , 3.521926
0.051282 , 0.564103 , 3.509920
0.051282 , 0.589744 , 3.498836
0.051282 , 0.615385 , 3.487882
0.051282 , 0.641026 , 3.477544
0.051282 , 0.666667 , 3.468883
0.051282 , 0.692308 , 3.459931
0.051282 , 0.717949 , 3.451856
0.051282 , 0.743590 , 3.444461
0.051282 , 0.769231 , 3.437291
0.051282 , 0.794872 , 3.431811
0.051282 , 0.820513 , 3.426371
0.051282 , 0.846154 , 3.421180
0.051282 , 0.871795 , 3.417973
0.051282 , 0.897436 , 3.415535
0.051282 , 0.923077 , 3.413615
0.051282 , 0.948718 , 3.411705
0.051282 , 0.974359 , 3.410736
0.051282 , 1.000000 , 3.410820
0.076923 , 0.000000 , 3.524678
0.076923 , 0.025641 , 3.524445
0.076923 , 0.051282 , 3.524127
0.076923 , 0.076923 , 3.523788
0.076923 , 0.102564 , 3.522843
0.076923 , 0.128205 , 3.519564
0.076923 , 0.153846 , 3.514731
0.076923 , 0.179487 , 3.507896
0.076923 , 0.205128 , 3.499493
0.076923 , 0.230769 , 3.489456
0.076923 , 0.256410 , 3.478002
0.076923 , 0.282051 , 3.465869
0.076923 , 0.307692 , 3.453228
0.076923 , 0.333333 , 3.439714
0.076923 , 0.358974 , 3.424178
0.076923 , 0.384615 , 3.408265
0.076923 , 0.410256 , 3.391781
0.076923 , 0.435897 , 3.375298
0.076923 , 0.461538 , 3.358597
0.076923 , 0.487179 , 3.340034
0.076923 , 0.512821 , 3.321848
0.076923 , 0.538462 , 3.304411
0.076923 , 0.564103 , 3.287035
0.076923 , 0.589744 , 3.269347
0.076923 , 0.615385 , 3.253377
0.076923 , 0.641026 , 3.238064
0.076923 , 0.666667 , 3.224690
0.076923 , 0.692308 , 3.211465
0.076923 , 0.717949 , 3.198673
0.076923 , 0.743590 , 3.187908
0.076923 , 0.769231 , 3.177746
0.076923 , 0.794872 , 3.169361
0.076923 , 0.820513 , 3.160691
0.076923 , 0.846154 , 3.153622
0.076923 , 0.871795 , 3.147996
0.076923 , 0.897436 , 3.143629
0.076923 , 0.923077 , 3.140613
0.076923 , 0.948718 , 3.138673
0.076923 , 0.974359 , 3.137567
0.076923 , 1.000000 , 3.137642
0.102564 , 0.000000 , 3.381271
0.102564 , 0.025641 , 3.380908
0.102564 , 0.051282 , 3.379892
0.102564 , 0.076923 , 3.378481
0.102564 , 0.102564 , 3.376703
0.102564 , 0.128205 , 3.372555
0.102564 , 0.153846 , 3.366374
0.102564 , 0.179487 , 3.357825
0.102564 , 0.205128 , 3.347048
0.102564 , 0.230769 , 3.334368
0.102564 , 0.256410 , 3.319135
0.102564 , 0.282051 , 3.303211
0.102564 , 0.307692 , 3.286170
0.102564 , 0.333333 , 3.268676
0.102564 , 0.358974 , 3.248867
0.102564 , 0.384615 , 3.227199
0.102564 , 0.410256 , 3.205596
0.102564 , 0.435897 , 3.183838
0.102564 , 0.461538 , 3.161748
0.102564 , 0.487179 , 3.138148
0.102564 , 0.512821 , 3.113764
0.102564 , 0.538462 , 3.089810
0.102564 , 0.564103 , 3.066854
0.102564 , 0.589744 , 3.044106
0.102564 , 0.615385 , 3.022779
0.102564 , 0.641026 , 3.002896
0.102564 , 0.666667 , 2.984531
0.102564 , 0.692308 , 2.966876
0.102564 , 0.717949 , 2.950068
0.102564 , 0.743590 , 2.935202
0.102564 , 0.769231 , 2.922257
0.102564 , 0.794872 , 2.910608
0.102564 , 0.820513 , 2.900218
0.102564 , 0.846154 , 2.891027
0.102564 , 0.871795 , 2.882938
0.102564 , 0.897436 , 2.876214
0.102564 , 0.923077 , 2.872214
0.102564 , 0.948718 , 2.870332
0.102564 , 0.974359 , 2.868350
0.102564 , 1.000000 , 2.867694
0.128205 , 0.000000 , 3.240317
0.128205 , 0.025641 , 3.240596
0.128205 , 0.051282 , 3.239295
0.128205 , 0.076923 , 3.237384
0.128205 , 0.102564 , 3.234576
0.128205 , 0.128205 , 3.229259
0.128205 , 0.153846 , 3.220981
0.128205 , 0.179487 , 3.210682
0.128205 , 0.205128 , 3.197702
0.128205 , 0.230769 , 3.182562
0.128205 , 0.256410 , 3.164866
0.128205 , 0.282051 , 3.144953
0.128205 , 0.307692 , 3.123951
0.128205 , 0.333333 , 3.101571
0.128205 , 0.358974 , 3.077293
0.128205 , 0.384615 , 3.050567
0.128205 , 0.410256 , 3.022929
0.128205 , 0.435897 , 2.995906
0.128205 , 0.461538 , 2.968697
0.128205 , 0.487179 , 2.940223
0.128205 , 0.512821 , 2.910438
0.128205 , 0.538462 , 2.880668
0.128205 , 0.564103 , 2.851955
0.128205 , 0.589744 , 2.824097
0.128205 , 0.615385 , 2.797490
0.128205 , 0.641026 , 2.772982
0.128205 , 0.666667 , 2.749876
0.128205 , 0.692308 , 2.727512
0.128205 , 0.717949 , 2.706531
0.128205 , 0.743590 , 2.687750
0.128205 , 0.769231 , 2.670815
0.128205 , 0.794872 , 2.656745
0.128205 , 0.820513 , 2.643816
0.128205 , 0.846154 , 2.633123
0.128205 , 0.871795 , 2.623312
0.128205 , 0.897436 , 2.615422
0.128205 , 0.923077 , 2.609654
0.128205 , 0.948718 , 2.606248
0.128205 , 0.974359 , 2.603905
0.128205 , 1.000000 , 2.602684
0.153846 , 0.000000 , 3.104130
0.153846 , 0.025641 , 3.103440
0.153846 , 0.051282 , 3.102908
0.153846 , 0.076923 , 3.100290
0.153846 , 0.102564 , 3.096501
0.153846 , 0.128205 , 3.089538
0.153846 , 0.153846 , 3.079683
0.153846 , 0.179487 , 3.067422
0.153846 , 0.205128 , 3.052362
0.153846 , 0.230769 , 3.034470
0.153846 , 0.256410 , 3.013831
0.153846 , 0.282051 , 2.990474
0.153846 , 0.307692 , 2.965651
0.153846 , 0.333333 , 2.938729
0.153846 , 0.358974 , 2.910657
0.153846 , 0.384615 , 2.879212
0.153846 , 0.410256 , 2.845474
0.153846 , 0.435897 , 2.812946
0.153846 , 0.461538 , 2.780544
0.153846 , 0.487179 , 2.746795
0.153846 , 0.512821 , 2.711610
0.153846 , 0.538462 , 2.675992
0.153846 , 0.564103 , 2.641764
0.153846 , 0.589744 , 2.608349
0.153846 , 0.615385 , 2.577135
0.153846 , 0.641026 , 2.548015
0.153846 , 0.666667 , 2.519913
0.153846 , 0.692308 , 2.493618
0.153846 , 0.717949 , 2.468076
0.153846 , 0.743590 , 2.446100
0.153846 , 0.769231 , 2.425349
0.153846 , 0.794872 , 2.407530
0.153846 , 0.820513 , 2.392678
0.153846 , 0.846154 , 2.379199
0.153846 , 0.871795 , 2.368042
0.153846 , 0.897436 , 2.358289
0.153846 , 0.923077 , 2.352124
0.153846 , 0.948718 , 2.348266
0.153846 , 0.974359 , 2.344842
0.153846 , 1.000000 , 2.343489
0.179487 , 0.000000 , 2.973190
0.179487 , 0.025641 , 2.971933
0.179487 , 0.051282 , 2.970451
0.179487 , 0.076923 , 2.967755
0.179487 , 0.102564 , 2.962582
0.179487 , 0.128205 , 2.953949
0.179487 , 0.153846 , 2.941796
0.179487 , 0.179487 , 2.927510
0.179487 , 0.205128 , 2.910655
0.179487 , 0.230769 , 2.890244
0.179487 , 0.256410 , 2.866174
0.179487 , 0.282051 , 2.839403
0.179487 , 0.307692 , 2.810810
0.179487 , 0.333333 , 2.780097
0.179487 , 0.358974 , 2.747432
0.179487 , 0.384615 , 2.712193
0.179487 , 0.410256 , 2.673738
0.179487 , 0.435897 , 2.635266
0.179487 , 0.461538 , 2.596999
0.179487 , 0.487179 , 2.557847
0.179487 , 0.512821 , 2.517673
0.179487 , 0.538462 , 2.477602
0.179487 , 0.564103 , 2.437699
0.179487 , 0.589744 , 2.398529
0.179487 , 0.615385 , 2.361663
0.179487 , 0.641026 , 2.328293
0.179487 , 0.666667 , 2.295909
0.179487 , 0.692308 , 2.265242
0.179487 , 0.717949 , 2.235901
0.179487 , 0.743590 , 2.209681
0.179487 , 0.769231 , 2.185596
0.179487 , 0.794872 , 2.164236
0.179487 , 0.820513 , 2.146236
0.179487 , 0.846154 , 2.129962
0.179487 , 0.871795 , 2.116293
0.179487 , 0.897436 , 2.105682
0.179487 , 0.923077 , 2.097780
0.179487 , 0.948718 , 2.093806
0.179487 , 0.974359 , 2.090793
0.179487 , 1.000000 , 2.089370
0.205128 , 0.000000 , 2.847451
0.205128 , 0.025641 , 2.846126
0.205128 , 0.051282 , 2.843291
0.205128 , 0.076923 , 2.839755
0.205128 , 0.102564 , 2.833131
0.205128 , 0.128205 , 2.822929
0.205128 , 0.153846 , 2.808318
0.205128 , 0.179487 , 2.791359
0.205128 , 0.205128 , 2.772217
0.205128 , 0.230769 , 2.749629
0.205128 , 0.256410 , 2.722599
0.205128 , 0.282051 , 2.692720
0.205128 , 0.307692 , 2.660659
0.205128 , 0.333333 , 2.625736
0.205128 , 0.358974 , 2.588494
0.205128 , 0.384615 , 2.549027
0.205128 , 0.410256 , 2.507052
0.205128 , 0.435897 , 2.464119
0.205128 , 0.461538 , 2.419812
0.205128 , 0.487179 , 2.374328
0.205128 , 0.512821 , 2.328631
0.205128 , 0.538462 , 2.284182
0.205128 , 0.564103 , 2.239489
0.205128 , 0.589744 , 2.194751
0.205128 , 0.615385 , 2.152072
0.205128 , 0.641026 , 2.113259
0.205128 , 0.666667 , 2.076545
0.205128 , 0.692308 , 2.041754
0.205128 , 0.717949 , 2.008119
0.205128 , 0.743590 , 1.977776
0.205128 , 0.769231 , 1.949590
0.205128 , 0.794872 , 1.925593
0.205128 , 0.820513 , 1.904902
0.205128 , 0.846154 , 1.886706
0.205128 , 0.871795 , 1.870231
0.205128 , 0.897436 , 1.856836
0.205128 , 0.923077 , 1.847642
0.205128 , 0.948718 , 1.842619
0.205128 , 0.974359 , 1.839799
0.205128 , 1.000000 , 1.838197
0.230769 , 0.000000 , 2.726256
0.230769 , 0.025641 , 2.725131
0.230769 , 0.051282 , 2.721802
0.230769 , 0.076923 , 2.716772
0.230769 , 0.102564 , 2.708520
0.230769 , 0.128205 , 2.696827
0.230769 , 0.153846 , 2.680437
0.230769 , 0.179487 , 2.660761
0.230769 , 0.205128 , 2.639115
0.230769 , 0.230769 , 2.613159
0.230769 , 0.256410 , 2.583343
0.230769 , 0.282051 , 2.551058
0.230769 , 0.307692 , 2.516067
0.230769 , 0.333333 , 2.477636
0.230769 , 0.358974 , 2.435467
0.230769 , 0.384615 , 2.390947
0.230769 , 0.410256 , 2.344362
0.230769 , 0.435897 , 2.297239
0.230769 , 0.461538 , 2.247752
0.230769 , 0.487179 , 2.196590
0.230769 , 0.512821 , 2.145397
0.230769 , 0.538462 , 2.095899
0.230769 , 0.564103 , 2.046147
0.230769 , 0.589744 , 1.996775
0.230769 , 0.615385 , 1.948261
0.230769 , 0.641026 , 1.903406
0.230769 , 0.666667 , 1.862291
0.230769 , 0.692308 , 1.822514
0.230769 , 0.717949 , 1.784719
0.230769 , 0.743590 , 1.750515
0.230769 , 0.769231 , 1.719379
0.230769 , 0.794872 , 1.691885
0.230769 , 0.820513 , 1.668127
0.230769 , 0.846154 , 1.647081
0.230769 , 0.871795 , 1.628222
0.230769 , 0.897436 , 1.613043
0.230769 , 0.923077 , 1.602254
0.230769 , 0.948718 , 1.595846
0.230769 , 0.974359 , 1.592768
0.230769 , 1.000000 , 1.591276
0.256410 , 0.000000 , 2.610679
0.256410 , 0.025641 , 2.609738
0.256410 , 0.051282 , 2.606628
0.256410 , 0.076923 , 2.599829
0.256410 , 0.102564 , 2.590029
0.256410 , 0.128205 , 2.576539
0.256410 , 0.153846 , 2.557990
0.256410 , 0.179487 , 2.536025
0.256410 , 0.205128 , 2.511694
0.256410 , 0.230769 , 2.483071
0.256410 , 0.256410 , 2.449505
0.256410 , 0.282051 , 2.413918
0.256410 , 0.307692 , 2.375645
0.256410 , 0.333333 , 2.333090
0.256410 , 0.358974 , 2.286862
0.256410 , 0.384615 , 2.237739
0.256410 , 0.410256 , 2.186573
0.256410 , 0.435897 , 2.134420
0.256410 , 0.461538 , 2.080227
0.256410 , 0.487179 , 2.024368
0.256410 , 0.512821 , 1.968438
0.256410 , 0.538462 , 1.913070
0.256410 , 0.564103 , 1.857811
0.256410 , 0.589744 , 1.803470
0.256410 , 0.615385 , 1.750018
0.256410 , 0.641026 , 1.699320
0.256410 , 0.666667 , 1.653084
0.256410 , 0.692308 , 1.608483
0.256410 , 0.717949 , 1.566096
0.256410 , 0.743590 , 1.527807
0.256410 , 0.769231 , 1.493278
0.256410 , 0.794872 , 1.462369
0.256410 , 0.820513 , 1.436203
0.256410 , 0.846154 , 1.412882
0.256410 , 0.871795 , 1.391848
0.256410 , 0.897436 , 1.374825
0.256410 , 0.923077 , 1.362139
0.256410 , 0.948718 , 1.353979
0.256410 , 0.974359 , 1.349950
0.256410 , 1.000000 , 1.348556
0.282051 , 0.000000 , 2.502951
0.282051 , 0.025641 , 2.502391
0.282051 , 0.051282 , 2.498372
0.282051 , 0.076923 , 2.491029
0.282051 , 0.102564 , 2.479113
0.282051 , 0.128205 , 2.463789
0.282051 , 0.153846 , 2.443478
0.282051 , 0.179487 , 2.418292
0.282051 , 0.205128 , 2.390296
0.282051 , 0.230769 , 2.358906
0.282051 , 0.256410 , 2.322472
0.282051 , 0.282051 , 2.282409
0.282051 , 0.307692 , 2.239724
0.282051 , 0.333333 , 2.193149
0.282051 , 0.358974 , 2.142785
0.282051 , 0.384615 , 2.089646
0.282051 , 0.410256 , 2.033895
0.282051 , 0.435897 , 1.976840
0.282051 , 0.461538 , 1.917974
0.282051 , 0.487179 , 1.857262
0.282051 , 0.512821 , 1.796596
0.282051 , 0.538462 , 1.735508
0.282051 , 0.564103 , 1.675238
0.282051 , 0.589744 , 1.615727
0.282051 , 0.615385 , 1.557519
0.282051 , 0.641026 , 1.501580
0.282051 , 0.666667 , 1.449359
0.282051 , 0.692308 , 1.399971
0.282051 , 0.717949 , 1.353972
0.282051 , 0.743590 , 1.311104
0.282051 , 0.769231 , 1.273178
0.282051 , 0.794872 , 1.239573
0.282051 , 0.820513 , 1.209682
0.282051 , 0.846154 , 1.183966
0.282051 , 0.871795 , 1.160951
0.282051 , 0.897436 , 1.141470
0.282051 , 0.923077 , 1.127210
0.282051 , 0.948718 , 1.117183
0.282051 , 0.974359 , 1.111681
0.282051 , 1.000000 , 1.110293
0.307692 , 0.000000 , 2.404116
0.307692 , 0.025641 , 2.402879
0.307692 , 0.051282 , 2.397929
0.307692 , 0.076923 , 2.389263
0.307692 , 0.102564 , 2.375389
0.307692 , 0.128205 , 2.357990
0.307692 , 0.153846 , 2.335687
0.307692 , 0.179487 , 2.308397
0.307692 , 0.205128 , 2.276782
0.307692 , 0.230769 , 2.241227
0.307692 , 0.256410 , 2.201745
0.307692 , 0.282051 , 2.158359
0.307692 , 0.307692 , 2.110884
0.307692 , 0.333333 , 2.059670
0.307692 , 0.358974 , 2.005136
0.307692 , 0.384615 , 1.947318
0.307692 , 0.410256 , 1.887106
0.307692 , 0.435897 , 1.825283
0.307692 , 0.461538 , 1.761115
0.307692 , 0.487179 , 1.695505
0.307692 , 0.512821 , 1.629588
0.307692 , 0.538462 , 1.563257
0.307692 , 0.564103 , 1.497758
0.307692 , 0.589744 , 1.433339
0.307692 , 0.615385 , 1.370598
0.307692 , 0.641026 , 1.310087
0.307692 , 0.666667 , 1.252136
0.307692 , 0.692308 , 1.197458
0.307692 , 0.717949 , 1.147312
0.307692 , 0.743590 , 1.100849
0.307692 , 0.769231 , 1.059276
0.307692 , 0.794872 , 1.022156
0.307692 , 0.820513 , 0.988146
0.307692 , 0.846154 , 0.958899
0.307692 , 0.871795 , 0.933846
0.307692 , 0.897436 , 0.912622
0.307692 , 0.923077 , 0.896332
0.307692 , 0.948718 , 0.885510
0.307692 , 0.974359 , 0.879357
0.307692 , 1.000000 , 0.876988
0.333333 , 0.000000 , 2.313795
0.333333 , 0.025641 , 2.311757
0.333333 , 0.051282 , 2.305550
0.333333 , 0.076923 , 2.295524
0.333333 , 0.102564 , 2.280217
0.333333 , 0.128205 , 2.260363
0.333333 , 0.153846 , 2.235094
0.333333 , 0.179487 , 2.204824
0.333333 , 0.205128 , 2.170518
0.333333 , 0.230769 , 2.132127
0.333333 , 0.256410 , 2.088781
0.333333 , 0.282051 , 2.041346
0.333333 , 0.307692 , 1.989137
0.333333 , 0.333333 , 1.933144
0.333333 , 0.358974 , 1.873536
0.333333 , 0.384615 , 1.811176
0.333333 , 0.410256 , 1.745989
0.333333 , 0.435897 , 1.679157
0.333333 , 0.461538 , 1.610010
0.333333 , 0.487179 , 1.539406
0.333333 , 0.512821 , 1.468127
0.333333 , 0.538462 , 1.396297
0.333333 , 0.564103 , 1.325726
0.333333 , 0.589744 , 1.256156
0.333333 , 0.615385 , 1.188139
0.333333 , 0.641026 , 1.123237
0.333333 , 0.666667 , 1.060687
0.333333 , 0.692308 , 1.001236
0.333333 , 0.717949 , 0.946442
0.333333 , 0.743590 , 0.895819
0.333333 , 0.769231 , 0.850418
0.333333 , 0.794872 , 0.809242
0.333333 , 0.820513 , 0.771292
0.333333 , 0.846154 , 0.738434
0.333333 , 0.871795 , 0.710768
0.333333 , 0.897436 , 0.688065
0.333333 , 0.923077 , 0.670161
0.333333 , 0.948718 , 0.658235
0.333333 , 0.974359 , 0.651534
0.333333 , 1.000000 , 0.649016
0.358974 , 0.000000 , 2.233076
0.358974 , 0.025641 , 2.230600
0.358974 , 0.051282 , 2.222654
0.358974 , 0.076923 , 2.211138
0.358974 , 0.102564 , 2.193601
0.358974 , 0.128205 , 2.171317
0.358974 , 0.153846 , 2.143347
0.358974 , 0.179487 , 2.109659
0.358974 , 0.205128 , 2.071831
0.358974 , 0.230769 , 2.029416
0.358974 , 0.256410 , 1.982271
0.358974 , 0.282051 , 1.930463
0.358974 , 0.307692 , 1.873918
0.358974 , 0.333333 , 1.813507
0.358974 , 0.358974 , 1.749247
0.358974 , 0.384615 , 1.681987
0.358974 , 0.410256 , 1.611644
0.358974 , 0.435897 , 1.539451
0.358974 , 0.461538 , 1.464622
0.358974 , 0.487179 , 1.388895
0.358974 , 0.512821 , 1.312219
0.358974 , 0.538462 , 1.235160
0.358974 , 0.564103 , 1.159172
0.358974 , 0.589744 , 1.085016
0.358974 , 0.615385 , 1.011807
0.358974 , 0.641026 , 0.941373
0.358974 , 0.666667 , 0.873644
0.358974 , 0.692308 , 0.809358
0.358974 , 0.717949 , 0.749846
0.358974 , 0.743590 , 0.694505
0.358974 , 0.769231 , 0.645081
0.358974 , 0.794872 , 0.599527
0.358974 , 0.820513 , 0.558153
0.358974 , 0.846154 , 0.521949
0.358974 , 0.871795 , 0.491722
0.358974 , 0.897436 , 0.467139
0.358974 , 0.923077 , 0.447979
0.358974 , 0.948718 , 0.434769
0.358974 , 0.974359 , 0.427664
0.358974 , 1.000000 , 0.425214
0.384615 , 0.000000 , 2.162597
0.384615 , 0.025641 , 2.159583
0.384615 , 0.051282 , 2.150264
0.384615 , 0.076923 , 2.136237
0.384615 , 0.102564 , 2.116411
0.384615 , 0.128205 , 2.091020
0.384615 , 0.153846 , 2.059773
0.384615 , 0.179487 , 2.022483
0.384615 , 0.205128 , 1.980873
0.384615 , 0.230769 , 1.935011
0.384615 , 0.256410 , 1.883775
0.384615 , 0.282051 , 1.827370
0.384615 , 0.307692 , 1.766155
0.384615 , 0.333333 , 1.701409
0.384615 , 0.358974 , 1.632166
0.384615 , 0.384615 , 1.559943
0.384615 , 0.410256 , 1.484151
0.384615 , 0.435897 , 1.406257
0.384615 , 0.461538 , 1.326109
0.384615 , 0.487179 , 1.244550
0.384615 , 0.512821 , 1.162170
0.384615 , 0.538462 , 1.079444
0.384615 , 0.564103 , 0.998117
0.384615 , 0.589744 , 0.918032
0.384615 , 0.615385 , 0.839558
0.384615 , 0.641026 , 0.763586
0.384615 , 0.666667 , 0.690448
0.384615 , 0.692308 , 0.620950
0.384615 , 0.717949 , 0.555896
0.384615 , 0.743590 , 0.495674
0.384615 , 0.769231 , 0.441498
0.384615 , 0.794872 , 0.392354
0.384615 , 0.820513 , 0.347082
0.384615 , 0.846154 , 0.308361
0.384615 , 0.871795 , 0.276491
0.384615 , 0.897436 , 0.250617
0.384615 , 0.923077 , 0.229110
0.384615 , 0.948718 , 0.213962
0.384615 , 0.974359 , 0.205680
0.384615 , 1.000000 , 0.202945
0.410256 , 0.000000 , 2.102024
0.410256 , 0.025641 , 2.098618
0.410256 , 0.051282 , 2.088751
0.410256 , 0.076923 , 2.072136
0.410256 , 0.102564 , 2.049398
0.410256 , 0.128205 , 2.020484
0.410256 , 0.153846 , 1.986351
0.410256 , 0.179487 , 1.945953
0.410256 , 0.205128 , 1.900320
0.410256 , 0.230769 , 1.849947
0.410256 , 0.256410 , 1.794533
0.410256 , 0.282051 , 1.733408
0.410256 , 0.307692 , 1.667391
0.410256 , 0.333333 , 1.596917
0.410256 , 0.358974 , 1.521929
0.410256 , 0.384615 , 1.444395
0.410256 , 0.410256 , 1.362990
0.410256 , 0.435897 , 1.279436
0.410256 , 0.461538 , 1.193672
0.410256 , 0.487179 , 1.105993
0.410256 , 0.512821 , 1.017754
0.410256 , 0.538462 , 0.929120
0.410256 , 0.564103 , 0.841605
0.410256 , 0.589744 , 0.756068
0.410256 , 0.615385 , 0.672255
0.410256 , 0.641026 , 0.590067
0.410256 , 0.666667 , 0.510765
0.410256 , 0.692308 , 0.435995
0.410256 , 0.717949 , 0.365911
0.410256 , 0.743590 , 0.300429
0.410256 , 0.769231 , 0.240744
0.410256 , 0.794872 , 0.187424
0.410256 , 0.820513 , 0.138903
0.410256 , 0.846154 , 0.096913
0.410256 , 0.871795 , 0.061772
0.410256 , 0.897436 , 0.034536
0.410256 , 0.923077 , 0.012093
0.410256 , 0.948718 , -0.004986
0.410256 , 0.974359 , -0.015270
0.410256 , 1.000000 , -0.018890
0.435897 , 0.000000 , 2.052094
0.435897 , 0.025641 , 2.047990
0.435897 , 0.051282 , 2.036827
0.435897 , 0.076923 , 2.018850
0.435897 , 0.102564 , 1.993006
0.435897 , 0.128205 , 1.960477
0.435897 , 0.153846 , 1.923539
0.435897 , 0.179487 , 1.880435
0.435897 , 0.205128 , 1.831186
0.435897 , 0.230769 , 1.775769
0.435897 , 0.256410 , 1.715197
0.435897 , 0.282051 , 1.649225
0.435897 , 0.307692 , 1.578110
0.435897 , 0.333333 , 1.501482
0.435897 , 0.358974 , 1.420675
0.435897 , 0.384615 , 1.336835
0.435897 , 0.410256 , 1.249336
0.435897 , 0.435897 , 1.159283
0.435897 , 0.461538 , 1.067323
0.435897 , 0.487179 , 0.973395
0.435897 , 0.512821 , 0.878904
0.435897 , 0.538462 , 0.784267
0.435897 , 0.564103 , 0.690371
0.435897 , 0.589744 , 0.598194
0.435897 , 0.615385 , 0.508165
0.435897 , 0.641026 , 0.420469
0.435897 , 0.666667 , 0.335029
0.435897 , 0.692308 , 0.254613
0.435897 , 0.717949 , 0.178753
0.435897 , 0.743590 , 0.108336
0.435897 , 0.769231 , 0.043566
0.435897 , 0.794872 , -0.014692
0.435897 , 0.820513 , -0.066784
0.435897 , 0.846154 , -0.111784
0.435897 , 0.871795 , -0.150207
0.435897 , 0.897436 , -0.181271
0.435897 , 0.923077 , -0.204952
0.435897 , 0.948718 , -0.223273
0.435897 , 0.974359 , -0.234889
0.435897 , 1.000000 , -0.238581
0.461538 , 0.000000 , 2.012506
0.461538 , 0.025641 , 2.008466
0.461538 , 0.051282 , 1.996287
0.461538 , 0.076923 , 1.976782
0.461538 , 0.102564 , 1.949240
0.461538 , 0.128205 , 1.914118
0.461538 , 0.153846 , 1.873371
0.461538 , 0.179487 , 1.826169
0.461538 , 0.205128 , 1.772481
0.461538 , 0.230769 , 1.712505
0.461538 , 0.256410 , 1.646266
0.461538 , 0.282051 , 1.575125
0.461538 , 0.307692 , 1.498560
0.461538 , 0.333333 , 1.416213
0.461538 , 0.358974 , 1.329287
0.461538 , 0.384615 , 1.238299
0.461538 , 0.410256 , 1.143006
0.461538 , 0.435897 , 1.045998
0.461538 , 0.461538 , 0.947325
0.461538 , 0.487179 , 0.846834
0.461538 , 0.512821 , 0.745437
0.461538 , 0.538462 , 0.643944
0.461538 , 0.564103 , 0.543147
0.461538 , 0.589744 , 0.444269
0.461538 , 0.615385 , 0.347230
0.461538 , 0.641026 , 0.253087
0.461538 , 0.666667 , 0.162056
0.461538 , 0.692308 , 0.075680
0.461538 , 0.717949 , -0.005746
0.461538 , 0.743590 , -0.081556
0.461538 , 0.769231 , -0.150975
0.461538 , 0.794872 , -0.214236
0.461538 , 0.820513 , -0.270356
0.461538 , 0.846154 , -0.319144
0.461538 , 0.871795 , -0.360879
0.461538 , 0.897436 , -0.394466
0.461538 , 0.923077 , -0.420565
0.461538 , 0.948718 , -0.439938
0.461538 , 0.974359 , -0.451940
0.461538 , 1.000000 , -0.455805
0.487179 , 0.000000 , 1.985394
0.487179 , 0.025641 , 1.981443
0.487179 , 0.051282 , 1.968482
0.487179 , 0.076923 , 1.947520
0.487179 , 0.102564 , 1.918083
0.487179 , 0.128205 , 1.880549
0.487179 , 0.153846 , 1.835776
0.487179 , 0.179487 , 1.783829
0.487179 , 0.205128 , 1.725104
0.487179 , 0.230769 , 1.659947
0.487179 , 0.256410 , 1.588204
0.487179 , 0.282051 , 1.511340
0.487179 , 0.307692 , 1.428510
0.487179 , 0.333333 , 1.339909
0.487179 , 0.358974 , 1.246640
0.487179 , 0.384615 , 1.148480
0.487179 , 0.410256 , 1.045695
0.487179 , 0.435897 , 0.940647
0.487179 , 0.461538 , 0.834188
0.487179 , 0.487179 , 0.726211
0.487179 , 0.512821 , 0.617274
0.487179 , 0.538462 , 0.508003
0.487179 , 0.564103 , 0.399729
0.487179 , 0.589744 , 0.293346
0.487179 , 0.615385 , 0.189575
0.487179 , 0.641026 , 0.088503
0.487179 , 0.666667 , -0.008777
0.487179 , 0.692308 , -0.101298
0.487179 , 0.717949 , -0.188809
0.487179 , 0.743590 , -0.269846
0.487179 , 0.769231 , -0.344224
0.487179 , 0.794872 , -0.411810
0.487179 , 0.820513 , -0.472535
0.487179 , 0.846154 , -0.525355
0.487179 , 0.871795 , -0.570608
0.487179 , 0.897436 , -0.607133
0.487179 , 0.923077 , -0.635318
0.487179 , 0.948718 , -0.655671
0.487179 , 0.974359 , -0.667971
0.487179 , 1.000000 , -0.672434
0.512821 , 0.000000 , 1.971826
0.512821 , 0.025641 , 1.967912
0.512821 , 0.051282 , 1.954422
0.512821 , 0.076923 , 1.931960
0.512821 , 0.102564 , 1.900072
0.512821 , 0.128205 , 1.859256
0.512821 , 0.153846 , 1.810753
0.512821 , 0.179487 , 1.754772
0.512821 , 0.205128 , 1.690852
0.512821 , 0.230769 , 1.619966
0.512821 , 0.256410 , 1.542707
0.512821 , 0.282051 , 1.459271
0.512821 , 0.307692 , 1.369703
0.512821 , 0.333333 , 1.273613
0.512821 , 0.358974 , 1.172335
0.512821 , 0.384615 , 1.066541
0.512821 , 0.410256 , 0.956509
0.512821 , 0.435897 , 0.843551
0.512821 , 0.461538 , 0.728432
0.512821 , 0.487179 , 0.612085
0.512821 , 0.512821 , 0.494371
0.512821 , 0.538462 , 0.376845
0.512821 , 0.564103 , 0.261171
0.512821 , 0.589744 , 0.146503
0.512821 , 0.615385 , 0.034675
0.512821 , 0.641026 , -0.073231
0.512821 , 0.666667 , -0.177532
0.512821 , 0.692308 , -0.276851
0.512821 , 0.717949 , -0.370683
0.512821 , 0.743590 , -0.457753
0.512821 , 0.769231 , -0.537268
0.512821 , 0.794872 , -0.609616
0.512821 , 0.820513 , -0.674510
0.512821 , 0.846154 , -0.731148
0.512821 , 0.871795 , -0.780295
0.512821 , 0.897436 , -0.820234
0.512821 , 0.923077 , -0.850679
0.512821 , 0.948718 , -0.871963
0.512821 , 0.974359 , -0.884162
0.512821 , 1.000000 , -0.888970
0.538462 , 0.000000 , 1.972923
0.538462 , 0.025641 , 1.968820
0.538462 , 0.051282 , 1.954480
0.538462 , 0.076923 , 1.930203
0.538462 , 0.102564 , 1.896755
0.538462 , 0.128205 , 1.852730
0.538462 , 0.153846 , 1.800690
0.538462 , 0.179487 , 1.740373
0.538462 , 0.205128 , 1.671308
0.538462 , 0.230769 , 1.594103
0.538462 , 0.256410 , 1.510617
0.538462 , 0.282051 , 1.420368
0.538462 , 0.307692 , 1.322770
0.538462 , 0.333333 , 1.218707
0.538462 , 0.358974 , 1.109343
0.538462 , 0.384615 , 0.994705
0.538462 , 0.410256 , 0.875843
0.538462 , 0.435897 , 0.753909
0.538462 , 0.461538 , 0.629696
0.538462 , 0.487179 , 0.503979
0.538462 , 0.512821 , 0.377535
0.538462 , 0.538462 , 0.251110
0.538462 , 0.564103 , 0.126641
0.538462 , 0.589744 , 0.003281
0.538462 , 0.615385 , -0.117044
0.538462 , 0.641026 , -0.233290
0.538462 , 0.666667 , -0.345110
0.538462 , 0.692308 , -0.451915
0.538462 , 0.717949 , -0.552669
0.538462 , 0.743590 , -0.646617
0.538462 , 0.769231 , -0.731646
0.538462 , 0.794872 , -0.808744
0.538462 , 0.820513 , -0.878347
0.538462 , 0.846154 , -0.938607
0.538462 , 0.871795 , -0.990595
0.538462 , 0.897436 , -1.033543
0.538462 , 0.923077 , -1.066666
0.538462 , 0.948718 , -1.089216
0.538462 , 0.974359 , -1.102074
0.538462 , 1.000000 , -1.107221
0.564103 , 0.000000 , 1.990291
0.564103 , 0.025641 , 1.985108
0.564103 , 0.051282 , 1.969946
0.564103 , 0.076923 , 1.943744
0.564103 , 0.102564 , 1.907582
0.564103 , 0.128205 , 1.860709
0.564103 , 0.153846 , 1.804939
0.564103 , 0.179487 , 1.740423
0.564103 , 0.205128 , 1.666090
0.564103 , 0.230769 , 1.583431
0.564103 , 0.256410 , 1.492928
0.564103 , 0.282051 , 1.395254
0.564103 , 0.307692 , 1.289403
0.564103 , 0.333333 , 1.176754
0.564103 , 0.358974 , 1.058428
0.564103 , 0.384615 , 0.934264
0.564103 , 0.410256 , 0.804860
0.564103 , 0.435897 , 0.672997
0.564103 , 0.461538 , 0.538340
0.564103 , 0.487179 , 0.402571
0.564103 , 0.512821 , 0.265933
0.564103 , 0.538462 , 0.129326
0.564103 , 0.564103 , -0.004902
0.564103 , 0.589744 , -0.137917
0.564103 , 0.615385 , -0.267995
0.564103 , 0.641026 , -0.392767
0.564103 , 0.666667 , -0.513119
0.564103 , 0.692308 , -0.628328
0.564103 , 0.717949 , -0.736373
0.564103 , 0.743590 , -0.836812
0.564103 , 0.769231 , -0.927665
0.564103 , 0.794872 , -1.010091
0.564103 , 0.820513 , -1.084348
0.564103 , 0.846154 , -1.148205
0.564103 , 0.871795 , -1.202992
0.564103 , 0.897436 , -1.249167
0.564103 , 0.923077 , -1.283896
0.564103 , 0.948718 , -1.308433
0.564103 , 0.974359 , -1.322394
0.564103 , 1.000000 , -1.328010
0.589744 , 0.000000 , 2.023281
0.589744 , 0.025641 , 2.017722
0.589744 , 0.051282 , 2.001261
0.589744 , 0.076923 , 1.973866
0.589744 , 0.102564 , 1.934716
0.589744 , 0.128205 , 1.884972
0.589744 , 0.153846 , 1.825130
0.589744 , 0.179487 , 1.756113
0.589744 , 0.205128 , 1.676685
0.589744 , 0.230769 , 1.587973
0.589744 , 0.256410 , 1.489942
0.589744 , 0.282051 , 1.384394
0.589744 , 0.307692 , 1.270394
0.589744 , 0.333333 , 1.148442
0.589744 , 0.358974 , 1.019768
0.589744 , 0.384615 , 0.885360
0.589744 , 0.410256 , 0.744997
0.589744 , 0.435897 , 0.601456
0.589744 , 0.461538 , 0.455286
0.589744 , 0.487179 , 0.307456
0.589744 , 0.512821 , 0.159262
0.589744 , 0.538462 , 0.011347
0.589744 , 0.564103 , -0.134651
0.589744 , 0.589744 , -0.277848
0.589744 , 0.615385 , -0.418342
0.589744 , 0.641026 , -0.553706
0.589744 , 0.666667 , -0.683460
0.589744 , 0.692308 , -0.807177
0.589744 , 0.717949 , -0.922910
0.589744 , 0.743590 , -1.029244
0.589744 , 0.769231 , -1.125692
0.589744 , 0.794872 , -1.213711
0.589744 , 0.820513 , -1.292454
0.589744 , 0.846154 , -1.360428
0.589744 , 0.871795 , -1.418839
0.589744 , 0.897436 , -1.467774
0.589744 , 0.923077 , -1.504404
0.589744 , 0.948718 , -1.530393
0.589744 , 0.974359 , -1.545963
0.589744 , 1.000000 , -1.551342
0.615385 , 0.000000 , 2.073238
0.615385 , 0.025641 , 2.067094
0.615385 , 0.051282 , 2.049706
0.615385 , 0.076923 , 2.020624
0.615385 , 0.102564 , 1.978957
0.615385 , 0.128205 , 1.926468
0.615385 , 0.153846 , 1.862745
0.615385 , 0.179487 , 1.788672
0.615385 , 0.205128 , 1.704016
0.615385 , 0.230769 , 1.608822
0.615385 , 0.256410 , 1.503254
0.615385 , 0.282051 , 1.388845
0.615385 , 0.307692 , 1.265968
0.615385 , 0.333333 , 1.134129
0.615385 , 0.358974 , 0.994820
0.615385 , 0.384615 , 0.848770
0.615385 , 0.410256 , 0.696237
0.615385 , 0.435897 , 0.539816
0.615385 , 0.461538 , 0.380544
0.615385 , 0.487179 , 0.219338
0.615385 , 0.512821 , 0.057544
0.615385 , 0.538462 , -0.102932
0.615385 , 0.564103 , -0.261960
0.615385 , 0.589744 , -0.417497
0.615385 , 0.615385 , -0.569164
0.615385 , 0.641026 , -0.715686
0.615385 , 0.666667 , -0.855510
0.615385 , 0.692308 , -0.987839
0.615385 , 0.717949 , -1.112163
0.615385 , 0.743590 , -1.225826
0.615385 , 0.769231 , -1.329177
0.615385 , 0.794872 , -1.423273
0.615385 , 0.820513 , -1.506059
0.615385 , 0.846154 , -1.577412
0.615385 , 0.871795 , -1.639926
0.615385 , 0.897436 , -1.691123
0.615385 , 0.923077 , -1.729728
0.615385 , 0.948718 , -1.756629
0.615385 , 0.974359 , -1.772906
0.615385 , 1.000000 , -1.778507
0.641026 , 0.000000 , 2.140037
0.641026 , 0.025641 , 2.133456
0.641026 , 0.051282 , 2.115566
0.641026 , 0.076923 , 2.084515
0.641026 , 0.102564 , 2.040432
0.641026 , 0.128205 , 1.985112
0.641026 , 0.153846 , 1.917592
0.641026 , 0.179487 , 1.838990
0.641026 , 0.205128 , 1.748821
0.641026 , 0.230769 , 1.647415
0.641026 , 0.256410 , 1.534541
0.641026 , 0.282051 , 1.411435
0.641026 , 0.307692 , 1.278124
0.641026 , 0.333333 , 1.135453
0.641026 , 0.358974 , 0.983858
0.641026 , 0.384615 , 0.825190
0.641026 , 0.410256 , 0.659096
0.641026 , 0.435897 , 0.488121
0.641026 , 0.461538 , 0.314319
0.641026 , 0.487179 , 0.138105
0.641026 , 0.512821 , -0.038699
0.641026 , 0.538462 , -0.214065
0.641026 , 0.564103 , -0.387442
0.641026 , 0.589744 , -0.556799
0.641026 , 0.615385 , -0.721232
0.641026 , 0.641026 , -0.880042
0.641026 , 0.666667 , -1.030414
0.641026 , 0.692308 , -1.171943
0.641026 , 0.717949 , -1.305550
0.641026 , 0.743590 , -1.427460
0.641026 , 0.769231 , -1.538019
0.641026 , 0.794872 , -1.637702
0.641026 , 0.820513 , -1.725739
0.641026 , 0.846154 , -1.800542
0.641026 , 0.871795 , -1.865676
0.641026 , 0.897436 , -1.918262
0.641026 , 0.923077 , -1.958252
0.641026 , 0.948718 , -1.987279
0.641026 , 0.974359 , -2.004204
0.641026 , 1.000000 , -2.010694
0.666667 , 0.000000 , 2.224088
0.666667 , 0.025641 , 2.217051
0.666667 , 0.051282 , 2.198729
0.666667 , 0.076923 , 2.166331
0.666667 , 0.102564 , 2.120605
0.666667 , 0.128205 , 2.062780
0.666667 , 0.153846 , 1.991430
0.666667 , 0.179487 , 1.908256
0.666667 , 0.205128 , 1.812990
0.666667 , 0.230769 , 1.705521
0.666667 , 0.256410 , 1.584953
0.666667 , 0.282051 , 1.452624
0.666667 , 0.307692 , 1.308157
0.666667 , 0.333333 , 1.153406
0.666667 , 0.358974 , 0.988245
0.666667 , 0.384615 , 0.815112
0.666667 , 0.410256 , 0.633865
0.666667 , 0.435897 , 0.447135
0.666667 , 0.461538 , 0.256507
0.666667 , 0.487179 , 0.063487
0.666667 , 0.512821 , -0.130164
0.666667 , 0.538462 , -0.322305
0.666667 , 0.564103 , -0.511750
0.666667 , 0.589744 , -0.697029
0.666667 , 0.615385 , -0.875875
0.666667 , 0.641026 , -1.047811
0.666667 , 0.666667 , -1.209812
0.666667 , 0.692308 , -1.361657
0.666667 , 0.717949 , -1.504469
0.666667 , 0.743590 , -1.635533
0.666667 , 0.769231 , -1.753813
0.666667 , 0.794872 , -1.858797
0.666667 , 0.820513 , -1.951995
0.666667 , 0.846154 , -2.031166
0.666667 , 0.871795 , -2.098248
0.666667 , 0.897436 , -2.152233
0.666667 , 0.923077 , -2.193052
0.666667 , 0.948718 , -2.223342
0.666667 , 0.974359 , -2.241454
0.666667 , 1.000000 , -2.247538
0.692308 , 0.000000 , 2.325891
0.692308 , 0.025641 , 2.319010
0.692308 , 0.051282 , 2.299806
0.692308 , 0.076923 , 2.267150
0.692308 , 0.102564 , 2.220245
0.692308 , 0.128205 , 2.160413
0.692308 , 0.153846 , 2.086261
0.692308 , 0.179487 , 1.999151
0.692308 , 0.205128 , 1.897820
0.692308 , 0.230769 , 1.783089
0.692308 , 0.256410 , 1.655559
0.692308 , 0.282051 , 1.513455
0.692308 , 0.307692 , 1.357070
0.692308 , 0.333333 , 1.189081
0.692308 , 0.358974 , 1.009270
0.692308 , 0.384615 , 0.819826
0.692308 , 0.410256 , 0.621601
0.692308 , 0.435897 , 0.416728
0.692308 , 0.461538 , 0.207235
0.692308 , 0.487179 , -0.004659
0.692308 , 0.512821 , -0.217345
0.692308 , 0.538462 , -0.428112
0.692308 , 0.564103 , -0.635241
0.692308 , 0.589744 , -0.837716
0.692308 , 0.615385 , -1.033203
0.692308 , 0.641026 , -1.219320
0.692308 , 0.666667 , -1.393679
0.692308 , 0.692308 , -1.557626
0.692308 , 0.717949 , -1.710602
0.692308 , 0.743590 , -1.851110
0.692308 , 0.769231 , -1.976938
0.692308 , 0.794872 , -2.088558
0.692308 , 0.820513 , -2.186396
0.692308 , 0.846154 , -2.269981
0.692308 , 0.871795 , -2.339400
0.692308 , 0.897436 , -2.394369
0.692308 , 0.923077 , -2.436113
0.692308 , 0.948718 , -2.466443
0.692308 , 0.974359 , -2.485307
0.692308 , 1.000000 , -2.490809
0.717949 , 0.000000 , 2.446335
0.717949 , 0.025641 , 2.439645
0.717949 , 0.051282 , 2.420237
0.717949 , 0.076923 , 2.387028
0.717949 , 0.102564 , 2.339789
0.717949 , 0.128205 , 2.278828
0.717949 , 0.153846 , 2.202766
0.717949 , 0.179487 , 2.112259
0.717949 , 0.205128 , 2.006417
0.717949 , 0.230769 , 1.884681
0.717949 , 0.256410 , 1.748090
0.717949 , 0.282051 , 1.596388
0.717949 , 0.307692 , 1.427441
0.717949 , 0.333333 , 1.244974
0.717949 , 0.358974 , 1.049074
0.717949 , 0.384615 , 0.841453
0.717949 , 0.410256 , 0.623937
0.717949 , 0.435897 , 0.399141
0.717949 , 0.461538 , 0.168828
0.717949 , 0.487179 , -0.064759
0.717949 , 0.512821 , -0.298922
0.717949 , 0.538462 , -0.530808
0.717949 , 0.564103 , -0.758581
0.717949 , 0.589744 , -0.980866
0.717949 , 0.615385 , -1.194344
0.717949 , 0.641026 , -1.396206
0.717949 , 0.666667 , -1.585044
0.717949 , 0.692308 , -1.762256
0.717949 , 0.717949 , -1.926584
0.717949 , 0.743590 , -2.076773
0.717949 , 0.769231 , -2.211061
0.717949 , 0.794872 , -2.328817
0.717949 , 0.820513 , -2.431112
0.717949 , 0.846154 , -2.517597
0.717949 , 0.871795 , -2.589170
0.717949 , 0.897436 , -2.644898
0.717949 , 0.923077 , -2.687465
0.717949 , 0.948718 , -2.717431
0.717949 , 0.974359 , -2.735628
0.717949 , 1.000000 , -2.741559
0.743590 , 0.000000 , 2.585942
0.743590 , 0.025641 , 2.579412
0.743590 , 0.051282 , 2.560225
0.743590 , 0.076923 , 2.527175
0.743590 , 0.102564 , 2.480507
0.743590 , 0.128205 , 2.419340
0.743590 , 0.153846 , 2.341905
0.743590 , 0.179487 , 2.248557
0.743590 , 0.205128 , 2.138195
0.743590 , 0.230769 , 2.010496
0.743590 , 0.256410 , 1.865561
0.743590 , 0.282051 , 1.702002
0.743590 , 0.307692 , 1.519668
0.743590 , 0.333333 , 1.322022
0.743590 , 0.358974 , 1.108839
0.743590 , 0.384615 , 0.881387
0.743590 , 0.410256 , 0.642759
0.743590 , 0.435897 , 0.395329
0.743590 , 0.461538 , 0.141133
0.743590 , 0.487179 , -0.116405
0.743590 , 0.512821 , -0.375046
0.743590 , 0.538462 , -0.631446
0.743590 , 0.564103 , -0.882449
0.743590 , 0.589744 , -1.126614
0.743590 , 0.615385 , -1.360476
0.743590 , 0.641026 , -1.580789
0.743590 , 0.666667 , -1.786607
0.743590 , 0.692308 , -1.978354
0.743590 , 0.717949 , -2.155263
0.743590 , 0.743590 , -2.315670
0.743590 , 0.769231 , -2.458199
0.743590 , 0.794872 , -2.581645
0.743590 , 0.820513 , -2.687354
0.743590 , 0.846154 , -2.775568
0.743590 , 0.871795 , -2.847857
0.743590 , 0.897436 , -2.903995
0.743590 , 0.923077 , -2.946677
0.743590 , 0.948718 , -2.975986
0.743590 , 0.974359 , -2.993518
0.743590 , 1.000000 , -2.999239
0.769231 , 0.000000 , 2.743416
0.769231 , 0.025641 , 2.737505
0.769231 , 0.051282 , 2.719531
0.769231 , 0.076923 , 2.688053
0.769231 , 0.102564 , 2.642629
0.769231 , 0.128205 , 2.582696
0.769231 , 0.153846 , 2.505247
0.769231 , 0.179487 , 2.410083
0.769231 , 0.205128 , 2.295279
0.769231 , 0.230769 , 2.160693
0.769231 , 0.256410 , 2.006986
0.769231 , 0.282051 , 1.832293
0.769231 , 0.307692 , 1.636386
0.769231 , 0.333333 , 1.421823
0.769231 , 0.358974 , 1.189506
0.769231 , 0.384615 , 0.940088
0.769231 , 0.410256 , 0.677385
0.769231 , 0.435897 , 0.404384
0.769231 , 0.461538 , 0.124015
0.769231 , 0.487179 , -0.160641
0.769231 , 0.512821 , -0.446887
0.769231 , 0.538462 , -0.730431
0.769231 , 0.564103 , -1.007908
0.769231 , 0.589744 , -1.277257
0.769231 , 0.615385 , -1.534159
0.769231 , 0.641026 , -1.775361
0.769231 , 0.666667 , -2.000366
0.769231 , 0.692308 , -2.208547
0.769231 , 0.717949 , -2.399037
0.769231 , 0.743590 , -2.570282
0.769231 , 0.769231 , -2.720315
0.769231 , 0.794872 , -2.848702
0.769231 , 0.820513 , -2.956810
0.769231 , 0.846154 , -3.045149
0.769231 , 0.871795 , -3.116913
0.769231 , 0.897436 , -3.172075
0.769231 , 0.923077 , -3.213022
0.769231 , 0.948718 , -3.241272
0.769231 , 0.974359 , -3.258315
0.769231 , 1.000000 , -3.263709
0.794872 , 0.000000 , 2.920135
0.794872 , 0.025641 , 2.914491
0.794872 , 0.051282 , 2.897981
0.794872 , 0.076923 , 2.868716
0.794872 , 0.102564 , 2.826308
0.794872 , 0.128205 , 2.768968
0.794872 , 0.153846 , 2.693330
0.794872 , 0.179487 , 2.598061
0.794872 , 0.205128 , 2.480504
0.794872 , 0.230769 , 2.340324
0.794872 , 0.256410 , 2.177858
0.794872 , 0.282051 , 1.991655
0.794872 , 0.307692 , 1.780990
0.794872 , 0.333333 , 1.547321
0.794872 , 0.358974 , 1.293439
0.794872 , 0.384615 , 1.020348
0.794872 , 0.410256 , 0.730620
0.794872 , 0.435897 , 0.428826
0.794872 , 0.461538 , 0.118800
0.794872 , 0.487179 , -0.196548
0.794872 , 0.512821 , -0.514325
0.794872 , 0.538462 , -0.828655
0.794872 , 0.564103 , -1.135851
0.794872 , 0.589744 , -1.433497
0.794872 , 0.615385 , -1.716401
0.794872 , 0.641026 , -1.982183
0.794872 , 0.666667 , -2.228927
0.794872 , 0.692308 , -2.455350
0.794872 , 0.717949 , -2.659483
0.794872 , 0.743590 , -2.841395
0.794872 , 0.769231 , -2.998930
0.794872 , 0.794872 , -3.131377
0.794872 , 0.820513 , -3.240696
0.794872 , 0.846154 , -3.328344
0.794872 , 0.871795 , -3.398109
0.794872 , 0.897436 , -3.450757
0.794872 , 0.923077 , -3.488797
0.794872 , 0.948718 , -3.514863
0.794872 , 0.974359 , -3.529915
0.794872 , 1.000000 , -3.535223
0.820513 , 0.000000 , 3.112936
0.820513 , 0.025641 , 3.108750
0.820513 , 0.051282 , 3.094963
0.820513 , 0.076923 , 3.069953
0.820513 , 0.102564 , 3.032200
0.820513 , 0.128205 , 2.979205
0.820513 , 0.153846 , 2.908140
0.820513 , 0.179487 , 2.815454
0.820513 , 0.205128 , 2.697260
0.820513 , 0.230769 , 2.552148
0.820513 , 0.256410 , 2.381152
0.820513 , 0.282051 , 2.183190
0.820513 , 0.307692 , 1.957192
0.820513 , 0.333333 , 1.703730
0.820513 , 0.358974 , 1.425038
0.820513 , 0.384615 , 1.124398
0.820513 , 0.410256 , 0.805192
0.820513 , 0.435897 , 0.471375
0.820513 , 0.461538 , 0.126541
0.820513 , 0.487179 , -0.224562
0.820513 , 0.512821 , -0.577666
0.820513 , 0.538462 , -0.926919
0.820513 , 0.564103 , -1.268472
0.820513 , 0.589744 , -1.598624
0.820513 , 0.615385 , -1.911085
0.820513 , 0.641026 , -2.203182
0.820513 , 0.666667 , -2.472790
0.820513 , 0.692308 , -2.718520
0.820513 , 0.717949 , -2.938477
0.820513 , 0.743590 , -3.131632
0.820513 , 0.769231 , -3.296906
0.820513 , 0.794872 , -3.433274
0.820513 , 0.820513 , -3.543052
0.820513 , 0.846154 , -3.628825
0.820513 , 0.871795 , -3.693517
0.820513 , 0.897436 , -3.741384
0.820513 , 0.923077 , -3.774650
0.820513 , 0.948718 , -3.797044
0.820513 , 0.974359 , -3.808821
0.820513 , 1.000000 , -3.812477
0.846154 , 0.000000 , 3.320407
0.846154 , 0.025641 , 3.317734
0.846154 , 0.051282 , 3.308939
0.846154 , 0.076923 , 3.291039
0.846154 , 0.102564 , 3.261066
0.846154 , 0.128205 , 3.216306
0.846154 , 0.153846 , 3.151931
0.846154 , 0.179487 , 3.063402
0.846154 , 0.205128 , 2.946659
0.846154 , 0.230769 , 2.799041
0.846154 , 0.256410 , 2.620419
0.846154 , 0.282051 , 2.409865
0.846154 , 0.307692 , 2.167171
0.846154 , 0.333333 , 1.893512
0.846154 , 0.358974 , 1.587875
0.846154 , 0.384615 , 1.255898
0.846154 , 0.410256 , 0.902526
0.846154 , 0.435897 , 0.532059
0.846154 , 0.461538 , 0.148837
0.846154 , 0.487179 , -0.243378
0.846154 , 0.512821 , -0.637057
0.846154 , 0.538462 , -1.026310
0.846154 , 0.564103 , -1.407130
0.846154 , 0.589744 , -1.773924
0.846154 , 0.615385 , -2.119925
0.846154 , 0.641026 , -2.441559
0.846154 , 0.666667 , -2.737483
0.846154 , 0.692308 , -3.005090
0.846154 , 0.717949 , -3.242387
0.846154 , 0.743590 , -3.446510
0.846154 , 0.769231 , -3.618139
0.846154 , 0.794872 , -3.757854
0.846154 , 0.820513 , -3.867102
0.846154 , 0.846154 , -3.947893
0.846154 , 0.871795 , -4.005054
0.846154 , 0.897436 , -4.044261
0.846154 , 0.923077 , -4.069836
0.846154 , 0.948718 , -4.084651
0.846154 , 0.974359 , -4.092046
0.846154 , 1.000000 , -4.094035
0.871795 , 0.000000 , 3.538937
0.871795 , 0.025641 , 3.539276
0.871795 , 0.051282 , 3.537809
0.871795 , 0.076923 , 3.530753
0.871795 , 0.102564 , 3.512858
0.871795 , 0.128205 , 3.479536
0.871795 , 0.153846 , 3.425950
0.871795 , 0.179487 , 3.345450
0.871795 , 0.205128 , 3.233963
0.871795 , 0.230769 , 3.086038
0.871795 , 0.256410 , 2.900550
0.871795 , 0.282051 , 2.676828
0.871795 , 0.307692 , 2.415210
0.871795 , 0.333333 , 2.117393
0.871795 , 0.358974 , 1.783900
0.871795 , 0.384615 , 1.417561
0.871795 , 0.410256 , 1.025700
0.871795 , 0.435897 , 0.612962
0.871795 , 0.461538 , 0.185090
0.871795 , 0.487179 , -0.252975
0.871795 , 0.512821 , -0.693300
0.871795 , 0.538462 , -1.128588
0.871795 , 0.564103 , -1.553957
0.871795 , 0.589744 , -1.961913
0.871795 , 0.615385 , -2.346323
0.871795 , 0.641026 , -2.703035
0.871795 , 0.666667 , -3.028715
0.871795 , 0.692308 , -3.320180
0.871795 , 0.717949 , -3.574491
0.871795 , 0.743590 , -3.790197
0.871795 , 0.769231 , -3.967667
0.871795 , 0.794872 , -4.108496
0.871795 , 0.820513 , -4.213956
0.871795 , 0.846154 , -4.287563
0.871795 , 0.871795 , -4.333973
0.871795 , 0.897436 , -4.359802
0.871795 , 0.923077 , -4.372467
0.871795 , 0.948718 , -4.376630
0.871795 , 0.974359 , -4.376402
0.871795 , 1.000000 , -4.375649
0.897436 , 0.000000 , 3.764471
0.897436 , 0.025641 , 3.768623
0.897436 , 0.051282 , 3.777697
0.897436 , 0.076923 , 3.786546
0.897436 , 0.102564 , 3.787269
0.897436 , 0.128205 , 3.771752
0.897436 , 0.153846 , 3.734431
0.897436 , 0.179487 , 3.666411
0.897436 , 0.205128 , 3.562149
0.897436 , 0.230769 , 3.416357
0.897436 , 0.256410 , 3.225322
0.897436 , 0.282051 , 2.989499
0.897436 , 0.307692 , 2.707664
0.897436 , 0.333333 , 2.382699
0.897436 , 0.358974 , 2.017098
0.897436 , 0.384615 , 1.613600
0.897436 , 0.410256 , 1.177934
0.897436 , 0.435897 , 0.716947
0.897436 , 0.461538 , 0.238023
0.897436 , 0.487179 , -0.252604
0.897436 , 0.512821 , -0.746584
0.897436 , 0.538462 , -1.235300
0.897436 , 0.564103 , -1.711349
0.897436 , 0.589744 , -2.167649
0.897436 , 0.615385 , -2.596657
0.897436 , 0.641026 , -2.992281
0.897436 , 0.666667 , -3.350268
0.897436 , 0.692308 , -3.667139
0.897436 , 0.717949 , -3.940065
0.897436 , 0.743590 , -4.167925
0.897436 , 0.769231 , -4.350176
0.897436 , 0.794872 , -4.489151
0.897436 , 0.820513 , -4.586774
0.897436 , 0.846154 , -4.647804
0.897436 , 0.871795 , -4.678469
0.897436 , 0.897436 , -4.685983
0.897436 , 0.923077 , -4.679406
0.897436 , 0.948718 , -4.667053
0.897436 , 0.974359 , -4.656482
0.897436 , 1.000000 , -4.652438
0.923077 , 0.000000 , 3.988147
0.923077 , 0.025641 , 3.998258
0.923077 , 0.051282 , 4.024221
0.923077 , 0.076923 , 4.056564
0.923077 , 0.102564 , 4.083426
0.923077 , 0.128205 , 4.094776
0.923077 , 0.153846 , 4.080266
0.923077 , 0.179487 , 4.030991
0.923077 , 0.205128 , 3.938916
0.923077 , 0.230769 , 3.797269
0.923077 , 0.256410 , 3.602365
0.923077 , 0.282051 , 3.354138
0.923077 , 0.307692 , 3.051769
0.923077 , 0.333333 , 2.697364
0.923077 , 0.358974 , 2.293961
0.923077 , 0.384615 , 1.847105
0.923077 , 0.410256 , 1.362321
0.923077 , 0.435897 , 0.846489
0.923077 , 0.461538 , 0.308553
0.923077 , 0.487179 , -0.242611
0.923077 , 0.512821 , -0.797684
0.923077 , 0.538462 , -1.347090
0.923077 , 0.564103 , -1.881712
0.923077 , 0.589744 , -2.393489
0.923077 , 0.615385 , -2.872980
0.923077 , 0.641026 , -3.312896
0.923077 , 0.666667 , -3.707879
0.923077 , 0.692308 , -4.054083
0.923077 , 0.717949 , -4.347206
0.923077 , 0.743590 , -4.586503
0.923077 , 0.769231 , -4.772933
0.923077 , 0.794872 , -4.906499
0.923077 , 0.820513 , -4.991745
0.923077 , 0.846154 , -5.034146
0.923077 , 0.871795 , -5.041422
0.923077 , 0.897436 , -5.022883
0.923077 , 0.923077 , -4.989947
0.923077 , 0.948718 , -4.953801
0.923077 , 0.974359 , -4.926248
0.923077 , 1.000000 , -4.916253
0.948718 , 0.000000 , 4.197823
0.948718 , 0.025641 , 4.218206
0.948718 , 0.051282 , 4.270062
0.948718 , 0.076923 , 4.337184
0.948718 , 0.102564 , 4.402584
0.948718 , 0.128205 , 4.450823
0.948718 , 0.153846 , 4.468290
0.948718 , 0.179487 , 4.444291
0.948718 , 0.205128 , 4.370406
0.948718 , 0.230769 , 4.237400
0.948718 , 0.256410 , 4.040681
0.948718 , 0.282051 , 3.780346
0.948718 , 0.307692 , 3.455363
0.948718 , 0.333333 , 3.068036
0.948718 , 0.358974 , 2.622887
0.948718 , 0.384615 , 2.125731
0.948718 , 0.410256 , 1.584135
0.948718 , 0.435897 , 1.005175
0.948718 , 0.461538 , 0.399780
0.948718 , 0.487179 , -0.221528
0.948718 , 0.512821 , -0.847917
0.948718 , 0.538462 , -1.467343
0.948718 , 0.564103 , -2.069813
0.948718 , 0.589744 , -2.644548
0.948718 , 0.615385 , -3.181537
0.948718 , 0.641026 , -3.672367
0.948718 , 0.666667 , -4.109216
0.948718 , 0.692308 , -4.487923
0.948718 , 0.717949 , -4.804217
0.948718 , 0.743590 , -5.055477
0.948718 , 0.769231 , -5.242710
0.948718 , 0.794872 , -5.368021
0.948718 , 0.820513 , -5.435397
0.948718 , 0.846154 , -5.451609
0.948718 , 0.871795 , -5.426129
0.948718 , 0.897436 , -5.370837
0.948718 , 0.923077 , -5.299961
0.948718 , 0.948718 , -5.229341
0.948718 , 0.974359 , -5.175576
0.948718 , 1.000000 , -5.154973
0.974359 , 0.000000 , 4.374907
0.974359 , 0.025641 , 4.412607
0.974359 , 0.051282 , 4.506308
0.974359 , 0.076923 , 4.625651
0.974359 , 0.102564 , 4.745177
0.974359 , 0.128205 , 4.844065
0.974359 , 0.153846 , 4.905385
0.974359 , 0.179487 , 4.915838
0.974359 , 0.205128 , 4.866430
0.974359 , 0.230769 , 4.746575
0.974359 , 0.256410 , 4.550790
0.974359 , 0.282051 , 4.277872
0.974359 , 0.307692 , 3.927857
0.974359 , 0.333333 , 3.503689
0.974359 , 0.358974 , 3.010990
0.974359 , 0.384615 , 2.456527
0.974359 , 0.410256 , 1.848684
0.974359 , 0.435897 , 1.197135
0.974359 , 0.461538 , 0.513698
0.974359 , 0.487179 , -0.188933
0.974359 , 0.512821 , -0.897640
0.974359 , 0.538462 , -1.598935
0.974359 , 0.564103 , -2.279020
0.974359 , 0.589744 , -2.926273
0.974359 , 0.615385 , -3.529133
0.974359 , 0.641026 , -4.077799
0.974359 , 0.666667 , -4.562908
0.974359 , 0.692308 , -4.978113
0.974359 , 0.717949 , -5.319464
0.974359 , 0.743590 , -5.583287
0.974359 , 0.769231 , -5.769853
0.974359 , 0.794872 , -5.881958
0.974359 , 0.820513 , -5.925053
0.974359 , 0.846154 , -5.906712
0.974359 , 0.871795 , -5.837432
0.974359 , 0.897436 , -5.731306
0.974359 , 0.923077 , -5.606312
0.974359 , 0.948718 , -5.483519
0.974359 , 0.974359 , -5.387628
0.974359 , 1.000000 , -5.348645
1.000000 , 0.000000 , 4.482807
1.000000 , 0.025641 , 4.557663
1.000000 , 0.051282 , 4.722980
1.000000 , 0.076923 , 4.920049
1.000000 , 0.102564 , 5.114268
1.000000 , 0.128205 , 5.281048
1.000000 , 0.153846 , 5.400224
1.000000 , 0.179487 , 5.455870
1.000000 , 0.205128 , 5.438470
1.000000 , 0.230769 , 5.337444
1.000000 , 0.256410 , 5.144500
1.000000 , 0.282051 , 4.858749
1.000000 , 0.307692 , 4.481658
1.000000 , 0.333333 , 4.016094
1.000000 , 0.358974 , 3.468925
1.000000 , 0.384615 , 2.847878
1.000000 , 0.410256 , 2.163447
1.000000 , 0.435897 , 1.427796
1.000000 , 0.461538 , 0.653090
1.000000 , 0.487179 , -0.144170
1.000000 , 0.512821 , -0.948603
1.000000 , 0.538462 , -1.743781
1.000000 , 0.564103 , -2.514679
1.000000 , 0.589744 , -3.246541
1.000000 , 0.615385 , -3.926494
1.000000 , 0.641026 , -4.541231
1.000000 , 0.666667 , -5.081130
1.000000 , 0.692308 , -5.538027
1.000000 , 0.717949 , -5.906271
1.000000 , 0.743590 , -6.182649
1.000000 , 0.769231 , -6.366260
1.000000 , 0.794872 , -6.460258
1.000000 , 0.820513 , -6.470925
1.000000 , 0.846154 , -6.407154
1.000000 , 0.871795 , -6.280584
1.000000 , 0.897436 , -6.106677
1.000000 , 0.923077 , -5.907059
1.000000 , 0.948718 , -5.706385
1.000000 , 0.974359 , -5.539136
1.000000 , 1.000000 , -5.462086
