0.000000 , 0.000000 , -3.874332
0.000000 , 0.025641 , -3.874332
0.000000 , 0.051282 , -3.874332
0.000000 , 0.076923 , -3.874332
0.000000 , 0.102564 , -3.874332
0.000000 , 0.128205 , -3.874332
0.000000 , 0.153846 , -3.874332
0.000000 , 0.179487 , -3.874332
0.000000 , 0.205128 , -3.874332
0.000000 , 0.230769 , -3.874332
0.000000 , 0.256410 , -3.874332
0.000000 , 0.282051 , -3.874332
0.000000 , 0.307692 , -3.874332
0.000000 , 0.333333 , -3.874332
0.000000 , 0.358974 , -3.874332
0.000000 , 0.384615 , -3.874332
0.000000 , 0.410256 , -3.874332
0.000000 , 0.435897 , -3.874332
0.000000 , 0.461538 , -3.874332
0.000000 , 0.487179 , -3.874332
0.000000 , 0.512821 , -3.874332
0.000000 , 0.538462 , -3.874332
0.000000 , 0.564103 , -3.874332
0.000000 , 0.589744 , -3.874332
0.000000 , 0.615385 , -3.874332
0.000000 , 0.641026 , -3.874332
0.000000 , 0.666667 , -3.874332
0.000000 , 0.692308 , -3.874332
0.000000 , 0.717949 , -3.874332
0.000000 , 0.743590 , -3.874332
0.000000 , 0.769231 , -3.874332
0.000000 , 0.794872 , -3.874332
0.000000 , 0.820513 , -3.874332
0.000000 , 0.846154 , -3.874332
0.000000 , 0.871795 , -3.874332
0.000000 , 0.897436 , -3.874332
0.000000 , 0.923077 , -3.874332
0.000000 , 0.948718 , -3.874332
0.000000 , 0.974359 , -3.874332
0.000000 , 1.000000 , -3.874332
0.025641 , 0.000000 , -3.657037
0.025641 , 0.025641 , -3.657210
0.025641 , 0.051282 , -3.657452
0.025641 , 0.076923 , -3.657489
0.025641 , 0.102564 , -3.658041
0.025641 , 0.128205 , -3.658982
0.025641 , 0.153846 , -3.659845
0.025641 , 0.179487 , -3.661445
0.025641 , 0.205128 , -3.664286
0.025641 , 0.230769 , -3.667726
0.025641 , 0.256410 , -3.672026
0.025641 , 0.282051 , -3.676038
0.025641 , 0.307692 , -3.680609
0.025641 , 0.333333 , -3.685690
0.025641 , 0.358974 , -3.690917
0.025641 , 0.384615 , -3.696641
0.025641 , 0.410256 , -3.702404
0.025641 , 0.435897 , -3.708054
0.025641 , 0.461538 , -3.714006
0.025641 , 0.487179 , -3.720209
0.025641 , 0.512821 , -3.725916
0.025641 , 0.538462 , -3.730946
0.025641 , 0.564103 , -3.736822
0.025641 , 0.589744 , -3.742823
0.025641 , 0.615385 , -3.747984
0.025641 , 0.641026 , -3.752436
0.025641 , 0.666667 , -3.756883
0.025641 , 0.692308 , -3.761075
0.025641 , 0.717949 , -3.764774
0.025641 , 0.743590 , -3.768306
0.025641 , 0.769231 , -3.771522
0.025641 , 0.794872 , -3.774276
0.025641 , 0.820513 , -3.776478
0.025641 , 0.846154 , -3.778498
0.025641 , 0.871795 , -3.780536
0.025641 , 0.897436 , -3.782010
0.025641 , 0.923077 , -3.783219
0.025641 , 0.948718 , -3.783852
0.025641 , 0.974359 , -3.784157
0.025641 , 1.000000 , -3.784354
0.051282 , 0.000000 , -3.439585
0.051282 , 0.025641 , -3.438977
0.051282 , 0.051282 , -3.438493
0.051282 , 0.076923 , -3.438933
0.051282 , 0.102564 , -3.440404
0.051282 , 0.128205 , -3.442449
0.051282 , 0.153846 , -3.445001
0.051282 , 0.179487 , -3.448524
0.051282 , 0.205128 , -3.453905
0.051282 , 0.230769 , -3.460531
0.051282 , 0.256410 , -3.468329
0.051282 , 0.282051 , -3.476275
0.051282 , 0.307692 , -3.485654
0.051282 , 0.333333 , -3.495531
0.051282 , 0.358974 , -3.505572
0.051282 , 0.384615 , -3.516910
0.051282 , 0.410256 , -3.528530
0.051282 , 0.435897 , -3.540487
0.051282 , 0.461538 , -3.552014
0.051282 , 0.487179 , -3.563154
0.051282 , 0.512821 , -3.574755
0.051282 , 0.538462 , -3.585679
0.051282 , 0.564103 , -3.596598
0.051282 , 0.589744 , -3.607782
0.051282 , 0.615385 , -3.617961
0.051282 , 0.641026 , -3.627143
0.051282 , 0.666667 , -3.636553
0.051282 , 0.692308 , -3.644855
0.051282 , 0.717949 , -3.653068
0.051282 , 0.743590 , -3.660372
0.051282 , 0.769231 , -3.665740
0.051282 , 0.794872 , -3.670739
0.051282 , 0.820513 , -3.675795
0.051282 , 0.846154 , -3.680065
0.051282 , 0.871795 , -3.683900
0.051282 , 0.897436 , -3.687175
0.051282 , 0.923077 , -3.688886
0.051282 , 0.948718 , -3.690678
0.051282 , 0.974359 , -3.691790
0.051282 , 1.000000 , -3.691902
0.076923 , 0.000000 , -3.221549
0.076923 , 0.025641 , -3.220989
0.076923 , 0.051282 , -3.220469
0.076923 , 0.076923 , -3.221170
0.076923 , 0.102564 , -3.223193
0.076923 , 0.128205 , -3.225906
0.076923 , 0.153846 , -3.229718
0.076923 , 0.179487 , -3.235623
0.076923 , 0.205128 , -3.243689
0.076923 , 0.230769 , -3.253660
0.076923 , 0.256410 , -3.264143
0.076923 , 0.282051 , -3.275951
0.076923 , 0.307692 , -3.289561
0.076923 , 0.333333 , -3.304772
0.076923 , 0.358974 , -3.319704
0.076923 , 0.384615 , -3.336164
0.076923 , 0.410256 , -3.352770
0.076923 , 0.435897 , -3.370500
0.076923 , 0.461538 , -3.387658
0.076923 , 0.487179 , -3.404204
0.076923 , 0.512821 , -3.420863
0.076923 , 0.538462 , -3.437901
0.076923 , 0.564103 , -3.453942
0.076923 , 0.589744 , -3.470736
0.076923 , 0.615385 , -3.486259
0.076923 , 0.641026 , -3.500397
0.076923 , 0.666667 , -3.513885
0.076923 , 0.692308 , -3.526108
0.076923 , 0.717949 , -3.538813
0.076923 , 0.743590 , -3.549722
0.076923 , 0.769231 , -3.558424
0.076923 , 0.794872 , -3.565605
0.076923 , 0.820513 , -3.573013
0.076923 , 0.846154 , -3.579846
0.076923 , 0.871795 , -3.584874
0.076923 , 0.897436 , -3.589798
0.076923 , 0.923077 , -3.593019
0.076923 , 0.948718 , -3.595539
0.076923 , 0.974359 , -3.597220
0.076923 , 1.000000 , -3.597513
0.102564 , 0.000000 , -3.003260
0.102564 , 0.025641 , -3.003156
0.102564 , 0.051282 , -3.003071
0.102564 , 0.076923 , -3.003792
0.102564 , 0.102564 , -3.006462
0.102564 , 0.128205 , -3.010093
0.102564 , 0.153846 , -3.015061
0.102564 , 0.179487 , -3.023101
0.102564 , 0.205128 , -3.033825
0.102564 , 0.230769 , -3.046081
0.102564 , 0.256410 , -3.059896
0.102564 , 0.282051 , -3.075497
0.102564 , 0.307692 , -3.093014
0.102564 , 0.333333 , -3.112907
0.102564 , 0.358974 , -3.132656
0.102564 , 0.384615 , -3.154257
0.102564 , 0.410256 , -3.176532
0.102564 , 0.435897 , -3.199241
0.102564 , 0.461538 , -3.221977
0.102564 , 0.487179 , -3.243661
0.102564 , 0.512821 , -3.266364
0.102564 , 0.538462 , -3.289217
0.102564 , 0.564103 , -3.311098
0.102564 , 0.589744 , -3.332264
0.102564 , 0.615385 , -3.352495
0.102564 , 0.641026 , -3.371302
0.102564 , 0.666667 , -3.388939
0.102564 , 0.692308 , -3.406263
0.102564 , 0.717949 , -3.423323
0.102564 , 0.743590 , -3.438426
0.102564 , 0.769231 , -3.450239
0.102564 , 0.794872 , -3.460014
0.102564 , 0.820513 , -3.469424
0.102564 , 0.846154 , -3.478413
0.102564 , 0.871795 , -3.485596
0.102564 , 0.897436 , -3.490842
0.102564 , 0.923077 , -3.495723
0.102564 , 0.948718 , -3.499299
0.102564 , 0.974359 , -3.501768
0.102564 , 1.000000 , -3.501885
0.128205 , 0.000000 , -2.784679
0.128205 , 0.025641 , -2.785103
0.128205 , 0.051282 , -2.785975
0.128205 , 0.076923 , -2.787589
0.128205 , 0.102564 , -2.790365
0.128205 , 0.128205 , -2.795240
0.128205 , 0.153846 , -2.802005
0.128205 , 0.179487 , -2.811284
0.128205 , 0.205128 , -2.824202
0.128205 , 0.230769 , -2.838631
0.128205 , 0.256410 , -2.855463
0.128205 , 0.282051 , -2.875450
0.128205 , 0.307692 , -2.896775
0.128205 , 0.333333 , -2.920774
0.128205 , 0.358974 , -2.945170
0.128205 , 0.384615 , -2.971552
0.128205 , 0.410256 , -2.999308
0.128205 , 0.435897 , -3.026999
0.128205 , 0.461538 , -3.055299
0.128205 , 0.487179 , -3.083689
0.128205 , 0.512821 , -3.111228
0.128205 , 0.538462 , -3.139462
0.128205 , 0.564103 , -3.167237
0.128205 , 0.589744 , -3.193674
0.128205 , 0.615385 , -3.219652
0.128205 , 0.641026 , -3.243433
0.128205 , 0.666667 , -3.265304
0.128205 , 0.692308 , -3.286469
0.128205 , 0.717949 , -3.307129
0.128205 , 0.743590 , -3.325463
0.128205 , 0.769231 , -3.340896
0.128205 , 0.794872 , -3.353766
0.128205 , 0.820513 , -3.366280
0.128205 , 0.846154 , -3.377665
0.128205 , 0.871795 , -3.386432
0.128205 , 0.897436 , -3.393347
0.128205 , 0.923077 , -3.398666
0.128205 , 0.948718 , -3.403463
0.128205 , 0.974359 , -3.406130
0.128205 , 1.000000 , -3.406544
0.153846 , 0.000000 , -2.567543
0.153846 , 0.025641 , -2.568050
0.153846 , 0.051282 , -2.569706
0.153846 , 0.076923 , -2.572727
0.153846 , 0.102564 , -2.576320
0.153846 , 0.128205 , -2.582105
0.153846 , 0.153846 , -2.590810
0.153846 , 0.179487 , -2.601711
0.153846 , 0.205128 , -2.616049
0.153846 , 0.230769 , -2.633181
0.153846 , 0.256410 , -2.653378
0.153846 , 0.282051 , -2.676849
0.153846 , 0.307692 , -2.702299
0.153846 , 0.333333 , -2.729970
0.153846 , 0.358974 , -2.759357
0.153846 , 0.384615 , -2.790446
0.153846 , 0.410256 , -2.823067
0.153846 , 0.435897 , -2.855948
0.153846 , 0.461538 , -2.889531
0.153846 , 0.487179 , -2.923662
0.153846 , 0.512821 , -2.957996
0.153846 , 0.538462 , -2.991136
0.153846 , 0.564103 , -3.024389
0.153846 , 0.589744 , -3.056787
0.153846 , 0.615385 , -3.087376
0.153846 , 0.641026 , -3.115510
0.153846 , 0.666667 , -3.141205
0.153846 , 0.692308 , -3.166170
0.153846 , 0.717949 , -3.190826
0.153846 , 0.743590 , -3.213683
0.153846 , 0.769231 , -3.232541
0.153846 , 0.794872 , -3.248895
0.153846 , 0.820513 , -3.263808
0.153846 , 0.846154 , -3.276695
0.153846 , 0.871795 , -3.287257
0.153846 , 0.897436 , -3.295675
0.153846 , 0.923077 , -3.302568
0.153846 , 0.948718 , -3.308286
0.153846 , 0.974359 , -3.311526
0.153846 , 1.000000 , -3.311887
0.179487 , 0.000000 , -2.352193
0.179487 , 0.025641 , -2.353190
0.179487 , 0.051282 , -2.355965
0.179487 , 0.076923 , -2.359760
0.179487 , 0.102564 , -2.364590
0.179487 , 0.128205 , -2.371204
0.179487 , 0.153846 , -2.381559
0.179487 , 0.179487 , -2.394749
0.179487 , 0.205128 , -2.410974
0.179487 , 0.230769 , -2.430880
0.179487 , 0.256410 , -2.453977
0.179487 , 0.282051 , -2.479778
0.179487 , 0.307692 , -2.509353
0.179487 , 0.333333 , -2.541404
0.179487 , 0.358974 , -2.575756
0.179487 , 0.384615 , -2.611592
0.179487 , 0.410256 , -2.648781
0.179487 , 0.435897 , -2.686386
0.179487 , 0.461538 , -2.725605
0.179487 , 0.487179 , -2.764570
0.179487 , 0.512821 , -2.804542
0.179487 , 0.538462 , -2.843740
0.179487 , 0.564103 , -2.882481
0.179487 , 0.589744 , -2.919910
0.179487 , 0.615385 , -2.955525
0.179487 , 0.641026 , -2.988521
0.179487 , 0.666667 , -3.019076
0.179487 , 0.692308 , -3.048221
0.179487 , 0.717949 , -3.076619
0.179487 , 0.743590 , -3.103176
0.179487 , 0.769231 , -3.126358
0.179487 , 0.794872 , -3.145686
0.179487 , 0.820513 , -3.163684
0.179487 , 0.846154 , -3.177904
0.179487 , 0.871795 , -3.189986
0.179487 , 0.897436 , -3.199937
0.179487 , 0.923077 , -3.207790
0.179487 , 0.948718 , -3.214253
0.179487 , 0.974359 , -3.218528
0.179487 , 1.000000 , -3.219479
0.205128 , 0.000000 , -2.138977
0.205128 , 0.025641 , -2.140348
0.205128 , 0.051282 , -2.144064
0.205128 , 0.076923 , -2.148970
0.205128 , 0.102564 , -2.155389
0.205128 , 0.128205 , -2.163101
0.205128 , 0.153846 , -2.174296
0.205128 , 0.179487 , -2.189842
0.205128 , 0.205128 , -2.208404
0.205128 , 0.230769 , -2.231145
0.205128 , 0.256410 , -2.257245
0.205128 , 0.282051 , -2.286180
0.205128 , 0.307692 , -2.318735
0.205128 , 0.333333 , -2.355286
0.205128 , 0.358974 , -2.393805
0.205128 , 0.384615 , -2.434332
0.205128 , 0.410256 , -2.475986
0.205128 , 0.435897 , -2.518884
0.205128 , 0.461538 , -2.563428
0.205128 , 0.487179 , -2.607695
0.205128 , 0.512821 , -2.653099
0.205128 , 0.538462 , -2.697534
0.205128 , 0.564103 , -2.741548
0.205128 , 0.589744 , -2.784001
0.205128 , 0.615385 , -2.823968
0.205128 , 0.641026 , -2.862697
0.205128 , 0.666667 , -2.898832
0.205128 , 0.692308 , -2.932871
0.205128 , 0.717949 , -2.965307
0.205128 , 0.743590 , -2.995119
0.205128 , 0.769231 , -3.022126
0.205128 , 0.794872 , -3.045753
0.205128 , 0.820513 , -3.065828
0.205128 , 0.846154 , -3.081852
0.205128 , 0.871795 , -3.095423
0.205128 , 0.897436 , -3.106316
0.205128 , 0.923077 , -3.115200
0.205128 , 0.948718 , -3.122390
0.205128 , 0.974359 , -3.127595
0.205128 , 1.000000 , -3.129221
0.230769 , 0.000000 , -1.927753
0.230769 , 0.025641 , -1.929214
0.230769 , 0.051282 , -1.933102
0.230769 , 0.076923 , -1.939447
0.230769 , 0.102564 , -1.947428
0.230769 , 0.128205 , -1.957504
0.230769 , 0.153846 , -1.970561
0.230769 , 0.179487 , -1.987582
0.230769 , 0.205128 , -2.008917
0.230769 , 0.230769 , -2.034154
0.230769 , 0.256410 , -2.062528
0.230769 , 0.282051 , -2.094780
0.230769 , 0.307692 , -2.131551
0.230769 , 0.333333 , -2.172057
0.230769 , 0.358974 , -2.214617
0.230769 , 0.384615 , -2.259246
0.230769 , 0.410256 , -2.305591
0.230769 , 0.435897 , -2.353090
0.230769 , 0.461538 , -2.403285
0.230769 , 0.487179 , -2.453345
0.230769 , 0.512821 , -2.503777
0.230769 , 0.538462 , -2.553432
0.230769 , 0.564103 , -2.601988
0.230769 , 0.589744 , -2.649936
0.230769 , 0.615385 , -2.695847
0.230769 , 0.641026 , -2.739799
0.230769 , 0.666667 , -2.780858
0.230769 , 0.692308 , -2.819181
0.230769 , 0.717949 , -2.855798
0.230769 , 0.743590 , -2.889513
0.230769 , 0.769231 , -2.920353
0.230769 , 0.794872 , -2.947602
0.230769 , 0.820513 , -2.970388
0.230769 , 0.846154 , -2.988812
0.230769 , 0.871795 , -3.004086
0.230769 , 0.897436 , -3.016324
0.230769 , 0.923077 , -3.026334
0.230769 , 0.948718 , -3.034289
0.230769 , 0.974359 , -3.040507
0.230769 , 1.000000 , -3.042126
0.256410 , 0.000000 , -1.718376
0.256410 , 0.025641 , -1.720143
0.256410 , 0.051282 , -1.724074
0.256410 , 0.076923 , -1.731262
0.256410 , 0.102564 , -1.740512
0.256410 , 0.128205 , -1.752646
0.256410 , 0.153846 , -1.768462
0.256410 , 0.179487 , -1.788407
0.256410 , 0.205128 , -1.812446
0.256410 , 0.230769 , -1.840974
0.256410 , 0.256410 , -1.872071
0.256410 , 0.282051 , -1.907554
0.256410 , 0.307692 , -1.947928
0.256410 , 0.333333 , -1.991803
0.256410 , 0.358974 , -2.038071
0.256410 , 0.384615 , -2.087000
0.256410 , 0.410256 , -2.137420
0.256410 , 0.435897 , -2.190062
0.256410 , 0.461538 , -2.245060
0.256410 , 0.487179 , -2.300760
0.256410 , 0.512821 , -2.356544
0.256410 , 0.538462 , -2.411383
0.256410 , 0.564103 , -2.465656
0.256410 , 0.589744 , -2.518927
0.256410 , 0.615385 , -2.570866
0.256410 , 0.641026 , -2.619677
0.256410 , 0.666667 , -2.665306
0.256410 , 0.692308 , -2.708168
0.256410 , 0.717949 , -2.749034
0.256410 , 0.743590 , -2.787156
0.256410 , 0.769231 , -2.822104
0.256410 , 0.794872 , -2.852352
0.256410 , 0.820513 , -2.877740
0.256410 , 0.846154 , -2.898959
0.256410 , 0.871795 , -2.916753
0.256410 , 0.897436 , -2.930659
0.256410 , 0.923077 , -2.941929
0.256410 , 0.948718 , -2.950729
0.256410 , 0.974359 , -2.957415
0.256410 , 1.000000 , -2.959522
0.282051 , 0.000000 , -1.510743
0.282051 , 0.025641 , -1.512993
0.282051 , 0.051282 , -1.517367
0.282051 , 0.076923 , -1.524906
0.282051 , 0.102564 , -1.536315
0.282051 , 0.128205 , -1.550219
0.282051 , 0.153846 , -1.568179
0.282051 , 0.179487 , -1.590697
0.282051 , 0.205128 , -1.617935
0.282051 , 0.230769 , -1.650344
0.282051 , 0.256410 , -1.685780
0.282051 , 0.282051 , -1.725158
0.282051 , 0.307692 , -1.768884
0.282051 , 0.333333 , -1.815981
0.282051 , 0.358974 , -1.865834
0.282051 , 0.384615 , -1.918437
0.282051 , 0.410256 , -1.972808
0.282051 , 0.435897 , -2.030478
0.282051 , 0.461538 , -2.090362
0.282051 , 0.487179 , -2.151471
0.282051 , 0.512821 , -2.212521
0.282051 , 0.538462 , -2.272759
0.282051 , 0.564103 , -2.332391
0.282051 , 0.589744 , -2.390715
0.282051 , 0.615385 , -2.447512
0.282051 , 0.641026 , -2.501557
0.282051 , 0.666667 , -2.552267
0.282051 , 0.692308 , -2.600106
0.282051 , 0.717949 , -2.645427
0.282051 , 0.743590 , -2.687563
0.282051 , 0.769231 , -2.725959
0.282051 , 0.794872 , -2.759989
0.282051 , 0.820513 , -2.789069
0.282051 , 0.846154 , -2.812757
0.282051 , 0.871795 , -2.833378
0.282051 , 0.897436 , -2.849713
0.282051 , 0.923077 , -2.862006
0.282051 , 0.948718 , -2.872412
0.282051 , 0.974359 , -2.879368
0.282051 , 1.000000 , -2.881703
0.307692 , 0.000000 , -1.305110
0.307692 , 0.025641 , -1.306766
0.307692 , 0.051282 , -1.311637
0.307692 , 0.076923 , -1.320384
0.307692 , 0.102564 , -1.333511
0.307692 , 0.128205 , -1.349963
0.307692 , 0.153846 , -1.370735
0.307692 , 0.179487 , -1.395869
0.307692 , 0.205128 , -1.426694
0.307692 , 0.230769 , -1.462977
0.307692 , 0.256410 , -1.502442
0.307692 , 0.282051 , -1.546104
0.307692 , 0.307692 , -1.593427
0.307692 , 0.333333 , -1.643728
0.307692 , 0.358974 , -1.696938
0.307692 , 0.384615 , -1.753333
0.307692 , 0.410256 , -1.812844
0.307692 , 0.435897 , -1.875248
0.307692 , 0.461538 , -1.939775
0.307692 , 0.487179 , -2.005755
0.307692 , 0.512821 , -2.071415
0.307692 , 0.538462 , -2.137056
0.307692 , 0.564103 , -2.202256
0.307692 , 0.589744 , -2.266379
0.307692 , 0.615385 , -2.328488
0.307692 , 0.641026 , -2.387481
0.307692 , 0.666667 , -2.443060
0.307692 , 0.692308 , -2.495715
0.307692 , 0.717949 , -2.545633
0.307692 , 0.743590 , -2.591629
0.307692 , 0.769231 , -2.633709
0.307692 , 0.794872 , -2.671987
0.307692 , 0.820513 , -2.705439
0.307692 , 0.846154 , -2.732850
0.307692 , 0.871795 , -2.755733
0.307692 , 0.897436 , -2.774229
0.307692 , 0.923077 , -2.788083
0.307692 , 0.948718 , -2.799050
0.307692 , 0.974359 , -2.806897
0.307692 , 1.000000 , -2.809490
0.333333 , 0.000000 , -1.099953
0.333333 , 0.025641 , -1.100969
0.333333 , 0.051282 , -1.106167
0.333333 , 0.076923 , -1.116558
0.333333 , 0.102564 , -1.131664
0.333333 , 0.128205 , -1.150742
0.333333 , 0.153846 , -1.174980
0.333333 , 0.179487 , -1.203532
0.333333 , 0.205128 , -1.237915
0.333333 , 0.230769 , -1.277981
0.333333 , 0.256410 , -1.321508
0.333333 , 0.282051 , -1.368517
0.333333 , 0.307692 , -1.419948
0.333333 , 0.333333 , -1.474188
0.333333 , 0.358974 , -1.531467
0.333333 , 0.384615 , -1.592097
0.333333 , 0.410256 , -1.656609
0.333333 , 0.435897 , -1.723949
0.333333 , 0.461538 , -1.792794
0.333333 , 0.487179 , -1.863575
0.333333 , 0.512821 , -1.934610
0.333333 , 0.538462 , -2.005976
0.333333 , 0.564103 , -2.076462
0.333333 , 0.589744 , -2.146090
0.333333 , 0.615385 , -2.213562
0.333333 , 0.641026 , -2.277762
0.333333 , 0.666667 , -2.338287
0.333333 , 0.692308 , -2.395556
0.333333 , 0.717949 , -2.449739
0.333333 , 0.743590 , -2.500590
0.333333 , 0.769231 , -2.546996
0.333333 , 0.794872 , -2.589043
0.333333 , 0.820513 , -2.625824
0.333333 , 0.846154 , -2.657088
0.333333 , 0.871795 , -2.683129
0.333333 , 0.897436 , -2.703549
0.333333 , 0.923077 , -2.719988
0.333333 , 0.948718 , -2.731653
0.333333 , 0.974359 , -2.739148
0.333333 , 1.000000 , -2.742010
0.358974 , 0.000000 , -0.893997
0.358974 , 0.025641 , -0.895503
0.358974 , 0.051282 , -0.901838
0.358974 , 0.076923 , -0.914207
0.358974 , 0.102564 , -0.931473
0.358974 , 0.128205 , -0.953146
0.358974 , 0.153846 , -0.980296
0.358974 , 0.179487 , -1.012429
0.358974 , 0.205128 , -1.050494
0.358974 , 0.230769 , -1.093589
0.358974 , 0.256410 , -1.141779
0.358974 , 0.282051 , -1.193116
0.358974 , 0.307692 , -1.248361
0.358974 , 0.333333 , -1.306966
0.358974 , 0.358974 , -1.368759
0.358974 , 0.384615 , -1.434382
0.358974 , 0.410256 , -1.503757
0.358974 , 0.435897 , -1.576381
0.358974 , 0.461538 , -1.650441
0.358974 , 0.487179 , -1.726180
0.358974 , 0.512821 , -1.802720
0.358974 , 0.538462 , -1.879630
0.358974 , 0.564103 , -1.955865
0.358974 , 0.589744 , -2.030443
0.358974 , 0.615385 , -2.103270
0.358974 , 0.641026 , -2.173337
0.358974 , 0.666667 , -2.239583
0.358974 , 0.692308 , -2.301692
0.358974 , 0.717949 , -2.360580
0.358974 , 0.743590 , -2.415895
0.358974 , 0.769231 , -2.466578
0.358974 , 0.794872 , -2.512508
0.358974 , 0.820513 , -2.552807
0.358974 , 0.846154 , -2.587156
0.358974 , 0.871795 , -2.616723
0.358974 , 0.897436 , -2.639879
0.358974 , 0.923077 , -2.658366
0.358974 , 0.948718 , -2.671230
0.358974 , 0.974359 , -2.678612
0.358974 , 1.000000 , -2.681369
0.384615 , 0.000000 , -0.688713
0.384615 , 0.025641 , -0.690486
0.384615 , 0.051282 , -0.698368
0.384615 , 0.076923 , -0.712281
0.384615 , 0.102564 , -0.731850
0.384615 , 0.128205 , -0.756343
0.384615 , 0.153846 , -0.786571
0.384615 , 0.179487 , -0.822497
0.384615 , 0.205128 , -0.864255
0.384615 , 0.230769 , -0.910600
0.384615 , 0.256410 , -0.962558
0.384615 , 0.282051 , -1.019049
0.384615 , 0.307692 , -1.078770
0.384615 , 0.333333 , -1.143000
0.384615 , 0.358974 , -1.210542
0.384615 , 0.384615 , -1.281496
0.384615 , 0.410256 , -1.355660
0.384615 , 0.435897 , -1.433431
0.384615 , 0.461538 , -1.513308
0.384615 , 0.487179 , -1.594764
0.384615 , 0.512821 , -1.676572
0.384615 , 0.538462 , -1.758731
0.384615 , 0.564103 , -1.840812
0.384615 , 0.589744 , -1.920776
0.384615 , 0.615385 , -1.998881
0.384615 , 0.641026 , -2.074436
0.384615 , 0.666667 , -2.146175
0.384615 , 0.692308 , -2.214400
0.384615 , 0.717949 , -2.279072
0.384615 , 0.743590 , -2.339044
0.384615 , 0.769231 , -2.393800
0.384615 , 0.794872 , -2.443055
0.384615 , 0.820513 , -2.487073
0.384615 , 0.846154 , -2.525424
0.384615 , 0.871795 , -2.557986
0.384615 , 0.897436 , -2.584065
0.384615 , 0.923077 , -2.604657
0.384615 , 0.948718 , -2.618810
0.384615 , 0.974359 , -2.626833
0.384615 , 1.000000 , -2.628908
0.410256 , 0.000000 , -0.483527
0.410256 , 0.025641 , -0.486303
0.410256 , 0.051282 , -0.495281
0.410256 , 0.076923 , -0.511319
0.410256 , 0.102564 , -0.532827
0.410256 , 0.128205 , -0.559752
0.410256 , 0.153846 , -0.593559
0.410256 , 0.179487 , -0.633740
0.410256 , 0.205128 , -0.679086
0.410256 , 0.230769 , -0.729434
0.410256 , 0.256410 , -0.785469
0.410256 , 0.282051 , -0.846801
0.410256 , 0.307692 , -0.912030
0.410256 , 0.333333 , -0.981755
0.410256 , 0.358974 , -1.055199
0.410256 , 0.384615 , -1.132220
0.410256 , 0.410256 , -1.212037
0.410256 , 0.435897 , -1.295443
0.410256 , 0.461538 , -1.380992
0.410256 , 0.487179 , -1.468478
0.410256 , 0.512821 , -1.556479
0.410256 , 0.538462 , -1.644279
0.410256 , 0.564103 , -1.731806
0.410256 , 0.589744 , -1.817912
0.410256 , 0.615385 , -1.901603
0.410256 , 0.641026 , -1.982633
0.410256 , 0.666667 , -2.060045
0.410256 , 0.692308 , -2.133766
0.410256 , 0.717949 , -2.203981
0.410256 , 0.743590 , -2.268969
0.410256 , 0.769231 , -2.328055
0.410256 , 0.794872 , -2.381058
0.410256 , 0.820513 , -2.428908
0.410256 , 0.846154 , -2.471273
0.410256 , 0.871795 , -2.507045
0.410256 , 0.897436 , -2.535709
0.410256 , 0.923077 , -2.558383
0.410256 , 0.948718 , -2.574588
0.410256 , 0.974359 , -2.583762
0.410256 , 1.000000 , -2.586526
0.435897 , 0.000000 , -0.278507
0.435897 , 0.025641 , -0.282193
0.435897 , 0.051282 , -0.292187
0.435897 , 0.076923 , -0.309999
0.435897 , 0.102564 , -0.333602
0.435897 , 0.128205 , -0.363314
0.435897 , 0.153846 , -0.401135
0.435897 , 0.179487 , -0.445793
0.435897 , 0.205128 , -0.495015
0.435897 , 0.230769 , -0.549249
0.435897 , 0.256410 , -0.610113
0.435897 , 0.282051 , -0.676906
0.435897 , 0.307692 , -0.748108
0.435897 , 0.333333 , -0.823811
0.435897 , 0.358974 , -0.903103
0.435897 , 0.384615 , -0.986360
0.435897 , 0.410256 , -1.072151
0.435897 , 0.435897 , -1.161050
0.435897 , 0.461538 , -1.252943
0.435897 , 0.487179 , -1.346526
0.435897 , 0.512821 , -1.441275
0.435897 , 0.538462 , -1.535123
0.435897 , 0.564103 , -1.628793
0.435897 , 0.589744 , -1.721493
0.435897 , 0.615385 , -1.811347
0.435897 , 0.641026 , -1.897832
0.435897 , 0.666667 , -1.981139
0.435897 , 0.692308 , -2.061077
0.435897 , 0.717949 , -2.136270
0.435897 , 0.743590 , -2.206528
0.435897 , 0.769231 , -2.270136
0.435897 , 0.794872 , -2.327522
0.435897 , 0.820513 , -2.379556
0.435897 , 0.846154 , -2.425588
0.435897 , 0.871795 , -2.464536
0.435897 , 0.897436 , -2.496063
0.435897 , 0.923077 , -2.520893
0.435897 , 0.948718 , -2.538278
0.435897 , 0.974359 , -2.548550
0.435897 , 1.000000 , -2.551977
0.461538 , 0.000000 , -0.073470
0.461538 , 0.025641 , -0.077533
0.461538 , 0.051282 , -0.088272
0.461538 , 0.076923 , -0.107771
0.461538 , 0.102564 , -0.133819
0.461538 , 0.128205 , -0.166746
0.461538 , 0.153846 , -0.208240
0.461538 , 0.179487 , -0.256532
0.461538 , 0.205128 , -0.310564
0.461538 , 0.230769 , -0.370206
0.461538 , 0.256410 , -0.435342
0.461538 , 0.282051 , -0.507144
0.461538 , 0.307692 , -0.584669
0.461538 , 0.333333 , -0.667040
0.461538 , 0.358974 , -0.752755
0.461538 , 0.384615 , -0.842850
0.461538 , 0.410256 , -0.935633
0.461538 , 0.435897 , -1.031074
0.461538 , 0.461538 , -1.129608
0.461538 , 0.487179 , -1.229594
0.461538 , 0.512821 , -1.330891
0.461538 , 0.538462 , -1.431889
0.461538 , 0.564103 , -1.532527
0.461538 , 0.589744 , -1.631932
0.461538 , 0.615385 , -1.728546
0.461538 , 0.641026 , -1.821192
0.461538 , 0.666667 , -1.910729
0.461538 , 0.692308 , -1.996862
0.461538 , 0.717949 , -2.078078
0.461538 , 0.743590 , -2.153396
0.461538 , 0.769231 , -2.221460
0.461538 , 0.794872 , -2.283332
0.461538 , 0.820513 , -2.339776
0.461538 , 0.846154 , -2.389078
0.461538 , 0.871795 , -2.431281
0.461538 , 0.897436 , -2.465860
0.461538 , 0.923077 , -2.492785
0.461538 , 0.948718 , -2.511766
0.461538 , 0.974359 , -2.523040
0.461538 , 1.000000 , -2.526636
0.487179 , 0.000000 , 0.132749
0.487179 , 0.025641 , 0.128420
0.487179 , 0.051282 , 0.116605
0.487179 , 0.076923 , 0.095798
0.487179 , 0.102564 , 0.066740
0.487179 , 0.128205 , 0.030234
0.487179 , 0.153846 , -0.013850
0.487179 , 0.179487 , -0.066160
0.487179 , 0.205128 , -0.124508
0.487179 , 0.230769 , -0.189891
0.487179 , 0.256410 , -0.260661
0.487179 , 0.282051 , -0.338230
0.487179 , 0.307692 , -0.421761
0.487179 , 0.333333 , -0.510881
0.487179 , 0.358974 , -0.604045
0.487179 , 0.384615 , -0.701163
0.487179 , 0.410256 , -0.801800
0.487179 , 0.435897 , -0.904824
0.487179 , 0.461538 , -1.010451
0.487179 , 0.487179 , -1.118016
0.487179 , 0.512821 , -1.226693
0.487179 , 0.538462 , -1.335581
0.487179 , 0.564103 , -1.443351
0.487179 , 0.589744 , -1.549612
0.487179 , 0.615385 , -1.653584
0.487179 , 0.641026 , -1.753885
0.487179 , 0.666667 , -1.849815
0.487179 , 0.692308 , -1.941742
0.487179 , 0.717949 , -2.029089
0.487179 , 0.743590 , -2.110209
0.487179 , 0.769231 , -2.183741
0.487179 , 0.794872 , -2.250170
0.487179 , 0.820513 , -2.310351
0.487179 , 0.846154 , -2.363017
0.487179 , 0.871795 , -2.408301
0.487179 , 0.897436 , -2.445936
0.487179 , 0.923077 , -2.475340
0.487179 , 0.948718 , -2.496587
0.487179 , 0.974359 , -2.508601
0.487179 , 1.000000 , -2.512207
0.512821 , 0.000000 , 0.340334
0.512821 , 0.025641 , 0.336338
0.512821 , 0.051282 , 0.323503
0.512821 , 0.076923 , 0.300871
0.512821 , 0.102564 , 0.269498
0.512821 , 0.128205 , 0.228826
0.512821 , 0.153846 , 0.181497
0.512821 , 0.179487 , 0.125848
0.512821 , 0.205128 , 0.061981
0.512821 , 0.230769 , -0.008317
0.512821 , 0.256410 , -0.084729
0.512821 , 0.282051 , -0.168515
0.512821 , 0.307692 , -0.258846
0.512821 , 0.333333 , -0.355455
0.512821 , 0.358974 , -0.456507
0.512821 , 0.384615 , -0.561491
0.512821 , 0.410256 , -0.669755
0.512821 , 0.435897 , -0.781538
0.512821 , 0.461538 , -0.895712
0.512821 , 0.487179 , -1.011584
0.512821 , 0.512821 , -1.128226
0.512821 , 0.538462 , -1.245121
0.512821 , 0.564103 , -1.361439
0.512821 , 0.589744 , -1.475374
0.512821 , 0.615385 , -1.586953
0.512821 , 0.641026 , -1.695253
0.512821 , 0.666667 , -1.798962
0.512821 , 0.692308 , -1.897651
0.512821 , 0.717949 , -1.991031
0.512821 , 0.743590 , -2.077482
0.512821 , 0.769231 , -2.156371
0.512821 , 0.794872 , -2.228291
0.512821 , 0.820513 , -2.292810
0.512821 , 0.846154 , -2.349239
0.512821 , 0.871795 , -2.396816
0.512821 , 0.897436 , -2.436994
0.512821 , 0.923077 , -2.469355
0.512821 , 0.948718 , -2.492202
0.512821 , 0.974359 , -2.505102
0.512821 , 1.000000 , -2.509627
0.538462 , 0.000000 , 0.552441
0.538462 , 0.025641 , 0.547574
0.538462 , 0.051282 , 0.533506
0.538462 , 0.076923 , 0.508785
0.538462 , 0.102564 , 0.474545
0.538462 , 0.128205 , 0.430755
0.538462 , 0.153846 , 0.379257
0.538462 , 0.179487 , 0.319794
0.538462 , 0.205128 , 0.251584
0.538462 , 0.230769 , 0.175745
0.538462 , 0.256410 , 0.092278
0.538462 , 0.282051 , 0.001915
0.538462 , 0.307692 , -0.095559
0.538462 , 0.333333 , -0.199758
0.538462 , 0.358974 , -0.308691
0.538462 , 0.384615 , -0.422607
0.538462 , 0.410256 , -0.540549
0.538462 , 0.435897 , -0.661548
0.538462 , 0.461538 , -0.785539
0.538462 , 0.487179 , -0.910447
0.538462 , 0.512821 , -1.036515
0.538462 , 0.538462 , -1.162047
0.538462 , 0.564103 , -1.286493
0.538462 , 0.589744 , -1.409619
0.538462 , 0.615385 , -1.529915
0.538462 , 0.641026 , -1.645959
0.538462 , 0.666667 , -1.757344
0.538462 , 0.692308 , -1.863249
0.538462 , 0.717949 , -1.963726
0.538462 , 0.743590 , -2.056264
0.538462 , 0.769231 , -2.140646
0.538462 , 0.794872 , -2.217461
0.538462 , 0.820513 , -2.286792
0.538462 , 0.846154 , -2.346982
0.538462 , 0.871795 , -2.398006
0.538462 , 0.897436 , -2.440454
0.538462 , 0.923077 , -2.474478
0.538462 , 0.948718 , -2.499408
0.538462 , 0.974359 , -2.513662
0.538462 , 1.000000 , -2.518475
0.564103 , 0.000000 , 0.768157
0.564103 , 0.025641 , 0.762530
0.564103 , 0.051282 , 0.747016
0.564103 , 0.076923 , 0.720739
0.564103 , 0.102564 , 0.684086
0.564103 , 0.128205 , 0.637488
0.564103 , 0.153846 , 0.582039
0.564103 , 0.179487 , 0.518687
0.564103 , 0.205128 , 0.445321
0.564103 , 0.230769 , 0.364232
0.564103 , 0.256410 , 0.273457
0.564103 , 0.282051 , 0.174734
0.564103 , 0.307692 , 0.069109
0.564103 , 0.333333 , -0.043208
0.564103 , 0.358974 , -0.161300
0.564103 , 0.384615 , -0.285085
0.564103 , 0.410256 , -0.413545
0.564103 , 0.435897 , -0.545012
0.564103 , 0.461538 , -0.679045
0.564103 , 0.487179 , -0.814552
0.564103 , 0.512821 , -0.950912
0.564103 , 0.538462 , -1.087013
0.564103 , 0.564103 , -1.221006
0.564103 , 0.589744 , -1.352991
0.564103 , 0.615385 , -1.482468
0.564103 , 0.641026 , -1.607781
0.564103 , 0.666667 , -1.727477
0.564103 , 0.692308 , -1.840686
0.564103 , 0.717949 , -1.948161
0.564103 , 0.743590 , -2.047444
0.564103 , 0.769231 , -2.137981
0.564103 , 0.794872 , -2.220064
0.564103 , 0.820513 , -2.294856
0.564103 , 0.846154 , -2.358802
0.564103 , 0.871795 , -2.412887
0.564103 , 0.897436 , -2.457878
0.564103 , 0.923077 , -2.493743
0.564103 , 0.948718 , -2.520209
0.564103 , 0.974359 , -2.536548
0.564103 , 1.000000 , -2.541585
0.589744 , 0.000000 , 0.987820
0.589744 , 0.025641 , 0.981478
0.589744 , 0.051282 , 0.964787
0.589744 , 0.076923 , 0.936819
0.589744 , 0.102564 , 0.898244
0.589744 , 0.128205 , 0.849860
0.589744 , 0.153846 , 0.791211
0.589744 , 0.179487 , 0.723035
0.589744 , 0.205128 , 0.643746
0.589744 , 0.230769 , 0.555933
0.589744 , 0.256410 , 0.458169
0.589744 , 0.282051 , 0.351854
0.589744 , 0.307692 , 0.237065
0.589744 , 0.333333 , 0.115389
0.589744 , 0.358974 , -0.012933
0.589744 , 0.384615 , -0.147691
0.589744 , 0.410256 , -0.287444
0.589744 , 0.435897 , -0.431002
0.589744 , 0.461538 , -0.576381
0.589744 , 0.487179 , -0.723637
0.589744 , 0.512821 , -0.871858
0.589744 , 0.538462 , -1.019339
0.589744 , 0.564103 , -1.164461
0.589744 , 0.589744 , -1.307428
0.589744 , 0.615385 , -1.446686
0.589744 , 0.641026 , -1.581116
0.589744 , 0.666667 , -1.709258
0.589744 , 0.692308 , -1.830674
0.589744 , 0.717949 , -1.945763
0.589744 , 0.743590 , -2.052187
0.589744 , 0.769231 , -2.149010
0.589744 , 0.794872 , -2.236350
0.589744 , 0.820513 , -2.315722
0.589744 , 0.846154 , -2.384709
0.589744 , 0.871795 , -2.442098
0.589744 , 0.897436 , -2.489782
0.589744 , 0.923077 , -2.528205
0.589744 , 0.948718 , -2.556058
0.589744 , 0.974359 , -2.573884
0.589744 , 1.000000 , -2.579486
0.615385 , 0.000000 , 1.212202
0.615385 , 0.025641 , 1.205751
0.615385 , 0.051282 , 1.187834
0.615385 , 0.076923 , 1.158424
0.615385 , 0.102564 , 1.117991
0.615385 , 0.128205 , 1.066495
0.615385 , 0.153846 , 1.004768
0.615385 , 0.179487 , 0.932556
0.615385 , 0.205128 , 0.847341
0.615385 , 0.230769 , 0.753066
0.615385 , 0.256410 , 0.648182
0.615385 , 0.282051 , 0.533878
0.615385 , 0.307692 , 0.410032
0.615385 , 0.333333 , 0.277177
0.615385 , 0.358974 , 0.137456
0.615385 , 0.384615 , -0.009559
0.615385 , 0.410256 , -0.162305
0.615385 , 0.435897 , -0.318357
0.615385 , 0.461538 , -0.477240
0.615385 , 0.487179 , -0.637704
0.615385 , 0.512821 , -0.799126
0.615385 , 0.538462 , -0.959580
0.615385 , 0.564103 , -1.117128
0.615385 , 0.589744 , -1.272026
0.615385 , 0.615385 , -1.423051
0.615385 , 0.641026 , -1.568074
0.615385 , 0.666667 , -1.706101
0.615385 , 0.692308 , -1.836403
0.615385 , 0.717949 , -1.958460
0.615385 , 0.743590 , -2.071844
0.615385 , 0.769231 , -2.174597
0.615385 , 0.794872 , -2.267414
0.615385 , 0.820513 , -2.351283
0.615385 , 0.846154 , -2.425056
0.615385 , 0.871795 , -2.486447
0.615385 , 0.897436 , -2.536933
0.615385 , 0.923077 , -2.578321
0.615385 , 0.948718 , -2.607557
0.615385 , 0.974359 , -2.626315
0.615385 , 1.000000 , -2.632466
0.641026 , 0.000000 , 1.442836
0.641026 , 0.025641 , 1.435907
0.641026 , 0.051282 , 1.417251
0.641026 , 0.076923 , 1.386082
0.641026 , 0.102564 , 1.344039
0.641026 , 0.128205 , 1.289598
0.641026 , 0.153846 , 1.224041
0.641026 , 0.179487 , 1.147569
0.641026 , 0.205128 , 1.057978
0.641026 , 0.230769 , 0.956619
0.641026 , 0.256410 , 0.844185
0.641026 , 0.282051 , 0.720675
0.641026 , 0.307692 , 0.586731
0.641026 , 0.333333 , 0.442356
0.641026 , 0.358974 , 0.290539
0.641026 , 0.384615 , 0.130866
0.641026 , 0.410256 , -0.035908
0.641026 , 0.435897 , -0.207091
0.641026 , 0.461538 , -0.380905
0.641026 , 0.487179 , -0.556892
0.641026 , 0.512821 , -0.733008
0.641026 , 0.538462 , -0.908038
0.641026 , 0.564103 , -1.079814
0.641026 , 0.589744 , -1.247936
0.641026 , 0.615385 , -1.411428
0.641026 , 0.641026 , -1.568745
0.641026 , 0.666667 , -1.717828
0.641026 , 0.692308 , -1.858494
0.641026 , 0.717949 , -1.988055
0.641026 , 0.743590 , -2.107623
0.641026 , 0.769231 , -2.216864
0.641026 , 0.794872 , -2.315917
0.641026 , 0.820513 , -2.404321
0.641026 , 0.846154 , -2.482056
0.641026 , 0.871795 , -2.547656
0.641026 , 0.897436 , -2.600778
0.641026 , 0.923077 , -2.643545
0.641026 , 0.948718 , -2.674450
0.641026 , 0.974359 , -2.693062
0.641026 , 1.000000 , -2.699634
0.666667 , 0.000000 , 1.678480
0.666667 , 0.025641 , 1.672289
0.666667 , 0.051282 , 1.652632
0.666667 , 0.076923 , 1.620710
0.666667 , 0.102564 , 1.577039
0.666667 , 0.128205 , 1.520183
0.666667 , 0.153846 , 1.451901
0.666667 , 0.179487 , 1.371131
0.666667 , 0.205128 , 1.276604
0.666667 , 0.230769 , 1.168468
0.666667 , 0.256410 , 1.047666
0.666667 , 0.282051 , 0.914637
0.666667 , 0.307692 , 0.768643
0.666667 , 0.333333 , 0.611984
0.666667 , 0.358974 , 0.446511
0.666667 , 0.384615 , 0.272505
0.666667 , 0.410256 , 0.090862
0.666667 , 0.435897 , -0.096083
0.666667 , 0.461538 , -0.286790
0.666667 , 0.487179 , -0.480039
0.666667 , 0.512821 , -0.673164
0.666667 , 0.538462 , -0.864790
0.666667 , 0.564103 , -1.053003
0.666667 , 0.589744 , -1.236148
0.666667 , 0.615385 , -1.413285
0.666667 , 0.641026 , -1.583188
0.666667 , 0.666667 , -1.744812
0.666667 , 0.692308 , -1.896175
0.666667 , 0.717949 , -2.035762
0.666667 , 0.743590 , -2.163220
0.666667 , 0.769231 , -2.278624
0.666667 , 0.794872 , -2.383150
0.666667 , 0.820513 , -2.476142
0.666667 , 0.846154 , -2.556768
0.666667 , 0.871795 , -2.626660
0.666667 , 0.897436 , -2.683504
0.666667 , 0.923077 , -2.727664
0.666667 , 0.948718 , -2.759021
0.666667 , 0.974359 , -2.777511
0.666667 , 1.000000 , -2.783670
0.692308 , 0.000000 , 1.920287
0.692308 , 0.025641 , 1.914145
0.692308 , 0.051282 , 1.894939
0.692308 , 0.076923 , 1.862966
0.692308 , 0.102564 , 1.818073
0.692308 , 0.128205 , 1.759891
0.692308 , 0.153846 , 1.688186
0.692308 , 0.179487 , 1.603382
0.692308 , 0.205128 , 1.504352
0.692308 , 0.230769 , 1.389492
0.692308 , 0.256410 , 1.260294
0.692308 , 0.282051 , 1.117025
0.692308 , 0.307692 , 0.959175
0.692308 , 0.333333 , 0.789414
0.692308 , 0.358974 , 0.608538
0.692308 , 0.384615 , 0.417753
0.692308 , 0.410256 , 0.218830
0.692308 , 0.435897 , 0.013935
0.692308 , 0.461538 , -0.195218
0.692308 , 0.487179 , -0.407352
0.692308 , 0.512821 , -0.619222
0.692308 , 0.538462 , -0.829341
0.692308 , 0.564103 , -1.036364
0.692308 , 0.589744 , -1.237323
0.692308 , 0.615385 , -1.430319
0.692308 , 0.641026 , -1.614888
0.692308 , 0.666667 , -1.789640
0.692308 , 0.692308 , -1.952771
0.692308 , 0.717949 , -2.102606
0.692308 , 0.743590 , -2.239630
0.692308 , 0.769231 , -2.362255
0.692308 , 0.794872 , -2.472042
0.692308 , 0.820513 , -2.568935
0.692308 , 0.846154 , -2.652758
0.692308 , 0.871795 , -2.725149
0.692308 , 0.897436 , -2.784557
0.692308 , 0.923077 , -2.830514
0.692308 , 0.948718 , -2.862143
0.692308 , 0.974359 , -2.880847
0.692308 , 1.000000 , -2.886567
0.717949 , 0.000000 , 2.169673
0.717949 , 0.025641 , 2.163934
0.717949 , 0.051282 , 2.145713
0.717949 , 0.076923 , 2.113738
0.717949 , 0.102564 , 2.068235
0.717949 , 0.128205 , 2.008954
0.717949 , 0.153846 , 1.934550
0.717949 , 0.179487 , 1.845647
0.717949 , 0.205128 , 1.741460
0.717949 , 0.230769 , 1.619791
0.717949 , 0.256410 , 1.482490
0.717949 , 0.282051 , 1.328989
0.717949 , 0.307692 , 1.158707
0.717949 , 0.333333 , 0.974870
0.717949 , 0.358974 , 0.777901
0.717949 , 0.384615 , 0.568586
0.717949 , 0.410256 , 0.350182
0.717949 , 0.435897 , 0.125254
0.717949 , 0.461538 , -0.105199
0.717949 , 0.487179 , -0.338687
0.717949 , 0.512821 , -0.572111
0.717949 , 0.538462 , -0.803105
0.717949 , 0.564103 , -1.030846
0.717949 , 0.589744 , -1.252009
0.717949 , 0.615385 , -1.464161
0.717949 , 0.641026 , -1.665642
0.717949 , 0.666667 , -1.855316
0.717949 , 0.692308 , -2.031312
0.717949 , 0.717949 , -2.192034
0.717949 , 0.743590 , -2.337061
0.717949 , 0.769231 , -2.466624
0.717949 , 0.794872 , -2.582834
0.717949 , 0.820513 , -2.684923
0.717949 , 0.846154 , -2.771762
0.717949 , 0.871795 , -2.845571
0.717949 , 0.897436 , -2.905442
0.717949 , 0.923077 , -2.951501
0.717949 , 0.948718 , -2.983461
0.717949 , 0.974359 , -3.002102
0.717949 , 1.000000 , -3.007995
0.743590 , 0.000000 , 2.427783
0.743590 , 0.025641 , 2.422010
0.743590 , 0.051282 , 2.404291
0.743590 , 0.076923 , 2.372653
0.743590 , 0.102564 , 2.327320
0.743590 , 0.128205 , 2.267569
0.743590 , 0.153846 , 2.192036
0.743590 , 0.179487 , 2.100085
0.743590 , 0.205128 , 1.991281
0.743590 , 0.230769 , 1.862678
0.743590 , 0.256410 , 1.717530
0.743590 , 0.282051 , 1.552456
0.743590 , 0.307692 , 1.368581
0.743590 , 0.333333 , 1.169641
0.743590 , 0.358974 , 0.955014
0.743590 , 0.384615 , 0.726300
0.743590 , 0.410256 , 0.486700
0.743590 , 0.435897 , 0.238709
0.743590 , 0.461538 , -0.015533
0.743590 , 0.487179 , -0.273541
0.743590 , 0.512821 , -0.531337
0.743590 , 0.538462 , -0.785954
0.743590 , 0.564103 , -1.036720
0.743590 , 0.589744 , -1.280115
0.743590 , 0.615385 , -1.513476
0.743590 , 0.641026 , -1.734497
0.743590 , 0.666667 , -1.941142
0.743590 , 0.692308 , -2.131511
0.743590 , 0.717949 , -2.304647
0.743590 , 0.743590 , -2.459361
0.743590 , 0.769231 , -2.596469
0.743590 , 0.794872 , -2.717459
0.743590 , 0.820513 , -2.823354
0.743590 , 0.846154 , -2.912944
0.743590 , 0.871795 , -2.987166
0.743590 , 0.897436 , -3.046942
0.743590 , 0.923077 , -3.092245
0.743590 , 0.948718 , -3.123830
0.743590 , 0.974359 , -3.141895
0.743590 , 1.000000 , -3.148183
0.769231 , 0.000000 , 2.693491
0.769231 , 0.025641 , 2.688230
0.769231 , 0.051282 , 2.670841
0.769231 , 0.076923 , 2.640241
0.769231 , 0.102564 , 2.596181
0.769231 , 0.128205 , 2.537423
0.769231 , 0.153846 , 2.461599
0.769231 , 0.179487 , 2.368230
0.769231 , 0.205128 , 2.254166
0.769231 , 0.230769 , 2.119260
0.769231 , 0.256410 , 1.964690
0.769231 , 0.282051 , 1.789050
0.769231 , 0.307692 , 1.591335
0.769231 , 0.333333 , 1.376329
0.769231 , 0.358974 , 1.143157
0.769231 , 0.384615 , 0.892868
0.769231 , 0.410256 , 0.629736
0.769231 , 0.435897 , 0.355823
0.769231 , 0.461538 , 0.074075
0.769231 , 0.487179 , -0.211372
0.769231 , 0.512821 , -0.497190
0.769231 , 0.538462 , -0.779448
0.769231 , 0.564103 , -1.056476
0.769231 , 0.589744 , -1.324710
0.769231 , 0.615385 , -1.580812
0.769231 , 0.641026 , -1.822408
0.769231 , 0.666667 , -2.048189
0.769231 , 0.692308 , -2.255454
0.769231 , 0.717949 , -2.441581
0.769231 , 0.743590 , -2.606829
0.769231 , 0.769231 , -2.751417
0.769231 , 0.794872 , -2.877422
0.769231 , 0.820513 , -2.986102
0.769231 , 0.846154 , -3.077571
0.769231 , 0.871795 , -3.151477
0.769231 , 0.897436 , -3.209791
0.769231 , 0.923077 , -3.253306
0.769231 , 0.948718 , -3.283601
0.769231 , 0.974359 , -3.300382
0.769231 , 1.000000 , -3.306063
0.794872 , 0.000000 , 2.964862
0.794872 , 0.025641 , 2.960472
0.794872 , 0.051282 , 2.944646
0.794872 , 0.076923 , 2.916567
0.794872 , 0.102564 , 2.875096
0.794872 , 0.128205 , 2.818750
0.794872 , 0.153846 , 2.744519
0.794872 , 0.179487 , 2.650064
0.794872 , 0.205128 , 2.532867
0.794872 , 0.230769 , 2.392151
0.794872 , 0.256410 , 2.228759
0.794872 , 0.282051 , 2.041367
0.794872 , 0.307692 , 1.830832
0.794872 , 0.333333 , 1.598043
0.794872 , 0.358974 , 1.344220
0.794872 , 0.384615 , 1.070162
0.794872 , 0.410256 , 0.779385
0.794872 , 0.435897 , 0.476810
0.794872 , 0.461538 , 0.164553
0.794872 , 0.487179 , -0.152347
0.794872 , 0.512821 , -0.469207
0.794872 , 0.538462 , -0.782773
0.794872 , 0.564103 , -1.089677
0.794872 , 0.589744 , -1.386229
0.794872 , 0.615385 , -1.669104
0.794872 , 0.641026 , -1.934832
0.794872 , 0.666667 , -2.180870
0.794872 , 0.692308 , -2.405652
0.794872 , 0.717949 , -2.606806
0.794872 , 0.743590 , -2.783282
0.794872 , 0.769231 , -2.935691
0.794872 , 0.794872 , -3.066439
0.794872 , 0.820513 , -3.176946
0.794872 , 0.846154 , -3.268502
0.794872 , 0.871795 , -3.340584
0.794872 , 0.897436 , -3.395475
0.794872 , 0.923077 , -3.435151
0.794872 , 0.948718 , -3.461506
0.794872 , 0.974359 , -3.476451
0.794872 , 1.000000 , -3.481236
0.820513 , 0.000000 , 3.242349
0.820513 , 0.025641 , 3.238300
0.820513 , 0.051282 , 3.225403
0.820513 , 0.076923 , 3.201941
0.820513 , 0.102564 , 3.165645
0.820513 , 0.128205 , 3.113443
0.820513 , 0.153846 , 3.043112
0.820513 , 0.179487 , 2.949829
0.820513 , 0.205128 , 2.830537
0.820513 , 0.230769 , 2.686365
0.820513 , 0.256410 , 2.515020
0.820513 , 0.282051 , 2.316138
0.820513 , 0.307692 , 2.090402
0.820513 , 0.333333 , 1.837711
0.820513 , 0.358974 , 1.560063
0.820513 , 0.384615 , 1.258665
0.820513 , 0.410256 , 0.937780
0.820513 , 0.435897 , 0.602171
0.820513 , 0.461538 , 0.255956
0.820513 , 0.487179 , -0.096317
0.820513 , 0.512821 , -0.448681
0.820513 , 0.538462 , -0.797509
0.820513 , 0.564103 , -1.139051
0.820513 , 0.589744 , -1.468316
0.820513 , 0.615385 , -1.780120
0.820513 , 0.641026 , -2.072272
0.820513 , 0.666667 , -2.342234
0.820513 , 0.692308 , -2.586000
0.820513 , 0.717949 , -2.802843
0.820513 , 0.743590 , -2.991153
0.820513 , 0.769231 , -3.151095
0.820513 , 0.794872 , -3.286244
0.820513 , 0.820513 , -3.397405
0.820513 , 0.846154 , -3.485611
0.820513 , 0.871795 , -3.552945
0.820513 , 0.897436 , -3.602452
0.820513 , 0.923077 , -3.636497
0.820513 , 0.948718 , -3.657368
0.820513 , 0.974359 , -3.669053
0.820513 , 1.000000 , -3.672800
0.846154 , 0.000000 , 3.521959
0.846154 , 0.025641 , 3.519640
0.846154 , 0.051282 , 3.511862
0.846154 , 0.076923 , 3.495058
0.846154 , 0.102564 , 3.467072
0.846154 , 0.128205 , 3.422317
0.846154 , 0.153846 , 3.358143
0.846154 , 0.179487 , 3.269213
0.846154 , 0.205128 , 3.151300
0.846154 , 0.230769 , 3.005341
0.846154 , 0.256410 , 2.827852
0.846154 , 0.282051 , 2.616890
0.846154 , 0.307692 , 2.373652
0.846154 , 0.333333 , 2.097518
0.846154 , 0.358974 , 1.793477
0.846154 , 0.384615 , 1.461856
0.846154 , 0.410256 , 1.107412
0.846154 , 0.435897 , 0.735267
0.846154 , 0.461538 , 0.349899
0.846154 , 0.487179 , -0.042232
0.846154 , 0.512821 , -0.434677
0.846154 , 0.538462 , -0.824351
0.846154 , 0.564103 , -1.205267
0.846154 , 0.589744 , -1.571389
0.846154 , 0.615385 , -1.916960
0.846154 , 0.641026 , -2.239184
0.846154 , 0.666667 , -2.534279
0.846154 , 0.692308 , -2.799510
0.846154 , 0.717949 , -3.032718
0.846154 , 0.743590 , -3.233667
0.846154 , 0.769231 , -3.401638
0.846154 , 0.794872 , -3.539278
0.846154 , 0.820513 , -3.648929
0.846154 , 0.846154 , -3.731996
0.846154 , 0.871795 , -3.790966
0.846154 , 0.897436 , -3.830991
0.846154 , 0.923077 , -3.856896
0.846154 , 0.948718 , -3.870360
0.846154 , 0.974359 , -3.876761
0.846154 , 1.000000 , -3.879024
0.871795 , 0.000000 , 3.801712
0.871795 , 0.025641 , 3.802055
0.871795 , 0.051282 , 3.800954
0.871795 , 0.076923 , 3.795242
0.871795 , 0.102564 , 3.779434
0.871795 , 0.128205 , 3.746868
0.871795 , 0.153846 , 3.693565
0.871795 , 0.179487 , 3.612198
0.871795 , 0.205128 , 3.499547
0.871795 , 0.230769 , 3.352435
0.871795 , 0.256410 , 3.168028
0.871795 , 0.282051 , 2.945527
0.871795 , 0.307692 , 2.683433
0.871795 , 0.333333 , 2.383809
0.871795 , 0.358974 , 2.049554
0.871795 , 0.384615 , 1.683952
0.871795 , 0.410256 , 1.291384
0.871795 , 0.435897 , 0.877231
0.871795 , 0.461538 , 0.447449
0.871795 , 0.487179 , 0.009381
0.871795 , 0.512821 , -0.429975
0.871795 , 0.538462 , -0.865623
0.871795 , 0.564103 , -1.290487
0.871795 , 0.589744 , -1.698602
0.871795 , 0.615385 , -2.083117
0.871795 , 0.641026 , -2.439563
0.871795 , 0.666667 , -2.763654
0.871795 , 0.692308 , -3.052733
0.871795 , 0.717949 , -3.304843
0.871795 , 0.743590 , -3.518157
0.871795 , 0.769231 , -3.692768
0.871795 , 0.794872 , -3.831415
0.871795 , 0.820513 , -3.936238
0.871795 , 0.846154 , -4.010249
0.871795 , 0.871795 , -4.057700
0.871795 , 0.897436 , -4.084447
0.871795 , 0.923077 , -4.097116
0.871795 , 0.948718 , -4.099640
0.871795 , 0.974359 , -4.098744
0.871795 , 1.000000 , -4.098458
0.897436 , 0.000000 , 4.076710
0.897436 , 0.025641 , 4.080432
0.897436 , 0.051282 , 4.090883
0.897436 , 0.076923 , 4.100890
0.897436 , 0.102564 , 4.103524
0.897436 , 0.128205 , 4.089493
0.897436 , 0.153846 , 4.052048
0.897436 , 0.179487 , 3.983629
0.897436 , 0.205128 , 3.878501
0.897436 , 0.230769 , 3.732660
0.897436 , 0.256410 , 3.543222
0.897436 , 0.282051 , 3.307512
0.897436 , 0.307692 , 3.026084
0.897436 , 0.333333 , 2.699708
0.897436 , 0.358974 , 2.332193
0.897436 , 0.384615 , 1.928162
0.897436 , 0.410256 , 1.492633
0.897436 , 0.435897 , 1.031027
0.897436 , 0.461538 , 0.551069
0.897436 , 0.487179 , 0.060461
0.897436 , 0.512821 , -0.432292
0.897436 , 0.538462 , -0.920892
0.897436 , 0.564103 , -1.397564
0.897436 , 0.589744 , -1.853630
0.897436 , 0.615385 , -2.282139
0.897436 , 0.641026 , -2.677101
0.897436 , 0.666667 , -3.034563
0.897436 , 0.692308 , -3.350569
0.897436 , 0.717949 , -3.622254
0.897436 , 0.743590 , -3.848044
0.897436 , 0.769231 , -4.028089
0.897436 , 0.794872 , -4.164919
0.897436 , 0.820513 , -4.260941
0.897436 , 0.846154 , -4.321852
0.897436 , 0.871795 , -4.352351
0.897436 , 0.897436 , -4.361013
0.897436 , 0.923077 , -4.355785
0.897436 , 0.948718 , -4.342619
0.897436 , 0.974359 , -4.330601
0.897436 , 1.000000 , -4.326205
0.923077 , 0.000000 , 4.340099
0.923077 , 0.025641 , 4.349646
0.923077 , 0.051282 , 4.376125
0.923077 , 0.076923 , 4.409549
0.923077 , 0.102564 , 4.438120
0.923077 , 0.128205 , 4.450783
0.923077 , 0.153846 , 4.436485
0.923077 , 0.179487 , 4.387035
0.923077 , 0.205128 , 4.294253
0.923077 , 0.230769 , 4.152553
0.923077 , 0.256410 , 3.958929
0.923077 , 0.282051 , 3.710688
0.923077 , 0.307692 , 3.407957
0.923077 , 0.333333 , 3.052978
0.923077 , 0.358974 , 2.648470
0.923077 , 0.384615 , 2.200896
0.923077 , 0.410256 , 1.715152
0.923077 , 0.435897 , 1.199209
0.923077 , 0.461538 , 0.661465
0.923077 , 0.487179 , 0.109915
0.923077 , 0.512821 , -0.445043
0.923077 , 0.538462 , -0.993759
0.923077 , 0.564103 , -1.529128
0.923077 , 0.589744 , -2.040334
0.923077 , 0.615385 , -2.518930
0.923077 , 0.641026 , -2.958584
0.923077 , 0.666667 , -3.353606
0.923077 , 0.692308 , -3.699032
0.923077 , 0.717949 , -3.991610
0.923077 , 0.743590 , -4.229065
0.923077 , 0.769231 , -4.412908
0.923077 , 0.794872 , -4.544539
0.923077 , 0.820513 , -4.628228
0.923077 , 0.846154 , -4.671016
0.923077 , 0.871795 , -4.678740
0.923077 , 0.897436 , -4.660751
0.923077 , 0.923077 , -4.628210
0.923077 , 0.948718 , -4.591719
0.923077 , 0.974359 , -4.563087
0.923077 , 1.000000 , -4.552134
0.948718 , 0.000000 , 4.578348
0.948718 , 0.025641 , 4.598082
0.948718 , 0.051282 , 4.650092
0.948718 , 0.076923 , 4.718140
0.948718 , 0.102564 , 4.784804
0.948718 , 0.128205 , 4.834326
0.948718 , 0.153846 , 4.852939
0.948718 , 0.179487 , 4.828423
0.948718 , 0.205128 , 4.753342
0.948718 , 0.230769 , 4.620671
0.948718 , 0.256410 , 4.425121
0.948718 , 0.282051 , 4.164187
0.948718 , 0.307692 , 3.838603
0.948718 , 0.333333 , 3.450837
0.948718 , 0.358974 , 3.005464
0.948718 , 0.384615 , 2.507891
0.948718 , 0.410256 , 1.965014
0.948718 , 0.435897 , 1.385690
0.948718 , 0.461538 , 0.779936
0.948718 , 0.487179 , 0.158426
0.948718 , 0.512821 , -0.467463
0.948718 , 0.538462 , -1.087086
0.948718 , 0.564103 , -1.689645
0.948718 , 0.589744 , -2.263829
0.948718 , 0.615385 , -2.799936
0.948718 , 0.641026 , -3.289773
0.948718 , 0.666667 , -3.727261
0.948718 , 0.692308 , -4.105849
0.948718 , 0.717949 , -4.420674
0.948718 , 0.743590 , -4.670372
0.948718 , 0.769231 , -4.855682
0.948718 , 0.794872 , -4.978963
0.948718 , 0.820513 , -5.045598
0.948718 , 0.846154 , -5.062267
0.948718 , 0.871795 , -5.037140
0.948718 , 0.897436 , -4.981927
0.948718 , 0.923077 , -4.910768
0.948718 , 0.948718 , -4.839060
0.948718 , 0.974359 , -4.784984
0.948718 , 1.000000 , -4.764055
0.974359 , 0.000000 , 4.772094
0.974359 , 0.025641 , 4.809827
0.974359 , 0.051282 , 4.903627
0.974359 , 0.076923 , 5.023709
0.974359 , 0.102564 , 5.144428
0.974359 , 0.128205 , 5.244184
0.974359 , 0.153846 , 5.306753
0.974359 , 0.179487 , 5.317266
0.974359 , 0.205128 , 5.265983
0.974359 , 0.230769 , 5.146162
0.974359 , 0.256410 , 4.951652
0.974359 , 0.282051 , 4.678930
0.974359 , 0.307692 , 4.328340
0.974359 , 0.333333 , 3.903591
0.974359 , 0.358974 , 3.410712
0.974359 , 0.384615 , 2.855882
0.974359 , 0.410256 , 2.246944
0.974359 , 0.435897 , 1.594457
0.974359 , 0.461538 , 0.910597
0.974359 , 0.487179 , 0.207923
0.974359 , 0.512821 , -0.500750
0.974359 , 0.538462 , -1.201793
0.974359 , 0.564103 , -1.882066
0.974359 , 0.589744 , -2.529086
0.974359 , 0.615385 , -3.131364
0.974359 , 0.641026 , -3.679190
0.974359 , 0.666667 , -4.164557
0.974359 , 0.692308 , -4.579687
0.974359 , 0.717949 , -4.919688
0.974359 , 0.743590 , -5.181614
0.974359 , 0.769231 , -5.366588
0.974359 , 0.794872 , -5.477185
0.974359 , 0.820513 , -5.519319
0.974359 , 0.846154 , -5.500670
0.974359 , 0.871795 , -5.432050
0.974359 , 0.897436 , -5.326252
0.974359 , 0.923077 , -5.200644
0.974359 , 0.948718 , -5.076396
0.974359 , 0.974359 , -4.980061
0.974359 , 1.000000 , -4.941361
1.000000 , 0.000000 , 4.884667
1.000000 , 0.025641 , 4.960264
1.000000 , 0.051282 , 5.125983
1.000000 , 0.076923 , 5.323977
1.000000 , 0.102564 , 5.519153
1.000000 , 0.128205 , 5.686603
1.000000 , 0.153846 , 5.806432
1.000000 , 0.179487 , 5.862782
1.000000 , 0.205128 , 5.843884
1.000000 , 0.230769 , 5.741527
1.000000 , 0.256410 , 5.549486
1.000000 , 0.282051 , 5.265131
1.000000 , 0.307692 , 4.887769
1.000000 , 0.333333 , 4.421596
1.000000 , 0.358974 , 3.873712
1.000000 , 0.384615 , 3.252906
1.000000 , 0.410256 , 2.567442
1.000000 , 0.435897 , 1.829861
1.000000 , 0.461538 , 1.054795
1.000000 , 0.487179 , 0.257643
1.000000 , 0.512821 , -0.546518
1.000000 , 0.538462 , -1.341545
1.000000 , 0.564103 , -2.112741
1.000000 , 0.589744 , -2.844341
1.000000 , 0.615385 , -3.523407
1.000000 , 0.641026 , -4.137706
1.000000 , 0.666667 , -4.677545
1.000000 , 0.692308 , -5.133951
1.000000 , 0.717949 , -5.501487
1.000000 , 0.743590 , -5.776403
1.000000 , 0.769231 , -5.958100
1.000000 , 0.794872 , -6.050744
1.000000 , 0.820513 , -6.059734
1.000000 , 0.846154 , -5.995441
1.000000 , 0.871795 , -5.869131
1.000000 , 0.897436 , -5.695998
1.000000 , 0.923077 , -5.495679
1.000000 , 0.948718 , -5.293366
1.000000 , 0.974359 , -5.125003
1.000000 , 1.000000 , -5.047496
