0.000000 , 0.000000 , 0.749526
0.000000 , 0.025641 , 0.749526
0.000000 , 0.051282 , 0.749526
0.000000 , 0.076923 , 0.749526
0.000000 , 0.102564 , 0.749526
0.000000 , 0.128205 , 0.749526
0.000000 , 0.153846 , 0.749526
0.000000 , 0.179487 , 0.749526
0.000000 , 0.205128 , 0.749526
0.000000 , 0.230769 , 0.749526
0.000000 , 0.256410 , 0.749526
0.000000 , 0.282051 , 0.749526
0.000000 , 0.307692 , 0.749526
0.000000 , 0.333333 , 0.749526
0.000000 , 0.358974 , 0.749526
0.000000 , 0.384615 , 0.749526
0.000000 , 0.410256 , 0.749526
0.000000 , 0.435897 , 0.749526
0.000000 , 0.461538 , 0.749526
0.000000 , 0.487179 , 0.749526
0.000000 , 0.512821 , 0.749526
0.000000 , 0.538462 , 0.749526
0.000000 , 0.564103 , 0.749526
0.000000 , 0.589744 , 0.749526
0.000000 , 0.615385 , 0.749526
0.000000 , 0.641026 , 0.749526
0.000000 , 0.666667 , 0.749526
0.000000 , 0.692308 , 0.749526
0.000000 , 0.717949 , 0.749526
0.000000 , 0.743590 , 0.749526
0.000000 , 0.769231 , 0.749526
0.000000 , 0.794872 , 0.749526
0.000000 , 0.820513 , 0.749526
0.000000 , 0.846154 , 0.749526
0.000000 , 0.871795 , 0.749526
0.000000 , 0.897436 , 0.749526
0.000000 , 0.923077 , 0.749526
0.000000 , 0.948718 , 0.749526
0.000000 , 0.974359 , 0.749526
0.000000 , 1.000000 , 0.749526
0.025641 , 0.000000 , 0.629559
0.025641 , 0.025641 , 0.629809
0.025641 , 0.051282 , 0.629985
0.025641 , 0.076923 , 0.630189
0.025641 , 0.102564 , 0.630445
0.025641 , 0.128205 , 0.629628
0.025641 , 0.153846 , 0.628920
0.025641 , 0.179487 , 0.627330
0.025641 , 0.205128 , 0.624761
0.025641 , 0.230769 , 0.621316
0.025641 , 0.256410 , 0.617364
0.025641 , 0.282051 , 0.613037
0.025641 , 0.307692 , 0.608575
0.025641 , 0.333333 , 0.603320
0.025641 , 0.358974 , 0.597932
0.025641 , 0.384615 , 0.593240
0.025641 , 0.410256 , 0.587871
0.025641 , 0.435897 , 0.581813
0.025641 , 0.461538 , 0.576177
0.025641 , 0.487179 , 0.569756
0.025641 , 0.512821 , 0.563741
0.025641 , 0.538462 , 0.557507
0.025641 , 0.564103 , 0.552225
0.025641 , 0.589744 , 0.546863
0.025641 , 0.615385 , 0.541338
0.025641 , 0.641026 , 0.536153
0.025641 , 0.666667 , 0.531323
0.025641 , 0.692308 , 0.527128
0.025641 , 0.717949 , 0.523316
0.025641 , 0.743590 , 0.519668
0.025641 , 0.769231 , 0.516784
0.025641 , 0.794872 , 0.513558
0.025641 , 0.820513 , 0.510724
0.025641 , 0.846154 , 0.508630
0.025641 , 0.871795 , 0.507060
0.025641 , 0.897436 , 0.506459
0.025641 , 0.923077 , 0.505484
0.025641 , 0.948718 , 0.504302
0.025641 , 0.974359 , 0.503245
0.025641 , 1.000000 , 0.503206
0.051282 , 0.000000 , 0.523991
0.051282 , 0.025641 , 0.523710
0.051282 , 0.051282 , 0.523693
0.051282 , 0.076923 , 0.523949
0.051282 , 0.102564 , 0.524511
0.051282 , 0.128205 , 0.523989
0.051282 , 0.153846 , 0.521788
0.051282 , 0.179487 , 0.518039
0.051282 , 0.205128 , 0.513192
0.051282 , 0.230769 , 0.506842
0.051282 , 0.256410 , 0.499050
0.051282 , 0.282051 , 0.490475
0.051282 , 0.307692 , 0.481379
0.051282 , 0.333333 , 0.471468
0.051282 , 0.358974 , 0.461027
0.051282 , 0.384615 , 0.450888
0.051282 , 0.410256 , 0.440442
0.051282 , 0.435897 , 0.428768
0.051282 , 0.461538 , 0.416890
0.051282 , 0.487179 , 0.405291
0.051282 , 0.512821 , 0.393195
0.051282 , 0.538462 , 0.381121
0.051282 , 0.564103 , 0.369850
0.051282 , 0.589744 , 0.359175
0.051282 , 0.615385 , 0.348628
0.051282 , 0.641026 , 0.338155
0.051282 , 0.666667 , 0.329091
0.051282 , 0.692308 , 0.320761
0.051282 , 0.717949 , 0.312983
0.051282 , 0.743590 , 0.305632
0.051282 , 0.769231 , 0.299965
0.051282 , 0.794872 , 0.294251
0.051282 , 0.820513 , 0.288611
0.051282 , 0.846154 , 0.283787
0.051282 , 0.871795 , 0.280331
0.051282 , 0.897436 , 0.278168
0.051282 , 0.923077 , 0.276389
0.051282 , 0.948718 , 0.274518
0.051282 , 0.974359 , 0.272471
0.051282 , 1.000000 , 0.272083
0.076923 , 0.000000 , 0.430041
0.076923 , 0.025641 , 0.430578
0.076923 , 0.051282 , 0.431015
0.076923 , 0.076923 , 0.431079
0.076923 , 0.102564 , 0.431401
0.076923 , 0.128205 , 0.430698
0.076923 , 0.153846 , 0.427605
0.076923 , 0.179487 , 0.422025
0.076923 , 0.205128 , 0.414284
0.076923 , 0.230769 , 0.405059
0.076923 , 0.256410 , 0.394067
0.076923 , 0.282051 , 0.381489
0.076923 , 0.307692 , 0.367799
0.076923 , 0.333333 , 0.352871
0.076923 , 0.358974 , 0.337851
0.076923 , 0.384615 , 0.323200
0.076923 , 0.410256 , 0.307154
0.076923 , 0.435897 , 0.290377
0.076923 , 0.461538 , 0.272342
0.076923 , 0.487179 , 0.254645
0.076923 , 0.512821 , 0.236906
0.076923 , 0.538462 , 0.219382
0.076923 , 0.564103 , 0.202588
0.076923 , 0.589744 , 0.186853
0.076923 , 0.615385 , 0.171723
0.076923 , 0.641026 , 0.156629
0.076923 , 0.666667 , 0.142886
0.076923 , 0.692308 , 0.129220
0.076923 , 0.717949 , 0.117649
0.076923 , 0.743590 , 0.106368
0.076923 , 0.769231 , 0.097694
0.076923 , 0.794872 , 0.089498
0.076923 , 0.820513 , 0.081405
0.076923 , 0.846154 , 0.074665
0.076923 , 0.871795 , 0.068847
0.076923 , 0.897436 , 0.064989
0.076923 , 0.923077 , 0.062238
0.076923 , 0.948718 , 0.059700
0.076923 , 0.974359 , 0.057359
0.076923 , 1.000000 , 0.056351
0.102564 , 0.000000 , 0.352843
0.102564 , 0.025641 , 0.352794
0.102564 , 0.051282 , 0.353253
0.102564 , 0.076923 , 0.353561
0.102564 , 0.102564 , 0.352228
0.102564 , 0.128205 , 0.350223
0.102564 , 0.153846 , 0.345922
0.102564 , 0.179487 , 0.338080
0.102564 , 0.205128 , 0.327775
0.102564 , 0.230769 , 0.315478
0.102564 , 0.256410 , 0.300951
0.102564 , 0.282051 , 0.284670
0.102564 , 0.307692 , 0.267530
0.102564 , 0.333333 , 0.248573
0.102564 , 0.358974 , 0.228447
0.102564 , 0.384615 , 0.208363
0.102564 , 0.410256 , 0.187698
0.102564 , 0.435897 , 0.165003
0.102564 , 0.461538 , 0.141051
0.102564 , 0.487179 , 0.118034
0.102564 , 0.512821 , 0.094695
0.102564 , 0.538462 , 0.071747
0.102564 , 0.564103 , 0.049757
0.102564 , 0.589744 , 0.028624
0.102564 , 0.615385 , 0.008888
0.102564 , 0.641026 , -0.011264
0.102564 , 0.666667 , -0.029865
0.102564 , 0.692308 , -0.047838
0.102564 , 0.717949 , -0.063697
0.102564 , 0.743590 , -0.078198
0.102564 , 0.769231 , -0.090525
0.102564 , 0.794872 , -0.101488
0.102564 , 0.820513 , -0.111469
0.102564 , 0.846154 , -0.120734
0.102564 , 0.871795 , -0.128399
0.102564 , 0.897436 , -0.133859
0.102564 , 0.923077 , -0.138217
0.102564 , 0.948718 , -0.141403
0.102564 , 0.974359 , -0.143150
0.102564 , 1.000000 , -0.143923
0.128205 , 0.000000 , 0.289227
0.128205 , 0.025641 , 0.289376
0.128205 , 0.051282 , 0.289133
0.128205 , 0.076923 , 0.288717
0.128205 , 0.102564 , 0.286887
0.128205 , 0.128205 , 0.282743
0.128205 , 0.153846 , 0.276319
0.128205 , 0.179487 , 0.266396
0.128205 , 0.205128 , 0.253267
0.128205 , 0.230769 , 0.238017
0.128205 , 0.256410 , 0.220567
0.128205 , 0.282051 , 0.200572
0.128205 , 0.307692 , 0.179951
0.128205 , 0.333333 , 0.157651
0.128205 , 0.358974 , 0.132933
0.128205 , 0.384615 , 0.107306
0.128205 , 0.410256 , 0.080455
0.128205 , 0.435897 , 0.052646
0.128205 , 0.461538 , 0.023544
0.128205 , 0.487179 , -0.005331
0.128205 , 0.512821 , -0.034560
0.128205 , 0.538462 , -0.063815
0.128205 , 0.564103 , -0.091440
0.128205 , 0.589744 , -0.117047
0.128205 , 0.615385 , -0.141208
0.128205 , 0.641026 , -0.166064
0.128205 , 0.666667 , -0.189642
0.128205 , 0.692308 , -0.211374
0.128205 , 0.717949 , -0.230962
0.128205 , 0.743590 , -0.248778
0.128205 , 0.769231 , -0.264820
0.128205 , 0.794872 , -0.278751
0.128205 , 0.820513 , -0.291387
0.128205 , 0.846154 , -0.302318
0.128205 , 0.871795 , -0.311780
0.128205 , 0.897436 , -0.319210
0.128205 , 0.923077 , -0.325357
0.128205 , 0.948718 , -0.329255
0.128205 , 0.974359 , -0.331481
0.128205 , 1.000000 , -0.331069
0.153846 , 0.000000 , 0.237085
0.153846 , 0.025641 , 0.237190
0.153846 , 0.051282 , 0.236658
0.153846 , 0.076923 , 0.235053
0.153846 , 0.102564 , 0.231895
0.153846 , 0.128205 , 0.226229
0.153846 , 0.153846 , 0.217796
0.153846 , 0.179487 , 0.205620
0.153846 , 0.205128 , 0.189929
0.153846 , 0.230769 , 0.171910
0.153846 , 0.256410 , 0.151761
0.153846 , 0.282051 , 0.129170
0.153846 , 0.307692 , 0.104477
0.153846 , 0.333333 , 0.077841
0.153846 , 0.358974 , 0.049508
0.153846 , 0.384615 , 0.018354
0.153846 , 0.410256 , -0.013771
0.153846 , 0.435897 , -0.047195
0.153846 , 0.461538 , -0.081781
0.153846 , 0.487179 , -0.116271
0.153846 , 0.512821 , -0.151194
0.153846 , 0.538462 , -0.185739
0.153846 , 0.564103 , -0.218658
0.153846 , 0.589744 , -0.249405
0.153846 , 0.615385 , -0.278769
0.153846 , 0.641026 , -0.308650
0.153846 , 0.666667 , -0.337209
0.153846 , 0.692308 , -0.362840
0.153846 , 0.717949 , -0.386148
0.153846 , 0.743590 , -0.407808
0.153846 , 0.769231 , -0.426444
0.153846 , 0.794872 , -0.444076
0.153846 , 0.820513 , -0.459607
0.153846 , 0.846154 , -0.472465
0.153846 , 0.871795 , -0.483783
0.153846 , 0.897436 , -0.492564
0.153846 , 0.923077 , -0.500024
0.153846 , 0.948718 , -0.504914
0.153846 , 0.974359 , -0.508254
0.153846 , 1.000000 , -0.508688
0.179487 , 0.000000 , 0.193498
0.179487 , 0.025641 , 0.194005
0.179487 , 0.051282 , 0.194331
0.179487 , 0.076923 , 0.192238
0.179487 , 0.102564 , 0.187255
0.179487 , 0.128205 , 0.179798
0.179487 , 0.153846 , 0.169571
0.179487 , 0.179487 , 0.155398
0.179487 , 0.205128 , 0.136739
0.179487 , 0.230769 , 0.116478
0.179487 , 0.256410 , 0.093770
0.179487 , 0.282051 , 0.068181
0.179487 , 0.307692 , 0.039748
0.179487 , 0.333333 , 0.008485
0.179487 , 0.358974 , -0.024316
0.179487 , 0.384615 , -0.059681
0.179487 , 0.410256 , -0.096845
0.179487 , 0.435897 , -0.135037
0.179487 , 0.461538 , -0.174941
0.179487 , 0.487179 , -0.215153
0.179487 , 0.512821 , -0.255976
0.179487 , 0.538462 , -0.295601
0.179487 , 0.564103 , -0.333705
0.179487 , 0.589744 , -0.370201
0.179487 , 0.615385 , -0.405302
0.179487 , 0.641026 , -0.439693
0.179487 , 0.666667 , -0.472897
0.179487 , 0.692308 , -0.502689
0.179487 , 0.717949 , -0.529891
0.179487 , 0.743590 , -0.555113
0.179487 , 0.769231 , -0.577317
0.179487 , 0.794872 , -0.597803
0.179487 , 0.820513 , -0.615680
0.179487 , 0.846154 , -0.630708
0.179487 , 0.871795 , -0.643829
0.179487 , 0.897436 , -0.655481
0.179487 , 0.923077 , -0.664395
0.179487 , 0.948718 , -0.670122
0.179487 , 0.974359 , -0.673417
0.179487 , 1.000000 , -0.674047
0.205128 , 0.000000 , 0.161544
0.205128 , 0.025641 , 0.162160
0.205128 , 0.051282 , 0.162130
0.205128 , 0.076923 , 0.159351
0.205128 , 0.102564 , 0.153178
0.205128 , 0.128205 , 0.143744
0.205128 , 0.153846 , 0.131665
0.205128 , 0.179487 , 0.115524
0.205128 , 0.205128 , 0.094465
0.205128 , 0.230769 , 0.071237
0.205128 , 0.256410 , 0.046209
0.205128 , 0.282051 , 0.017329
0.205128 , 0.307692 , -0.015068
0.205128 , 0.333333 , -0.050727
0.205128 , 0.358974 , -0.088289
0.205128 , 0.384615 , -0.127147
0.205128 , 0.410256 , -0.168902
0.205128 , 0.435897 , -0.212181
0.205128 , 0.461538 , -0.257274
0.205128 , 0.487179 , -0.303259
0.205128 , 0.512821 , -0.349572
0.205128 , 0.538462 , -0.394019
0.205128 , 0.564103 , -0.437680
0.205128 , 0.589744 , -0.480148
0.205128 , 0.615385 , -0.521118
0.205128 , 0.641026 , -0.560589
0.205128 , 0.666667 , -0.597571
0.205128 , 0.692308 , -0.631571
0.205128 , 0.717949 , -0.663176
0.205128 , 0.743590 , -0.692185
0.205128 , 0.769231 , -0.718512
0.205128 , 0.794872 , -0.741787
0.205128 , 0.820513 , -0.761526
0.205128 , 0.846154 , -0.778859
0.205128 , 0.871795 , -0.794398
0.205128 , 0.897436 , -0.807844
0.205128 , 0.923077 , -0.818253
0.205128 , 0.948718 , -0.825213
0.205128 , 0.974359 , -0.828308
0.205128 , 1.000000 , -0.828667
0.230769 , 0.000000 , 0.143107
0.230769 , 0.025641 , 0.142820
0.230769 , 0.051282 , 0.141296
0.230769 , 0.076923 , 0.137187
0.230769 , 0.102564 , 0.129348
0.230769 , 0.128205 , 0.118522
0.230769 , 0.153846 , 0.103649
0.230769 , 0.179487 , 0.085106
0.230769 , 0.205128 , 0.062656
0.230769 , 0.230769 , 0.036892
0.230769 , 0.256410 , 0.008462
0.230769 , 0.282051 , -0.023639
0.230769 , 0.307692 , -0.059743
0.230769 , 0.333333 , -0.099229
0.230769 , 0.358974 , -0.141522
0.230769 , 0.384615 , -0.185479
0.230769 , 0.410256 , -0.231886
0.230769 , 0.435897 , -0.280353
0.230769 , 0.461538 , -0.330352
0.230769 , 0.487179 , -0.380719
0.230769 , 0.512821 , -0.432222
0.230769 , 0.538462 , -0.481921
0.230769 , 0.564103 , -0.530608
0.230769 , 0.589744 , -0.578503
0.230769 , 0.615385 , -0.624855
0.230769 , 0.641026 , -0.669551
0.230769 , 0.666667 , -0.711578
0.230769 , 0.692308 , -0.749971
0.230769 , 0.717949 , -0.785585
0.230769 , 0.743590 , -0.818305
0.230769 , 0.769231 , -0.848698
0.230769 , 0.794872 , -0.875071
0.230769 , 0.820513 , -0.897548
0.230769 , 0.846154 , -0.917562
0.230769 , 0.871795 , -0.935309
0.230769 , 0.897436 , -0.950951
0.230769 , 0.923077 , -0.962628
0.230769 , 0.948718 , -0.970474
0.230769 , 0.974359 , -0.974803
0.230769 , 1.000000 , -0.975705
0.256410 , 0.000000 , 0.134292
0.256410 , 0.025641 , 0.133435
0.256410 , 0.051282 , 0.130141
0.256410 , 0.076923 , 0.124173
0.256410 , 0.102564 , 0.115382
0.256410 , 0.128205 , 0.102716
0.256410 , 0.153846 , 0.085733
0.256410 , 0.179487 , 0.064639
0.256410 , 0.205128 , 0.039902
0.256410 , 0.230769 , 0.011342
0.256410 , 0.256410 , -0.020813
0.256410 , 0.282051 , -0.056487
0.256410 , 0.307692 , -0.096253
0.256410 , 0.333333 , -0.139360
0.256410 , 0.358974 , -0.185211
0.256410 , 0.384615 , -0.234544
0.256410 , 0.410256 , -0.286242
0.256410 , 0.435897 , -0.339501
0.256410 , 0.461538 , -0.394288
0.256410 , 0.487179 , -0.449599
0.256410 , 0.512821 , -0.505184
0.256410 , 0.538462 , -0.560522
0.256410 , 0.564103 , -0.614289
0.256410 , 0.589744 , -0.666591
0.256410 , 0.615385 , -0.718106
0.256410 , 0.641026 , -0.767938
0.256410 , 0.666667 , -0.815185
0.256410 , 0.692308 , -0.858928
0.256410 , 0.717949 , -0.898964
0.256410 , 0.743590 , -0.935747
0.256410 , 0.769231 , -0.969445
0.256410 , 0.794872 , -0.999291
0.256410 , 0.820513 , -1.025127
0.256410 , 0.846154 , -1.047767
0.256410 , 0.871795 , -1.067262
0.256410 , 0.897436 , -1.084549
0.256410 , 0.923077 , -1.098000
0.256410 , 0.948718 , -1.107484
0.256410 , 0.974359 , -1.112935
0.256410 , 1.000000 , -1.114581
0.282051 , 0.000000 , 0.134109
0.282051 , 0.025641 , 0.133380
0.282051 , 0.051282 , 0.129231
0.282051 , 0.076923 , 0.121650
0.282051 , 0.102564 , 0.110977
0.282051 , 0.128205 , 0.095923
0.282051 , 0.153846 , 0.077303
0.282051 , 0.179487 , 0.054590
0.282051 , 0.205128 , 0.027341
0.282051 , 0.230769 , -0.004877
0.282051 , 0.256410 , -0.041459
0.282051 , 0.282051 , -0.081156
0.282051 , 0.307692 , -0.124536
0.282051 , 0.333333 , -0.171559
0.282051 , 0.358974 , -0.221757
0.282051 , 0.384615 , -0.275177
0.282051 , 0.410256 , -0.331582
0.282051 , 0.435897 , -0.389529
0.282051 , 0.461538 , -0.448737
0.282051 , 0.487179 , -0.509460
0.282051 , 0.512821 , -0.569750
0.282051 , 0.538462 , -0.629986
0.282051 , 0.564103 , -0.689388
0.282051 , 0.589744 , -0.747230
0.282051 , 0.615385 , -0.803409
0.282051 , 0.641026 , -0.857761
0.282051 , 0.666667 , -0.909776
0.282051 , 0.692308 , -0.958945
0.282051 , 0.717949 , -1.004128
0.282051 , 0.743590 , -1.044378
0.282051 , 0.769231 , -1.081263
0.282051 , 0.794872 , -1.115649
0.282051 , 0.820513 , -1.145330
0.282051 , 0.846154 , -1.170691
0.282051 , 0.871795 , -1.192329
0.282051 , 0.897436 , -1.211001
0.282051 , 0.923077 , -1.225518
0.282051 , 0.948718 , -1.236210
0.282051 , 0.974359 , -1.242355
0.282051 , 1.000000 , -1.244744
0.307692 , 0.000000 , 0.144067
0.307692 , 0.025641 , 0.143032
0.307692 , 0.051282 , 0.138625
0.307692 , 0.076923 , 0.129301
0.307692 , 0.102564 , 0.116816
0.307692 , 0.128205 , 0.099363
0.307692 , 0.153846 , 0.077542
0.307692 , 0.179487 , 0.052336
0.307692 , 0.205128 , 0.022769
0.307692 , 0.230769 , -0.012420
0.307692 , 0.256410 , -0.052520
0.307692 , 0.282051 , -0.096545
0.307692 , 0.307692 , -0.144007
0.307692 , 0.333333 , -0.195071
0.307692 , 0.358974 , -0.249858
0.307692 , 0.384615 , -0.307312
0.307692 , 0.410256 , -0.368360
0.307692 , 0.435897 , -0.431148
0.307692 , 0.461538 , -0.495375
0.307692 , 0.487179 , -0.560444
0.307692 , 0.512821 , -0.626401
0.307692 , 0.538462 , -0.691918
0.307692 , 0.564103 , -0.756465
0.307692 , 0.589744 , -0.819626
0.307692 , 0.615385 , -0.881171
0.307692 , 0.641026 , -0.940551
0.307692 , 0.666667 , -0.997435
0.307692 , 0.692308 , -1.050788
0.307692 , 0.717949 , -1.100478
0.307692 , 0.743590 , -1.145369
0.307692 , 0.769231 , -1.186753
0.307692 , 0.794872 , -1.225249
0.307692 , 0.820513 , -1.259038
0.307692 , 0.846154 , -1.287448
0.307692 , 0.871795 , -1.311611
0.307692 , 0.897436 , -1.332125
0.307692 , 0.923077 , -1.347309
0.307692 , 0.948718 , -1.359372
0.307692 , 0.974359 , -1.365922
0.307692 , 1.000000 , -1.368458
0.333333 , 0.000000 , 0.163552
0.333333 , 0.025641 , 0.162585
0.333333 , 0.051282 , 0.157674
0.333333 , 0.076923 , 0.147180
0.333333 , 0.102564 , 0.132216
0.333333 , 0.128205 , 0.112433
0.333333 , 0.153846 , 0.087725
0.333333 , 0.179487 , 0.058571
0.333333 , 0.205128 , 0.025831
0.333333 , 0.230769 , -0.012374
0.333333 , 0.256410 , -0.056160
0.333333 , 0.282051 , -0.103777
0.333333 , 0.307692 , -0.154708
0.333333 , 0.333333 , -0.210446
0.333333 , 0.358974 , -0.270180
0.333333 , 0.384615 , -0.332612
0.333333 , 0.410256 , -0.397795
0.333333 , 0.435897 , -0.465869
0.333333 , 0.461538 , -0.534857
0.333333 , 0.487179 , -0.605000
0.333333 , 0.512821 , -0.675904
0.333333 , 0.538462 , -0.747009
0.333333 , 0.564103 , -0.816864
0.333333 , 0.589744 , -0.885105
0.333333 , 0.615385 , -0.951918
0.333333 , 0.641026 , -1.016606
0.333333 , 0.666667 , -1.078745
0.333333 , 0.692308 , -1.136902
0.333333 , 0.717949 , -1.190222
0.333333 , 0.743590 , -1.239383
0.333333 , 0.769231 , -1.285513
0.333333 , 0.794872 , -1.329100
0.333333 , 0.820513 , -1.366868
0.333333 , 0.846154 , -1.398798
0.333333 , 0.871795 , -1.425770
0.333333 , 0.897436 , -1.448011
0.333333 , 0.923077 , -1.464076
0.333333 , 0.948718 , -1.477433
0.333333 , 0.974359 , -1.485304
0.333333 , 1.000000 , -1.488044
0.358974 , 0.000000 , 0.193613
0.358974 , 0.025641 , 0.192172
0.358974 , 0.051282 , 0.186352
0.358974 , 0.076923 , 0.174321
0.358974 , 0.102564 , 0.157647
0.358974 , 0.128205 , 0.135590
0.358974 , 0.153846 , 0.108516
0.358974 , 0.179487 , 0.076062
0.358974 , 0.205128 , 0.039226
0.358974 , 0.230769 , -0.002583
0.358974 , 0.256410 , -0.049587
0.358974 , 0.282051 , -0.101775
0.358974 , 0.307692 , -0.157846
0.358974 , 0.333333 , -0.218247
0.358974 , 0.358974 , -0.283105
0.358974 , 0.384615 , -0.351245
0.358974 , 0.410256 , -0.421327
0.358974 , 0.435897 , -0.494011
0.358974 , 0.461538 , -0.568093
0.358974 , 0.487179 , -0.643320
0.358974 , 0.512821 , -0.719303
0.358974 , 0.538462 , -0.795789
0.358974 , 0.564103 , -0.871321
0.358974 , 0.589744 , -0.945229
0.358974 , 0.615385 , -1.017199
0.358974 , 0.641026 , -1.086209
0.358974 , 0.666667 , -1.153071
0.358974 , 0.692308 , -1.216444
0.358974 , 0.717949 , -1.275309
0.358974 , 0.743590 , -1.329295
0.358974 , 0.769231 , -1.379427
0.358974 , 0.794872 , -1.427396
0.358974 , 0.820513 , -1.469575
0.358974 , 0.846154 , -1.505096
0.358974 , 0.871795 , -1.535225
0.358974 , 0.897436 , -1.559808
0.358974 , 0.923077 , -1.577661
0.358974 , 0.948718 , -1.591499
0.358974 , 0.974359 , -1.600509
0.358974 , 1.000000 , -1.603413
0.384615 , 0.000000 , 0.235221
0.384615 , 0.025641 , 0.232903
0.384615 , 0.051282 , 0.225058
0.384615 , 0.076923 , 0.212114
0.384615 , 0.102564 , 0.193123
0.384615 , 0.128205 , 0.168706
0.384615 , 0.153846 , 0.138901
0.384615 , 0.179487 , 0.103285
0.384615 , 0.205128 , 0.062127
0.384615 , 0.230769 , 0.015899
0.384615 , 0.256410 , -0.035310
0.384615 , 0.282051 , -0.091925
0.384615 , 0.307692 , -0.153028
0.384615 , 0.333333 , -0.218482
0.384615 , 0.358974 , -0.288722
0.384615 , 0.384615 , -0.362587
0.384615 , 0.410256 , -0.438228
0.384615 , 0.435897 , -0.515818
0.384615 , 0.461538 , -0.594971
0.384615 , 0.487179 , -0.675727
0.384615 , 0.512821 , -0.757209
0.384615 , 0.538462 , -0.839235
0.384615 , 0.564103 , -0.920598
0.384615 , 0.589744 , -1.000481
0.384615 , 0.615385 , -1.077460
0.384615 , 0.641026 , -1.151663
0.384615 , 0.666667 , -1.223608
0.384615 , 0.692308 , -1.292242
0.384615 , 0.717949 , -1.356524
0.384615 , 0.743590 , -1.415656
0.384615 , 0.769231 , -1.470118
0.384615 , 0.794872 , -1.521516
0.384615 , 0.820513 , -1.567397
0.384615 , 0.846154 , -1.606183
0.384615 , 0.871795 , -1.639699
0.384615 , 0.897436 , -1.667293
0.384615 , 0.923077 , -1.687732
0.384615 , 0.948718 , -1.702611
0.384615 , 0.974359 , -1.712843
0.384615 , 1.000000 , -1.716157
0.410256 , 0.000000 , 0.286261
0.410256 , 0.025641 , 0.283625
0.410256 , 0.051282 , 0.274574
0.410256 , 0.076923 , 0.259593
0.410256 , 0.102564 , 0.238749
0.410256 , 0.128205 , 0.211410
0.410256 , 0.153846 , 0.178556
0.410256 , 0.179487 , 0.139405
0.410256 , 0.205128 , 0.093809
0.410256 , 0.230769 , 0.042530
0.410256 , 0.256410 , -0.013288
0.410256 , 0.282051 , -0.074389
0.410256 , 0.307692 , -0.140688
0.410256 , 0.333333 , -0.211194
0.410256 , 0.358974 , -0.286496
0.410256 , 0.384615 , -0.365582
0.410256 , 0.410256 , -0.447301
0.410256 , 0.435897 , -0.530845
0.410256 , 0.461538 , -0.616174
0.410256 , 0.487179 , -0.703202
0.410256 , 0.512821 , -0.790373
0.410256 , 0.538462 , -0.878104
0.410256 , 0.564103 , -0.965718
0.410256 , 0.589744 , -1.051506
0.410256 , 0.615385 , -1.134421
0.410256 , 0.641026 , -1.213973
0.410256 , 0.666667 , -1.291196
0.410256 , 0.692308 , -1.365555
0.410256 , 0.717949 , -1.434721
0.410256 , 0.743590 , -1.498749
0.410256 , 0.769231 , -1.558430
0.410256 , 0.794872 , -1.613875
0.410256 , 0.820513 , -1.662882
0.410256 , 0.846154 , -1.704944
0.410256 , 0.871795 , -1.741516
0.410256 , 0.897436 , -1.772168
0.410256 , 0.923077 , -1.795374
0.410256 , 0.948718 , -1.812182
0.410256 , 0.974359 , -1.822588
0.410256 , 1.000000 , -1.826258
0.435897 , 0.000000 , 0.346507
0.435897 , 0.025641 , 0.343650
0.435897 , 0.051282 , 0.333630
0.435897 , 0.076923 , 0.317515
0.435897 , 0.102564 , 0.294203
0.435897 , 0.128205 , 0.263885
0.435897 , 0.153846 , 0.227680
0.435897 , 0.179487 , 0.184380
0.435897 , 0.205128 , 0.134077
0.435897 , 0.230769 , 0.077823
0.435897 , 0.256410 , 0.017356
0.435897 , 0.282051 , -0.048711
0.435897 , 0.307692 , -0.121210
0.435897 , 0.333333 , -0.197810
0.435897 , 0.358974 , -0.278260
0.435897 , 0.384615 , -0.362557
0.435897 , 0.410256 , -0.450275
0.435897 , 0.435897 , -0.539858
0.435897 , 0.461538 , -0.631781
0.435897 , 0.487179 , -0.725086
0.435897 , 0.512821 , -0.819080
0.435897 , 0.538462 , -0.912888
0.435897 , 0.564103 , -1.006539
0.435897 , 0.589744 , -1.098839
0.435897 , 0.615385 , -1.188431
0.435897 , 0.641026 , -1.274442
0.435897 , 0.666667 , -1.357297
0.435897 , 0.692308 , -1.436432
0.435897 , 0.717949 , -1.511486
0.435897 , 0.743590 , -1.581070
0.435897 , 0.769231 , -1.645565
0.435897 , 0.794872 , -1.704996
0.435897 , 0.820513 , -1.757176
0.435897 , 0.846154 , -1.802454
0.435897 , 0.871795 , -1.842807
0.435897 , 0.897436 , -1.876367
0.435897 , 0.923077 , -1.902126
0.435897 , 0.948718 , -1.920324
0.435897 , 0.974359 , -1.930947
0.435897 , 1.000000 , -1.934313
0.461538 , 0.000000 , 0.418244
0.461538 , 0.025641 , 0.414107
0.461538 , 0.051282 , 0.403067
0.461538 , 0.076923 , 0.384974
0.461538 , 0.102564 , 0.359286
0.461538 , 0.128205 , 0.326509
0.461538 , 0.153846 , 0.286579
0.461538 , 0.179487 , 0.238770
0.461538 , 0.205128 , 0.183994
0.461538 , 0.230769 , 0.122804
0.461538 , 0.256410 , 0.056703
0.461538 , 0.282051 , -0.015085
0.461538 , 0.307692 , -0.093294
0.461538 , 0.333333 , -0.176917
0.461538 , 0.358974 , -0.263601
0.461538 , 0.384615 , -0.353630
0.461538 , 0.410256 , -0.447247
0.461538 , 0.435897 , -0.543514
0.461538 , 0.461538 , -0.642375
0.461538 , 0.487179 , -0.742763
0.461538 , 0.512821 , -0.843417
0.461538 , 0.538462 , -0.944393
0.461538 , 0.564103 , -1.044369
0.461538 , 0.589744 , -1.143069
0.461538 , 0.615385 , -1.240035
0.461538 , 0.641026 , -1.332959
0.461538 , 0.666667 , -1.422131
0.461538 , 0.692308 , -1.507145
0.461538 , 0.717949 , -1.587370
0.461538 , 0.743590 , -1.663067
0.461538 , 0.769231 , -1.733202
0.461538 , 0.794872 , -1.796796
0.461538 , 0.820513 , -1.852929
0.461538 , 0.846154 , -1.901668
0.461538 , 0.871795 , -1.944556
0.461538 , 0.897436 , -1.981194
0.461538 , 0.923077 , -2.008978
0.461538 , 0.948718 , -2.028292
0.461538 , 0.974359 , -2.039777
0.461538 , 1.000000 , -2.042508
0.487179 , 0.000000 , 0.499777
0.487179 , 0.025641 , 0.495414
0.487179 , 0.051282 , 0.482740
0.487179 , 0.076923 , 0.462555
0.487179 , 0.102564 , 0.434573
0.487179 , 0.128205 , 0.398820
0.487179 , 0.153846 , 0.354681
0.487179 , 0.179487 , 0.302532
0.487179 , 0.205128 , 0.243835
0.487179 , 0.230769 , 0.178821
0.487179 , 0.256410 , 0.106396
0.487179 , 0.282051 , 0.028429
0.487179 , 0.307692 , -0.055596
0.487179 , 0.333333 , -0.146017
0.487179 , 0.358974 , -0.240061
0.487179 , 0.384615 , -0.337355
0.487179 , 0.410256 , -0.438028
0.487179 , 0.435897 , -0.541443
0.487179 , 0.461538 , -0.647959
0.487179 , 0.487179 , -0.756088
0.487179 , 0.512821 , -0.864432
0.487179 , 0.538462 , -0.972870
0.487179 , 0.564103 , -1.080638
0.487179 , 0.589744 , -1.186837
0.487179 , 0.615385 , -1.290670
0.487179 , 0.641026 , -1.390953
0.487179 , 0.666667 , -1.486486
0.487179 , 0.692308 , -1.577738
0.487179 , 0.717949 , -1.664655
0.487179 , 0.743590 , -1.745662
0.487179 , 0.769231 , -1.820990
0.487179 , 0.794872 , -1.889284
0.487179 , 0.820513 , -1.950303
0.487179 , 0.846154 , -2.002987
0.487179 , 0.871795 , -2.048033
0.487179 , 0.897436 , -2.087073
0.487179 , 0.923077 , -2.117208
0.487179 , 0.948718 , -2.138036
0.487179 , 0.974359 , -2.150322
0.487179 , 1.000000 , -2.153299
0.512821 , 0.000000 , 0.592159
0.512821 , 0.025641 , 0.587498
0.512821 , 0.051282 , 0.573813
0.512821 , 0.076923 , 0.551279
0.512821 , 0.102564 , 0.520565
0.512821 , 0.128205 , 0.481186
0.512821 , 0.153846 , 0.433047
0.512821 , 0.179487 , 0.376923
0.512821 , 0.205128 , 0.313806
0.512821 , 0.230769 , 0.243819
0.512821 , 0.256410 , 0.166169
0.512821 , 0.282051 , 0.081531
0.512821 , 0.307692 , -0.009256
0.512821 , 0.333333 , -0.106259
0.512821 , 0.358974 , -0.208066
0.512821 , 0.384615 , -0.313376
0.512821 , 0.410256 , -0.422426
0.512821 , 0.435897 , -0.534361
0.512821 , 0.461538 , -0.649000
0.512821 , 0.487179 , -0.765608
0.512821 , 0.512821 , -0.882435
0.512821 , 0.538462 , -0.999501
0.512821 , 0.564103 , -1.115364
0.512821 , 0.589744 , -1.229912
0.512821 , 0.615385 , -1.341764
0.512821 , 0.641026 , -1.448949
0.512821 , 0.666667 , -1.551458
0.512821 , 0.692308 , -1.649704
0.512821 , 0.717949 , -1.742966
0.512821 , 0.743590 , -1.830023
0.512821 , 0.769231 , -1.910409
0.512821 , 0.794872 , -1.983466
0.512821 , 0.820513 , -2.048772
0.512821 , 0.846154 , -2.106673
0.512821 , 0.871795 , -2.154478
0.512821 , 0.897436 , -2.195399
0.512821 , 0.923077 , -2.227657
0.512821 , 0.948718 , -2.249913
0.512821 , 0.974359 , -2.263699
0.512821 , 1.000000 , -2.267373
0.538462 , 0.000000 , 0.695697
0.538462 , 0.025641 , 0.690915
0.538462 , 0.051282 , 0.676411
0.538462 , 0.076923 , 0.651690
0.538462 , 0.102564 , 0.617972
0.538462 , 0.128205 , 0.575133
0.538462 , 0.153846 , 0.523309
0.538462 , 0.179487 , 0.463193
0.538462 , 0.205128 , 0.395034
0.538462 , 0.230769 , 0.319311
0.538462 , 0.256410 , 0.235970
0.538462 , 0.282051 , 0.144205
0.538462 , 0.307692 , 0.045976
0.538462 , 0.333333 , -0.058578
0.538462 , 0.358974 , -0.168307
0.538462 , 0.384615 , -0.282327
0.538462 , 0.410256 , -0.400298
0.538462 , 0.435897 , -0.521734
0.538462 , 0.461538 , -0.645650
0.538462 , 0.487179 , -0.771513
0.538462 , 0.512821 , -0.898233
0.538462 , 0.538462 , -1.024445
0.538462 , 0.564103 , -1.149630
0.538462 , 0.589744 , -1.273002
0.538462 , 0.615385 , -1.393337
0.538462 , 0.641026 , -1.508656
0.538462 , 0.666667 , -1.619170
0.538462 , 0.692308 , -1.724652
0.538462 , 0.717949 , -1.824876
0.538462 , 0.743590 , -1.917623
0.538462 , 0.769231 , -2.002716
0.538462 , 0.794872 , -2.080405
0.538462 , 0.820513 , -2.150918
0.538462 , 0.846154 , -2.213207
0.538462 , 0.871795 , -2.265148
0.538462 , 0.897436 , -2.307647
0.538462 , 0.923077 , -2.341741
0.538462 , 0.948718 , -2.366307
0.538462 , 0.974359 , -2.380968
0.538462 , 1.000000 , -2.385393
0.564103 , 0.000000 , 0.811318
0.564103 , 0.025641 , 0.806078
0.564103 , 0.051282 , 0.790159
0.564103 , 0.076923 , 0.763362
0.564103 , 0.102564 , 0.726611
0.564103 , 0.128205 , 0.680478
0.564103 , 0.153846 , 0.625609
0.564103 , 0.179487 , 0.561931
0.564103 , 0.205128 , 0.488575
0.564103 , 0.230769 , 0.406167
0.564103 , 0.256410 , 0.316160
0.564103 , 0.282051 , 0.216977
0.564103 , 0.307692 , 0.110798
0.564103 , 0.333333 , -0.001939
0.564103 , 0.358974 , -0.120476
0.564103 , 0.384615 , -0.244083
0.564103 , 0.410256 , -0.372387
0.564103 , 0.435897 , -0.503960
0.564103 , 0.461538 , -0.638739
0.564103 , 0.487179 , -0.775378
0.564103 , 0.512821 , -0.912741
0.564103 , 0.538462 , -1.049799
0.564103 , 0.564103 , -1.184855
0.564103 , 0.589744 , -1.317717
0.564103 , 0.615385 , -1.447043
0.564103 , 0.641026 , -1.571547
0.564103 , 0.666667 , -1.690236
0.564103 , 0.692308 , -1.803730
0.564103 , 0.717949 , -1.911116
0.564103 , 0.743590 , -2.010129
0.564103 , 0.769231 , -2.100855
0.564103 , 0.794872 , -2.183019
0.564103 , 0.820513 , -2.257512
0.564103 , 0.846154 , -2.323427
0.564103 , 0.871795 , -2.379425
0.564103 , 0.897436 , -2.425877
0.564103 , 0.923077 , -2.462365
0.564103 , 0.948718 , -2.488320
0.564103 , 0.974359 , -2.503450
0.564103 , 1.000000 , -2.508516
0.589744 , 0.000000 , 0.938424
0.589744 , 0.025641 , 0.933109
0.589744 , 0.051282 , 0.915791
0.589744 , 0.076923 , 0.887439
0.589744 , 0.102564 , 0.848981
0.589744 , 0.128205 , 0.799728
0.589744 , 0.153846 , 0.740455
0.589744 , 0.179487 , 0.672340
0.589744 , 0.205128 , 0.593757
0.589744 , 0.230769 , 0.504821
0.589744 , 0.256410 , 0.407162
0.589744 , 0.282051 , 0.300300
0.589744 , 0.307692 , 0.185971
0.589744 , 0.333333 , 0.063831
0.589744 , 0.358974 , -0.064270
0.589744 , 0.384615 , -0.198850
0.589744 , 0.410256 , -0.338150
0.589744 , 0.435897 , -0.481865
0.589744 , 0.461538 , -0.628469
0.589744 , 0.487179 , -0.776765
0.589744 , 0.512821 , -0.926579
0.589744 , 0.538462 , -1.075604
0.589744 , 0.564103 , -1.222270
0.589744 , 0.589744 , -1.365640
0.589744 , 0.615385 , -1.504765
0.589744 , 0.641026 , -1.638727
0.589744 , 0.666667 , -1.766737
0.589744 , 0.692308 , -1.888135
0.589744 , 0.717949 , -2.003003
0.589744 , 0.743590 , -2.109380
0.589744 , 0.769231 , -2.205854
0.589744 , 0.794872 , -2.293005
0.589744 , 0.820513 , -2.371888
0.589744 , 0.846154 , -2.441482
0.589744 , 0.871795 , -2.500524
0.589744 , 0.897436 , -2.550424
0.589744 , 0.923077 , -2.589361
0.589744 , 0.948718 , -2.616506
0.589744 , 0.974359 , -2.632195
0.589744 , 1.000000 , -2.637500
0.615385 , 0.000000 , 1.078169
0.615385 , 0.025641 , 1.072275
0.615385 , 0.051282 , 1.054215
0.615385 , 0.076923 , 1.024249
0.615385 , 0.102564 , 0.984327
0.615385 , 0.128205 , 0.932166
0.615385 , 0.153846 , 0.868375
0.615385 , 0.179487 , 0.795259
0.615385 , 0.205128 , 0.710605
0.615385 , 0.230769 , 0.615767
0.615385 , 0.256410 , 0.511054
0.615385 , 0.282051 , 0.396125
0.615385 , 0.307692 , 0.272719
0.615385 , 0.333333 , 0.139844
0.615385 , 0.358974 , 0.000721
0.615385 , 0.384615 , -0.145815
0.615385 , 0.410256 , -0.297902
0.615385 , 0.435897 , -0.454946
0.615385 , 0.461538 , -0.615555
0.615385 , 0.487179 , -0.777040
0.615385 , 0.512821 , -0.939651
0.615385 , 0.538462 , -1.101762
0.615385 , 0.564103 , -1.260852
0.615385 , 0.589744 , -1.415980
0.615385 , 0.615385 , -1.566887
0.615385 , 0.641026 , -1.711243
0.615385 , 0.666667 , -1.850331
0.615385 , 0.692308 , -1.980878
0.615385 , 0.717949 , -2.102577
0.615385 , 0.743590 , -2.216353
0.615385 , 0.769231 , -2.319484
0.615385 , 0.794872 , -2.411854
0.615385 , 0.820513 , -2.495054
0.615385 , 0.846154 , -2.568404
0.615385 , 0.871795 , -2.630560
0.615385 , 0.897436 , -2.682360
0.615385 , 0.923077 , -2.723347
0.615385 , 0.948718 , -2.751946
0.615385 , 0.974359 , -2.768547
0.615385 , 1.000000 , -2.773941
0.641026 , 0.000000 , 1.231397
0.641026 , 0.025641 , 1.224999
0.641026 , 0.051282 , 1.206106
0.641026 , 0.076923 , 1.174749
0.641026 , 0.102564 , 1.132496
0.641026 , 0.128205 , 1.077291
0.641026 , 0.153846 , 1.010614
0.641026 , 0.179487 , 0.932346
0.641026 , 0.205128 , 0.841732
0.641026 , 0.230769 , 0.740446
0.641026 , 0.256410 , 0.627871
0.641026 , 0.282051 , 0.504718
0.641026 , 0.307692 , 0.371263
0.641026 , 0.333333 , 0.226908
0.641026 , 0.358974 , 0.074775
0.641026 , 0.384615 , -0.084647
0.641026 , 0.410256 , -0.250879
0.641026 , 0.435897 , -0.422739
0.641026 , 0.461538 , -0.598154
0.641026 , 0.487179 , -0.774466
0.641026 , 0.512821 , -0.951648
0.641026 , 0.538462 , -1.127992
0.641026 , 0.564103 , -1.301310
0.641026 , 0.589744 , -1.469743
0.641026 , 0.615385 , -1.633518
0.641026 , 0.641026 , -1.790341
0.641026 , 0.666667 , -1.940389
0.641026 , 0.692308 , -2.081019
0.641026 , 0.717949 , -2.211794
0.641026 , 0.743590 , -2.332701
0.641026 , 0.769231 , -2.442789
0.641026 , 0.794872 , -2.540987
0.641026 , 0.820513 , -2.628631
0.641026 , 0.846154 , -2.705688
0.641026 , 0.871795 , -2.770382
0.641026 , 0.897436 , -2.824134
0.641026 , 0.923077 , -2.866912
0.641026 , 0.948718 , -2.896789
0.641026 , 0.974359 , -2.914029
0.641026 , 1.000000 , -2.919812
0.666667 , 0.000000 , 1.397571
0.666667 , 0.025641 , 1.390852
0.666667 , 0.051282 , 1.371302
0.666667 , 0.076923 , 1.339089
0.666667 , 0.102564 , 1.294699
0.666667 , 0.128205 , 1.237053
0.666667 , 0.153846 , 1.167032
0.666667 , 0.179487 , 1.084395
0.666667 , 0.205128 , 0.987838
0.666667 , 0.230769 , 0.879693
0.666667 , 0.256410 , 0.760029
0.666667 , 0.282051 , 0.627220
0.666667 , 0.307692 , 0.482681
0.666667 , 0.333333 , 0.326043
0.666667 , 0.358974 , 0.159775
0.666667 , 0.384615 , -0.014488
0.666667 , 0.410256 , -0.196170
0.666667 , 0.435897 , -0.384110
0.666667 , 0.461538 , -0.576062
0.666667 , 0.487179 , -0.769466
0.666667 , 0.512821 , -0.963272
0.666667 , 0.538462 , -1.156050
0.666667 , 0.564103 , -1.345036
0.666667 , 0.589744 , -1.528945
0.666667 , 0.615385 , -1.707425
0.666667 , 0.641026 , -1.878165
0.666667 , 0.666667 , -2.040124
0.666667 , 0.692308 , -2.191501
0.666667 , 0.717949 , -2.331907
0.666667 , 0.743590 , -2.460840
0.666667 , 0.769231 , -2.577073
0.666667 , 0.794872 , -2.681041
0.666667 , 0.820513 , -2.772329
0.666667 , 0.846154 , -2.853197
0.666667 , 0.871795 , -2.921225
0.666667 , 0.897436 , -2.976330
0.666667 , 0.923077 , -3.020639
0.666667 , 0.948718 , -3.051451
0.666667 , 0.974359 , -3.069666
0.666667 , 1.000000 , -3.075064
0.692308 , 0.000000 , 1.576643
0.692308 , 0.025641 , 1.569669
0.692308 , 0.051282 , 1.549469
0.692308 , 0.076923 , 1.516721
0.692308 , 0.102564 , 1.471111
0.692308 , 0.128205 , 1.411614
0.692308 , 0.153846 , 1.338932
0.692308 , 0.179487 , 1.251540
0.692308 , 0.205128 , 1.149040
0.692308 , 0.230769 , 1.033605
0.692308 , 0.256410 , 0.905878
0.692308 , 0.282051 , 0.763289
0.692308 , 0.307692 , 0.607185
0.692308 , 0.333333 , 0.438048
0.692308 , 0.358974 , 0.256809
0.692308 , 0.384615 , 0.066027
0.692308 , 0.410256 , -0.132857
0.692308 , 0.435897 , -0.338925
0.692308 , 0.461538 , -0.549071
0.692308 , 0.487179 , -0.761543
0.692308 , 0.512821 , -0.974271
0.692308 , 0.538462 , -1.185995
0.692308 , 0.564103 , -1.393156
0.692308 , 0.589744 , -1.594231
0.692308 , 0.615385 , -1.789042
0.692308 , 0.641026 , -1.975309
0.692308 , 0.666667 , -2.151308
0.692308 , 0.692308 , -2.315040
0.692308 , 0.717949 , -2.465771
0.692308 , 0.743590 , -2.602973
0.692308 , 0.769231 , -2.726035
0.692308 , 0.794872 , -2.835238
0.692308 , 0.820513 , -2.929608
0.692308 , 0.846154 , -3.012666
0.692308 , 0.871795 , -3.083542
0.692308 , 0.897436 , -3.140756
0.692308 , 0.923077 , -3.185150
0.692308 , 0.948718 , -3.216928
0.692308 , 0.974359 , -3.235256
0.692308 , 1.000000 , -3.240404
0.717949 , 0.000000 , 1.768758
0.717949 , 0.025641 , 1.761779
0.717949 , 0.051282 , 1.741419
0.717949 , 0.076923 , 1.708526
0.717949 , 0.102564 , 1.662646
0.717949 , 0.128205 , 1.601831
0.717949 , 0.153846 , 1.526134
0.717949 , 0.179487 , 1.434804
0.717949 , 0.205128 , 1.327152
0.717949 , 0.230769 , 1.205635
0.717949 , 0.256410 , 1.069563
0.717949 , 0.282051 , 0.917203
0.717949 , 0.307692 , 0.747586
0.717949 , 0.333333 , 0.564126
0.717949 , 0.358974 , 0.366132
0.717949 , 0.384615 , 0.157547
0.717949 , 0.410256 , -0.060245
0.717949 , 0.435897 , -0.286056
0.717949 , 0.461538 , -0.516914
0.717949 , 0.487179 , -0.750694
0.717949 , 0.512821 , -0.984964
0.717949 , 0.538462 , -1.217842
0.717949 , 0.564103 , -1.446324
0.717949 , 0.589744 , -1.667546
0.717949 , 0.615385 , -1.880717
0.717949 , 0.641026 , -2.083680
0.717949 , 0.666667 , -2.274766
0.717949 , 0.692308 , -2.452355
0.717949 , 0.717949 , -2.614534
0.717949 , 0.743590 , -2.761440
0.717949 , 0.769231 , -2.891994
0.717949 , 0.794872 , -3.005548
0.717949 , 0.820513 , -3.103592
0.717949 , 0.846154 , -3.188551
0.717949 , 0.871795 , -3.260669
0.717949 , 0.897436 , -3.318974
0.717949 , 0.923077 , -3.363733
0.717949 , 0.948718 , -3.395420
0.717949 , 0.974359 , -3.413888
0.717949 , 1.000000 , -3.419013
0.743590 , 0.000000 , 1.974464
0.743590 , 0.025641 , 1.967550
0.743590 , 0.051282 , 1.947717
0.743590 , 0.076923 , 1.915268
0.743590 , 0.102564 , 1.869375
0.743590 , 0.128205 , 1.807807
0.743590 , 0.153846 , 1.730310
0.743590 , 0.179487 , 1.636227
0.743590 , 0.205128 , 1.524801
0.743590 , 0.230769 , 1.397955
0.743590 , 0.256410 , 1.252189
0.743590 , 0.282051 , 1.088149
0.743590 , 0.307692 , 0.905115
0.743590 , 0.333333 , 0.705755
0.743590 , 0.358974 , 0.491048
0.743590 , 0.384615 , 0.262888
0.743590 , 0.410256 , 0.023768
0.743590 , 0.435897 , -0.224566
0.743590 , 0.461538 , -0.478902
0.743590 , 0.487179 , -0.736826
0.743590 , 0.512821 , -0.995852
0.743590 , 0.538462 , -1.252595
0.743590 , 0.564103 , -1.504491
0.743590 , 0.589744 , -1.748488
0.743590 , 0.615385 , -1.981775
0.743590 , 0.641026 , -2.204122
0.743590 , 0.666667 , -2.413186
0.743590 , 0.692308 , -2.604957
0.743590 , 0.717949 , -2.780465
0.743590 , 0.743590 , -2.936798
0.743590 , 0.769231 , -3.075033
0.743590 , 0.794872 , -3.193924
0.743590 , 0.820513 , -3.295662
0.743590 , 0.846154 , -3.383636
0.743590 , 0.871795 , -3.456318
0.743590 , 0.897436 , -3.514046
0.743590 , 0.923077 , -3.557680
0.743590 , 0.948718 , -3.587820
0.743590 , 0.974359 , -3.605466
0.743590 , 1.000000 , -3.611259
0.769231 , 0.000000 , 2.192760
0.769231 , 0.025641 , 2.186317
0.769231 , 0.051282 , 2.167386
0.769231 , 0.076923 , 2.136041
0.769231 , 0.102564 , 2.091076
0.769231 , 0.128205 , 2.030448
0.769231 , 0.153846 , 1.953338
0.769231 , 0.179487 , 1.857599
0.769231 , 0.205128 , 1.742759
0.769231 , 0.230769 , 1.609930
0.769231 , 0.256410 , 1.455285
0.769231 , 0.282051 , 1.278559
0.769231 , 0.307692 , 1.081051
0.769231 , 0.333333 , 0.864756
0.769231 , 0.358974 , 0.631582
0.769231 , 0.384615 , 0.382008
0.769231 , 0.410256 , 0.119411
0.769231 , 0.435897 , -0.154044
0.769231 , 0.461538 , -0.435099
0.769231 , 0.487179 , -0.720575
0.769231 , 0.512821 , -1.007666
0.769231 , 0.538462 , -1.291847
0.769231 , 0.564103 , -1.569814
0.769231 , 0.589744 , -1.839220
0.769231 , 0.615385 , -2.096698
0.769231 , 0.641026 , -2.339959
0.769231 , 0.666667 , -2.567380
0.769231 , 0.692308 , -2.775425
0.769231 , 0.717949 , -2.964264
0.769231 , 0.743590 , -3.131487
0.769231 , 0.769231 , -3.277860
0.769231 , 0.794872 , -3.402610
0.769231 , 0.820513 , -3.507695
0.769231 , 0.846154 , -3.597011
0.769231 , 0.871795 , -3.668981
0.769231 , 0.897436 , -3.724726
0.769231 , 0.923077 , -3.765703
0.769231 , 0.948718 , -3.794157
0.769231 , 0.974359 , -3.810493
0.769231 , 1.000000 , -3.816205
0.794872 , 0.000000 , 2.422403
0.794872 , 0.025641 , 2.417200
0.794872 , 0.051282 , 2.400309
0.794872 , 0.076923 , 2.371085
0.794872 , 0.102564 , 2.329003
0.794872 , 0.128205 , 2.271144
0.794872 , 0.153846 , 2.195691
0.794872 , 0.179487 , 2.100236
0.794872 , 0.205128 , 1.982937
0.794872 , 0.230769 , 1.843536
0.794872 , 0.256410 , 1.679842
0.794872 , 0.282051 , 1.491081
0.794872 , 0.307692 , 1.278864
0.794872 , 0.333333 , 1.044909
0.794872 , 0.358974 , 0.790110
0.794872 , 0.384615 , 0.515468
0.794872 , 0.410256 , 0.225307
0.794872 , 0.435897 , -0.076537
0.794872 , 0.461538 , -0.387187
0.794872 , 0.487179 , -0.703725
0.794872 , 0.512821 , -1.021835
0.794872 , 0.538462 , -1.337098
0.794872 , 0.564103 , -1.644539
0.794872 , 0.589744 , -1.942125
0.794872 , 0.615385 , -2.226016
0.794872 , 0.641026 , -2.493225
0.794872 , 0.666667 , -2.741292
0.794872 , 0.692308 , -2.967165
0.794872 , 0.717949 , -3.169854
0.794872 , 0.743590 , -3.348480
0.794872 , 0.769231 , -3.502572
0.794872 , 0.794872 , -3.632866
0.794872 , 0.820513 , -3.740101
0.794872 , 0.846154 , -3.828187
0.794872 , 0.871795 , -3.898742
0.794872 , 0.897436 , -3.951114
0.794872 , 0.923077 , -3.988802
0.794872 , 0.948718 , -4.014156
0.794872 , 0.974359 , -4.028434
0.794872 , 1.000000 , -4.032796
0.820513 , 0.000000 , 2.663223
0.820513 , 0.025641 , 2.658814
0.820513 , 0.051282 , 2.645251
0.820513 , 0.076923 , 2.621084
0.820513 , 0.102564 , 2.583640
0.820513 , 0.128205 , 2.531112
0.820513 , 0.153846 , 2.459317
0.820513 , 0.179487 , 2.365079
0.820513 , 0.205128 , 2.247089
0.820513 , 0.230769 , 2.102680
0.820513 , 0.256410 , 1.930584
0.820513 , 0.282051 , 1.729828
0.820513 , 0.307692 , 1.501653
0.820513 , 0.333333 , 1.247941
0.820513 , 0.358974 , 0.969504
0.820513 , 0.384615 , 0.667002
0.820513 , 0.410256 , 0.346231
0.820513 , 0.435897 , 0.011777
0.820513 , 0.461538 , -0.333163
0.820513 , 0.487179 , -0.684267
0.820513 , 0.512821 , -1.037527
0.820513 , 0.538462 , -1.388340
0.820513 , 0.564103 , -1.730763
0.820513 , 0.589744 , -2.060638
0.820513 , 0.615385 , -2.373630
0.820513 , 0.641026 , -2.666961
0.820513 , 0.666667 , -2.937528
0.820513 , 0.692308 , -3.183352
0.820513 , 0.717949 , -3.401229
0.820513 , 0.743590 , -3.590787
0.820513 , 0.769231 , -3.752682
0.820513 , 0.794872 , -3.886826
0.820513 , 0.820513 , -3.995094
0.820513 , 0.846154 , -4.080372
0.820513 , 0.871795 , -4.146228
0.820513 , 0.897436 , -4.193525
0.820513 , 0.923077 , -4.226560
0.820513 , 0.948718 , -4.247540
0.820513 , 0.974359 , -4.258493
0.820513 , 1.000000 , -4.261708
0.846154 , 0.000000 , 2.912222
0.846154 , 0.025641 , 2.909342
0.846154 , 0.051282 , 2.900427
0.846154 , 0.076923 , 2.883664
0.846154 , 0.102564 , 2.854528
0.846154 , 0.128205 , 2.809719
0.846154 , 0.153846 , 2.744580
0.846154 , 0.179487 , 2.654069
0.846154 , 0.205128 , 2.537460
0.846154 , 0.230769 , 2.390548
0.846154 , 0.256410 , 2.211601
0.846154 , 0.282051 , 1.998859
0.846154 , 0.307692 , 1.752999
0.846154 , 0.333333 , 1.477119
0.846154 , 0.358974 , 1.171679
0.846154 , 0.384615 , 0.838839
0.846154 , 0.410256 , 0.484383
0.846154 , 0.435897 , 0.113477
0.846154 , 0.461538 , -0.270467
0.846154 , 0.487179 , -0.662264
0.846154 , 0.512821 , -1.056011
0.846154 , 0.538462 , -1.446718
0.846154 , 0.564103 , -1.827977
0.846154 , 0.589744 , -2.194771
0.846154 , 0.615385 , -2.541529
0.846154 , 0.641026 , -2.864655
0.846154 , 0.666667 , -3.160469
0.846154 , 0.692308 , -3.427007
0.846154 , 0.717949 , -3.662100
0.846154 , 0.743590 , -3.863516
0.846154 , 0.769231 , -4.032983
0.846154 , 0.794872 , -4.170174
0.846154 , 0.820513 , -4.277590
0.846154 , 0.846154 , -4.358479
0.846154 , 0.871795 , -4.416157
0.846154 , 0.897436 , -4.454303
0.846154 , 0.923077 , -4.478501
0.846154 , 0.948718 , -4.492777
0.846154 , 0.974359 , -4.499023
0.846154 , 1.000000 , -4.501150
0.871795 , 0.000000 , 3.165386
0.871795 , 0.025641 , 3.165558
0.871795 , 0.051282 , 3.164447
0.871795 , 0.076923 , 3.158066
0.871795 , 0.102564 , 3.141579
0.871795 , 0.128205 , 3.109476
0.871795 , 0.153846 , 3.054736
0.871795 , 0.179487 , 2.972216
0.871795 , 0.205128 , 2.858893
0.871795 , 0.230769 , 2.711143
0.871795 , 0.256410 , 2.526465
0.871795 , 0.282051 , 2.301521
0.871795 , 0.307692 , 2.036491
0.871795 , 0.333333 , 1.736054
0.871795 , 0.358974 , 1.401508
0.871795 , 0.384615 , 1.035075
0.871795 , 0.410256 , 0.642710
0.871795 , 0.435897 , 0.230077
0.871795 , 0.461538 , -0.198145
0.871795 , 0.487179 , -0.635889
0.871795 , 0.512821 , -1.075966
0.871795 , 0.538462 , -1.512641
0.871795 , 0.564103 , -1.939265
0.871795 , 0.589744 , -2.347960
0.871795 , 0.615385 , -2.733300
0.871795 , 0.641026 , -3.090172
0.871795 , 0.666667 , -3.414253
0.871795 , 0.692308 , -3.703329
0.871795 , 0.717949 , -3.955758
0.871795 , 0.743590 , -4.170172
0.871795 , 0.769231 , -4.346451
0.871795 , 0.794872 , -4.485324
0.871795 , 0.820513 , -4.588852
0.871795 , 0.846154 , -4.661020
0.871795 , 0.871795 , -4.706878
0.871795 , 0.897436 , -4.732310
0.871795 , 0.923077 , -4.743973
0.871795 , 0.948718 , -4.748163
0.871795 , 0.974359 , -4.747696
0.871795 , 1.000000 , -4.747308
0.897436 , 0.000000 , 3.420031
0.897436 , 0.025641 , 3.423851
0.897436 , 0.051282 , 3.433813
0.897436 , 0.076923 , 3.443499
0.897436 , 0.102564 , 3.444957
0.897436 , 0.128205 , 3.430791
0.897436 , 0.153846 , 3.392184
0.897436 , 0.179487 , 3.322587
0.897436 , 0.205128 , 3.216868
0.897436 , 0.230769 , 3.070412
0.897436 , 0.256410 , 2.879720
0.897436 , 0.282051 , 2.642760
0.897436 , 0.307692 , 2.359351
0.897436 , 0.333333 , 2.032151
0.897436 , 0.358974 , 1.664730
0.897436 , 0.384615 , 1.260113
0.897436 , 0.410256 , 0.824266
0.897436 , 0.435897 , 0.363911
0.897436 , 0.461538 , -0.116005
0.897436 , 0.487179 , -0.606858
0.897436 , 0.512821 , -1.100578
0.897436 , 0.538462 , -1.589396
0.897436 , 0.564103 , -2.066020
0.897436 , 0.589744 , -2.522682
0.897436 , 0.615385 , -2.951795
0.897436 , 0.641026 , -3.347330
0.897436 , 0.666667 , -3.704431
0.897436 , 0.692308 , -4.020240
0.897436 , 0.717949 , -4.291839
0.897436 , 0.743590 , -4.517834
0.897436 , 0.769231 , -4.698452
0.897436 , 0.794872 , -4.835920
0.897436 , 0.820513 , -4.932487
0.897436 , 0.846154 , -4.992502
0.897436 , 0.871795 , -5.022073
0.897436 , 0.897436 , -5.029209
0.897436 , 0.923077 , -5.022770
0.897436 , 0.948718 , -5.010896
0.897436 , 0.974359 , -5.000149
0.897436 , 1.000000 , -4.995688
0.923077 , 0.000000 , 3.667165
0.923077 , 0.025641 , 3.676793
0.923077 , 0.051282 , 3.703422
0.923077 , 0.076923 , 3.736560
0.923077 , 0.102564 , 3.764505
0.923077 , 0.128205 , 3.776905
0.923077 , 0.153846 , 3.762072
0.923077 , 0.179487 , 3.710210
0.923077 , 0.205128 , 3.616057
0.923077 , 0.230769 , 3.474229
0.923077 , 0.256410 , 3.279783
0.923077 , 0.282051 , 3.030507
0.923077 , 0.307692 , 2.727110
0.923077 , 0.333333 , 2.371423
0.923077 , 0.358974 , 1.966965
0.923077 , 0.384615 , 1.518310
0.923077 , 0.410256 , 1.032351
0.923077 , 0.435897 , 0.516541
0.923077 , 0.461538 , -0.021665
0.923077 , 0.487179 , -0.573200
0.923077 , 0.512821 , -1.128776
0.923077 , 0.538462 , -1.679079
0.923077 , 0.564103 , -2.213879
0.923077 , 0.589744 , -2.724345
0.923077 , 0.615385 , -3.203724
0.923077 , 0.641026 , -3.643613
0.923077 , 0.666667 , -4.038161
0.923077 , 0.692308 , -4.383549
0.923077 , 0.717949 , -4.675517
0.923077 , 0.743590 , -4.913203
0.923077 , 0.769231 , -5.097041
0.923077 , 0.794872 , -5.229754
0.923077 , 0.820513 , -5.314431
0.923077 , 0.846154 , -5.356542
0.923077 , 0.871795 , -5.362774
0.923077 , 0.897436 , -5.343965
0.923077 , 0.923077 , -5.310716
0.923077 , 0.948718 , -5.274770
0.923077 , 0.974359 , -5.247169
0.923077 , 1.000000 , -5.236751
0.948718 , 0.000000 , 3.893224
0.948718 , 0.025641 , 3.913643
0.948718 , 0.051282 , 3.965706
0.948718 , 0.076923 , 4.033573
0.948718 , 0.102564 , 4.099889
0.948718 , 0.128205 , 4.148608
0.948718 , 0.153846 , 4.166723
0.948718 , 0.179487 , 4.142192
0.948718 , 0.205128 , 4.064741
0.948718 , 0.230769 , 3.930453
0.948718 , 0.256410 , 3.733882
0.948718 , 0.282051 , 3.472821
0.948718 , 0.307692 , 3.147689
0.948718 , 0.333333 , 2.759877
0.948718 , 0.358974 , 2.313704
0.948718 , 0.384615 , 1.815013
0.948718 , 0.410256 , 1.271219
0.948718 , 0.435897 , 0.691756
0.948718 , 0.461538 , 0.086401
0.948718 , 0.487179 , -0.535310
0.948718 , 0.512821 , -1.162219
0.948718 , 0.538462 , -1.782500
0.948718 , 0.564103 , -2.384878
0.948718 , 0.589744 , -2.958416
0.948718 , 0.615385 , -3.495253
0.948718 , 0.641026 , -3.986125
0.948718 , 0.666667 , -4.423067
0.948718 , 0.692308 , -4.801123
0.948718 , 0.717949 , -5.115783
0.948718 , 0.743590 , -5.365319
0.948718 , 0.769231 , -5.550793
0.948718 , 0.794872 , -5.674699
0.948718 , 0.820513 , -5.741215
0.948718 , 0.846154 , -5.757158
0.948718 , 0.871795 , -5.731227
0.948718 , 0.897436 , -5.675364
0.948718 , 0.923077 , -5.604510
0.948718 , 0.948718 , -5.533174
0.948718 , 0.974359 , -5.479667
0.948718 , 1.000000 , -5.459145
0.974359 , 0.000000 , 4.078901
0.974359 , 0.025641 , 4.117266
0.974359 , 0.051282 , 4.211889
0.974359 , 0.076923 , 4.332134
0.974359 , 0.102564 , 4.452238
0.974359 , 0.128205 , 4.551506
0.974359 , 0.153846 , 4.612767
0.974359 , 0.179487 , 4.623555
0.974359 , 0.205128 , 4.571717
0.974359 , 0.230769 , 4.449586
0.974359 , 0.256410 , 4.253585
0.974359 , 0.282051 , 3.980440
0.974359 , 0.307692 , 3.630205
0.974359 , 0.333333 , 3.206002
0.974359 , 0.358974 , 2.712323
0.974359 , 0.384615 , 2.155916
0.974359 , 0.410256 , 1.546457
0.974359 , 0.435897 , 0.894127
0.974359 , 0.461538 , 0.210256
0.974359 , 0.487179 , -0.492617
0.974359 , 0.512821 , -1.201802
0.974359 , 0.538462 , -1.903496
0.974359 , 0.564103 , -2.584185
0.974359 , 0.589744 , -3.231508
0.974359 , 0.615385 , -3.834056
0.974359 , 0.641026 , -4.381685
0.974359 , 0.666667 , -4.866395
0.974359 , 0.692308 , -5.281353
0.974359 , 0.717949 , -5.621251
0.974359 , 0.743590 , -5.883268
0.974359 , 0.769231 , -6.068357
0.974359 , 0.794872 , -6.179176
0.974359 , 0.820513 , -6.220875
0.974359 , 0.846154 , -6.201672
0.974359 , 0.871795 , -6.132061
0.974359 , 0.897436 , -6.026157
0.974359 , 0.923077 , -5.900853
0.974359 , 0.948718 , -5.777482
0.974359 , 0.974359 , -5.681525
0.974359 , 1.000000 , -5.642835
1.000000 , 0.000000 , 4.189405
1.000000 , 0.025641 , 4.264958
1.000000 , 0.051282 , 4.431412
1.000000 , 0.076923 , 4.629834
1.000000 , 0.102564 , 4.825007
1.000000 , 0.128205 , 4.991780
1.000000 , 0.153846 , 5.110333
1.000000 , 0.179487 , 5.166094
1.000000 , 0.205128 , 5.146700
1.000000 , 0.230769 , 5.042908
1.000000 , 0.256410 , 4.850161
1.000000 , 0.282051 , 4.565021
1.000000 , 0.307692 , 4.187596
1.000000 , 0.333333 , 3.721805
1.000000 , 0.358974 , 3.173206
1.000000 , 0.384615 , 2.550323
1.000000 , 0.410256 , 1.864320
1.000000 , 0.435897 , 1.127057
1.000000 , 0.461538 , 0.353070
1.000000 , 0.487179 , -0.444004
1.000000 , 0.512821 , -1.248900
1.000000 , 0.538462 , -2.044754
1.000000 , 0.564103 , -2.816696
1.000000 , 0.589744 , -3.549209
1.000000 , 0.615385 , -4.228353
1.000000 , 0.641026 , -4.842376
1.000000 , 0.666667 , -5.381284
1.000000 , 0.692308 , -5.837059
1.000000 , 0.717949 , -6.204047
1.000000 , 0.743590 , -6.478960
1.000000 , 0.769231 , -6.661729
1.000000 , 0.794872 , -6.754621
1.000000 , 0.820513 , -6.764117
1.000000 , 0.846154 , -6.698723
1.000000 , 0.871795 , -6.571414
1.000000 , 0.897436 , -6.397938
1.000000 , 0.923077 , -6.197948
1.000000 , 0.948718 , -5.996623
1.000000 , 0.974359 , -5.828859
1.000000 , 1.000000 , -5.751961
