0.000000 , 0.000000 , -3.505226
0.000000 , 0.025641 , -3.505226
0.000000 , 0.051282 , -3.505226
0.000000 , 0.076923 , -3.505226
0.000000 , 0.102564 , -3.505226
0.000000 , 0.128205 , -3.505226
0.000000 , 0.153846 , -3.505226
0.000000 , 0.179487 , -3.505226
0.000000 , 0.205128 , -3.505226
0.000000 , 0.230769 , -3.505226
0.000000 , 0.256410 , -3.505226
0.000000 , 0.282051 , -3.505226
0.000000 , 0.307692 , -3.505226
0.000000 , 0.333333 , -3.505226
0.000000 , 0.358974 , -3.505226
0.000000 , 0.384615 , -3.505226
0.000000 , 0.410256 , -3.505226
0.000000 , 0.435897 , -3.505226
0.000000 , 0.461538 , -3.505226
0.000000 , 0.487179 , -3.505226
0.000000 , 0.512821 , -3.505226
0.000000 , 0.538462 , -3.505226
0.000000 , 0.564103 , -3.505226
0.000000 , 0.589744 , -3.505226
0.000000 , 0.615385 , -3.505226
0.000000 , 0.641026 , -3.505226
0.000000 , 0.666667 , -3.505226
0.000000 , 0.692308 , -3.505226
0.000000 , 0.717949 , -3.505226
0.000000 , 0.743590 , -3.505226
0.000000 , 0.769231 , -3.505226
0.000000 , 0.794872 , -3.505226
0.000000 , 0.820513 , -3.505226
0.000000 , 0.846154 , -3.505226
0.000000 , 0.871795 , -3.505226
0.000000 , 0.897436 , -3.505226
0.000000 , 0.923077 , -3.505226
0.000000 , 0.948718 , -3.505226
0.000000 , 0.974359 , -3.505226
0.000000 , 1.000000 , -3.505226
0.025641 , 0.000000 , -3.348755
0.025641 , 0.025641 , -3.349275
0.025641 , 0.051282 , -3.349028
0.025641 , 0.076923 , -3.349152
0.025641 , 0.102564 , -3.348869
0.025641 , 0.128205 , -3.349328
0.025641 , 0.153846 , -3.350590
0.025641 , 0.179487 , -3.352703
0.025641 , 0.205128 , -3.355004
0.025641 , 0.230769 , -3.357767
0.025641 , 0.256410 , -3.362046
0.025641 , 0.282051 , -3.366728
0.025641 , 0.307692 , -3.371140
0.025641 , 0.333333 , -3.375366
0.025641 , 0.358974 , -3.380340
0.025641 , 0.384615 , -3.386081
0.025641 , 0.410256 , -3.391589
0.025641 , 0.435897 , -3.396804
0.025641 , 0.461538 , -3.402817
0.025641 , 0.487179 , -3.409303
0.025641 , 0.512821 , -3.415327
0.025641 , 0.538462 , -3.421771
0.025641 , 0.564103 , -3.427108
0.025641 , 0.589744 , -3.433167
0.025641 , 0.615385 , -3.438074
0.025641 , 0.641026 , -3.442593
0.025641 , 0.666667 , -3.447814
0.025641 , 0.692308 , -3.452275
0.025641 , 0.717949 , -3.456023
0.025641 , 0.743590 , -3.459406
0.025641 , 0.769231 , -3.462876
0.025641 , 0.794872 , -3.466058
0.025641 , 0.820513 , -3.468763
0.025641 , 0.846154 , -3.470914
0.025641 , 0.871795 , -3.472808
0.025641 , 0.897436 , -3.474209
0.025641 , 0.923077 , -3.475019
0.025641 , 0.948718 , -3.475562
0.025641 , 0.974359 , -3.476067
0.025641 , 1.000000 , -3.475927
0.051282 , 0.000000 , -3.186427
0.051282 , 0.025641 , -3.186497
0.051282 , 0.051282 , -3.187177
0.051282 , 0.076923 , -3.187642
0.051282 , 0.102564 , -3.187848
0.051282 , 0.128205 , -3.188550
0.051282 , 0.153846 , -3.190923
0.051282 , 0.179487 , -3.195070
0.051282 , 0.205128 , -3.199822
0.051282 , 0.230769 , -3.205582
0.051282 , 0.256410 , -3.213497
0.051282 , 0.282051 , -3.222447
0.051282 , 0.307692 , -3.231894
0.051282 , 0.333333 , -3.240716
0.051282 , 0.358974 , -3.250042
0.051282 , 0.384615 , -3.260314
0.051282 , 0.410256 , -3.271581
0.051282 , 0.435897 , -3.282316
0.051282 , 0.461538 , -3.294197
0.051282 , 0.487179 , -3.306656
0.051282 , 0.512821 , -3.318901
0.051282 , 0.538462 , -3.331432
0.051282 , 0.564103 , -3.342698
0.051282 , 0.589744 , -3.353495
0.051282 , 0.615385 , -3.363719
0.051282 , 0.641026 , -3.373693
0.051282 , 0.666667 , -3.383407
0.051282 , 0.692308 , -3.391861
0.051282 , 0.717949 , -3.400238
0.051282 , 0.743590 , -3.407493
0.051282 , 0.769231 , -3.413932
0.051282 , 0.794872 , -3.420181
0.051282 , 0.820513 , -3.425268
0.051282 , 0.846154 , -3.429248
0.051282 , 0.871795 , -3.432786
0.051282 , 0.897436 , -3.435618
0.051282 , 0.923077 , -3.437542
0.051282 , 0.948718 , -3.438992
0.051282 , 0.974359 , -3.439932
0.051282 , 1.000000 , -3.440433
0.076923 , 0.000000 , -3.019618
0.076923 , 0.025641 , -3.019437
0.076923 , 0.051282 , -3.019916
0.076923 , 0.076923 , -3.021319
0.076923 , 0.102564 , -3.022473
0.076923 , 0.128205 , -3.024207
0.076923 , 0.153846 , -3.027627
0.076923 , 0.179487 , -3.033069
0.076923 , 0.205128 , -3.040302
0.076923 , 0.230769 , -3.049029
0.076923 , 0.256410 , -3.060481
0.076923 , 0.282051 , -3.073677
0.076923 , 0.307692 , -3.088117
0.076923 , 0.333333 , -3.101580
0.076923 , 0.358974 , -3.115727
0.076923 , 0.384615 , -3.130592
0.076923 , 0.410256 , -3.146338
0.076923 , 0.435897 , -3.162988
0.076923 , 0.461538 , -3.180173
0.076923 , 0.487179 , -3.198235
0.076923 , 0.512821 , -3.216593
0.076923 , 0.538462 , -3.234863
0.076923 , 0.564103 , -3.252255
0.076923 , 0.589744 , -3.268640
0.076923 , 0.615385 , -3.283910
0.076923 , 0.641026 , -3.298903
0.076923 , 0.666667 , -3.313118
0.076923 , 0.692308 , -3.326143
0.076923 , 0.717949 , -3.338599
0.076923 , 0.743590 , -3.350474
0.076923 , 0.769231 , -3.360416
0.076923 , 0.794872 , -3.368750
0.076923 , 0.820513 , -3.376758
0.076923 , 0.846154 , -3.382773
0.076923 , 0.871795 , -3.388140
0.076923 , 0.897436 , -3.392122
0.076923 , 0.923077 , -3.395583
0.076923 , 0.948718 , -3.398143
0.076923 , 0.974359 , -3.399753
0.076923 , 1.000000 , -3.400357
0.102564 , 0.000000 , -2.849952
0.102564 , 0.025641 , -2.849588
0.102564 , 0.051282 , -2.849684
0.102564 , 0.076923 , -2.851024
0.102564 , 0.102564 , -2.853552
0.102564 , 0.128205 , -2.856893
0.102564 , 0.153846 , -2.861763
0.102564 , 0.179487 , -2.868585
0.102564 , 0.205128 , -2.877400
0.102564 , 0.230769 , -2.889191
0.102564 , 0.256410 , -2.903767
0.102564 , 0.282051 , -2.920330
0.102564 , 0.307692 , -2.939003
0.102564 , 0.333333 , -2.957846
0.102564 , 0.358974 , -2.976578
0.102564 , 0.384615 , -2.996574
0.102564 , 0.410256 , -3.018158
0.102564 , 0.435897 , -3.041193
0.102564 , 0.461538 , -3.063600
0.102564 , 0.487179 , -3.086659
0.102564 , 0.512821 , -3.110641
0.102564 , 0.538462 , -3.134797
0.102564 , 0.564103 , -3.157297
0.102564 , 0.589744 , -3.179656
0.102564 , 0.615385 , -3.200352
0.102564 , 0.641026 , -3.220434
0.102564 , 0.666667 , -3.239017
0.102564 , 0.692308 , -3.256281
0.102564 , 0.717949 , -3.272492
0.102564 , 0.743590 , -3.288434
0.102564 , 0.769231 , -3.301820
0.102564 , 0.794872 , -3.313626
0.102564 , 0.820513 , -3.323835
0.102564 , 0.846154 , -3.331557
0.102564 , 0.871795 , -3.339552
0.102564 , 0.897436 , -3.345361
0.102564 , 0.923077 , -3.350240
0.102564 , 0.948718 , -3.353281
0.102564 , 0.974359 , -3.355407
0.102564 , 1.000000 , -3.356187
0.128205 , 0.000000 , -2.677563
0.128205 , 0.025641 , -2.677577
0.128205 , 0.051282 , -2.677850
0.128205 , 0.076923 , -2.679618
0.128205 , 0.102564 , -2.683275
0.128205 , 0.128205 , -2.687722
0.128205 , 0.153846 , -2.693829
0.128205 , 0.179487 , -2.702571
0.128205 , 0.205128 , -2.713610
0.128205 , 0.230769 , -2.727983
0.128205 , 0.256410 , -2.745371
0.128205 , 0.282051 , -2.764692
0.128205 , 0.307692 , -2.786657
0.128205 , 0.333333 , -2.809384
0.128205 , 0.358974 , -2.833192
0.128205 , 0.384615 , -2.858774
0.128205 , 0.410256 , -2.886626
0.128205 , 0.435897 , -2.915195
0.128205 , 0.461538 , -2.944074
0.128205 , 0.487179 , -2.972386
0.128205 , 0.512821 , -3.001167
0.128205 , 0.538462 , -3.031593
0.128205 , 0.564103 , -3.059483
0.128205 , 0.589744 , -3.087170
0.128205 , 0.615385 , -3.113461
0.128205 , 0.641026 , -3.138144
0.128205 , 0.666667 , -3.161368
0.128205 , 0.692308 , -3.183151
0.128205 , 0.717949 , -3.203047
0.128205 , 0.743590 , -3.222159
0.128205 , 0.769231 , -3.239266
0.128205 , 0.794872 , -3.254377
0.128205 , 0.820513 , -3.267290
0.128205 , 0.846154 , -3.277216
0.128205 , 0.871795 , -3.286298
0.128205 , 0.897436 , -3.294201
0.128205 , 0.923077 , -3.299714
0.128205 , 0.948718 , -3.303957
0.128205 , 0.974359 , -3.306731
0.128205 , 1.000000 , -3.307754
0.153846 , 0.000000 , -2.503580
0.153846 , 0.025641 , -2.503664
0.153846 , 0.051282 , -2.504456
0.153846 , 0.076923 , -2.507333
0.153846 , 0.102564 , -2.512307
0.153846 , 0.128205 , -2.518719
0.153846 , 0.153846 , -2.525795
0.153846 , 0.179487 , -2.535520
0.153846 , 0.205128 , -2.548585
0.153846 , 0.230769 , -2.565078
0.153846 , 0.256410 , -2.584927
0.153846 , 0.282051 , -2.607800
0.153846 , 0.307692 , -2.633087
0.153846 , 0.333333 , -2.659886
0.153846 , 0.358974 , -2.687731
0.153846 , 0.384615 , -2.718668
0.153846 , 0.410256 , -2.752186
0.153846 , 0.435897 , -2.786491
0.153846 , 0.461538 , -2.821520
0.153846 , 0.487179 , -2.855942
0.153846 , 0.512821 , -2.890200
0.153846 , 0.538462 , -2.925231
0.153846 , 0.564103 , -2.959304
0.153846 , 0.589744 , -2.991668
0.153846 , 0.615385 , -3.022963
0.153846 , 0.641026 , -3.052888
0.153846 , 0.666667 , -3.080199
0.153846 , 0.692308 , -3.106230
0.153846 , 0.717949 , -3.130767
0.153846 , 0.743590 , -3.153518
0.153846 , 0.769231 , -3.173461
0.153846 , 0.794872 , -3.191000
0.153846 , 0.820513 , -3.206628
0.153846 , 0.846154 , -3.219164
0.153846 , 0.871795 , -3.229898
0.153846 , 0.897436 , -3.238687
0.153846 , 0.923077 , -3.246323
0.153846 , 0.948718 , -3.251282
0.153846 , 0.974359 , -3.253879
0.153846 , 1.000000 , -3.254258
0.179487 , 0.000000 , -2.327486
0.179487 , 0.025641 , -2.327772
0.179487 , 0.051282 , -2.329384
0.179487 , 0.076923 , -2.333309
0.179487 , 0.102564 , -2.339431
0.179487 , 0.128205 , -2.347279
0.179487 , 0.153846 , -2.357041
0.179487 , 0.179487 , -2.368690
0.179487 , 0.205128 , -2.383236
0.179487 , 0.230769 , -2.401587
0.179487 , 0.256410 , -2.423614
0.179487 , 0.282051 , -2.449967
0.179487 , 0.307692 , -2.479287
0.179487 , 0.333333 , -2.509705
0.179487 , 0.358974 , -2.542324
0.179487 , 0.384615 , -2.578513
0.179487 , 0.410256 , -2.616454
0.179487 , 0.435897 , -2.656045
0.179487 , 0.461538 , -2.696709
0.179487 , 0.487179 , -2.737633
0.179487 , 0.512821 , -2.778338
0.179487 , 0.538462 , -2.818000
0.179487 , 0.564103 , -2.856612
0.179487 , 0.589744 , -2.893883
0.179487 , 0.615385 , -2.929275
0.179487 , 0.641026 , -2.963510
0.179487 , 0.666667 , -2.995738
0.179487 , 0.692308 , -3.026632
0.179487 , 0.717949 , -3.055216
0.179487 , 0.743590 , -3.081748
0.179487 , 0.769231 , -3.105686
0.179487 , 0.794872 , -3.126176
0.179487 , 0.820513 , -3.144219
0.179487 , 0.846154 , -3.159606
0.179487 , 0.871795 , -3.172845
0.179487 , 0.897436 , -3.183377
0.179487 , 0.923077 , -3.190657
0.179487 , 0.948718 , -3.196409
0.179487 , 0.974359 , -3.199517
0.179487 , 1.000000 , -3.199971
0.205128 , 0.000000 , -2.149878
0.205128 , 0.025641 , -2.150639
0.205128 , 0.051282 , -2.152874
0.205128 , 0.076923 , -2.157714
0.205128 , 0.102564 , -2.165101
0.205128 , 0.128205 , -2.174192
0.205128 , 0.153846 , -2.186251
0.205128 , 0.179487 , -2.201554
0.205128 , 0.205128 , -2.217907
0.205128 , 0.230769 , -2.237953
0.205128 , 0.256410 , -2.263311
0.205128 , 0.282051 , -2.293138
0.205128 , 0.307692 , -2.325820
0.205128 , 0.333333 , -2.359876
0.205128 , 0.358974 , -2.397098
0.205128 , 0.384615 , -2.438117
0.205128 , 0.410256 , -2.481505
0.205128 , 0.435897 , -2.526275
0.205128 , 0.461538 , -2.571721
0.205128 , 0.487179 , -2.617990
0.205128 , 0.512821 , -2.663646
0.205128 , 0.538462 , -2.709275
0.205128 , 0.564103 , -2.752860
0.205128 , 0.589744 , -2.794765
0.205128 , 0.615385 , -2.834508
0.205128 , 0.641026 , -2.872882
0.205128 , 0.666667 , -2.909671
0.205128 , 0.692308 , -2.945039
0.205128 , 0.717949 , -2.978191
0.205128 , 0.743590 , -3.008062
0.205128 , 0.769231 , -3.035467
0.205128 , 0.794872 , -3.060368
0.205128 , 0.820513 , -3.081293
0.205128 , 0.846154 , -3.098789
0.205128 , 0.871795 , -3.114378
0.205128 , 0.897436 , -3.127114
0.205128 , 0.923077 , -3.135504
0.205128 , 0.948718 , -3.141696
0.205128 , 0.974359 , -3.145686
0.205128 , 1.000000 , -3.146249
0.230769 , 0.000000 , -1.972502
0.230769 , 0.025641 , -1.973537
0.230769 , 0.051282 , -1.976356
0.230769 , 0.076923 , -1.981649
0.230769 , 0.102564 , -1.989817
0.230769 , 0.128205 , -2.000692
0.230769 , 0.153846 , -2.013763
0.230769 , 0.179487 , -2.031081
0.230769 , 0.205128 , -2.050376
0.230769 , 0.230769 , -2.073388
0.230769 , 0.256410 , -2.102472
0.230769 , 0.282051 , -2.136397
0.230769 , 0.307692 , -2.172447
0.230769 , 0.333333 , -2.211123
0.230769 , 0.358974 , -2.252529
0.230769 , 0.384615 , -2.297372
0.230769 , 0.410256 , -2.345519
0.230769 , 0.435897 , -2.395796
0.230769 , 0.461538 , -2.446117
0.230769 , 0.487179 , -2.497199
0.230769 , 0.512821 , -2.547619
0.230769 , 0.538462 , -2.598372
0.230769 , 0.564103 , -2.648246
0.230769 , 0.589744 , -2.695447
0.230769 , 0.615385 , -2.740324
0.230769 , 0.641026 , -2.783269
0.230769 , 0.666667 , -2.824919
0.230769 , 0.692308 , -2.863906
0.230769 , 0.717949 , -2.901253
0.230769 , 0.743590 , -2.935413
0.230769 , 0.769231 , -2.966829
0.230769 , 0.794872 , -2.994691
0.230769 , 0.820513 , -3.018793
0.230769 , 0.846154 , -3.037816
0.230769 , 0.871795 , -3.055228
0.230769 , 0.897436 , -3.069808
0.230769 , 0.923077 , -3.079889
0.230769 , 0.948718 , -3.087095
0.230769 , 0.974359 , -3.092284
0.230769 , 1.000000 , -3.093244
0.256410 , 0.000000 , -1.793625
0.256410 , 0.025641 , -1.795227
0.256410 , 0.051282 , -1.798399
0.256410 , 0.076923 , -1.804334
0.256410 , 0.102564 , -1.813137
0.256410 , 0.128205 , -1.825591
0.256410 , 0.153846 , -1.840957
0.256410 , 0.179487 , -1.860039
0.256410 , 0.205128 , -1.882487
0.256410 , 0.230769 , -1.909617
0.256410 , 0.256410 , -1.942074
0.256410 , 0.282051 , -1.979487
0.256410 , 0.307692 , -2.018849
0.256410 , 0.333333 , -2.061868
0.256410 , 0.358974 , -2.107952
0.256410 , 0.384615 , -2.157252
0.256410 , 0.410256 , -2.209755
0.256410 , 0.435897 , -2.264577
0.256410 , 0.461538 , -2.319787
0.256410 , 0.487179 , -2.375332
0.256410 , 0.512821 , -2.431328
0.256410 , 0.538462 , -2.487739
0.256410 , 0.564103 , -2.543160
0.256410 , 0.589744 , -2.595710
0.256410 , 0.615385 , -2.646049
0.256410 , 0.641026 , -2.694627
0.256410 , 0.666667 , -2.740789
0.256410 , 0.692308 , -2.784449
0.256410 , 0.717949 , -2.825624
0.256410 , 0.743590 , -2.862584
0.256410 , 0.769231 , -2.897387
0.256410 , 0.794872 , -2.928164
0.256410 , 0.820513 , -2.955798
0.256410 , 0.846154 , -2.978449
0.256410 , 0.871795 , -2.997980
0.256410 , 0.897436 , -3.014100
0.256410 , 0.923077 , -3.025671
0.256410 , 0.948718 , -3.034216
0.256410 , 0.974359 , -3.039883
0.256410 , 1.000000 , -3.041884
0.282051 , 0.000000 , -1.614985
0.282051 , 0.025641 , -1.616175
0.282051 , 0.051282 , -1.619490
0.282051 , 0.076923 , -1.626401
0.282051 , 0.102564 , -1.636286
0.282051 , 0.128205 , -1.650590
0.282051 , 0.153846 , -1.668571
0.282051 , 0.179487 , -1.690200
0.282051 , 0.205128 , -1.716254
0.282051 , 0.230769 , -1.746997
0.282051 , 0.256410 , -1.782766
0.282051 , 0.282051 , -1.823469
0.282051 , 0.307692 , -1.867165
0.282051 , 0.333333 , -1.914528
0.282051 , 0.358974 , -1.964684
0.282051 , 0.384615 , -2.017726
0.282051 , 0.410256 , -2.074357
0.282051 , 0.435897 , -2.133766
0.282051 , 0.461538 , -2.193564
0.282051 , 0.487179 , -2.254513
0.282051 , 0.512821 , -2.316196
0.282051 , 0.538462 , -2.377731
0.282051 , 0.564103 , -2.438505
0.282051 , 0.589744 , -2.496950
0.282051 , 0.615385 , -2.553010
0.282051 , 0.641026 , -2.606312
0.282051 , 0.666667 , -2.657202
0.282051 , 0.692308 , -2.705550
0.282051 , 0.717949 , -2.751374
0.282051 , 0.743590 , -2.792654
0.282051 , 0.769231 , -2.829959
0.282051 , 0.794872 , -2.863763
0.282051 , 0.820513 , -2.894203
0.282051 , 0.846154 , -2.920499
0.282051 , 0.871795 , -2.942801
0.282051 , 0.897436 , -2.960748
0.282051 , 0.923077 , -2.974122
0.282051 , 0.948718 , -2.983128
0.282051 , 0.974359 , -2.989606
0.282051 , 1.000000 , -2.992063
0.307692 , 0.000000 , -1.435943
0.307692 , 0.025641 , -1.436575
0.307692 , 0.051282 , -1.439984
0.307692 , 0.076923 , -1.447710
0.307692 , 0.102564 , -1.459322
0.307692 , 0.128205 , -1.475643
0.307692 , 0.153846 , -1.496607
0.307692 , 0.179487 , -1.521237
0.307692 , 0.205128 , -1.551232
0.307692 , 0.230769 , -1.585649
0.307692 , 0.256410 , -1.624274
0.307692 , 0.282051 , -1.668383
0.307692 , 0.307692 , -1.716407
0.307692 , 0.333333 , -1.768028
0.307692 , 0.358974 , -1.822566
0.307692 , 0.384615 , -1.880014
0.307692 , 0.410256 , -1.940312
0.307692 , 0.435897 , -2.003985
0.307692 , 0.461538 , -2.068780
0.307692 , 0.487179 , -2.134425
0.307692 , 0.512821 , -2.201787
0.307692 , 0.538462 , -2.268761
0.307692 , 0.564103 , -2.334405
0.307692 , 0.589744 , -2.398388
0.307692 , 0.615385 , -2.460437
0.307692 , 0.641026 , -2.519380
0.307692 , 0.666667 , -2.575309
0.307692 , 0.692308 , -2.628226
0.307692 , 0.717949 , -2.677595
0.307692 , 0.743590 , -2.723281
0.307692 , 0.769231 , -2.764504
0.307692 , 0.794872 , -2.801894
0.307692 , 0.820513 , -2.836622
0.307692 , 0.846154 , -2.865906
0.307692 , 0.871795 , -2.890682
0.307692 , 0.897436 , -2.910505
0.307692 , 0.923077 , -2.926128
0.307692 , 0.948718 , -2.936035
0.307692 , 0.974359 , -2.942708
0.307692 , 1.000000 , -2.944742
0.333333 , 0.000000 , -1.253724
0.333333 , 0.025641 , -1.254799
0.333333 , 0.051282 , -1.259120
0.333333 , 0.076923 , -1.268025
0.333333 , 0.102564 , -1.281443
0.333333 , 0.128205 , -1.300570
0.333333 , 0.153846 , -1.324323
0.333333 , 0.179487 , -1.352291
0.333333 , 0.205128 , -1.385388
0.333333 , 0.230769 , -1.423857
0.333333 , 0.256410 , -1.466478
0.333333 , 0.282051 , -1.514569
0.333333 , 0.307692 , -1.566212
0.333333 , 0.333333 , -1.622267
0.333333 , 0.358974 , -1.681378
0.333333 , 0.384615 , -1.743597
0.333333 , 0.410256 , -1.809050
0.333333 , 0.435897 , -1.876636
0.333333 , 0.461538 , -1.946092
0.333333 , 0.487179 , -2.016870
0.333333 , 0.512821 , -2.089223
0.333333 , 0.538462 , -2.162231
0.333333 , 0.564103 , -2.233363
0.333333 , 0.589744 , -2.302497
0.333333 , 0.615385 , -2.369862
0.333333 , 0.641026 , -2.434396
0.333333 , 0.666667 , -2.495395
0.333333 , 0.692308 , -2.553457
0.333333 , 0.717949 , -2.607177
0.333333 , 0.743590 , -2.657049
0.333333 , 0.769231 , -2.702793
0.333333 , 0.794872 , -2.743829
0.333333 , 0.820513 , -2.781547
0.333333 , 0.846154 , -2.814325
0.333333 , 0.871795 , -2.841556
0.333333 , 0.897436 , -2.863972
0.333333 , 0.923077 , -2.881442
0.333333 , 0.948718 , -2.892895
0.333333 , 0.974359 , -2.899822
0.333333 , 1.000000 , -2.902162
0.358974 , 0.000000 , -1.070300
0.358974 , 0.025641 , -1.071370
0.358974 , 0.051282 , -1.076891
0.358974 , 0.076923 , -1.087483
0.358974 , 0.102564 , -1.103268
0.358974 , 0.128205 , -1.124794
0.358974 , 0.153846 , -1.151590
0.358974 , 0.179487 , -1.182567
0.358974 , 0.205128 , -1.219251
0.358974 , 0.230769 , -1.261075
0.358974 , 0.256410 , -1.307913
0.358974 , 0.282051 , -1.360593
0.358974 , 0.307692 , -1.417556
0.358974 , 0.333333 , -1.477146
0.358974 , 0.358974 , -1.541536
0.358974 , 0.384615 , -1.609538
0.358974 , 0.410256 , -1.679689
0.358974 , 0.435897 , -1.752050
0.358974 , 0.461538 , -1.825958
0.358974 , 0.487179 , -1.902029
0.358974 , 0.512821 , -1.979717
0.358974 , 0.538462 , -2.057940
0.358974 , 0.564103 , -2.134687
0.358974 , 0.589744 , -2.209353
0.358974 , 0.615385 , -2.282174
0.358974 , 0.641026 , -2.351706
0.358974 , 0.666667 , -2.418101
0.358974 , 0.692308 , -2.481089
0.358974 , 0.717949 , -2.539604
0.358974 , 0.743590 , -2.594043
0.358974 , 0.769231 , -2.644418
0.358974 , 0.794872 , -2.689577
0.358974 , 0.820513 , -2.730650
0.358974 , 0.846154 , -2.766649
0.358974 , 0.871795 , -2.796775
0.358974 , 0.897436 , -2.822139
0.358974 , 0.923077 , -2.841642
0.358974 , 0.948718 , -2.854635
0.358974 , 0.974359 , -2.862400
0.358974 , 1.000000 , -2.864627
0.384615 , 0.000000 , -0.883984
0.384615 , 0.025641 , -0.886000
0.384615 , 0.051282 , -0.893109
0.384615 , 0.076923 , -0.906033
0.384615 , 0.102564 , -0.924226
0.384615 , 0.128205 , -0.948197
0.384615 , 0.153846 , -0.977800
0.384615 , 0.179487 , -1.012836
0.384615 , 0.205128 , -1.053876
0.384615 , 0.230769 , -1.099976
0.384615 , 0.256410 , -1.150362
0.384615 , 0.282051 , -1.206769
0.384615 , 0.307692 , -1.268843
0.384615 , 0.333333 , -1.334010
0.384615 , 0.358974 , -1.402667
0.384615 , 0.384615 , -1.475628
0.384615 , 0.410256 , -1.551424
0.384615 , 0.435897 , -1.629326
0.384615 , 0.461538 , -1.709172
0.384615 , 0.487179 , -1.790510
0.384615 , 0.512821 , -1.873679
0.384615 , 0.538462 , -1.956679
0.384615 , 0.564103 , -2.038828
0.384615 , 0.589744 , -2.119949
0.384615 , 0.615385 , -2.198716
0.384615 , 0.641026 , -2.273705
0.384615 , 0.666667 , -2.344979
0.384615 , 0.692308 , -2.413172
0.384615 , 0.717949 , -2.476727
0.384615 , 0.743590 , -2.535811
0.384615 , 0.769231 , -2.590512
0.384615 , 0.794872 , -2.640608
0.384615 , 0.820513 , -2.685200
0.384615 , 0.846154 , -2.724409
0.384615 , 0.871795 , -2.757380
0.384615 , 0.897436 , -2.784816
0.384615 , 0.923077 , -2.806656
0.384615 , 0.948718 , -2.821571
0.384615 , 0.974359 , -2.830024
0.384615 , 1.000000 , -2.832704
0.410256 , 0.000000 , -0.695734
0.410256 , 0.025641 , -0.698543
0.410256 , 0.051282 , -0.707555
0.410256 , 0.076923 , -0.722946
0.410256 , 0.102564 , -0.743799
0.410256 , 0.128205 , -0.770566
0.410256 , 0.153846 , -0.803021
0.410256 , 0.179487 , -0.842368
0.410256 , 0.205128 , -0.887973
0.410256 , 0.230769 , -0.938611
0.410256 , 0.256410 , -0.993357
0.410256 , 0.282051 , -1.053929
0.410256 , 0.307692 , -1.120337
0.410256 , 0.333333 , -1.190973
0.410256 , 0.358974 , -1.265666
0.410256 , 0.384615 , -1.343537
0.410256 , 0.410256 , -1.424427
0.410256 , 0.435897 , -1.508443
0.410256 , 0.461538 , -1.594258
0.410256 , 0.487179 , -1.682150
0.410256 , 0.512821 , -1.770393
0.410256 , 0.538462 , -1.859256
0.410256 , 0.564103 , -1.947039
0.410256 , 0.589744 , -2.034539
0.410256 , 0.615385 , -2.119454
0.410256 , 0.641026 , -2.200325
0.410256 , 0.666667 , -2.277343
0.410256 , 0.692308 , -2.350778
0.410256 , 0.717949 , -2.419949
0.410256 , 0.743590 , -2.483573
0.410256 , 0.769231 , -2.542742
0.410256 , 0.794872 , -2.596662
0.410256 , 0.820513 , -2.645063
0.410256 , 0.846154 , -2.687586
0.410256 , 0.871795 , -2.723959
0.410256 , 0.897436 , -2.753418
0.410256 , 0.923077 , -2.777078
0.410256 , 0.948718 , -2.793352
0.410256 , 0.974359 , -2.803170
0.410256 , 1.000000 , -2.806678
0.435897 , 0.000000 , -0.505995
0.435897 , 0.025641 , -0.510141
0.435897 , 0.051282 , -0.520469
0.435897 , 0.076923 , -0.537460
0.435897 , 0.102564 , -0.561297
0.435897 , 0.128205 , -0.590742
0.435897 , 0.153846 , -0.626465
0.435897 , 0.179487 , -0.669465
0.435897 , 0.205128 , -0.719040
0.435897 , 0.230769 , -0.774453
0.435897 , 0.256410 , -0.834302
0.435897 , 0.282051 , -0.899804
0.435897 , 0.307692 , -0.971614
0.435897 , 0.333333 , -1.047952
0.435897 , 0.358974 , -1.128981
0.435897 , 0.384615 , -1.212894
0.435897 , 0.410256 , -1.299772
0.435897 , 0.435897 , -1.389956
0.435897 , 0.461538 , -1.482223
0.435897 , 0.487179 , -1.576446
0.435897 , 0.512821 , -1.671355
0.435897 , 0.538462 , -1.765755
0.435897 , 0.564103 , -1.859863
0.435897 , 0.589744 , -1.953294
0.435897 , 0.615385 , -2.044522
0.435897 , 0.641026 , -2.131936
0.435897 , 0.666667 , -2.215291
0.435897 , 0.692308 , -2.294023
0.435897 , 0.717949 , -2.368617
0.435897 , 0.743590 , -2.437793
0.435897 , 0.769231 , -2.501460
0.435897 , 0.794872 , -2.559560
0.435897 , 0.820513 , -2.612015
0.435897 , 0.846154 , -2.657884
0.435897 , 0.871795 , -2.697511
0.435897 , 0.897436 , -2.729562
0.435897 , 0.923077 , -2.754901
0.435897 , 0.948718 , -2.772754
0.435897 , 0.974359 , -2.783899
0.435897 , 1.000000 , -2.787970
0.461538 , 0.000000 , -0.315059
0.461538 , 0.025641 , -0.319050
0.461538 , 0.051282 , -0.330794
0.461538 , 0.076923 , -0.350037
0.461538 , 0.102564 , -0.376310
0.461538 , 0.128205 , -0.408841
0.461538 , 0.153846 , -0.447875
0.461538 , 0.179487 , -0.494513
0.461538 , 0.205128 , -0.547970
0.461538 , 0.230769 , -0.607999
0.461538 , 0.256410 , -0.673677
0.461538 , 0.282051 , -0.745262
0.461538 , 0.307692 , -0.822742
0.461538 , 0.333333 , -0.905345
0.461538 , 0.358974 , -0.992749
0.461538 , 0.384615 , -1.083797
0.461538 , 0.410256 , -1.177432
0.461538 , 0.435897 , -1.274199
0.461538 , 0.461538 , -1.373359
0.461538 , 0.487179 , -1.474443
0.461538 , 0.512821 , -1.576601
0.461538 , 0.538462 , -1.677630
0.461538 , 0.564103 , -1.777616
0.461538 , 0.589744 , -1.877946
0.461538 , 0.615385 , -1.975557
0.461538 , 0.641026 , -2.069367
0.461538 , 0.666667 , -2.158856
0.461538 , 0.692308 , -2.243997
0.461538 , 0.717949 , -2.324721
0.461538 , 0.743590 , -2.399344
0.461538 , 0.769231 , -2.467793
0.461538 , 0.794872 , -2.530172
0.461538 , 0.820513 , -2.587242
0.461538 , 0.846154 , -2.636965
0.461538 , 0.871795 , -2.679135
0.461538 , 0.897436 , -2.713626
0.461538 , 0.923077 , -2.740864
0.461538 , 0.948718 , -2.760756
0.461538 , 0.974359 , -2.773052
0.461538 , 1.000000 , -2.776983
0.487179 , 0.000000 , -0.121383
0.487179 , 0.025641 , -0.125514
0.487179 , 0.051282 , -0.138923
0.487179 , 0.076923 , -0.160014
0.487179 , 0.102564 , -0.188623
0.487179 , 0.128205 , -0.224136
0.487179 , 0.153846 , -0.267210
0.487179 , 0.179487 , -0.318321
0.487179 , 0.205128 , -0.375734
0.487179 , 0.230769 , -0.440695
0.487179 , 0.256410 , -0.512317
0.487179 , 0.282051 , -0.590083
0.487179 , 0.307692 , -0.673635
0.487179 , 0.333333 , -0.763096
0.487179 , 0.358974 , -0.857449
0.487179 , 0.384615 , -0.955477
0.487179 , 0.410256 , -1.056510
0.487179 , 0.435897 , -1.160456
0.487179 , 0.461538 , -1.267135
0.487179 , 0.487179 , -1.375559
0.487179 , 0.512821 , -1.484754
0.487179 , 0.538462 , -1.593755
0.487179 , 0.564103 , -1.701289
0.487179 , 0.589744 , -1.808517
0.487179 , 0.615385 , -1.912992
0.487179 , 0.641026 , -2.013599
0.487179 , 0.666667 , -2.110226
0.487179 , 0.692308 , -2.201924
0.487179 , 0.717949 , -2.288652
0.487179 , 0.743590 , -2.368973
0.487179 , 0.769231 , -2.442598
0.487179 , 0.794872 , -2.509562
0.487179 , 0.820513 , -2.570655
0.487179 , 0.846154 , -2.624334
0.487179 , 0.871795 , -2.669638
0.487179 , 0.897436 , -2.707563
0.487179 , 0.923077 , -2.736786
0.487179 , 0.948718 , -2.758466
0.487179 , 0.974359 , -2.771368
0.487179 , 1.000000 , -2.775521
0.512821 , 0.000000 , 0.075313
0.512821 , 0.025641 , 0.070938
0.512821 , 0.051282 , 0.056756
0.512821 , 0.076923 , 0.033966
0.512821 , 0.102564 , 0.003046
0.512821 , 0.128205 , -0.036172
0.512821 , 0.153846 , -0.083369
0.512821 , 0.179487 , -0.138423
0.512821 , 0.205128 , -0.200826
0.512821 , 0.230769 , -0.270744
0.512821 , 0.256410 , -0.348648
0.512821 , 0.282051 , -0.433096
0.512821 , 0.307692 , -0.523798
0.512821 , 0.333333 , -0.620908
0.512821 , 0.358974 , -0.722442
0.512821 , 0.384615 , -0.827981
0.512821 , 0.410256 , -0.936489
0.512821 , 0.435897 , -1.048641
0.512821 , 0.461538 , -1.163897
0.512821 , 0.487179 , -1.280114
0.512821 , 0.512821 , -1.397696
0.512821 , 0.538462 , -1.515117
0.512821 , 0.564103 , -1.631171
0.512821 , 0.589744 , -1.745891
0.512821 , 0.615385 , -1.857815
0.512821 , 0.641026 , -1.965622
0.512821 , 0.666667 , -2.069514
0.512821 , 0.692308 , -2.168296
0.512821 , 0.717949 , -2.260849
0.512821 , 0.743590 , -2.347324
0.512821 , 0.769231 , -2.426908
0.512821 , 0.794872 , -2.499414
0.512821 , 0.820513 , -2.564852
0.512821 , 0.846154 , -2.621959
0.512821 , 0.871795 , -2.670932
0.512821 , 0.897436 , -2.712076
0.512821 , 0.923077 , -2.743538
0.512821 , 0.948718 , -2.766734
0.512821 , 0.974359 , -2.780369
0.512821 , 1.000000 , -2.784712
0.538462 , 0.000000 , 0.275740
0.538462 , 0.025641 , 0.271073
0.538462 , 0.051282 , 0.256391
0.538462 , 0.076923 , 0.231548
0.538462 , 0.102564 , 0.198161
0.538462 , 0.128205 , 0.156082
0.538462 , 0.153846 , 0.105531
0.538462 , 0.179487 , 0.046373
0.538462 , 0.205128 , -0.021768
0.538462 , 0.230769 , -0.097711
0.538462 , 0.256410 , -0.181975
0.538462 , 0.282051 , -0.273403
0.538462 , 0.307692 , -0.371990
0.538462 , 0.333333 , -0.476423
0.538462 , 0.358974 , -0.585862
0.538462 , 0.384615 , -0.700090
0.538462 , 0.410256 , -0.817481
0.538462 , 0.435897 , -0.938652
0.538462 , 0.461538 , -1.062997
0.538462 , 0.487179 , -1.189260
0.538462 , 0.512821 , -1.316052
0.538462 , 0.538462 , -1.442513
0.538462 , 0.564103 , -1.567646
0.538462 , 0.589744 , -1.690477
0.538462 , 0.615385 , -1.810429
0.538462 , 0.641026 , -1.926763
0.538462 , 0.666667 , -2.038236
0.538462 , 0.692308 , -2.144099
0.538462 , 0.717949 , -2.243541
0.538462 , 0.743590 , -2.336434
0.538462 , 0.769231 , -2.422186
0.538462 , 0.794872 , -2.500102
0.538462 , 0.820513 , -2.570178
0.538462 , 0.846154 , -2.630853
0.538462 , 0.871795 , -2.683656
0.538462 , 0.897436 , -2.727641
0.538462 , 0.923077 , -2.762213
0.538462 , 0.948718 , -2.786350
0.538462 , 0.974359 , -2.800739
0.538462 , 1.000000 , -2.805417
0.564103 , 0.000000 , 0.481794
0.564103 , 0.025641 , 0.476728
0.564103 , 0.051282 , 0.460675
0.564103 , 0.076923 , 0.434212
0.564103 , 0.102564 , 0.397527
0.564103 , 0.128205 , 0.352873
0.564103 , 0.153846 , 0.299483
0.564103 , 0.179487 , 0.235832
0.564103 , 0.205128 , 0.161761
0.564103 , 0.230769 , 0.079309
0.564103 , 0.256410 , -0.011058
0.564103 , 0.282051 , -0.109212
0.564103 , 0.307692 , -0.215355
0.564103 , 0.333333 , -0.328466
0.564103 , 0.358974 , -0.447091
0.564103 , 0.384615 , -0.571206
0.564103 , 0.410256 , -0.699601
0.564103 , 0.435897 , -0.831346
0.564103 , 0.461538 , -0.966168
0.564103 , 0.487179 , -1.102565
0.564103 , 0.512821 , -1.239982
0.564103 , 0.538462 , -1.376173
0.564103 , 0.564103 , -1.511092
0.564103 , 0.589744 , -1.643677
0.564103 , 0.615385 , -1.772605
0.564103 , 0.641026 , -1.898063
0.564103 , 0.666667 , -2.017769
0.564103 , 0.692308 , -2.131155
0.564103 , 0.717949 , -2.238046
0.564103 , 0.743590 , -2.338062
0.564103 , 0.769231 , -2.430065
0.564103 , 0.794872 , -2.513415
0.564103 , 0.820513 , -2.587673
0.564103 , 0.846154 , -2.652350
0.564103 , 0.871795 , -2.708261
0.564103 , 0.897436 , -2.754235
0.564103 , 0.923077 , -2.791350
0.564103 , 0.948718 , -2.817428
0.564103 , 0.974359 , -2.833214
0.564103 , 1.000000 , -2.838392
0.589744 , 0.000000 , 0.693115
0.589744 , 0.025641 , 0.687675
0.589744 , 0.051282 , 0.670904
0.589744 , 0.076923 , 0.642648
0.589744 , 0.102564 , 0.603410
0.589744 , 0.128205 , 0.555441
0.589744 , 0.153846 , 0.498697
0.589744 , 0.179487 , 0.429995
0.589744 , 0.205128 , 0.350595
0.589744 , 0.230769 , 0.261810
0.589744 , 0.256410 , 0.164570
0.589744 , 0.282051 , 0.058959
0.589744 , 0.307692 , -0.055030
0.589744 , 0.333333 , -0.177510
0.589744 , 0.358974 , -0.306777
0.589744 , 0.384615 , -0.441951
0.589744 , 0.410256 , -0.581824
0.589744 , 0.435897 , -0.725240
0.589744 , 0.461538 , -0.871702
0.589744 , 0.487179 , -1.019969
0.589744 , 0.512821 , -1.168966
0.589744 , 0.538462 , -1.316403
0.589744 , 0.564103 , -1.462226
0.589744 , 0.589744 , -1.605641
0.589744 , 0.615385 , -1.745173
0.589744 , 0.641026 , -1.880125
0.589744 , 0.666667 , -2.009033
0.589744 , 0.692308 , -2.130395
0.589744 , 0.717949 , -2.245181
0.589744 , 0.743590 , -2.352734
0.589744 , 0.769231 , -2.451360
0.589744 , 0.794872 , -2.540538
0.589744 , 0.820513 , -2.619713
0.589744 , 0.846154 , -2.688550
0.589744 , 0.871795 , -2.747120
0.589744 , 0.897436 , -2.795047
0.589744 , 0.923077 , -2.834112
0.589744 , 0.948718 , -2.861451
0.589744 , 0.974359 , -2.878307
0.589744 , 1.000000 , -2.883870
0.615385 , 0.000000 , 0.910149
0.615385 , 0.025641 , 0.904265
0.615385 , 0.051282 , 0.886631
0.615385 , 0.076923 , 0.857426
0.615385 , 0.102564 , 0.816484
0.615385 , 0.128205 , 0.765208
0.615385 , 0.153846 , 0.704189
0.615385 , 0.179487 , 0.630061
0.615385 , 0.205128 , 0.544848
0.615385 , 0.230769 , 0.449407
0.615385 , 0.256410 , 0.345029
0.615385 , 0.282051 , 0.231640
0.615385 , 0.307692 , 0.108664
0.615385 , 0.333333 , -0.023537
0.615385 , 0.358974 , -0.163996
0.615385 , 0.384615 , -0.311275
0.615385 , 0.410256 , -0.463544
0.615385 , 0.435897 , -0.620276
0.615385 , 0.461538 , -0.779419
0.615385 , 0.487179 , -0.940743
0.615385 , 0.512821 , -1.103426
0.615385 , 0.538462 , -1.264703
0.615385 , 0.564103 , -1.422923
0.615385 , 0.589744 , -1.578093
0.615385 , 0.615385 , -1.728927
0.615385 , 0.641026 , -1.873873
0.615385 , 0.666667 , -2.013255
0.615385 , 0.692308 , -2.143606
0.615385 , 0.717949 , -2.266375
0.615385 , 0.743590 , -2.381314
0.615385 , 0.769231 , -2.487035
0.615385 , 0.794872 , -2.581789
0.615385 , 0.820513 , -2.665622
0.615385 , 0.846154 , -2.738722
0.615385 , 0.871795 , -2.800513
0.615385 , 0.897436 , -2.850685
0.615385 , 0.923077 , -2.890986
0.615385 , 0.948718 , -2.919316
0.615385 , 0.974359 , -2.937105
0.615385 , 1.000000 , -2.942745
0.641026 , 0.000000 , 1.134307
0.641026 , 0.025641 , 1.127550
0.641026 , 0.051282 , 1.109110
0.641026 , 0.076923 , 1.078454
0.641026 , 0.102564 , 1.035944
0.641026 , 0.128205 , 0.982097
0.641026 , 0.153846 , 0.916161
0.641026 , 0.179487 , 0.837782
0.641026 , 0.205128 , 0.747261
0.641026 , 0.230769 , 0.645342
0.641026 , 0.256410 , 0.532509
0.641026 , 0.282051 , 0.410082
0.641026 , 0.307692 , 0.277029
0.641026 , 0.333333 , 0.134219
0.641026 , 0.358974 , -0.017872
0.641026 , 0.384615 , -0.177459
0.641026 , 0.410256 , -0.343505
0.641026 , 0.435897 , -0.515144
0.641026 , 0.461538 , -0.689607
0.641026 , 0.487179 , -0.865717
0.641026 , 0.512821 , -1.042800
0.641026 , 0.538462 , -1.219243
0.641026 , 0.564103 , -1.392475
0.641026 , 0.589744 , -1.561050
0.641026 , 0.615385 , -1.725091
0.641026 , 0.641026 , -1.882101
0.641026 , 0.666667 , -2.031778
0.641026 , 0.692308 , -2.172321
0.641026 , 0.717949 , -2.303272
0.641026 , 0.743590 , -2.425854
0.641026 , 0.769231 , -2.538298
0.641026 , 0.794872 , -2.638744
0.641026 , 0.820513 , -2.726977
0.641026 , 0.846154 , -2.803394
0.641026 , 0.871795 , -2.868222
0.641026 , 0.897436 , -2.921358
0.641026 , 0.923077 , -2.963481
0.641026 , 0.948718 , -2.993543
0.641026 , 0.974359 , -3.011466
0.641026 , 1.000000 , -3.017475
0.666667 , 0.000000 , 1.364851
0.666667 , 0.025641 , 1.358072
0.666667 , 0.051282 , 1.338522
0.666667 , 0.076923 , 1.306343
0.666667 , 0.102564 , 1.262084
0.666667 , 0.128205 , 1.205815
0.666667 , 0.153846 , 1.136594
0.666667 , 0.179487 , 1.054266
0.666667 , 0.205128 , 0.959285
0.666667 , 0.230769 , 0.850560
0.666667 , 0.256410 , 0.729163
0.666667 , 0.282051 , 0.597387
0.666667 , 0.307692 , 0.453737
0.666667 , 0.333333 , 0.298226
0.666667 , 0.358974 , 0.132626
0.666667 , 0.384615 , -0.041282
0.666667 , 0.410256 , -0.222657
0.666667 , 0.435897 , -0.409684
0.666667 , 0.461538 , -0.601374
0.666667 , 0.487179 , -0.794605
0.666667 , 0.512821 , -0.988417
0.666667 , 0.538462 , -1.180758
0.666667 , 0.564103 , -1.370553
0.666667 , 0.589744 , -1.554917
0.666667 , 0.615385 , -1.733682
0.666667 , 0.641026 , -1.904412
0.666667 , 0.666667 , -2.065952
0.666667 , 0.692308 , -2.216990
0.666667 , 0.717949 , -2.358091
0.666667 , 0.743590 , -2.487684
0.666667 , 0.769231 , -2.606078
0.666667 , 0.794872 , -2.711896
0.666667 , 0.820513 , -2.805244
0.666667 , 0.846154 , -2.885577
0.666667 , 0.871795 , -2.953483
0.666667 , 0.897436 , -3.008892
0.666667 , 0.923077 , -3.052241
0.666667 , 0.948718 , -3.083619
0.666667 , 0.974359 , -3.102594
0.666667 , 1.000000 , -3.108679
0.692308 , 0.000000 , 1.602891
0.692308 , 0.025641 , 1.596361
0.692308 , 0.051282 , 1.576451
0.692308 , 0.076923 , 1.543245
0.692308 , 0.102564 , 1.497443
0.692308 , 0.128205 , 1.439055
0.692308 , 0.153846 , 1.366801
0.692308 , 0.179487 , 1.280493
0.692308 , 0.205128 , 1.180646
0.692308 , 0.230769 , 1.065611
0.692308 , 0.256410 , 0.935436
0.692308 , 0.282051 , 0.793638
0.692308 , 0.307692 , 0.637984
0.692308 , 0.333333 , 0.469218
0.692308 , 0.358974 , 0.288359
0.692308 , 0.384615 , 0.098782
0.692308 , 0.410256 , -0.099305
0.692308 , 0.435897 , -0.304334
0.692308 , 0.461538 , -0.514309
0.692308 , 0.487179 , -0.726839
0.692308 , 0.512821 , -0.939710
0.692308 , 0.538462 , -1.150778
0.692308 , 0.564103 , -1.358263
0.692308 , 0.589744 , -1.560097
0.692308 , 0.615385 , -1.755673
0.692308 , 0.641026 , -1.941959
0.692308 , 0.666667 , -2.116892
0.692308 , 0.692308 , -2.279701
0.692308 , 0.717949 , -2.431062
0.692308 , 0.743590 , -2.569012
0.692308 , 0.769231 , -2.693544
0.692308 , 0.794872 , -2.804088
0.692308 , 0.820513 , -2.901837
0.692308 , 0.846154 , -2.986192
0.692308 , 0.871795 , -3.056246
0.692308 , 0.897436 , -3.114235
0.692308 , 0.923077 , -3.159165
0.692308 , 0.948718 , -3.190879
0.692308 , 0.974359 , -3.210269
0.692308 , 1.000000 , -3.217382
0.717949 , 0.000000 , 1.848361
0.717949 , 0.025641 , 1.842376
0.717949 , 0.051282 , 1.822416
0.717949 , 0.076923 , 1.789127
0.717949 , 0.102564 , 1.742540
0.717949 , 0.128205 , 1.682598
0.717949 , 0.153846 , 1.607033
0.717949 , 0.179487 , 1.516719
0.717949 , 0.205128 , 1.412193
0.717949 , 0.230769 , 1.291217
0.717949 , 0.256410 , 1.152812
0.717949 , 0.282051 , 0.999553
0.717949 , 0.307692 , 0.830124
0.717949 , 0.333333 , 0.646963
0.717949 , 0.358974 , 0.451047
0.717949 , 0.384615 , 0.244507
0.717949 , 0.410256 , 0.028114
0.717949 , 0.435897 , -0.197049
0.717949 , 0.461538 , -0.427945
0.717949 , 0.487179 , -0.662023
0.717949 , 0.512821 , -0.896578
0.717949 , 0.538462 , -1.129114
0.717949 , 0.564103 , -1.357553
0.717949 , 0.589744 , -1.578798
0.717949 , 0.615385 , -1.791909
0.717949 , 0.641026 , -1.995150
0.717949 , 0.666667 , -2.186141
0.717949 , 0.692308 , -2.362836
0.717949 , 0.717949 , -2.525378
0.717949 , 0.743590 , -2.671503
0.717949 , 0.769231 , -2.801983
0.717949 , 0.794872 , -2.917208
0.717949 , 0.820513 , -3.019038
0.717949 , 0.846154 , -3.106731
0.717949 , 0.871795 , -3.179516
0.717949 , 0.897436 , -3.238714
0.717949 , 0.923077 , -3.284434
0.717949 , 0.948718 , -3.316814
0.717949 , 0.974359 , -3.336334
0.717949 , 1.000000 , -3.343053
0.743590 , 0.000000 , 2.101459
0.743590 , 0.025641 , 2.095635
0.743590 , 0.051282 , 2.076504
0.743590 , 0.076923 , 2.043763
0.743590 , 0.102564 , 1.997453
0.743590 , 0.128205 , 1.936474
0.743590 , 0.153846 , 1.859722
0.743590 , 0.179487 , 1.765995
0.743590 , 0.205128 , 1.657015
0.743590 , 0.230769 , 1.530299
0.743590 , 0.256410 , 1.383685
0.743590 , 0.282051 , 1.218762
0.743590 , 0.307692 , 1.035752
0.743590 , 0.333333 , 0.836856
0.743590 , 0.358974 , 0.623182
0.743590 , 0.384615 , 0.397326
0.743590 , 0.410256 , 0.160020
0.743590 , 0.435897 , -0.087181
0.743590 , 0.461538 , -0.341328
0.743590 , 0.487179 , -0.599690
0.743590 , 0.512821 , -0.858797
0.743590 , 0.538462 , -1.116157
0.743590 , 0.564103 , -1.368250
0.743590 , 0.589744 , -1.611788
0.743590 , 0.615385 , -1.844938
0.743590 , 0.641026 , -2.066943
0.743590 , 0.666667 , -2.274510
0.743590 , 0.692308 , -2.465590
0.743590 , 0.717949 , -2.640052
0.743590 , 0.743590 , -2.796569
0.743590 , 0.769231 , -2.934976
0.743590 , 0.794872 , -3.055189
0.743590 , 0.820513 , -3.160001
0.743590 , 0.846154 , -3.249670
0.743590 , 0.871795 , -3.323497
0.743590 , 0.897436 , -3.383082
0.743590 , 0.923077 , -3.428729
0.743590 , 0.948718 , -3.460900
0.743590 , 0.974359 , -3.479775
0.743590 , 1.000000 , -3.486416
0.769231 , 0.000000 , 2.362985
0.769231 , 0.025641 , 2.356675
0.769231 , 0.051282 , 2.338248
0.769231 , 0.076923 , 2.307364
0.769231 , 0.102564 , 2.261925
0.769231 , 0.128205 , 2.201568
0.769231 , 0.153846 , 2.124410
0.769231 , 0.179487 , 2.029545
0.769231 , 0.205128 , 1.916244
0.769231 , 0.230769 , 1.783981
0.769231 , 0.256410 , 1.628972
0.769231 , 0.282051 , 1.452472
0.769231 , 0.307692 , 1.254900
0.769231 , 0.333333 , 1.039433
0.769231 , 0.358974 , 0.806787
0.769231 , 0.384615 , 0.559809
0.769231 , 0.410256 , 0.298976
0.769231 , 0.435897 , 0.025926
0.769231 , 0.461538 , -0.254996
0.769231 , 0.487179 , -0.540499
0.769231 , 0.512821 , -0.827768
0.769231 , 0.538462 , -1.112689
0.769231 , 0.564103 , -1.391263
0.769231 , 0.589744 , -1.660090
0.769231 , 0.615385 , -1.916039
0.769231 , 0.641026 , -2.158484
0.769231 , 0.666667 , -2.384794
0.769231 , 0.692308 , -2.592505
0.769231 , 0.717949 , -2.779949
0.769231 , 0.743590 , -2.946517
0.769231 , 0.769231 , -3.092729
0.769231 , 0.794872 , -3.219225
0.769231 , 0.820513 , -3.327220
0.769231 , 0.846154 , -3.417221
0.769231 , 0.871795 , -3.489961
0.769231 , 0.897436 , -3.548162
0.769231 , 0.923077 , -3.592612
0.769231 , 0.948718 , -3.623336
0.769231 , 0.974359 , -3.640661
0.769231 , 1.000000 , -3.646629
0.794872 , 0.000000 , 2.630348
0.794872 , 0.025641 , 2.625092
0.794872 , 0.051282 , 2.608688
0.794872 , 0.076923 , 2.580045
0.794872 , 0.102564 , 2.537364
0.794872 , 0.128205 , 2.480094
0.794872 , 0.153846 , 2.404445
0.794872 , 0.179487 , 2.309324
0.794872 , 0.205128 , 2.193548
0.794872 , 0.230769 , 2.055597
0.794872 , 0.256410 , 1.892668
0.794872 , 0.282051 , 1.704430
0.794872 , 0.307692 , 1.491747
0.794872 , 0.333333 , 1.257354
0.794872 , 0.358974 , 1.003035
0.794872 , 0.384615 , 0.732647
0.794872 , 0.410256 , 0.445702
0.794872 , 0.435897 , 0.143808
0.794872 , 0.461538 , -0.167323
0.794872 , 0.487179 , -0.484003
0.794872 , 0.512821 , -0.803077
0.794872 , 0.538462 , -1.119242
0.794872 , 0.564103 , -1.427489
0.794872 , 0.589744 , -1.724744
0.794872 , 0.615385 , -2.006797
0.794872 , 0.641026 , -2.273448
0.794872 , 0.666667 , -2.520372
0.794872 , 0.692308 , -2.745545
0.794872 , 0.717949 , -2.947961
0.794872 , 0.743590 , -3.125903
0.794872 , 0.769231 , -3.280221
0.794872 , 0.794872 , -3.412051
0.794872 , 0.820513 , -3.522440
0.794872 , 0.846154 , -3.611548
0.794872 , 0.871795 , -3.681287
0.794872 , 0.897436 , -3.735733
0.794872 , 0.923077 , -3.776375
0.794872 , 0.948718 , -3.803606
0.794872 , 0.974359 , -3.819324
0.794872 , 1.000000 , -3.824737
0.820513 , 0.000000 , 2.902641
0.820513 , 0.025641 , 2.899149
0.820513 , 0.051282 , 2.886343
0.820513 , 0.076923 , 2.862488
0.820513 , 0.102564 , 2.825238
0.820513 , 0.128205 , 2.772838
0.820513 , 0.153846 , 2.701733
0.820513 , 0.179487 , 2.608054
0.820513 , 0.205128 , 2.490658
0.820513 , 0.230769 , 2.347764
0.820513 , 0.256410 , 2.177237
0.820513 , 0.282051 , 1.977848
0.820513 , 0.307692 , 1.748764
0.820513 , 0.333333 , 1.494143
0.820513 , 0.358974 , 1.216297
0.820513 , 0.384615 , 0.918153
0.820513 , 0.410256 , 0.600521
0.820513 , 0.435897 , 0.265855
0.820513 , 0.461538 , -0.078962
0.820513 , 0.487179 , -0.430967
0.820513 , 0.512821 , -0.785616
0.820513 , 0.538462 , -1.137703
0.820513 , 0.564103 , -1.479629
0.820513 , 0.589744 , -1.808715
0.820513 , 0.615385 , -2.120443
0.820513 , 0.641026 , -2.413110
0.820513 , 0.666667 , -2.683976
0.820513 , 0.692308 , -2.928620
0.820513 , 0.717949 , -3.147318
0.820513 , 0.743590 , -3.337040
0.820513 , 0.769231 , -3.497923
0.820513 , 0.794872 , -3.633663
0.820513 , 0.820513 , -3.745411
0.820513 , 0.846154 , -3.832785
0.820513 , 0.871795 , -3.898448
0.820513 , 0.897436 , -3.946658
0.820513 , 0.923077 , -3.981282
0.820513 , 0.948718 , -4.003346
0.820513 , 0.974359 , -4.015979
0.820513 , 1.000000 , -4.019505
0.846154 , 0.000000 , 3.179605
0.846154 , 0.025641 , 3.178089
0.846154 , 0.051282 , 3.170408
0.846154 , 0.076923 , 3.153516
0.846154 , 0.102564 , 3.124931
0.846154 , 0.128205 , 3.080277
0.846154 , 0.153846 , 3.016536
0.846154 , 0.179487 , 2.928044
0.846154 , 0.205128 , 2.810443
0.846154 , 0.230769 , 2.663712
0.846154 , 0.256410 , 2.485375
0.846154 , 0.282051 , 2.275177
0.846154 , 0.307692 , 2.029822
0.846154 , 0.333333 , 1.753673
0.846154 , 0.358974 , 1.449562
0.846154 , 0.384615 , 1.120331
0.846154 , 0.410256 , 0.768168
0.846154 , 0.435897 , 0.396807
0.846154 , 0.461538 , 0.012857
0.846154 , 0.487179 , -0.379709
0.846154 , 0.512821 , -0.775115
0.846154 , 0.538462 , -1.166823
0.846154 , 0.564103 , -1.548262
0.846154 , 0.589744 , -1.913708
0.846154 , 0.615385 , -2.259756
0.846154 , 0.641026 , -2.582479
0.846154 , 0.666667 , -2.878736
0.846154 , 0.692308 , -3.145121
0.846154 , 0.717949 , -3.380184
0.846154 , 0.743590 , -3.582315
0.846154 , 0.769231 , -3.750334
0.846154 , 0.794872 , -3.888134
0.846154 , 0.820513 , -3.998412
0.846154 , 0.846154 , -4.080714
0.846154 , 0.871795 , -4.139275
0.846154 , 0.897436 , -4.179018
0.846154 , 0.923077 , -4.204923
0.846154 , 0.948718 , -4.219510
0.846154 , 0.974359 , -4.226593
0.846154 , 1.000000 , -4.228776
0.871795 , 0.000000 , 3.458767
0.871795 , 0.025641 , 3.459315
0.871795 , 0.051282 , 3.458603
0.871795 , 0.076923 , 3.452449
0.871795 , 0.102564 , 3.436397
0.871795 , 0.128205 , 3.404060
0.871795 , 0.153846 , 3.350904
0.871795 , 0.179487 , 3.270854
0.871795 , 0.205128 , 3.157445
0.871795 , 0.230769 , 3.009004
0.871795 , 0.256410 , 2.823679
0.871795 , 0.282051 , 2.601728
0.871795 , 0.307692 , 2.339369
0.871795 , 0.333333 , 2.039716
0.871795 , 0.358974 , 1.705848
0.871795 , 0.384615 , 1.341936
0.871795 , 0.410256 , 0.950542
0.871795 , 0.435897 , 0.537337
0.871795 , 0.461538 , 0.108143
0.871795 , 0.487179 , -0.330348
0.871795 , 0.512821 , -0.771855
0.871795 , 0.538462 , -1.208625
0.871795 , 0.564103 , -1.634175
0.871795 , 0.589744 , -2.041902
0.871795 , 0.615385 , -2.427143
0.871795 , 0.641026 , -2.784967
0.871795 , 0.666667 , -3.109924
0.871795 , 0.692308 , -3.399095
0.871795 , 0.717949 , -3.651913
0.871795 , 0.743590 , -3.867318
0.871795 , 0.769231 , -4.042584
0.871795 , 0.794872 , -4.181118
0.871795 , 0.820513 , -4.286083
0.871795 , 0.846154 , -4.359722
0.871795 , 0.871795 , -4.406545
0.871795 , 0.897436 , -4.433485
0.871795 , 0.923077 , -4.445664
0.871795 , 0.948718 , -4.449510
0.871795 , 0.974359 , -4.449077
0.871795 , 1.000000 , -4.448897
0.897436 , 0.000000 , 3.733243
0.897436 , 0.025641 , 3.737111
0.897436 , 0.051282 , 3.747053
0.897436 , 0.076923 , 3.756974
0.897436 , 0.102564 , 3.759471
0.897436 , 0.128205 , 3.745737
0.897436 , 0.153846 , 3.709061
0.897436 , 0.179487 , 3.641154
0.897436 , 0.205128 , 3.535048
0.897436 , 0.230769 , 3.387771
0.897436 , 0.256410 , 3.197278
0.897436 , 0.282051 , 2.962531
0.897436 , 0.307692 , 2.681450
0.897436 , 0.333333 , 2.356181
0.897436 , 0.358974 , 1.989579
0.897436 , 0.384615 , 1.586889
0.897436 , 0.410256 , 1.151644
0.897436 , 0.435897 , 0.689618
0.897436 , 0.461538 , 0.209169
0.897436 , 0.487179 , -0.281935
0.897436 , 0.512821 , -0.776348
0.897436 , 0.538462 , -1.265775
0.897436 , 0.564103 , -1.742152
0.897436 , 0.589744 , -2.197375
0.897436 , 0.615385 , -2.626404
0.897436 , 0.641026 , -3.023047
0.897436 , 0.666667 , -3.381726
0.897436 , 0.692308 , -3.696308
0.897436 , 0.717949 , -3.967569
0.897436 , 0.743590 , -4.195646
0.897436 , 0.769231 , -4.377874
0.897436 , 0.794872 , -4.515169
0.897436 , 0.820513 , -4.611510
0.897436 , 0.846154 , -4.671958
0.897436 , 0.871795 , -4.702315
0.897436 , 0.897436 , -4.710114
0.897436 , 0.923077 , -4.703112
0.897436 , 0.948718 , -4.690574
0.897436 , 0.974359 , -4.679973
0.897436 , 1.000000 , -4.675979
0.923077 , 0.000000 , 3.994730
0.923077 , 0.025641 , 4.004676
0.923077 , 0.051282 , 4.030926
0.923077 , 0.076923 , 4.064365
0.923077 , 0.102564 , 4.093672
0.923077 , 0.128205 , 4.106320
0.923077 , 0.153846 , 4.093004
0.923077 , 0.179487 , 4.043307
0.923077 , 0.205128 , 3.949790
0.923077 , 0.230769 , 3.807650
0.923077 , 0.256410 , 3.613583
0.923077 , 0.282051 , 3.365681
0.923077 , 0.307692 , 3.063821
0.923077 , 0.333333 , 2.709554
0.923077 , 0.358974 , 2.306290
0.923077 , 0.384615 , 1.859280
0.923077 , 0.410256 , 1.373994
0.923077 , 0.435897 , 0.857005
0.923077 , 0.461538 , 0.317988
0.923077 , 0.487179 , -0.233985
0.923077 , 0.512821 , -0.789749
0.923077 , 0.538462 , -1.339765
0.923077 , 0.564103 , -1.874680
0.923077 , 0.589744 , -2.385403
0.923077 , 0.615385 , -2.864251
0.923077 , 0.641026 , -3.304570
0.923077 , 0.666667 , -3.700452
0.923077 , 0.692308 , -4.044059
0.923077 , 0.717949 , -4.335875
0.923077 , 0.743590 , -4.575733
0.923077 , 0.769231 , -4.762099
0.923077 , 0.794872 , -4.895544
0.923077 , 0.820513 , -4.979815
0.923077 , 0.846154 , -5.021094
0.923077 , 0.871795 , -5.027672
0.923077 , 0.897436 , -5.008704
0.923077 , 0.923077 , -4.975047
0.923077 , 0.948718 , -4.938606
0.923077 , 0.974359 , -4.911223
0.923077 , 1.000000 , -4.901024
0.948718 , 0.000000 , 4.231415
0.948718 , 0.025641 , 4.251403
0.948718 , 0.051282 , 4.303158
0.948718 , 0.076923 , 4.371646
0.948718 , 0.102564 , 4.439296
0.948718 , 0.128205 , 4.489588
0.948718 , 0.153846 , 4.508936
0.948718 , 0.179487 , 4.485806
0.948718 , 0.205128 , 4.409809
0.948718 , 0.230769 , 4.276142
0.948718 , 0.256410 , 4.079963
0.948718 , 0.282051 , 3.819467
0.948718 , 0.307692 , 3.494739
0.948718 , 0.333333 , 3.107958
0.948718 , 0.358974 , 2.662497
0.948718 , 0.384615 , 2.164683
0.948718 , 0.410256 , 1.621869
0.948718 , 0.435897 , 1.041921
0.948718 , 0.461538 , 0.435536
0.948718 , 0.487179 , -0.186542
0.948718 , 0.512821 , -0.812809
0.948718 , 0.538462 , -1.433024
0.948718 , 0.564103 , -2.035990
0.948718 , 0.589744 , -2.610053
0.948718 , 0.615385 , -3.146635
0.948718 , 0.641026 , -3.636736
0.948718 , 0.666667 , -4.073510
0.948718 , 0.692308 , -4.450630
0.948718 , 0.717949 , -4.765033
0.948718 , 0.743590 , -5.016859
0.948718 , 0.769231 , -5.205065
0.948718 , 0.794872 , -5.329986
0.948718 , 0.820513 , -5.396950
0.948718 , 0.846154 , -5.411985
0.948718 , 0.871795 , -5.385681
0.948718 , 0.897436 , -5.329580
0.948718 , 0.923077 , -5.257795
0.948718 , 0.948718 , -5.186687
0.948718 , 0.974359 , -5.132776
0.948718 , 1.000000 , -5.112216
0.974359 , 0.000000 , 4.424362
0.974359 , 0.025641 , 4.461545
0.974359 , 0.051282 , 4.555034
0.974359 , 0.076923 , 4.675365
0.974359 , 0.102564 , 4.797004
0.974359 , 0.128205 , 4.898682
0.974359 , 0.153846 , 4.962957
0.974359 , 0.179487 , 4.975094
0.974359 , 0.205128 , 4.923819
0.974359 , 0.230769 , 4.802588
0.974359 , 0.256410 , 4.606466
0.974359 , 0.282051 , 4.333866
0.974359 , 0.307692 , 3.984684
0.974359 , 0.333333 , 3.560973
0.974359 , 0.358974 , 3.067633
0.974359 , 0.384615 , 2.512231
0.974359 , 0.410256 , 1.903194
0.974359 , 0.435897 , 1.250650
0.974359 , 0.461538 , 0.566122
0.974359 , 0.487179 , -0.137815
0.974359 , 0.512821 , -0.846957
0.974359 , 0.538462 , -1.548546
0.974359 , 0.564103 , -2.229528
0.974359 , 0.589744 , -2.876702
0.974359 , 0.615385 , -3.478963
0.974359 , 0.641026 , -4.026564
0.974359 , 0.666667 , -4.510497
0.974359 , 0.692308 , -4.924717
0.974359 , 0.717949 , -5.264666
0.974359 , 0.743590 , -5.528227
0.974359 , 0.769231 , -5.715368
0.974359 , 0.794872 , -5.827735
0.974359 , 0.820513 , -5.870213
0.974359 , 0.846154 , -5.850434
0.974359 , 0.871795 , -5.780016
0.974359 , 0.897436 , -5.673428
0.974359 , 0.923077 , -5.547662
0.974359 , 0.948718 , -5.424239
0.974359 , 0.974359 , -5.328350
0.974359 , 1.000000 , -5.289413
1.000000 , 0.000000 , 4.536391
1.000000 , 0.025641 , 4.611972
1.000000 , 0.051282 , 4.776707
1.000000 , 0.076923 , 4.974780
1.000000 , 0.102564 , 5.171088
1.000000 , 0.128205 , 5.340561
1.000000 , 0.153846 , 5.462740
1.000000 , 0.179487 , 5.521098
1.000000 , 0.205128 , 5.502590
1.000000 , 0.230769 , 5.398963
1.000000 , 0.256410 , 5.205610
1.000000 , 0.282051 , 4.920558
1.000000 , 0.307692 , 4.544158
1.000000 , 0.333333 , 4.079052
1.000000 , 0.358974 , 3.530870
1.000000 , 0.384615 , 2.908785
1.000000 , 0.410256 , 2.223475
1.000000 , 0.435897 , 1.486171
1.000000 , 0.461538 , 0.710899
1.000000 , 0.487179 , -0.087153
1.000000 , 0.512821 , -0.891635
1.000000 , 0.538462 , -1.687980
1.000000 , 0.564103 , -2.459680
1.000000 , 0.589744 , -3.191892
1.000000 , 0.615385 , -3.870979
1.000000 , 0.641026 , -4.484622
1.000000 , 0.666667 , -5.022829
1.000000 , 0.692308 , -5.478587
1.000000 , 0.717949 , -5.846022
1.000000 , 0.743590 , -6.121719
1.000000 , 0.769231 , -6.305957
1.000000 , 0.794872 , -6.400495
1.000000 , 0.820513 , -6.410714
1.000000 , 0.846154 , -6.345670
1.000000 , 0.871795 , -6.217201
1.000000 , 0.897436 , -6.043300
1.000000 , 0.923077 , -5.842876
1.000000 , 0.948718 , -5.641098
1.000000 , 0.974359 , -5.473402
1.000000 , 1.000000 , -5.396707
