0.000000 , 0.000000 , 3.929149
0.000000 , 0.025641 , 3.929149
0.000000 , 0.051282 , 3.929149
0.000000 , 0.076923 , 3.929149
0.000000 , 0.102564 , 3.929149
0.000000 , 0.128205 , 3.929149
0.000000 , 0.153846 , 3.929149
0.000000 , 0.179487 , 3.929149
0.000000 , 0.205128 , 3.929149
0.000000 , 0.230769 , 3.929149
0.000000 , 0.256410 , 3.929149
0.000000 , 0.282051 , 3.929149
0.000000 , 0.307692 , 3.929149
0.000000 , 0.333333 , 3.929149
0.000000 , 0.358974 , 3.929149
0.000000 , 0.384615 , 3.929149
0.000000 , 0.410256 , 3.929149
0.000000 , 0.435897 , 3.929149
0.000000 , 0.461538 , 3.929149
0.000000 , 0.487179 , 3.929149
0.000000 , 0.512821 , 3.929149
0.000000 , 0.538462 , 3.929149
0.000000 , 0.564103 , 3.929149
0.000000 , 0.589744 , 3.929149
0.000000 , 0.615385 , 3.929149
0.000000 , 0.641026 , 3.929149
0.000000 , 0.666667 , 3.929149
0.000000 , 0.692308 , 3.929149
0.000000 , 0.717949 , 3.929149
0.000000 , 0.743590 , 3.929149
0.000000 , 0.769231 , 3.929149
0.000000 , 0.794872 , 3.929149
0.000000 , 0.820513 , 3.929149
0.000000 , 0.846154 , 3.929149
0.000000 , 0.871795 , 3.929149
0.000000 , 0.897436 , 3.929149
0.000000 , 0.923077 , 3.929149
0.000000 , 0.948718 , 3.929149
0.000000 , 0.974359 , 3.929149
0.000000 , 1.000000 , 3.929149
0.025641 , 0.000000 , 3.850376
0.025641 , 0.025641 , 3.849947
0.025641 , 0.051282 , 3.850328
0.025641 , 0.076923 , 3.850385
0.025641 , 0.102564 , 3.849676
0.025641 , 0.128205 , 3.848407
0.025641 , 0.153846 , 3.846257
0.025641 , 0.179487 , 3.843792
0.025641 , 0.205128 , 3.841283
0.025641 , 0.230769 , 3.838235
0.025641 , 0.256410 , 3.834326
0.025641 , 0.282051 , 3.830253
0.025641 , 0.307692 , 3.825205
0.025641 , 0.333333 , 3.820671
0.025641 , 0.358974 , 3.815351
0.025641 , 0.384615 , 3.810019
0.025641 , 0.410256 , 3.804219
0.025641 , 0.435897 , 3.798240
0.025641 , 0.461538 , 3.792221
0.025641 , 0.487179 , 3.786481
0.025641 , 0.512821 , 3.780967
0.025641 , 0.538462 , 3.774528
0.025641 , 0.564103 , 3.768654
0.025641 , 0.589744 , 3.762931
0.025641 , 0.615385 , 3.758513
0.025641 , 0.641026 , 3.753838
0.025641 , 0.666667 , 3.749134
0.025641 , 0.692308 , 3.745026
0.025641 , 0.717949 , 3.741345
0.025641 , 0.743590 , 3.737443
0.025641 , 0.769231 , 3.734380
0.025641 , 0.794872 , 3.731576
0.025641 , 0.820513 , 3.729195
0.025641 , 0.846154 , 3.726713
0.025641 , 0.871795 , 3.725021
0.025641 , 0.897436 , 3.723454
0.025641 , 0.923077 , 3.722145
0.025641 , 0.948718 , 3.722302
0.025641 , 0.974359 , 3.721899
0.025641 , 1.000000 , 3.721251
0.051282 , 0.000000 , 3.767786
0.051282 , 0.025641 , 3.767711
0.051282 , 0.051282 , 3.767334
0.051282 , 0.076923 , 3.766926
0.051282 , 0.102564 , 3.765663
0.051282 , 0.128205 , 3.763097
0.051282 , 0.153846 , 3.759674
0.051282 , 0.179487 , 3.755231
0.051282 , 0.205128 , 3.749512
0.051282 , 0.230769 , 3.743200
0.051282 , 0.256410 , 3.736300
0.051282 , 0.282051 , 3.728038
0.051282 , 0.307692 , 3.719104
0.051282 , 0.333333 , 3.709529
0.051282 , 0.358974 , 3.699590
0.051282 , 0.384615 , 3.688423
0.051282 , 0.410256 , 3.676741
0.051282 , 0.435897 , 3.665107
0.051282 , 0.461538 , 3.653215
0.051282 , 0.487179 , 3.641802
0.051282 , 0.512821 , 3.630259
0.051282 , 0.538462 , 3.618559
0.051282 , 0.564103 , 3.606895
0.051282 , 0.589744 , 3.596161
0.051282 , 0.615385 , 3.585993
0.051282 , 0.641026 , 3.575855
0.051282 , 0.666667 , 3.566616
0.051282 , 0.692308 , 3.558705
0.051282 , 0.717949 , 3.551116
0.051282 , 0.743590 , 3.544108
0.051282 , 0.769231 , 3.537037
0.051282 , 0.794872 , 3.531404
0.051282 , 0.820513 , 3.526587
0.051282 , 0.846154 , 3.522436
0.051282 , 0.871795 , 3.518553
0.051282 , 0.897436 , 3.516152
0.051282 , 0.923077 , 3.514255
0.051282 , 0.948718 , 3.513176
0.051282 , 0.974359 , 3.512828
0.051282 , 1.000000 , 3.512597
0.076923 , 0.000000 , 3.682106
0.076923 , 0.025641 , 3.681395
0.076923 , 0.051282 , 3.681123
0.076923 , 0.076923 , 3.680489
0.076923 , 0.102564 , 3.678318
0.076923 , 0.128205 , 3.674997
0.076923 , 0.153846 , 3.670007
0.076923 , 0.179487 , 3.663211
0.076923 , 0.205128 , 3.655176
0.076923 , 0.230769 , 3.645918
0.076923 , 0.256410 , 3.634808
0.076923 , 0.282051 , 3.622657
0.076923 , 0.307692 , 3.610310
0.076923 , 0.333333 , 3.596645
0.076923 , 0.358974 , 3.581597
0.076923 , 0.384615 , 3.564751
0.076923 , 0.410256 , 3.547681
0.076923 , 0.435897 , 3.530608
0.076923 , 0.461538 , 3.513241
0.076923 , 0.487179 , 3.495886
0.076923 , 0.512821 , 3.478679
0.076923 , 0.538462 , 3.461226
0.076923 , 0.564103 , 3.444736
0.076923 , 0.589744 , 3.428376
0.076923 , 0.615385 , 3.412972
0.076923 , 0.641026 , 3.397431
0.076923 , 0.666667 , 3.383759
0.076923 , 0.692308 , 3.371252
0.076923 , 0.717949 , 3.360216
0.076923 , 0.743590 , 3.349780
0.076923 , 0.769231 , 3.339479
0.076923 , 0.794872 , 3.330541
0.076923 , 0.820513 , 3.322516
0.076923 , 0.846154 , 3.316653
0.076923 , 0.871795 , 3.312083
0.076923 , 0.897436 , 3.308398
0.076923 , 0.923077 , 3.305524
0.076923 , 0.948718 , 3.303186
0.076923 , 0.974359 , 3.302276
0.076923 , 1.000000 , 3.302307
0.102564 , 0.000000 , 3.594481
0.102564 , 0.025641 , 3.594271
0.102564 , 0.051282 , 3.592585
0.102564 , 0.076923 , 3.591866
0.102564 , 0.102564 , 3.589093
0.102564 , 0.128205 , 3.584817
0.102564 , 0.153846 , 3.578271
0.102564 , 0.179487 , 3.569485
0.102564 , 0.205128 , 3.558537
0.102564 , 0.230769 , 3.546088
0.102564 , 0.256410 , 3.532334
0.102564 , 0.282051 , 3.516245
0.102564 , 0.307692 , 3.499718
0.102564 , 0.333333 , 3.482286
0.102564 , 0.358974 , 3.462304
0.102564 , 0.384615 , 3.439960
0.102564 , 0.410256 , 3.416811
0.102564 , 0.435897 , 3.394028
0.102564 , 0.461538 , 3.371471
0.102564 , 0.487179 , 3.348892
0.102564 , 0.512821 , 3.326410
0.102564 , 0.538462 , 3.304181
0.102564 , 0.564103 , 3.282011
0.102564 , 0.589744 , 3.260372
0.102564 , 0.615385 , 3.239544
0.102564 , 0.641026 , 3.219921
0.102564 , 0.666667 , 3.201322
0.102564 , 0.692308 , 3.184765
0.102564 , 0.717949 , 3.169251
0.102564 , 0.743590 , 3.154740
0.102564 , 0.769231 , 3.141382
0.102564 , 0.794872 , 3.129841
0.102564 , 0.820513 , 3.118722
0.102564 , 0.846154 , 3.110840
0.102564 , 0.871795 , 3.104985
0.102564 , 0.897436 , 3.100077
0.102564 , 0.923077 , 3.096458
0.102564 , 0.948718 , 3.092914
0.102564 , 0.974359 , 3.091326
0.102564 , 1.000000 , 3.091792
0.128205 , 0.000000 , 3.506100
0.128205 , 0.025641 , 3.505913
0.128205 , 0.051282 , 3.504655
0.128205 , 0.076923 , 3.502493
0.128205 , 0.102564 , 3.498860
0.128205 , 0.128205 , 3.493352
0.128205 , 0.153846 , 3.485449
0.128205 , 0.179487 , 3.474916
0.128205 , 0.205128 , 3.461585
0.128205 , 0.230769 , 3.446152
0.128205 , 0.256410 , 3.429883
0.128205 , 0.282051 , 3.410921
0.128205 , 0.307692 , 3.390160
0.128205 , 0.333333 , 3.367443
0.128205 , 0.358974 , 3.342339
0.128205 , 0.384615 , 3.314740
0.128205 , 0.410256 , 3.286280
0.128205 , 0.435897 , 3.257818
0.128205 , 0.461538 , 3.230554
0.128205 , 0.487179 , 3.202584
0.128205 , 0.512821 , 3.174607
0.128205 , 0.538462 , 3.146692
0.128205 , 0.564103 , 3.119458
0.128205 , 0.589744 , 3.092344
0.128205 , 0.615385 , 3.066655
0.128205 , 0.641026 , 3.042456
0.128205 , 0.666667 , 3.019347
0.128205 , 0.692308 , 2.998243
0.128205 , 0.717949 , 2.978540
0.128205 , 0.743590 , 2.959902
0.128205 , 0.769231 , 2.943288
0.128205 , 0.794872 , 2.929050
0.128205 , 0.820513 , 2.915830
0.128205 , 0.846154 , 2.905536
0.128205 , 0.871795 , 2.897996
0.128205 , 0.897436 , 2.892150
0.128205 , 0.923077 , 2.887613
0.128205 , 0.948718 , 2.883243
0.128205 , 0.974359 , 2.881198
0.128205 , 1.000000 , 2.881133
0.153846 , 0.000000 , 3.417420
0.153846 , 0.025641 , 3.416890
0.153846 , 0.051282 , 3.415398
0.153846 , 0.076923 , 3.412489
0.153846 , 0.102564 , 3.407464
0.153846 , 0.128205 , 3.400939
0.153846 , 0.153846 , 3.392070
0.153846 , 0.179487 , 3.379969
0.153846 , 0.205128 , 3.365055
0.153846 , 0.230769 , 3.347659
0.153846 , 0.256410 , 3.328269
0.153846 , 0.282051 , 3.305989
0.153846 , 0.307692 , 3.281317
0.153846 , 0.333333 , 3.253435
0.153846 , 0.358974 , 3.222862
0.153846 , 0.384615 , 3.190310
0.153846 , 0.410256 , 3.157378
0.153846 , 0.435897 , 3.123599
0.153846 , 0.461538 , 3.090965
0.153846 , 0.487179 , 3.058089
0.153846 , 0.512821 , 3.024262
0.153846 , 0.538462 , 2.990043
0.153846 , 0.564103 , 2.956814
0.153846 , 0.589744 , 2.924445
0.153846 , 0.615385 , 2.894266
0.153846 , 0.641026 , 2.866136
0.153846 , 0.666667 , 2.838741
0.153846 , 0.692308 , 2.812841
0.153846 , 0.717949 , 2.789337
0.153846 , 0.743590 , 2.767086
0.153846 , 0.769231 , 2.747328
0.153846 , 0.794872 , 2.729604
0.153846 , 0.820513 , 2.714271
0.153846 , 0.846154 , 2.701188
0.153846 , 0.871795 , 2.691527
0.153846 , 0.897436 , 2.683955
0.153846 , 0.923077 , 2.678109
0.153846 , 0.948718 , 2.673080
0.153846 , 0.974359 , 2.670373
0.153846 , 1.000000 , 2.669808
0.179487 , 0.000000 , 3.329481
0.179487 , 0.025641 , 3.328776
0.179487 , 0.051282 , 3.326386
0.179487 , 0.076923 , 3.322121
0.179487 , 0.102564 , 3.316020
0.179487 , 0.128205 , 3.308779
0.179487 , 0.153846 , 3.298811
0.179487 , 0.179487 , 3.285152
0.179487 , 0.205128 , 3.268299
0.179487 , 0.230769 , 3.248745
0.179487 , 0.256410 , 3.226126
0.179487 , 0.282051 , 3.200895
0.179487 , 0.307692 , 3.172026
0.179487 , 0.333333 , 3.139441
0.179487 , 0.358974 , 3.103670
0.179487 , 0.384615 , 3.066526
0.179487 , 0.410256 , 3.028444
0.179487 , 0.435897 , 2.990472
0.179487 , 0.461538 , 2.952069
0.179487 , 0.487179 , 2.913772
0.179487 , 0.512821 , 2.874057
0.179487 , 0.538462 , 2.834056
0.179487 , 0.564103 , 2.794771
0.179487 , 0.589744 , 2.757459
0.179487 , 0.615385 , 2.722176
0.179487 , 0.641026 , 2.689446
0.179487 , 0.666667 , 2.658150
0.179487 , 0.692308 , 2.628017
0.179487 , 0.717949 , 2.599797
0.179487 , 0.743590 , 2.574118
0.179487 , 0.769231 , 2.550957
0.179487 , 0.794872 , 2.530858
0.179487 , 0.820513 , 2.512504
0.179487 , 0.846154 , 2.497320
0.179487 , 0.871795 , 2.485122
0.179487 , 0.897436 , 2.475941
0.179487 , 0.923077 , 2.468485
0.179487 , 0.948718 , 2.462870
0.179487 , 0.974359 , 2.459585
0.179487 , 1.000000 , 2.458006
0.205128 , 0.000000 , 3.242997
0.205128 , 0.025641 , 3.242502
0.205128 , 0.051282 , 3.239434
0.205128 , 0.076923 , 3.234144
0.205128 , 0.102564 , 3.226535
0.205128 , 0.128205 , 3.217969
0.205128 , 0.153846 , 3.206738
0.205128 , 0.179487 , 3.191165
0.205128 , 0.205128 , 3.171909
0.205128 , 0.230769 , 3.149127
0.205128 , 0.256410 , 3.123255
0.205128 , 0.282051 , 3.094706
0.205128 , 0.307692 , 3.062486
0.205128 , 0.333333 , 3.026378
0.205128 , 0.358974 , 2.986122
0.205128 , 0.384615 , 2.944255
0.205128 , 0.410256 , 2.901464
0.205128 , 0.435897 , 2.858845
0.205128 , 0.461538 , 2.815154
0.205128 , 0.487179 , 2.770574
0.205128 , 0.512821 , 2.725253
0.205128 , 0.538462 , 2.679459
0.205128 , 0.564103 , 2.634972
0.205128 , 0.589744 , 2.592784
0.205128 , 0.615385 , 2.552820
0.205128 , 0.641026 , 2.514262
0.205128 , 0.666667 , 2.477859
0.205128 , 0.692308 , 2.443708
0.205128 , 0.717949 , 2.411840
0.205128 , 0.743590 , 2.383279
0.205128 , 0.769231 , 2.357463
0.205128 , 0.794872 , 2.333573
0.205128 , 0.820513 , 2.312781
0.205128 , 0.846154 , 2.295011
0.205128 , 0.871795 , 2.280583
0.205128 , 0.897436 , 2.268593
0.205128 , 0.923077 , 2.259641
0.205128 , 0.948718 , 2.252887
0.205128 , 0.974359 , 2.248853
0.205128 , 1.000000 , 2.247015
0.230769 , 0.000000 , 3.159718
0.230769 , 0.025641 , 3.158864
0.230769 , 0.051282 , 3.155151
0.230769 , 0.076923 , 3.149422
0.230769 , 0.102564 , 3.140758
0.230769 , 0.128205 , 3.130243
0.230769 , 0.153846 , 3.116880
0.230769 , 0.179487 , 3.099443
0.230769 , 0.205128 , 3.076915
0.230769 , 0.230769 , 3.050756
0.230769 , 0.256410 , 3.021356
0.230769 , 0.282051 , 2.989115
0.230769 , 0.307692 , 2.953688
0.230769 , 0.333333 , 2.913525
0.230769 , 0.358974 , 2.869845
0.230769 , 0.384615 , 2.823869
0.230769 , 0.410256 , 2.776424
0.230769 , 0.435897 , 2.728561
0.230769 , 0.461538 , 2.679190
0.230769 , 0.487179 , 2.629436
0.230769 , 0.512821 , 2.578542
0.230769 , 0.538462 , 2.527255
0.230769 , 0.564103 , 2.477286
0.230769 , 0.589744 , 2.430544
0.230769 , 0.615385 , 2.385324
0.230769 , 0.641026 , 2.341568
0.230769 , 0.666667 , 2.300739
0.230769 , 0.692308 , 2.262877
0.230769 , 0.717949 , 2.226838
0.230769 , 0.743590 , 2.194183
0.230769 , 0.769231 , 2.164831
0.230769 , 0.794872 , 2.138277
0.230769 , 0.820513 , 2.114695
0.230769 , 0.846154 , 2.094382
0.230769 , 0.871795 , 2.077016
0.230769 , 0.897436 , 2.063133
0.230769 , 0.923077 , 2.052194
0.230769 , 0.948718 , 2.044463
0.230769 , 0.974359 , 2.039526
0.230769 , 1.000000 , 2.037665
0.256410 , 0.000000 , 3.079429
0.256410 , 0.025641 , 3.078320
0.256410 , 0.051282 , 3.074332
0.256410 , 0.076923 , 3.067576
0.256410 , 0.102564 , 3.058073
0.256410 , 0.128205 , 3.045413
0.256410 , 0.153846 , 3.029480
0.256410 , 0.179487 , 3.009069
0.256410 , 0.205128 , 2.983868
0.256410 , 0.230769 , 2.954363
0.256410 , 0.256410 , 2.921849
0.256410 , 0.282051 , 2.885364
0.256410 , 0.307692 , 2.846331
0.256410 , 0.333333 , 2.802679
0.256410 , 0.358974 , 2.755948
0.256410 , 0.384615 , 2.706127
0.256410 , 0.410256 , 2.653939
0.256410 , 0.435897 , 2.600516
0.256410 , 0.461538 , 2.545444
0.256410 , 0.487179 , 2.489704
0.256410 , 0.512821 , 2.434041
0.256410 , 0.538462 , 2.378205
0.256410 , 0.564103 , 2.323480
0.256410 , 0.589744 , 2.270736
0.256410 , 0.615385 , 2.220668
0.256410 , 0.641026 , 2.171832
0.256410 , 0.666667 , 2.125969
0.256410 , 0.692308 , 2.083545
0.256410 , 0.717949 , 2.043391
0.256410 , 0.743590 , 2.006481
0.256410 , 0.769231 , 1.973126
0.256410 , 0.794872 , 1.943234
0.256410 , 0.820513 , 1.917366
0.256410 , 0.846154 , 1.894545
0.256410 , 0.871795 , 1.875508
0.256410 , 0.897436 , 1.859457
0.256410 , 0.923077 , 1.846533
0.256410 , 0.948718 , 1.836712
0.256410 , 0.974359 , 1.831267
0.256410 , 1.000000 , 1.829286
0.282051 , 0.000000 , 3.002300
0.282051 , 0.025641 , 3.001309
0.282051 , 0.051282 , 2.996619
0.282051 , 0.076923 , 2.989188
0.282051 , 0.102564 , 2.978333
0.282051 , 0.128205 , 2.963505
0.282051 , 0.153846 , 2.944681
0.282051 , 0.179487 , 2.921870
0.282051 , 0.205128 , 2.894372
0.282051 , 0.230769 , 2.862216
0.282051 , 0.256410 , 2.825690
0.282051 , 0.282051 , 2.785054
0.282051 , 0.307692 , 2.741203
0.282051 , 0.333333 , 2.693856
0.282051 , 0.358974 , 2.643731
0.282051 , 0.384615 , 2.590259
0.282051 , 0.410256 , 2.533928
0.282051 , 0.435897 , 2.475617
0.282051 , 0.461538 , 2.415195
0.282051 , 0.487179 , 2.353921
0.282051 , 0.512821 , 2.293036
0.282051 , 0.538462 , 2.233076
0.282051 , 0.564103 , 2.173764
0.282051 , 0.589744 , 2.115629
0.282051 , 0.615385 , 2.059323
0.282051 , 0.641026 , 2.005601
0.282051 , 0.666667 , 1.955084
0.282051 , 0.692308 , 1.907455
0.282051 , 0.717949 , 1.862634
0.282051 , 0.743590 , 1.821713
0.282051 , 0.769231 , 1.784261
0.282051 , 0.794872 , 1.751175
0.282051 , 0.820513 , 1.721217
0.282051 , 0.846154 , 1.695999
0.282051 , 0.871795 , 1.674749
0.282051 , 0.897436 , 1.656862
0.282051 , 0.923077 , 1.641964
0.282051 , 0.948718 , 1.631024
0.282051 , 0.974359 , 1.624961
0.282051 , 1.000000 , 1.622695
0.307692 , 0.000000 , 2.930648
0.307692 , 0.025641 , 2.929455
0.307692 , 0.051282 , 2.924276
0.307692 , 0.076923 , 2.915460
0.307692 , 0.102564 , 2.902209
0.307692 , 0.128205 , 2.885546
0.307692 , 0.153846 , 2.864254
0.307692 , 0.179487 , 2.838595
0.307692 , 0.205128 , 2.808682
0.307692 , 0.230769 , 2.773267
0.307692 , 0.256410 , 2.733183
0.307692 , 0.282051 , 2.689132
0.307692 , 0.307692 , 2.641021
0.307692 , 0.333333 , 2.588619
0.307692 , 0.358974 , 2.534279
0.307692 , 0.384615 , 2.477188
0.307692 , 0.410256 , 2.416850
0.307692 , 0.435897 , 2.354107
0.307692 , 0.461538 , 2.288980
0.307692 , 0.487179 , 2.222528
0.307692 , 0.512821 , 2.156560
0.307692 , 0.538462 , 2.091162
0.307692 , 0.564103 , 2.026726
0.307692 , 0.589744 , 1.963071
0.307692 , 0.615385 , 1.901026
0.307692 , 0.641026 , 1.842262
0.307692 , 0.666667 , 1.787243
0.307692 , 0.692308 , 1.734932
0.307692 , 0.717949 , 1.685002
0.307692 , 0.743590 , 1.639626
0.307692 , 0.769231 , 1.597771
0.307692 , 0.794872 , 1.560158
0.307692 , 0.820513 , 1.526498
0.307692 , 0.846154 , 1.497472
0.307692 , 0.871795 , 1.474362
0.307692 , 0.897436 , 1.454424
0.307692 , 0.923077 , 1.438685
0.307692 , 0.948718 , 1.426716
0.307692 , 0.974359 , 1.420165
0.307692 , 1.000000 , 1.417899
0.333333 , 0.000000 , 2.865468
0.333333 , 0.025641 , 2.864255
0.333333 , 0.051282 , 2.857809
0.333333 , 0.076923 , 2.847611
0.333333 , 0.102564 , 2.832446
0.333333 , 0.128205 , 2.813060
0.333333 , 0.153846 , 2.789265
0.333333 , 0.179487 , 2.760696
0.333333 , 0.205128 , 2.726992
0.333333 , 0.230769 , 2.688299
0.333333 , 0.256410 , 2.644667
0.333333 , 0.282051 , 2.596861
0.333333 , 0.307692 , 2.544763
0.333333 , 0.333333 , 2.488505
0.333333 , 0.358974 , 2.429524
0.333333 , 0.384615 , 2.367883
0.333333 , 0.410256 , 2.302934
0.333333 , 0.435897 , 2.235447
0.333333 , 0.461538 , 2.165498
0.333333 , 0.487179 , 2.093794
0.333333 , 0.512821 , 2.022416
0.333333 , 0.538462 , 1.951674
0.333333 , 0.564103 , 1.881560
0.333333 , 0.589744 , 1.812782
0.333333 , 0.615385 , 1.746139
0.333333 , 0.641026 , 1.682385
0.333333 , 0.666667 , 1.621985
0.333333 , 0.692308 , 1.563931
0.333333 , 0.717949 , 1.509119
0.333333 , 0.743590 , 1.458702
0.333333 , 0.769231 , 1.413042
0.333333 , 0.794872 , 1.372043
0.333333 , 0.820513 , 1.334594
0.333333 , 0.846154 , 1.301851
0.333333 , 0.871795 , 1.275984
0.333333 , 0.897436 , 1.253413
0.333333 , 0.923077 , 1.236172
0.333333 , 0.948718 , 1.223631
0.333333 , 0.974359 , 1.216680
0.333333 , 1.000000 , 1.214437
0.358974 , 0.000000 , 2.807064
0.358974 , 0.025641 , 2.805541
0.358974 , 0.051282 , 2.798408
0.358974 , 0.076923 , 2.786430
0.358974 , 0.102564 , 2.769289
0.358974 , 0.128205 , 2.747572
0.358974 , 0.153846 , 2.720197
0.358974 , 0.179487 , 2.687546
0.358974 , 0.205128 , 2.650264
0.358974 , 0.230769 , 2.608559
0.358974 , 0.256410 , 2.561759
0.358974 , 0.282051 , 2.509680
0.358974 , 0.307692 , 2.452725
0.358974 , 0.333333 , 2.392194
0.358974 , 0.358974 , 2.328853
0.358974 , 0.384615 , 2.262516
0.358974 , 0.410256 , 2.192740
0.358974 , 0.435897 , 2.119815
0.358974 , 0.461538 , 2.044827
0.358974 , 0.487179 , 1.968663
0.358974 , 0.512821 , 1.892383
0.358974 , 0.538462 , 1.816067
0.358974 , 0.564103 , 1.740170
0.358974 , 0.589744 , 1.665809
0.358974 , 0.615385 , 1.593888
0.358974 , 0.641026 , 1.524862
0.358974 , 0.666667 , 1.458844
0.358974 , 0.692308 , 1.395651
0.358974 , 0.717949 , 1.335210
0.358974 , 0.743590 , 1.279817
0.358974 , 0.769231 , 1.230052
0.358974 , 0.794872 , 1.184875
0.358974 , 0.820513 , 1.144599
0.358974 , 0.846154 , 1.108826
0.358974 , 0.871795 , 1.080014
0.358974 , 0.897436 , 1.054921
0.358974 , 0.923077 , 1.034822
0.358974 , 0.948718 , 1.020880
0.358974 , 0.974359 , 1.013173
0.358974 , 1.000000 , 1.010859
0.384615 , 0.000000 , 2.756042
0.384615 , 0.025641 , 2.754042
0.384615 , 0.051282 , 2.746388
0.384615 , 0.076923 , 2.732839
0.384615 , 0.102564 , 2.713740
0.384615 , 0.128205 , 2.688853
0.384615 , 0.153846 , 2.658474
0.384615 , 0.179487 , 2.621857
0.384615 , 0.205128 , 2.580483
0.384615 , 0.230769 , 2.535856
0.384615 , 0.256410 , 2.484378
0.384615 , 0.282051 , 2.427555
0.384615 , 0.307692 , 2.366296
0.384615 , 0.333333 , 2.301063
0.384615 , 0.358974 , 2.233097
0.384615 , 0.384615 , 2.161857
0.384615 , 0.410256 , 2.087000
0.384615 , 0.435897 , 2.008479
0.384615 , 0.461538 , 1.927868
0.384615 , 0.487179 , 1.846603
0.384615 , 0.512821 , 1.764634
0.384615 , 0.538462 , 1.682789
0.384615 , 0.564103 , 1.601162
0.384615 , 0.589744 , 1.521412
0.384615 , 0.615385 , 1.443972
0.384615 , 0.641026 , 1.369442
0.384615 , 0.666667 , 1.297908
0.384615 , 0.692308 , 1.229197
0.384615 , 0.717949 , 1.163851
0.384615 , 0.743590 , 1.103183
0.384615 , 0.769231 , 1.048144
0.384615 , 0.794872 , 0.998426
0.384615 , 0.820513 , 0.954356
0.384615 , 0.846154 , 0.915818
0.384615 , 0.871795 , 0.883249
0.384615 , 0.897436 , 0.856249
0.384615 , 0.923077 , 0.834348
0.384615 , 0.948718 , 0.819060
0.384615 , 0.974359 , 0.810411
0.384615 , 1.000000 , 0.807956
0.410256 , 0.000000 , 2.714664
0.410256 , 0.025641 , 2.711991
0.410256 , 0.051282 , 2.703223
0.410256 , 0.076923 , 2.687985
0.410256 , 0.102564 , 2.666981
0.410256 , 0.128205 , 2.639344
0.410256 , 0.153846 , 2.604867
0.410256 , 0.179487 , 2.565112
0.410256 , 0.205128 , 2.519830
0.410256 , 0.230769 , 2.470259
0.410256 , 0.256410 , 2.414167
0.410256 , 0.282051 , 2.351859
0.410256 , 0.307692 , 2.286659
0.410256 , 0.333333 , 2.216448
0.410256 , 0.358974 , 2.142581
0.410256 , 0.384615 , 2.065786
0.410256 , 0.410256 , 1.985666
0.410256 , 0.435897 , 1.901270
0.410256 , 0.461538 , 1.814944
0.410256 , 0.487179 , 1.727812
0.410256 , 0.512821 , 1.639981
0.410256 , 0.538462 , 1.551975
0.410256 , 0.564103 , 1.464528
0.410256 , 0.589744 , 1.379096
0.410256 , 0.615385 , 1.295987
0.410256 , 0.641026 , 1.216064
0.410256 , 0.666667 , 1.138338
0.410256 , 0.692308 , 1.063914
0.410256 , 0.717949 , 0.993751
0.410256 , 0.743590 , 0.928622
0.410256 , 0.769231 , 0.868099
0.410256 , 0.794872 , 0.813603
0.410256 , 0.820513 , 0.765907
0.410256 , 0.846154 , 0.724335
0.410256 , 0.871795 , 0.687981
0.410256 , 0.897436 , 0.658116
0.410256 , 0.923077 , 0.634721
0.410256 , 0.948718 , 0.618008
0.410256 , 0.974359 , 0.608614
0.410256 , 1.000000 , 0.605782
0.435897 , 0.000000 , 2.682643
0.435897 , 0.025641 , 2.679574
0.435897 , 0.051282 , 2.669728
0.435897 , 0.076923 , 2.652579
0.435897 , 0.102564 , 2.628784
0.435897 , 0.128205 , 2.598324
0.435897 , 0.153846 , 2.561184
0.435897 , 0.179487 , 2.517428
0.435897 , 0.205128 , 2.468349
0.435897 , 0.230769 , 2.413496
0.435897 , 0.256410 , 2.352694
0.435897 , 0.282051 , 2.285340
0.435897 , 0.307692 , 2.214141
0.435897 , 0.333333 , 2.138823
0.435897 , 0.358974 , 2.059216
0.435897 , 0.384615 , 1.975688
0.435897 , 0.410256 , 1.888842
0.435897 , 0.435897 , 1.798207
0.435897 , 0.461538 , 1.706027
0.435897 , 0.487179 , 1.612480
0.435897 , 0.512821 , 1.519055
0.435897 , 0.538462 , 1.424861
0.435897 , 0.564103 , 1.330848
0.435897 , 0.589744 , 1.239340
0.435897 , 0.615385 , 1.149927
0.435897 , 0.641026 , 1.063655
0.435897 , 0.666667 , 0.980327
0.435897 , 0.692308 , 0.899549
0.435897 , 0.717949 , 0.823572
0.435897 , 0.743590 , 0.753562
0.435897 , 0.769231 , 0.688452
0.435897 , 0.794872 , 0.629189
0.435897 , 0.820513 , 0.577368
0.435897 , 0.846154 , 0.532959
0.435897 , 0.871795 , 0.493958
0.435897 , 0.897436 , 0.461071
0.435897 , 0.923077 , 0.435632
0.435897 , 0.948718 , 0.417464
0.435897 , 0.974359 , 0.407224
0.435897 , 1.000000 , 0.404179
0.461538 , 0.000000 , 2.660551
0.461538 , 0.025641 , 2.656341
0.461538 , 0.051282 , 2.644995
0.461538 , 0.076923 , 2.626298
0.461538 , 0.102564 , 2.599941
0.461538 , 0.128205 , 2.566093
0.461538 , 0.153846 , 2.525934
0.461538 , 0.179487 , 2.479012
0.461538 , 0.205128 , 2.425511
0.461538 , 0.230769 , 2.365214
0.461538 , 0.256410 , 2.299137
0.461538 , 0.282051 , 2.226867
0.461538 , 0.307692 , 2.149659
0.461538 , 0.333333 , 2.067998
0.461538 , 0.358974 , 1.982494
0.461538 , 0.384615 , 1.892887
0.461538 , 0.410256 , 1.798386
0.461538 , 0.435897 , 1.700660
0.461538 , 0.461538 , 1.601694
0.461538 , 0.487179 , 1.501490
0.461538 , 0.512821 , 1.400566
0.461538 , 0.538462 , 1.299942
0.461538 , 0.564103 , 1.199693
0.461538 , 0.589744 , 1.101470
0.461538 , 0.615385 , 1.005785
0.461538 , 0.641026 , 0.912699
0.461538 , 0.666667 , 0.823056
0.461538 , 0.692308 , 0.736162
0.461538 , 0.717949 , 0.654454
0.461538 , 0.743590 , 0.578876
0.461538 , 0.769231 , 0.508795
0.461538 , 0.794872 , 0.445155
0.461538 , 0.820513 , 0.388374
0.461538 , 0.846154 , 0.340194
0.461538 , 0.871795 , 0.298994
0.461538 , 0.897436 , 0.263534
0.461538 , 0.923077 , 0.235552
0.461538 , 0.948718 , 0.216393
0.461538 , 0.974359 , 0.204618
0.461538 , 1.000000 , 0.200609
0.487179 , 0.000000 , 2.648429
0.487179 , 0.025641 , 2.643794
0.487179 , 0.051282 , 2.630740
0.487179 , 0.076923 , 2.609880
0.487179 , 0.102564 , 2.581524
0.487179 , 0.128205 , 2.544689
0.487179 , 0.153846 , 2.500743
0.487179 , 0.179487 , 2.450087
0.487179 , 0.205128 , 2.392069
0.487179 , 0.230769 , 2.326810
0.487179 , 0.256410 , 2.254936
0.487179 , 0.282051 , 2.177051
0.487179 , 0.307692 , 2.094126
0.487179 , 0.333333 , 2.005418
0.487179 , 0.358974 , 1.912801
0.487179 , 0.384615 , 1.816063
0.487179 , 0.410256 , 1.714644
0.487179 , 0.435897 , 1.609271
0.487179 , 0.461538 , 1.502472
0.487179 , 0.487179 , 1.394596
0.487179 , 0.512821 , 1.286157
0.487179 , 0.538462 , 1.177929
0.487179 , 0.564103 , 1.071023
0.487179 , 0.589744 , 0.965694
0.487179 , 0.615385 , 0.862917
0.487179 , 0.641026 , 0.762681
0.487179 , 0.666667 , 0.665801
0.487179 , 0.692308 , 0.572783
0.487179 , 0.717949 , 0.485097
0.487179 , 0.743590 , 0.403869
0.487179 , 0.769231 , 0.328325
0.487179 , 0.794872 , 0.259987
0.487179 , 0.820513 , 0.198510
0.487179 , 0.846154 , 0.145880
0.487179 , 0.871795 , 0.102088
0.487179 , 0.897436 , 0.064690
0.487179 , 0.923077 , 0.034505
0.487179 , 0.948718 , 0.013931
0.487179 , 0.974359 , 0.001027
0.487179 , 1.000000 , -0.003505
0.512821 , 0.000000 , 2.648351
0.512821 , 0.025641 , 2.643333
0.512821 , 0.051282 , 2.629277
0.512821 , 0.076923 , 2.606275
0.512821 , 0.102564 , 2.575127
0.512821 , 0.128205 , 2.535567
0.512821 , 0.153846 , 2.488193
0.512821 , 0.179487 , 2.433183
0.512821 , 0.205128 , 2.370172
0.512821 , 0.230769 , 2.299582
0.512821 , 0.256410 , 2.222209
0.512821 , 0.282051 , 2.137401
0.512821 , 0.307692 , 2.047174
0.512821 , 0.333333 , 1.951424
0.512821 , 0.358974 , 1.851429
0.512821 , 0.384615 , 1.746276
0.512821 , 0.410256 , 1.636951
0.512821 , 0.435897 , 1.524084
0.512821 , 0.461538 , 1.408913
0.512821 , 0.487179 , 1.292893
0.512821 , 0.512821 , 1.176614
0.512821 , 0.538462 , 1.059970
0.512821 , 0.564103 , 0.944800
0.512821 , 0.589744 , 0.831270
0.512821 , 0.615385 , 0.720943
0.512821 , 0.641026 , 0.613221
0.512821 , 0.666667 , 0.508637
0.512821 , 0.692308 , 0.409153
0.512821 , 0.717949 , 0.315374
0.512821 , 0.743590 , 0.227666
0.512821 , 0.769231 , 0.146842
0.512821 , 0.794872 , 0.073646
0.512821 , 0.820513 , 0.008538
0.512821 , 0.846154 , -0.048416
0.512821 , 0.871795 , -0.096417
0.512821 , 0.897436 , -0.136626
0.512821 , 0.923077 , -0.168634
0.512821 , 0.948718 , -0.190815
0.512821 , 0.974359 , -0.204106
0.512821 , 1.000000 , -0.208916
0.538462 , 0.000000 , 2.660949
0.538462 , 0.025641 , 2.655665
0.538462 , 0.051282 , 2.640736
0.538462 , 0.076923 , 2.616389
0.538462 , 0.102564 , 2.582340
0.538462 , 0.128205 , 2.540122
0.538462 , 0.153846 , 2.489401
0.538462 , 0.179487 , 2.429363
0.538462 , 0.205128 , 2.360960
0.538462 , 0.230769 , 2.284960
0.538462 , 0.256410 , 2.201401
0.538462 , 0.282051 , 2.110142
0.538462 , 0.307692 , 2.011889
0.538462 , 0.333333 , 1.907927
0.538462 , 0.358974 , 1.799393
0.538462 , 0.384615 , 1.685532
0.538462 , 0.410256 , 1.567477
0.538462 , 0.435897 , 1.446413
0.538462 , 0.461538 , 1.321910
0.538462 , 0.487179 , 1.196339
0.538462 , 0.512821 , 1.070707
0.538462 , 0.538462 , 0.945991
0.538462 , 0.564103 , 0.821095
0.538462 , 0.589744 , 0.698241
0.538462 , 0.615385 , 0.578991
0.538462 , 0.641026 , 0.463071
0.538462 , 0.666667 , 0.350760
0.538462 , 0.692308 , 0.244137
0.538462 , 0.717949 , 0.144189
0.538462 , 0.743590 , 0.050783
0.538462 , 0.769231 , -0.035876
0.538462 , 0.794872 , -0.114699
0.538462 , 0.820513 , -0.184425
0.538462 , 0.846154 , -0.245322
0.538462 , 0.871795 , -0.297131
0.538462 , 0.897436 , -0.339528
0.538462 , 0.923077 , -0.373345
0.538462 , 0.948718 , -0.397084
0.538462 , 0.974359 , -0.411170
0.538462 , 1.000000 , -0.415756
0.564103 , 0.000000 , 2.688240
0.564103 , 0.025641 , 2.682431
0.564103 , 0.051282 , 2.666467
0.564103 , 0.076923 , 2.640513
0.564103 , 0.102564 , 2.604301
0.564103 , 0.128205 , 2.559894
0.564103 , 0.153846 , 2.505441
0.564103 , 0.179487 , 2.440330
0.564103 , 0.205128 , 2.366006
0.564103 , 0.230769 , 2.283249
0.564103 , 0.256410 , 2.193241
0.564103 , 0.282051 , 2.094300
0.564103 , 0.307692 , 1.988470
0.564103 , 0.333333 , 1.876140
0.564103 , 0.358974 , 1.757767
0.564103 , 0.384615 , 1.634198
0.564103 , 0.410256 , 1.506340
0.564103 , 0.435897 , 1.375500
0.564103 , 0.461538 , 1.241497
0.564103 , 0.487179 , 1.105201
0.564103 , 0.512821 , 0.968744
0.564103 , 0.538462 , 0.833311
0.564103 , 0.564103 , 0.699057
0.564103 , 0.589744 , 0.566535
0.564103 , 0.615385 , 0.437388
0.564103 , 0.641026 , 0.312464
0.564103 , 0.666667 , 0.192215
0.564103 , 0.692308 , 0.077728
0.564103 , 0.717949 , -0.029288
0.564103 , 0.743590 , -0.129092
0.564103 , 0.769231 , -0.221403
0.564103 , 0.794872 , -0.305433
0.564103 , 0.820513 , -0.380284
0.564103 , 0.846154 , -0.445227
0.564103 , 0.871795 , -0.500543
0.564103 , 0.897436 , -0.545430
0.564103 , 0.923077 , -0.581587
0.564103 , 0.948718 , -0.606009
0.564103 , 0.974359 , -0.621000
0.564103 , 1.000000 , -0.626484
0.589744 , 0.000000 , 2.730101
0.589744 , 0.025641 , 2.724451
0.589744 , 0.051282 , 2.707253
0.589744 , 0.076923 , 2.679340
0.589744 , 0.102564 , 2.641194
0.589744 , 0.128205 , 2.593383
0.589744 , 0.153846 , 2.534972
0.589744 , 0.179487 , 2.465512
0.589744 , 0.205128 , 2.386422
0.589744 , 0.230769 , 2.297502
0.589744 , 0.256410 , 2.199850
0.589744 , 0.282051 , 2.093083
0.589744 , 0.307692 , 1.978611
0.589744 , 0.333333 , 1.856784
0.589744 , 0.358974 , 1.728335
0.589744 , 0.384615 , 1.593828
0.589744 , 0.410256 , 1.454456
0.589744 , 0.435897 , 1.312213
0.589744 , 0.461538 , 1.166777
0.589744 , 0.487179 , 1.019436
0.589744 , 0.512821 , 0.871359
0.589744 , 0.538462 , 0.723949
0.589744 , 0.564103 , 0.578262
0.589744 , 0.589744 , 0.434829
0.589744 , 0.615385 , 0.295445
0.589744 , 0.641026 , 0.160669
0.589744 , 0.666667 , 0.031467
0.589744 , 0.692308 , -0.091102
0.589744 , 0.717949 , -0.205736
0.589744 , 0.743590 , -0.312706
0.589744 , 0.769231 , -0.411038
0.589744 , 0.794872 , -0.500271
0.589744 , 0.820513 , -0.579885
0.589744 , 0.846154 , -0.649427
0.589744 , 0.871795 , -0.707764
0.589744 , 0.897436 , -0.755632
0.589744 , 0.923077 , -0.792916
0.589744 , 0.948718 , -0.819921
0.589744 , 0.974359 , -0.835208
0.589744 , 1.000000 , -0.840994
0.615385 , 0.000000 , 2.787615
0.615385 , 0.025641 , 2.781493
0.615385 , 0.051282 , 2.763695
0.615385 , 0.076923 , 2.733792
0.615385 , 0.102564 , 2.693616
0.615385 , 0.128205 , 2.642624
0.615385 , 0.153846 , 2.580437
0.615385 , 0.179487 , 2.506353
0.615385 , 0.205128 , 2.422804
0.615385 , 0.230769 , 2.327445
0.615385 , 0.256410 , 2.221715
0.615385 , 0.282051 , 2.107015
0.615385 , 0.307692 , 1.983994
0.615385 , 0.333333 , 1.851842
0.615385 , 0.358974 , 1.712059
0.615385 , 0.384615 , 1.565140
0.615385 , 0.410256 , 1.413028
0.615385 , 0.435897 , 1.257648
0.615385 , 0.461538 , 1.099266
0.615385 , 0.487179 , 0.938355
0.615385 , 0.512821 , 0.777375
0.615385 , 0.538462 , 0.616756
0.615385 , 0.564103 , 0.458303
0.615385 , 0.589744 , 0.303048
0.615385 , 0.615385 , 0.151975
0.615385 , 0.641026 , 0.006839
0.615385 , 0.666667 , -0.132616
0.615385 , 0.692308 , -0.263614
0.615385 , 0.717949 , -0.386939
0.615385 , 0.743590 , -0.501469
0.615385 , 0.769231 , -0.606377
0.615385 , 0.794872 , -0.700491
0.615385 , 0.820513 , -0.784723
0.615385 , 0.846154 , -0.858436
0.615385 , 0.871795 , -0.920193
0.615385 , 0.897436 , -0.970256
0.615385 , 0.923077 , -1.009379
0.615385 , 0.948718 , -1.037753
0.615385 , 0.974359 , -1.055042
0.615385 , 1.000000 , -1.061170
0.641026 , 0.000000 , 2.860631
0.641026 , 0.025641 , 2.854746
0.641026 , 0.051282 , 2.836267
0.641026 , 0.076923 , 2.805647
0.641026 , 0.102564 , 2.763121
0.641026 , 0.128205 , 2.709005
0.641026 , 0.153846 , 2.643183
0.641026 , 0.179487 , 2.564723
0.641026 , 0.205128 , 2.475644
0.641026 , 0.230769 , 2.373840
0.641026 , 0.256410 , 2.260286
0.641026 , 0.282051 , 2.137291
0.641026 , 0.307692 , 2.004685
0.641026 , 0.333333 , 1.861272
0.641026 , 0.358974 , 1.709200
0.641026 , 0.384615 , 1.549057
0.641026 , 0.410256 , 1.382654
0.641026 , 0.435897 , 1.212363
0.641026 , 0.461538 , 1.038960
0.641026 , 0.487179 , 0.862886
0.641026 , 0.512821 , 0.687301
0.641026 , 0.538462 , 0.511993
0.641026 , 0.564103 , 0.339220
0.641026 , 0.589744 , 0.170513
0.641026 , 0.615385 , 0.006934
0.641026 , 0.641026 , -0.150752
0.641026 , 0.666667 , -0.300932
0.641026 , 0.692308 , -0.442094
0.641026 , 0.717949 , -0.573960
0.641026 , 0.743590 , -0.695991
0.641026 , 0.769231 , -0.807616
0.641026 , 0.794872 , -0.907248
0.641026 , 0.820513 , -0.995857
0.641026 , 0.846154 , -1.073462
0.641026 , 0.871795 , -1.138157
0.641026 , 0.897436 , -1.190854
0.641026 , 0.923077 , -1.232095
0.641026 , 0.948718 , -1.261804
0.641026 , 0.974359 , -1.280016
0.641026 , 1.000000 , -1.286393
0.666667 , 0.000000 , 2.950957
0.666667 , 0.025641 , 2.944518
0.666667 , 0.051282 , 2.925934
0.666667 , 0.076923 , 2.895150
0.666667 , 0.102564 , 2.851021
0.666667 , 0.128205 , 2.794128
0.666667 , 0.153846 , 2.725179
0.666667 , 0.179487 , 2.642572
0.666667 , 0.205128 , 2.546681
0.666667 , 0.230769 , 2.438358
0.666667 , 0.256410 , 2.317634
0.666667 , 0.282051 , 2.185715
0.666667 , 0.307692 , 2.041849
0.666667 , 0.333333 , 1.885765
0.666667 , 0.358974 , 1.720125
0.666667 , 0.384615 , 1.546342
0.666667 , 0.410256 , 1.364825
0.666667 , 0.435897 , 1.177712
0.666667 , 0.461538 , 0.987408
0.666667 , 0.487179 , 0.794010
0.666667 , 0.512821 , 0.601371
0.666667 , 0.538462 , 0.409630
0.666667 , 0.564103 , 0.220938
0.666667 , 0.589744 , 0.036663
0.666667 , 0.615385 , -0.141643
0.666667 , 0.641026 , -0.312761
0.666667 , 0.666667 , -0.475327
0.666667 , 0.692308 , -0.627125
0.666667 , 0.717949 , -0.768536
0.666667 , 0.743590 , -0.898007
0.666667 , 0.769231 , -1.016316
0.666667 , 0.794872 , -1.121749
0.666667 , 0.820513 , -1.214338
0.666667 , 0.846154 , -1.295221
0.666667 , 0.871795 , -1.362726
0.666667 , 0.897436 , -1.418229
0.666667 , 0.923077 , -1.461487
0.666667 , 0.948718 , -1.491940
0.666667 , 0.974359 , -1.510914
0.666667 , 1.000000 , -1.516922
0.692308 , 0.000000 , 3.059663
0.692308 , 0.025641 , 3.052692
0.692308 , 0.051282 , 3.034080
0.692308 , 0.076923 , 3.002260
0.692308 , 0.102564 , 2.957087
0.692308 , 0.128205 , 2.899021
0.692308 , 0.153846 , 2.826968
0.692308 , 0.179487 , 2.740692
0.692308 , 0.205128 , 2.638478
0.692308 , 0.230769 , 2.523064
0.692308 , 0.256410 , 2.394777
0.692308 , 0.282051 , 2.253477
0.692308 , 0.307692 , 2.097919
0.692308 , 0.333333 , 1.928479
0.692308 , 0.358974 , 1.747243
0.692308 , 0.384615 , 1.557631
0.692308 , 0.410256 , 1.358997
0.692308 , 0.435897 , 1.153764
0.692308 , 0.461538 , 0.944764
0.692308 , 0.487179 , 0.732218
0.692308 , 0.512821 , 0.519872
0.692308 , 0.538462 , 0.309187
0.692308 , 0.564103 , 0.102564
0.692308 , 0.589744 , -0.098824
0.692308 , 0.615385 , -0.294009
0.692308 , 0.641026 , -0.480155
0.692308 , 0.666667 , -0.656138
0.692308 , 0.692308 , -0.819785
0.692308 , 0.717949 , -0.971343
0.692308 , 0.743590 , -1.109184
0.692308 , 0.769231 , -1.233737
0.692308 , 0.794872 , -1.344436
0.692308 , 0.820513 , -1.441181
0.692308 , 0.846154 , -1.525059
0.692308 , 0.871795 , -1.595776
0.692308 , 0.897436 , -1.653407
0.692308 , 0.923077 , -1.697886
0.692308 , 0.948718 , -1.729370
0.692308 , 0.974359 , -1.748030
0.692308 , 1.000000 , -1.753916
0.717949 , 0.000000 , 3.186409
0.717949 , 0.025641 , 3.179023
0.717949 , 0.051282 , 3.160244
0.717949 , 0.076923 , 3.128292
0.717949 , 0.102564 , 3.082068
0.717949 , 0.128205 , 3.023313
0.717949 , 0.153846 , 2.949461
0.717949 , 0.179487 , 2.859266
0.717949 , 0.205128 , 2.752298
0.717949 , 0.230769 , 2.630340
0.717949 , 0.256410 , 2.493329
0.717949 , 0.282051 , 2.341327
0.717949 , 0.307692 , 2.173144
0.717949 , 0.333333 , 1.989239
0.717949 , 0.358974 , 1.791828
0.717949 , 0.384615 , 1.583898
0.717949 , 0.410256 , 1.366097
0.717949 , 0.435897 , 1.140556
0.717949 , 0.461538 , 0.910566
0.717949 , 0.487179 , 0.676655
0.717949 , 0.512821 , 0.442805
0.717949 , 0.538462 , 0.210584
0.717949 , 0.564103 , -0.016657
0.717949 , 0.589744 , -0.237681
0.717949 , 0.615385 , -0.451203
0.717949 , 0.641026 , -0.654374
0.717949 , 0.666667 , -0.845101
0.717949 , 0.692308 , -1.021596
0.717949 , 0.717949 , -1.183976
0.717949 , 0.743590 , -1.330960
0.717949 , 0.769231 , -1.462690
0.717949 , 0.794872 , -1.578603
0.717949 , 0.820513 , -1.679733
0.717949 , 0.846154 , -1.766105
0.717949 , 0.871795 , -1.838579
0.717949 , 0.897436 , -1.896598
0.717949 , 0.923077 , -1.941512
0.717949 , 0.948718 , -1.973851
0.717949 , 0.974359 , -1.992975
0.717949 , 1.000000 , -1.998643
0.743590 , 0.000000 , 3.330428
0.743590 , 0.025641 , 3.323950
0.743590 , 0.051282 , 3.305397
0.743590 , 0.076923 , 3.273427
0.743590 , 0.102564 , 3.227626
0.743590 , 0.128205 , 3.168237
0.743590 , 0.153846 , 3.092323
0.743590 , 0.179487 , 2.999721
0.743590 , 0.205128 , 2.889111
0.743590 , 0.230769 , 2.761511
0.743590 , 0.256410 , 2.615294
0.743590 , 0.282051 , 2.451436
0.743590 , 0.307692 , 2.269524
0.743590 , 0.333333 , 2.069293
0.743590 , 0.358974 , 1.854655
0.743590 , 0.384615 , 1.627473
0.743590 , 0.410256 , 1.388033
0.743590 , 0.435897 , 1.140500
0.743590 , 0.461538 , 0.886497
0.743590 , 0.487179 , 0.628313
0.743590 , 0.512821 , 0.369824
0.743590 , 0.538462 , 0.113890
0.743590 , 0.564103 , -0.136607
0.743590 , 0.589744 , -0.380125
0.743590 , 0.615385 , -0.614113
0.743590 , 0.641026 , -0.835997
0.743590 , 0.666667 , -1.043698
0.743590 , 0.692308 , -1.234836
0.743590 , 0.717949 , -1.409069
0.743590 , 0.743590 , -1.566425
0.743590 , 0.769231 , -1.705025
0.743590 , 0.794872 , -1.825802
0.743590 , 0.820513 , -1.930422
0.743590 , 0.846154 , -2.018679
0.743590 , 0.871795 , -2.092142
0.743590 , 0.897436 , -2.149641
0.743590 , 0.923077 , -2.194366
0.743590 , 0.948718 , -2.226344
0.743590 , 0.974359 , -2.245396
0.743590 , 1.000000 , -2.251022
0.769231 , 0.000000 , 3.492893
0.769231 , 0.025641 , 3.486538
0.769231 , 0.051282 , 3.469122
0.769231 , 0.076923 , 3.438125
0.769231 , 0.102564 , 3.394082
0.769231 , 0.128205 , 3.335962
0.769231 , 0.153846 , 3.259334
0.769231 , 0.179487 , 3.165016
0.769231 , 0.205128 , 3.050740
0.769231 , 0.230769 , 2.916432
0.769231 , 0.256410 , 2.762101
0.769231 , 0.282051 , 2.586528
0.769231 , 0.307692 , 2.390344
0.769231 , 0.333333 , 2.172915
0.769231 , 0.358974 , 1.938646
0.769231 , 0.384615 , 1.690293
0.769231 , 0.410256 , 1.427356
0.769231 , 0.435897 , 1.153978
0.769231 , 0.461538 , 0.873252
0.769231 , 0.487179 , 0.587460
0.769231 , 0.512821 , 0.301735
0.769231 , 0.538462 , 0.018970
0.769231 , 0.564103 , -0.258287
0.769231 , 0.589744 , -0.528186
0.769231 , 0.615385 , -0.786357
0.769231 , 0.641026 , -1.029329
0.769231 , 0.666667 , -1.255141
0.769231 , 0.692308 , -1.461286
0.769231 , 0.717949 , -1.648162
0.769231 , 0.743590 , -1.816152
0.769231 , 0.769231 , -1.962902
0.769231 , 0.794872 , -2.089377
0.769231 , 0.820513 , -2.196197
0.769231 , 0.846154 , -2.284843
0.769231 , 0.871795 , -2.357487
0.769231 , 0.897436 , -2.413437
0.769231 , 0.923077 , -2.456753
0.769231 , 0.948718 , -2.487448
0.769231 , 0.974359 , -2.505276
0.769231 , 1.000000 , -2.511064
0.794872 , 0.000000 , 3.672730
0.794872 , 0.025641 , 3.667117
0.794872 , 0.051282 , 3.651442
0.794872 , 0.076923 , 3.623504
0.794872 , 0.102564 , 3.582127
0.794872 , 0.128205 , 3.526007
0.794872 , 0.153846 , 3.450329
0.794872 , 0.179487 , 3.355164
0.794872 , 0.205128 , 3.239390
0.794872 , 0.230769 , 3.098382
0.794872 , 0.256410 , 2.935536
0.794872 , 0.282051 , 2.748800
0.794872 , 0.307692 , 2.537969
0.794872 , 0.333333 , 2.303394
0.794872 , 0.358974 , 2.047420
0.794872 , 0.384615 , 1.775006
0.794872 , 0.410256 , 1.485992
0.794872 , 0.435897 , 1.183202
0.794872 , 0.461538 , 0.871853
0.794872 , 0.487179 , 0.555186
0.794872 , 0.512821 , 0.237784
0.794872 , 0.538462 , -0.076071
0.794872 , 0.564103 , -0.383951
0.794872 , 0.589744 , -0.681964
0.794872 , 0.615385 , -0.966318
0.794872 , 0.641026 , -1.233208
0.794872 , 0.666667 , -1.479909
0.794872 , 0.692308 , -1.703796
0.794872 , 0.717949 , -1.904778
0.794872 , 0.743590 , -2.083669
0.794872 , 0.769231 , -2.238329
0.794872 , 0.794872 , -2.369446
0.794872 , 0.820513 , -2.478468
0.794872 , 0.846154 , -2.566569
0.794872 , 0.871795 , -2.636507
0.794872 , 0.897436 , -2.689628
0.794872 , 0.923077 , -2.729428
0.794872 , 0.948718 , -2.756358
0.794872 , 0.974359 , -2.771939
0.794872 , 1.000000 , -2.777291
0.820513 , 0.000000 , 3.868035
0.820513 , 0.025641 , 3.863800
0.820513 , 0.051282 , 3.851300
0.820513 , 0.076923 , 3.828206
0.820513 , 0.102564 , 3.791903
0.820513 , 0.128205 , 3.740014
0.820513 , 0.153846 , 3.668884
0.820513 , 0.179487 , 3.574761
0.820513 , 0.205128 , 3.457553
0.820513 , 0.230769 , 3.312818
0.820513 , 0.256410 , 3.140946
0.820513 , 0.282051 , 2.942337
0.820513 , 0.307692 , 2.714952
0.820513 , 0.333333 , 2.461695
0.820513 , 0.358974 , 2.182925
0.820513 , 0.384615 , 1.882989
0.820513 , 0.410256 , 1.564038
0.820513 , 0.435897 , 1.229086
0.820513 , 0.461538 , 0.882733
0.820513 , 0.487179 , 0.530631
0.820513 , 0.512821 , 0.177239
0.820513 , 0.538462 , -0.172096
0.820513 , 0.564103 , -0.514231
0.820513 , 0.589744 , -0.844327
0.820513 , 0.615385 , -1.157458
0.820513 , 0.641026 , -1.450714
0.820513 , 0.666667 , -1.721174
0.820513 , 0.692308 , -1.965688
0.820513 , 0.717949 , -2.182657
0.820513 , 0.743590 , -2.372305
0.820513 , 0.769231 , -2.534687
0.820513 , 0.794872 , -2.669137
0.820513 , 0.820513 , -2.778279
0.820513 , 0.846154 , -2.864371
0.820513 , 0.871795 , -2.929958
0.820513 , 0.897436 , -2.977396
0.820513 , 0.923077 , -3.011139
0.820513 , 0.948718 , -3.032926
0.820513 , 0.974359 , -3.045387
0.820513 , 1.000000 , -3.049174
0.846154 , 0.000000 , 4.078485
0.846154 , 0.025641 , 4.075762
0.846154 , 0.051282 , 4.067886
0.846154 , 0.076923 , 4.051236
0.846154 , 0.102564 , 4.023119
0.846154 , 0.128205 , 3.979104
0.846154 , 0.153846 , 3.914462
0.846154 , 0.179487 , 3.824911
0.846154 , 0.205128 , 3.708297
0.846154 , 0.230769 , 3.560381
0.846154 , 0.256410 , 3.381203
0.846154 , 0.282051 , 3.170507
0.846154 , 0.307692 , 2.926562
0.846154 , 0.333333 , 2.651421
0.846154 , 0.358974 , 2.348245
0.846154 , 0.384615 , 2.017386
0.846154 , 0.410256 , 1.664495
0.846154 , 0.435897 , 1.292918
0.846154 , 0.461538 , 0.907444
0.846154 , 0.487179 , 0.515056
0.846154 , 0.512821 , 0.121084
0.846154 , 0.538462 , -0.268688
0.846154 , 0.564103 , -0.649498
0.846154 , 0.589744 , -1.016717
0.846154 , 0.615385 , -1.364069
0.846154 , 0.641026 , -1.687009
0.846154 , 0.666667 , -1.983628
0.846154 , 0.692308 , -2.249864
0.846154 , 0.717949 , -2.484216
0.846154 , 0.743590 , -2.685141
0.846154 , 0.769231 , -2.854197
0.846154 , 0.794872 , -2.991140
0.846154 , 0.820513 , -3.098463
0.846154 , 0.846154 , -3.180097
0.846154 , 0.871795 , -3.238576
0.846154 , 0.897436 , -3.277647
0.846154 , 0.923077 , -3.302619
0.846154 , 0.948718 , -3.316851
0.846154 , 0.974359 , -3.323872
0.846154 , 1.000000 , -3.325599
0.871795 , 0.000000 , 4.299571
0.871795 , 0.025641 , 4.299820
0.871795 , 0.051282 , 4.299201
0.871795 , 0.076923 , 4.293037
0.871795 , 0.102564 , 4.277077
0.871795 , 0.128205 , 4.245183
0.871795 , 0.153846 , 4.190727
0.871795 , 0.179487 , 4.109337
0.871795 , 0.205128 , 3.996565
0.871795 , 0.230769 , 3.847503
0.871795 , 0.256410 , 3.661497
0.871795 , 0.282051 , 3.438900
0.871795 , 0.307692 , 3.177360
0.871795 , 0.333333 , 2.878474
0.871795 , 0.358974 , 2.545984
0.871795 , 0.384615 , 2.181134
0.871795 , 0.410256 , 1.789673
0.871795 , 0.435897 , 1.375839
0.871795 , 0.461538 , 0.945925
0.871795 , 0.487179 , 0.507632
0.871795 , 0.512821 , 0.067296
0.871795 , 0.538462 , -0.368681
0.871795 , 0.564103 , -0.793718
0.871795 , 0.589744 , -1.202445
0.871795 , 0.615385 , -1.588708
0.871795 , 0.641026 , -1.946297
0.871795 , 0.666667 , -2.271902
0.871795 , 0.692308 , -2.562461
0.871795 , 0.717949 , -2.815079
0.871795 , 0.743590 , -3.028168
0.871795 , 0.769231 , -3.202174
0.871795 , 0.794872 , -3.339173
0.871795 , 0.820513 , -3.442477
0.871795 , 0.846154 , -3.515484
0.871795 , 0.871795 , -3.562719
0.871795 , 0.897436 , -3.589433
0.871795 , 0.923077 , -3.601351
0.871795 , 0.948718 , -3.604566
0.871795 , 0.974359 , -3.604777
0.871795 , 1.000000 , -3.604230
0.897436 , 0.000000 , 4.526314
0.897436 , 0.025641 , 4.530481
0.897436 , 0.051282 , 4.540710
0.897436 , 0.076923 , 4.550417
0.897436 , 0.102564 , 4.552369
0.897436 , 0.128205 , 4.538382
0.897436 , 0.153846 , 4.499850
0.897436 , 0.179487 , 4.431019
0.897436 , 0.205128 , 4.326141
0.897436 , 0.230769 , 4.179199
0.897436 , 0.256410 , 3.987726
0.897436 , 0.282051 , 3.753102
0.897436 , 0.307692 , 3.473210
0.897436 , 0.333333 , 3.147978
0.897436 , 0.358974 , 2.781797
0.897436 , 0.384615 , 2.377816
0.897436 , 0.410256 , 1.941893
0.897436 , 0.435897 , 1.480236
0.897436 , 0.461538 , 0.999562
0.897436 , 0.487179 , 0.508733
0.897436 , 0.512821 , 0.015297
0.897436 , 0.538462 , -0.473818
0.897436 , 0.564103 , -0.949659
0.897436 , 0.589744 , -1.405822
0.897436 , 0.615385 , -1.835871
0.897436 , 0.641026 , -2.232209
0.897436 , 0.666667 , -2.590841
0.897436 , 0.692308 , -2.907774
0.897436 , 0.717949 , -3.179716
0.897436 , 0.743590 , -3.404827
0.897436 , 0.769231 , -3.584132
0.897436 , 0.794872 , -3.719351
0.897436 , 0.820513 , -3.815159
0.897436 , 0.846154 , -3.874514
0.897436 , 0.871795 , -3.903946
0.897436 , 0.897436 , -3.911875
0.897436 , 0.923077 , -3.905841
0.897436 , 0.948718 , -3.893067
0.897436 , 0.974359 , -3.882290
0.897436 , 1.000000 , -3.878392
0.923077 , 0.000000 , 4.749957
0.923077 , 0.025641 , 4.761183
0.923077 , 0.051282 , 4.787739
0.923077 , 0.076923 , 4.821209
0.923077 , 0.102564 , 4.849821
0.923077 , 0.128205 , 4.861837
0.923077 , 0.153846 , 4.847079
0.923077 , 0.179487 , 4.796534
0.923077 , 0.205128 , 4.703507
0.923077 , 0.230769 , 4.561265
0.923077 , 0.256410 , 4.366345
0.923077 , 0.282051 , 4.119164
0.923077 , 0.307692 , 3.818030
0.923077 , 0.333333 , 3.464124
0.923077 , 0.358974 , 3.060891
0.923077 , 0.384615 , 2.613023
0.923077 , 0.410256 , 2.127010
0.923077 , 0.435897 , 1.610318
0.923077 , 0.461538 , 1.071409
0.923077 , 0.487179 , 0.519517
0.923077 , 0.512821 , -0.035531
0.923077 , 0.538462 , -0.585184
0.923077 , 0.564103 , -1.119862
0.923077 , 0.589744 , -1.630567
0.923077 , 0.615385 , -2.109716
0.923077 , 0.641026 , -2.549990
0.923077 , 0.666667 , -2.945524
0.923077 , 0.692308 , -3.292281
0.923077 , 0.717949 , -3.585818
0.923077 , 0.743590 , -3.823748
0.923077 , 0.769231 , -4.006606
0.923077 , 0.794872 , -4.136694
0.923077 , 0.820513 , -4.219110
0.923077 , 0.846154 , -4.259532
0.923077 , 0.871795 , -4.265786
0.923077 , 0.897436 , -4.247598
0.923077 , 0.923077 , -4.215008
0.923077 , 0.948718 , -4.178928
0.923077 , 0.974359 , -4.151200
0.923077 , 1.000000 , -4.141012
0.948718 , 0.000000 , 4.960491
0.948718 , 0.025641 , 4.981499
0.948718 , 0.051282 , 5.034190
0.948718 , 0.076923 , 5.102084
0.948718 , 0.102564 , 5.169044
0.948718 , 0.128205 , 5.218439
0.948718 , 0.153846 , 5.236508
0.948718 , 0.179487 , 5.212254
0.948718 , 0.205128 , 5.136150
0.948718 , 0.230769 , 5.002610
0.948718 , 0.256410 , 4.806082
0.948718 , 0.282051 , 4.546776
0.948718 , 0.307692 , 4.223132
0.948718 , 0.333333 , 3.837169
0.948718 , 0.358974 , 3.391595
0.948718 , 0.384615 , 2.893111
0.948718 , 0.410256 , 2.349641
0.948718 , 0.435897 , 1.769584
0.948718 , 0.461538 , 1.163074
0.948718 , 0.487179 , 0.541126
0.948718 , 0.512821 , -0.085285
0.948718 , 0.538462 , -0.705518
0.948718 , 0.564103 , -1.307590
0.948718 , 0.589744 , -1.881609
0.948718 , 0.615385 , -2.418177
0.948718 , 0.641026 , -2.908987
0.948718 , 0.666667 , -3.346660
0.948718 , 0.692308 , -3.725693
0.948718 , 0.717949 , -4.041439
0.948718 , 0.743590 , -4.291767
0.948718 , 0.769231 , -4.476949
0.948718 , 0.794872 , -4.598704
0.948718 , 0.820513 , -4.663137
0.948718 , 0.846154 , -4.677303
0.948718 , 0.871795 , -4.650674
0.948718 , 0.897436 , -4.595404
0.948718 , 0.923077 , -4.524380
0.948718 , 0.948718 , -4.453696
0.948718 , 0.974359 , -4.400220
0.948718 , 1.000000 , -4.379741
0.974359 , 0.000000 , 5.138818
0.974359 , 0.025641 , 5.176545
0.974359 , 0.051282 , 5.270905
0.974359 , 0.076923 , 5.390939
0.974359 , 0.102564 , 5.511403
0.974359 , 0.128205 , 5.611069
0.974359 , 0.153846 , 5.673238
0.974359 , 0.179487 , 5.683862
0.974359 , 0.205128 , 5.633065
0.974359 , 0.230769 , 5.511924
0.974359 , 0.256410 , 5.316596
0.974359 , 0.282051 , 5.045043
0.974359 , 0.307692 , 4.697023
0.974359 , 0.333333 , 4.274190
0.974359 , 0.358974 , 3.780970
0.974359 , 0.384615 , 3.224727
0.974359 , 0.410256 , 2.615024
0.974359 , 0.435897 , 1.962047
0.974359 , 0.461538 , 1.277261
0.974359 , 0.487179 , 0.574485
0.974359 , 0.512821 , -0.134316
0.974359 , 0.538462 , -0.835981
0.974359 , 0.564103 , -1.516623
0.974359 , 0.589744 , -2.164183
0.974359 , 0.615385 , -2.766848
0.974359 , 0.641026 , -3.314677
0.974359 , 0.666667 , -3.799805
0.974359 , 0.692308 , -4.215697
0.974359 , 0.717949 , -4.556436
0.974359 , 0.743590 , -4.818752
0.974359 , 0.769231 , -5.003853
0.974359 , 0.794872 , -5.113452
0.974359 , 0.820513 , -5.153797
0.974359 , 0.846154 , -5.132915
0.974359 , 0.871795 , -5.062193
0.974359 , 0.897436 , -4.956310
0.974359 , 0.923077 , -4.831340
0.974359 , 0.948718 , -4.708100
0.974359 , 0.974359 , -4.612321
0.974359 , 1.000000 , -4.573814
1.000000 , 0.000000 , 5.246817
1.000000 , 0.025641 , 5.322084
1.000000 , 0.051282 , 5.487447
1.000000 , 0.076923 , 5.685435
1.000000 , 0.102564 , 5.880532
1.000000 , 0.128205 , 6.048023
1.000000 , 0.153846 , 6.167624
1.000000 , 0.179487 , 6.224421
1.000000 , 0.205128 , 6.205575
1.000000 , 0.230769 , 6.102844
1.000000 , 0.256410 , 5.910038
1.000000 , 0.282051 , 5.626478
1.000000 , 0.307692 , 5.251494
1.000000 , 0.333333 , 4.786796
1.000000 , 0.358974 , 4.238018
1.000000 , 0.384615 , 3.615476
1.000000 , 0.410256 , 2.929577
1.000000 , 0.435897 , 2.192251
1.000000 , 0.461538 , 1.416979
1.000000 , 0.487179 , 0.620015
1.000000 , 0.512821 , -0.183826
1.000000 , 0.538462 , -0.980097
1.000000 , 0.564103 , -1.751785
1.000000 , 0.589744 , -2.484723
1.000000 , 0.615385 , -3.164061
1.000000 , 0.641026 , -3.778433
1.000000 , 0.666667 , -4.317726
1.000000 , 0.692308 , -4.774483
1.000000 , 0.717949 , -5.142487
1.000000 , 0.743590 , -5.417689
1.000000 , 0.769231 , -5.599963
1.000000 , 0.794872 , -5.692366
1.000000 , 0.820513 , -5.699981
1.000000 , 0.846154 , -5.633915
1.000000 , 0.871795 , -5.505358
1.000000 , 0.897436 , -5.331827
1.000000 , 0.923077 , -5.132441
1.000000 , 0.948718 , -4.931108
1.000000 , 0.974359 , -4.763201
1.000000 , 1.000000 , -4.686907
