0.000000 , 0.000000 , 2.143307
0.000000 , 0.025641 , 2.143307
0.000000 , 0.051282 , 2.143307
0.000000 , 0.076923 , 2.143307
0.000000 , 0.102564 , 2.143307
0.000000 , 0.128205 , 2.143307
0.000000 , 0.153846 , 2.143307
0.000000 , 0.179487 , 2.143307
0.000000 , 0.205128 , 2.143307
0.000000 , 0.230769 , 2.143307
0.000000 , 0.256410 , 2.143307
0.000000 , 0.282051 , 2.143307
0.000000 , 0.307692 , 2.143307
0.000000 , 0.333333 , 2.143307
0.000000 , 0.358974 , 2.143307
0.000000 , 0.384615 , 2.143307
0.000000 , 0.410256 , 2.143307
0.000000 , 0.435897 , 2.143307
0.000000 , 0.461538 , 2.143307
0.000000 , 0.487179 , 2.143307
0.000000 , 0.512821 , 2.143307
0.000000 , 0.538462 , 2.143307
0.000000 , 0.564103 , 2.143307
0.000000 , 0.589744 , 2.143307
0.000000 , 0.615385 , 2.143307
0.000000 , 0.641026 , 2.143307
0.000000 , 0.666667 , 2.143307
0.000000 , 0.692308 , 2.143307
0.000000 , 0.717949 , 2.143307
0.000000 , 0.743590 , 2.143307
0.000000 , 0.769231 , 2.143307
0.000000 , 0.794872 , 2.143307
0.000000 , 0.820513 , 2.143307
0.000000 , 0.846154 , 2.143307
0.000000 , 0.871795 , 2.143307
0.000000 , 0.897436 , 2.143307
0.000000 , 0.923077 , 2.143307
0.000000 , 0.948718 , 2.143307
0.000000 , 0.974359 , 2.143307
0.000000 , 1.000000 , 2.143307
0.025641 , 0.000000 , 2.356307
0.025641 , 0.025641 , 2.356479
0.025641 , 0.051282 , 2.357646
0.025641 , 0.076923 , 2.357866
0.025641 , 0.102564 , 2.357828
0.025641 , 0.128205 , 2.357319
0.025641 , 0.153846 , 2.356407
0.025641 , 0.179487 , 2.354768
0.025641 , 0.205128 , 2.352745
0.025641 , 0.230769 , 2.350776
0.025641 , 0.256410 , 2.348180
0.025641 , 0.282051 , 2.344955
0.025641 , 0.307692 , 2.340814
0.025641 , 0.333333 , 2.336835
0.025641 , 0.358974 , 2.333408
0.025641 , 0.384615 , 2.328942
0.025641 , 0.410256 , 2.324108
0.025641 , 0.435897 , 2.319615
0.025641 , 0.461538 , 2.315132
0.025641 , 0.487179 , 2.310779
0.025641 , 0.512821 , 2.306355
0.025641 , 0.538462 , 2.302411
0.025641 , 0.564103 , 2.297939
0.025641 , 0.589744 , 2.294208
0.025641 , 0.615385 , 2.290258
0.025641 , 0.641026 , 2.286594
0.025641 , 0.666667 , 2.283332
0.025641 , 0.692308 , 2.279917
0.025641 , 0.717949 , 2.277222
0.025641 , 0.743590 , 2.274629
0.025641 , 0.769231 , 2.272686
0.025641 , 0.794872 , 2.271040
0.025641 , 0.820513 , 2.269088
0.025641 , 0.846154 , 2.267295
0.025641 , 0.871795 , 2.266628
0.025641 , 0.897436 , 2.265822
0.025641 , 0.923077 , 2.265140
0.025641 , 0.948718 , 2.264513
0.025641 , 0.974359 , 2.264591
0.025641 , 1.000000 , 2.265070
0.051282 , 0.000000 , 2.556066
0.051282 , 0.025641 , 2.556371
0.051282 , 0.051282 , 2.557406
0.051282 , 0.076923 , 2.557984
0.051282 , 0.102564 , 2.557864
0.051282 , 0.128205 , 2.556670
0.051282 , 0.153846 , 2.554551
0.051282 , 0.179487 , 2.550941
0.051282 , 0.205128 , 2.547252
0.051282 , 0.230769 , 2.543556
0.051282 , 0.256410 , 2.538981
0.051282 , 0.282051 , 2.532766
0.051282 , 0.307692 , 2.525305
0.051282 , 0.333333 , 2.516677
0.051282 , 0.358974 , 2.509215
0.051282 , 0.384615 , 2.500589
0.051282 , 0.410256 , 2.492083
0.051282 , 0.435897 , 2.483236
0.051282 , 0.461538 , 2.474794
0.051282 , 0.487179 , 2.465241
0.051282 , 0.512821 , 2.456885
0.051282 , 0.538462 , 2.448742
0.051282 , 0.564103 , 2.440104
0.051282 , 0.589744 , 2.431969
0.051282 , 0.615385 , 2.424353
0.051282 , 0.641026 , 2.417371
0.051282 , 0.666667 , 2.410553
0.051282 , 0.692308 , 2.404453
0.051282 , 0.717949 , 2.399285
0.051282 , 0.743590 , 2.394350
0.051282 , 0.769231 , 2.389272
0.051282 , 0.794872 , 2.385486
0.051282 , 0.820513 , 2.381814
0.051282 , 0.846154 , 2.378856
0.051282 , 0.871795 , 2.376756
0.051282 , 0.897436 , 2.375075
0.051282 , 0.923077 , 2.374016
0.051282 , 0.948718 , 2.373431
0.051282 , 0.974359 , 2.373239
0.051282 , 1.000000 , 2.373168
0.076923 , 0.000000 , 2.740926
0.076923 , 0.025641 , 2.741749
0.076923 , 0.051282 , 2.742969
0.076923 , 0.076923 , 2.743545
0.076923 , 0.102564 , 2.743281
0.076923 , 0.128205 , 2.741908
0.076923 , 0.153846 , 2.739362
0.076923 , 0.179487 , 2.734603
0.076923 , 0.205128 , 2.729141
0.076923 , 0.230769 , 2.723500
0.076923 , 0.256410 , 2.716398
0.076923 , 0.282051 , 2.707379
0.076923 , 0.307692 , 2.696473
0.076923 , 0.333333 , 2.684118
0.076923 , 0.358974 , 2.672803
0.076923 , 0.384615 , 2.660417
0.076923 , 0.410256 , 2.647566
0.076923 , 0.435897 , 2.635263
0.076923 , 0.461538 , 2.622349
0.076923 , 0.487179 , 2.608064
0.076923 , 0.512821 , 2.594177
0.076923 , 0.538462 , 2.582054
0.076923 , 0.564103 , 2.570205
0.076923 , 0.589744 , 2.558215
0.076923 , 0.615385 , 2.545812
0.076923 , 0.641026 , 2.535606
0.076923 , 0.666667 , 2.526112
0.076923 , 0.692308 , 2.517022
0.076923 , 0.717949 , 2.509208
0.076923 , 0.743590 , 2.501808
0.076923 , 0.769231 , 2.494815
0.076923 , 0.794872 , 2.488400
0.076923 , 0.820513 , 2.483609
0.076923 , 0.846154 , 2.478451
0.076923 , 0.871795 , 2.475932
0.076923 , 0.897436 , 2.473560
0.076923 , 0.923077 , 2.471392
0.076923 , 0.948718 , 2.470598
0.076923 , 0.974359 , 2.469308
0.076923 , 1.000000 , 2.468761
0.102564 , 0.000000 , 2.914038
0.102564 , 0.025641 , 2.914357
0.102564 , 0.051282 , 2.915485
0.102564 , 0.076923 , 2.915980
0.102564 , 0.102564 , 2.915053
0.102564 , 0.128205 , 2.913561
0.102564 , 0.153846 , 2.911228
0.102564 , 0.179487 , 2.906053
0.102564 , 0.205128 , 2.899180
0.102564 , 0.230769 , 2.890984
0.102564 , 0.256410 , 2.881216
0.102564 , 0.282051 , 2.869299
0.102564 , 0.307692 , 2.855488
0.102564 , 0.333333 , 2.840392
0.102564 , 0.358974 , 2.825152
0.102564 , 0.384615 , 2.808799
0.102564 , 0.410256 , 2.791844
0.102564 , 0.435897 , 2.775767
0.102564 , 0.461538 , 2.758823
0.102564 , 0.487179 , 2.739987
0.102564 , 0.512821 , 2.721204
0.102564 , 0.538462 , 2.703917
0.102564 , 0.564103 , 2.688470
0.102564 , 0.589744 , 2.672972
0.102564 , 0.615385 , 2.657357
0.102564 , 0.641026 , 2.643425
0.102564 , 0.666667 , 2.630075
0.102564 , 0.692308 , 2.617585
0.102564 , 0.717949 , 2.606638
0.102564 , 0.743590 , 2.596867
0.102564 , 0.769231 , 2.588195
0.102564 , 0.794872 , 2.579953
0.102564 , 0.820513 , 2.573270
0.102564 , 0.846154 , 2.567066
0.102564 , 0.871795 , 2.562922
0.102564 , 0.897436 , 2.559751
0.102564 , 0.923077 , 2.557797
0.102564 , 0.948718 , 2.556197
0.102564 , 0.974359 , 2.553930
0.102564 , 1.000000 , 2.553318
0.128205 , 0.000000 , 3.076268
0.128205 , 0.025641 , 3.077011
0.128205 , 0.051282 , 3.077200
0.128205 , 0.076923 , 3.076931
0.128205 , 0.102564 , 3.075811
0.128205 , 0.128205 , 3.073333
0.128205 , 0.153846 , 3.070512
0.128205 , 0.179487 , 3.064739
0.128205 , 0.205128 , 3.056813
0.128205 , 0.230769 , 3.047044
0.128205 , 0.256410 , 3.034775
0.128205 , 0.282051 , 3.020038
0.128205 , 0.307692 , 3.003912
0.128205 , 0.333333 , 2.986374
0.128205 , 0.358974 , 2.967864
0.128205 , 0.384615 , 2.947341
0.128205 , 0.410256 , 2.926314
0.128205 , 0.435897 , 2.905466
0.128205 , 0.461538 , 2.884245
0.128205 , 0.487179 , 2.860908
0.128205 , 0.512821 , 2.837651
0.128205 , 0.538462 , 2.816444
0.128205 , 0.564103 , 2.796293
0.128205 , 0.589744 , 2.776566
0.128205 , 0.615385 , 2.758264
0.128205 , 0.641026 , 2.741831
0.128205 , 0.666667 , 2.724754
0.128205 , 0.692308 , 2.708949
0.128205 , 0.717949 , 2.695232
0.128205 , 0.743590 , 2.682240
0.128205 , 0.769231 , 2.671047
0.128205 , 0.794872 , 2.661332
0.128205 , 0.820513 , 2.653000
0.128205 , 0.846154 , 2.645236
0.128205 , 0.871795 , 2.639750
0.128205 , 0.897436 , 2.635454
0.128205 , 0.923077 , 2.632894
0.128205 , 0.948718 , 2.631224
0.128205 , 0.974359 , 2.628345
0.128205 , 1.000000 , 2.627097
0.153846 , 0.000000 , 3.228530
0.153846 , 0.025641 , 3.228999
0.153846 , 0.051282 , 3.228660
0.153846 , 0.076923 , 3.227664
0.153846 , 0.102564 , 3.225338
0.153846 , 0.128205 , 3.222555
0.153846 , 0.153846 , 3.218352
0.153846 , 0.179487 , 3.211074
0.153846 , 0.205128 , 3.202454
0.153846 , 0.230769 , 3.191735
0.153846 , 0.256410 , 3.177824
0.153846 , 0.282051 , 3.160605
0.153846 , 0.307692 , 3.141166
0.153846 , 0.333333 , 3.121395
0.153846 , 0.358974 , 3.099767
0.153846 , 0.384615 , 3.076325
0.153846 , 0.410256 , 3.050997
0.153846 , 0.435897 , 3.024536
0.153846 , 0.461538 , 2.998751
0.153846 , 0.487179 , 2.972229
0.153846 , 0.512821 , 2.945666
0.153846 , 0.538462 , 2.919958
0.153846 , 0.564103 , 2.895369
0.153846 , 0.589744 , 2.871837
0.153846 , 0.615385 , 2.849779
0.153846 , 0.641026 , 2.829563
0.153846 , 0.666667 , 2.809771
0.153846 , 0.692308 , 2.790619
0.153846 , 0.717949 , 2.773833
0.153846 , 0.743590 , 2.758560
0.153846 , 0.769231 , 2.744143
0.153846 , 0.794872 , 2.732250
0.153846 , 0.820513 , 2.723222
0.153846 , 0.846154 , 2.714267
0.153846 , 0.871795 , 2.707636
0.153846 , 0.897436 , 2.701488
0.153846 , 0.923077 , 2.697924
0.153846 , 0.948718 , 2.695890
0.153846 , 0.974359 , 2.693904
0.153846 , 1.000000 , 2.692934
0.179487 , 0.000000 , 3.370917
0.179487 , 0.025641 , 3.371081
0.179487 , 0.051282 , 3.370389
0.179487 , 0.076923 , 3.369161
0.179487 , 0.102564 , 3.366404
0.179487 , 0.128205 , 3.362413
0.179487 , 0.153846 , 3.357124
0.179487 , 0.179487 , 3.349243
0.179487 , 0.205128 , 3.338505
0.179487 , 0.230769 , 3.326041
0.179487 , 0.256410 , 3.309870
0.179487 , 0.282051 , 3.290227
0.179487 , 0.307692 , 3.268109
0.179487 , 0.333333 , 3.245489
0.179487 , 0.358974 , 3.220732
0.179487 , 0.384615 , 3.194540
0.179487 , 0.410256 , 3.166174
0.179487 , 0.435897 , 3.135249
0.179487 , 0.461538 , 3.104694
0.179487 , 0.487179 , 3.074040
0.179487 , 0.512821 , 3.043940
0.179487 , 0.538462 , 3.015254
0.179487 , 0.564103 , 2.986421
0.179487 , 0.589744 , 2.958825
0.179487 , 0.615385 , 2.932567
0.179487 , 0.641026 , 2.908437
0.179487 , 0.666667 , 2.885179
0.179487 , 0.692308 , 2.862755
0.179487 , 0.717949 , 2.842282
0.179487 , 0.743590 , 2.824010
0.179487 , 0.769231 , 2.807692
0.179487 , 0.794872 , 2.793452
0.179487 , 0.820513 , 2.782940
0.179487 , 0.846154 , 2.773839
0.179487 , 0.871795 , 2.765237
0.179487 , 0.897436 , 2.758017
0.179487 , 0.923077 , 2.752735
0.179487 , 0.948718 , 2.750265
0.179487 , 0.974359 , 2.748912
0.179487 , 1.000000 , 2.748049
0.205128 , 0.000000 , 3.504395
0.205128 , 0.025641 , 3.504303
0.205128 , 0.051282 , 3.503464
0.205128 , 0.076923 , 3.501572
0.205128 , 0.102564 , 3.498209
0.205128 , 0.128205 , 3.493801
0.205128 , 0.153846 , 3.487519
0.205128 , 0.179487 , 3.478626
0.205128 , 0.205128 , 3.466821
0.205128 , 0.230769 , 3.451859
0.205128 , 0.256410 , 3.433014
0.205128 , 0.282051 , 3.410880
0.205128 , 0.307692 , 3.386159
0.205128 , 0.333333 , 3.360476
0.205128 , 0.358974 , 3.333002
0.205128 , 0.384615 , 3.303533
0.205128 , 0.410256 , 3.271659
0.205128 , 0.435897 , 3.237877
0.205128 , 0.461538 , 3.202392
0.205128 , 0.487179 , 3.167698
0.205128 , 0.512821 , 3.133869
0.205128 , 0.538462 , 3.101225
0.205128 , 0.564103 , 3.068843
0.205128 , 0.589744 , 3.037098
0.205128 , 0.615385 , 3.006855
0.205128 , 0.641026 , 2.978451
0.205128 , 0.666667 , 2.952584
0.205128 , 0.692308 , 2.927161
0.205128 , 0.717949 , 2.903170
0.205128 , 0.743590 , 2.881748
0.205128 , 0.769231 , 2.862702
0.205128 , 0.794872 , 2.846239
0.205128 , 0.820513 , 2.833272
0.205128 , 0.846154 , 2.823433
0.205128 , 0.871795 , 2.813691
0.205128 , 0.897436 , 2.804761
0.205128 , 0.923077 , 2.798224
0.205128 , 0.948718 , 2.794011
0.205128 , 0.974359 , 2.792755
0.205128 , 1.000000 , 2.792421
0.230769 , 0.000000 , 3.630414
0.230769 , 0.025641 , 3.630361
0.230769 , 0.051282 , 3.628716
0.230769 , 0.076923 , 3.626245
0.230769 , 0.102564 , 3.622003
0.230769 , 0.128205 , 3.616326
0.230769 , 0.153846 , 3.609442
0.230769 , 0.179487 , 3.599455
0.230769 , 0.205128 , 3.585810
0.230769 , 0.230769 , 3.568701
0.230769 , 0.256410 , 3.547552
0.230769 , 0.282051 , 3.523419
0.230769 , 0.307692 , 3.496290
0.230769 , 0.333333 , 3.467071
0.230769 , 0.358974 , 3.436773
0.230769 , 0.384615 , 3.403835
0.230769 , 0.410256 , 3.368977
0.230769 , 0.435897 , 3.332700
0.230769 , 0.461538 , 3.293530
0.230769 , 0.487179 , 3.254214
0.230769 , 0.512821 , 3.216320
0.230769 , 0.538462 , 3.179191
0.230769 , 0.564103 , 3.142880
0.230769 , 0.589744 , 3.107341
0.230769 , 0.615385 , 3.073027
0.230769 , 0.641026 , 3.040716
0.230769 , 0.666667 , 3.011130
0.230769 , 0.692308 , 2.983864
0.230769 , 0.717949 , 2.957260
0.230769 , 0.743590 , 2.932710
0.230769 , 0.769231 , 2.911001
0.230769 , 0.794872 , 2.891645
0.230769 , 0.820513 , 2.875572
0.230769 , 0.846154 , 2.863328
0.230769 , 0.871795 , 2.852311
0.230769 , 0.897436 , 2.842145
0.230769 , 0.923077 , 2.834415
0.230769 , 0.948718 , 2.829279
0.230769 , 0.974359 , 2.826465
0.230769 , 1.000000 , 2.826772
0.256410 , 0.000000 , 3.751291
0.256410 , 0.025641 , 3.750914
0.256410 , 0.051282 , 3.748150
0.256410 , 0.076923 , 3.744663
0.256410 , 0.102564 , 3.739751
0.256410 , 0.128205 , 3.732797
0.256410 , 0.153846 , 3.724115
0.256410 , 0.179487 , 3.712606
0.256410 , 0.205128 , 3.696955
0.256410 , 0.230769 , 3.677130
0.256410 , 0.256410 , 3.653921
0.256410 , 0.282051 , 3.627288
0.256410 , 0.307692 , 3.598131
0.256410 , 0.333333 , 3.566243
0.256410 , 0.358974 , 3.532935
0.256410 , 0.384615 , 3.496334
0.256410 , 0.410256 , 3.458032
0.256410 , 0.435897 , 3.419157
0.256410 , 0.461538 , 3.377430
0.256410 , 0.487179 , 3.334716
0.256410 , 0.512821 , 3.292961
0.256410 , 0.538462 , 3.251155
0.256410 , 0.564103 , 3.210442
0.256410 , 0.589744 , 3.170250
0.256410 , 0.615385 , 3.132077
0.256410 , 0.641026 , 3.096198
0.256410 , 0.666667 , 3.062951
0.256410 , 0.692308 , 3.032538
0.256410 , 0.717949 , 3.003490
0.256410 , 0.743590 , 2.975797
0.256410 , 0.769231 , 2.950977
0.256410 , 0.794872 , 2.927944
0.256410 , 0.820513 , 2.908675
0.256410 , 0.846154 , 2.893463
0.256410 , 0.871795 , 2.881598
0.256410 , 0.897436 , 2.870382
0.256410 , 0.923077 , 2.861733
0.256410 , 0.948718 , 2.855506
0.256410 , 0.974359 , 2.851950
0.256410 , 1.000000 , 2.851547
0.282051 , 0.000000 , 3.867148
0.282051 , 0.025641 , 3.866678
0.282051 , 0.051282 , 3.863635
0.282051 , 0.076923 , 3.858146
0.282051 , 0.102564 , 3.852026
0.282051 , 0.128205 , 3.843130
0.282051 , 0.153846 , 3.832456
0.282051 , 0.179487 , 3.818614
0.282051 , 0.205128 , 3.800758
0.282051 , 0.230769 , 3.778463
0.282051 , 0.256410 , 3.752892
0.282051 , 0.282051 , 3.724022
0.282051 , 0.307692 , 3.692358
0.282051 , 0.333333 , 3.658086
0.282051 , 0.358974 , 3.621837
0.282051 , 0.384615 , 3.582220
0.282051 , 0.410256 , 3.539797
0.282051 , 0.435897 , 3.497575
0.282051 , 0.461538 , 3.453027
0.282051 , 0.487179 , 3.407530
0.282051 , 0.512821 , 3.361693
0.282051 , 0.538462 , 3.316090
0.282051 , 0.564103 , 3.271439
0.282051 , 0.589744 , 3.227415
0.282051 , 0.615385 , 3.185318
0.282051 , 0.641026 , 3.146015
0.282051 , 0.666667 , 3.109055
0.282051 , 0.692308 , 3.074791
0.282051 , 0.717949 , 3.041668
0.282051 , 0.743590 , 3.010185
0.282051 , 0.769231 , 2.981820
0.282051 , 0.794872 , 2.956561
0.282051 , 0.820513 , 2.934643
0.282051 , 0.846154 , 2.916340
0.282051 , 0.871795 , 2.901942
0.282051 , 0.897436 , 2.890150
0.282051 , 0.923077 , 2.880813
0.282051 , 0.948718 , 2.873499
0.282051 , 0.974359 , 2.869684
0.282051 , 1.000000 , 2.868099
0.307692 , 0.000000 , 3.979022
0.307692 , 0.025641 , 3.977723
0.307692 , 0.051282 , 3.974427
0.307692 , 0.076923 , 3.967970
0.307692 , 0.102564 , 3.960086
0.307692 , 0.128205 , 3.948916
0.307692 , 0.153846 , 3.934977
0.307692 , 0.179487 , 3.918150
0.307692 , 0.205128 , 3.897864
0.307692 , 0.230769 , 3.873663
0.307692 , 0.256410 , 3.845796
0.307692 , 0.282051 , 3.814441
0.307692 , 0.307692 , 3.780163
0.307692 , 0.333333 , 3.743039
0.307692 , 0.358974 , 3.703602
0.307692 , 0.384615 , 3.661147
0.307692 , 0.410256 , 3.615207
0.307692 , 0.435897 , 3.569194
0.307692 , 0.461538 , 3.521824
0.307692 , 0.487179 , 3.472745
0.307692 , 0.512821 , 3.423014
0.307692 , 0.538462 , 3.373633
0.307692 , 0.564103 , 3.324683
0.307692 , 0.589744 , 3.276923
0.307692 , 0.615385 , 3.231380
0.307692 , 0.641026 , 3.188486
0.307692 , 0.666667 , 3.147775
0.307692 , 0.692308 , 3.108502
0.307692 , 0.717949 , 3.072089
0.307692 , 0.743590 , 3.037700
0.307692 , 0.769231 , 3.005750
0.307692 , 0.794872 , 2.978245
0.307692 , 0.820513 , 2.953835
0.307692 , 0.846154 , 2.932827
0.307692 , 0.871795 , 2.915598
0.307692 , 0.897436 , 2.901683
0.307692 , 0.923077 , 2.891341
0.307692 , 0.948718 , 2.883863
0.307692 , 0.974359 , 2.879456
0.307692 , 1.000000 , 2.878086
0.333333 , 0.000000 , 4.087800
0.333333 , 0.025641 , 4.085852
0.333333 , 0.051282 , 4.081435
0.333333 , 0.076923 , 4.074424
0.333333 , 0.102564 , 4.064155
0.333333 , 0.128205 , 4.050408
0.333333 , 0.153846 , 4.033964
0.333333 , 0.179487 , 4.013781
0.333333 , 0.205128 , 3.990232
0.333333 , 0.230769 , 3.963435
0.333333 , 0.256410 , 3.933390
0.333333 , 0.282051 , 3.899626
0.333333 , 0.307692 , 3.862492
0.333333 , 0.333333 , 3.822253
0.333333 , 0.358974 , 3.779433
0.333333 , 0.384615 , 3.733548
0.333333 , 0.410256 , 3.684904
0.333333 , 0.435897 , 3.634734
0.333333 , 0.461538 , 3.583910
0.333333 , 0.487179 , 3.530959
0.333333 , 0.512821 , 3.477611
0.333333 , 0.538462 , 3.424822
0.333333 , 0.564103 , 3.372319
0.333333 , 0.589744 , 3.320912
0.333333 , 0.615385 , 3.271584
0.333333 , 0.641026 , 3.224279
0.333333 , 0.666667 , 3.178929
0.333333 , 0.692308 , 3.135824
0.333333 , 0.717949 , 3.095551
0.333333 , 0.743590 , 3.058074
0.333333 , 0.769231 , 3.023703
0.333333 , 0.794872 , 2.993312
0.333333 , 0.820513 , 2.965677
0.333333 , 0.846154 , 2.941534
0.333333 , 0.871795 , 2.921359
0.333333 , 0.897436 , 2.904924
0.333333 , 0.923077 , 2.892714
0.333333 , 0.948718 , 2.884154
0.333333 , 0.974359 , 2.879241
0.333333 , 1.000000 , 2.877927
0.358974 , 0.000000 , 4.193489
0.358974 , 0.025641 , 4.191489
0.358974 , 0.051282 , 4.185631
0.358974 , 0.076923 , 4.177607
0.358974 , 0.102564 , 4.165566
0.358974 , 0.128205 , 4.149459
0.358974 , 0.153846 , 4.130030
0.358974 , 0.179487 , 4.106833
0.358974 , 0.205128 , 4.080678
0.358974 , 0.230769 , 4.050894
0.358974 , 0.256410 , 4.017699
0.358974 , 0.282051 , 3.981078
0.358974 , 0.307692 , 3.940766
0.358974 , 0.333333 , 3.897820
0.358974 , 0.358974 , 3.851424
0.358974 , 0.384615 , 3.801924
0.358974 , 0.410256 , 3.749661
0.358974 , 0.435897 , 3.695192
0.358974 , 0.461538 , 3.640525
0.358974 , 0.487179 , 3.583687
0.358974 , 0.512821 , 3.526137
0.358974 , 0.538462 , 3.469437
0.358974 , 0.564103 , 3.413136
0.358974 , 0.589744 , 3.357484
0.358974 , 0.615385 , 3.303788
0.358974 , 0.641026 , 3.252911
0.358974 , 0.666667 , 3.203234
0.358974 , 0.692308 , 3.155903
0.358974 , 0.717949 , 3.111846
0.358974 , 0.743590 , 3.069997
0.358974 , 0.769231 , 3.032589
0.358974 , 0.794872 , 2.998857
0.358974 , 0.820513 , 2.967726
0.358974 , 0.846154 , 2.941032
0.358974 , 0.871795 , 2.919010
0.358974 , 0.897436 , 2.900455
0.358974 , 0.923077 , 2.886363
0.358974 , 0.948718 , 2.876460
0.358974 , 0.974359 , 2.870619
0.358974 , 1.000000 , 2.868728
0.384615 , 0.000000 , 4.296995
0.384615 , 0.025641 , 4.295089
0.384615 , 0.051282 , 4.289040
0.384615 , 0.076923 , 4.279739
0.384615 , 0.102564 , 4.265732
0.384615 , 0.128205 , 4.247437
0.384615 , 0.153846 , 4.224941
0.384615 , 0.179487 , 4.198740
0.384615 , 0.205128 , 4.169646
0.384615 , 0.230769 , 4.137615
0.384615 , 0.256410 , 4.101180
0.384615 , 0.282051 , 4.060609
0.384615 , 0.307692 , 4.016188
0.384615 , 0.333333 , 3.969584
0.384615 , 0.358974 , 3.919845
0.384615 , 0.384615 , 3.866577
0.384615 , 0.410256 , 3.810243
0.384615 , 0.435897 , 3.751184
0.384615 , 0.461538 , 3.691614
0.384615 , 0.487179 , 3.630602
0.384615 , 0.512821 , 3.568810
0.384615 , 0.538462 , 3.508042
0.384615 , 0.564103 , 3.447821
0.384615 , 0.589744 , 3.387877
0.384615 , 0.615385 , 3.329438
0.384615 , 0.641026 , 3.274020
0.384615 , 0.666667 , 3.220177
0.384615 , 0.692308 , 3.169185
0.384615 , 0.717949 , 3.121076
0.384615 , 0.743590 , 3.075443
0.384615 , 0.769231 , 3.033499
0.384615 , 0.794872 , 2.996255
0.384615 , 0.820513 , 2.962187
0.384615 , 0.846154 , 2.933138
0.384615 , 0.871795 , 2.909113
0.384615 , 0.897436 , 2.889025
0.384615 , 0.923077 , 2.872715
0.384615 , 0.948718 , 2.861568
0.384615 , 0.974359 , 2.854901
0.384615 , 1.000000 , 2.852764
0.410256 , 0.000000 , 4.400835
0.410256 , 0.025641 , 4.398835
0.410256 , 0.051282 , 4.392199
0.410256 , 0.076923 , 4.381594
0.410256 , 0.102564 , 4.365493
0.410256 , 0.128205 , 4.344915
0.410256 , 0.153846 , 4.319440
0.410256 , 0.179487 , 4.289966
0.410256 , 0.205128 , 4.257937
0.410256 , 0.230769 , 4.222342
0.410256 , 0.256410 , 4.182691
0.410256 , 0.282051 , 4.138218
0.410256 , 0.307692 , 4.089862
0.410256 , 0.333333 , 4.038954
0.410256 , 0.358974 , 3.984753
0.410256 , 0.384615 , 3.927298
0.410256 , 0.410256 , 3.866332
0.410256 , 0.435897 , 3.802617
0.410256 , 0.461538 , 3.737733
0.410256 , 0.487179 , 3.671798
0.410256 , 0.512821 , 3.605810
0.410256 , 0.538462 , 3.541068
0.410256 , 0.564103 , 3.475965
0.410256 , 0.589744 , 3.411635
0.410256 , 0.615385 , 3.348348
0.410256 , 0.641026 , 3.287526
0.410256 , 0.666667 , 3.229028
0.410256 , 0.692308 , 3.173863
0.410256 , 0.717949 , 3.121879
0.410256 , 0.743590 , 3.072552
0.410256 , 0.769231 , 3.027192
0.410256 , 0.794872 , 2.985861
0.410256 , 0.820513 , 2.948640
0.410256 , 0.846154 , 2.916840
0.410256 , 0.871795 , 2.890448
0.410256 , 0.897436 , 2.868408
0.410256 , 0.923077 , 2.850840
0.410256 , 0.948718 , 2.838689
0.410256 , 0.974359 , 2.830924
0.410256 , 1.000000 , 2.828577
0.435897 , 0.000000 , 4.505460
0.435897 , 0.025641 , 4.503105
0.435897 , 0.051282 , 4.496192
0.435897 , 0.076923 , 4.483344
0.435897 , 0.102564 , 4.464894
0.435897 , 0.128205 , 4.442232
0.435897 , 0.153846 , 4.414338
0.435897 , 0.179487 , 4.381730
0.435897 , 0.205128 , 4.346406
0.435897 , 0.230769 , 4.306483
0.435897 , 0.256410 , 4.262493
0.435897 , 0.282051 , 4.214445
0.435897 , 0.307692 , 4.161772
0.435897 , 0.333333 , 4.105846
0.435897 , 0.358974 , 4.046602
0.435897 , 0.384615 , 3.984591
0.435897 , 0.410256 , 3.918963
0.435897 , 0.435897 , 3.850427
0.435897 , 0.461538 , 3.780058
0.435897 , 0.487179 , 3.709063
0.435897 , 0.512821 , 3.638026
0.435897 , 0.538462 , 3.567889
0.435897 , 0.564103 , 3.497706
0.435897 , 0.589744 , 3.428394
0.435897 , 0.615385 , 3.360454
0.435897 , 0.641026 , 3.294265
0.435897 , 0.666667 , 3.230772
0.435897 , 0.692308 , 3.170855
0.435897 , 0.717949 , 3.114666
0.435897 , 0.743590 , 3.061653
0.435897 , 0.769231 , 3.012319
0.435897 , 0.794872 , 2.967408
0.435897 , 0.820513 , 2.926930
0.435897 , 0.846154 , 2.891843
0.435897 , 0.871795 , 2.862889
0.435897 , 0.897436 , 2.839167
0.435897 , 0.923077 , 2.820695
0.435897 , 0.948718 , 2.807048
0.435897 , 0.974359 , 2.798447
0.435897 , 1.000000 , 2.795988
0.461538 , 0.000000 , 4.612153
0.461538 , 0.025641 , 4.609373
0.461538 , 0.051282 , 4.601370
0.461538 , 0.076923 , 4.586533
0.461538 , 0.102564 , 4.566416
0.461538 , 0.128205 , 4.541663
0.461538 , 0.153846 , 4.511444
0.461538 , 0.179487 , 4.475805
0.461538 , 0.205128 , 4.436236
0.461538 , 0.230769 , 4.392117
0.461538 , 0.256410 , 4.343115
0.461538 , 0.282051 , 4.290282
0.461538 , 0.307692 , 4.233226
0.461538 , 0.333333 , 4.172242
0.461538 , 0.358974 , 4.107486
0.461538 , 0.384615 , 4.039638
0.461538 , 0.410256 , 3.968466
0.461538 , 0.435897 , 3.894758
0.461538 , 0.461538 , 3.819302
0.461538 , 0.487179 , 3.742698
0.461538 , 0.512821 , 3.665838
0.461538 , 0.538462 , 3.589398
0.461538 , 0.564103 , 3.513182
0.461538 , 0.589744 , 3.438235
0.461538 , 0.615385 , 3.365283
0.461538 , 0.641026 , 3.294058
0.461538 , 0.666667 , 3.225610
0.461538 , 0.692308 , 3.160524
0.461538 , 0.717949 , 3.099189
0.461538 , 0.743590 , 3.041789
0.461538 , 0.769231 , 2.988462
0.461538 , 0.794872 , 2.939690
0.461538 , 0.820513 , 2.897104
0.461538 , 0.846154 , 2.859165
0.461538 , 0.871795 , 2.826885
0.461538 , 0.897436 , 2.800743
0.461538 , 0.923077 , 2.781044
0.461538 , 0.948718 , 2.766328
0.461538 , 0.974359 , 2.756487
0.461538 , 1.000000 , 2.754019
0.487179 , 0.000000 , 4.722483
0.487179 , 0.025641 , 4.718745
0.487179 , 0.051282 , 4.709560
0.487179 , 0.076923 , 4.693196
0.487179 , 0.102564 , 4.670974
0.487179 , 0.128205 , 4.643867
0.487179 , 0.153846 , 4.610501
0.487179 , 0.179487 , 4.571552
0.487179 , 0.205128 , 4.527808
0.487179 , 0.230769 , 4.479530
0.487179 , 0.256410 , 4.426138
0.487179 , 0.282051 , 4.368060
0.487179 , 0.307692 , 4.305918
0.487179 , 0.333333 , 4.239093
0.487179 , 0.358974 , 4.168493
0.487179 , 0.384615 , 4.094732
0.487179 , 0.410256 , 4.017287
0.487179 , 0.435897 , 3.937160
0.487179 , 0.461538 , 3.855473
0.487179 , 0.487179 , 3.772972
0.487179 , 0.512821 , 3.689672
0.487179 , 0.538462 , 3.606733
0.487179 , 0.564103 , 3.524084
0.487179 , 0.589744 , 3.442407
0.487179 , 0.615385 , 3.363310
0.487179 , 0.641026 , 3.286864
0.487179 , 0.666667 , 3.213357
0.487179 , 0.692308 , 3.142665
0.487179 , 0.717949 , 3.075595
0.487179 , 0.743590 , 3.013256
0.487179 , 0.769231 , 2.955503
0.487179 , 0.794872 , 2.903157
0.487179 , 0.820513 , 2.857737
0.487179 , 0.846154 , 2.816883
0.487179 , 0.871795 , 2.781088
0.487179 , 0.897436 , 2.752304
0.487179 , 0.923077 , 2.731165
0.487179 , 0.948718 , 2.715724
0.487179 , 0.974359 , 2.705534
0.487179 , 1.000000 , 2.701822
0.512821 , 0.000000 , 4.836806
0.512821 , 0.025641 , 4.832722
0.512821 , 0.051282 , 4.822160
0.512821 , 0.076923 , 4.804558
0.512821 , 0.102564 , 4.780241
0.512821 , 0.128205 , 4.750028
0.512821 , 0.153846 , 4.713726
0.512821 , 0.179487 , 4.670228
0.512821 , 0.205128 , 4.622403
0.512821 , 0.230769 , 4.570137
0.512821 , 0.256410 , 4.512154
0.512821 , 0.282051 , 4.448878
0.512821 , 0.307692 , 4.380599
0.512821 , 0.333333 , 4.307775
0.512821 , 0.358974 , 4.230239
0.512821 , 0.384615 , 4.149419
0.512821 , 0.410256 , 4.064886
0.512821 , 0.435897 , 3.978193
0.512821 , 0.461538 , 3.889508
0.512821 , 0.487179 , 3.799909
0.512821 , 0.512821 , 3.709769
0.512821 , 0.538462 , 3.619431
0.512821 , 0.564103 , 3.529756
0.512821 , 0.589744 , 3.441073
0.512821 , 0.615385 , 3.355020
0.512821 , 0.641026 , 3.272231
0.512821 , 0.666667 , 3.192588
0.512821 , 0.692308 , 3.115929
0.512821 , 0.717949 , 3.043156
0.512821 , 0.743590 , 2.975809
0.512821 , 0.769231 , 2.913488
0.512821 , 0.794872 , 2.857091
0.512821 , 0.820513 , 2.807873
0.512821 , 0.846154 , 2.764063
0.512821 , 0.871795 , 2.725595
0.512821 , 0.897436 , 2.694022
0.512821 , 0.923077 , 2.669819
0.512821 , 0.948718 , 2.653567
0.512821 , 0.974359 , 2.643375
0.512821 , 1.000000 , 2.639093
0.538462 , 0.000000 , 4.956402
0.538462 , 0.025641 , 4.952416
0.538462 , 0.051282 , 4.941014
0.538462 , 0.076923 , 4.921769
0.538462 , 0.102564 , 4.894809
0.538462 , 0.128205 , 4.861918
0.538462 , 0.153846 , 4.821939
0.538462 , 0.179487 , 4.774324
0.538462 , 0.205128 , 4.722194
0.538462 , 0.230769 , 4.665538
0.538462 , 0.256410 , 4.603118
0.538462 , 0.282051 , 4.534262
0.538462 , 0.307692 , 4.459102
0.538462 , 0.333333 , 4.378973
0.538462 , 0.358974 , 4.294097
0.538462 , 0.384615 , 4.205074
0.538462 , 0.410256 , 4.112832
0.538462 , 0.435897 , 4.018386
0.538462 , 0.461538 , 3.922540
0.538462 , 0.487179 , 3.824561
0.538462 , 0.512821 , 3.726436
0.538462 , 0.538462 , 3.627792
0.538462 , 0.564103 , 3.529718
0.538462 , 0.589744 , 3.433655
0.538462 , 0.615385 , 3.339928
0.538462 , 0.641026 , 3.249804
0.538462 , 0.666667 , 3.163233
0.538462 , 0.692308 , 3.080443
0.538462 , 0.717949 , 3.001918
0.538462 , 0.743590 , 2.928601
0.538462 , 0.769231 , 2.861448
0.538462 , 0.794872 , 2.800697
0.538462 , 0.820513 , 2.747376
0.538462 , 0.846154 , 2.700783
0.538462 , 0.871795 , 2.659976
0.538462 , 0.897436 , 2.625935
0.538462 , 0.923077 , 2.599690
0.538462 , 0.948718 , 2.581051
0.538462 , 0.974359 , 2.569595
0.538462 , 1.000000 , 2.565659
0.564103 , 0.000000 , 5.082872
0.564103 , 0.025641 , 5.078927
0.564103 , 0.051282 , 5.066944
0.564103 , 0.076923 , 5.046201
0.564103 , 0.102564 , 5.016832
0.564103 , 0.128205 , 4.980877
0.564103 , 0.153846 , 4.937167
0.564103 , 0.179487 , 4.886158
0.564103 , 0.205128 , 4.829712
0.564103 , 0.230769 , 4.768037
0.564103 , 0.256410 , 4.700095
0.564103 , 0.282051 , 4.624682
0.564103 , 0.307692 , 4.541720
0.564103 , 0.333333 , 4.454137
0.564103 , 0.358974 , 4.360853
0.564103 , 0.384615 , 4.263435
0.564103 , 0.410256 , 4.161932
0.564103 , 0.435897 , 4.058443
0.564103 , 0.461538 , 3.953187
0.564103 , 0.487179 , 3.846768
0.564103 , 0.512821 , 3.739195
0.564103 , 0.538462 , 3.631266
0.564103 , 0.564103 , 3.523918
0.564103 , 0.589744 , 3.419028
0.564103 , 0.615385 , 3.317187
0.564103 , 0.641026 , 3.219418
0.564103 , 0.666667 , 3.125503
0.564103 , 0.692308 , 3.035781
0.564103 , 0.717949 , 2.950971
0.564103 , 0.743590 , 2.871709
0.564103 , 0.769231 , 2.799559
0.564103 , 0.794872 , 2.734132
0.564103 , 0.820513 , 2.676644
0.564103 , 0.846154 , 2.626650
0.564103 , 0.871795 , 2.583355
0.564103 , 0.897436 , 2.547269
0.564103 , 0.923077 , 2.518433
0.564103 , 0.948718 , 2.497616
0.564103 , 0.974359 , 2.484814
0.564103 , 1.000000 , 2.480525
0.589744 , 0.000000 , 5.218521
0.589744 , 0.025641 , 5.213685
0.589744 , 0.051282 , 5.200523
0.589744 , 0.076923 , 5.178369
0.589744 , 0.102564 , 5.146984
0.589744 , 0.128205 , 5.108069
0.589744 , 0.153846 , 5.061269
0.589744 , 0.179487 , 5.006962
0.589744 , 0.205128 , 4.946320
0.589744 , 0.230769 , 4.878614
0.589744 , 0.256410 , 4.803935
0.589744 , 0.282051 , 4.720860
0.589744 , 0.307692 , 4.630072
0.589744 , 0.333333 , 4.533773
0.589744 , 0.358974 , 4.431702
0.589744 , 0.384615 , 4.325187
0.589744 , 0.410256 , 4.213646
0.589744 , 0.435897 , 4.099535
0.589744 , 0.461538 , 3.983474
0.589744 , 0.487179 , 3.865883
0.589744 , 0.512821 , 3.747657
0.589744 , 0.538462 , 3.629103
0.589744 , 0.564103 , 3.511718
0.589744 , 0.589744 , 3.397123
0.589744 , 0.615385 , 3.285674
0.589744 , 0.641026 , 3.178843
0.589744 , 0.666667 , 3.077257
0.589744 , 0.692308 , 2.980303
0.589744 , 0.717949 , 2.888625
0.589744 , 0.743590 , 2.803010
0.589744 , 0.769231 , 2.725013
0.589744 , 0.794872 , 2.655024
0.589744 , 0.820513 , 2.593513
0.589744 , 0.846154 , 2.539828
0.589744 , 0.871795 , 2.493964
0.589744 , 0.897436 , 2.456138
0.589744 , 0.923077 , 2.425153
0.589744 , 0.948718 , 2.402502
0.589744 , 0.974359 , 2.389617
0.589744 , 1.000000 , 2.385010
0.615385 , 0.000000 , 5.362956
0.615385 , 0.025641 , 5.357767
0.615385 , 0.051282 , 5.343330
0.615385 , 0.076923 , 5.319349
0.615385 , 0.102564 , 5.286430
0.615385 , 0.128205 , 5.244434
0.615385 , 0.153846 , 5.194520
0.615385 , 0.179487 , 5.136579
0.615385 , 0.205128 , 5.071506
0.615385 , 0.230769 , 4.997232
0.615385 , 0.256410 , 4.915375
0.615385 , 0.282051 , 4.824117
0.615385 , 0.307692 , 4.724958
0.615385 , 0.333333 , 4.619300
0.615385 , 0.358974 , 4.507206
0.615385 , 0.384615 , 4.390109
0.615385 , 0.410256 , 4.267833
0.615385 , 0.435897 , 4.141758
0.615385 , 0.461538 , 4.013450
0.615385 , 0.487179 , 3.882859
0.615385 , 0.512821 , 3.751989
0.615385 , 0.538462 , 3.621334
0.615385 , 0.564103 , 3.492599
0.615385 , 0.589744 , 3.367178
0.615385 , 0.615385 , 3.245432
0.615385 , 0.641026 , 3.128745
0.615385 , 0.666667 , 3.017565
0.615385 , 0.692308 , 2.912719
0.615385 , 0.717949 , 2.813995
0.615385 , 0.743590 , 2.721825
0.615385 , 0.769231 , 2.638031
0.615385 , 0.794872 , 2.563495
0.615385 , 0.820513 , 2.497126
0.615385 , 0.846154 , 2.439577
0.615385 , 0.871795 , 2.390847
0.615385 , 0.897436 , 2.351436
0.615385 , 0.923077 , 2.319828
0.615385 , 0.948718 , 2.295826
0.615385 , 0.974359 , 2.282470
0.615385 , 1.000000 , 2.277828
0.641026 , 0.000000 , 5.516507
0.641026 , 0.025641 , 5.510838
0.641026 , 0.051282 , 5.495462
0.641026 , 0.076923 , 5.470649
0.641026 , 0.102564 , 5.435706
0.641026 , 0.128205 , 5.391186
0.641026 , 0.153846 , 5.338790
0.641026 , 0.179487 , 5.277340
0.641026 , 0.205128 , 5.206984
0.641026 , 0.230769 , 5.126619
0.641026 , 0.256410 , 5.036651
0.641026 , 0.282051 , 4.937396
0.641026 , 0.307692 , 4.828961
0.641026 , 0.333333 , 4.712951
0.641026 , 0.358974 , 4.589051
0.641026 , 0.384615 , 4.459630
0.641026 , 0.410256 , 4.324845
0.641026 , 0.435897 , 4.185000
0.641026 , 0.461538 , 4.042522
0.641026 , 0.487179 , 3.898288
0.641026 , 0.512821 , 3.753578
0.641026 , 0.538462 , 3.609728
0.641026 , 0.564103 , 3.468054
0.641026 , 0.589744 , 3.329931
0.641026 , 0.615385 , 3.196033
0.641026 , 0.641026 , 3.068230
0.641026 , 0.666667 , 2.946822
0.641026 , 0.692308 , 2.832862
0.641026 , 0.717949 , 2.727050
0.641026 , 0.743590 , 2.628461
0.641026 , 0.769231 , 2.537687
0.641026 , 0.794872 , 2.457206
0.641026 , 0.820513 , 2.386521
0.641026 , 0.846154 , 2.326433
0.641026 , 0.871795 , 2.275123
0.641026 , 0.897436 , 2.233695
0.641026 , 0.923077 , 2.200938
0.641026 , 0.948718 , 2.176276
0.641026 , 0.974359 , 2.161266
0.641026 , 1.000000 , 2.155929
0.666667 , 0.000000 , 5.680922
0.666667 , 0.025641 , 5.675113
0.666667 , 0.051282 , 5.658660
0.666667 , 0.076923 , 5.632873
0.666667 , 0.102564 , 5.596809
0.666667 , 0.128205 , 5.550262
0.666667 , 0.153846 , 5.495152
0.666667 , 0.179487 , 5.430004
0.666667 , 0.205128 , 5.354479
0.666667 , 0.230769 , 5.268039
0.666667 , 0.256410 , 5.170438
0.666667 , 0.282051 , 5.062663
0.666667 , 0.307692 , 4.944155
0.666667 , 0.333333 , 4.815734
0.666667 , 0.358974 , 4.679195
0.666667 , 0.384615 , 4.535893
0.666667 , 0.410256 , 4.386125
0.666667 , 0.435897 , 4.231307
0.666667 , 0.461538 , 4.073029
0.666667 , 0.487179 , 3.913172
0.666667 , 0.512821 , 3.752935
0.666667 , 0.538462 , 3.593507
0.666667 , 0.564103 , 3.437046
0.666667 , 0.589744 , 3.284301
0.666667 , 0.615385 , 3.136988
0.666667 , 0.641026 , 2.996024
0.666667 , 0.666667 , 2.862747
0.666667 , 0.692308 , 2.739110
0.666667 , 0.717949 , 2.624633
0.666667 , 0.743590 , 2.518737
0.666667 , 0.769231 , 2.422311
0.666667 , 0.794872 , 2.336369
0.666667 , 0.820513 , 2.261883
0.666667 , 0.846154 , 2.198679
0.666667 , 0.871795 , 2.145231
0.666667 , 0.897436 , 2.102193
0.666667 , 0.923077 , 2.067633
0.666667 , 0.948718 , 2.042362
0.666667 , 0.974359 , 2.026606
0.666667 , 1.000000 , 2.020792
0.692308 , 0.000000 , 5.856311
0.692308 , 0.025641 , 5.850864
0.692308 , 0.051282 , 5.834049
0.692308 , 0.076923 , 5.806876
0.692308 , 0.102564 , 5.770057
0.692308 , 0.128205 , 5.722102
0.692308 , 0.153846 , 5.664483
0.692308 , 0.179487 , 5.595919
0.692308 , 0.205128 , 5.515587
0.692308 , 0.230769 , 5.422883
0.692308 , 0.256410 , 5.318194
0.692308 , 0.282051 , 5.200662
0.692308 , 0.307692 , 5.071496
0.692308 , 0.333333 , 4.930763
0.692308 , 0.358974 , 4.779466
0.692308 , 0.384615 , 4.620383
0.692308 , 0.410256 , 4.454208
0.692308 , 0.435897 , 4.282541
0.692308 , 0.461538 , 4.106899
0.692308 , 0.487179 , 3.928474
0.692308 , 0.512821 , 3.749620
0.692308 , 0.538462 , 3.571714
0.692308 , 0.564103 , 3.397853
0.692308 , 0.589744 , 3.228964
0.692308 , 0.615385 , 3.066082
0.692308 , 0.641026 , 2.911242
0.692308 , 0.666667 , 2.764973
0.692308 , 0.692308 , 2.630188
0.692308 , 0.717949 , 2.505892
0.692308 , 0.743590 , 2.391486
0.692308 , 0.769231 , 2.289110
0.692308 , 0.794872 , 2.199096
0.692308 , 0.820513 , 2.121214
0.692308 , 0.846154 , 2.054965
0.692308 , 0.871795 , 1.998607
0.692308 , 0.897436 , 1.954322
0.692308 , 0.923077 , 1.919085
0.692308 , 0.948718 , 1.893751
0.692308 , 0.974359 , 1.878040
0.692308 , 1.000000 , 1.872239
0.717949 , 0.000000 , 6.044509
0.717949 , 0.025641 , 6.038477
0.717949 , 0.051282 , 6.021741
0.717949 , 0.076923 , 5.994228
0.717949 , 0.102564 , 5.956795
0.717949 , 0.128205 , 5.908069
0.717949 , 0.153846 , 5.848502
0.717949 , 0.179487 , 5.776192
0.717949 , 0.205128 , 5.692017
0.717949 , 0.230769 , 5.593810
0.717949 , 0.256410 , 5.480985
0.717949 , 0.282051 , 5.353330
0.717949 , 0.307692 , 5.211700
0.717949 , 0.333333 , 5.057528
0.717949 , 0.358974 , 4.890750
0.717949 , 0.384615 , 4.714446
0.717949 , 0.410256 , 4.529641
0.717949 , 0.435897 , 4.338664
0.717949 , 0.461538 , 4.143134
0.717949 , 0.487179 , 3.943669
0.717949 , 0.512821 , 3.743358
0.717949 , 0.538462 , 3.544924
0.717949 , 0.564103 , 3.351014
0.717949 , 0.589744 , 3.163413
0.717949 , 0.615385 , 2.983691
0.717949 , 0.641026 , 2.812788
0.717949 , 0.666667 , 2.651972
0.717949 , 0.692308 , 2.504227
0.717949 , 0.717949 , 2.369355
0.717949 , 0.743590 , 2.246753
0.717949 , 0.769231 , 2.138820
0.717949 , 0.794872 , 2.044223
0.717949 , 0.820513 , 1.962900
0.717949 , 0.846154 , 1.893910
0.717949 , 0.871795 , 1.836802
0.717949 , 0.897436 , 1.791342
0.717949 , 0.923077 , 1.755937
0.717949 , 0.948718 , 1.729884
0.717949 , 0.974359 , 1.714590
0.717949 , 1.000000 , 1.709141
0.743590 , 0.000000 , 6.244665
0.743590 , 0.025641 , 6.238795
0.743590 , 0.051282 , 6.222684
0.743590 , 0.076923 , 6.195466
0.743590 , 0.102564 , 6.157826
0.743590 , 0.128205 , 6.109457
0.743590 , 0.153846 , 6.048932
0.743590 , 0.179487 , 5.973442
0.743590 , 0.205128 , 5.884836
0.743590 , 0.230769 , 5.782037
0.743590 , 0.256410 , 5.661157
0.743590 , 0.282051 , 5.522449
0.743590 , 0.307692 , 5.367583
0.743590 , 0.333333 , 5.198018
0.743590 , 0.358974 , 5.014407
0.743590 , 0.384615 , 4.819583
0.743590 , 0.410256 , 4.614102
0.743590 , 0.435897 , 4.400975
0.743590 , 0.461538 , 4.181805
0.743590 , 0.487179 , 3.959275
0.743590 , 0.512821 , 3.735099
0.743590 , 0.538462 , 3.513147
0.743590 , 0.564103 , 3.296861
0.743590 , 0.589744 , 3.087756
0.743590 , 0.615385 , 2.887377
0.743590 , 0.641026 , 2.698659
0.743590 , 0.666667 , 2.522423
0.743590 , 0.692308 , 2.361065
0.743590 , 0.717949 , 2.214494
0.743590 , 0.743590 , 2.082495
0.743590 , 0.769231 , 1.967794
0.743590 , 0.794872 , 1.869273
0.743590 , 0.820513 , 1.785275
0.743590 , 0.846154 , 1.713970
0.743590 , 0.871795 , 1.656788
0.743590 , 0.897436 , 1.611860
0.743590 , 0.923077 , 1.577212
0.743590 , 0.948718 , 1.551473
0.743590 , 0.974359 , 1.536659
0.743590 , 1.000000 , 1.531593
0.769231 , 0.000000 , 6.455479
0.769231 , 0.025641 , 6.450647
0.769231 , 0.051282 , 6.435966
0.769231 , 0.076923 , 6.410265
0.769231 , 0.102564 , 6.374118
0.769231 , 0.128205 , 6.326911
0.769231 , 0.153846 , 6.266354
0.769231 , 0.179487 , 6.189783
0.769231 , 0.205128 , 6.097300
0.769231 , 0.230769 , 5.988855
0.769231 , 0.256410 , 5.860344
0.769231 , 0.282051 , 5.710419
0.769231 , 0.307692 , 5.541748
0.769231 , 0.333333 , 5.355349
0.769231 , 0.358974 , 5.152908
0.769231 , 0.384615 , 4.937310
0.769231 , 0.410256 , 4.708380
0.769231 , 0.435897 , 4.470040
0.769231 , 0.461538 , 4.224768
0.769231 , 0.487179 , 3.975935
0.769231 , 0.512821 , 3.725113
0.769231 , 0.538462 , 3.476310
0.769231 , 0.564103 , 3.233340
0.769231 , 0.589744 , 3.000299
0.769231 , 0.615385 , 2.777924
0.769231 , 0.641026 , 2.568457
0.769231 , 0.666667 , 2.374582
0.769231 , 0.692308 , 2.197909
0.769231 , 0.717949 , 2.038632
0.769231 , 0.743590 , 1.897050
0.769231 , 0.769231 , 1.774721
0.769231 , 0.794872 , 1.672072
0.769231 , 0.820513 , 1.585886
0.769231 , 0.846154 , 1.513844
0.769231 , 0.871795 , 1.457362
0.769231 , 0.897436 , 1.413744
0.769231 , 0.923077 , 1.381204
0.769231 , 0.948718 , 1.357902
0.769231 , 0.974359 , 1.344767
0.769231 , 1.000000 , 1.340040
0.794872 , 0.000000 , 6.677751
0.794872 , 0.025641 , 6.673741
0.794872 , 0.051282 , 6.661530
0.794872 , 0.076923 , 6.639287
0.794872 , 0.102564 , 6.606439
0.794872 , 0.128205 , 6.561708
0.794872 , 0.153846 , 6.502634
0.794872 , 0.179487 , 6.425826
0.794872 , 0.205128 , 6.331541
0.794872 , 0.230769 , 6.217272
0.794872 , 0.256410 , 6.080280
0.794872 , 0.282051 , 5.920279
0.794872 , 0.307692 , 5.737237
0.794872 , 0.333333 , 5.533636
0.794872 , 0.358974 , 5.310006
0.794872 , 0.384615 , 5.070528
0.794872 , 0.410256 , 4.815279
0.794872 , 0.435897 , 4.548325
0.794872 , 0.461538 , 4.273405
0.794872 , 0.487179 , 3.993948
0.794872 , 0.512821 , 3.712698
0.794872 , 0.538462 , 3.433741
0.794872 , 0.564103 , 3.161167
0.794872 , 0.589744 , 2.899424
0.794872 , 0.615385 , 2.651835
0.794872 , 0.641026 , 2.419658
0.794872 , 0.666667 , 2.206195
0.794872 , 0.692308 , 2.012734
0.794872 , 0.717949 , 1.840009
0.794872 , 0.743590 , 1.688437
0.794872 , 0.769231 , 1.559264
0.794872 , 0.794872 , 1.451447
0.794872 , 0.820513 , 1.362407
0.794872 , 0.846154 , 1.290478
0.794872 , 0.871795 , 1.236055
0.794872 , 0.897436 , 1.195964
0.794872 , 0.923077 , 1.167703
0.794872 , 0.948718 , 1.148147
0.794872 , 0.974359 , 1.137771
0.794872 , 1.000000 , 1.133948
0.820513 , 0.000000 , 6.911376
0.820513 , 0.025641 , 6.908249
0.820513 , 0.051282 , 6.899395
0.820513 , 0.076923 , 6.882264
0.820513 , 0.102564 , 6.855075
0.820513 , 0.128205 , 6.815293
0.820513 , 0.153846 , 6.759823
0.820513 , 0.179487 , 6.685439
0.820513 , 0.205128 , 6.590225
0.820513 , 0.230769 , 6.471358
0.820513 , 0.256410 , 6.325982
0.820513 , 0.282051 , 6.154569
0.820513 , 0.307692 , 5.957135
0.820513 , 0.333333 , 5.734576
0.820513 , 0.358974 , 5.488261
0.820513 , 0.384615 , 5.220894
0.820513 , 0.410256 , 4.935696
0.820513 , 0.435897 , 4.637359
0.820513 , 0.461538 , 4.329170
0.820513 , 0.487179 , 4.014560
0.820513 , 0.512821 , 3.697763
0.820513 , 0.538462 , 3.383761
0.820513 , 0.564103 , 3.077756
0.820513 , 0.589744 , 2.783759
0.820513 , 0.615385 , 2.507169
0.820513 , 0.641026 , 2.249339
0.820513 , 0.666667 , 2.013207
0.820513 , 0.692308 , 1.800986
0.820513 , 0.717949 , 1.613822
0.820513 , 0.743590 , 1.451466
0.820513 , 0.769231 , 1.315663
0.820513 , 0.794872 , 1.204166
0.820513 , 0.820513 , 1.114981
0.820513 , 0.846154 , 1.045209
0.820513 , 0.871795 , 0.994601
0.820513 , 0.897436 , 0.959714
0.820513 , 0.923077 , 0.936956
0.820513 , 0.948718 , 0.922385
0.820513 , 0.974359 , 0.914878
0.820513 , 1.000000 , 0.912415
0.846154 , 0.000000 , 7.153727
0.846154 , 0.025641 , 7.152636
0.846154 , 0.051282 , 7.148581
0.846154 , 0.076923 , 7.139093
0.846154 , 0.102564 , 7.120307
0.846154 , 0.128205 , 7.088444
0.846154 , 0.153846 , 7.039330
0.846154 , 0.179487 , 6.969748
0.846154 , 0.205128 , 6.877068
0.846154 , 0.230769 , 6.755950
0.846154 , 0.256410 , 6.602861
0.846154 , 0.282051 , 6.419661
0.846154 , 0.307692 , 6.205929
0.846154 , 0.333333 , 5.961862
0.846154 , 0.358974 , 5.689319
0.846154 , 0.384615 , 5.391567
0.846154 , 0.410256 , 5.072661
0.846154 , 0.435897 , 4.738097
0.846154 , 0.461538 , 4.391445
0.846154 , 0.487179 , 4.036795
0.846154 , 0.512821 , 3.680088
0.846154 , 0.538462 , 3.325878
0.846154 , 0.564103 , 2.981153
0.846154 , 0.589744 , 2.650496
0.846154 , 0.615385 , 2.340521
0.846154 , 0.641026 , 2.053327
0.846154 , 0.666667 , 1.791846
0.846154 , 0.692308 , 1.558998
0.846154 , 0.717949 , 1.355423
0.846154 , 0.743590 , 1.181668
0.846154 , 0.769231 , 1.039189
0.846154 , 0.794872 , 0.925945
0.846154 , 0.820513 , 0.838022
0.846154 , 0.846154 , 0.772953
0.846154 , 0.871795 , 0.730415
0.846154 , 0.897436 , 0.704365
0.846154 , 0.923077 , 0.689728
0.846154 , 0.948718 , 0.682311
0.846154 , 0.974359 , 0.679292
0.846154 , 1.000000 , 0.678402
0.871795 , 0.000000 , 7.402494
0.871795 , 0.025641 , 7.404124
0.871795 , 0.051282 , 7.407337
0.871795 , 0.076923 , 7.408851
0.871795 , 0.102564 , 7.402291
0.871795 , 0.128205 , 7.383143
0.871795 , 0.153846 , 7.344908
0.871795 , 0.179487 , 7.283444
0.871795 , 0.205128 , 7.194482
0.871795 , 0.230769 , 7.072461
0.871795 , 0.256410 , 6.913542
0.871795 , 0.282051 , 6.718033
0.871795 , 0.307692 , 6.485971
0.871795 , 0.333333 , 6.218077
0.871795 , 0.358974 , 5.917334
0.871795 , 0.384615 , 5.585909
0.871795 , 0.410256 , 5.229043
0.871795 , 0.435897 , 4.852948
0.871795 , 0.461538 , 4.461723
0.871795 , 0.487179 , 4.061091
0.871795 , 0.512821 , 3.658516
0.871795 , 0.538462 , 3.259430
0.871795 , 0.564103 , 2.871304
0.871795 , 0.589744 , 2.499267
0.871795 , 0.615385 , 2.150438
0.871795 , 0.641026 , 1.829175
0.871795 , 0.666667 , 1.538677
0.871795 , 0.692308 , 1.281853
0.871795 , 0.717949 , 1.060593
0.871795 , 0.743590 , 0.875280
0.871795 , 0.769231 , 0.726873
0.871795 , 0.794872 , 0.613541
0.871795 , 0.820513 , 0.530159
0.871795 , 0.846154 , 0.473390
0.871795 , 0.871795 , 0.441100
0.871795 , 0.897436 , 0.427940
0.871795 , 0.923077 , 0.425989
0.871795 , 0.948718 , 0.429667
0.871795 , 0.974359 , 0.434832
0.871795 , 1.000000 , 0.437021
0.897436 , 0.000000 , 7.652183
0.897436 , 0.025641 , 7.657939
0.897436 , 0.051282 , 7.672000
0.897436 , 0.076923 , 7.689071
0.897436 , 0.102564 , 7.701581
0.897436 , 0.128205 , 7.700821
0.897436 , 0.153846 , 7.679838
0.897436 , 0.179487 , 7.630994
0.897436 , 0.205128 , 7.548104
0.897436 , 0.230769 , 7.425972
0.897436 , 0.256410 , 7.261956
0.897436 , 0.282051 , 7.055229
0.897436 , 0.307692 , 6.803883
0.897436 , 0.333333 , 6.509948
0.897436 , 0.358974 , 6.177161
0.897436 , 0.384615 , 5.808306
0.897436 , 0.410256 , 5.408247
0.897436 , 0.435897 , 4.984011
0.897436 , 0.461538 , 4.542120
0.897436 , 0.487179 , 4.089054
0.897436 , 0.512821 , 3.633264
0.897436 , 0.538462 , 3.182455
0.897436 , 0.564103 , 2.744089
0.897436 , 0.589744 , 2.323978
0.897436 , 0.615385 , 1.931267
0.897436 , 0.641026 , 1.570797
0.897436 , 0.666667 , 1.247861
0.897436 , 0.692308 , 0.964881
0.897436 , 0.717949 , 0.724387
0.897436 , 0.743590 , 0.527342
0.897436 , 0.769231 , 0.374459
0.897436 , 0.794872 , 0.262332
0.897436 , 0.820513 , 0.186392
0.897436 , 0.846154 , 0.142839
0.897436 , 0.871795 , 0.127230
0.897436 , 0.897436 , 0.132253
0.897436 , 0.923077 , 0.149202
0.897436 , 0.948718 , 0.169973
0.897436 , 0.974359 , 0.186753
0.897436 , 1.000000 , 0.193477
0.923077 , 0.000000 , 7.895000
0.923077 , 0.025641 , 7.907235
0.923077 , 0.051282 , 7.937950
0.923077 , 0.076923 , 7.978083
0.923077 , 0.102564 , 8.017324
0.923077 , 0.128205 , 8.043482
0.923077 , 0.153846 , 8.045682
0.923077 , 0.179487 , 8.015427
0.923077 , 0.205128 , 7.944418
0.923077 , 0.230769 , 7.825952
0.923077 , 0.256410 , 7.659052
0.923077 , 0.282051 , 7.439497
0.923077 , 0.307692 , 7.167697
0.923077 , 0.333333 , 6.844938
0.923077 , 0.358974 , 6.475458
0.923077 , 0.384615 , 6.063391
0.923077 , 0.410256 , 5.614484
0.923077 , 0.435897 , 5.135847
0.923077 , 0.461538 , 4.635399
0.923077 , 0.487179 , 4.121567
0.923077 , 0.512821 , 3.604302
0.923077 , 0.538462 , 3.093051
0.923077 , 0.564103 , 2.595970
0.923077 , 0.589744 , 2.121623
0.923077 , 0.615385 , 1.678726
0.923077 , 0.641026 , 1.274809
0.923077 , 0.666667 , 0.914603
0.923077 , 0.692308 , 0.601565
0.923077 , 0.717949 , 0.340538
0.923077 , 0.743590 , 0.131793
0.923077 , 0.769231 , -0.024619
0.923077 , 0.794872 , -0.132227
0.923077 , 0.820513 , -0.195954
0.923077 , 0.846154 , -0.220568
0.923077 , 0.871795 , -0.212331
0.923077 , 0.897436 , -0.180653
0.923077 , 0.923077 , -0.136938
0.923077 , 0.948718 , -0.092362
0.923077 , 0.974359 , -0.058442
0.923077 , 1.000000 , -0.045570
0.948718 , 0.000000 , 8.118901
0.948718 , 0.025641 , 8.140944
0.948718 , 0.051282 , 8.197345
0.948718 , 0.076923 , 8.273042
0.948718 , 0.102564 , 8.350243
0.948718 , 0.128205 , 8.412870
0.948718 , 0.153846 , 8.447174
0.948718 , 0.179487 , 8.441907
0.948718 , 0.205128 , 8.389061
0.948718 , 0.230769 , 8.280427
0.948718 , 0.256410 , 8.111798
0.948718 , 0.282051 , 7.879735
0.948718 , 0.307692 , 7.585451
0.948718 , 0.333333 , 7.230461
0.948718 , 0.358974 , 6.819264
0.948718 , 0.384615 , 6.357678
0.948718 , 0.410256 , 5.851842
0.948718 , 0.435897 , 5.310129
0.948718 , 0.461538 , 4.741916
0.948718 , 0.487179 , 4.158098
0.948718 , 0.512821 , 3.569970
0.948718 , 0.538462 , 2.988375
0.948718 , 0.564103 , 2.423770
0.948718 , 0.589744 , 1.886820
0.948718 , 0.615385 , 1.386707
0.948718 , 0.641026 , 0.932487
0.948718 , 0.666667 , 0.530495
0.948718 , 0.692308 , 0.184751
0.948718 , 0.717949 , -0.099744
0.948718 , 0.743590 , -0.320605
0.948718 , 0.769231 , -0.478897
0.948718 , 0.794872 , -0.578194
0.948718 , 0.820513 , -0.623771
0.948718 , 0.846154 , -0.621519
0.948718 , 0.871795 , -0.579818
0.948718 , 0.897436 , -0.510827
0.948718 , 0.923077 , -0.428796
0.948718 , 0.948718 , -0.349353
0.948718 , 0.974359 , -0.290049
0.948718 , 1.000000 , -0.267287
0.974359 , 0.000000 , 8.303893
0.974359 , 0.025641 , 8.343404
0.974359 , 0.051282 , 8.442192
0.974359 , 0.076923 , 8.569525
0.974359 , 0.102564 , 8.701101
0.974359 , 0.128205 , 8.814561
0.974359 , 0.153846 , 8.892116
0.974359 , 0.179487 , 8.921592
0.974359 , 0.205128 , 8.893178
0.974359 , 0.230769 , 8.797980
0.974359 , 0.256410 , 8.629777
0.974359 , 0.282051 , 8.385616
0.974359 , 0.307692 , 8.066137
0.974359 , 0.333333 , 7.675593
0.974359 , 0.358974 , 7.217244
0.974359 , 0.384615 , 6.697743
0.974359 , 0.410256 , 6.126060
0.974359 , 0.435897 , 5.511497
0.974359 , 0.461538 , 4.865223
0.974359 , 0.487179 , 4.199870
0.974359 , 0.512821 , 3.529314
0.974359 , 0.538462 , 2.866389
0.974359 , 0.564103 , 2.223728
0.974359 , 0.589744 , 1.613787
0.974359 , 0.615385 , 1.048136
0.974359 , 0.641026 , 0.536113
0.974359 , 0.666667 , 0.085556
0.974359 , 0.692308 , -0.296499
0.974359 , 0.717949 , -0.605311
0.974359 , 0.743590 , -0.838670
0.974359 , 0.769231 , -0.996953
0.974359 , 0.794872 , -1.083416
0.974359 , 0.820513 , -1.103627
0.974359 , 0.846154 , -1.065587
0.974359 , 0.871795 , -0.979733
0.974359 , 0.897436 , -0.859978
0.974359 , 0.923077 , -0.723853
0.974359 , 0.948718 , -0.592483
0.974359 , 0.974359 , -0.491323
0.974359 , 1.000000 , -0.450727
1.000000 , 0.000000 , 8.414208
1.000000 , 0.025641 , 8.491002
1.000000 , 0.051282 , 8.661346
1.000000 , 0.076923 , 8.867029
1.000000 , 0.102564 , 9.073041
1.000000 , 0.128205 , 9.254592
1.000000 , 0.153846 , 9.389595
1.000000 , 0.179487 , 9.464489
1.000000 , 0.205128 , 9.468542
1.000000 , 0.230769 , 9.392017
1.000000 , 0.256410 , 9.226977
1.000000 , 0.282051 , 8.969726
1.000000 , 0.307692 , 8.622789
1.000000 , 0.333333 , 8.190457
1.000000 , 0.358974 , 7.677996
1.000000 , 0.384615 , 7.092284
1.000000 , 0.410256 , 6.443830
1.000000 , 0.435897 , 5.745000
1.000000 , 0.461538 , 5.008096
1.000000 , 0.487179 , 4.248397
1.000000 , 0.512821 , 3.482155
1.000000 , 0.538462 , 2.724532
1.000000 , 0.564103 , 1.991376
1.000000 , 0.589744 , 1.296155
1.000000 , 0.615385 , 0.654154
1.000000 , 0.641026 , 0.075833
1.000000 , 0.666667 , -0.429035
1.000000 , 0.692308 , -0.852600
1.000000 , 0.717949 , -1.188440
1.000000 , 0.743590 , -1.434715
1.000000 , 0.769231 , -1.590402
1.000000 , 0.794872 , -1.659412
1.000000 , 0.820513 , -1.646753
1.000000 , 0.846154 , -1.562656
1.000000 , 0.871795 , -1.418637
1.000000 , 0.897436 , -1.231649
1.000000 , 0.923077 , -1.020189
1.000000 , 0.948718 , -0.811060
1.000000 , 0.974359 , -0.638539
1.000000 , 1.000000 , -0.559923
