0.000000 , 0.000000 , 3.804226
0.000000 , 0.025641 , 3.804226
0.000000 , 0.051282 , 3.804226
0.000000 , 0.076923 , 3.804226
0.000000 , 0.102564 , 3.804226
0.000000 , 0.128205 , 3.804226
0.000000 , 0.153846 , 3.804226
0.000000 , 0.179487 , 3.804226
0.000000 , 0.205128 , 3.804226
0.000000 , 0.230769 , 3.804226
0.000000 , 0.256410 , 3.804226
0.000000 , 0.282051 , 3.804226
0.000000 , 0.307692 , 3.804226
0.000000 , 0.333333 , 3.804226
0.000000 , 0.358974 , 3.804226
0.000000 , 0.384615 , 3.804226
0.000000 , 0.410256 , 3.804226
0.000000 , 0.435897 , 3.804226
0.000000 , 0.461538 , 3.804226
0.000000 , 0.487179 , 3.804226
0.000000 , 0.512821 , 3.804226
0.000000 , 0.538462 , 3.804226
0.000000 , 0.564103 , 3.804226
0.000000 , 0.589744 , 3.804226
0.000000 , 0.615385 , 3.804226
0.000000 , 0.641026 , 3.804226
0.000000 , 0.666667 , 3.804226
0.000000 , 0.692308 , 3.804226
0.000000 , 0.717949 , 3.804226
0.000000 , 0.743590 , 3.804226
0.000000 , 0.769231 , 3.804226
0.000000 , 0.794872 , 3.804226
0.000000 , 0.820513 , 3.804226
0.000000 , 0.846154 , 3.804226
0.000000 , 0.871795 , 3.804226
0.000000 , 0.897436 , 3.804226
0.000000 , 0.923077 , 3.804226
0.000000 , 0.948718 , 3.804226
0.000000 , 0.974359 , 3.804226
0.000000 , 1.000000 , 3.804226
0.025641 , 0.000000 , 3.647401
0.025641 , 0.025641 , 3.647128
0.025641 , 0.051282 , 3.646787
0.025641 , 0.076923 , 3.646385
0.025641 , 0.102564 , 3.645395
0.025641 , 0.128205 , 3.643982
0.025641 , 0.153846 , 3.641819
0.025641 , 0.179487 , 3.639975
0.025641 , 0.205128 , 3.637115
0.025641 , 0.230769 , 3.634148
0.025641 , 0.256410 , 3.630940
0.025641 , 0.282051 , 3.626413
0.025641 , 0.307692 , 3.621371
0.025641 , 0.333333 , 3.617090
0.025641 , 0.358974 , 3.611995
0.025641 , 0.384615 , 3.606657
0.025641 , 0.410256 , 3.601829
0.025641 , 0.435897 , 3.596104
0.025641 , 0.461538 , 3.589994
0.025641 , 0.487179 , 3.583868
0.025641 , 0.512821 , 3.577521
0.025641 , 0.538462 , 3.570890
0.025641 , 0.564103 , 3.565892
0.025641 , 0.589744 , 3.560678
0.025641 , 0.615385 , 3.555047
0.025641 , 0.641026 , 3.549672
0.025641 , 0.666667 , 3.545534
0.025641 , 0.692308 , 3.541237
0.025641 , 0.717949 , 3.537107
0.025641 , 0.743590 , 3.533319
0.025641 , 0.769231 , 3.530387
0.025641 , 0.794872 , 3.527020
0.025641 , 0.820513 , 3.524387
0.025641 , 0.846154 , 3.522547
0.025641 , 0.871795 , 3.520744
0.025641 , 0.897436 , 3.519168
0.025641 , 0.923077 , 3.517932
0.025641 , 0.948718 , 3.517685
0.025641 , 0.974359 , 3.517348
0.025641 , 1.000000 , 3.517084
0.051282 , 0.000000 , 3.494025
0.051282 , 0.025641 , 3.494090
0.051282 , 0.051282 , 3.493130
0.051282 , 0.076923 , 3.492096
0.051282 , 0.102564 , 3.490051
0.051282 , 0.128205 , 3.487625
0.051282 , 0.153846 , 3.483419
0.051282 , 0.179487 , 3.478853
0.051282 , 0.205128 , 3.474353
0.051282 , 0.230769 , 3.469164
0.051282 , 0.256410 , 3.462133
0.051282 , 0.282051 , 3.453325
0.051282 , 0.307692 , 3.443717
0.051282 , 0.333333 , 3.434398
0.051282 , 0.358974 , 3.424792
0.051282 , 0.384615 , 3.414255
0.051282 , 0.410256 , 3.403943
0.051282 , 0.435897 , 3.392706
0.051282 , 0.461538 , 3.380560
0.051282 , 0.487179 , 3.368401
0.051282 , 0.512821 , 3.356394
0.051282 , 0.538462 , 3.344108
0.051282 , 0.564103 , 3.333208
0.051282 , 0.589744 , 3.322316
0.051282 , 0.615385 , 3.311404
0.051282 , 0.641026 , 3.301332
0.051282 , 0.666667 , 3.292502
0.051282 , 0.692308 , 3.283908
0.051282 , 0.717949 , 3.276129
0.051282 , 0.743590 , 3.269608
0.051282 , 0.769231 , 3.263603
0.051282 , 0.794872 , 3.257746
0.051282 , 0.820513 , 3.251810
0.051282 , 0.846154 , 3.247347
0.051282 , 0.871795 , 3.243791
0.051282 , 0.897436 , 3.240632
0.051282 , 0.923077 , 3.238329
0.051282 , 0.948718 , 3.236368
0.051282 , 0.974359 , 3.235854
0.051282 , 1.000000 , 3.236095
0.076923 , 0.000000 , 3.345013
0.076923 , 0.025641 , 3.345232
0.076923 , 0.051282 , 3.344880
0.076923 , 0.076923 , 3.343356
0.076923 , 0.102564 , 3.340435
0.076923 , 0.128205 , 3.336191
0.076923 , 0.153846 , 3.331057
0.076923 , 0.179487 , 3.324630
0.076923 , 0.205128 , 3.317759
0.076923 , 0.230769 , 3.308947
0.076923 , 0.256410 , 3.298396
0.076923 , 0.282051 , 3.285457
0.076923 , 0.307692 , 3.270601
0.076923 , 0.333333 , 3.256728
0.076923 , 0.358974 , 3.242496
0.076923 , 0.384615 , 3.226996
0.076923 , 0.410256 , 3.211129
0.076923 , 0.435897 , 3.194424
0.076923 , 0.461538 , 3.176925
0.076923 , 0.487179 , 3.158979
0.076923 , 0.512821 , 3.141093
0.076923 , 0.538462 , 3.123030
0.076923 , 0.564103 , 3.106010
0.076923 , 0.589744 , 3.090085
0.076923 , 0.615385 , 3.074368
0.076923 , 0.641026 , 3.060028
0.076923 , 0.666667 , 3.046534
0.076923 , 0.692308 , 3.033696
0.076923 , 0.717949 , 3.021365
0.076923 , 0.743590 , 3.011561
0.076923 , 0.769231 , 3.002860
0.076923 , 0.794872 , 2.994175
0.076923 , 0.820513 , 2.985692
0.076923 , 0.846154 , 2.978473
0.076923 , 0.871795 , 2.973485
0.076923 , 0.897436 , 2.968639
0.076923 , 0.923077 , 2.965139
0.076923 , 0.948718 , 2.962385
0.076923 , 0.974359 , 2.960733
0.076923 , 1.000000 , 2.960395
0.102564 , 0.000000 , 3.201223
0.102564 , 0.025641 , 3.201425
0.102564 , 0.051282 , 3.200879
0.102564 , 0.076923 , 3.199338
0.102564 , 0.102564 , 3.196552
0.102564 , 0.128205 , 3.191307
0.102564 , 0.153846 , 3.184766
0.102564 , 0.179487 , 3.176733
0.102564 , 0.205128 , 3.166479
0.102564 , 0.230769 , 3.154136
0.102564 , 0.256410 , 3.139282
0.102564 , 0.282051 , 3.123490
0.102564 , 0.307692 , 3.104728
0.102564 , 0.333333 , 3.085366
0.102564 , 0.358974 , 3.065975
0.102564 , 0.384615 , 3.045428
0.102564 , 0.410256 , 3.024270
0.102564 , 0.435897 , 3.002509
0.102564 , 0.461538 , 2.979294
0.102564 , 0.487179 , 2.955507
0.102564 , 0.512821 , 2.932154
0.102564 , 0.538462 , 2.908893
0.102564 , 0.564103 , 2.886556
0.102564 , 0.589744 , 2.865257
0.102564 , 0.615385 , 2.843974
0.102564 , 0.641026 , 2.824862
0.102564 , 0.666667 , 2.806762
0.102564 , 0.692308 , 2.790030
0.102564 , 0.717949 , 2.773545
0.102564 , 0.743590 , 2.759610
0.102564 , 0.769231 , 2.747358
0.102564 , 0.794872 , 2.736432
0.102564 , 0.820513 , 2.725940
0.102564 , 0.846154 , 2.716470
0.102564 , 0.871795 , 2.708615
0.102564 , 0.897436 , 2.702555
0.102564 , 0.923077 , 2.697758
0.102564 , 0.948718 , 2.694225
0.102564 , 0.974359 , 2.692560
0.102564 , 1.000000 , 2.691847
0.128205 , 0.000000 , 3.062846
0.128205 , 0.025641 , 3.062957
0.128205 , 0.051282 , 3.062057
0.128205 , 0.076923 , 3.059272
0.128205 , 0.102564 , 3.056091
0.128205 , 0.128205 , 3.050916
0.128205 , 0.153846 , 3.043049
0.128205 , 0.179487 , 3.033004
0.128205 , 0.205128 , 3.020162
0.128205 , 0.230769 , 3.004860
0.128205 , 0.256410 , 2.986549
0.128205 , 0.282051 , 2.967445
0.128205 , 0.307692 , 2.945597
0.128205 , 0.333333 , 2.921704
0.128205 , 0.358974 , 2.896308
0.128205 , 0.384615 , 2.870877
0.128205 , 0.410256 , 2.844518
0.128205 , 0.435897 , 2.817621
0.128205 , 0.461538 , 2.788493
0.128205 , 0.487179 , 2.758403
0.128205 , 0.512821 , 2.729483
0.128205 , 0.538462 , 2.700880
0.128205 , 0.564103 , 2.673587
0.128205 , 0.589744 , 2.646614
0.128205 , 0.615385 , 2.620521
0.128205 , 0.641026 , 2.596476
0.128205 , 0.666667 , 2.573918
0.128205 , 0.692308 , 2.552058
0.128205 , 0.717949 , 2.531659
0.128205 , 0.743590 , 2.513898
0.128205 , 0.769231 , 2.498002
0.128205 , 0.794872 , 2.484261
0.128205 , 0.820513 , 2.471738
0.128205 , 0.846154 , 2.460552
0.128205 , 0.871795 , 2.451054
0.128205 , 0.897436 , 2.443680
0.128205 , 0.923077 , 2.437633
0.128205 , 0.948718 , 2.433509
0.128205 , 0.974359 , 2.431597
0.128205 , 1.000000 , 2.430854
0.153846 , 0.000000 , 2.931564
0.153846 , 0.025641 , 2.930519
0.153846 , 0.051282 , 2.929149
0.153846 , 0.076923 , 2.925643
0.153846 , 0.102564 , 2.920706
0.153846 , 0.128205 , 2.914712
0.153846 , 0.153846 , 2.905819
0.153846 , 0.179487 , 2.894250
0.153846 , 0.205128 , 2.879231
0.153846 , 0.230769 , 2.861307
0.153846 , 0.256410 , 2.840316
0.153846 , 0.282051 , 2.817640
0.153846 , 0.307692 , 2.791660
0.153846 , 0.333333 , 2.763549
0.153846 , 0.358974 , 2.733345
0.153846 , 0.384615 , 2.703451
0.153846 , 0.410256 , 2.671463
0.153846 , 0.435897 , 2.638734
0.153846 , 0.461538 , 2.604317
0.153846 , 0.487179 , 2.568211
0.153846 , 0.512821 , 2.532846
0.153846 , 0.538462 , 2.499949
0.153846 , 0.564103 , 2.467841
0.153846 , 0.589744 , 2.435194
0.153846 , 0.615385 , 2.403360
0.153846 , 0.641026 , 2.373611
0.153846 , 0.666667 , 2.346340
0.153846 , 0.692308 , 2.319804
0.153846 , 0.717949 , 2.295387
0.153846 , 0.743590 , 2.273718
0.153846 , 0.769231 , 2.254910
0.153846 , 0.794872 , 2.238977
0.153846 , 0.820513 , 2.224761
0.153846 , 0.846154 , 2.211598
0.153846 , 0.871795 , 2.199843
0.153846 , 0.897436 , 2.190384
0.153846 , 0.923077 , 2.183167
0.153846 , 0.948718 , 2.179005
0.153846 , 0.974359 , 2.176606
0.153846 , 1.000000 , 2.175786
0.179487 , 0.000000 , 2.806063
0.179487 , 0.025641 , 2.804826
0.179487 , 0.051282 , 2.802455
0.179487 , 0.076923 , 2.798218
0.179487 , 0.102564 , 2.791927
0.179487 , 0.128205 , 2.784780
0.179487 , 0.153846 , 2.774073
0.179487 , 0.179487 , 2.760719
0.179487 , 0.205128 , 2.743691
0.179487 , 0.230769 , 2.723622
0.179487 , 0.256410 , 2.700372
0.179487 , 0.282051 , 2.674048
0.179487 , 0.307692 , 2.644144
0.179487 , 0.333333 , 2.611682
0.179487 , 0.358974 , 2.576673
0.179487 , 0.384615 , 2.541157
0.179487 , 0.410256 , 2.504220
0.179487 , 0.435897 , 2.465839
0.179487 , 0.461538 , 2.426140
0.179487 , 0.487179 , 2.385196
0.179487 , 0.512821 , 2.344406
0.179487 , 0.538462 , 2.305294
0.179487 , 0.564103 , 2.267416
0.179487 , 0.589744 , 2.229580
0.179487 , 0.615385 , 2.193029
0.179487 , 0.641026 , 2.158561
0.179487 , 0.666667 , 2.125474
0.179487 , 0.692308 , 2.094999
0.179487 , 0.717949 , 2.066183
0.179487 , 0.743590 , 2.040342
0.179487 , 0.769231 , 2.018676
0.179487 , 0.794872 , 2.000584
0.179487 , 0.820513 , 1.983577
0.179487 , 0.846154 , 1.967964
0.179487 , 0.871795 , 1.954054
0.179487 , 0.897436 , 1.942265
0.179487 , 0.923077 , 1.934685
0.179487 , 0.948718 , 1.930553
0.179487 , 0.974359 , 1.928159
0.179487 , 1.000000 , 1.927302
0.205128 , 0.000000 , 2.686552
0.205128 , 0.025641 , 2.685528
0.205128 , 0.051282 , 2.682545
0.205128 , 0.076923 , 2.677455
0.205128 , 0.102564 , 2.669650
0.205128 , 0.128205 , 2.660816
0.205128 , 0.153846 , 2.648671
0.205128 , 0.179487 , 2.632875
0.205128 , 0.205128 , 2.613801
0.205128 , 0.230769 , 2.591436
0.205128 , 0.256410 , 2.565764
0.205128 , 0.282051 , 2.536133
0.205128 , 0.307692 , 2.502398
0.205128 , 0.333333 , 2.466174
0.205128 , 0.358974 , 2.427491
0.205128 , 0.384615 , 2.385804
0.205128 , 0.410256 , 2.342759
0.205128 , 0.435897 , 2.299016
0.205128 , 0.461538 , 2.254075
0.205128 , 0.487179 , 2.208258
0.205128 , 0.512821 , 2.162787
0.205128 , 0.538462 , 2.117994
0.205128 , 0.564103 , 2.073850
0.205128 , 0.589744 , 2.030881
0.205128 , 0.615385 , 1.989386
0.205128 , 0.641026 , 1.950191
0.205128 , 0.666667 , 1.911932
0.205128 , 0.692308 , 1.876619
0.205128 , 0.717949 , 1.844438
0.205128 , 0.743590 , 1.814875
0.205128 , 0.769231 , 1.789121
0.205128 , 0.794872 , 1.767730
0.205128 , 0.820513 , 1.747473
0.205128 , 0.846154 , 1.728933
0.205128 , 0.871795 , 1.713997
0.205128 , 0.897436 , 1.701338
0.205128 , 0.923077 , 1.692930
0.205128 , 0.948718 , 1.687876
0.205128 , 0.974359 , 1.685721
0.205128 , 1.000000 , 1.685342
0.230769 , 0.000000 , 2.572550
0.230769 , 0.025641 , 2.572586
0.230769 , 0.051282 , 2.569424
0.230769 , 0.076923 , 2.564227
0.230769 , 0.102564 , 2.555397
0.230769 , 0.128205 , 2.543891
0.230769 , 0.153846 , 2.530056
0.230769 , 0.179487 , 2.512234
0.230769 , 0.205128 , 2.490341
0.230769 , 0.230769 , 2.465632
0.230769 , 0.256410 , 2.436370
0.230769 , 0.282051 , 2.403653
0.230769 , 0.307692 , 2.366581
0.230769 , 0.333333 , 2.326003
0.230769 , 0.358974 , 2.283345
0.230769 , 0.384615 , 2.237143
0.230769 , 0.410256 , 2.189043
0.230769 , 0.435897 , 2.139935
0.230769 , 0.461538 , 2.089664
0.230769 , 0.487179 , 2.038958
0.230769 , 0.512821 , 1.988322
0.230769 , 0.538462 , 1.938133
0.230769 , 0.564103 , 1.888433
0.230769 , 0.589744 , 1.840276
0.230769 , 0.615385 , 1.793767
0.230769 , 0.641026 , 1.749440
0.230769 , 0.666667 , 1.706872
0.230769 , 0.692308 , 1.666917
0.230769 , 0.717949 , 1.630739
0.230769 , 0.743590 , 1.597998
0.230769 , 0.769231 , 1.568046
0.230769 , 0.794872 , 1.541191
0.230769 , 0.820513 , 1.517314
0.230769 , 0.846154 , 1.496766
0.230769 , 0.871795 , 1.480866
0.230769 , 0.897436 , 1.467947
0.230769 , 0.923077 , 1.457842
0.230769 , 0.948718 , 1.451508
0.230769 , 0.974359 , 1.447920
0.230769 , 1.000000 , 1.447222
0.256410 , 0.000000 , 2.467807
0.256410 , 0.025641 , 2.467247
0.256410 , 0.051282 , 2.464196
0.256410 , 0.076923 , 2.458091
0.256410 , 0.102564 , 2.448215
0.256410 , 0.128205 , 2.434444
0.256410 , 0.153846 , 2.418150
0.256410 , 0.179487 , 2.398184
0.256410 , 0.205128 , 2.373703
0.256410 , 0.230769 , 2.345669
0.256410 , 0.256410 , 2.313423
0.256410 , 0.282051 , 2.277232
0.256410 , 0.307692 , 2.236984
0.256410 , 0.333333 , 2.191868
0.256410 , 0.358974 , 2.144474
0.256410 , 0.384615 , 2.094131
0.256410 , 0.410256 , 2.042350
0.256410 , 0.435897 , 1.988014
0.256410 , 0.461538 , 1.932735
0.256410 , 0.487179 , 1.876782
0.256410 , 0.512821 , 1.820630
0.256410 , 0.538462 , 1.765487
0.256410 , 0.564103 , 1.710363
0.256410 , 0.589744 , 1.656965
0.256410 , 0.615385 , 1.605495
0.256410 , 0.641026 , 1.556282
0.256410 , 0.666667 , 1.509564
0.256410 , 0.692308 , 1.465195
0.256410 , 0.717949 , 1.425171
0.256410 , 0.743590 , 1.388267
0.256410 , 0.769231 , 1.354486
0.256410 , 0.794872 , 1.323193
0.256410 , 0.820513 , 1.296080
0.256410 , 0.846154 , 1.273643
0.256410 , 0.871795 , 1.255469
0.256410 , 0.897436 , 1.240858
0.256410 , 0.923077 , 1.229139
0.256410 , 0.948718 , 1.220313
0.256410 , 0.974359 , 1.215138
0.256410 , 1.000000 , 1.213963
0.282051 , 0.000000 , 2.372600
0.282051 , 0.025641 , 2.371855
0.282051 , 0.051282 , 2.367725
0.282051 , 0.076923 , 2.360074
0.282051 , 0.102564 , 2.348511
0.282051 , 0.128205 , 2.332973
0.282051 , 0.153846 , 2.314373
0.282051 , 0.179487 , 2.291410
0.282051 , 0.205128 , 2.264191
0.282051 , 0.230769 , 2.232610
0.282051 , 0.256410 , 2.196397
0.282051 , 0.282051 , 2.156435
0.282051 , 0.307692 , 2.112843
0.282051 , 0.333333 , 2.064053
0.282051 , 0.358974 , 2.011983
0.282051 , 0.384615 , 1.958024
0.282051 , 0.410256 , 1.901999
0.282051 , 0.435897 , 1.843685
0.282051 , 0.461538 , 1.783893
0.282051 , 0.487179 , 1.722876
0.282051 , 0.512821 , 1.661097
0.282051 , 0.538462 , 1.600252
0.282051 , 0.564103 , 1.540059
0.282051 , 0.589744 , 1.481868
0.282051 , 0.615385 , 1.425125
0.282051 , 0.641026 , 1.370876
0.282051 , 0.666667 , 1.319522
0.282051 , 0.692308 , 1.270828
0.282051 , 0.717949 , 1.225977
0.282051 , 0.743590 , 1.184764
0.282051 , 0.769231 , 1.146600
0.282051 , 0.794872 , 1.112381
0.282051 , 0.820513 , 1.083335
0.282051 , 0.846154 , 1.057430
0.282051 , 0.871795 , 1.036245
0.282051 , 0.897436 , 1.018827
0.282051 , 0.923077 , 1.005318
0.282051 , 0.948718 , 0.995057
0.282051 , 0.974359 , 0.988608
0.282051 , 1.000000 , 0.986684
0.307692 , 0.000000 , 2.286652
0.307692 , 0.025641 , 2.284987
0.307692 , 0.051282 , 2.280322
0.307692 , 0.076923 , 2.271182
0.307692 , 0.102564 , 2.257483
0.307692 , 0.128205 , 2.239717
0.307692 , 0.153846 , 2.218174
0.307692 , 0.179487 , 2.192198
0.307692 , 0.205128 , 2.161301
0.307692 , 0.230769 , 2.125737
0.307692 , 0.256410 , 2.086221
0.307692 , 0.282051 , 2.043246
0.307692 , 0.307692 , 1.995754
0.307692 , 0.333333 , 1.943720
0.307692 , 0.358974 , 1.887494
0.307692 , 0.384615 , 1.828949
0.307692 , 0.410256 , 1.768000
0.307692 , 0.435897 , 1.705480
0.307692 , 0.461538 , 1.641260
0.307692 , 0.487179 , 1.575322
0.307692 , 0.512821 , 1.508352
0.307692 , 0.538462 , 1.442128
0.307692 , 0.564103 , 1.376748
0.307692 , 0.589744 , 1.313364
0.307692 , 0.615385 , 1.251356
0.307692 , 0.641026 , 1.191931
0.307692 , 0.666667 , 1.135443
0.307692 , 0.692308 , 1.082178
0.307692 , 0.717949 , 1.032942
0.307692 , 0.743590 , 0.986879
0.307692 , 0.769231 , 0.944560
0.307692 , 0.794872 , 0.907281
0.307692 , 0.820513 , 0.875310
0.307692 , 0.846154 , 0.846394
0.307692 , 0.871795 , 0.821859
0.307692 , 0.897436 , 0.802607
0.307692 , 0.923077 , 0.786442
0.307692 , 0.948718 , 0.774970
0.307692 , 0.974359 , 0.768085
0.307692 , 1.000000 , 0.766473
0.333333 , 0.000000 , 2.210734
0.333333 , 0.025641 , 2.208394
0.333333 , 0.051282 , 2.202469
0.333333 , 0.076923 , 2.191856
0.333333 , 0.102564 , 2.175881
0.333333 , 0.128205 , 2.155531
0.333333 , 0.153846 , 2.131037
0.333333 , 0.179487 , 2.101810
0.333333 , 0.205128 , 2.067300
0.333333 , 0.230769 , 2.027724
0.333333 , 0.256410 , 1.983930
0.333333 , 0.282051 , 1.937872
0.333333 , 0.307692 , 1.886557
0.333333 , 0.333333 , 1.830693
0.333333 , 0.358974 , 1.770850
0.333333 , 0.384615 , 1.707641
0.333333 , 0.410256 , 1.641786
0.333333 , 0.435897 , 1.573961
0.333333 , 0.461538 , 1.504709
0.333333 , 0.487179 , 1.433869
0.333333 , 0.512821 , 1.362139
0.333333 , 0.538462 , 1.290192
0.333333 , 0.564103 , 1.219598
0.333333 , 0.589744 , 1.150431
0.333333 , 0.615385 , 1.083089
0.333333 , 0.641026 , 1.018758
0.333333 , 0.666667 , 0.957151
0.333333 , 0.692308 , 0.899084
0.333333 , 0.717949 , 0.845253
0.333333 , 0.743590 , 0.795016
0.333333 , 0.769231 , 0.749183
0.333333 , 0.794872 , 0.707844
0.333333 , 0.820513 , 0.671389
0.333333 , 0.846154 , 0.639659
0.333333 , 0.871795 , 0.611924
0.333333 , 0.897436 , 0.590523
0.333333 , 0.923077 , 0.573224
0.333333 , 0.948718 , 0.559382
0.333333 , 0.974359 , 0.551810
0.333333 , 1.000000 , 0.550070
0.358974 , 0.000000 , 2.144202
0.358974 , 0.025641 , 2.141592
0.358974 , 0.051282 , 2.134537
0.358974 , 0.076923 , 2.121825
0.358974 , 0.102564 , 2.104117
0.358974 , 0.128205 , 2.081142
0.358974 , 0.153846 , 2.053373
0.358974 , 0.179487 , 2.020397
0.358974 , 0.205128 , 1.982204
0.358974 , 0.230769 , 1.938810
0.358974 , 0.256410 , 1.890819
0.358974 , 0.282051 , 1.839759
0.358974 , 0.307692 , 1.784961
0.358974 , 0.333333 , 1.725435
0.358974 , 0.358974 , 1.661343
0.358974 , 0.384615 , 1.593754
0.358974 , 0.410256 , 1.522709
0.358974 , 0.435897 , 1.449604
0.358974 , 0.461538 , 1.374744
0.358974 , 0.487179 , 1.298841
0.358974 , 0.512821 , 1.222046
0.358974 , 0.538462 , 1.144609
0.358974 , 0.564103 , 1.068192
0.358974 , 0.589744 , 0.993395
0.358974 , 0.615385 , 0.921095
0.358974 , 0.641026 , 0.851537
0.358974 , 0.666667 , 0.785226
0.358974 , 0.692308 , 0.722677
0.358974 , 0.717949 , 0.664030
0.358974 , 0.743590 , 0.609203
0.358974 , 0.769231 , 0.559288
0.358974 , 0.794872 , 0.513948
0.358974 , 0.820513 , 0.473038
0.358974 , 0.846154 , 0.437162
0.358974 , 0.871795 , 0.406619
0.358974 , 0.897436 , 0.381682
0.358974 , 0.923077 , 0.362704
0.358974 , 0.948718 , 0.348287
0.358974 , 0.974359 , 0.339964
0.358974 , 1.000000 , 0.337530
0.384615 , 0.000000 , 2.087661
0.384615 , 0.025641 , 2.084888
0.384615 , 0.051282 , 2.076518
0.384615 , 0.076923 , 2.062373
0.384615 , 0.102564 , 2.041924
0.384615 , 0.128205 , 2.016154
0.384615 , 0.153846 , 1.984964
0.384615 , 0.179487 , 1.948240
0.384615 , 0.205128 , 1.906999
0.384615 , 0.230769 , 1.859731
0.384615 , 0.256410 , 1.807443
0.384615 , 0.282051 , 1.751224
0.384615 , 0.307692 , 1.691268
0.384615 , 0.333333 , 1.627153
0.384615 , 0.358974 , 1.558750
0.384615 , 0.384615 , 1.486767
0.384615 , 0.410256 , 1.410621
0.384615 , 0.435897 , 1.332134
0.384615 , 0.461538 , 1.251572
0.384615 , 0.487179 , 1.169635
0.384615 , 0.512821 , 1.087598
0.384615 , 0.538462 , 1.004293
0.384615 , 0.564103 , 0.921826
0.384615 , 0.589744 , 0.841289
0.384615 , 0.615385 , 0.763730
0.384615 , 0.641026 , 0.689506
0.384615 , 0.666667 , 0.618267
0.384615 , 0.692308 , 0.550105
0.384615 , 0.717949 , 0.485925
0.384615 , 0.743590 , 0.426957
0.384615 , 0.769231 , 0.372108
0.384615 , 0.794872 , 0.322073
0.384615 , 0.820513 , 0.277455
0.384615 , 0.846154 , 0.238336
0.384615 , 0.871795 , 0.204720
0.384615 , 0.897436 , 0.176467
0.384615 , 0.923077 , 0.155376
0.384615 , 0.948718 , 0.140402
0.384615 , 0.974359 , 0.131800
0.384615 , 1.000000 , 0.128848
0.410256 , 0.000000 , 2.041078
0.410256 , 0.025641 , 2.038155
0.410256 , 0.051282 , 2.029029
0.410256 , 0.076923 , 2.013622
0.410256 , 0.102564 , 1.990798
0.410256 , 0.128205 , 1.962002
0.410256 , 0.153846 , 1.927449
0.410256 , 0.179487 , 1.887084
0.410256 , 0.205128 , 1.841807
0.410256 , 0.230769 , 1.790959
0.410256 , 0.256410 , 1.733797
0.410256 , 0.282051 , 1.672311
0.410256 , 0.307692 , 1.607083
0.410256 , 0.333333 , 1.537690
0.410256 , 0.358974 , 1.464421
0.410256 , 0.384615 , 1.387113
0.410256 , 0.410256 , 1.305706
0.410256 , 0.435897 , 1.221671
0.410256 , 0.461538 , 1.134535
0.410256 , 0.487179 , 1.046085
0.410256 , 0.512821 , 0.958044
0.410256 , 0.538462 , 0.869598
0.410256 , 0.564103 , 0.781183
0.410256 , 0.589744 , 0.694795
0.410256 , 0.615385 , 0.611570
0.410256 , 0.641026 , 0.531637
0.410256 , 0.666667 , 0.455016
0.410256 , 0.692308 , 0.380912
0.410256 , 0.717949 , 0.311178
0.410256 , 0.743590 , 0.246557
0.410256 , 0.769231 , 0.186865
0.410256 , 0.794872 , 0.132584
0.410256 , 0.820513 , 0.084404
0.410256 , 0.846154 , 0.041961
0.410256 , 0.871795 , 0.005711
0.410256 , 0.897436 , -0.024942
0.410256 , 0.923077 , -0.048039
0.410256 , 0.948718 , -0.064245
0.410256 , 0.974359 , -0.073473
0.410256 , 1.000000 , -0.076920
0.435897 , 0.000000 , 2.006659
0.435897 , 0.025641 , 2.002430
0.435897 , 0.051282 , 1.992375
0.435897 , 0.076923 , 1.975274
0.435897 , 0.102564 , 1.950233
0.435897 , 0.128205 , 1.918234
0.435897 , 0.153846 , 1.880161
0.435897 , 0.179487 , 1.836875
0.435897 , 0.205128 , 1.787654
0.435897 , 0.230769 , 1.732408
0.435897 , 0.256410 , 1.670435
0.435897 , 0.282051 , 1.603708
0.435897 , 0.307692 , 1.532894
0.435897 , 0.333333 , 1.458267
0.435897 , 0.358974 , 1.379031
0.435897 , 0.384615 , 1.295286
0.435897 , 0.410256 , 1.207485
0.435897 , 0.435897 , 1.117129
0.435897 , 0.461538 , 1.023951
0.435897 , 0.487179 , 0.929246
0.435897 , 0.512821 , 0.835429
0.435897 , 0.538462 , 0.740578
0.435897 , 0.564103 , 0.646264
0.435897 , 0.589744 , 0.553593
0.435897 , 0.615385 , 0.463740
0.435897 , 0.641026 , 0.377457
0.435897 , 0.666667 , 0.294843
0.435897 , 0.692308 , 0.215152
0.435897 , 0.717949 , 0.139376
0.435897 , 0.743590 , 0.068931
0.435897 , 0.769231 , 0.003806
0.435897 , 0.794872 , -0.054636
0.435897 , 0.820513 , -0.106604
0.435897 , 0.846154 , -0.152218
0.435897 , 0.871795 , -0.191357
0.435897 , 0.897436 , -0.223636
0.435897 , 0.923077 , -0.248511
0.435897 , 0.948718 , -0.265675
0.435897 , 0.974359 , -0.275188
0.435897 , 1.000000 , -0.278492
0.461538 , 0.000000 , 1.984383
0.461538 , 0.025641 , 1.979983
0.461538 , 0.051282 , 1.968085
0.461538 , 0.076923 , 1.948310
0.461538 , 0.102564 , 1.920799
0.461538 , 0.128205 , 1.886433
0.461538 , 0.153846 , 1.844800
0.461538 , 0.179487 , 1.797845
0.461538 , 0.205128 , 1.744261
0.461538 , 0.230769 , 1.684153
0.461538 , 0.256410 , 1.617341
0.461538 , 0.282051 , 1.545801
0.461538 , 0.307692 , 1.469396
0.461538 , 0.333333 , 1.388153
0.461538 , 0.358974 , 1.302322
0.461538 , 0.384615 , 1.211414
0.461538 , 0.410256 , 1.116505
0.461538 , 0.435897 , 1.019326
0.461538 , 0.461538 , 0.920350
0.461538 , 0.487179 , 0.818985
0.461538 , 0.512821 , 0.717905
0.461538 , 0.538462 , 0.616552
0.461538 , 0.564103 , 0.515414
0.461538 , 0.589744 , 0.416434
0.461538 , 0.615385 , 0.319746
0.461538 , 0.641026 , 0.225951
0.461538 , 0.666667 , 0.136654
0.461538 , 0.692308 , 0.051103
0.461538 , 0.717949 , -0.030292
0.461538 , 0.743590 , -0.106288
0.461538 , 0.769231 , -0.175992
0.461538 , 0.794872 , -0.239134
0.461538 , 0.820513 , -0.294990
0.461538 , 0.846154 , -0.344095
0.461538 , 0.871795 , -0.386368
0.461538 , 0.897436 , -0.420896
0.461538 , 0.923077 , -0.447322
0.461538 , 0.948718 , -0.466066
0.461538 , 0.974359 , -0.475972
0.461538 , 1.000000 , -0.479391
0.487179 , 0.000000 , 1.974159
0.487179 , 0.025641 , 1.969769
0.487179 , 0.051282 , 1.956594
0.487179 , 0.076923 , 1.934774
0.487179 , 0.102564 , 1.904216
0.487179 , 0.128205 , 1.867382
0.487179 , 0.153846 , 1.822665
0.487179 , 0.179487 , 1.770703
0.487179 , 0.205128 , 1.712786
0.487179 , 0.230769 , 1.647217
0.487179 , 0.256410 , 1.574561
0.487179 , 0.282051 , 1.497228
0.487179 , 0.307692 , 1.415340
0.487179 , 0.333333 , 1.326965
0.487179 , 0.358974 , 1.233458
0.487179 , 0.384615 , 1.135589
0.487179 , 0.410256 , 1.033969
0.487179 , 0.435897 , 0.929546
0.487179 , 0.461538 , 0.823103
0.487179 , 0.487179 , 0.714680
0.487179 , 0.512821 , 0.605614
0.487179 , 0.538462 , 0.496855
0.487179 , 0.564103 , 0.388675
0.487179 , 0.589744 , 0.282152
0.487179 , 0.615385 , 0.178475
0.487179 , 0.641026 , 0.077729
0.487179 , 0.666667 , -0.018883
0.487179 , 0.692308 , -0.110469
0.487179 , 0.717949 , -0.197319
0.487179 , 0.743590 , -0.278841
0.487179 , 0.769231 , -0.354166
0.487179 , 0.794872 , -0.422251
0.487179 , 0.820513 , -0.482357
0.487179 , 0.846154 , -0.535329
0.487179 , 0.871795 , -0.580447
0.487179 , 0.897436 , -0.617218
0.487179 , 0.923077 , -0.644875
0.487179 , 0.948718 , -0.665384
0.487179 , 0.974359 , -0.677344
0.487179 , 1.000000 , -0.681393
0.512821 , 0.000000 , 1.977685
0.512821 , 0.025641 , 1.972953
0.512821 , 0.051282 , 1.958116
0.512821 , 0.076923 , 1.934394
0.512821 , 0.102564 , 1.901673
0.512821 , 0.128205 , 1.861780
0.512821 , 0.153846 , 1.813990
0.512821 , 0.179487 , 1.757148
0.512821 , 0.205128 , 1.694439
0.512821 , 0.230769 , 1.623179
0.512821 , 0.256410 , 1.544833
0.512821 , 0.282051 , 1.460260
0.512821 , 0.307692 , 1.370762
0.512821 , 0.333333 , 1.275560
0.512821 , 0.358974 , 1.174539
0.512821 , 0.384615 , 1.068951
0.512821 , 0.410256 , 0.959442
0.512821 , 0.435897 , 0.846953
0.512821 , 0.461538 , 0.732463
0.512821 , 0.487179 , 0.615819
0.512821 , 0.512821 , 0.498831
0.512821 , 0.538462 , 0.381535
0.512821 , 0.564103 , 0.265608
0.512821 , 0.589744 , 0.151715
0.512821 , 0.615385 , 0.039775
0.512821 , 0.641026 , -0.068402
0.512821 , 0.666667 , -0.172234
0.512821 , 0.692308 , -0.270668
0.512821 , 0.717949 , -0.363359
0.512821 , 0.743590 , -0.450816
0.512821 , 0.769231 , -0.531683
0.512821 , 0.794872 , -0.605210
0.512821 , 0.820513 , -0.670697
0.512821 , 0.846154 , -0.727118
0.512821 , 0.871795 , -0.774569
0.512821 , 0.897436 , -0.813376
0.512821 , 0.923077 , -0.843046
0.512821 , 0.948718 , -0.865032
0.512821 , 0.974359 , -0.878489
0.512821 , 1.000000 , -0.883223
0.538462 , 0.000000 , 1.994932
0.538462 , 0.025641 , 1.989763
0.538462 , 0.051282 , 1.974075
0.538462 , 0.076923 , 1.948366
0.538462 , 0.102564 , 1.913254
0.538462 , 0.128205 , 1.870530
0.538462 , 0.153846 , 1.818875
0.538462 , 0.179487 , 1.757650
0.538462 , 0.205128 , 1.689706
0.538462 , 0.230769 , 1.612169
0.538462 , 0.256410 , 1.528073
0.538462 , 0.282051 , 1.437319
0.538462 , 0.307692 , 1.339892
0.538462 , 0.333333 , 1.236593
0.538462 , 0.358974 , 1.127025
0.538462 , 0.384615 , 1.012872
0.538462 , 0.410256 , 0.894083
0.538462 , 0.435897 , 0.772179
0.538462 , 0.461538 , 0.648259
0.538462 , 0.487179 , 0.522333
0.538462 , 0.512821 , 0.396611
0.538462 , 0.538462 , 0.270677
0.538462 , 0.564103 , 0.146184
0.538462 , 0.589744 , 0.023569
0.538462 , 0.615385 , -0.096705
0.538462 , 0.641026 , -0.213511
0.538462 , 0.666667 , -0.325493
0.538462 , 0.692308 , -0.431239
0.538462 , 0.717949 , -0.530598
0.538462 , 0.743590 , -0.623744
0.538462 , 0.769231 , -0.709855
0.538462 , 0.794872 , -0.788473
0.538462 , 0.820513 , -0.858246
0.538462 , 0.846154 , -0.918547
0.538462 , 0.871795 , -0.968833
0.538462 , 0.897436 , -1.009888
0.538462 , 0.923077 , -1.042347
0.538462 , 0.948718 , -1.065882
0.538462 , 0.974359 , -1.080385
0.538462 , 1.000000 , -1.085422
0.564103 , 0.000000 , 2.026950
0.564103 , 0.025641 , 2.020834
0.564103 , 0.051282 , 2.004353
0.564103 , 0.076923 , 1.977445
0.564103 , 0.102564 , 1.940135
0.564103 , 0.128205 , 1.894216
0.564103 , 0.153846 , 1.838625
0.564103 , 0.179487 , 1.773333
0.564103 , 0.205128 , 1.699569
0.564103 , 0.230769 , 1.615909
0.564103 , 0.256410 , 1.524653
0.564103 , 0.282051 , 1.426905
0.564103 , 0.307692 , 1.321616
0.564103 , 0.333333 , 1.209623
0.564103 , 0.358974 , 1.090734
0.564103 , 0.384615 , 0.967095
0.564103 , 0.410256 , 0.838599
0.564103 , 0.435897 , 0.706624
0.564103 , 0.461538 , 0.571898
0.564103 , 0.487179 , 0.435631
0.564103 , 0.512821 , 0.299543
0.564103 , 0.538462 , 0.163714
0.564103 , 0.564103 , 0.029474
0.564103 , 0.589744 , -0.102681
0.564103 , 0.615385 , -0.232546
0.564103 , 0.641026 , -0.358376
0.564103 , 0.666667 , -0.478446
0.564103 , 0.692308 , -0.591903
0.564103 , 0.717949 , -0.698747
0.564103 , 0.743590 , -0.797973
0.564103 , 0.769231 , -0.889763
0.564103 , 0.794872 , -0.973522
0.564103 , 0.820513 , -1.048173
0.564103 , 0.846154 , -1.111990
0.564103 , 0.871795 , -1.165204
0.564103 , 0.897436 , -1.209432
0.564103 , 0.923077 , -1.244351
0.564103 , 0.948718 , -1.269701
0.564103 , 0.974359 , -1.285047
0.564103 , 1.000000 , -1.290161
0.589744 , 0.000000 , 2.074522
0.589744 , 0.025641 , 2.068152
0.589744 , 0.051282 , 2.050115
0.589744 , 0.076923 , 2.022139
0.589744 , 0.102564 , 1.982839
0.589744 , 0.128205 , 1.933872
0.589744 , 0.153846 , 1.874063
0.589744 , 0.179487 , 1.804284
0.589744 , 0.205128 , 1.725171
0.589744 , 0.230769 , 1.635229
0.589744 , 0.256410 , 1.536804
0.589744 , 0.282051 , 1.430799
0.589744 , 0.307692 , 1.317104
0.589744 , 0.333333 , 1.195237
0.589744 , 0.358974 , 1.066475
0.589744 , 0.384615 , 0.932177
0.589744 , 0.410256 , 0.792924
0.589744 , 0.435897 , 0.649881
0.589744 , 0.461538 , 0.503850
0.589744 , 0.487179 , 0.355633
0.589744 , 0.512821 , 0.207518
0.589744 , 0.538462 , 0.060692
0.589744 , 0.564103 , -0.084915
0.589744 , 0.589744 , -0.228447
0.589744 , 0.615385 , -0.368490
0.589744 , 0.641026 , -0.503724
0.589744 , 0.666667 , -0.632584
0.589744 , 0.692308 , -0.754522
0.589744 , 0.717949 , -0.869136
0.589744 , 0.743590 , -0.975247
0.589744 , 0.769231 , -1.072887
0.589744 , 0.794872 , -1.161382
0.589744 , 0.820513 , -1.240810
0.589744 , 0.846154 , -1.308930
0.589744 , 0.871795 , -1.366751
0.589744 , 0.897436 , -1.413834
0.589744 , 0.923077 , -1.450994
0.589744 , 0.948718 , -1.477866
0.589744 , 0.974359 , -1.494036
0.589744 , 1.000000 , -1.498964
0.615385 , 0.000000 , 2.137395
0.615385 , 0.025641 , 2.131374
0.615385 , 0.051282 , 2.113034
0.615385 , 0.076923 , 2.083418
0.615385 , 0.102564 , 2.041992
0.615385 , 0.128205 , 1.990168
0.615385 , 0.153846 , 1.926853
0.615385 , 0.179487 , 1.852338
0.615385 , 0.205128 , 1.767200
0.615385 , 0.230769 , 1.671058
0.615385 , 0.256410 , 1.565278
0.615385 , 0.282051 , 1.450540
0.615385 , 0.307692 , 1.327588
0.615385 , 0.333333 , 1.195500
0.615385 , 0.358974 , 1.055785
0.615385 , 0.384615 , 0.909980
0.615385 , 0.410256 , 0.757624
0.615385 , 0.435897 , 0.601776
0.615385 , 0.461538 , 0.442625
0.615385 , 0.487179 , 0.281498
0.615385 , 0.512821 , 0.119519
0.615385 , 0.538462 , -0.040320
0.615385 , 0.564103 , -0.197730
0.615385 , 0.589744 , -0.353445
0.615385 , 0.615385 , -0.505407
0.615385 , 0.641026 , -0.651401
0.615385 , 0.666667 , -0.790462
0.615385 , 0.692308 , -0.921571
0.615385 , 0.717949 , -1.043845
0.615385 , 0.743590 , -1.157122
0.615385 , 0.769231 , -1.260208
0.615385 , 0.794872 , -1.353777
0.615385 , 0.820513 , -1.437256
0.615385 , 0.846154 , -1.509449
0.615385 , 0.871795 , -1.571609
0.615385 , 0.897436 , -1.622229
0.615385 , 0.923077 , -1.660875
0.615385 , 0.948718 , -1.689568
0.615385 , 0.974359 , -1.706337
0.615385 , 1.000000 , -1.712515
0.641026 , 0.000000 , 2.216909
0.641026 , 0.025641 , 2.210516
0.641026 , 0.051282 , 2.192114
0.641026 , 0.076923 , 2.162099
0.641026 , 0.102564 , 2.118592
0.641026 , 0.128205 , 2.064012
0.641026 , 0.153846 , 1.997740
0.641026 , 0.179487 , 1.919079
0.641026 , 0.205128 , 1.828014
0.641026 , 0.230769 , 1.725135
0.641026 , 0.256410 , 1.611051
0.641026 , 0.282051 , 1.487750
0.641026 , 0.307692 , 1.354410
0.641026 , 0.333333 , 1.211474
0.641026 , 0.358974 , 1.059198
0.641026 , 0.384615 , 0.900494
0.641026 , 0.410256 , 0.734117
0.641026 , 0.435897 , 0.562961
0.641026 , 0.461538 , 0.388801
0.641026 , 0.487179 , 0.212935
0.641026 , 0.512821 , 0.036739
0.641026 , 0.538462 , -0.138293
0.641026 , 0.564103 , -0.310286
0.641026 , 0.589744 , -0.479578
0.641026 , 0.615385 , -0.644708
0.641026 , 0.641026 , -0.802440
0.641026 , 0.666667 , -0.952233
0.641026 , 0.692308 , -1.093107
0.641026 , 0.717949 , -1.223765
0.641026 , 0.743590 , -1.344724
0.641026 , 0.769231 , -1.454327
0.641026 , 0.794872 , -1.553651
0.641026 , 0.820513 , -1.641630
0.641026 , 0.846154 , -1.717384
0.641026 , 0.871795 , -1.781570
0.641026 , 0.897436 , -1.834642
0.641026 , 0.923077 , -1.875304
0.641026 , 0.948718 , -1.905122
0.641026 , 0.974359 , -1.922749
0.641026 , 1.000000 , -1.929135
0.666667 , 0.000000 , 2.313894
0.666667 , 0.025641 , 2.307633
0.666667 , 0.051282 , 2.288544
0.666667 , 0.076923 , 2.257556
0.666667 , 0.102564 , 2.213592
0.666667 , 0.128205 , 2.156457
0.666667 , 0.153846 , 2.086884
0.666667 , 0.179487 , 2.004286
0.666667 , 0.205128 , 1.907640
0.666667 , 0.230769 , 1.798152
0.666667 , 0.256410 , 1.676257
0.666667 , 0.282051 , 1.543218
0.666667 , 0.307692 , 1.399543
0.666667 , 0.333333 , 1.244652
0.666667 , 0.358974 , 1.078077
0.666667 , 0.384615 , 0.904100
0.666667 , 0.410256 , 0.722777
0.666667 , 0.435897 , 0.535227
0.666667 , 0.461538 , 0.343918
0.666667 , 0.487179 , 0.151364
0.666667 , 0.512821 , -0.041717
0.666667 , 0.538462 , -0.233660
0.666667 , 0.564103 , -0.422641
0.666667 , 0.589744 , -0.606555
0.666667 , 0.615385 , -0.785544
0.666667 , 0.641026 , -0.956073
0.666667 , 0.666667 , -1.117749
0.666667 , 0.692308 , -1.268723
0.666667 , 0.717949 , -1.409460
0.666667 , 0.743590 , -1.538340
0.666667 , 0.769231 , -1.655465
0.666667 , 0.794872 , -1.760699
0.666667 , 0.820513 , -1.853223
0.666667 , 0.846154 , -1.932265
0.666667 , 0.871795 , -1.998183
0.666667 , 0.897436 , -2.052906
0.666667 , 0.923077 , -2.095550
0.666667 , 0.948718 , -2.125899
0.666667 , 0.974359 , -2.143924
0.666667 , 1.000000 , -2.150947
0.692308 , 0.000000 , 2.429273
0.692308 , 0.025641 , 2.422730
0.692308 , 0.051282 , 2.403391
0.692308 , 0.076923 , 2.371156
0.692308 , 0.102564 , 2.325730
0.692308 , 0.128205 , 2.267512
0.692308 , 0.153846 , 2.195211
0.692308 , 0.179487 , 2.109018
0.692308 , 0.205128 , 2.007699
0.692308 , 0.230769 , 1.890895
0.692308 , 0.256410 , 1.760992
0.692308 , 0.282051 , 1.618062
0.692308 , 0.307692 , 1.463269
0.692308 , 0.333333 , 1.295160
0.692308 , 0.358974 , 1.113983
0.692308 , 0.384615 , 0.922619
0.692308 , 0.410256 , 0.724011
0.692308 , 0.435897 , 0.518670
0.692308 , 0.461538 , 0.308649
0.692308 , 0.487179 , 0.097107
0.692308 , 0.512821 , -0.114841
0.692308 , 0.538462 , -0.326014
0.692308 , 0.564103 , -0.533940
0.692308 , 0.589744 , -0.735209
0.692308 , 0.615385 , -0.929183
0.692308 , 0.641026 , -1.113725
0.692308 , 0.666667 , -1.288584
0.692308 , 0.692308 , -1.451787
0.692308 , 0.717949 , -1.603066
0.692308 , 0.743590 , -1.741349
0.692308 , 0.769231 , -1.866021
0.692308 , 0.794872 , -1.976425
0.692308 , 0.820513 , -2.073808
0.692308 , 0.846154 , -2.155895
0.692308 , 0.871795 , -2.224108
0.692308 , 0.897436 , -2.279206
0.692308 , 0.923077 , -2.323226
0.692308 , 0.948718 , -2.353744
0.692308 , 0.974359 , -2.372239
0.692308 , 1.000000 , -2.378646
0.717949 , 0.000000 , 2.562435
0.717949 , 0.025641 , 2.555691
0.717949 , 0.051282 , 2.536283
0.717949 , 0.076923 , 2.504060
0.717949 , 0.102564 , 2.457230
0.717949 , 0.128205 , 2.397964
0.717949 , 0.153846 , 2.324064
0.717949 , 0.179487 , 2.233800
0.717949 , 0.205128 , 2.127800
0.717949 , 0.230769 , 2.005091
0.717949 , 0.256410 , 1.866464
0.717949 , 0.282051 , 1.713627
0.717949 , 0.307692 , 1.546208
0.717949 , 0.333333 , 1.364431
0.717949 , 0.358974 , 1.167005
0.717949 , 0.384615 , 0.957633
0.717949 , 0.410256 , 0.739022
0.717949 , 0.435897 , 0.513497
0.717949 , 0.461538 , 0.282674
0.717949 , 0.487179 , 0.049458
0.717949 , 0.512821 , -0.184115
0.717949 , 0.538462 , -0.416448
0.717949 , 0.564103 , -0.644733
0.717949 , 0.589744 , -0.865314
0.717949 , 0.615385 , -1.077627
0.717949 , 0.641026 , -1.278810
0.717949 , 0.666667 , -1.467944
0.717949 , 0.692308 , -1.644488
0.717949 , 0.717949 , -1.807872
0.717949 , 0.743590 , -1.955110
0.717949 , 0.769231 , -2.087267
0.717949 , 0.794872 , -2.203080
0.717949 , 0.820513 , -2.303885
0.717949 , 0.846154 , -2.389491
0.717949 , 0.871795 , -2.460134
0.717949 , 0.897436 , -2.516105
0.717949 , 0.923077 , -2.560308
0.717949 , 0.948718 , -2.590510
0.717949 , 0.974359 , -2.609017
0.717949 , 1.000000 , -2.614872
0.743590 , 0.000000 , 2.713282
0.743590 , 0.025641 , 2.706618
0.743590 , 0.051282 , 2.688006
0.743590 , 0.076923 , 2.655848
0.743590 , 0.102564 , 2.609672
0.743590 , 0.128205 , 2.549777
0.743590 , 0.153846 , 2.474423
0.743590 , 0.179487 , 2.380930
0.743590 , 0.205128 , 2.270464
0.743590 , 0.230769 , 2.141901
0.743590 , 0.256410 , 1.995504
0.743590 , 0.282051 , 1.831751
0.743590 , 0.307692 , 1.650582
0.743590 , 0.333333 , 1.453304
0.743590 , 0.358974 , 1.238051
0.743590 , 0.384615 , 1.009506
0.743590 , 0.410256 , 0.769739
0.743590 , 0.435897 , 0.521243
0.743590 , 0.461538 , 0.267262
0.743590 , 0.487179 , 0.009229
0.743590 , 0.512821 , -0.248801
0.743590 , 0.538462 , -0.505104
0.743590 , 0.564103 , -0.756483
0.743590 , 0.589744 , -0.999916
0.743590 , 0.615385 , -1.232294
0.743590 , 0.641026 , -1.452607
0.743590 , 0.666667 , -1.658016
0.743590 , 0.692308 , -1.848566
0.743590 , 0.717949 , -2.024027
0.743590 , 0.743590 , -2.182093
0.743590 , 0.769231 , -2.322303
0.743590 , 0.794872 , -2.444099
0.743590 , 0.820513 , -2.547876
0.743590 , 0.846154 , -2.635180
0.743590 , 0.871795 , -2.706653
0.743590 , 0.897436 , -2.763294
0.743590 , 0.923077 , -2.806552
0.743590 , 0.948718 , -2.836697
0.743590 , 0.974359 , -2.854381
0.743590 , 1.000000 , -2.860562
0.769231 , 0.000000 , 2.881565
0.769231 , 0.025641 , 2.875806
0.769231 , 0.051282 , 2.858123
0.769231 , 0.076923 , 2.827472
0.769231 , 0.102564 , 2.782999
0.769231 , 0.128205 , 2.723145
0.769231 , 0.153846 , 2.647493
0.769231 , 0.179487 , 2.551866
0.769231 , 0.205128 , 2.437126
0.769231 , 0.230769 , 2.302930
0.769231 , 0.256410 , 2.148124
0.769231 , 0.282051 , 1.973415
0.769231 , 0.307692 , 1.778737
0.769231 , 0.333333 , 1.564182
0.769231 , 0.358974 , 1.330225
0.769231 , 0.384615 , 1.079626
0.769231 , 0.410256 , 0.815801
0.769231 , 0.435897 , 0.541943
0.769231 , 0.461538 , 0.261511
0.769231 , 0.487179 , -0.023777
0.769231 , 0.512821 , -0.309520
0.769231 , 0.538462 , -0.593125
0.769231 , 0.564103 , -0.870935
0.769231 , 0.589744 , -1.139708
0.769231 , 0.615385 , -1.395428
0.769231 , 0.641026 , -1.636856
0.769231 , 0.666667 , -1.860955
0.769231 , 0.692308 , -2.066867
0.769231 , 0.717949 , -2.254922
0.769231 , 0.743590 , -2.423657
0.769231 , 0.769231 , -2.571958
0.769231 , 0.794872 , -2.699163
0.769231 , 0.820513 , -2.806261
0.769231 , 0.846154 , -2.894910
0.769231 , 0.871795 , -2.965483
0.769231 , 0.897436 , -3.021321
0.769231 , 0.923077 , -3.062771
0.769231 , 0.948718 , -3.091835
0.769231 , 0.974359 , -3.108288
0.769231 , 1.000000 , -3.113495
0.794872 , 0.000000 , 3.066383
0.794872 , 0.025641 , 3.061712
0.794872 , 0.051282 , 3.046109
0.794872 , 0.076923 , 3.018426
0.794872 , 0.102564 , 2.977096
0.794872 , 0.128205 , 2.919175
0.794872 , 0.153846 , 2.844267
0.794872 , 0.179487 , 2.748228
0.794872 , 0.205128 , 2.631480
0.794872 , 0.230769 , 2.491570
0.794872 , 0.256410 , 2.327845
0.794872 , 0.282051 , 2.140529
0.794872 , 0.307692 , 1.932120
0.794872 , 0.333333 , 1.698992
0.794872 , 0.358974 , 1.443781
0.794872 , 0.384615 , 1.169688
0.794872 , 0.410256 , 0.879394
0.794872 , 0.435897 , 0.577331
0.794872 , 0.461538 , 0.267087
0.794872 , 0.487179 , -0.048851
0.794872 , 0.512821 , -0.366053
0.794872 , 0.538462 , -0.680622
0.794872 , 0.564103 , -0.988883
0.794872 , 0.589744 , -1.286043
0.794872 , 0.615385 , -1.568694
0.794872 , 0.641026 , -1.833139
0.794872 , 0.666667 , -2.077669
0.794872 , 0.692308 , -2.301518
0.794872 , 0.717949 , -2.503611
0.794872 , 0.743590 , -2.682776
0.794872 , 0.769231 , -2.838392
0.794872 , 0.794872 , -2.970703
0.794872 , 0.820513 , -3.079569
0.794872 , 0.846154 , -3.167968
0.794872 , 0.871795 , -3.237293
0.794872 , 0.897436 , -3.290654
0.794872 , 0.923077 , -3.329251
0.794872 , 0.948718 , -3.355423
0.794872 , 0.974359 , -3.370548
0.794872 , 1.000000 , -3.374749
0.820513 , 0.000000 , 3.267215
0.820513 , 0.025641 , 3.263647
0.820513 , 0.051282 , 3.251113
0.820513 , 0.076923 , 3.227936
0.820513 , 0.102564 , 3.192067
0.820513 , 0.128205 , 3.138793
0.820513 , 0.153846 , 3.067602
0.820513 , 0.179487 , 2.973502
0.820513 , 0.205128 , 2.855615
0.820513 , 0.230769 , 2.710834
0.820513 , 0.256410 , 2.539305
0.820513 , 0.282051 , 2.340440
0.820513 , 0.307692 , 2.115585
0.820513 , 0.333333 , 1.862527
0.820513 , 0.358974 , 1.582526
0.820513 , 0.384615 , 1.280971
0.820513 , 0.410256 , 0.962259
0.820513 , 0.435897 , 0.628184
0.820513 , 0.461538 , 0.284130
0.820513 , 0.487179 , -0.066391
0.820513 , 0.512821 , -0.420224
0.820513 , 0.538462 , -0.770589
0.820513 , 0.564103 , -1.112592
0.820513 , 0.589744 , -1.441714
0.820513 , 0.615385 , -1.754628
0.820513 , 0.641026 , -2.046062
0.820513 , 0.666667 , -2.313725
0.820513 , 0.692308 , -2.556347
0.820513 , 0.717949 , -2.773040
0.820513 , 0.743590 , -2.963259
0.820513 , 0.769231 , -3.125255
0.820513 , 0.794872 , -3.262122
0.820513 , 0.820513 , -3.372472
0.820513 , 0.846154 , -3.458440
0.820513 , 0.871795 , -3.524191
0.820513 , 0.897436 , -3.572498
0.820513 , 0.923077 , -3.606022
0.820513 , 0.948718 , -3.627608
0.820513 , 0.974359 , -3.640022
0.820513 , 1.000000 , -3.643490
0.846154 , 0.000000 , 3.482035
0.846154 , 0.025641 , 3.479916
0.846154 , 0.051282 , 3.472380
0.846154 , 0.076923 , 3.456284
0.846154 , 0.102564 , 3.428477
0.846154 , 0.128205 , 3.383758
0.846154 , 0.153846 , 3.319087
0.846154 , 0.179487 , 3.229925
0.846154 , 0.205128 , 3.112901
0.846154 , 0.230769 , 2.964585
0.846154 , 0.256410 , 2.785724
0.846154 , 0.282051 , 2.575631
0.846154 , 0.307692 , 2.333355
0.846154 , 0.333333 , 2.058311
0.846154 , 0.358974 , 1.751720
0.846154 , 0.384615 , 1.418799
0.846154 , 0.410256 , 1.065545
0.846154 , 0.435897 , 0.695130
0.846154 , 0.461538 , 0.311641
0.846154 , 0.487179 , -0.078972
0.846154 , 0.512821 , -0.472672
0.846154 , 0.538462 , -0.863002
0.846154 , 0.564103 , -1.243964
0.846154 , 0.589744 , -1.609184
0.846154 , 0.615385 , -1.955578
0.846154 , 0.641026 , -2.277951
0.846154 , 0.666667 , -2.570822
0.846154 , 0.692308 , -2.834768
0.846154 , 0.717949 , -3.067765
0.846154 , 0.743590 , -3.269677
0.846154 , 0.769231 , -3.438888
0.846154 , 0.794872 , -3.578276
0.846154 , 0.820513 , -3.687781
0.846154 , 0.846154 , -3.769743
0.846154 , 0.871795 , -3.828416
0.846154 , 0.897436 , -3.868198
0.846154 , 0.923077 , -3.893339
0.846154 , 0.948718 , -3.907527
0.846154 , 0.974359 , -3.915261
0.846154 , 1.000000 , -3.917479
0.871795 , 0.000000 , 3.708333
0.871795 , 0.025641 , 3.708390
0.871795 , 0.051282 , 3.707318
0.871795 , 0.076923 , 3.701995
0.871795 , 0.102564 , 3.686874
0.871795 , 0.128205 , 3.654726
0.871795 , 0.153846 , 3.600335
0.871795 , 0.179487 , 3.519514
0.871795 , 0.205128 , 3.406423
0.871795 , 0.230769 , 3.256932
0.871795 , 0.256410 , 3.071782
0.871795 , 0.282051 , 2.849258
0.871795 , 0.307692 , 2.588047
0.871795 , 0.333333 , 2.288891
0.871795 , 0.358974 , 1.953433
0.871795 , 0.384615 , 1.586579
0.871795 , 0.410256 , 1.194506
0.871795 , 0.435897 , 0.781907
0.871795 , 0.461538 , 0.354292
0.871795 , 0.487179 , -0.082770
0.871795 , 0.512821 , -0.522830
0.871795 , 0.538462 , -0.959291
0.871795 , 0.564103 , -1.384293
0.871795 , 0.589744 , -1.791719
0.871795 , 0.615385 , -2.176227
0.871795 , 0.641026 , -2.531911
0.871795 , 0.666667 , -2.853802
0.871795 , 0.692308 , -3.140945
0.871795 , 0.717949 , -3.392508
0.871795 , 0.743590 , -3.606621
0.871795 , 0.769231 , -3.782069
0.871795 , 0.794872 , -3.921875
0.871795 , 0.820513 , -4.027312
0.871795 , 0.846154 , -4.101895
0.871795 , 0.871795 , -4.149903
0.871795 , 0.897436 , -4.176622
0.871795 , 0.923077 , -4.188813
0.871795 , 0.948718 , -4.192244
0.871795 , 0.974359 , -4.192289
0.871795 , 1.000000 , -4.192942
0.897436 , 0.000000 , 3.938359
0.897436 , 0.025641 , 3.942646
0.897436 , 0.051282 , 3.952828
0.897436 , 0.076923 , 3.962605
0.897436 , 0.102564 , 3.965496
0.897436 , 0.128205 , 3.952384
0.897436 , 0.153846 , 3.914379
0.897436 , 0.179487 , 3.846066
0.897436 , 0.205128 , 3.740963
0.897436 , 0.230769 , 3.593440
0.897436 , 0.256410 , 3.402647
0.897436 , 0.282051 , 3.167350
0.897436 , 0.307692 , 2.886004
0.897436 , 0.333333 , 2.560071
0.897436 , 0.358974 , 2.192163
0.897436 , 0.384615 , 1.787067
0.897436 , 0.410256 , 1.351236
0.897436 , 0.435897 , 0.890655
0.897436 , 0.461538 , 0.412542
0.897436 , 0.487179 , -0.076997
0.897436 , 0.512821 , -0.570851
0.897436 , 0.538462 , -1.059601
0.897436 , 0.564103 , -1.535239
0.897436 , 0.589744 , -1.991329
0.897436 , 0.615385 , -2.419478
0.897436 , 0.641026 , -2.813632
0.897436 , 0.666667 , -3.168765
0.897436 , 0.692308 , -3.482708
0.897436 , 0.717949 , -3.753736
0.897436 , 0.743590 , -3.979265
0.897436 , 0.769231 , -4.159364
0.897436 , 0.794872 , -4.297215
0.897436 , 0.820513 , -4.395124
0.897436 , 0.846154 , -4.457723
0.897436 , 0.871795 , -4.489317
0.897436 , 0.897436 , -4.497150
0.897436 , 0.923077 , -4.491028
0.897436 , 0.948718 , -4.477944
0.897436 , 0.974359 , -4.465950
0.897436 , 1.000000 , -4.461704
0.923077 , 0.000000 , 4.166347
0.923077 , 0.025641 , 4.176741
0.923077 , 0.051282 , 4.203142
0.923077 , 0.076923 , 4.236564
0.923077 , 0.102564 , 4.265471
0.923077 , 0.128205 , 4.278365
0.923077 , 0.153846 , 4.264700
0.923077 , 0.179487 , 4.214832
0.923077 , 0.205128 , 4.122176
0.923077 , 0.230769 , 3.979904
0.923077 , 0.256410 , 3.785102
0.923077 , 0.282051 , 3.536761
0.923077 , 0.307692 , 3.234437
0.923077 , 0.333333 , 2.878770
0.923077 , 0.358974 , 2.474279
0.923077 , 0.384615 , 2.026073
0.923077 , 0.410256 , 1.540629
0.923077 , 0.435897 , 1.025211
0.923077 , 0.461538 , 0.488771
0.923077 , 0.487179 , -0.061601
0.923077 , 0.512821 , -0.617275
0.923077 , 0.538462 , -1.167667
0.923077 , 0.564103 , -1.702307
0.923077 , 0.589744 , -2.213178
0.923077 , 0.615385 , -2.691118
0.923077 , 0.641026 , -3.129438
0.923077 , 0.666667 , -3.522393
0.923077 , 0.692308 , -3.866629
0.923077 , 0.717949 , -4.158844
0.923077 , 0.743590 , -4.396249
0.923077 , 0.769231 , -4.579153
0.923077 , 0.794872 , -4.711634
0.923077 , 0.820513 , -4.796951
0.923077 , 0.846154 , -4.840258
0.923077 , 0.871795 , -4.848279
0.923077 , 0.897436 , -4.829461
0.923077 , 0.923077 , -4.796410
0.923077 , 0.948718 , -4.759701
0.923077 , 0.974359 , -4.731350
0.923077 , 1.000000 , -4.720660
0.948718 , 0.000000 , 4.379781
0.948718 , 0.025641 , 4.399802
0.948718 , 0.051282 , 4.452381
0.948718 , 0.076923 , 4.520327
0.948718 , 0.102564 , 4.587279
0.948718 , 0.128205 , 4.636803
0.948718 , 0.153846 , 4.655478
0.948718 , 0.179487 , 4.632367
0.948718 , 0.205128 , 4.557521
0.948718 , 0.230769 , 4.423466
0.948718 , 0.256410 , 4.226270
0.948718 , 0.282051 , 3.965028
0.948718 , 0.307692 , 3.640561
0.948718 , 0.333333 , 3.253115
0.948718 , 0.358974 , 2.806860
0.948718 , 0.384615 , 2.309058
0.948718 , 0.410256 , 1.766475
0.948718 , 0.435897 , 1.187693
0.948718 , 0.461538 , 0.583235
0.948718 , 0.487179 , -0.037450
0.948718 , 0.512821 , -0.664344
0.948718 , 0.538462 , -1.284553
0.948718 , 0.564103 , -1.886856
0.948718 , 0.589744 , -2.461052
0.948718 , 0.615385 , -2.996791
0.948718 , 0.641026 , -3.486207
0.948718 , 0.666667 , -3.922100
0.948718 , 0.692308 , -4.299554
0.948718 , 0.717949 , -4.614010
0.948718 , 0.743590 , -4.863134
0.948718 , 0.769231 , -5.047571
0.948718 , 0.794872 , -5.171307
0.948718 , 0.820513 , -5.238593
0.948718 , 0.846154 , -5.255152
0.948718 , 0.871795 , -5.230169
0.948718 , 0.897436 , -5.174468
0.948718 , 0.923077 , -5.103140
0.948718 , 0.948718 , -5.031666
0.948718 , 0.974359 , -4.977602
0.948718 , 1.000000 , -4.956772
0.974359 , 0.000000 , 4.558490
0.974359 , 0.025641 , 4.596486
0.974359 , 0.051282 , 4.690354
0.974359 , 0.076923 , 4.810446
0.974359 , 0.102564 , 4.931587
0.974359 , 0.128205 , 5.031724
0.974359 , 0.153846 , 5.094088
0.974359 , 0.179487 , 5.106015
0.974359 , 0.205128 , 5.055757
0.974359 , 0.230769 , 4.934681
0.974359 , 0.256410 , 4.737417
0.974359 , 0.282051 , 4.463882
0.974359 , 0.307692 , 4.114723
0.974359 , 0.333333 , 3.690763
0.974359 , 0.358974 , 3.197349
0.974359 , 0.384615 , 2.642349
0.974359 , 0.410256 , 2.033875
0.974359 , 0.435897 , 1.381812
0.974359 , 0.461538 , 0.698225
0.974359 , 0.487179 , -0.004113
0.974359 , 0.512821 , -0.712250
0.974359 , 0.538462 , -1.413462
0.974359 , 0.564103 , -2.093715
0.974359 , 0.589744 , -2.741078
0.974359 , 0.615385 , -3.344040
0.974359 , 0.641026 , -3.891749
0.974359 , 0.666667 , -4.375890
0.974359 , 0.692308 , -4.789772
0.974359 , 0.717949 , -5.128724
0.974359 , 0.743590 , -5.389721
0.974359 , 0.769231 , -5.573830
0.974359 , 0.794872 , -5.684685
0.974359 , 0.820513 , -5.727049
0.974359 , 0.846154 , -5.708511
0.974359 , 0.871795 , -5.638998
0.974359 , 0.897436 , -5.532916
0.974359 , 0.923077 , -5.407463
0.974359 , 0.948718 , -5.283743
0.974359 , 0.974359 , -5.187595
0.974359 , 1.000000 , -5.148947
1.000000 , 0.000000 , 4.666846
1.000000 , 0.025641 , 4.742081
1.000000 , 0.051282 , 4.907709
1.000000 , 0.076923 , 5.105256
1.000000 , 0.102564 , 5.300907
1.000000 , 0.128205 , 5.468954
1.000000 , 0.153846 , 5.589043
1.000000 , 0.179487 , 5.646133
1.000000 , 0.205128 , 5.627692
1.000000 , 0.230769 , 5.524380
1.000000 , 0.256410 , 5.330942
1.000000 , 0.282051 , 5.044771
1.000000 , 0.307692 , 4.668425
1.000000 , 0.333333 , 4.203372
1.000000 , 0.358974 , 3.656079
1.000000 , 0.384615 , 3.034745
1.000000 , 0.410256 , 2.349743
1.000000 , 0.435897 , 1.612955
1.000000 , 0.461538 , 0.838600
1.000000 , 0.487179 , 0.041152
1.000000 , 0.512821 , -0.762908
1.000000 , 0.538462 , -1.557748
1.000000 , 0.564103 , -2.328982
1.000000 , 0.589744 , -3.061124
1.000000 , 0.615385 , -3.740558
1.000000 , 0.641026 , -4.355182
1.000000 , 0.666667 , -4.893342
1.000000 , 0.692308 , -5.349157
1.000000 , 0.717949 , -5.715333
1.000000 , 0.743590 , -5.988223
1.000000 , 0.769231 , -6.169433
1.000000 , 0.794872 , -6.262308
1.000000 , 0.820513 , -6.272198
1.000000 , 0.846154 , -6.207852
1.000000 , 0.871795 , -6.081201
1.000000 , 0.897436 , -5.907466
1.000000 , 0.923077 , -5.707361
1.000000 , 0.948718 , -5.505871
1.000000 , 0.974359 , -5.337482
1.000000 , 1.000000 , -5.260647
