0.000000 , 0.000000 , 3.992107
0.000000 , 0.025641 , 3.992107
0.000000 , 0.051282 , 3.992107
0.000000 , 0.076923 , 3.992107
0.000000 , 0.102564 , 3.992107
0.000000 , 0.128205 , 3.992107
0.000000 , 0.153846 , 3.992107
0.000000 , 0.179487 , 3.992107
0.000000 , 0.205128 , 3.992107
0.000000 , 0.230769 , 3.992107
0.000000 , 0.256410 , 3.992107
0.000000 , 0.282051 , 3.992107
0.000000 , 0.307692 , 3.992107
0.000000 , 0.333333 , 3.992107
0.000000 , 0.358974 , 3.992107
0.000000 , 0.384615 , 3.992107
0.000000 , 0.410256 , 3.992107
0.000000 , 0.435897 , 3.992107
0.000000 , 0.461538 , 3.992107
0.000000 , 0.487179 , 3.992107
0.000000 , 0.512821 , 3.992107
0.000000 , 0.538462 , 3.992107
0.000000 , 0.564103 , 3.992107
0.000000 , 0.589744 , 3.992107
0.000000 , 0.615385 , 3.992107
0.000000 , 0.641026 , 3.992107
0.000000 , 0.666667 , 3.992107
0.000000 , 0.692308 , 3.992107
0.000000 , 0.717949 , 3.992107
0.000000 , 0.743590 , 3.992107
0.000000 , 0.769231 , 3.992107
0.000000 , 0.794872 , 3.992107
0.000000 , 0.820513 , 3.992107
0.000000 , 0.846154 , 3.992107
0.000000 , 0.871795 , 3.992107
0.000000 , 0.897436 , 3.992107
0.000000 , 0.923077 , 3.992107
0.000000 , 0.948718 , 3.992107
0.000000 , 0.974359 , 3.992107
0.000000 , 1.000000 , 3.992107
0.025641 , 0.000000 , 3.802533
0.025641 , 0.025641 , 3.802854
0.025641 , 0.051282 , 3.803281
0.025641 , 0.076923 , 3.804379
0.025641 , 0.102564 , 3.805284
0.025641 , 0.128205 , 3.805379
0.025641 , 0.153846 , 3.805489
0.025641 , 0.179487 , 3.805286
0.025641 , 0.205128 , 3.804976
0.025641 , 0.230769 , 3.804218
0.025641 , 0.256410 , 3.802980
0.025641 , 0.282051 , 3.801874
0.025641 , 0.307692 , 3.800277
0.025641 , 0.333333 , 3.798816
0.025641 , 0.358974 , 3.796754
0.025641 , 0.384615 , 3.794386
0.025641 , 0.410256 , 3.792981
0.025641 , 0.435897 , 3.790661
0.025641 , 0.461538 , 3.787527
0.025641 , 0.487179 , 3.785161
0.025641 , 0.512821 , 3.782320
0.025641 , 0.538462 , 3.780292
0.025641 , 0.564103 , 3.778344
0.025641 , 0.589744 , 3.776372
0.025641 , 0.615385 , 3.774908
0.025641 , 0.641026 , 3.773508
0.025641 , 0.666667 , 3.772190
0.025641 , 0.692308 , 3.770431
0.025641 , 0.717949 , 3.768624
0.025641 , 0.743590 , 3.768033
0.025641 , 0.769231 , 3.767736
0.025641 , 0.794872 , 3.766732
0.025641 , 0.820513 , 3.766335
0.025641 , 0.846154 , 3.766007
0.025641 , 0.871795 , 3.765925
0.025641 , 0.897436 , 3.766040
0.025641 , 0.923077 , 3.765848
0.025641 , 0.948718 , 3.765555
0.025641 , 0.974359 , 3.765604
0.025641 , 1.000000 , 3.765326
0.051282 , 0.000000 , 3.614348
0.051282 , 0.025641 , 3.614610
0.051282 , 0.051282 , 3.615380
0.051282 , 0.076923 , 3.616821
0.051282 , 0.102564 , 3.618012
0.051282 , 0.128205 , 3.618425
0.051282 , 0.153846 , 3.618836
0.051282 , 0.179487 , 3.618858
0.051282 , 0.205128 , 3.618229
0.051282 , 0.230769 , 3.617284
0.051282 , 0.256410 , 3.615292
0.051282 , 0.282051 , 3.612647
0.051282 , 0.307692 , 3.609240
0.051282 , 0.333333 , 3.606163
0.051282 , 0.358974 , 3.602703
0.051282 , 0.384615 , 3.598487
0.051282 , 0.410256 , 3.594684
0.051282 , 0.435897 , 3.590304
0.051282 , 0.461538 , 3.585072
0.051282 , 0.487179 , 3.579954
0.051282 , 0.512821 , 3.574957
0.051282 , 0.538462 , 3.570738
0.051282 , 0.564103 , 3.567061
0.051282 , 0.589744 , 3.562781
0.051282 , 0.615385 , 3.559061
0.051282 , 0.641026 , 3.556220
0.051282 , 0.666667 , 3.553471
0.051282 , 0.692308 , 3.550616
0.051282 , 0.717949 , 3.547834
0.051282 , 0.743590 , 3.546505
0.051282 , 0.769231 , 3.545539
0.051282 , 0.794872 , 3.544745
0.051282 , 0.820513 , 3.543837
0.051282 , 0.846154 , 3.543094
0.051282 , 0.871795 , 3.542696
0.051282 , 0.897436 , 3.542883
0.051282 , 0.923077 , 3.542572
0.051282 , 0.948718 , 3.542194
0.051282 , 0.974359 , 3.542351
0.051282 , 1.000000 , 3.542839
0.076923 , 0.000000 , 3.426982
0.076923 , 0.025641 , 3.427426
0.076923 , 0.051282 , 3.428408
0.076923 , 0.076923 , 3.429689
0.076923 , 0.102564 , 3.430916
0.076923 , 0.128205 , 3.431476
0.076923 , 0.153846 , 3.432268
0.076923 , 0.179487 , 3.432303
0.076923 , 0.205128 , 3.431633
0.076923 , 0.230769 , 3.430336
0.076923 , 0.256410 , 3.427912
0.076923 , 0.282051 , 3.424260
0.076923 , 0.307692 , 3.419775
0.076923 , 0.333333 , 3.415063
0.076923 , 0.358974 , 3.410073
0.076923 , 0.384615 , 3.404147
0.076923 , 0.410256 , 3.398948
0.076923 , 0.435897 , 3.392196
0.076923 , 0.461538 , 3.384497
0.076923 , 0.487179 , 3.377345
0.076923 , 0.512821 , 3.370428
0.076923 , 0.538462 , 3.363914
0.076923 , 0.564103 , 3.357444
0.076923 , 0.589744 , 3.351351
0.076923 , 0.615385 , 3.346171
0.076923 , 0.641026 , 3.342015
0.076923 , 0.666667 , 3.338509
0.076923 , 0.692308 , 3.334162
0.076923 , 0.717949 , 3.330855
0.076923 , 0.743590 , 3.328515
0.076923 , 0.769231 , 3.327215
0.076923 , 0.794872 , 3.325874
0.076923 , 0.820513 , 3.324077
0.076923 , 0.846154 , 3.322945
0.076923 , 0.871795 , 3.322473
0.076923 , 0.897436 , 3.323468
0.076923 , 0.923077 , 3.323041
0.076923 , 0.948718 , 3.322200
0.076923 , 0.974359 , 3.322266
0.076923 , 1.000000 , 3.322908
0.102564 , 0.000000 , 3.240545
0.102564 , 0.025641 , 3.240574
0.102564 , 0.051282 , 3.241669
0.102564 , 0.076923 , 3.243189
0.102564 , 0.102564 , 3.244422
0.102564 , 0.128205 , 3.245471
0.102564 , 0.153846 , 3.246325
0.102564 , 0.179487 , 3.246316
0.102564 , 0.205128 , 3.244895
0.102564 , 0.230769 , 3.243409
0.102564 , 0.256410 , 3.240851
0.102564 , 0.282051 , 3.236313
0.102564 , 0.307692 , 3.231358
0.102564 , 0.333333 , 3.225610
0.102564 , 0.358974 , 3.219356
0.102564 , 0.384615 , 3.212043
0.102564 , 0.410256 , 3.205119
0.102564 , 0.435897 , 3.197255
0.102564 , 0.461538 , 3.187457
0.102564 , 0.487179 , 3.177918
0.102564 , 0.512821 , 3.168156
0.102564 , 0.538462 , 3.159028
0.102564 , 0.564103 , 3.150594
0.102564 , 0.589744 , 3.143708
0.102564 , 0.615385 , 3.137717
0.102564 , 0.641026 , 3.132197
0.102564 , 0.666667 , 3.127156
0.102564 , 0.692308 , 3.122143
0.102564 , 0.717949 , 3.117513
0.102564 , 0.743590 , 3.114893
0.102564 , 0.769231 , 3.113252
0.102564 , 0.794872 , 3.111008
0.102564 , 0.820513 , 3.108722
0.102564 , 0.846154 , 3.107271
0.102564 , 0.871795 , 3.107508
0.102564 , 0.897436 , 3.108462
0.102564 , 0.923077 , 3.107818
0.102564 , 0.948718 , 3.106298
0.102564 , 0.974359 , 3.106117
0.102564 , 1.000000 , 3.106815
0.128205 , 0.000000 , 3.054657
0.128205 , 0.025641 , 3.054538
0.128205 , 0.051282 , 3.055728
0.128205 , 0.076923 , 3.057195
0.128205 , 0.102564 , 3.059012
0.128205 , 0.128205 , 3.060570
0.128205 , 0.153846 , 3.061626
0.128205 , 0.179487 , 3.061684
0.128205 , 0.205128 , 3.060013
0.128205 , 0.230769 , 3.057692
0.128205 , 0.256410 , 3.055211
0.128205 , 0.282051 , 3.050878
0.128205 , 0.307692 , 3.044724
0.128205 , 0.333333 , 3.038361
0.128205 , 0.358974 , 3.031385
0.128205 , 0.384615 , 3.023527
0.128205 , 0.410256 , 3.014677
0.128205 , 0.435897 , 3.004699
0.128205 , 0.461538 , 2.993534
0.128205 , 0.487179 , 2.981461
0.128205 , 0.512821 , 2.970219
0.128205 , 0.538462 , 2.959147
0.128205 , 0.564103 , 2.949180
0.128205 , 0.589744 , 2.941009
0.128205 , 0.615385 , 2.933016
0.128205 , 0.641026 , 2.926414
0.128205 , 0.666667 , 2.919644
0.128205 , 0.692308 , 2.914271
0.128205 , 0.717949 , 2.909380
0.128205 , 0.743590 , 2.905189
0.128205 , 0.769231 , 2.901915
0.128205 , 0.794872 , 2.899163
0.128205 , 0.820513 , 2.897783
0.128205 , 0.846154 , 2.896551
0.128205 , 0.871795 , 2.896561
0.128205 , 0.897436 , 2.897476
0.128205 , 0.923077 , 2.896996
0.128205 , 0.948718 , 2.895838
0.128205 , 0.974359 , 2.895221
0.128205 , 1.000000 , 2.895513
0.153846 , 0.000000 , 2.870434
0.153846 , 0.025641 , 2.870221
0.153846 , 0.051282 , 2.871422
0.153846 , 0.076923 , 2.872847
0.153846 , 0.102564 , 2.874301
0.153846 , 0.128205 , 2.876336
0.153846 , 0.153846 , 2.877863
0.153846 , 0.179487 , 2.878223
0.153846 , 0.205128 , 2.877228
0.153846 , 0.230769 , 2.875083
0.153846 , 0.256410 , 2.871956
0.153846 , 0.282051 , 2.867888
0.153846 , 0.307692 , 2.861531
0.153846 , 0.333333 , 2.854254
0.153846 , 0.358974 , 2.846959
0.153846 , 0.384615 , 2.837596
0.153846 , 0.410256 , 2.827260
0.153846 , 0.435897 , 2.815832
0.153846 , 0.461538 , 2.802917
0.153846 , 0.487179 , 2.788916
0.153846 , 0.512821 , 2.775690
0.153846 , 0.538462 , 2.763166
0.153846 , 0.564103 , 2.751973
0.153846 , 0.589744 , 2.742744
0.153846 , 0.615385 , 2.733622
0.153846 , 0.641026 , 2.725969
0.153846 , 0.666667 , 2.718569
0.153846 , 0.692308 , 2.711894
0.153846 , 0.717949 , 2.706817
0.153846 , 0.743590 , 2.701419
0.153846 , 0.769231 , 2.696284
0.153846 , 0.794872 , 2.693324
0.153846 , 0.820513 , 2.692044
0.153846 , 0.846154 , 2.690843
0.153846 , 0.871795 , 2.690188
0.153846 , 0.897436 , 2.690882
0.153846 , 0.923077 , 2.690797
0.153846 , 0.948718 , 2.691265
0.153846 , 0.974359 , 2.691127
0.153846 , 1.000000 , 2.691646
0.179487 , 0.000000 , 2.687606
0.179487 , 0.025641 , 2.688036
0.179487 , 0.051282 , 2.689410
0.179487 , 0.076923 , 2.690847
0.179487 , 0.102564 , 2.691870
0.179487 , 0.128205 , 2.693750
0.179487 , 0.153846 , 2.694736
0.179487 , 0.179487 , 2.695371
0.179487 , 0.205128 , 2.694869
0.179487 , 0.230769 , 2.693468
0.179487 , 0.256410 , 2.690269
0.179487 , 0.282051 , 2.686574
0.179487 , 0.307692 , 2.680798
0.179487 , 0.333333 , 2.673762
0.179487 , 0.358974 , 2.665188
0.179487 , 0.384615 , 2.655096
0.179487 , 0.410256 , 2.643076
0.179487 , 0.435897 , 2.629904
0.179487 , 0.461538 , 2.615750
0.179487 , 0.487179 , 2.601439
0.179487 , 0.512821 , 2.586708
0.179487 , 0.538462 , 2.573380
0.179487 , 0.564103 , 2.560959
0.179487 , 0.589744 , 2.549929
0.179487 , 0.615385 , 2.539979
0.179487 , 0.641026 , 2.531024
0.179487 , 0.666667 , 2.522557
0.179487 , 0.692308 , 2.514849
0.179487 , 0.717949 , 2.508297
0.179487 , 0.743590 , 2.503422
0.179487 , 0.769231 , 2.498316
0.179487 , 0.794872 , 2.494072
0.179487 , 0.820513 , 2.492159
0.179487 , 0.846154 , 2.490198
0.179487 , 0.871795 , 2.489230
0.179487 , 0.897436 , 2.489385
0.179487 , 0.923077 , 2.490341
0.179487 , 0.948718 , 2.490957
0.179487 , 0.974359 , 2.491085
0.179487 , 1.000000 , 2.491325
0.205128 , 0.000000 , 2.506114
0.205128 , 0.025641 , 2.507109
0.205128 , 0.051282 , 2.509237
0.205128 , 0.076923 , 2.510874
0.205128 , 0.102564 , 2.511901
0.205128 , 0.128205 , 2.513494
0.205128 , 0.153846 , 2.514338
0.205128 , 0.179487 , 2.514717
0.205128 , 0.205128 , 2.514635
0.205128 , 0.230769 , 2.513515
0.205128 , 0.256410 , 2.510297
0.205128 , 0.282051 , 2.505734
0.205128 , 0.307692 , 2.500740
0.205128 , 0.333333 , 2.493689
0.205128 , 0.358974 , 2.485116
0.205128 , 0.384615 , 2.474377
0.205128 , 0.410256 , 2.462187
0.205128 , 0.435897 , 2.448603
0.205128 , 0.461538 , 2.433330
0.205128 , 0.487179 , 2.418189
0.205128 , 0.512821 , 2.402932
0.205128 , 0.538462 , 2.388601
0.205128 , 0.564103 , 2.375252
0.205128 , 0.589744 , 2.363194
0.205128 , 0.615385 , 2.351912
0.205128 , 0.641026 , 2.342360
0.205128 , 0.666667 , 2.333253
0.205128 , 0.692308 , 2.324556
0.205128 , 0.717949 , 2.317529
0.205128 , 0.743590 , 2.311844
0.205128 , 0.769231 , 2.306906
0.205128 , 0.794872 , 2.302182
0.205128 , 0.820513 , 2.298792
0.205128 , 0.846154 , 2.296994
0.205128 , 0.871795 , 2.296360
0.205128 , 0.897436 , 2.296126
0.205128 , 0.923077 , 2.296511
0.205128 , 0.948718 , 2.297238
0.205128 , 0.974359 , 2.297236
0.205128 , 1.000000 , 2.297287
0.230769 , 0.000000 , 2.328052
0.230769 , 0.025641 , 2.329070
0.230769 , 0.051282 , 2.331463
0.230769 , 0.076923 , 2.334030
0.230769 , 0.102564 , 2.335574
0.230769 , 0.128205 , 2.336997
0.230769 , 0.153846 , 2.337998
0.230769 , 0.179487 , 2.338509
0.230769 , 0.205128 , 2.338666
0.230769 , 0.230769 , 2.336969
0.230769 , 0.256410 , 2.333206
0.230769 , 0.282051 , 2.327773
0.230769 , 0.307692 , 2.322400
0.230769 , 0.333333 , 2.315055
0.230769 , 0.358974 , 2.307306
0.230769 , 0.384615 , 2.297058
0.230769 , 0.410256 , 2.284557
0.230769 , 0.435897 , 2.271336
0.230769 , 0.461538 , 2.256808
0.230769 , 0.487179 , 2.241378
0.230769 , 0.512821 , 2.225230
0.230769 , 0.538462 , 2.210084
0.230769 , 0.564103 , 2.195511
0.230769 , 0.589744 , 2.182875
0.230769 , 0.615385 , 2.171231
0.230769 , 0.641026 , 2.160580
0.230769 , 0.666667 , 2.150351
0.230769 , 0.692308 , 2.140957
0.230769 , 0.717949 , 2.133384
0.230769 , 0.743590 , 2.126831
0.230769 , 0.769231 , 2.121273
0.230769 , 0.794872 , 2.117122
0.230769 , 0.820513 , 2.113526
0.230769 , 0.846154 , 2.111262
0.230769 , 0.871795 , 2.110454
0.230769 , 0.897436 , 2.109789
0.230769 , 0.923077 , 2.110504
0.230769 , 0.948718 , 2.110937
0.230769 , 0.974359 , 2.110916
0.230769 , 1.000000 , 2.111039
0.256410 , 0.000000 , 2.153846
0.256410 , 0.025641 , 2.154898
0.256410 , 0.051282 , 2.156917
0.256410 , 0.076923 , 2.159772
0.256410 , 0.102564 , 2.161533
0.256410 , 0.128205 , 2.163191
0.256410 , 0.153846 , 2.164511
0.256410 , 0.179487 , 2.164653
0.256410 , 0.205128 , 2.164289
0.256410 , 0.230769 , 2.162376
0.256410 , 0.256410 , 2.158153
0.256410 , 0.282051 , 2.152908
0.256410 , 0.307692 , 2.147261
0.256410 , 0.333333 , 2.139522
0.256410 , 0.358974 , 2.132063
0.256410 , 0.384615 , 2.122841
0.256410 , 0.410256 , 2.110486
0.256410 , 0.435897 , 2.097058
0.256410 , 0.461538 , 2.083017
0.256410 , 0.487179 , 2.067917
0.256410 , 0.512821 , 2.052583
0.256410 , 0.538462 , 2.037284
0.256410 , 0.564103 , 2.022303
0.256410 , 0.589744 , 2.009016
0.256410 , 0.615385 , 1.996607
0.256410 , 0.641026 , 1.985166
0.256410 , 0.666667 , 1.974319
0.256410 , 0.692308 , 1.963760
0.256410 , 0.717949 , 1.956008
0.256410 , 0.743590 , 1.949185
0.256410 , 0.769231 , 1.942526
0.256410 , 0.794872 , 1.937909
0.256410 , 0.820513 , 1.934098
0.256410 , 0.846154 , 1.931120
0.256410 , 0.871795 , 1.929976
0.256410 , 0.897436 , 1.930720
0.256410 , 0.923077 , 1.931898
0.256410 , 0.948718 , 1.932218
0.256410 , 0.974359 , 1.931890
0.256410 , 1.000000 , 1.931888
0.282051 , 0.000000 , 1.983467
0.282051 , 0.025641 , 1.984079
0.282051 , 0.051282 , 1.985900
0.282051 , 0.076923 , 1.988203
0.282051 , 0.102564 , 1.989941
0.282051 , 0.128205 , 1.991022
0.282051 , 0.153846 , 1.991730
0.282051 , 0.179487 , 1.991555
0.282051 , 0.205128 , 1.990829
0.282051 , 0.230769 , 1.989705
0.282051 , 0.256410 , 1.985791
0.282051 , 0.282051 , 1.980717
0.282051 , 0.307692 , 1.975452
0.282051 , 0.333333 , 1.968392
0.282051 , 0.358974 , 1.960646
0.282051 , 0.384615 , 1.951852
0.282051 , 0.410256 , 1.940320
0.282051 , 0.435897 , 1.927565
0.282051 , 0.461538 , 1.913942
0.282051 , 0.487179 , 1.899425
0.282051 , 0.512821 , 1.884823
0.282051 , 0.538462 , 1.870111
0.282051 , 0.564103 , 1.855411
0.282051 , 0.589744 , 1.841641
0.282051 , 0.615385 , 1.828702
0.282051 , 0.641026 , 1.816684
0.282051 , 0.666667 , 1.805628
0.282051 , 0.692308 , 1.795078
0.282051 , 0.717949 , 1.786390
0.282051 , 0.743590 , 1.779222
0.282051 , 0.769231 , 1.772403
0.282051 , 0.794872 , 1.766883
0.282051 , 0.820513 , 1.762446
0.282051 , 0.846154 , 1.759645
0.282051 , 0.871795 , 1.758203
0.282051 , 0.897436 , 1.758945
0.282051 , 0.923077 , 1.760375
0.282051 , 0.948718 , 1.760340
0.282051 , 0.974359 , 1.760095
0.282051 , 1.000000 , 1.759808
0.307692 , 0.000000 , 1.816254
0.307692 , 0.025641 , 1.816463
0.307692 , 0.051282 , 1.817901
0.307692 , 0.076923 , 1.819605
0.307692 , 0.102564 , 1.820780
0.307692 , 0.128205 , 1.821427
0.307692 , 0.153846 , 1.820952
0.307692 , 0.179487 , 1.820948
0.307692 , 0.205128 , 1.820361
0.307692 , 0.230769 , 1.819521
0.307692 , 0.256410 , 1.817075
0.307692 , 0.282051 , 1.812184
0.307692 , 0.307692 , 1.806431
0.307692 , 0.333333 , 1.800083
0.307692 , 0.358974 , 1.793048
0.307692 , 0.384615 , 1.784458
0.307692 , 0.410256 , 1.774035
0.307692 , 0.435897 , 1.762215
0.307692 , 0.461538 , 1.749798
0.307692 , 0.487179 , 1.736085
0.307692 , 0.512821 , 1.721619
0.307692 , 0.538462 , 1.707775
0.307692 , 0.564103 , 1.694125
0.307692 , 0.589744 , 1.680565
0.307692 , 0.615385 , 1.667449
0.307692 , 0.641026 , 1.655262
0.307692 , 0.666667 , 1.644020
0.307692 , 0.692308 , 1.633941
0.307692 , 0.717949 , 1.624896
0.307692 , 0.743590 , 1.617129
0.307692 , 0.769231 , 1.609773
0.307692 , 0.794872 , 1.603240
0.307692 , 0.820513 , 1.598367
0.307692 , 0.846154 , 1.595536
0.307692 , 0.871795 , 1.593921
0.307692 , 0.897436 , 1.594371
0.307692 , 0.923077 , 1.595562
0.307692 , 0.948718 , 1.596778
0.307692 , 0.974359 , 1.596590
0.307692 , 1.000000 , 1.596719
0.333333 , 0.000000 , 1.652551
0.333333 , 0.025641 , 1.652683
0.333333 , 0.051282 , 1.653795
0.333333 , 0.076923 , 1.655089
0.333333 , 0.102564 , 1.656153
0.333333 , 0.128205 , 1.656622
0.333333 , 0.153846 , 1.655742
0.333333 , 0.179487 , 1.654403
0.333333 , 0.205128 , 1.654366
0.333333 , 0.230769 , 1.653076
0.333333 , 0.256410 , 1.650324
0.333333 , 0.282051 , 1.645897
0.333333 , 0.307692 , 1.641317
0.333333 , 0.333333 , 1.635695
0.333333 , 0.358974 , 1.629308
0.333333 , 0.384615 , 1.620885
0.333333 , 0.410256 , 1.611593
0.333333 , 0.435897 , 1.601040
0.333333 , 0.461538 , 1.590281
0.333333 , 0.487179 , 1.577502
0.333333 , 0.512821 , 1.564473
0.333333 , 0.538462 , 1.551556
0.333333 , 0.564103 , 1.538773
0.333333 , 0.589744 , 1.525942
0.333333 , 0.615385 , 1.513234
0.333333 , 0.641026 , 1.501390
0.333333 , 0.666667 , 1.490064
0.333333 , 0.692308 , 1.479683
0.333333 , 0.717949 , 1.470994
0.333333 , 0.743590 , 1.463056
0.333333 , 0.769231 , 1.455332
0.333333 , 0.794872 , 1.448591
0.333333 , 0.820513 , 1.443850
0.333333 , 0.846154 , 1.440739
0.333333 , 0.871795 , 1.439029
0.333333 , 0.897436 , 1.438329
0.333333 , 0.923077 , 1.439004
0.333333 , 0.948718 , 1.440534
0.333333 , 0.974359 , 1.440995
0.333333 , 1.000000 , 1.441617
0.358974 , 0.000000 , 1.493168
0.358974 , 0.025641 , 1.493072
0.358974 , 0.051282 , 1.493711
0.358974 , 0.076923 , 1.494733
0.358974 , 0.102564 , 1.495619
0.358974 , 0.128205 , 1.495732
0.358974 , 0.153846 , 1.494763
0.358974 , 0.179487 , 1.493424
0.358974 , 0.205128 , 1.492175
0.358974 , 0.230769 , 1.490599
0.358974 , 0.256410 , 1.487675
0.358974 , 0.282051 , 1.483594
0.358974 , 0.307692 , 1.479916
0.358974 , 0.333333 , 1.475164
0.358974 , 0.358974 , 1.468578
0.358974 , 0.384615 , 1.460687
0.358974 , 0.410256 , 1.452288
0.358974 , 0.435897 , 1.443699
0.358974 , 0.461538 , 1.434828
0.358974 , 0.487179 , 1.423592
0.358974 , 0.512821 , 1.411997
0.358974 , 0.538462 , 1.400184
0.358974 , 0.564103 , 1.388346
0.358974 , 0.589744 , 1.376976
0.358974 , 0.615385 , 1.365488
0.358974 , 0.641026 , 1.355294
0.358974 , 0.666667 , 1.344636
0.358974 , 0.692308 , 1.334414
0.358974 , 0.717949 , 1.325407
0.358974 , 0.743590 , 1.317624
0.358974 , 0.769231 , 1.309725
0.358974 , 0.794872 , 1.302552
0.358974 , 0.820513 , 1.297770
0.358974 , 0.846154 , 1.294614
0.358974 , 0.871795 , 1.292508
0.358974 , 0.897436 , 1.291560
0.358974 , 0.923077 , 1.291815
0.358974 , 0.948718 , 1.292918
0.358974 , 0.974359 , 1.293641
0.358974 , 1.000000 , 1.293780
0.384615 , 0.000000 , 1.336663
0.384615 , 0.025641 , 1.337212
0.384615 , 0.051282 , 1.337551
0.384615 , 0.076923 , 1.338176
0.384615 , 0.102564 , 1.338765
0.384615 , 0.128205 , 1.338333
0.384615 , 0.153846 , 1.337299
0.384615 , 0.179487 , 1.335773
0.384615 , 0.205128 , 1.334861
0.384615 , 0.230769 , 1.332885
0.384615 , 0.256410 , 1.330410
0.384615 , 0.282051 , 1.326832
0.384615 , 0.307692 , 1.323059
0.384615 , 0.333333 , 1.318015
0.384615 , 0.358974 , 1.312050
0.384615 , 0.384615 , 1.304764
0.384615 , 0.410256 , 1.298190
0.384615 , 0.435897 , 1.291649
0.384615 , 0.461538 , 1.284331
0.384615 , 0.487179 , 1.274995
0.384615 , 0.512821 , 1.265165
0.384615 , 0.538462 , 1.254997
0.384615 , 0.564103 , 1.244532
0.384615 , 0.589744 , 1.234122
0.384615 , 0.615385 , 1.224301
0.384615 , 0.641026 , 1.215462
0.384615 , 0.666667 , 1.205736
0.384615 , 0.692308 , 1.195859
0.384615 , 0.717949 , 1.187166
0.384615 , 0.743590 , 1.179555
0.384615 , 0.769231 , 1.171820
0.384615 , 0.794872 , 1.164575
0.384615 , 0.820513 , 1.159206
0.384615 , 0.846154 , 1.156020
0.384615 , 0.871795 , 1.154244
0.384615 , 0.897436 , 1.153551
0.384615 , 0.923077 , 1.153572
0.384615 , 0.948718 , 1.153809
0.384615 , 0.974359 , 1.154517
0.384615 , 1.000000 , 1.153824
0.410256 , 0.000000 , 1.185133
0.410256 , 0.025641 , 1.185484
0.410256 , 0.051282 , 1.185967
0.410256 , 0.076923 , 1.186371
0.410256 , 0.102564 , 1.186539
0.410256 , 0.128205 , 1.185548
0.410256 , 0.153846 , 1.184102
0.410256 , 0.179487 , 1.183075
0.410256 , 0.205128 , 1.181820
0.410256 , 0.230769 , 1.179684
0.410256 , 0.256410 , 1.177299
0.410256 , 0.282051 , 1.174665
0.410256 , 0.307692 , 1.171100
0.410256 , 0.333333 , 1.165959
0.410256 , 0.358974 , 1.160429
0.410256 , 0.384615 , 1.154836
0.410256 , 0.410256 , 1.149687
0.410256 , 0.435897 , 1.144699
0.410256 , 0.461538 , 1.139190
0.410256 , 0.487179 , 1.132111
0.410256 , 0.512821 , 1.124047
0.410256 , 0.538462 , 1.115177
0.410256 , 0.564103 , 1.106479
0.410256 , 0.589744 , 1.097721
0.410256 , 0.615385 , 1.088624
0.410256 , 0.641026 , 1.080522
0.410256 , 0.666667 , 1.072232
0.410256 , 0.692308 , 1.063769
0.410256 , 0.717949 , 1.055775
0.410256 , 0.743590 , 1.048670
0.410256 , 0.769231 , 1.041494
0.410256 , 0.794872 , 1.034410
0.410256 , 0.820513 , 1.029208
0.410256 , 0.846154 , 1.025436
0.410256 , 0.871795 , 1.023841
0.410256 , 0.897436 , 1.022856
0.410256 , 0.923077 , 1.022353
0.410256 , 0.948718 , 1.022023
0.410256 , 0.974359 , 1.022378
0.410256 , 1.000000 , 1.021966
0.435897 , 0.000000 , 1.039391
0.435897 , 0.025641 , 1.039231
0.435897 , 0.051282 , 1.039444
0.435897 , 0.076923 , 1.039202
0.435897 , 0.102564 , 1.038861
0.435897 , 0.128205 , 1.037823
0.435897 , 0.153846 , 1.036080
0.435897 , 0.179487 , 1.034626
0.435897 , 0.205128 , 1.032632
0.435897 , 0.230769 , 1.030352
0.435897 , 0.256410 , 1.028461
0.435897 , 0.282051 , 1.026425
0.435897 , 0.307692 , 1.023626
0.435897 , 0.333333 , 1.019559
0.435897 , 0.358974 , 1.014645
0.435897 , 0.384615 , 1.010467
0.435897 , 0.410256 , 1.007016
0.435897 , 0.435897 , 1.003633
0.435897 , 0.461538 , 0.999492
0.435897 , 0.487179 , 0.994139
0.435897 , 0.512821 , 0.987629
0.435897 , 0.538462 , 0.980560
0.435897 , 0.564103 , 0.973402
0.435897 , 0.589744 , 0.966323
0.435897 , 0.615385 , 0.959195
0.435897 , 0.641026 , 0.952219
0.435897 , 0.666667 , 0.945611
0.435897 , 0.692308 , 0.938454
0.435897 , 0.717949 , 0.931074
0.435897 , 0.743590 , 0.925118
0.435897 , 0.769231 , 0.918996
0.435897 , 0.794872 , 0.912422
0.435897 , 0.820513 , 0.906858
0.435897 , 0.846154 , 0.902974
0.435897 , 0.871795 , 0.900888
0.435897 , 0.897436 , 0.899334
0.435897 , 0.923077 , 0.898414
0.435897 , 0.948718 , 0.897983
0.435897 , 0.974359 , 0.897702
0.435897 , 1.000000 , 0.897406
0.461538 , 0.000000 , 0.899316
0.461538 , 0.025641 , 0.898745
0.461538 , 0.051282 , 0.898035
0.461538 , 0.076923 , 0.897519
0.461538 , 0.102564 , 0.896311
0.461538 , 0.128205 , 0.894576
0.461538 , 0.153846 , 0.892723
0.461538 , 0.179487 , 0.890662
0.461538 , 0.205128 , 0.888055
0.461538 , 0.230769 , 0.885456
0.461538 , 0.256410 , 0.884329
0.461538 , 0.282051 , 0.882617
0.461538 , 0.307692 , 0.880623
0.461538 , 0.333333 , 0.878450
0.461538 , 0.358974 , 0.875415
0.461538 , 0.384615 , 0.872271
0.461538 , 0.410256 , 0.869363
0.461538 , 0.435897 , 0.867336
0.461538 , 0.461538 , 0.864680
0.461538 , 0.487179 , 0.860925
0.461538 , 0.512821 , 0.856571
0.461538 , 0.538462 , 0.851809
0.461538 , 0.564103 , 0.846226
0.461538 , 0.589744 , 0.840805
0.461538 , 0.615385 , 0.835678
0.461538 , 0.641026 , 0.830434
0.461538 , 0.666667 , 0.825043
0.461538 , 0.692308 , 0.818970
0.461538 , 0.717949 , 0.812933
0.461538 , 0.743590 , 0.808112
0.461538 , 0.769231 , 0.803568
0.461538 , 0.794872 , 0.798188
0.461538 , 0.820513 , 0.792932
0.461538 , 0.846154 , 0.788314
0.461538 , 0.871795 , 0.785823
0.461538 , 0.897436 , 0.783959
0.461538 , 0.923077 , 0.782426
0.461538 , 0.948718 , 0.782178
0.461538 , 0.974359 , 0.781168
0.461538 , 1.000000 , 0.780791
0.487179 , 0.000000 , 0.764107
0.487179 , 0.025641 , 0.763785
0.487179 , 0.051282 , 0.762789
0.487179 , 0.076923 , 0.761748
0.487179 , 0.102564 , 0.759483
0.487179 , 0.128205 , 0.756826
0.487179 , 0.153846 , 0.754342
0.487179 , 0.179487 , 0.751529
0.487179 , 0.205128 , 0.748753
0.487179 , 0.230769 , 0.746467
0.487179 , 0.256410 , 0.745212
0.487179 , 0.282051 , 0.744450
0.487179 , 0.307692 , 0.743165
0.487179 , 0.333333 , 0.742000
0.487179 , 0.358974 , 0.740073
0.487179 , 0.384615 , 0.738176
0.487179 , 0.410256 , 0.736146
0.487179 , 0.435897 , 0.735658
0.487179 , 0.461538 , 0.734832
0.487179 , 0.487179 , 0.733513
0.487179 , 0.512821 , 0.730954
0.487179 , 0.538462 , 0.728181
0.487179 , 0.564103 , 0.724822
0.487179 , 0.589744 , 0.721318
0.487179 , 0.615385 , 0.718358
0.487179 , 0.641026 , 0.714801
0.487179 , 0.666667 , 0.711039
0.487179 , 0.692308 , 0.706292
0.487179 , 0.717949 , 0.701698
0.487179 , 0.743590 , 0.697092
0.487179 , 0.769231 , 0.693032
0.487179 , 0.794872 , 0.688981
0.487179 , 0.820513 , 0.685117
0.487179 , 0.846154 , 0.681015
0.487179 , 0.871795 , 0.678006
0.487179 , 0.897436 , 0.675752
0.487179 , 0.923077 , 0.674009
0.487179 , 0.948718 , 0.673125
0.487179 , 0.974359 , 0.672399
0.487179 , 1.000000 , 0.672129
0.512821 , 0.000000 , 0.633845
0.512821 , 0.025641 , 0.634157
0.512821 , 0.051282 , 0.632962
0.512821 , 0.076923 , 0.630520
0.512821 , 0.102564 , 0.627492
0.512821 , 0.128205 , 0.624383
0.512821 , 0.153846 , 0.621573
0.512821 , 0.179487 , 0.618104
0.512821 , 0.205128 , 0.615751
0.512821 , 0.230769 , 0.613525
0.512821 , 0.256410 , 0.612916
0.512821 , 0.282051 , 0.611923
0.512821 , 0.307692 , 0.611432
0.512821 , 0.333333 , 0.610963
0.512821 , 0.358974 , 0.610323
0.512821 , 0.384615 , 0.609503
0.512821 , 0.410256 , 0.609174
0.512821 , 0.435897 , 0.609756
0.512821 , 0.461538 , 0.610793
0.512821 , 0.487179 , 0.612083
0.512821 , 0.512821 , 0.611857
0.512821 , 0.538462 , 0.610421
0.512821 , 0.564103 , 0.609254
0.512821 , 0.589744 , 0.607950
0.512821 , 0.615385 , 0.606862
0.512821 , 0.641026 , 0.605805
0.512821 , 0.666667 , 0.603854
0.512821 , 0.692308 , 0.601074
0.512821 , 0.717949 , 0.597560
0.512821 , 0.743590 , 0.593621
0.512821 , 0.769231 , 0.589640
0.512821 , 0.794872 , 0.585831
0.512821 , 0.820513 , 0.582173
0.512821 , 0.846154 , 0.578758
0.512821 , 0.871795 , 0.575963
0.512821 , 0.897436 , 0.573990
0.512821 , 0.923077 , 0.572809
0.512821 , 0.948718 , 0.571678
0.512821 , 0.974359 , 0.570446
0.512821 , 1.000000 , 0.569934
0.538462 , 0.000000 , 0.510191
0.538462 , 0.025641 , 0.510271
0.538462 , 0.051282 , 0.508720
0.538462 , 0.076923 , 0.505396
0.538462 , 0.102564 , 0.501958
0.538462 , 0.128205 , 0.498333
0.538462 , 0.153846 , 0.495465
0.538462 , 0.179487 , 0.491354
0.538462 , 0.205128 , 0.488683
0.538462 , 0.230769 , 0.486540
0.538462 , 0.256410 , 0.486324
0.538462 , 0.282051 , 0.485790
0.538462 , 0.307692 , 0.485389
0.538462 , 0.333333 , 0.485591
0.538462 , 0.358974 , 0.486470
0.538462 , 0.384615 , 0.487227
0.538462 , 0.410256 , 0.488406
0.538462 , 0.435897 , 0.490539
0.538462 , 0.461538 , 0.493019
0.538462 , 0.487179 , 0.496090
0.538462 , 0.512821 , 0.498585
0.538462 , 0.538462 , 0.499108
0.538462 , 0.564103 , 0.500325
0.538462 , 0.589744 , 0.501062
0.538462 , 0.615385 , 0.500998
0.538462 , 0.641026 , 0.501846
0.538462 , 0.666667 , 0.502127
0.538462 , 0.692308 , 0.501289
0.538462 , 0.717949 , 0.499474
0.538462 , 0.743590 , 0.497389
0.538462 , 0.769231 , 0.494042
0.538462 , 0.794872 , 0.490585
0.538462 , 0.820513 , 0.486843
0.538462 , 0.846154 , 0.483281
0.538462 , 0.871795 , 0.480897
0.538462 , 0.897436 , 0.479370
0.538462 , 0.923077 , 0.478239
0.538462 , 0.948718 , 0.477349
0.538462 , 0.974359 , 0.476322
0.538462 , 1.000000 , 0.476022
0.564103 , 0.000000 , 0.392964
0.564103 , 0.025641 , 0.392411
0.564103 , 0.051282 , 0.389933
0.564103 , 0.076923 , 0.386680
0.564103 , 0.102564 , 0.383167
0.564103 , 0.128205 , 0.379282
0.564103 , 0.153846 , 0.375650
0.564103 , 0.179487 , 0.372095
0.564103 , 0.205128 , 0.369429
0.564103 , 0.230769 , 0.367168
0.564103 , 0.256410 , 0.365924
0.564103 , 0.282051 , 0.365601
0.564103 , 0.307692 , 0.366076
0.564103 , 0.333333 , 0.367018
0.564103 , 0.358974 , 0.368885
0.564103 , 0.384615 , 0.371020
0.564103 , 0.410256 , 0.373901
0.564103 , 0.435897 , 0.377254
0.564103 , 0.461538 , 0.381320
0.564103 , 0.487179 , 0.386283
0.564103 , 0.512821 , 0.391101
0.564103 , 0.538462 , 0.394146
0.564103 , 0.564103 , 0.397070
0.564103 , 0.589744 , 0.399819
0.564103 , 0.615385 , 0.401372
0.564103 , 0.641026 , 0.403541
0.564103 , 0.666667 , 0.405674
0.564103 , 0.692308 , 0.406988
0.564103 , 0.717949 , 0.407031
0.564103 , 0.743590 , 0.407130
0.564103 , 0.769231 , 0.405350
0.564103 , 0.794872 , 0.402734
0.564103 , 0.820513 , 0.398767
0.564103 , 0.846154 , 0.395800
0.564103 , 0.871795 , 0.393468
0.564103 , 0.897436 , 0.391540
0.564103 , 0.923077 , 0.390814
0.564103 , 0.948718 , 0.389847
0.564103 , 0.974359 , 0.389019
0.564103 , 1.000000 , 0.389101
0.589744 , 0.000000 , 0.281504
0.589744 , 0.025641 , 0.280631
0.589744 , 0.051282 , 0.277698
0.589744 , 0.076923 , 0.275099
0.589744 , 0.102564 , 0.271326
0.589744 , 0.128205 , 0.267220
0.589744 , 0.153846 , 0.262955
0.589744 , 0.179487 , 0.259327
0.589744 , 0.205128 , 0.256073
0.589744 , 0.230769 , 0.254344
0.589744 , 0.256410 , 0.252690
0.589744 , 0.282051 , 0.251950
0.589744 , 0.307692 , 0.253469
0.589744 , 0.333333 , 0.255047
0.589744 , 0.358974 , 0.257723
0.589744 , 0.384615 , 0.261369
0.589744 , 0.410256 , 0.265489
0.589744 , 0.435897 , 0.270248
0.589744 , 0.461538 , 0.275852
0.589744 , 0.487179 , 0.282372
0.589744 , 0.512821 , 0.288558
0.589744 , 0.538462 , 0.293970
0.589744 , 0.564103 , 0.299139
0.589744 , 0.589744 , 0.303770
0.589744 , 0.615385 , 0.307449
0.589744 , 0.641026 , 0.311354
0.589744 , 0.666667 , 0.315264
0.589744 , 0.692308 , 0.318075
0.589744 , 0.717949 , 0.320014
0.589744 , 0.743590 , 0.321923
0.589744 , 0.769231 , 0.322313
0.589744 , 0.794872 , 0.320875
0.589744 , 0.820513 , 0.318057
0.589744 , 0.846154 , 0.315907
0.589744 , 0.871795 , 0.313350
0.589744 , 0.897436 , 0.310974
0.589744 , 0.923077 , 0.310006
0.589744 , 0.948718 , 0.308866
0.589744 , 0.974359 , 0.307991
0.589744 , 1.000000 , 0.307915
0.615385 , 0.000000 , 0.175283
0.615385 , 0.025641 , 0.174662
0.615385 , 0.051282 , 0.171772
0.615385 , 0.076923 , 0.169023
0.615385 , 0.102564 , 0.165627
0.615385 , 0.128205 , 0.161210
0.615385 , 0.153846 , 0.157054
0.615385 , 0.179487 , 0.153463
0.615385 , 0.205128 , 0.150287
0.615385 , 0.230769 , 0.148040
0.615385 , 0.256410 , 0.147433
0.615385 , 0.282051 , 0.146656
0.615385 , 0.307692 , 0.147879
0.615385 , 0.333333 , 0.150212
0.615385 , 0.358974 , 0.153008
0.615385 , 0.384615 , 0.157634
0.615385 , 0.410256 , 0.163221
0.615385 , 0.435897 , 0.169606
0.615385 , 0.461538 , 0.177008
0.615385 , 0.487179 , 0.184866
0.615385 , 0.512821 , 0.192461
0.615385 , 0.538462 , 0.199807
0.615385 , 0.564103 , 0.206751
0.615385 , 0.589744 , 0.213246
0.615385 , 0.615385 , 0.218891
0.615385 , 0.641026 , 0.224322
0.615385 , 0.666667 , 0.230048
0.615385 , 0.692308 , 0.234708
0.615385 , 0.717949 , 0.239227
0.615385 , 0.743590 , 0.242614
0.615385 , 0.769231 , 0.244710
0.615385 , 0.794872 , 0.244281
0.615385 , 0.820513 , 0.242589
0.615385 , 0.846154 , 0.242195
0.615385 , 0.871795 , 0.239988
0.615385 , 0.897436 , 0.237486
0.615385 , 0.923077 , 0.235689
0.615385 , 0.948718 , 0.234515
0.615385 , 0.974359 , 0.233624
0.615385 , 1.000000 , 0.233687
0.641026 , 0.000000 , 0.076261
0.641026 , 0.025641 , 0.075413
0.641026 , 0.051282 , 0.072731
0.641026 , 0.076923 , 0.068909
0.641026 , 0.102564 , 0.066341
0.641026 , 0.128205 , 0.062152
0.641026 , 0.153846 , 0.058127
0.641026 , 0.179487 , 0.054104
0.641026 , 0.205128 , 0.051278
0.641026 , 0.230769 , 0.049168
0.641026 , 0.256410 , 0.048797
0.641026 , 0.282051 , 0.048461
0.641026 , 0.307692 , 0.049411
0.641026 , 0.333333 , 0.052531
0.641026 , 0.358974 , 0.055778
0.641026 , 0.384615 , 0.060896
0.641026 , 0.410256 , 0.067683
0.641026 , 0.435897 , 0.075817
0.641026 , 0.461538 , 0.084401
0.641026 , 0.487179 , 0.093257
0.641026 , 0.512821 , 0.101836
0.641026 , 0.538462 , 0.110972
0.641026 , 0.564103 , 0.119461
0.641026 , 0.589744 , 0.127987
0.641026 , 0.615385 , 0.135639
0.641026 , 0.641026 , 0.143225
0.641026 , 0.666667 , 0.149886
0.641026 , 0.692308 , 0.156641
0.641026 , 0.717949 , 0.163217
0.641026 , 0.743590 , 0.168250
0.641026 , 0.769231 , 0.172006
0.641026 , 0.794872 , 0.172888
0.641026 , 0.820513 , 0.172099
0.641026 , 0.846154 , 0.172266
0.641026 , 0.871795 , 0.171188
0.641026 , 0.897436 , 0.169091
0.641026 , 0.923077 , 0.167458
0.641026 , 0.948718 , 0.166274
0.641026 , 0.974359 , 0.165485
0.641026 , 1.000000 , 0.164957
0.666667 , 0.000000 , -0.016127
0.666667 , 0.025641 , -0.017003
0.666667 , 0.051282 , -0.019268
0.666667 , 0.076923 , -0.022992
0.666667 , 0.102564 , -0.025886
0.666667 , 0.128205 , -0.029462
0.666667 , 0.153846 , -0.033270
0.666667 , 0.179487 , -0.037295
0.666667 , 0.205128 , -0.040238
0.666667 , 0.230769 , -0.042839
0.666667 , 0.256410 , -0.042857
0.666667 , 0.282051 , -0.043076
0.666667 , 0.307692 , -0.042118
0.666667 , 0.333333 , -0.038166
0.666667 , 0.358974 , -0.034558
0.666667 , 0.384615 , -0.029142
0.666667 , 0.410256 , -0.020719
0.666667 , 0.435897 , -0.011674
0.666667 , 0.461538 , -0.002220
0.666667 , 0.487179 , 0.007694
0.666667 , 0.512821 , 0.017514
0.666667 , 0.538462 , 0.027916
0.666667 , 0.564103 , 0.038076
0.666667 , 0.589744 , 0.048443
0.666667 , 0.615385 , 0.058317
0.666667 , 0.641026 , 0.067928
0.666667 , 0.666667 , 0.075859
0.666667 , 0.692308 , 0.084049
0.666667 , 0.717949 , 0.091833
0.666667 , 0.743590 , 0.097832
0.666667 , 0.769231 , 0.103785
0.666667 , 0.794872 , 0.106777
0.666667 , 0.820513 , 0.107052
0.666667 , 0.846154 , 0.106578
0.666667 , 0.871795 , 0.106814
0.666667 , 0.897436 , 0.105763
0.666667 , 0.923077 , 0.104597
0.666667 , 0.948718 , 0.103974
0.666667 , 0.974359 , 0.102918
0.666667 , 1.000000 , 0.102365
0.692308 , 0.000000 , -0.102113
0.692308 , 0.025641 , -0.103108
0.692308 , 0.051282 , -0.104803
0.692308 , 0.076923 , -0.107882
0.692308 , 0.102564 , -0.111235
0.692308 , 0.128205 , -0.114704
0.692308 , 0.153846 , -0.118351
0.692308 , 0.179487 , -0.121571
0.692308 , 0.205128 , -0.124204
0.692308 , 0.230769 , -0.126662
0.692308 , 0.256410 , -0.126711
0.692308 , 0.282051 , -0.126462
0.692308 , 0.307692 , -0.125667
0.692308 , 0.333333 , -0.121784
0.692308 , 0.358974 , -0.117294
0.692308 , 0.384615 , -0.111377
0.692308 , 0.410256 , -0.102282
0.692308 , 0.435897 , -0.092345
0.692308 , 0.461538 , -0.082110
0.692308 , 0.487179 , -0.071470
0.692308 , 0.512821 , -0.060379
0.692308 , 0.538462 , -0.049040
0.692308 , 0.564103 , -0.037670
0.692308 , 0.589744 , -0.026430
0.692308 , 0.615385 , -0.014390
0.692308 , 0.641026 , -0.002355
0.692308 , 0.666667 , 0.007891
0.692308 , 0.692308 , 0.017483
0.692308 , 0.717949 , 0.026603
0.692308 , 0.743590 , 0.033527
0.692308 , 0.769231 , 0.040193
0.692308 , 0.794872 , 0.045373
0.692308 , 0.820513 , 0.046816
0.692308 , 0.846154 , 0.046496
0.692308 , 0.871795 , 0.047033
0.692308 , 0.897436 , 0.046877
0.692308 , 0.923077 , 0.046374
0.692308 , 0.948718 , 0.045781
0.692308 , 0.974359 , 0.045156
0.692308 , 1.000000 , 0.044920
0.717949 , 0.000000 , -0.181314
0.717949 , 0.025641 , -0.182136
0.717949 , 0.051282 , -0.183548
0.717949 , 0.076923 , -0.186213
0.717949 , 0.102564 , -0.189484
0.717949 , 0.128205 , -0.192732
0.717949 , 0.153846 , -0.196463
0.717949 , 0.179487 , -0.198759
0.717949 , 0.205128 , -0.200476
0.717949 , 0.230769 , -0.202079
0.717949 , 0.256410 , -0.201537
0.717949 , 0.282051 , -0.200757
0.717949 , 0.307692 , -0.200430
0.717949 , 0.333333 , -0.196862
0.717949 , 0.358974 , -0.192110
0.717949 , 0.384615 , -0.185428
0.717949 , 0.410256 , -0.176133
0.717949 , 0.435897 , -0.165875
0.717949 , 0.461538 , -0.155478
0.717949 , 0.487179 , -0.144240
0.717949 , 0.512821 , -0.131889
0.717949 , 0.538462 , -0.120225
0.717949 , 0.564103 , -0.108135
0.717949 , 0.589744 , -0.095174
0.717949 , 0.615385 , -0.081542
0.717949 , 0.641026 , -0.067804
0.717949 , 0.666667 , -0.055502
0.717949 , 0.692308 , -0.044137
0.717949 , 0.717949 , -0.033654
0.717949 , 0.743590 , -0.024918
0.717949 , 0.769231 , -0.018306
0.717949 , 0.794872 , -0.011710
0.717949 , 0.820513 , -0.008476
0.717949 , 0.846154 , -0.007719
0.717949 , 0.871795 , -0.007188
0.717949 , 0.897436 , -0.006930
0.717949 , 0.923077 , -0.007020
0.717949 , 0.948718 , -0.007767
0.717949 , 0.974359 , -0.007724
0.717949 , 1.000000 , -0.007700
0.743590 , 0.000000 , -0.253208
0.743590 , 0.025641 , -0.254222
0.743590 , 0.051282 , -0.255321
0.743590 , 0.076923 , -0.257558
0.743590 , 0.102564 , -0.260161
0.743590 , 0.128205 , -0.262751
0.743590 , 0.153846 , -0.265560
0.743590 , 0.179487 , -0.267862
0.743590 , 0.205128 , -0.269261
0.743590 , 0.230769 , -0.269525
0.743590 , 0.256410 , -0.268420
0.743590 , 0.282051 , -0.267527
0.743590 , 0.307692 , -0.266300
0.743590 , 0.333333 , -0.262765
0.743590 , 0.358974 , -0.257317
0.743590 , 0.384615 , -0.250848
0.743590 , 0.410256 , -0.242350
0.743590 , 0.435897 , -0.232477
0.743590 , 0.461538 , -0.222295
0.743590 , 0.487179 , -0.210241
0.743590 , 0.512821 , -0.197328
0.743590 , 0.538462 , -0.184846
0.743590 , 0.564103 , -0.171874
0.743590 , 0.589744 , -0.157983
0.743590 , 0.615385 , -0.142820
0.743590 , 0.641026 , -0.127921
0.743590 , 0.666667 , -0.113888
0.743590 , 0.692308 , -0.101753
0.743590 , 0.717949 , -0.089932
0.743590 , 0.743590 , -0.079836
0.743590 , 0.769231 , -0.072658
0.743590 , 0.794872 , -0.065877
0.743590 , 0.820513 , -0.060196
0.743590 , 0.846154 , -0.057442
0.743590 , 0.871795 , -0.056522
0.743590 , 0.897436 , -0.056286
0.743590 , 0.923077 , -0.055892
0.743590 , 0.948718 , -0.056487
0.743590 , 0.974359 , -0.055966
0.743590 , 1.000000 , -0.055702
0.769231 , 0.000000 , -0.318187
0.769231 , 0.025641 , -0.318853
0.769231 , 0.051282 , -0.319942
0.769231 , 0.076923 , -0.321391
0.769231 , 0.102564 , -0.323685
0.769231 , 0.128205 , -0.325145
0.769231 , 0.153846 , -0.327022
0.769231 , 0.179487 , -0.328715
0.769231 , 0.205128 , -0.330263
0.769231 , 0.230769 , -0.330919
0.769231 , 0.256410 , -0.329741
0.769231 , 0.282051 , -0.328344
0.769231 , 0.307692 , -0.325711
0.769231 , 0.333333 , -0.321529
0.769231 , 0.358974 , -0.315999
0.769231 , 0.384615 , -0.309328
0.769231 , 0.410256 , -0.301535
0.769231 , 0.435897 , -0.292318
0.769231 , 0.461538 , -0.281594
0.769231 , 0.487179 , -0.269482
0.769231 , 0.512821 , -0.256923
0.769231 , 0.538462 , -0.243733
0.769231 , 0.564103 , -0.229232
0.769231 , 0.589744 , -0.213992
0.769231 , 0.615385 , -0.198196
0.769231 , 0.641026 , -0.182700
0.769231 , 0.666667 , -0.167553
0.769231 , 0.692308 , -0.155065
0.769231 , 0.717949 , -0.143871
0.769231 , 0.743590 , -0.132972
0.769231 , 0.769231 , -0.123488
0.769231 , 0.794872 , -0.115547
0.769231 , 0.820513 , -0.109318
0.769231 , 0.846154 , -0.104498
0.769231 , 0.871795 , -0.101812
0.769231 , 0.897436 , -0.101137
0.769231 , 0.923077 , -0.100204
0.769231 , 0.948718 , -0.099950
0.769231 , 0.974359 , -0.099899
0.769231 , 1.000000 , -0.099415
0.794872 , 0.000000 , -0.376234
0.794872 , 0.025641 , -0.376042
0.794872 , 0.051282 , -0.377073
0.794872 , 0.076923 , -0.378321
0.794872 , 0.102564 , -0.380037
0.794872 , 0.128205 , -0.380636
0.794872 , 0.153846 , -0.381534
0.794872 , 0.179487 , -0.382869
0.794872 , 0.205128 , -0.383890
0.794872 , 0.230769 , -0.384358
0.794872 , 0.256410 , -0.383488
0.794872 , 0.282051 , -0.382444
0.794872 , 0.307692 , -0.380154
0.794872 , 0.333333 , -0.375775
0.794872 , 0.358974 , -0.369731
0.794872 , 0.384615 , -0.363151
0.794872 , 0.410256 , -0.355476
0.794872 , 0.435897 , -0.346156
0.794872 , 0.461538 , -0.335102
0.794872 , 0.487179 , -0.322524
0.794872 , 0.512821 , -0.309788
0.794872 , 0.538462 , -0.296396
0.794872 , 0.564103 , -0.281101
0.794872 , 0.589744 , -0.264989
0.794872 , 0.615385 , -0.248846
0.794872 , 0.641026 , -0.233393
0.794872 , 0.666667 , -0.218298
0.794872 , 0.692308 , -0.204570
0.794872 , 0.717949 , -0.192767
0.794872 , 0.743590 , -0.181705
0.794872 , 0.769231 , -0.170617
0.794872 , 0.794872 , -0.161042
0.794872 , 0.820513 , -0.153571
0.794872 , 0.846154 , -0.147738
0.794872 , 0.871795 , -0.143700
0.794872 , 0.897436 , -0.141845
0.794872 , 0.923077 , -0.139335
0.794872 , 0.948718 , -0.138425
0.794872 , 0.974359 , -0.138952
0.794872 , 1.000000 , -0.139000
0.820513 , 0.000000 , -0.426637
0.820513 , 0.025641 , -0.426663
0.820513 , 0.051282 , -0.427549
0.820513 , 0.076923 , -0.428563
0.820513 , 0.102564 , -0.430031
0.820513 , 0.128205 , -0.430313
0.820513 , 0.153846 , -0.430658
0.820513 , 0.179487 , -0.430813
0.820513 , 0.205128 , -0.431839
0.820513 , 0.230769 , -0.431727
0.820513 , 0.256410 , -0.430330
0.820513 , 0.282051 , -0.428950
0.820513 , 0.307692 , -0.426924
0.820513 , 0.333333 , -0.423217
0.820513 , 0.358974 , -0.417240
0.820513 , 0.384615 , -0.410696
0.820513 , 0.410256 , -0.402813
0.820513 , 0.435897 , -0.392965
0.820513 , 0.461538 , -0.381345
0.820513 , 0.487179 , -0.368723
0.820513 , 0.512821 , -0.355554
0.820513 , 0.538462 , -0.342138
0.820513 , 0.564103 , -0.328234
0.820513 , 0.589744 , -0.311521
0.820513 , 0.615385 , -0.295572
0.820513 , 0.641026 , -0.279532
0.820513 , 0.666667 , -0.264117
0.820513 , 0.692308 , -0.249103
0.820513 , 0.717949 , -0.235842
0.820513 , 0.743590 , -0.223733
0.820513 , 0.769231 , -0.212107
0.820513 , 0.794872 , -0.201296
0.820513 , 0.820513 , -0.193026
0.820513 , 0.846154 , -0.187221
0.820513 , 0.871795 , -0.182151
0.820513 , 0.897436 , -0.178481
0.820513 , 0.923077 , -0.174865
0.820513 , 0.948718 , -0.173618
0.820513 , 0.974359 , -0.173822
0.820513 , 1.000000 , -0.173839
0.846154 , 0.000000 , -0.470409
0.846154 , 0.025641 , -0.470330
0.846154 , 0.051282 , -0.471077
0.846154 , 0.076923 , -0.471912
0.846154 , 0.102564 , -0.473154
0.846154 , 0.128205 , -0.474112
0.846154 , 0.153846 , -0.473580
0.846154 , 0.179487 , -0.472536
0.846154 , 0.205128 , -0.472127
0.846154 , 0.230769 , -0.471958
0.846154 , 0.256410 , -0.470636
0.846154 , 0.282051 , -0.469421
0.846154 , 0.307692 , -0.467513
0.846154 , 0.333333 , -0.464490
0.846154 , 0.358974 , -0.459039
0.846154 , 0.384615 , -0.451980
0.846154 , 0.410256 , -0.443138
0.846154 , 0.435897 , -0.432738
0.846154 , 0.461538 , -0.421458
0.846154 , 0.487179 , -0.408831
0.846154 , 0.512821 , -0.395778
0.846154 , 0.538462 , -0.382141
0.846154 , 0.564103 , -0.368492
0.846154 , 0.589744 , -0.352368
0.846154 , 0.615385 , -0.335669
0.846154 , 0.641026 , -0.319825
0.846154 , 0.666667 , -0.304648
0.846154 , 0.692308 , -0.288993
0.846154 , 0.717949 , -0.274282
0.846154 , 0.743590 , -0.260813
0.846154 , 0.769231 , -0.248176
0.846154 , 0.794872 , -0.236420
0.846154 , 0.820513 , -0.227442
0.846154 , 0.846154 , -0.221531
0.846154 , 0.871795 , -0.216487
0.846154 , 0.897436 , -0.211560
0.846154 , 0.923077 , -0.207305
0.846154 , 0.948718 , -0.204919
0.846154 , 0.974359 , -0.205079
0.846154 , 1.000000 , -0.205223
0.871795 , 0.000000 , -0.507069
0.871795 , 0.025641 , -0.507063
0.871795 , 0.051282 , -0.507367
0.871795 , 0.076923 , -0.508912
0.871795 , 0.102564 , -0.509624
0.871795 , 0.128205 , -0.509948
0.871795 , 0.153846 , -0.509661
0.871795 , 0.179487 , -0.507735
0.871795 , 0.205128 , -0.506030
0.871795 , 0.230769 , -0.505722
0.871795 , 0.256410 , -0.504817
0.871795 , 0.282051 , -0.503560
0.871795 , 0.307692 , -0.501618
0.871795 , 0.333333 , -0.498740
0.871795 , 0.358974 , -0.493086
0.871795 , 0.384615 , -0.485648
0.871795 , 0.410256 , -0.476527
0.871795 , 0.435897 , -0.465818
0.871795 , 0.461538 , -0.454275
0.871795 , 0.487179 , -0.441994
0.871795 , 0.512821 , -0.429011
0.871795 , 0.538462 , -0.415524
0.871795 , 0.564103 , -0.401099
0.871795 , 0.589744 , -0.385468
0.871795 , 0.615385 , -0.369146
0.871795 , 0.641026 , -0.353592
0.871795 , 0.666667 , -0.338536
0.871795 , 0.692308 , -0.322989
0.871795 , 0.717949 , -0.307325
0.871795 , 0.743590 , -0.292526
0.871795 , 0.769231 , -0.279509
0.871795 , 0.794872 , -0.268009
0.871795 , 0.820513 , -0.258339
0.871795 , 0.846154 , -0.251073
0.871795 , 0.871795 , -0.245198
0.871795 , 0.897436 , -0.240804
0.871795 , 0.923077 , -0.236887
0.871795 , 0.948718 , -0.233427
0.871795 , 0.974359 , -0.232467
0.871795 , 1.000000 , -0.232618
0.897436 , 0.000000 , -0.537024
0.897436 , 0.025641 , -0.536984
0.897436 , 0.051282 , -0.536905
0.897436 , 0.076923 , -0.538296
0.897436 , 0.102564 , -0.538678
0.897436 , 0.128205 , -0.538818
0.897436 , 0.153846 , -0.538425
0.897436 , 0.179487 , -0.536772
0.897436 , 0.205128 , -0.534204
0.897436 , 0.230769 , -0.534114
0.897436 , 0.256410 , -0.533701
0.897436 , 0.282051 , -0.532469
0.897436 , 0.307692 , -0.530352
0.897436 , 0.333333 , -0.526513
0.897436 , 0.358974 , -0.520111
0.897436 , 0.384615 , -0.512121
0.897436 , 0.410256 , -0.503175
0.897436 , 0.435897 , -0.492709
0.897436 , 0.461538 , -0.481659
0.897436 , 0.487179 , -0.469493
0.897436 , 0.512821 , -0.456070
0.897436 , 0.538462 , -0.442349
0.897436 , 0.564103 , -0.427618
0.897436 , 0.589744 , -0.412579
0.897436 , 0.615385 , -0.397230
0.897436 , 0.641026 , -0.381925
0.897436 , 0.666667 , -0.366436
0.897436 , 0.692308 , -0.350528
0.897436 , 0.717949 , -0.335537
0.897436 , 0.743590 , -0.321306
0.897436 , 0.769231 , -0.307262
0.897436 , 0.794872 , -0.295337
0.897436 , 0.820513 , -0.285497
0.897436 , 0.846154 , -0.276923
0.897436 , 0.871795 , -0.269481
0.897436 , 0.897436 , -0.264254
0.897436 , 0.923077 , -0.260566
0.897436 , 0.948718 , -0.257653
0.897436 , 0.974359 , -0.255644
0.897436 , 1.000000 , -0.255365
0.923077 , 0.000000 , -0.560935
0.923077 , 0.025641 , -0.560362
0.923077 , 0.051282 , -0.560313
0.923077 , 0.076923 , -0.560156
0.923077 , 0.102564 , -0.560631
0.923077 , 0.128205 , -0.560527
0.923077 , 0.153846 , -0.560153
0.923077 , 0.179487 , -0.559325
0.923077 , 0.205128 , -0.557034
0.923077 , 0.230769 , -0.556498
0.923077 , 0.256410 , -0.556517
0.923077 , 0.282051 , -0.555013
0.923077 , 0.307692 , -0.551833
0.923077 , 0.333333 , -0.546880
0.923077 , 0.358974 , -0.540515
0.923077 , 0.384615 , -0.532519
0.923077 , 0.410256 , -0.523143
0.923077 , 0.435897 , -0.512930
0.923077 , 0.461538 , -0.501868
0.923077 , 0.487179 , -0.490420
0.923077 , 0.512821 , -0.477221
0.923077 , 0.538462 , -0.463305
0.923077 , 0.564103 , -0.448756
0.923077 , 0.589744 , -0.433897
0.923077 , 0.615385 , -0.419365
0.923077 , 0.641026 , -0.403780
0.923077 , 0.666667 , -0.387882
0.923077 , 0.692308 , -0.371999
0.923077 , 0.717949 , -0.357243
0.923077 , 0.743590 , -0.342920
0.923077 , 0.769231 , -0.328990
0.923077 , 0.794872 , -0.316468
0.923077 , 0.820513 , -0.306208
0.923077 , 0.846154 , -0.297226
0.923077 , 0.871795 , -0.289303
0.923077 , 0.897436 , -0.283001
0.923077 , 0.923077 , -0.278889
0.923077 , 0.948718 , -0.275712
0.923077 , 0.974359 , -0.273958
0.923077 , 1.000000 , -0.273477
0.948718 , 0.000000 , -0.578352
0.948718 , 0.025641 , -0.577623
0.948718 , 0.051282 , -0.576800
0.948718 , 0.076923 , -0.576292
0.948718 , 0.102564 , -0.576592
0.948718 , 0.128205 , -0.576646
0.948718 , 0.153846 , -0.575872
0.948718 , 0.179487 , -0.575183
0.948718 , 0.205128 , -0.573504
0.948718 , 0.230769 , -0.572575
0.948718 , 0.256410 , -0.571888
0.948718 , 0.282051 , -0.569868
0.948718 , 0.307692 , -0.566561
0.948718 , 0.333333 , -0.561663
0.948718 , 0.358974 , -0.555210
0.948718 , 0.384615 , -0.546848
0.948718 , 0.410256 , -0.537697
0.948718 , 0.435897 , -0.528050
0.948718 , 0.461538 , -0.516783
0.948718 , 0.487179 , -0.504893
0.948718 , 0.512821 , -0.492363
0.948718 , 0.538462 , -0.478494
0.948718 , 0.564103 , -0.463861
0.948718 , 0.589744 , -0.449137
0.948718 , 0.615385 , -0.434287
0.948718 , 0.641026 , -0.418986
0.948718 , 0.666667 , -0.403209
0.948718 , 0.692308 , -0.387848
0.948718 , 0.717949 , -0.373003
0.948718 , 0.743590 , -0.358399
0.948718 , 0.769231 , -0.344740
0.948718 , 0.794872 , -0.332790
0.948718 , 0.820513 , -0.322171
0.948718 , 0.846154 , -0.312926
0.948718 , 0.871795 , -0.304340
0.948718 , 0.897436 , -0.297611
0.948718 , 0.923077 , -0.292740
0.948718 , 0.948718 , -0.289553
0.948718 , 0.974359 , -0.287779
0.948718 , 1.000000 , -0.287688
0.974359 , 0.000000 , -0.588311
0.974359 , 0.025641 , -0.587973
0.974359 , 0.051282 , -0.586862
0.974359 , 0.076923 , -0.585921
0.974359 , 0.102564 , -0.586371
0.974359 , 0.128205 , -0.586857
0.974359 , 0.153846 , -0.585990
0.974359 , 0.179487 , -0.584751
0.974359 , 0.205128 , -0.583707
0.974359 , 0.230769 , -0.582516
0.974359 , 0.256410 , -0.581089
0.974359 , 0.282051 , -0.578534
0.974359 , 0.307692 , -0.575278
0.974359 , 0.333333 , -0.570553
0.974359 , 0.358974 , -0.564152
0.974359 , 0.384615 , -0.555959
0.974359 , 0.410256 , -0.546435
0.974359 , 0.435897 , -0.536457
0.974359 , 0.461538 , -0.525591
0.974359 , 0.487179 , -0.513782
0.974359 , 0.512821 , -0.501431
0.974359 , 0.538462 , -0.487853
0.974359 , 0.564103 , -0.473133
0.974359 , 0.589744 , -0.458637
0.974359 , 0.615385 , -0.443556
0.974359 , 0.641026 , -0.427780
0.974359 , 0.666667 , -0.412511
0.974359 , 0.692308 , -0.397157
0.974359 , 0.717949 , -0.382181
0.974359 , 0.743590 , -0.368263
0.974359 , 0.769231 , -0.355024
0.974359 , 0.794872 , -0.343117
0.974359 , 0.820513 , -0.332424
0.974359 , 0.846154 , -0.323188
0.974359 , 0.871795 , -0.314592
0.974359 , 0.897436 , -0.307341
0.974359 , 0.923077 , -0.301957
0.974359 , 0.948718 , -0.298376
0.974359 , 0.974359 , -0.296421
0.974359 , 1.000000 , -0.295750
1.000000 , 0.000000 , -0.590763
1.000000 , 0.025641 , -0.591366
1.000000 , 0.051282 , -0.590331
1.000000 , 0.076923 , -0.589127
1.000000 , 0.102564 , -0.589073
1.000000 , 0.128205 , -0.590003
1.000000 , 0.153846 , -0.589548
1.000000 , 0.179487 , -0.588648
1.000000 , 0.205128 , -0.587667
1.000000 , 0.230769 , -0.585919
1.000000 , 0.256410 , -0.584106
1.000000 , 0.282051 , -0.581502
1.000000 , 0.307692 , -0.577928
1.000000 , 0.333333 , -0.573460
1.000000 , 0.358974 , -0.567370
1.000000 , 0.384615 , -0.558990
1.000000 , 0.410256 , -0.549157
1.000000 , 0.435897 , -0.539261
1.000000 , 0.461538 , -0.528586
1.000000 , 0.487179 , -0.516582
1.000000 , 0.512821 , -0.504275
1.000000 , 0.538462 , -0.490755
1.000000 , 0.564103 , -0.476464
1.000000 , 0.589744 , -0.461792
1.000000 , 0.615385 , -0.446568
1.000000 , 0.641026 , -0.430660
1.000000 , 0.666667 , -0.415501
1.000000 , 0.692308 , -0.400724
1.000000 , 0.717949 , -0.385793
1.000000 , 0.743590 , -0.371635
1.000000 , 0.769231 , -0.358635
1.000000 , 0.794872 , -0.346226
1.000000 , 0.820513 , -0.336077
1.000000 , 0.846154 , -0.327007
1.000000 , 0.871795 , -0.318101
1.000000 , 0.897436 , -0.310677
1.000000 , 0.923077 , -0.305230
1.000000 , 0.948718 , -0.301457
1.000000 , 0.974359 , -0.299356
1.000000 , 1.000000 , -0.298750
