0.000000 , 0.000000 , 3.968459
0.000000 , 0.025641 , 3.968459
0.000000 , 0.051282 , 3.968459
0.000000 , 0.076923 , 3.968459
0.000000 , 0.102564 , 3.968459
0.000000 , 0.128205 , 3.968459
0.000000 , 0.153846 , 3.968459
0.000000 , 0.179487 , 3.968459
0.000000 , 0.205128 , 3.968459
0.000000 , 0.230769 , 3.968459
0.000000 , 0.256410 , 3.968459
0.000000 , 0.282051 , 3.968459
0.000000 , 0.307692 , 3.968459
0.000000 , 0.333333 , 3.968459
0.000000 , 0.358974 , 3.968459
0.000000 , 0.384615 , 3.968459
0.000000 , 0.410256 , 3.968459
0.000000 , 0.435897 , 3.968459
0.000000 , 0.461538 , 3.968459
0.000000 , 0.487179 , 3.968459
0.000000 , 0.512821 , 3.968459
0.000000 , 0.538462 , 3.968459
0.000000 , 0.564103 , 3.968459
0.000000 , 0.589744 , 3.968459
0.000000 , 0.615385 , 3.968459
0.000000 , 0.641026 , 3.968459
0.000000 , 0.666667 , 3.968459
0.000000 , 0.692308 , 3.968459
0.000000 , 0.717949 , 3.968459
0.000000 , 0.743590 , 3.968459
0.000000 , 0.769231 , 3.968459
0.000000 , 0.794872 , 3.968459
0.000000 , 0.820513 , 3.968459
0.000000 , 0.846154 , 3.968459
0.000000 , 0.871795 , 3.968459
0.000000 , 0.897436 , 3.968459
0.000000 , 0.923077 , 3.968459
0.000000 , 0.948718 , 3.968459
0.000000 , 0.974359 , 3.968459
0.000000 , 1.000000 , 3.968459
0.025641 , 0.000000 , 3.861452
0.025641 , 0.025641 , 3.861234
0.025641 , 0.051282 , 3.861809
0.025641 , 0.076923 , 3.861928
0.025641 , 0.102564 , 3.861334
0.025641 , 0.128205 , 3.860324
0.025641 , 0.153846 , 3.858614
0.025641 , 0.179487 , 3.856926
0.025641 , 0.205128 , 3.854207
0.025641 , 0.230769 , 3.850750
0.025641 , 0.256410 , 3.846653
0.025641 , 0.282051 , 3.842105
0.025641 , 0.307692 , 3.837036
0.025641 , 0.333333 , 3.831856
0.025641 , 0.358974 , 3.827215
0.025641 , 0.384615 , 3.822098
0.025641 , 0.410256 , 3.816869
0.025641 , 0.435897 , 3.811081
0.025641 , 0.461538 , 3.805529
0.025641 , 0.487179 , 3.800360
0.025641 , 0.512821 , 3.794343
0.025641 , 0.538462 , 3.788001
0.025641 , 0.564103 , 3.782720
0.025641 , 0.589744 , 3.777818
0.025641 , 0.615385 , 3.772003
0.025641 , 0.641026 , 3.766370
0.025641 , 0.666667 , 3.761622
0.025641 , 0.692308 , 3.757208
0.025641 , 0.717949 , 3.753094
0.025641 , 0.743590 , 3.750358
0.025641 , 0.769231 , 3.747330
0.025641 , 0.794872 , 3.743693
0.025641 , 0.820513 , 3.740289
0.025641 , 0.846154 , 3.738350
0.025641 , 0.871795 , 3.737062
0.025641 , 0.897436 , 3.735796
0.025641 , 0.923077 , 3.734289
0.025641 , 0.948718 , 3.733615
0.025641 , 0.974359 , 3.733201
0.025641 , 1.000000 , 3.733175
0.051282 , 0.000000 , 3.752239
0.051282 , 0.025641 , 3.752253
0.051282 , 0.051282 , 3.752298
0.051282 , 0.076923 , 3.752114
0.051282 , 0.102564 , 3.751125
0.051282 , 0.128205 , 3.749051
0.051282 , 0.153846 , 3.746147
0.051282 , 0.179487 , 3.742295
0.051282 , 0.205128 , 3.736734
0.051282 , 0.230769 , 3.729818
0.051282 , 0.256410 , 3.721925
0.051282 , 0.282051 , 3.713124
0.051282 , 0.307692 , 3.703980
0.051282 , 0.333333 , 3.694209
0.051282 , 0.358974 , 3.684200
0.051282 , 0.384615 , 3.674712
0.051282 , 0.410256 , 3.664222
0.051282 , 0.435897 , 3.652627
0.051282 , 0.461538 , 3.641710
0.051282 , 0.487179 , 3.630843
0.051282 , 0.512821 , 3.619548
0.051282 , 0.538462 , 3.607105
0.051282 , 0.564103 , 3.595948
0.051282 , 0.589744 , 3.585575
0.051282 , 0.615385 , 3.574501
0.051282 , 0.641026 , 3.564200
0.051282 , 0.666667 , 3.554969
0.051282 , 0.692308 , 3.546243
0.051282 , 0.717949 , 3.538194
0.051282 , 0.743590 , 3.531170
0.051282 , 0.769231 , 3.524781
0.051282 , 0.794872 , 3.518560
0.051282 , 0.820513 , 3.512658
0.051282 , 0.846154 , 3.508243
0.051282 , 0.871795 , 3.504894
0.051282 , 0.897436 , 3.501935
0.051282 , 0.923077 , 3.499738
0.051282 , 0.948718 , 3.498694
0.051282 , 0.974359 , 3.497865
0.051282 , 1.000000 , 3.497316
0.076923 , 0.000000 , 3.642285
0.076923 , 0.025641 , 3.641801
0.076923 , 0.051282 , 3.641446
0.076923 , 0.076923 , 3.640777
0.076923 , 0.102564 , 3.638690
0.076923 , 0.128205 , 3.635784
0.076923 , 0.153846 , 3.631630
0.076923 , 0.179487 , 3.625888
0.076923 , 0.205128 , 3.618109
0.076923 , 0.230769 , 3.607334
0.076923 , 0.256410 , 3.595384
0.076923 , 0.282051 , 3.582368
0.076923 , 0.307692 , 3.568917
0.076923 , 0.333333 , 3.555305
0.076923 , 0.358974 , 3.541128
0.076923 , 0.384615 , 3.526638
0.076923 , 0.410256 , 3.511187
0.076923 , 0.435897 , 3.493971
0.076923 , 0.461538 , 3.477486
0.076923 , 0.487179 , 3.460739
0.076923 , 0.512821 , 3.443664
0.076923 , 0.538462 , 3.425890
0.076923 , 0.564103 , 3.408696
0.076923 , 0.589744 , 3.392570
0.076923 , 0.615385 , 3.376386
0.076923 , 0.641026 , 3.361627
0.076923 , 0.666667 , 3.347636
0.076923 , 0.692308 , 3.334110
0.076923 , 0.717949 , 3.321606
0.076923 , 0.743590 , 3.310161
0.076923 , 0.769231 , 3.300724
0.076923 , 0.794872 , 3.292694
0.076923 , 0.820513 , 3.284443
0.076923 , 0.846154 , 3.277907
0.076923 , 0.871795 , 3.272620
0.076923 , 0.897436 , 3.268867
0.076923 , 0.923077 , 3.265609
0.076923 , 0.948718 , 3.263705
0.076923 , 0.974359 , 3.262604
0.076923 , 1.000000 , 3.262467
0.102564 , 0.000000 , 3.531022
0.102564 , 0.025641 , 3.530472
0.102564 , 0.051282 , 3.529688
0.102564 , 0.076923 , 3.528175
0.102564 , 0.102564 , 3.525209
0.102564 , 0.128205 , 3.521066
0.102564 , 0.153846 , 3.515680
0.102564 , 0.179487 , 3.508394
0.102564 , 0.205128 , 3.498446
0.102564 , 0.230769 , 3.485123
0.102564 , 0.256410 , 3.468896
0.102564 , 0.282051 , 3.451970
0.102564 , 0.307692 , 3.434473
0.102564 , 0.333333 , 3.417130
0.102564 , 0.358974 , 3.398707
0.102564 , 0.384615 , 3.379004
0.102564 , 0.410256 , 3.357930
0.102564 , 0.435897 , 3.334296
0.102564 , 0.461538 , 3.311921
0.102564 , 0.487179 , 3.290503
0.102564 , 0.512821 , 3.267263
0.102564 , 0.538462 , 3.244957
0.102564 , 0.564103 , 3.222965
0.102564 , 0.589744 , 3.201291
0.102564 , 0.615385 , 3.179938
0.102564 , 0.641026 , 3.160227
0.102564 , 0.666667 , 3.141131
0.102564 , 0.692308 , 3.123364
0.102564 , 0.717949 , 3.107003
0.102564 , 0.743590 , 3.091726
0.102564 , 0.769231 , 3.078495
0.102564 , 0.794872 , 3.067795
0.102564 , 0.820513 , 3.057487
0.102564 , 0.846154 , 3.048604
0.102564 , 0.871795 , 3.041542
0.102564 , 0.897436 , 3.036451
0.102564 , 0.923077 , 3.033207
0.102564 , 0.948718 , 3.030140
0.102564 , 0.974359 , 3.027145
0.102564 , 1.000000 , 3.026754
0.128205 , 0.000000 , 3.419174
0.128205 , 0.025641 , 3.418943
0.128205 , 0.051282 , 3.417311
0.128205 , 0.076923 , 3.414962
0.128205 , 0.102564 , 3.411975
0.128205 , 0.128205 , 3.406605
0.128205 , 0.153846 , 3.399955
0.128205 , 0.179487 , 3.390687
0.128205 , 0.205128 , 3.378565
0.128205 , 0.230769 , 3.363192
0.128205 , 0.256410 , 3.344655
0.128205 , 0.282051 , 3.324135
0.128205 , 0.307692 , 3.302469
0.128205 , 0.333333 , 3.280469
0.128205 , 0.358974 , 3.256658
0.128205 , 0.384615 , 3.231500
0.128205 , 0.410256 , 3.205463
0.128205 , 0.435897 , 3.177021
0.128205 , 0.461538 , 3.148149
0.128205 , 0.487179 , 3.121065
0.128205 , 0.512821 , 3.092758
0.128205 , 0.538462 , 3.065110
0.128205 , 0.564103 , 3.038119
0.128205 , 0.589744 , 3.011373
0.128205 , 0.615385 , 2.985183
0.128205 , 0.641026 , 2.960432
0.128205 , 0.666667 , 2.936914
0.128205 , 0.692308 , 2.914166
0.128205 , 0.717949 , 2.893573
0.128205 , 0.743590 , 2.875054
0.128205 , 0.769231 , 2.859088
0.128205 , 0.794872 , 2.844728
0.128205 , 0.820513 , 2.832661
0.128205 , 0.846154 , 2.822092
0.128205 , 0.871795 , 2.812588
0.128205 , 0.897436 , 2.805407
0.128205 , 0.923077 , 2.800100
0.128205 , 0.948718 , 2.796262
0.128205 , 0.974359 , 2.793492
0.128205 , 1.000000 , 2.791990
0.153846 , 0.000000 , 3.307184
0.153846 , 0.025641 , 3.306953
0.153846 , 0.051282 , 3.305847
0.153846 , 0.076923 , 3.302870
0.153846 , 0.102564 , 3.298946
0.153846 , 0.128205 , 3.292969
0.153846 , 0.153846 , 3.284516
0.153846 , 0.179487 , 3.273017
0.153846 , 0.205128 , 3.258480
0.153846 , 0.230769 , 3.240799
0.153846 , 0.256410 , 3.220310
0.153846 , 0.282051 , 3.197179
0.153846 , 0.307692 , 3.171444
0.153846 , 0.333333 , 3.144420
0.153846 , 0.358974 , 3.115750
0.153846 , 0.384615 , 3.084792
0.153846 , 0.410256 , 3.053981
0.153846 , 0.435897 , 3.021015
0.153846 , 0.461538 , 2.987012
0.153846 , 0.487179 , 2.953759
0.153846 , 0.512821 , 2.920139
0.153846 , 0.538462 , 2.887202
0.153846 , 0.564103 , 2.854623
0.153846 , 0.589744 , 2.822688
0.153846 , 0.615385 , 2.791379
0.153846 , 0.641026 , 2.761475
0.153846 , 0.666667 , 2.733493
0.153846 , 0.692308 , 2.706945
0.153846 , 0.717949 , 2.682867
0.153846 , 0.743590 , 2.661035
0.153846 , 0.769231 , 2.641449
0.153846 , 0.794872 , 2.624274
0.153846 , 0.820513 , 2.609016
0.153846 , 0.846154 , 2.596655
0.153846 , 0.871795 , 2.584819
0.153846 , 0.897436 , 2.575813
0.153846 , 0.923077 , 2.569579
0.153846 , 0.948718 , 2.564197
0.153846 , 0.974359 , 2.560912
0.153846 , 1.000000 , 2.559807
0.179487 , 0.000000 , 3.196570
0.179487 , 0.025641 , 3.196564
0.179487 , 0.051282 , 3.195514
0.179487 , 0.076923 , 3.192276
0.179487 , 0.102564 , 3.187458
0.179487 , 0.128205 , 3.180066
0.179487 , 0.153846 , 3.169517
0.179487 , 0.179487 , 3.155142
0.179487 , 0.205128 , 3.138472
0.179487 , 0.230769 , 3.118452
0.179487 , 0.256410 , 3.095843
0.179487 , 0.282051 , 3.070115
0.179487 , 0.307692 , 3.040732
0.179487 , 0.333333 , 3.009106
0.179487 , 0.358974 , 2.975451
0.179487 , 0.384615 , 2.940224
0.179487 , 0.410256 , 2.903975
0.179487 , 0.435897 , 2.866529
0.179487 , 0.461538 , 2.827526
0.179487 , 0.487179 , 2.788594
0.179487 , 0.512821 , 2.750014
0.179487 , 0.538462 , 2.711278
0.179487 , 0.564103 , 2.673356
0.179487 , 0.589744 , 2.635712
0.179487 , 0.615385 , 2.599479
0.179487 , 0.641026 , 2.564932
0.179487 , 0.666667 , 2.532120
0.179487 , 0.692308 , 2.501592
0.179487 , 0.717949 , 2.473968
0.179487 , 0.743590 , 2.448756
0.179487 , 0.769231 , 2.426283
0.179487 , 0.794872 , 2.406122
0.179487 , 0.820513 , 2.388281
0.179487 , 0.846154 , 2.372653
0.179487 , 0.871795 , 2.359388
0.179487 , 0.897436 , 2.347642
0.179487 , 0.923077 , 2.340013
0.179487 , 0.948718 , 2.334690
0.179487 , 0.974359 , 2.330508
0.179487 , 1.000000 , 2.329316
0.205128 , 0.000000 , 3.089315
0.205128 , 0.025641 , 3.089155
0.205128 , 0.051282 , 3.087618
0.205128 , 0.076923 , 3.083461
0.205128 , 0.102564 , 3.077158
0.205128 , 0.128205 , 3.068192
0.205128 , 0.153846 , 3.055461
0.205128 , 0.179487 , 3.038617
0.205128 , 0.205128 , 3.019087
0.205128 , 0.230769 , 2.997459
0.205128 , 0.256410 , 2.972420
0.205128 , 0.282051 , 2.943672
0.205128 , 0.307692 , 2.910687
0.205128 , 0.333333 , 2.875332
0.205128 , 0.358974 , 2.837278
0.205128 , 0.384615 , 2.797691
0.205128 , 0.410256 , 2.756753
0.205128 , 0.435897 , 2.714283
0.205128 , 0.461538 , 2.670620
0.205128 , 0.487179 , 2.625870
0.205128 , 0.512821 , 2.582229
0.205128 , 0.538462 , 2.538171
0.205128 , 0.564103 , 2.494539
0.205128 , 0.589744 , 2.451366
0.205128 , 0.615385 , 2.409750
0.205128 , 0.641026 , 2.370413
0.205128 , 0.666667 , 2.333437
0.205128 , 0.692308 , 2.298885
0.205128 , 0.717949 , 2.267712
0.205128 , 0.743590 , 2.238463
0.205128 , 0.769231 , 2.212064
0.205128 , 0.794872 , 2.189288
0.205128 , 0.820513 , 2.169088
0.205128 , 0.846154 , 2.151249
0.205128 , 0.871795 , 2.136328
0.205128 , 0.897436 , 2.122568
0.205128 , 0.923077 , 2.112751
0.205128 , 0.948718 , 2.107244
0.205128 , 0.974359 , 2.102994
0.205128 , 1.000000 , 2.102045
0.230769 , 0.000000 , 2.985352
0.230769 , 0.025641 , 2.984885
0.230769 , 0.051282 , 2.982537
0.230769 , 0.076923 , 2.977419
0.230769 , 0.102564 , 2.969687
0.230769 , 0.128205 , 2.958886
0.230769 , 0.153846 , 2.943849
0.230769 , 0.179487 , 2.924462
0.230769 , 0.205128 , 2.902532
0.230769 , 0.230769 , 2.878384
0.230769 , 0.256410 , 2.850269
0.230769 , 0.282051 , 2.818021
0.230769 , 0.307692 , 2.781663
0.230769 , 0.333333 , 2.742300
0.230769 , 0.358974 , 2.700692
0.230769 , 0.384615 , 2.657068
0.230769 , 0.410256 , 2.611069
0.230769 , 0.435897 , 2.564115
0.230769 , 0.461538 , 2.515656
0.230769 , 0.487179 , 2.466498
0.230769 , 0.512821 , 2.417304
0.230769 , 0.538462 , 2.367905
0.230769 , 0.564103 , 2.318712
0.230769 , 0.589744 , 2.270557
0.230769 , 0.615385 , 2.225237
0.230769 , 0.641026 , 2.181396
0.230769 , 0.666667 , 2.139217
0.230769 , 0.692308 , 2.099834
0.230769 , 0.717949 , 2.063607
0.230769 , 0.743590 , 2.031190
0.230769 , 0.769231 , 2.001639
0.230769 , 0.794872 , 1.974156
0.230769 , 0.820513 , 1.951045
0.230769 , 0.846154 , 1.931880
0.230769 , 0.871795 , 1.915354
0.230769 , 0.897436 , 1.900601
0.230769 , 0.923077 , 1.889061
0.230769 , 0.948718 , 1.881581
0.230769 , 0.974359 , 1.877411
0.230769 , 1.000000 , 1.876355
0.256410 , 0.000000 , 2.884947
0.256410 , 0.025641 , 2.884146
0.256410 , 0.051282 , 2.880878
0.256410 , 0.076923 , 2.874312
0.256410 , 0.102564 , 2.864930
0.256410 , 0.128205 , 2.852152
0.256410 , 0.153846 , 2.835319
0.256410 , 0.179487 , 2.813799
0.256410 , 0.205128 , 2.788854
0.256410 , 0.230769 , 2.761947
0.256410 , 0.256410 , 2.730940
0.256410 , 0.282051 , 2.695122
0.256410 , 0.307692 , 2.655796
0.256410 , 0.333333 , 2.612597
0.256410 , 0.358974 , 2.566576
0.256410 , 0.384615 , 2.518676
0.256410 , 0.410256 , 2.468381
0.256410 , 0.435897 , 2.417073
0.256410 , 0.461538 , 2.363965
0.256410 , 0.487179 , 2.310279
0.256410 , 0.512821 , 2.255892
0.256410 , 0.538462 , 2.200903
0.256410 , 0.564103 , 2.146480
0.256410 , 0.589744 , 2.093236
0.256410 , 0.615385 , 2.042908
0.256410 , 0.641026 , 1.994845
0.256410 , 0.666667 , 1.948149
0.256410 , 0.692308 , 1.904587
0.256410 , 0.717949 , 1.863310
0.256410 , 0.743590 , 1.826336
0.256410 , 0.769231 , 1.793765
0.256410 , 0.794872 , 1.763820
0.256410 , 0.820513 , 1.736810
0.256410 , 0.846154 , 1.714797
0.256410 , 0.871795 , 1.696448
0.256410 , 0.897436 , 1.680760
0.256410 , 0.923077 , 1.667588
0.256410 , 0.948718 , 1.658944
0.256410 , 0.974359 , 1.654425
0.256410 , 1.000000 , 1.652779
0.282051 , 0.000000 , 2.788148
0.282051 , 0.025641 , 2.787341
0.282051 , 0.051282 , 2.784030
0.282051 , 0.076923 , 2.776569
0.282051 , 0.102564 , 2.765116
0.282051 , 0.128205 , 2.750183
0.282051 , 0.153846 , 2.730794
0.282051 , 0.179487 , 2.706860
0.282051 , 0.205128 , 2.679353
0.282051 , 0.230769 , 2.648468
0.282051 , 0.256410 , 2.614334
0.282051 , 0.282051 , 2.575492
0.282051 , 0.307692 , 2.533133
0.282051 , 0.333333 , 2.486442
0.282051 , 0.358974 , 2.436537
0.282051 , 0.384615 , 2.384288
0.282051 , 0.410256 , 2.329738
0.282051 , 0.435897 , 2.273781
0.282051 , 0.461538 , 2.216079
0.282051 , 0.487179 , 2.157254
0.282051 , 0.512821 , 2.097653
0.282051 , 0.538462 , 2.037569
0.282051 , 0.564103 , 1.978179
0.282051 , 0.589744 , 1.920347
0.282051 , 0.615385 , 1.864400
0.282051 , 0.641026 , 1.810977
0.282051 , 0.666667 , 1.760321
0.282051 , 0.692308 , 1.712443
0.282051 , 0.717949 , 1.667192
0.282051 , 0.743590 , 1.625774
0.282051 , 0.769231 , 1.588794
0.282051 , 0.794872 , 1.556222
0.282051 , 0.820513 , 1.526279
0.282051 , 0.846154 , 1.501025
0.282051 , 0.871795 , 1.480336
0.282051 , 0.897436 , 1.463085
0.282051 , 0.923077 , 1.448457
0.282051 , 0.948718 , 1.438436
0.282051 , 0.974359 , 1.433776
0.282051 , 1.000000 , 1.432342
0.307692 , 0.000000 , 2.696979
0.307692 , 0.025641 , 2.696119
0.307692 , 0.051282 , 2.692366
0.307692 , 0.076923 , 2.683661
0.307692 , 0.102564 , 2.670442
0.307692 , 0.128205 , 2.653140
0.307692 , 0.153846 , 2.631327
0.307692 , 0.179487 , 2.604166
0.307692 , 0.205128 , 2.573376
0.307692 , 0.230769 , 2.539090
0.307692 , 0.256410 , 2.501152
0.307692 , 0.282051 , 2.459205
0.307692 , 0.307692 , 2.414201
0.307692 , 0.333333 , 2.363865
0.307692 , 0.358974 , 2.310336
0.307692 , 0.384615 , 2.253825
0.307692 , 0.410256 , 2.194890
0.307692 , 0.435897 , 2.134319
0.307692 , 0.461538 , 2.071961
0.307692 , 0.487179 , 2.007636
0.307692 , 0.512821 , 1.943406
0.307692 , 0.538462 , 1.878650
0.307692 , 0.564103 , 1.814478
0.307692 , 0.589744 , 1.751617
0.307692 , 0.615385 , 1.690789
0.307692 , 0.641026 , 1.632509
0.307692 , 0.666667 , 1.576793
0.307692 , 0.692308 , 1.524043
0.307692 , 0.717949 , 1.474365
0.307692 , 0.743590 , 1.429133
0.307692 , 0.769231 , 1.388358
0.307692 , 0.794872 , 1.352221
0.307692 , 0.820513 , 1.318818
0.307692 , 0.846154 , 1.290301
0.307692 , 0.871795 , 1.267108
0.307692 , 0.897436 , 1.247830
0.307692 , 0.923077 , 1.231997
0.307692 , 0.948718 , 1.220914
0.307692 , 0.974359 , 1.215764
0.307692 , 1.000000 , 1.214493
0.333333 , 0.000000 , 2.612878
0.333333 , 0.025641 , 2.611157
0.333333 , 0.051282 , 2.606209
0.333333 , 0.076923 , 2.595999
0.333333 , 0.102564 , 2.580855
0.333333 , 0.128205 , 2.561090
0.333333 , 0.153846 , 2.536122
0.333333 , 0.179487 , 2.506213
0.333333 , 0.205128 , 2.472416
0.333333 , 0.230769 , 2.434667
0.333333 , 0.256410 , 2.393518
0.333333 , 0.282051 , 2.347709
0.333333 , 0.307692 , 2.298334
0.333333 , 0.333333 , 2.244499
0.333333 , 0.358974 , 2.187050
0.333333 , 0.384615 , 2.126694
0.333333 , 0.410256 , 2.063091
0.333333 , 0.435897 , 1.997835
0.333333 , 0.461538 , 1.930966
0.333333 , 0.487179 , 1.861689
0.333333 , 0.512821 , 1.792641
0.333333 , 0.538462 , 1.723594
0.333333 , 0.564103 , 1.654860
0.333333 , 0.589744 , 1.586930
0.333333 , 0.615385 , 1.521006
0.333333 , 0.641026 , 1.458117
0.333333 , 0.666667 , 1.397823
0.333333 , 0.692308 , 1.340822
0.333333 , 0.717949 , 1.286610
0.333333 , 0.743590 , 1.236576
0.333333 , 0.769231 , 1.191362
0.333333 , 0.794872 , 1.151529
0.333333 , 0.820513 , 1.115108
0.333333 , 0.846154 , 1.083104
0.333333 , 0.871795 , 1.057241
0.333333 , 0.897436 , 1.036468
0.333333 , 0.923077 , 1.019382
0.333333 , 0.948718 , 1.007164
0.333333 , 0.974359 , 1.001372
0.333333 , 1.000000 , 0.999623
0.358974 , 0.000000 , 2.535047
0.358974 , 0.025641 , 2.532804
0.358974 , 0.051282 , 2.526183
0.358974 , 0.076923 , 2.514711
0.358974 , 0.102564 , 2.497202
0.358974 , 0.128205 , 2.474584
0.358974 , 0.153846 , 2.446381
0.358974 , 0.179487 , 2.412993
0.358974 , 0.205128 , 2.375800
0.358974 , 0.230769 , 2.334516
0.358974 , 0.256410 , 2.289098
0.358974 , 0.282051 , 2.239534
0.358974 , 0.307692 , 2.186716
0.358974 , 0.333333 , 2.129340
0.358974 , 0.358974 , 2.067712
0.358974 , 0.384615 , 2.003330
0.358974 , 0.410256 , 1.935258
0.358974 , 0.435897 , 1.865071
0.358974 , 0.461538 , 1.793609
0.358974 , 0.487179 , 1.720164
0.358974 , 0.512821 , 1.646085
0.358974 , 0.538462 , 1.572432
0.358974 , 0.564103 , 1.498778
0.358974 , 0.589744 , 1.426089
0.358974 , 0.615385 , 1.354885
0.358974 , 0.641026 , 1.287073
0.358974 , 0.666667 , 1.222909
0.358974 , 0.692308 , 1.161652
0.358974 , 0.717949 , 1.103109
0.358974 , 0.743590 , 1.048548
0.358974 , 0.769231 , 0.998025
0.358974 , 0.794872 , 0.953556
0.358974 , 0.820513 , 0.914074
0.358974 , 0.846154 , 0.878897
0.358974 , 0.871795 , 0.849836
0.358974 , 0.897436 , 0.826548
0.358974 , 0.923077 , 0.808464
0.358974 , 0.948718 , 0.795451
0.358974 , 0.974359 , 0.788998
0.358974 , 1.000000 , 0.787351
0.384615 , 0.000000 , 2.464046
0.384615 , 0.025641 , 2.461316
0.384615 , 0.051282 , 2.453185
0.384615 , 0.076923 , 2.439827
0.384615 , 0.102564 , 2.420194
0.384615 , 0.128205 , 2.394335
0.384615 , 0.153846 , 2.363384
0.384615 , 0.179487 , 2.326886
0.384615 , 0.205128 , 2.286848
0.384615 , 0.230769 , 2.242191
0.384615 , 0.256410 , 2.192510
0.384615 , 0.282051 , 2.137795
0.384615 , 0.307692 , 2.080705
0.384615 , 0.333333 , 2.019602
0.384615 , 0.358974 , 1.953500
0.384615 , 0.384615 , 1.884209
0.384615 , 0.410256 , 1.811661
0.384615 , 0.435897 , 1.736480
0.384615 , 0.461538 , 1.660064
0.384615 , 0.487179 , 1.582288
0.384615 , 0.512821 , 1.503144
0.384615 , 0.538462 , 1.424252
0.384615 , 0.564103 , 1.345767
0.384615 , 0.589744 , 1.267968
0.384615 , 0.615385 , 1.192025
0.384615 , 0.641026 , 1.119793
0.384615 , 0.666667 , 1.051323
0.384615 , 0.692308 , 0.986077
0.384615 , 0.717949 , 0.922685
0.384615 , 0.743590 , 0.864019
0.384615 , 0.769231 , 0.809102
0.384615 , 0.794872 , 0.759347
0.384615 , 0.820513 , 0.715619
0.384615 , 0.846154 , 0.677691
0.384615 , 0.871795 , 0.646015
0.384615 , 0.897436 , 0.620501
0.384615 , 0.923077 , 0.600105
0.384615 , 0.948718 , 0.586362
0.384615 , 0.974359 , 0.579088
0.384615 , 1.000000 , 0.576626
0.410256 , 0.000000 , 2.401162
0.410256 , 0.025641 , 2.397342
0.410256 , 0.051282 , 2.387697
0.410256 , 0.076923 , 2.372640
0.410256 , 0.102564 , 2.350347
0.410256 , 0.128205 , 2.321734
0.410256 , 0.153846 , 2.287571
0.410256 , 0.179487 , 2.247738
0.410256 , 0.205128 , 2.204135
0.410256 , 0.230769 , 2.156411
0.410256 , 0.256410 , 2.103246
0.410256 , 0.282051 , 2.044182
0.410256 , 0.307692 , 1.981430
0.410256 , 0.333333 , 1.915422
0.410256 , 0.358974 , 1.844448
0.410256 , 0.384615 , 1.770238
0.410256 , 0.410256 , 1.692924
0.410256 , 0.435897 , 1.612690
0.410256 , 0.461538 , 1.531134
0.410256 , 0.487179 , 1.448097
0.410256 , 0.512821 , 1.363666
0.410256 , 0.538462 , 1.279218
0.410256 , 0.564103 , 1.195744
0.410256 , 0.589744 , 1.113482
0.410256 , 0.615385 , 1.032780
0.410256 , 0.641026 , 0.955721
0.410256 , 0.666667 , 0.881816
0.410256 , 0.692308 , 0.811720
0.410256 , 0.717949 , 0.744179
0.410256 , 0.743590 , 0.680773
0.410256 , 0.769231 , 0.621488
0.410256 , 0.794872 , 0.568110
0.410256 , 0.820513 , 0.520303
0.410256 , 0.846154 , 0.479169
0.410256 , 0.871795 , 0.445107
0.410256 , 0.897436 , 0.417220
0.410256 , 0.923077 , 0.395054
0.410256 , 0.948718 , 0.379517
0.410256 , 0.974359 , 0.371653
0.410256 , 1.000000 , 0.369069
0.435897 , 0.000000 , 2.346134
0.435897 , 0.025641 , 2.341860
0.435897 , 0.051282 , 2.330634
0.435897 , 0.076923 , 2.313877
0.435897 , 0.102564 , 2.289044
0.435897 , 0.128205 , 2.258255
0.435897 , 0.153846 , 2.220758
0.435897 , 0.179487 , 2.176921
0.435897 , 0.205128 , 2.128936
0.435897 , 0.230769 , 2.076757
0.435897 , 0.256410 , 2.019449
0.435897 , 0.282051 , 1.957007
0.435897 , 0.307692 , 1.889158
0.435897 , 0.333333 , 1.817119
0.435897 , 0.358974 , 1.741232
0.435897 , 0.384615 , 1.662038
0.435897 , 0.410256 , 1.579689
0.435897 , 0.435897 , 1.494375
0.435897 , 0.461538 , 1.407103
0.435897 , 0.487179 , 1.318057
0.435897 , 0.512821 , 1.227978
0.435897 , 0.538462 , 1.138346
0.435897 , 0.564103 , 1.049555
0.435897 , 0.589744 , 0.962473
0.435897 , 0.615385 , 0.877029
0.435897 , 0.641026 , 0.795347
0.435897 , 0.666667 , 0.716536
0.435897 , 0.692308 , 0.640334
0.435897 , 0.717949 , 0.568012
0.435897 , 0.743590 , 0.500913
0.435897 , 0.769231 , 0.436901
0.435897 , 0.794872 , 0.379316
0.435897 , 0.820513 , 0.328229
0.435897 , 0.846154 , 0.283602
0.435897 , 0.871795 , 0.246293
0.435897 , 0.897436 , 0.215959
0.435897 , 0.923077 , 0.192076
0.435897 , 0.948718 , 0.175101
0.435897 , 0.974359 , 0.165941
0.435897 , 1.000000 , 0.162976
0.461538 , 0.000000 , 2.299396
0.461538 , 0.025641 , 2.295008
0.461538 , 0.051282 , 2.282779
0.461538 , 0.076923 , 2.263969
0.461538 , 0.102564 , 2.236598
0.461538 , 0.128205 , 2.202858
0.461538 , 0.153846 , 2.162279
0.461538 , 0.179487 , 2.114993
0.461538 , 0.205128 , 2.063128
0.461538 , 0.230769 , 2.006596
0.461538 , 0.256410 , 1.944510
0.461538 , 0.282051 , 1.876906
0.461538 , 0.307692 , 1.804162
0.461538 , 0.333333 , 1.726503
0.461538 , 0.358974 , 1.644954
0.461538 , 0.384615 , 1.559991
0.461538 , 0.410256 , 1.471706
0.461538 , 0.435897 , 1.380488
0.461538 , 0.461538 , 1.287470
0.461538 , 0.487179 , 1.192679
0.461538 , 0.512821 , 1.097077
0.461538 , 0.538462 , 1.001759
0.461538 , 0.564103 , 0.907654
0.461538 , 0.589744 , 0.815090
0.461538 , 0.615385 , 0.724568
0.461538 , 0.641026 , 0.637078
0.461538 , 0.666667 , 0.553099
0.461538 , 0.692308 , 0.471577
0.461538 , 0.717949 , 0.394397
0.461538 , 0.743590 , 0.322486
0.461538 , 0.769231 , 0.254421
0.461538 , 0.794872 , 0.192468
0.461538 , 0.820513 , 0.138223
0.461538 , 0.846154 , 0.090880
0.461538 , 0.871795 , 0.051144
0.461538 , 0.897436 , 0.018052
0.461538 , 0.923077 , -0.007823
0.461538 , 0.948718 , -0.026492
0.461538 , 0.974359 , -0.037472
0.461538 , 1.000000 , -0.040976
0.487179 , 0.000000 , 2.259841
0.487179 , 0.025641 , 2.256125
0.487179 , 0.051282 , 2.242776
0.487179 , 0.076923 , 2.221488
0.487179 , 0.102564 , 2.192435
0.487179 , 0.128205 , 2.155560
0.487179 , 0.153846 , 2.111051
0.487179 , 0.179487 , 2.060464
0.487179 , 0.205128 , 2.004809
0.487179 , 0.230769 , 1.944154
0.487179 , 0.256410 , 1.877936
0.487179 , 0.282051 , 1.804609
0.487179 , 0.307692 , 1.725834
0.487179 , 0.333333 , 1.642868
0.487179 , 0.358974 , 1.555426
0.487179 , 0.384615 , 1.464109
0.487179 , 0.410256 , 1.369276
0.487179 , 0.435897 , 1.271890
0.487179 , 0.461538 , 1.172517
0.487179 , 0.487179 , 1.071813
0.487179 , 0.512821 , 0.970598
0.487179 , 0.538462 , 0.869657
0.487179 , 0.564103 , 0.770066
0.487179 , 0.589744 , 0.671761
0.487179 , 0.615385 , 0.575527
0.487179 , 0.641026 , 0.481449
0.487179 , 0.666667 , 0.391506
0.487179 , 0.692308 , 0.304549
0.487179 , 0.717949 , 0.222634
0.487179 , 0.743590 , 0.145809
0.487179 , 0.769231 , 0.073805
0.487179 , 0.794872 , 0.007817
0.487179 , 0.820513 , -0.050017
0.487179 , 0.846154 , -0.100191
0.487179 , 0.871795 , -0.142187
0.487179 , 0.897436 , -0.177351
0.487179 , 0.923077 , -0.205217
0.487179 , 0.948718 , -0.225367
0.487179 , 0.974359 , -0.237335
0.487179 , 1.000000 , -0.241532
0.512821 , 0.000000 , 2.229399
0.512821 , 0.025641 , 2.225174
0.512821 , 0.051282 , 2.211330
0.512821 , 0.076923 , 2.188292
0.512821 , 0.102564 , 2.156911
0.512821 , 0.128205 , 2.117889
0.512821 , 0.153846 , 2.070865
0.512821 , 0.179487 , 2.015722
0.512821 , 0.205128 , 1.955815
0.512821 , 0.230769 , 1.890746
0.512821 , 0.256410 , 1.819010
0.512821 , 0.282051 , 1.739924
0.512821 , 0.307692 , 1.655813
0.512821 , 0.333333 , 1.567081
0.512821 , 0.358974 , 1.473135
0.512821 , 0.384615 , 1.375455
0.512821 , 0.410256 , 1.274018
0.512821 , 0.435897 , 1.169764
0.512821 , 0.461538 , 1.063802
0.512821 , 0.487179 , 0.956767
0.512821 , 0.512821 , 0.849349
0.512821 , 0.538462 , 0.742030
0.512821 , 0.564103 , 0.635773
0.512821 , 0.589744 , 0.531782
0.512821 , 0.615385 , 0.429792
0.512821 , 0.641026 , 0.329743
0.512821 , 0.666667 , 0.233652
0.512821 , 0.692308 , 0.141537
0.512821 , 0.717949 , 0.054301
0.512821 , 0.743590 , -0.028080
0.512821 , 0.769231 , -0.104094
0.512821 , 0.794872 , -0.173857
0.512821 , 0.820513 , -0.235990
0.512821 , 0.846154 , -0.289226
0.512821 , 0.871795 , -0.333598
0.512821 , 0.897436 , -0.371316
0.512821 , 0.923077 , -0.401187
0.512821 , 0.948718 , -0.422602
0.512821 , 0.974359 , -0.434914
0.512821 , 1.000000 , -0.439759
0.538462 , 0.000000 , 2.209246
0.538462 , 0.025641 , 2.203867
0.538462 , 0.051282 , 2.189432
0.538462 , 0.076923 , 2.166074
0.538462 , 0.102564 , 2.132442
0.538462 , 0.128205 , 2.090376
0.538462 , 0.153846 , 2.040679
0.538462 , 0.179487 , 1.981936
0.538462 , 0.205128 , 1.916839
0.538462 , 0.230769 , 1.846126
0.538462 , 0.256410 , 1.768675
0.538462 , 0.282051 , 1.684253
0.538462 , 0.307692 , 1.594048
0.538462 , 0.333333 , 1.498892
0.538462 , 0.358974 , 1.398298
0.538462 , 0.384615 , 1.293885
0.538462 , 0.410256 , 1.185856
0.538462 , 0.435897 , 1.074848
0.538462 , 0.461538 , 0.961739
0.538462 , 0.487179 , 0.847547
0.538462 , 0.512821 , 0.732936
0.538462 , 0.538462 , 0.618830
0.538462 , 0.564103 , 0.506006
0.538462 , 0.589744 , 0.395398
0.538462 , 0.615385 , 0.287048
0.538462 , 0.641026 , 0.180848
0.538462 , 0.666667 , 0.078568
0.538462 , 0.692308 , -0.018334
0.538462 , 0.717949 , -0.110811
0.538462 , 0.743590 , -0.198877
0.538462 , 0.769231 , -0.279523
0.538462 , 0.794872 , -0.353027
0.538462 , 0.820513 , -0.418664
0.538462 , 0.846154 , -0.475434
0.538462 , 0.871795 , -0.523297
0.538462 , 0.897436 , -0.563335
0.538462 , 0.923077 , -0.595610
0.538462 , 0.948718 , -0.618112
0.538462 , 0.974359 , -0.631686
0.538462 , 1.000000 , -0.636223
0.564103 , 0.000000 , 2.198752
0.564103 , 0.025641 , 2.193359
0.564103 , 0.051282 , 2.177852
0.564103 , 0.076923 , 2.153499
0.564103 , 0.102564 , 2.118185
0.564103 , 0.128205 , 2.073711
0.564103 , 0.153846 , 2.020529
0.564103 , 0.179487 , 1.957631
0.564103 , 0.205128 , 1.887845
0.564103 , 0.230769 , 1.811358
0.564103 , 0.256410 , 1.727597
0.564103 , 0.282051 , 1.637287
0.564103 , 0.307692 , 1.540690
0.564103 , 0.333333 , 1.438858
0.564103 , 0.358974 , 1.331536
0.564103 , 0.384615 , 1.219756
0.564103 , 0.410256 , 1.104505
0.564103 , 0.435897 , 0.986006
0.564103 , 0.461538 , 0.865137
0.564103 , 0.487179 , 0.743828
0.564103 , 0.512821 , 0.621883
0.564103 , 0.538462 , 0.500169
0.564103 , 0.564103 , 0.379983
0.564103 , 0.589744 , 0.261982
0.564103 , 0.615385 , 0.147025
0.564103 , 0.641026 , 0.033901
0.564103 , 0.666667 , -0.074484
0.564103 , 0.692308 , -0.176903
0.564103 , 0.717949 , -0.273904
0.564103 , 0.743590 , -0.366661
0.564103 , 0.769231 , -0.451991
0.564103 , 0.794872 , -0.529067
0.564103 , 0.820513 , -0.598822
0.564103 , 0.846154 , -0.659470
0.564103 , 0.871795 , -0.710540
0.564103 , 0.897436 , -0.752996
0.564103 , 0.923077 , -0.787310
0.564103 , 0.948718 , -0.811688
0.564103 , 0.974359 , -0.826431
0.564103 , 1.000000 , -0.830856
0.589744 , 0.000000 , 2.198503
0.589744 , 0.025641 , 2.193157
0.589744 , 0.051282 , 2.177122
0.589744 , 0.076923 , 2.150707
0.589744 , 0.102564 , 2.112934
0.589744 , 0.128205 , 2.066324
0.589744 , 0.153846 , 2.010842
0.589744 , 0.179487 , 1.943925
0.589744 , 0.205128 , 1.868468
0.589744 , 0.230769 , 1.785474
0.589744 , 0.256410 , 1.695719
0.589744 , 0.282051 , 1.599206
0.589744 , 0.307692 , 1.496340
0.589744 , 0.333333 , 1.387366
0.589744 , 0.358974 , 1.272948
0.589744 , 0.384615 , 1.153568
0.589744 , 0.410256 , 1.030502
0.589744 , 0.435897 , 0.903739
0.589744 , 0.461538 , 0.774664
0.589744 , 0.487179 , 0.645233
0.589744 , 0.512821 , 0.516029
0.589744 , 0.538462 , 0.386197
0.589744 , 0.564103 , 0.257791
0.589744 , 0.589744 , 0.131641
0.589744 , 0.615385 , 0.009645
0.589744 , 0.641026 , -0.110425
0.589744 , 0.666667 , -0.224858
0.589744 , 0.692308 , -0.333461
0.589744 , 0.717949 , -0.435822
0.589744 , 0.743590 , -0.532677
0.589744 , 0.769231 , -0.621790
0.589744 , 0.794872 , -0.702951
0.589744 , 0.820513 , -0.776626
0.589744 , 0.846154 , -0.841177
0.589744 , 0.871795 , -0.896093
0.589744 , 0.897436 , -0.941096
0.589744 , 0.923077 , -0.976884
0.589744 , 0.948718 , -1.002639
0.589744 , 0.974359 , -1.018882
0.589744 , 1.000000 , -1.024114
0.615385 , 0.000000 , 2.208893
0.615385 , 0.025641 , 2.202880
0.615385 , 0.051282 , 2.185935
0.615385 , 0.076923 , 2.157658
0.615385 , 0.102564 , 2.117980
0.615385 , 0.128205 , 2.068845
0.615385 , 0.153846 , 2.010183
0.615385 , 0.179487 , 1.939968
0.615385 , 0.205128 , 1.858889
0.615385 , 0.230769 , 1.769718
0.615385 , 0.256410 , 1.673446
0.615385 , 0.282051 , 1.570805
0.615385 , 0.307692 , 1.461115
0.615385 , 0.333333 , 1.345276
0.615385 , 0.358974 , 1.223021
0.615385 , 0.384615 , 1.094960
0.615385 , 0.410256 , 0.963259
0.615385 , 0.435897 , 0.828174
0.615385 , 0.461538 , 0.691061
0.615385 , 0.487179 , 0.553298
0.615385 , 0.512821 , 0.415137
0.615385 , 0.538462 , 0.276896
0.615385 , 0.564103 , 0.140235
0.615385 , 0.589744 , 0.005867
0.615385 , 0.615385 , -0.124209
0.615385 , 0.641026 , -0.251025
0.615385 , 0.666667 , -0.372109
0.615385 , 0.692308 , -0.487008
0.615385 , 0.717949 , -0.594966
0.615385 , 0.743590 , -0.696493
0.615385 , 0.769231 , -0.789810
0.615385 , 0.794872 , -0.874504
0.615385 , 0.820513 , -0.951841
0.615385 , 0.846154 , -1.019840
0.615385 , 0.871795 , -1.077974
0.615385 , 0.897436 , -1.126543
0.615385 , 0.923077 , -1.163606
0.615385 , 0.948718 , -1.191254
0.615385 , 0.974359 , -1.208406
0.615385 , 1.000000 , -1.214068
0.641026 , 0.000000 , 2.228078
0.641026 , 0.025641 , 2.222096
0.641026 , 0.051282 , 2.204746
0.641026 , 0.076923 , 2.175080
0.641026 , 0.102564 , 2.133505
0.641026 , 0.128205 , 2.081232
0.641026 , 0.153846 , 2.018443
0.641026 , 0.179487 , 1.943905
0.641026 , 0.205128 , 1.859490
0.641026 , 0.230769 , 1.764853
0.641026 , 0.256410 , 1.662249
0.641026 , 0.282051 , 1.552555
0.641026 , 0.307692 , 1.435530
0.641026 , 0.333333 , 1.312081
0.641026 , 0.358974 , 1.181780
0.641026 , 0.384615 , 1.044852
0.641026 , 0.410256 , 0.903971
0.641026 , 0.435897 , 0.760325
0.641026 , 0.461538 , 0.614684
0.641026 , 0.487179 , 0.467786
0.641026 , 0.512821 , 0.319949
0.641026 , 0.538462 , 0.172746
0.641026 , 0.564103 , 0.027834
0.641026 , 0.589744 , -0.115093
0.641026 , 0.615385 , -0.254018
0.641026 , 0.641026 , -0.388378
0.641026 , 0.666667 , -0.515765
0.641026 , 0.692308 , -0.636862
0.641026 , 0.717949 , -0.751089
0.641026 , 0.743590 , -0.857282
0.641026 , 0.769231 , -0.955507
0.641026 , 0.794872 , -1.044886
0.641026 , 0.820513 , -1.125726
0.641026 , 0.846154 , -1.196767
0.641026 , 0.871795 , -1.257085
0.641026 , 0.897436 , -1.307635
0.641026 , 0.923077 , -1.347600
0.641026 , 0.948718 , -1.376777
0.641026 , 0.974359 , -1.394578
0.641026 , 1.000000 , -1.400140
0.666667 , 0.000000 , 2.257528
0.666667 , 0.025641 , 2.251042
0.666667 , 0.051282 , 2.232298
0.666667 , 0.076923 , 2.201849
0.666667 , 0.102564 , 2.157849
0.666667 , 0.128205 , 2.102501
0.666667 , 0.153846 , 2.036104
0.666667 , 0.179487 , 1.957160
0.666667 , 0.205128 , 1.868491
0.666667 , 0.230769 , 1.769279
0.666667 , 0.256410 , 1.660164
0.666667 , 0.282051 , 1.542904
0.666667 , 0.307692 , 1.418565
0.666667 , 0.333333 , 1.286549
0.666667 , 0.358974 , 1.148075
0.666667 , 0.384615 , 1.003022
0.666667 , 0.410256 , 0.853040
0.666667 , 0.435897 , 0.700280
0.666667 , 0.461538 , 0.545113
0.666667 , 0.487179 , 0.388813
0.666667 , 0.512821 , 0.231158
0.666667 , 0.538462 , 0.074121
0.666667 , 0.564103 , -0.080542
0.666667 , 0.589744 , -0.231792
0.666667 , 0.615385 , -0.379032
0.666667 , 0.641026 , -0.520647
0.666667 , 0.666667 , -0.655422
0.666667 , 0.692308 , -0.783095
0.666667 , 0.717949 , -0.903555
0.666667 , 0.743590 , -1.016036
0.666667 , 0.769231 , -1.119494
0.666667 , 0.794872 , -1.213672
0.666667 , 0.820513 , -1.297922
0.666667 , 0.846154 , -1.371542
0.666667 , 0.871795 , -1.435025
0.666667 , 0.897436 , -1.486564
0.666667 , 0.923077 , -1.528717
0.666667 , 0.948718 , -1.559036
0.666667 , 0.974359 , -1.577524
0.666667 , 1.000000 , -1.583396
0.692308 , 0.000000 , 2.293487
0.692308 , 0.025641 , 2.287870
0.692308 , 0.051282 , 2.268051
0.692308 , 0.076923 , 2.235793
0.692308 , 0.102564 , 2.189653
0.692308 , 0.128205 , 2.131499
0.692308 , 0.153846 , 2.061808
0.692308 , 0.179487 , 1.979679
0.692308 , 0.205128 , 1.886993
0.692308 , 0.230769 , 1.783266
0.692308 , 0.256410 , 1.667933
0.692308 , 0.282051 , 1.542526
0.692308 , 0.307692 , 1.410346
0.692308 , 0.333333 , 1.269947
0.692308 , 0.358974 , 1.122800
0.692308 , 0.384615 , 0.968705
0.692308 , 0.410256 , 0.809321
0.692308 , 0.435897 , 0.646815
0.692308 , 0.461538 , 0.481808
0.692308 , 0.487179 , 0.315293
0.692308 , 0.512821 , 0.148190
0.692308 , 0.538462 , -0.018712
0.692308 , 0.564103 , -0.183036
0.692308 , 0.589744 , -0.343451
0.692308 , 0.615385 , -0.498812
0.692308 , 0.641026 , -0.648189
0.692308 , 0.666667 , -0.790894
0.692308 , 0.692308 , -0.925665
0.692308 , 0.717949 , -1.051999
0.692308 , 0.743590 , -1.170014
0.692308 , 0.769231 , -1.279131
0.692308 , 0.794872 , -1.377843
0.692308 , 0.820513 , -1.465610
0.692308 , 0.846154 , -1.542168
0.692308 , 0.871795 , -1.608964
0.692308 , 0.897436 , -1.662925
0.692308 , 0.923077 , -1.706580
0.692308 , 0.948718 , -1.737935
0.692308 , 0.974359 , -1.757449
0.692308 , 1.000000 , -1.763900
0.717949 , 0.000000 , 2.337569
0.717949 , 0.025641 , 2.331073
0.717949 , 0.051282 , 2.310539
0.717949 , 0.076923 , 2.276534
0.717949 , 0.102564 , 2.228488
0.717949 , 0.128205 , 2.167274
0.717949 , 0.153846 , 2.094698
0.717949 , 0.179487 , 2.009675
0.717949 , 0.205128 , 1.912786
0.717949 , 0.230769 , 1.803844
0.717949 , 0.256410 , 1.682921
0.717949 , 0.282051 , 1.549977
0.717949 , 0.307692 , 1.410299
0.717949 , 0.333333 , 1.262000
0.717949 , 0.358974 , 1.105885
0.717949 , 0.384615 , 0.942012
0.717949 , 0.410256 , 0.773163
0.717949 , 0.435897 , 0.600217
0.717949 , 0.461538 , 0.424886
0.717949 , 0.487179 , 0.248194
0.717949 , 0.512821 , 0.070406
0.717949 , 0.538462 , -0.106461
0.717949 , 0.564103 , -0.280616
0.717949 , 0.589744 , -0.450532
0.717949 , 0.615385 , -0.615383
0.717949 , 0.641026 , -0.773162
0.717949 , 0.666667 , -0.923859
0.717949 , 0.692308 , -1.065395
0.717949 , 0.717949 , -1.197895
0.717949 , 0.743590 , -1.320782
0.717949 , 0.769231 , -1.434621
0.717949 , 0.794872 , -1.537330
0.717949 , 0.820513 , -1.629221
0.717949 , 0.846154 , -1.709848
0.717949 , 0.871795 , -1.779341
0.717949 , 0.897436 , -1.835115
0.717949 , 0.923077 , -1.879828
0.717949 , 0.948718 , -1.912516
0.717949 , 0.974359 , -1.933176
0.717949 , 1.000000 , -1.940319
0.743590 , 0.000000 , 2.388377
0.743590 , 0.025641 , 2.381020
0.743590 , 0.051282 , 2.359004
0.743590 , 0.076923 , 2.323599
0.743590 , 0.102564 , 2.273607
0.743590 , 0.128205 , 2.210115
0.743590 , 0.153846 , 2.135299
0.743590 , 0.179487 , 2.046631
0.743590 , 0.205128 , 1.944945
0.743590 , 0.230769 , 1.830983
0.743590 , 0.256410 , 1.704028
0.743590 , 0.282051 , 1.564534
0.743590 , 0.307692 , 1.417081
0.743590 , 0.333333 , 1.261524
0.743590 , 0.358974 , 1.096842
0.743590 , 0.384615 , 0.923522
0.743590 , 0.410256 , 0.744658
0.743590 , 0.435897 , 0.561099
0.743590 , 0.461538 , 0.374875
0.743590 , 0.487179 , 0.187357
0.743590 , 0.512821 , -0.000388
0.743590 , 0.538462 , -0.188229
0.743590 , 0.564103 , -0.372969
0.743590 , 0.589744 , -0.552970
0.743590 , 0.615385 , -0.726781
0.743590 , 0.641026 , -0.893429
0.743590 , 0.666667 , -1.051994
0.743590 , 0.692308 , -1.200900
0.743590 , 0.717949 , -1.339932
0.743590 , 0.743590 , -1.467880
0.743590 , 0.769231 , -1.586286
0.743590 , 0.794872 , -1.693678
0.743590 , 0.820513 , -1.788963
0.743590 , 0.846154 , -1.872793
0.743590 , 0.871795 , -1.944902
0.743590 , 0.897436 , -2.002041
0.743590 , 0.923077 , -2.048336
0.743590 , 0.948718 , -2.082090
0.743590 , 0.974359 , -2.103140
0.743590 , 1.000000 , -2.110409
0.769231 , 0.000000 , 2.442695
0.769231 , 0.025641 , 2.434846
0.769231 , 0.051282 , 2.412034
0.769231 , 0.076923 , 2.375479
0.769231 , 0.102564 , 2.323931
0.769231 , 0.128205 , 2.258250
0.769231 , 0.153846 , 2.180863
0.769231 , 0.179487 , 2.089309
0.769231 , 0.205128 , 1.982819
0.769231 , 0.230769 , 1.864245
0.769231 , 0.256410 , 1.731890
0.769231 , 0.282051 , 1.586356
0.769231 , 0.307692 , 1.432054
0.769231 , 0.333333 , 1.268385
0.769231 , 0.358974 , 1.094892
0.769231 , 0.384615 , 0.911599
0.769231 , 0.410256 , 0.723001
0.769231 , 0.435897 , 0.528310
0.769231 , 0.461538 , 0.331129
0.769231 , 0.487179 , 0.132400
0.769231 , 0.512821 , -0.066037
0.769231 , 0.538462 , -0.264273
0.769231 , 0.564103 , -0.459745
0.769231 , 0.589744 , -0.650680
0.769231 , 0.615385 , -0.833493
0.769231 , 0.641026 , -1.008291
0.769231 , 0.666667 , -1.174266
0.769231 , 0.692308 , -1.330271
0.769231 , 0.717949 , -1.476001
0.769231 , 0.743590 , -1.609653
0.769231 , 0.769231 , -1.733223
0.769231 , 0.794872 , -1.845039
0.769231 , 0.820513 , -1.944399
0.769231 , 0.846154 , -2.030830
0.769231 , 0.871795 , -2.104687
0.769231 , 0.897436 , -2.163498
0.769231 , 0.923077 , -2.211306
0.769231 , 0.948718 , -2.245986
0.769231 , 0.974359 , -2.266983
0.769231 , 1.000000 , -2.273703
0.794872 , 0.000000 , 2.497940
0.794872 , 0.025641 , 2.490274
0.794872 , 0.051282 , 2.467456
0.794872 , 0.076923 , 2.429899
0.794872 , 0.102564 , 2.377375
0.794872 , 0.128205 , 2.309576
0.794872 , 0.153846 , 2.229179
0.794872 , 0.179487 , 2.134073
0.794872 , 0.205128 , 2.024693
0.794872 , 0.230769 , 1.900995
0.794872 , 0.256410 , 1.764155
0.794872 , 0.282051 , 1.613725
0.794872 , 0.307692 , 1.452628
0.794872 , 0.333333 , 1.280655
0.794872 , 0.358974 , 1.099009
0.794872 , 0.384615 , 0.906119
0.794872 , 0.410256 , 0.707002
0.794872 , 0.435897 , 0.502197
0.794872 , 0.461538 , 0.294258
0.794872 , 0.487179 , 0.084557
0.794872 , 0.512821 , -0.124965
0.794872 , 0.538462 , -0.333711
0.794872 , 0.564103 , -0.539529
0.794872 , 0.589744 , -0.740666
0.794872 , 0.615385 , -0.933246
0.794872 , 0.641026 , -1.116289
0.794872 , 0.666667 , -1.289302
0.794872 , 0.692308 , -1.452729
0.794872 , 0.717949 , -1.605210
0.794872 , 0.743590 , -1.745320
0.794872 , 0.769231 , -1.874452
0.794872 , 0.794872 , -1.991026
0.794872 , 0.820513 , -2.093305
0.794872 , 0.846154 , -2.181825
0.794872 , 0.871795 , -2.257165
0.794872 , 0.897436 , -2.317679
0.794872 , 0.923077 , -2.366451
0.794872 , 0.948718 , -2.401757
0.794872 , 0.974359 , -2.422785
0.794872 , 1.000000 , -2.429345
0.820513 , 0.000000 , 2.553808
0.820513 , 0.025641 , 2.546285
0.820513 , 0.051282 , 2.523705
0.820513 , 0.076923 , 2.485252
0.820513 , 0.102564 , 2.431739
0.820513 , 0.128205 , 2.362623
0.820513 , 0.153846 , 2.279507
0.820513 , 0.179487 , 2.181816
0.820513 , 0.205128 , 2.068948
0.820513 , 0.230769 , 1.940824
0.820513 , 0.256410 , 1.799241
0.820513 , 0.282051 , 1.643955
0.820513 , 0.307692 , 1.476416
0.820513 , 0.333333 , 1.295701
0.820513 , 0.358974 , 1.104725
0.820513 , 0.384615 , 0.904619
0.820513 , 0.410256 , 0.696174
0.820513 , 0.435897 , 0.481135
0.820513 , 0.461538 , 0.262986
0.820513 , 0.487179 , 0.042665
0.820513 , 0.512821 , -0.177279
0.820513 , 0.538462 , -0.396569
0.820513 , 0.564103 , -0.612566
0.820513 , 0.589744 , -0.822783
0.820513 , 0.615385 , -1.023895
0.820513 , 0.641026 , -1.215138
0.820513 , 0.666667 , -1.396053
0.820513 , 0.692308 , -1.566950
0.820513 , 0.717949 , -1.726185
0.820513 , 0.743590 , -1.872830
0.820513 , 0.769231 , -2.006412
0.820513 , 0.794872 , -2.126821
0.820513 , 0.820513 , -2.232195
0.820513 , 0.846154 , -2.323373
0.820513 , 0.871795 , -2.399808
0.820513 , 0.897436 , -2.462200
0.820513 , 0.923077 , -2.510955
0.820513 , 0.948718 , -2.546874
0.820513 , 0.974359 , -2.568487
0.820513 , 1.000000 , -2.575322
0.846154 , 0.000000 , 2.609445
0.846154 , 0.025641 , 2.601732
0.846154 , 0.051282 , 2.578603
0.846154 , 0.076923 , 2.539863
0.846154 , 0.102564 , 2.485416
0.846154 , 0.128205 , 2.415722
0.846154 , 0.153846 , 2.330263
0.846154 , 0.179487 , 2.229437
0.846154 , 0.205128 , 2.113847
0.846154 , 0.230769 , 1.982179
0.846154 , 0.256410 , 1.836592
0.846154 , 0.282051 , 1.675578
0.846154 , 0.307692 , 1.501095
0.846154 , 0.333333 , 1.313411
0.846154 , 0.358974 , 1.114213
0.846154 , 0.384615 , 0.906449
0.846154 , 0.410256 , 0.689475
0.846154 , 0.435897 , 0.465037
0.846154 , 0.461538 , 0.236825
0.846154 , 0.487179 , 0.006655
0.846154 , 0.512821 , -0.223297
0.846154 , 0.538462 , -0.452514
0.846154 , 0.564103 , -0.677750
0.846154 , 0.589744 , -0.896841
0.846154 , 0.615385 , -1.106532
0.846154 , 0.641026 , -1.305759
0.846154 , 0.666667 , -1.494413
0.846154 , 0.692308 , -1.671692
0.846154 , 0.717949 , -1.836225
0.846154 , 0.743590 , -1.987847
0.846154 , 0.769231 , -2.125591
0.846154 , 0.794872 , -2.249242
0.846154 , 0.820513 , -2.358308
0.846154 , 0.846154 , -2.451645
0.846154 , 0.871795 , -2.530110
0.846154 , 0.897436 , -2.594216
0.846154 , 0.923077 , -2.644426
0.846154 , 0.948718 , -2.680052
0.846154 , 0.974359 , -2.701115
0.846154 , 1.000000 , -2.708509
0.871795 , 0.000000 , 2.661801
0.871795 , 0.025641 , 2.653995
0.871795 , 0.051282 , 2.630660
0.871795 , 0.076923 , 2.591221
0.871795 , 0.102564 , 2.536199
0.871795 , 0.128205 , 2.465603
0.871795 , 0.153846 , 2.378628
0.871795 , 0.179487 , 2.275660
0.871795 , 0.205128 , 2.156968
0.871795 , 0.230769 , 2.022582
0.871795 , 0.256410 , 1.873042
0.871795 , 0.282051 , 1.708071
0.871795 , 0.307692 , 1.527206
0.871795 , 0.333333 , 1.333122
0.871795 , 0.358974 , 1.127373
0.871795 , 0.384615 , 0.911613
0.871795 , 0.410256 , 0.686118
0.871795 , 0.435897 , 0.453291
0.871795 , 0.461538 , 0.216141
0.871795 , 0.487179 , -0.023412
0.871795 , 0.512821 , -0.262197
0.871795 , 0.538462 , -0.500287
0.871795 , 0.564103 , -0.734473
0.871795 , 0.589744 , -0.961268
0.871795 , 0.615385 , -1.179068
0.871795 , 0.641026 , -1.386192
0.871795 , 0.666667 , -1.582272
0.871795 , 0.692308 , -1.766134
0.871795 , 0.717949 , -1.936759
0.871795 , 0.743590 , -2.092261
0.871795 , 0.769231 , -2.233527
0.871795 , 0.794872 , -2.360041
0.871795 , 0.820513 , -2.471542
0.871795 , 0.846154 , -2.566780
0.871795 , 0.871795 , -2.646987
0.871795 , 0.897436 , -2.711983
0.871795 , 0.923077 , -2.763088
0.871795 , 0.948718 , -2.799305
0.871795 , 0.974359 , -2.819924
0.871795 , 1.000000 , -2.827078
0.897436 , 0.000000 , 2.708676
0.897436 , 0.025641 , 2.700540
0.897436 , 0.051282 , 2.677174
0.897436 , 0.076923 , 2.637758
0.897436 , 0.102564 , 2.582244
0.897436 , 0.128205 , 2.510596
0.897436 , 0.153846 , 2.422519
0.897436 , 0.179487 , 2.317673
0.897436 , 0.205128 , 2.196720
0.897436 , 0.230769 , 2.058936
0.897436 , 0.256410 , 1.905134
0.897436 , 0.282051 , 1.736753
0.897436 , 0.307692 , 1.552436
0.897436 , 0.333333 , 1.352771
0.897436 , 0.358974 , 1.140616
0.897436 , 0.384615 , 0.917853
0.897436 , 0.410256 , 0.685252
0.897436 , 0.435897 , 0.445737
0.897436 , 0.461538 , 0.200834
0.897436 , 0.487179 , -0.046465
0.897436 , 0.512821 , -0.294182
0.897436 , 0.538462 , -0.539650
0.897436 , 0.564103 , -0.780625
0.897436 , 0.589744 , -1.015104
0.897436 , 0.615385 , -1.239959
0.897436 , 0.641026 , -1.454861
0.897436 , 0.666667 , -1.657925
0.897436 , 0.692308 , -1.847845
0.897436 , 0.717949 , -2.023075
0.897436 , 0.743590 , -2.183186
0.897436 , 0.769231 , -2.327813
0.897436 , 0.794872 , -2.457144
0.897436 , 0.820513 , -2.569742
0.897436 , 0.846154 , -2.665990
0.897436 , 0.871795 , -2.747271
0.897436 , 0.897436 , -2.813005
0.897436 , 0.923077 , -2.864024
0.897436 , 0.948718 , -2.900206
0.897436 , 0.974359 , -2.922049
0.897436 , 1.000000 , -2.929053
0.923077 , 0.000000 , 2.747391
0.923077 , 0.025641 , 2.739570
0.923077 , 0.051282 , 2.715929
0.923077 , 0.076923 , 2.676798
0.923077 , 0.102564 , 2.621246
0.923077 , 0.128205 , 2.548830
0.923077 , 0.153846 , 2.460278
0.923077 , 0.179487 , 2.353935
0.923077 , 0.205128 , 2.230024
0.923077 , 0.230769 , 2.090409
0.923077 , 0.256410 , 1.933896
0.923077 , 0.282051 , 1.761345
0.923077 , 0.307692 , 1.573335
0.923077 , 0.333333 , 1.370231
0.923077 , 0.358974 , 1.152690
0.923077 , 0.384615 , 0.924401
0.923077 , 0.410256 , 0.686439
0.923077 , 0.435897 , 0.441007
0.923077 , 0.461538 , 0.189695
0.923077 , 0.487179 , -0.064287
0.923077 , 0.512821 , -0.318570
0.923077 , 0.538462 , -0.570563
0.923077 , 0.564103 , -0.818020
0.923077 , 0.589744 , -1.058216
0.923077 , 0.615385 , -1.288758
0.923077 , 0.641026 , -1.509466
0.923077 , 0.666667 , -1.718056
0.923077 , 0.692308 , -1.912864
0.923077 , 0.717949 , -2.092651
0.923077 , 0.743590 , -2.256413
0.923077 , 0.769231 , -2.404146
0.923077 , 0.794872 , -2.535280
0.923077 , 0.820513 , -2.649839
0.923077 , 0.846154 , -2.747241
0.923077 , 0.871795 , -2.829031
0.923077 , 0.897436 , -2.895442
0.923077 , 0.923077 , -2.946778
0.923077 , 0.948718 , -2.982646
0.923077 , 0.974359 , -3.004246
0.923077 , 1.000000 , -3.011398
0.948718 , 0.000000 , 2.775828
0.948718 , 0.025641 , 2.768669
0.948718 , 0.051282 , 2.745636
0.948718 , 0.076923 , 2.706582
0.948718 , 0.102564 , 2.651414
0.948718 , 0.128205 , 2.578591
0.948718 , 0.153846 , 2.488896
0.948718 , 0.179487 , 2.381514
0.948718 , 0.205128 , 2.256251
0.948718 , 0.230769 , 2.114723
0.948718 , 0.256410 , 1.956736
0.948718 , 0.282051 , 1.781377
0.948718 , 0.307692 , 1.589393
0.948718 , 0.333333 , 1.383004
0.948718 , 0.358974 , 1.162640
0.948718 , 0.384615 , 0.930110
0.948718 , 0.410256 , 0.688102
0.948718 , 0.435897 , 0.438207
0.948718 , 0.461538 , 0.182934
0.948718 , 0.487179 , -0.076217
0.948718 , 0.512821 , -0.335753
0.948718 , 0.538462 , -0.592586
0.948718 , 0.564103 , -0.844679
0.948718 , 0.589744 , -1.089393
0.948718 , 0.615385 , -1.324580
0.948718 , 0.641026 , -1.549364
0.948718 , 0.666667 , -1.762271
0.948718 , 0.692308 , -1.960753
0.948718 , 0.717949 , -2.143897
0.948718 , 0.743590 , -2.310795
0.948718 , 0.769231 , -2.460453
0.948718 , 0.794872 , -2.593254
0.948718 , 0.820513 , -2.709442
0.948718 , 0.846154 , -2.807993
0.948718 , 0.871795 , -2.890142
0.948718 , 0.897436 , -2.956657
0.948718 , 0.923077 , -3.007929
0.948718 , 0.948718 , -3.044092
0.948718 , 0.974359 , -3.065854
0.948718 , 1.000000 , -3.072844
0.974359 , 0.000000 , 2.792730
0.974359 , 0.025641 , 2.785689
0.974359 , 0.051282 , 2.763901
0.974359 , 0.076923 , 2.725265
0.974359 , 0.102564 , 2.669984
0.974359 , 0.128205 , 2.597084
0.974359 , 0.153846 , 2.506796
0.974359 , 0.179487 , 2.398992
0.974359 , 0.205128 , 2.273035
0.974359 , 0.230769 , 2.130575
0.974359 , 0.256410 , 1.971296
0.974359 , 0.282051 , 1.794407
0.974359 , 0.307692 , 1.600580
0.974359 , 0.333333 , 1.391983
0.974359 , 0.358974 , 1.169941
0.974359 , 0.384615 , 0.935305
0.974359 , 0.410256 , 0.690187
0.974359 , 0.435897 , 0.436828
0.974359 , 0.461538 , 0.178323
0.974359 , 0.487179 , -0.083369
0.974359 , 0.512821 , -0.345717
0.974359 , 0.538462 , -0.605679
0.974359 , 0.564103 , -0.860807
0.974359 , 0.589744 , -1.108768
0.974359 , 0.615385 , -1.347270
0.974359 , 0.641026 , -1.574909
0.974359 , 0.666667 , -1.789649
0.974359 , 0.692308 , -1.990232
0.974359 , 0.717949 , -2.175253
0.974359 , 0.743590 , -2.343986
0.974359 , 0.769231 , -2.494923
0.974359 , 0.794872 , -2.628575
0.974359 , 0.820513 , -2.745311
0.974359 , 0.846154 , -2.845177
0.974359 , 0.871795 , -2.927709
0.974359 , 0.897436 , -2.994299
0.974359 , 0.923077 , -3.045217
0.974359 , 0.948718 , -3.081643
0.974359 , 0.974359 , -3.103869
0.974359 , 1.000000 , -3.111985
1.000000 , 0.000000 , 2.796986
1.000000 , 0.025641 , 2.791110
1.000000 , 0.051282 , 2.769290
1.000000 , 0.076923 , 2.731526
1.000000 , 0.102564 , 2.676183
1.000000 , 0.128205 , 2.603903
1.000000 , 0.153846 , 2.513126
1.000000 , 0.179487 , 2.404701
1.000000 , 0.205128 , 2.278769
1.000000 , 0.230769 , 2.135765
1.000000 , 0.256410 , 1.976116
1.000000 , 0.282051 , 1.798709
1.000000 , 0.307692 , 1.605179
1.000000 , 0.333333 , 1.395965
1.000000 , 0.358974 , 1.172289
1.000000 , 0.384615 , 0.936535
1.000000 , 0.410256 , 0.690950
1.000000 , 0.435897 , 0.436726
1.000000 , 0.461538 , 0.177214
1.000000 , 0.487179 , -0.085462
1.000000 , 0.512821 , -0.348813
1.000000 , 0.538462 , -0.609870
1.000000 , 0.564103 , -0.866237
1.000000 , 0.589744 , -1.115397
1.000000 , 0.615385 , -1.355084
1.000000 , 0.641026 , -1.583824
1.000000 , 0.666667 , -1.799211
1.000000 , 0.692308 , -1.999669
1.000000 , 0.717949 , -2.185709
1.000000 , 0.743590 , -2.354984
1.000000 , 0.769231 , -2.506962
1.000000 , 0.794872 , -2.640446
1.000000 , 0.820513 , -2.757116
1.000000 , 0.846154 , -2.857173
1.000000 , 0.871795 , -2.940221
1.000000 , 0.897436 , -3.006871
1.000000 , 0.923077 , -3.058314
1.000000 , 0.948718 , -3.094513
1.000000 , 0.974359 , -3.116878
1.000000 , 1.000000 , -3.127287
