0.000000 , 0.000000 , -3.236069
0.000000 , 0.025641 , -3.236069
0.000000 , 0.051282 , -3.236069
0.000000 , 0.076923 , -3.236069
0.000000 , 0.102564 , -3.236069
0.000000 , 0.128205 , -3.236069
0.000000 , 0.153846 , -3.236069
0.000000 , 0.179487 , -3.236069
0.000000 , 0.205128 , -3.236069
0.000000 , 0.230769 , -3.236069
0.000000 , 0.256410 , -3.236069
0.000000 , 0.282051 , -3.236069
0.000000 , 0.307692 , -3.236069
0.000000 , 0.333333 , -3.236069
0.000000 , 0.358974 , -3.236069
0.000000 , 0.384615 , -3.236069
0.000000 , 0.410256 , -3.236069
0.000000 , 0.435897 , -3.236069
0.000000 , 0.461538 , -3.236069
0.000000 , 0.487179 , -3.236069
0.000000 , 0.512821 , -3.236069
0.000000 , 0.538462 , -3.236069
0.000000 , 0.564103 , -3.236069
0.000000 , 0.589744 , -3.236069
0.000000 , 0.615385 , -3.236069
0.000000 , 0.641026 , -3.236069
0.000000 , 0.666667 , -3.236069
0.000000 , 0.692308 , -3.236069
0.000000 , 0.717949 , -3.236069
0.000000 , 0.743590 , -3.236069
0.000000 , 0.769231 , -3.236069
0.000000 , 0.794872 , -3.236069
0.000000 , 0.820513 , -3.236069
0.000000 , 0.846154 , -3.236069
0.000000 , 0.871795 , -3.236069
0.000000 , 0.897436 , -3.236069
0.000000 , 0.923077 , -3.236069
0.000000 , 0.948718 , -3.236069
0.000000 , 0.974359 , -3.236069
0.000000 , 1.000000 , -3.236069
0.025641 , 0.000000 , -2.904304
0.025641 , 0.025641 , -2.903951
0.025641 , 0.051282 , -2.903613
0.025641 , 0.076923 , -2.903397
0.025641 , 0.102564 , -2.903077
0.025641 , 0.128205 , -2.903091
0.025641 , 0.153846 , -2.904050
0.025641 , 0.179487 , -2.905802
0.025641 , 0.205128 , -2.908701
0.025641 , 0.230769 , -2.912226
0.025641 , 0.256410 , -2.915847
0.025641 , 0.282051 , -2.919965
0.025641 , 0.307692 , -2.925083
0.025641 , 0.333333 , -2.930254
0.025641 , 0.358974 , -2.934874
0.025641 , 0.384615 , -2.939633
0.025641 , 0.410256 , -2.945666
0.025641 , 0.435897 , -2.951586
0.025641 , 0.461538 , -2.957626
0.025641 , 0.487179 , -2.963149
0.025641 , 0.512821 , -2.968898
0.025641 , 0.538462 , -2.975221
0.025641 , 0.564103 , -2.981208
0.025641 , 0.589744 , -2.986545
0.025641 , 0.615385 , -2.992123
0.025641 , 0.641026 , -2.997064
0.025641 , 0.666667 , -3.001530
0.025641 , 0.692308 , -3.006038
0.025641 , 0.717949 , -3.010366
0.025641 , 0.743590 , -3.013437
0.025641 , 0.769231 , -3.016546
0.025641 , 0.794872 , -3.019196
0.025641 , 0.820513 , -3.021289
0.025641 , 0.846154 , -3.023568
0.025641 , 0.871795 , -3.025081
0.025641 , 0.897436 , -3.026483
0.025641 , 0.923077 , -3.027935
0.025641 , 0.948718 , -3.028996
0.025641 , 0.974359 , -3.029794
0.025641 , 1.000000 , -3.029928
0.051282 , 0.000000 , -2.583684
0.051282 , 0.025641 , -2.583069
0.051282 , 0.051282 , -2.582208
0.051282 , 0.076923 , -2.581702
0.051282 , 0.102564 , -2.580886
0.051282 , 0.128205 , -2.581307
0.051282 , 0.153846 , -2.583754
0.051282 , 0.179487 , -2.587697
0.051282 , 0.205128 , -2.593383
0.051282 , 0.230769 , -2.599908
0.051282 , 0.256410 , -2.606858
0.051282 , 0.282051 , -2.614824
0.051282 , 0.307692 , -2.624176
0.051282 , 0.333333 , -2.634389
0.051282 , 0.358974 , -2.645096
0.051282 , 0.384615 , -2.655280
0.051282 , 0.410256 , -2.666626
0.051282 , 0.435897 , -2.677758
0.051282 , 0.461538 , -2.689160
0.051282 , 0.487179 , -2.700735
0.051282 , 0.512821 , -2.713154
0.051282 , 0.538462 , -2.724855
0.051282 , 0.564103 , -2.736196
0.051282 , 0.589744 , -2.747706
0.051282 , 0.615385 , -2.758669
0.051282 , 0.641026 , -2.768435
0.051282 , 0.666667 , -2.777143
0.051282 , 0.692308 , -2.785556
0.051282 , 0.717949 , -2.793953
0.051282 , 0.743590 , -2.800840
0.051282 , 0.769231 , -2.806781
0.051282 , 0.794872 , -2.812393
0.051282 , 0.820513 , -2.817797
0.051282 , 0.846154 , -2.821567
0.051282 , 0.871795 , -2.824634
0.051282 , 0.897436 , -2.827359
0.051282 , 0.923077 , -2.829539
0.051282 , 0.948718 , -2.831229
0.051282 , 0.974359 , -2.832497
0.051282 , 1.000000 , -2.833119
0.076923 , 0.000000 , -2.271645
0.076923 , 0.025641 , -2.271534
0.076923 , 0.051282 , -2.270736
0.076923 , 0.076923 , -2.270466
0.076923 , 0.102564 , -2.270508
0.076923 , 0.128205 , -2.271482
0.076923 , 0.153846 , -2.275357
0.076923 , 0.179487 , -2.280974
0.076923 , 0.205128 , -2.288992
0.076923 , 0.230769 , -2.298831
0.076923 , 0.256410 , -2.309685
0.076923 , 0.282051 , -2.321457
0.076923 , 0.307692 , -2.334786
0.076923 , 0.333333 , -2.349299
0.076923 , 0.358974 , -2.365419
0.076923 , 0.384615 , -2.381901
0.076923 , 0.410256 , -2.397934
0.076923 , 0.435897 , -2.415105
0.076923 , 0.461538 , -2.432506
0.076923 , 0.487179 , -2.449852
0.076923 , 0.512821 , -2.467830
0.076923 , 0.538462 , -2.485529
0.076923 , 0.564103 , -2.502218
0.076923 , 0.589744 , -2.518702
0.076923 , 0.615385 , -2.534566
0.076923 , 0.641026 , -2.549062
0.076923 , 0.666667 , -2.562965
0.076923 , 0.692308 , -2.575682
0.076923 , 0.717949 , -2.587452
0.076923 , 0.743590 , -2.598317
0.076923 , 0.769231 , -2.607204
0.076923 , 0.794872 , -2.615222
0.076923 , 0.820513 , -2.623112
0.076923 , 0.846154 , -2.629157
0.076923 , 0.871795 , -2.633759
0.076923 , 0.897436 , -2.637503
0.076923 , 0.923077 , -2.640554
0.076923 , 0.948718 , -2.642918
0.076923 , 0.974359 , -2.644625
0.076923 , 1.000000 , -2.645345
0.102564 , 0.000000 , -1.969900
0.102564 , 0.025641 , -1.969563
0.102564 , 0.051282 , -1.969463
0.102564 , 0.076923 , -1.969820
0.102564 , 0.102564 , -1.971318
0.102564 , 0.128205 , -1.973810
0.102564 , 0.153846 , -1.978927
0.102564 , 0.179487 , -1.986482
0.102564 , 0.205128 , -1.996740
0.102564 , 0.230769 , -2.008996
0.102564 , 0.256410 , -2.023868
0.102564 , 0.282051 , -2.039186
0.102564 , 0.307692 , -2.056268
0.102564 , 0.333333 , -2.075599
0.102564 , 0.358974 , -2.096374
0.102564 , 0.384615 , -2.118132
0.102564 , 0.410256 , -2.140049
0.102564 , 0.435897 , -2.162492
0.102564 , 0.461538 , -2.185560
0.102564 , 0.487179 , -2.209033
0.102564 , 0.512821 , -2.232647
0.102564 , 0.538462 , -2.255738
0.102564 , 0.564103 , -2.278710
0.102564 , 0.589744 , -2.300236
0.102564 , 0.615385 , -2.320812
0.102564 , 0.641026 , -2.340587
0.102564 , 0.666667 , -2.358580
0.102564 , 0.692308 , -2.375750
0.102564 , 0.717949 , -2.391450
0.102564 , 0.743590 , -2.405443
0.102564 , 0.769231 , -2.418083
0.102564 , 0.794872 , -2.429739
0.102564 , 0.820513 , -2.438826
0.102564 , 0.846154 , -2.446605
0.102564 , 0.871795 , -2.452882
0.102564 , 0.897436 , -2.458386
0.102564 , 0.923077 , -2.462965
0.102564 , 0.948718 , -2.466265
0.102564 , 0.974359 , -2.467125
0.102564 , 1.000000 , -2.467675
0.128205 , 0.000000 , -1.680075
0.128205 , 0.025641 , -1.680138
0.128205 , 0.051282 , -1.680825
0.128205 , 0.076923 , -1.682292
0.128205 , 0.102564 , -1.684704
0.128205 , 0.128205 , -1.688547
0.128205 , 0.153846 , -1.694998
0.128205 , 0.179487 , -1.704165
0.128205 , 0.205128 , -1.716146
0.128205 , 0.230769 , -1.730827
0.128205 , 0.256410 , -1.748427
0.128205 , 0.282051 , -1.767768
0.128205 , 0.307692 , -1.788659
0.128205 , 0.333333 , -1.812594
0.128205 , 0.358974 , -1.837999
0.128205 , 0.384615 , -1.864731
0.128205 , 0.410256 , -1.891568
0.128205 , 0.435897 , -1.919437
0.128205 , 0.461538 , -1.948366
0.128205 , 0.487179 , -1.978109
0.128205 , 0.512821 , -2.007877
0.128205 , 0.538462 , -2.036639
0.128205 , 0.564103 , -2.064627
0.128205 , 0.589744 , -2.091914
0.128205 , 0.615385 , -2.117001
0.128205 , 0.641026 , -2.141119
0.128205 , 0.666667 , -2.163868
0.128205 , 0.692308 , -2.185033
0.128205 , 0.717949 , -2.204770
0.128205 , 0.743590 , -2.222761
0.128205 , 0.769231 , -2.239392
0.128205 , 0.794872 , -2.253861
0.128205 , 0.820513 , -2.265325
0.128205 , 0.846154 , -2.274926
0.128205 , 0.871795 , -2.282087
0.128205 , 0.897436 , -2.289700
0.128205 , 0.923077 , -2.295805
0.128205 , 0.948718 , -2.300306
0.128205 , 0.974359 , -2.301343
0.128205 , 1.000000 , -2.301499
0.153846 , 0.000000 , -1.402248
0.153846 , 0.025641 , -1.402535
0.153846 , 0.051282 , -1.404025
0.153846 , 0.076923 , -1.406116
0.153846 , 0.102564 , -1.409475
0.153846 , 0.128205 , -1.414783
0.153846 , 0.153846 , -1.422848
0.153846 , 0.179487 , -1.434175
0.153846 , 0.205128 , -1.447441
0.153846 , 0.230769 , -1.463954
0.153846 , 0.256410 , -1.484263
0.153846 , 0.282051 , -1.507302
0.153846 , 0.307692 , -1.533020
0.153846 , 0.333333 , -1.561491
0.153846 , 0.358974 , -1.590631
0.153846 , 0.384615 , -1.621702
0.153846 , 0.410256 , -1.653475
0.153846 , 0.435897 , -1.686320
0.153846 , 0.461538 , -1.721044
0.153846 , 0.487179 , -1.756853
0.153846 , 0.512821 , -1.791752
0.153846 , 0.538462 , -1.825752
0.153846 , 0.564103 , -1.859152
0.153846 , 0.589744 , -1.891886
0.153846 , 0.615385 , -1.922505
0.153846 , 0.641026 , -1.951048
0.153846 , 0.666667 , -1.979186
0.153846 , 0.692308 , -2.005174
0.153846 , 0.717949 , -2.028976
0.153846 , 0.743590 , -2.050483
0.153846 , 0.769231 , -2.071017
0.153846 , 0.794872 , -2.088665
0.153846 , 0.820513 , -2.103384
0.153846 , 0.846154 , -2.115319
0.153846 , 0.871795 , -2.123699
0.153846 , 0.897436 , -2.130820
0.153846 , 0.923077 , -2.138596
0.153846 , 0.948718 , -2.144582
0.153846 , 0.974359 , -2.146871
0.153846 , 1.000000 , -2.147110
0.179487 , 0.000000 , -1.135464
0.179487 , 0.025641 , -1.136666
0.179487 , 0.051282 , -1.138614
0.179487 , 0.076923 , -1.141070
0.179487 , 0.102564 , -1.145010
0.179487 , 0.128205 , -1.151504
0.179487 , 0.153846 , -1.161491
0.179487 , 0.179487 , -1.174867
0.179487 , 0.205128 , -1.190830
0.179487 , 0.230769 , -1.209462
0.179487 , 0.256410 , -1.232569
0.179487 , 0.282051 , -1.258788
0.179487 , 0.307692 , -1.288667
0.179487 , 0.333333 , -1.321728
0.179487 , 0.358974 , -1.355448
0.179487 , 0.384615 , -1.390341
0.179487 , 0.410256 , -1.426578
0.179487 , 0.435897 , -1.464227
0.179487 , 0.461538 , -1.504312
0.179487 , 0.487179 , -1.545268
0.179487 , 0.512821 , -1.586146
0.179487 , 0.538462 , -1.625533
0.179487 , 0.564103 , -1.664178
0.179487 , 0.589744 , -1.701813
0.179487 , 0.615385 , -1.737630
0.179487 , 0.641026 , -1.771086
0.179487 , 0.666667 , -1.803399
0.179487 , 0.692308 , -1.835047
0.179487 , 0.717949 , -1.863594
0.179487 , 0.743590 , -1.888665
0.179487 , 0.769231 , -1.911996
0.179487 , 0.794872 , -1.932783
0.179487 , 0.820513 , -1.950432
0.179487 , 0.846154 , -1.965087
0.179487 , 0.871795 , -1.975883
0.179487 , 0.897436 , -1.985101
0.179487 , 0.923077 , -1.993848
0.179487 , 0.948718 , -1.999671
0.179487 , 0.974359 , -2.003949
0.179487 , 1.000000 , -2.005377
0.205128 , 0.000000 , -0.879686
0.205128 , 0.025641 , -0.879997
0.205128 , 0.051282 , -0.883041
0.205128 , 0.076923 , -0.886262
0.205128 , 0.102564 , -0.891454
0.205128 , 0.128205 , -0.899526
0.205128 , 0.153846 , -0.911228
0.205128 , 0.179487 , -0.926405
0.205128 , 0.205128 , -0.945007
0.205128 , 0.230769 , -0.966999
0.205128 , 0.256410 , -0.993332
0.205128 , 0.282051 , -1.022765
0.205128 , 0.307692 , -1.055022
0.205128 , 0.333333 , -1.091954
0.205128 , 0.358974 , -1.129981
0.205128 , 0.384615 , -1.168770
0.205128 , 0.410256 , -1.209925
0.205128 , 0.435897 , -1.253262
0.205128 , 0.461538 , -1.299184
0.205128 , 0.487179 , -1.345247
0.205128 , 0.512821 , -1.390301
0.205128 , 0.538462 , -1.435149
0.205128 , 0.564103 , -1.479193
0.205128 , 0.589744 , -1.522183
0.205128 , 0.615385 , -1.563029
0.205128 , 0.641026 , -1.601692
0.205128 , 0.666667 , -1.639007
0.205128 , 0.692308 , -1.674868
0.205128 , 0.717949 , -1.707367
0.205128 , 0.743590 , -1.736513
0.205128 , 0.769231 , -1.762288
0.205128 , 0.794872 , -1.786310
0.205128 , 0.820513 , -1.807151
0.205128 , 0.846154 , -1.824459
0.205128 , 0.871795 , -1.838412
0.205128 , 0.897436 , -1.849825
0.205128 , 0.923077 , -1.860137
0.205128 , 0.948718 , -1.867050
0.205128 , 0.974359 , -1.872015
0.205128 , 1.000000 , -1.874242
0.230769 , 0.000000 , -0.633259
0.230769 , 0.025641 , -0.633079
0.230769 , 0.051282 , -0.635646
0.230769 , 0.076923 , -0.640271
0.230769 , 0.102564 , -0.647450
0.230769 , 0.128205 , -0.658155
0.230769 , 0.153846 , -0.672314
0.230769 , 0.179487 , -0.689983
0.230769 , 0.205128 , -0.711050
0.230769 , 0.230769 , -0.735279
0.230769 , 0.256410 , -0.763964
0.230769 , 0.282051 , -0.796661
0.230769 , 0.307692 , -0.832726
0.230769 , 0.333333 , -0.872921
0.230769 , 0.358974 , -0.915604
0.230769 , 0.384615 , -0.958803
0.230769 , 0.410256 , -1.004477
0.230769 , 0.435897 , -1.052955
0.230769 , 0.461538 , -1.103605
0.230769 , 0.487179 , -1.155181
0.230769 , 0.512821 , -1.205432
0.230769 , 0.538462 , -1.254949
0.230769 , 0.564103 , -1.304323
0.230769 , 0.589744 , -1.352266
0.230769 , 0.615385 , -1.398603
0.230769 , 0.641026 , -1.442700
0.230769 , 0.666667 , -1.485231
0.230769 , 0.692308 , -1.524442
0.230769 , 0.717949 , -1.560462
0.230769 , 0.743590 , -1.593802
0.230769 , 0.769231 , -1.623544
0.230769 , 0.794872 , -1.650780
0.230769 , 0.820513 , -1.674273
0.230769 , 0.846154 , -1.694120
0.230769 , 0.871795 , -1.711222
0.230769 , 0.897436 , -1.725533
0.230769 , 0.923077 , -1.736831
0.230769 , 0.948718 , -1.745102
0.230769 , 0.974359 , -1.750419
0.230769 , 1.000000 , -1.752383
0.256410 , 0.000000 , -0.394212
0.256410 , 0.025641 , -0.394575
0.256410 , 0.051282 , -0.397372
0.256410 , 0.076923 , -0.402869
0.256410 , 0.102564 , -0.412019
0.256410 , 0.128205 , -0.425420
0.256410 , 0.153846 , -0.442462
0.256410 , 0.179487 , -0.462942
0.256410 , 0.205128 , -0.487860
0.256410 , 0.230769 , -0.514544
0.256410 , 0.256410 , -0.545357
0.256410 , 0.282051 , -0.580612
0.256410 , 0.307692 , -0.620187
0.256410 , 0.333333 , -0.664337
0.256410 , 0.358974 , -0.711286
0.256410 , 0.384615 , -0.759608
0.256410 , 0.410256 , -0.810058
0.256410 , 0.435897 , -0.863184
0.256410 , 0.461538 , -0.918581
0.256410 , 0.487179 , -0.974470
0.256410 , 0.512821 , -1.030359
0.256410 , 0.538462 , -1.084494
0.256410 , 0.564103 , -1.138586
0.256410 , 0.589744 , -1.191537
0.256410 , 0.615385 , -1.243367
0.256410 , 0.641026 , -1.292611
0.256410 , 0.666667 , -1.339602
0.256410 , 0.692308 , -1.383723
0.256410 , 0.717949 , -1.423764
0.256410 , 0.743590 , -1.461932
0.256410 , 0.769231 , -1.495814
0.256410 , 0.794872 , -1.525670
0.256410 , 0.820513 , -1.552454
0.256410 , 0.846154 , -1.575545
0.256410 , 0.871795 , -1.595361
0.256410 , 0.897436 , -1.611476
0.256410 , 0.923077 , -1.623872
0.256410 , 0.948718 , -1.633308
0.256410 , 0.974359 , -1.638814
0.256410 , 1.000000 , -1.640561
0.282051 , 0.000000 , -0.162793
0.282051 , 0.025641 , -0.163387
0.282051 , 0.051282 , -0.167274
0.282051 , 0.076923 , -0.174168
0.282051 , 0.102564 , -0.184775
0.282051 , 0.128205 , -0.200021
0.282051 , 0.153846 , -0.219586
0.282051 , 0.179487 , -0.243128
0.282051 , 0.205128 , -0.271388
0.282051 , 0.230769 , -0.302468
0.282051 , 0.256410 , -0.336620
0.282051 , 0.282051 , -0.375518
0.282051 , 0.307692 , -0.417895
0.282051 , 0.333333 , -0.465392
0.282051 , 0.358974 , -0.516525
0.282051 , 0.384615 , -0.569332
0.282051 , 0.410256 , -0.624861
0.282051 , 0.435897 , -0.682905
0.282051 , 0.461538 , -0.743101
0.282051 , 0.487179 , -0.803331
0.282051 , 0.512821 , -0.863788
0.282051 , 0.538462 , -0.923838
0.282051 , 0.564103 , -0.983105
0.282051 , 0.589744 , -1.041018
0.282051 , 0.615385 , -1.097652
0.282051 , 0.641026 , -1.152733
0.282051 , 0.666667 , -1.204338
0.282051 , 0.692308 , -1.253198
0.282051 , 0.717949 , -1.298287
0.282051 , 0.743590 , -1.340675
0.282051 , 0.769231 , -1.379209
0.282051 , 0.794872 , -1.412481
0.282051 , 0.820513 , -1.441789
0.282051 , 0.846154 , -1.467272
0.282051 , 0.871795 , -1.489570
0.282051 , 0.897436 , -1.507706
0.282051 , 0.923077 , -1.522309
0.282051 , 0.948718 , -1.532567
0.282051 , 0.974359 , -1.538268
0.282051 , 1.000000 , -1.540034
0.307692 , 0.000000 , 0.061443
0.307692 , 0.025641 , 0.060260
0.307692 , 0.051282 , 0.055447
0.307692 , 0.076923 , 0.046554
0.307692 , 0.102564 , 0.033746
0.307692 , 0.128205 , 0.016981
0.307692 , 0.153846 , -0.004702
0.307692 , 0.179487 , -0.031553
0.307692 , 0.205128 , -0.063292
0.307692 , 0.230769 , -0.097533
0.307692 , 0.256410 , -0.135690
0.307692 , 0.282051 , -0.178899
0.307692 , 0.307692 , -0.225239
0.307692 , 0.333333 , -0.275635
0.307692 , 0.358974 , -0.330718
0.307692 , 0.384615 , -0.388621
0.307692 , 0.410256 , -0.449377
0.307692 , 0.435897 , -0.512213
0.307692 , 0.461538 , -0.576408
0.307692 , 0.487179 , -0.641787
0.307692 , 0.512821 , -0.707012
0.307692 , 0.538462 , -0.772733
0.307692 , 0.564103 , -0.837454
0.307692 , 0.589744 , -0.900806
0.307692 , 0.615385 , -0.961866
0.307692 , 0.641026 , -1.021842
0.307692 , 0.666667 , -1.079063
0.307692 , 0.692308 , -1.132569
0.307692 , 0.717949 , -1.182638
0.307692 , 0.743590 , -1.229403
0.307692 , 0.769231 , -1.272297
0.307692 , 0.794872 , -1.309661
0.307692 , 0.820513 , -1.341603
0.307692 , 0.846154 , -1.369301
0.307692 , 0.871795 , -1.394188
0.307692 , 0.897436 , -1.414891
0.307692 , 0.923077 , -1.430973
0.307692 , 0.948718 , -1.442393
0.307692 , 0.974359 , -1.448925
0.307692 , 1.000000 , -1.450933
0.333333 , 0.000000 , 0.279428
0.333333 , 0.025641 , 0.277604
0.333333 , 0.051282 , 0.271356
0.333333 , 0.076923 , 0.260754
0.333333 , 0.102564 , 0.245730
0.333333 , 0.128205 , 0.226689
0.333333 , 0.153846 , 0.202292
0.333333 , 0.179487 , 0.172271
0.333333 , 0.205128 , 0.136855
0.333333 , 0.230769 , 0.098579
0.333333 , 0.256410 , 0.056286
0.333333 , 0.282051 , 0.008876
0.333333 , 0.307692 , -0.041770
0.333333 , 0.333333 , -0.096177
0.333333 , 0.358974 , -0.155070
0.333333 , 0.384615 , -0.217668
0.333333 , 0.410256 , -0.283046
0.333333 , 0.435897 , -0.350549
0.333333 , 0.461538 , -0.419059
0.333333 , 0.487179 , -0.489643
0.333333 , 0.512821 , -0.559969
0.333333 , 0.538462 , -0.631290
0.333333 , 0.564103 , -0.701614
0.333333 , 0.589744 , -0.769972
0.333333 , 0.615385 , -0.836427
0.333333 , 0.641026 , -0.900987
0.333333 , 0.666667 , -0.962669
0.333333 , 0.692308 , -1.021442
0.333333 , 0.717949 , -1.076232
0.333333 , 0.743590 , -1.127702
0.333333 , 0.769231 , -1.174823
0.333333 , 0.794872 , -1.216214
0.333333 , 0.820513 , -1.252266
0.333333 , 0.846154 , -1.283270
0.333333 , 0.871795 , -1.310549
0.333333 , 0.897436 , -1.333795
0.333333 , 0.923077 , -1.351167
0.333333 , 0.948718 , -1.363108
0.333333 , 0.974359 , -1.370636
0.333333 , 1.000000 , -1.372988
0.358974 , 0.000000 , 0.491980
0.358974 , 0.025641 , 0.489535
0.358974 , 0.051282 , 0.481868
0.358974 , 0.076923 , 0.469376
0.358974 , 0.102564 , 0.452710
0.358974 , 0.128205 , 0.430190
0.358974 , 0.153846 , 0.402299
0.358974 , 0.179487 , 0.369142
0.358974 , 0.205128 , 0.331106
0.358974 , 0.230769 , 0.288680
0.358974 , 0.256410 , 0.242162
0.358974 , 0.282051 , 0.189988
0.358974 , 0.307692 , 0.133983
0.358974 , 0.333333 , 0.074920
0.358974 , 0.358974 , 0.012098
0.358974 , 0.384615 , -0.054768
0.358974 , 0.410256 , -0.125199
0.358974 , 0.435897 , -0.197776
0.358974 , 0.461538 , -0.271256
0.358974 , 0.487179 , -0.346847
0.358974 , 0.512821 , -0.422367
0.358974 , 0.538462 , -0.498669
0.358974 , 0.564103 , -0.574871
0.358974 , 0.589744 , -0.648592
0.358974 , 0.615385 , -0.720642
0.358974 , 0.641026 , -0.790417
0.358974 , 0.666667 , -0.857198
0.358974 , 0.692308 , -0.920687
0.358974 , 0.717949 , -0.980147
0.358974 , 0.743590 , -1.036208
0.358974 , 0.769231 , -1.087257
0.358974 , 0.794872 , -1.132806
0.358974 , 0.820513 , -1.172952
0.358974 , 0.846154 , -1.208282
0.358974 , 0.871795 , -1.238724
0.358974 , 0.897436 , -1.263909
0.358974 , 0.923077 , -1.283085
0.358974 , 0.948718 , -1.296543
0.358974 , 0.974359 , -1.303997
0.358974 , 1.000000 , -1.306098
0.384615 , 0.000000 , 0.699311
0.384615 , 0.025641 , 0.696363
0.384615 , 0.051282 , 0.687087
0.384615 , 0.076923 , 0.673186
0.384615 , 0.102564 , 0.653869
0.384615 , 0.128205 , 0.628291
0.384615 , 0.153846 , 0.596834
0.384615 , 0.179487 , 0.560842
0.384615 , 0.205128 , 0.519545
0.384615 , 0.230769 , 0.473169
0.384615 , 0.256410 , 0.421139
0.384615 , 0.282051 , 0.364927
0.384615 , 0.307692 , 0.304357
0.384615 , 0.333333 , 0.240108
0.384615 , 0.358974 , 0.172191
0.384615 , 0.384615 , 0.100641
0.384615 , 0.410256 , 0.025354
0.384615 , 0.435897 , -0.052411
0.384615 , 0.461538 , -0.131708
0.384615 , 0.487179 , -0.212585
0.384615 , 0.512821 , -0.294208
0.384615 , 0.538462 , -0.376323
0.384615 , 0.564103 , -0.457659
0.384615 , 0.589744 , -0.537140
0.384615 , 0.615385 , -0.614639
0.384615 , 0.641026 , -0.689671
0.384615 , 0.666667 , -0.761657
0.384615 , 0.692308 , -0.830237
0.384615 , 0.717949 , -0.894118
0.384615 , 0.743590 , -0.955446
0.384615 , 0.769231 , -1.011084
0.384615 , 0.794872 , -1.060899
0.384615 , 0.820513 , -1.105386
0.384615 , 0.846154 , -1.144539
0.384615 , 0.871795 , -1.177515
0.384615 , 0.897436 , -1.204518
0.384615 , 0.923077 , -1.225426
0.384615 , 0.948718 , -1.240296
0.384615 , 0.974359 , -1.248220
0.384615 , 1.000000 , -1.250741
0.410256 , 0.000000 , 0.901871
0.410256 , 0.025641 , 0.898394
0.410256 , 0.051282 , 0.888520
0.410256 , 0.076923 , 0.872388
0.410256 , 0.102564 , 0.850647
0.410256 , 0.128205 , 0.822073
0.410256 , 0.153846 , 0.787455
0.410256 , 0.179487 , 0.747961
0.410256 , 0.205128 , 0.702850
0.410256 , 0.230769 , 0.652146
0.410256 , 0.256410 , 0.595392
0.410256 , 0.282051 , 0.534185
0.410256 , 0.307692 , 0.468762
0.410256 , 0.333333 , 0.399120
0.410256 , 0.358974 , 0.325665
0.410256 , 0.384615 , 0.248575
0.410256 , 0.410256 , 0.168098
0.410256 , 0.435897 , 0.084629
0.410256 , 0.461538 , -0.000568
0.410256 , 0.487179 , -0.087161
0.410256 , 0.512821 , -0.174933
0.410256 , 0.538462 , -0.262915
0.410256 , 0.564103 , -0.350240
0.410256 , 0.589744 , -0.435497
0.410256 , 0.615385 , -0.518758
0.410256 , 0.641026 , -0.599305
0.410256 , 0.666667 , -0.676867
0.410256 , 0.692308 , -0.750743
0.410256 , 0.717949 , -0.819746
0.410256 , 0.743590 , -0.885673
0.410256 , 0.769231 , -0.946573
0.410256 , 0.794872 , -1.001135
0.410256 , 0.820513 , -1.049421
0.410256 , 0.846154 , -1.091509
0.410256 , 0.871795 , -1.126854
0.410256 , 0.897436 , -1.156204
0.410256 , 0.923077 , -1.179048
0.410256 , 0.948718 , -1.195051
0.410256 , 0.974359 , -1.204351
0.410256 , 1.000000 , -1.206776
0.435897 , 0.000000 , 1.100389
0.435897 , 0.025641 , 1.096773
0.435897 , 0.051282 , 1.085963
0.435897 , 0.076923 , 1.068581
0.435897 , 0.102564 , 1.043995
0.435897 , 0.128205 , 1.012678
0.435897 , 0.153846 , 0.974921
0.435897 , 0.179487 , 0.931626
0.435897 , 0.205128 , 0.882114
0.435897 , 0.230769 , 0.826842
0.435897 , 0.256410 , 0.765624
0.435897 , 0.282051 , 0.698504
0.435897 , 0.307692 , 0.627344
0.435897 , 0.333333 , 0.552085
0.435897 , 0.358974 , 0.473155
0.435897 , 0.384615 , 0.389958
0.435897 , 0.410256 , 0.303336
0.435897 , 0.435897 , 0.214015
0.435897 , 0.461538 , 0.122398
0.435897 , 0.487179 , 0.029630
0.435897 , 0.512821 , -0.064877
0.435897 , 0.538462 , -0.158848
0.435897 , 0.564103 , -0.252096
0.435897 , 0.589744 , -0.343472
0.435897 , 0.615385 , -0.432957
0.435897 , 0.641026 , -0.520149
0.435897 , 0.666667 , -0.603590
0.435897 , 0.692308 , -0.682465
0.435897 , 0.717949 , -0.756882
0.435897 , 0.743590 , -0.827743
0.435897 , 0.769231 , -0.893347
0.435897 , 0.794872 , -0.952822
0.435897 , 0.820513 , -1.005455
0.435897 , 0.846154 , -1.051057
0.435897 , 0.871795 , -1.089226
0.435897 , 0.897436 , -1.120792
0.435897 , 0.923077 , -1.145750
0.435897 , 0.948718 , -1.162930
0.435897 , 0.974359 , -1.173353
0.435897 , 1.000000 , -1.176402
0.461538 , 0.000000 , 1.297029
0.461538 , 0.025641 , 1.292809
0.461538 , 0.051282 , 1.281074
0.461538 , 0.076923 , 1.261639
0.461538 , 0.102564 , 1.235409
0.461538 , 0.128205 , 1.201222
0.461538 , 0.153846 , 1.159861
0.461538 , 0.179487 , 1.112592
0.461538 , 0.205128 , 1.058134
0.461538 , 0.230769 , 0.998440
0.461538 , 0.256410 , 0.932418
0.461538 , 0.282051 , 0.860129
0.461538 , 0.307692 , 0.782248
0.461538 , 0.333333 , 0.700669
0.461538 , 0.358974 , 0.615503
0.461538 , 0.384615 , 0.526016
0.461538 , 0.410256 , 0.432645
0.461538 , 0.435897 , 0.336855
0.461538 , 0.461538 , 0.238525
0.461538 , 0.487179 , 0.138767
0.461538 , 0.512821 , 0.037257
0.461538 , 0.538462 , -0.063993
0.461538 , 0.564103 , -0.164012
0.461538 , 0.589744 , -0.261880
0.461538 , 0.615385 , -0.357376
0.461538 , 0.641026 , -0.451075
0.461538 , 0.666667 , -0.541053
0.461538 , 0.692308 , -0.626208
0.461538 , 0.717949 , -0.706434
0.461538 , 0.743590 , -0.781877
0.461538 , 0.769231 , -0.852036
0.461538 , 0.794872 , -0.916273
0.461538 , 0.820513 , -0.973137
0.461538 , 0.846154 , -1.022394
0.461538 , 0.871795 , -1.064294
0.461538 , 0.897436 , -1.098328
0.461538 , 0.923077 , -1.124607
0.461538 , 0.948718 , -1.143694
0.461538 , 0.974359 , -1.155121
0.461538 , 1.000000 , -1.158689
0.487179 , 0.000000 , 1.492746
0.487179 , 0.025641 , 1.488116
0.487179 , 0.051282 , 1.475408
0.487179 , 0.076923 , 1.453810
0.487179 , 0.102564 , 1.425129
0.487179 , 0.128205 , 1.388637
0.487179 , 0.153846 , 1.343315
0.487179 , 0.179487 , 1.292215
0.487179 , 0.205128 , 1.232995
0.487179 , 0.230769 , 1.168179
0.487179 , 0.256410 , 1.096621
0.487179 , 0.282051 , 1.018687
0.487179 , 0.307692 , 0.934587
0.487179 , 0.333333 , 0.846340
0.487179 , 0.358974 , 0.753876
0.487179 , 0.384615 , 0.657042
0.487179 , 0.410256 , 0.556391
0.487179 , 0.435897 , 0.453297
0.487179 , 0.461538 , 0.347941
0.487179 , 0.487179 , 0.240673
0.487179 , 0.512821 , 0.131681
0.487179 , 0.538462 , 0.022589
0.487179 , 0.564103 , -0.084971
0.487179 , 0.589744 , -0.190214
0.487179 , 0.615385 , -0.292894
0.487179 , 0.641026 , -0.392633
0.487179 , 0.666667 , -0.489341
0.487179 , 0.692308 , -0.581219
0.487179 , 0.717949 , -0.667638
0.487179 , 0.743590 , -0.748399
0.487179 , 0.769231 , -0.823700
0.487179 , 0.794872 , -0.892235
0.487179 , 0.820513 , -0.953215
0.487179 , 0.846154 , -1.006753
0.487179 , 0.871795 , -1.051577
0.487179 , 0.897436 , -1.087749
0.487179 , 0.923077 , -1.115695
0.487179 , 0.948718 , -1.136301
0.487179 , 0.974359 , -1.149072
0.487179 , 1.000000 , -1.153778
0.512821 , 0.000000 , 1.689294
0.512821 , 0.025641 , 1.684079
0.512821 , 0.051282 , 1.669917
0.512821 , 0.076923 , 1.646137
0.512821 , 0.102564 , 1.615098
0.512821 , 0.128205 , 1.575467
0.512821 , 0.153846 , 1.526687
0.512821 , 0.179487 , 1.471312
0.512821 , 0.205128 , 1.407714
0.512821 , 0.230769 , 1.337106
0.512821 , 0.256410 , 1.259455
0.512821 , 0.282051 , 1.175440
0.512821 , 0.307692 , 1.084672
0.512821 , 0.333333 , 0.989266
0.512821 , 0.358974 , 0.889143
0.512821 , 0.384615 , 0.784321
0.512821 , 0.410256 , 0.675597
0.512821 , 0.435897 , 0.564309
0.512821 , 0.461538 , 0.450729
0.512821 , 0.487179 , 0.334938
0.512821 , 0.512821 , 0.218229
0.512821 , 0.538462 , 0.101080
0.512821 , 0.564103 , -0.014788
0.512821 , 0.589744 , -0.128271
0.512821 , 0.615385 , -0.239186
0.512821 , 0.641026 , -0.346664
0.512821 , 0.666667 , -0.450196
0.512821 , 0.692308 , -0.548659
0.512821 , 0.717949 , -0.640920
0.512821 , 0.743590 , -0.727607
0.512821 , 0.769231 , -0.808471
0.512821 , 0.794872 , -0.881894
0.512821 , 0.820513 , -0.946938
0.512821 , 0.846154 , -1.004015
0.512821 , 0.871795 , -1.052170
0.512821 , 0.897436 , -1.090825
0.512821 , 0.923077 , -1.120856
0.512821 , 0.948718 , -1.142569
0.512821 , 0.974359 , -1.155824
0.512821 , 1.000000 , -1.160570
0.538462 , 0.000000 , 1.886684
0.538462 , 0.025641 , 1.881645
0.538462 , 0.051282 , 1.866398
0.538462 , 0.076923 , 1.840939
0.538462 , 0.102564 , 1.806923
0.538462 , 0.128205 , 1.764094
0.538462 , 0.153846 , 1.711843
0.538462 , 0.179487 , 1.652079
0.538462 , 0.205128 , 1.583986
0.538462 , 0.230769 , 1.507427
0.538462 , 0.256410 , 1.423059
0.538462 , 0.282051 , 1.332283
0.538462 , 0.307692 , 1.234029
0.538462 , 0.333333 , 1.130629
0.538462 , 0.358974 , 1.021973
0.538462 , 0.384615 , 0.908568
0.538462 , 0.410256 , 0.790749
0.538462 , 0.435897 , 0.670102
0.538462 , 0.461538 , 0.547534
0.538462 , 0.487179 , 0.422368
0.538462 , 0.512821 , 0.296187
0.538462 , 0.538462 , 0.170815
0.538462 , 0.564103 , 0.046250
0.538462 , 0.589744 , -0.076196
0.538462 , 0.615385 , -0.195629
0.538462 , 0.641026 , -0.311337
0.538462 , 0.666667 , -0.422569
0.538462 , 0.692308 , -0.528285
0.538462 , 0.717949 , -0.627371
0.538462 , 0.743590 , -0.720183
0.538462 , 0.769231 , -0.806958
0.538462 , 0.794872 , -0.885332
0.538462 , 0.820513 , -0.955276
0.538462 , 0.846154 , -1.016014
0.538462 , 0.871795 , -1.067227
0.538462 , 0.897436 , -1.108260
0.538462 , 0.923077 , -1.140453
0.538462 , 0.948718 , -1.163639
0.538462 , 0.974359 , -1.177769
0.538462 , 1.000000 , -1.182217
0.564103 , 0.000000 , 2.086286
0.564103 , 0.025641 , 2.080847
0.564103 , 0.051282 , 2.064334
0.564103 , 0.076923 , 2.037541
0.564103 , 0.102564 , 2.001087
0.564103 , 0.128205 , 1.955408
0.564103 , 0.153846 , 1.899187
0.564103 , 0.179487 , 1.833920
0.564103 , 0.205128 , 1.761302
0.564103 , 0.230769 , 1.679449
0.564103 , 0.256410 , 1.588492
0.564103 , 0.282051 , 1.490384
0.564103 , 0.307692 , 1.384498
0.564103 , 0.333333 , 1.271805
0.564103 , 0.358974 , 1.153724
0.564103 , 0.384615 , 1.030428
0.564103 , 0.410256 , 0.902834
0.564103 , 0.435897 , 0.771754
0.564103 , 0.461538 , 0.638277
0.564103 , 0.487179 , 0.503213
0.564103 , 0.512821 , 0.366434
0.564103 , 0.538462 , 0.230913
0.564103 , 0.564103 , 0.096436
0.564103 , 0.589744 , -0.035988
0.564103 , 0.615385 , -0.164395
0.564103 , 0.641026 , -0.288298
0.564103 , 0.666667 , -0.407921
0.564103 , 0.692308 , -0.521458
0.564103 , 0.717949 , -0.628151
0.564103 , 0.743590 , -0.727261
0.564103 , 0.769231 , -0.819918
0.564103 , 0.794872 , -0.903595
0.564103 , 0.820513 , -0.978171
0.564103 , 0.846154 , -1.041982
0.564103 , 0.871795 , -1.096276
0.564103 , 0.897436 , -1.140612
0.564103 , 0.923077 , -1.175172
0.564103 , 0.948718 , -1.199828
0.564103 , 0.974359 , -1.214768
0.564103 , 1.000000 , -1.219441
0.589744 , 0.000000 , 2.289682
0.589744 , 0.025641 , 2.283885
0.589744 , 0.051282 , 2.266476
0.589744 , 0.076923 , 2.238281
0.589744 , 0.102564 , 2.199564
0.589744 , 0.128205 , 2.150316
0.589744 , 0.153846 , 2.090103
0.589744 , 0.179487 , 2.020420
0.589744 , 0.205128 , 1.941901
0.589744 , 0.230769 , 1.853929
0.589744 , 0.256410 , 1.756716
0.589744 , 0.282051 , 1.650912
0.589744 , 0.307692 , 1.536276
0.589744 , 0.333333 , 1.413868
0.589744 , 0.358974 , 1.285265
0.589744 , 0.384615 , 1.151502
0.589744 , 0.410256 , 1.012891
0.589744 , 0.435897 , 0.870205
0.589744 , 0.461538 , 0.724181
0.589744 , 0.487179 , 0.576896
0.589744 , 0.512821 , 0.429182
0.589744 , 0.538462 , 0.281902
0.589744 , 0.564103 , 0.136674
0.589744 , 0.589744 , -0.006061
0.589744 , 0.615385 , -0.145108
0.589744 , 0.641026 , -0.278899
0.589744 , 0.666667 , -0.407056
0.589744 , 0.692308 , -0.528920
0.589744 , 0.717949 , -0.642983
0.589744 , 0.743590 , -0.749281
0.589744 , 0.769231 , -0.847690
0.589744 , 0.794872 , -0.936999
0.589744 , 0.820513 , -1.016114
0.589744 , 0.846154 , -1.084015
0.589744 , 0.871795 , -1.141096
0.589744 , 0.897436 , -1.187640
0.589744 , 0.923077 , -1.224293
0.589744 , 0.948718 , -1.250635
0.589744 , 0.974359 , -1.266069
0.589744 , 1.000000 , -1.271246
0.615385 , 0.000000 , 2.497899
0.615385 , 0.025641 , 2.491726
0.615385 , 0.051282 , 2.473607
0.615385 , 0.076923 , 2.443918
0.615385 , 0.102564 , 2.402980
0.615385 , 0.128205 , 2.350549
0.615385 , 0.153846 , 2.286369
0.615385 , 0.179487 , 2.212441
0.615385 , 0.205128 , 2.128573
0.615385 , 0.230769 , 2.034337
0.615385 , 0.256410 , 1.929792
0.615385 , 0.282051 , 1.815420
0.615385 , 0.307692 , 1.691499
0.615385 , 0.333333 , 1.558922
0.615385 , 0.358974 , 1.419076
0.615385 , 0.384615 , 1.272100
0.615385 , 0.410256 , 1.120835
0.615385 , 0.435897 , 0.965136
0.615385 , 0.461538 , 0.806272
0.615385 , 0.487179 , 0.645651
0.615385 , 0.512821 , 0.485307
0.615385 , 0.538462 , 0.325310
0.615385 , 0.564103 , 0.167069
0.615385 , 0.589744 , 0.012459
0.615385 , 0.615385 , -0.138117
0.615385 , 0.641026 , -0.283189
0.615385 , 0.666667 , -0.420286
0.615385 , 0.692308 , -0.550215
0.615385 , 0.717949 , -0.672067
0.615385 , 0.743590 , -0.786074
0.615385 , 0.769231 , -0.891443
0.615385 , 0.794872 , -0.986408
0.615385 , 0.820513 , -1.070124
0.615385 , 0.846154 , -1.142291
0.615385 , 0.871795 , -1.202685
0.615385 , 0.897436 , -1.251421
0.615385 , 0.923077 , -1.290426
0.615385 , 0.948718 , -1.317390
0.615385 , 0.974359 , -1.333687
0.615385 , 1.000000 , -1.338624
0.641026 , 0.000000 , 2.711162
0.641026 , 0.025641 , 2.704811
0.641026 , 0.051282 , 2.686094
0.641026 , 0.076923 , 2.655374
0.641026 , 0.102564 , 2.611932
0.641026 , 0.128205 , 2.557332
0.641026 , 0.153846 , 2.489668
0.641026 , 0.179487 , 2.411339
0.641026 , 0.205128 , 2.321876
0.641026 , 0.230769 , 2.220766
0.641026 , 0.256410 , 2.108384
0.641026 , 0.282051 , 1.985187
0.641026 , 0.307692 , 1.851117
0.641026 , 0.333333 , 1.708081
0.641026 , 0.358974 , 1.555606
0.641026 , 0.384615 , 1.395407
0.641026 , 0.410256 , 1.229227
0.641026 , 0.435897 , 1.058955
0.641026 , 0.461538 , 0.885389
0.641026 , 0.487179 , 0.710328
0.641026 , 0.512821 , 0.534855
0.641026 , 0.538462 , 0.359963
0.641026 , 0.564103 , 0.187558
0.641026 , 0.589744 , 0.019816
0.641026 , 0.615385 , -0.143620
0.641026 , 0.641026 , -0.301125
0.641026 , 0.666667 , -0.449497
0.641026 , 0.692308 , -0.588541
0.641026 , 0.717949 , -0.718447
0.641026 , 0.743590 , -0.840232
0.641026 , 0.769231 , -0.952542
0.641026 , 0.794872 , -1.053340
0.641026 , 0.820513 , -1.140848
0.641026 , 0.846154 , -1.217160
0.641026 , 0.871795 , -1.281727
0.641026 , 0.897436 , -1.333170
0.641026 , 0.923077 , -1.373152
0.641026 , 0.948718 , -1.401220
0.641026 , 0.974359 , -1.417927
0.641026 , 1.000000 , -1.423593
0.666667 , 0.000000 , 2.931535
0.666667 , 0.025641 , 2.924313
0.666667 , 0.051282 , 2.904687
0.666667 , 0.076923 , 2.872815
0.666667 , 0.102564 , 2.828139
0.666667 , 0.128205 , 2.771347
0.666667 , 0.153846 , 2.700927
0.666667 , 0.179487 , 2.618393
0.666667 , 0.205128 , 2.523349
0.666667 , 0.230769 , 2.415219
0.666667 , 0.256410 , 2.295170
0.666667 , 0.282051 , 2.161990
0.666667 , 0.307692 , 2.016305
0.666667 , 0.333333 , 1.860871
0.666667 , 0.358974 , 1.695382
0.666667 , 0.384615 , 1.521537
0.666667 , 0.410256 , 1.340307
0.666667 , 0.435897 , 1.153375
0.666667 , 0.461538 , 0.963559
0.666667 , 0.487179 , 0.771386
0.666667 , 0.512821 , 0.578439
0.666667 , 0.538462 , 0.386782
0.666667 , 0.564103 , 0.197748
0.666667 , 0.589744 , 0.014741
0.666667 , 0.615385 , -0.163180
0.666667 , 0.641026 , -0.333525
0.666667 , 0.666667 , -0.494780
0.666667 , 0.692308 , -0.645148
0.666667 , 0.717949 , -0.784326
0.666667 , 0.743590 , -0.914050
0.666667 , 0.769231 , -1.031919
0.666667 , 0.794872 , -1.137830
0.666667 , 0.820513 , -1.229859
0.666667 , 0.846154 , -1.309430
0.666667 , 0.871795 , -1.376949
0.666667 , 0.897436 , -1.431263
0.666667 , 0.923077 , -1.472982
0.666667 , 0.948718 , -1.502120
0.666667 , 0.974359 , -1.519419
0.666667 , 1.000000 , -1.525564
0.692308 , 0.000000 , 3.158785
0.692308 , 0.025641 , 3.151542
0.692308 , 0.051282 , 3.130754
0.692308 , 0.076923 , 3.098266
0.692308 , 0.102564 , 3.053271
0.692308 , 0.128205 , 2.994010
0.692308 , 0.153846 , 2.921142
0.692308 , 0.179487 , 2.834198
0.692308 , 0.205128 , 2.734316
0.692308 , 0.230769 , 2.619527
0.692308 , 0.256410 , 2.490344
0.692308 , 0.282051 , 2.347087
0.692308 , 0.307692 , 2.189958
0.692308 , 0.333333 , 2.020501
0.692308 , 0.358974 , 1.840055
0.692308 , 0.384615 , 1.651352
0.692308 , 0.410256 , 1.453354
0.692308 , 0.435897 , 1.248643
0.692308 , 0.461538 , 1.040077
0.692308 , 0.487179 , 0.828564
0.692308 , 0.512821 , 0.615738
0.692308 , 0.538462 , 0.405282
0.692308 , 0.564103 , 0.198423
0.692308 , 0.589744 , -0.002055
0.692308 , 0.615385 , -0.196244
0.692308 , 0.641026 , -0.381666
0.692308 , 0.666667 , -0.556659
0.692308 , 0.692308 , -0.719332
0.692308 , 0.717949 , -0.869245
0.692308 , 0.743590 , -1.007068
0.692308 , 0.769231 , -1.130847
0.692308 , 0.794872 , -1.241207
0.692308 , 0.820513 , -1.338584
0.692308 , 0.846154 , -1.421001
0.692308 , 0.871795 , -1.489994
0.692308 , 0.897436 , -1.547074
0.692308 , 0.923077 , -1.590757
0.692308 , 0.948718 , -1.620983
0.692308 , 0.974359 , -1.638521
0.692308 , 1.000000 , -1.644157
0.717949 , 0.000000 , 3.393309
0.717949 , 0.025641 , 3.386308
0.717949 , 0.051282 , 3.365252
0.717949 , 0.076923 , 3.332774
0.717949 , 0.102564 , 3.286559
0.717949 , 0.128205 , 3.226309
0.717949 , 0.153846 , 3.151924
0.717949 , 0.179487 , 3.061290
0.717949 , 0.205128 , 2.956173
0.717949 , 0.230769 , 2.834789
0.717949 , 0.256410 , 2.696649
0.717949 , 0.282051 , 2.542611
0.717949 , 0.307692 , 2.373309
0.717949 , 0.333333 , 2.189420
0.717949 , 0.358974 , 1.992514
0.717949 , 0.384615 , 1.785731
0.717949 , 0.410256 , 1.569149
0.717949 , 0.435897 , 1.344507
0.717949 , 0.461538 , 1.114721
0.717949 , 0.487179 , 0.881750
0.717949 , 0.512821 , 0.647343
0.717949 , 0.538462 , 0.415420
0.717949 , 0.564103 , 0.188385
0.717949 , 0.589744 , -0.031928
0.717949 , 0.615385 , -0.243993
0.717949 , 0.641026 , -0.446311
0.717949 , 0.666667 , -0.636211
0.717949 , 0.692308 , -0.812495
0.717949 , 0.717949 , -0.974088
0.717949 , 0.743590 , -1.120558
0.717949 , 0.769231 , -1.251116
0.717949 , 0.794872 , -1.366696
0.717949 , 0.820513 , -1.467882
0.717949 , 0.846154 , -1.553736
0.717949 , 0.871795 , -1.624005
0.717949 , 0.897436 , -1.681505
0.717949 , 0.923077 , -1.726584
0.717949 , 0.948718 , -1.757065
0.717949 , 0.974359 , -1.775181
0.717949 , 1.000000 , -1.780870
0.743590 , 0.000000 , 3.635244
0.743590 , 0.025641 , 3.629002
0.743590 , 0.051282 , 3.608417
0.743590 , 0.076923 , 3.576102
0.743590 , 0.102564 , 3.529444
0.743590 , 0.128205 , 3.468534
0.743590 , 0.153846 , 3.393843
0.743590 , 0.179487 , 3.301921
0.743590 , 0.205128 , 3.191500
0.743590 , 0.230769 , 3.063399
0.743590 , 0.256410 , 2.916723
0.743590 , 0.282051 , 2.751672
0.743590 , 0.307692 , 2.568917
0.743590 , 0.333333 , 2.368736
0.743590 , 0.358974 , 2.154546
0.743590 , 0.384615 , 1.927652
0.743590 , 0.410256 , 1.689549
0.743590 , 0.435897 , 1.442654
0.743590 , 0.461538 , 1.189118
0.743590 , 0.487179 , 0.931651
0.743590 , 0.512821 , 0.673419
0.743590 , 0.538462 , 0.417047
0.743590 , 0.564103 , 0.166434
0.743590 , 0.589744 , -0.076440
0.743590 , 0.615385 , -0.309441
0.743590 , 0.641026 , -0.530491
0.743590 , 0.666667 , -0.736785
0.743590 , 0.692308 , -0.927354
0.743590 , 0.717949 , -1.101363
0.743590 , 0.743590 , -1.257644
0.743590 , 0.769231 , -1.395537
0.743590 , 0.794872 , -1.515549
0.743590 , 0.820513 , -1.620284
0.743590 , 0.846154 , -1.707971
0.743590 , 0.871795 , -1.779481
0.743590 , 0.897436 , -1.836347
0.743590 , 0.923077 , -1.880633
0.743590 , 0.948718 , -1.910423
0.743590 , 0.974359 , -1.928862
0.743590 , 1.000000 , -1.934218
0.769231 , 0.000000 , 3.885467
0.769231 , 0.025641 , 3.879488
0.769231 , 0.051282 , 3.860858
0.769231 , 0.076923 , 3.829386
0.769231 , 0.102564 , 3.784437
0.769231 , 0.128205 , 3.724287
0.769231 , 0.153846 , 3.649189
0.769231 , 0.179487 , 3.555953
0.769231 , 0.205128 , 3.441392
0.769231 , 0.230769 , 3.307290
0.769231 , 0.256410 , 3.152011
0.769231 , 0.282051 , 2.975348
0.769231 , 0.307692 , 2.778850
0.769231 , 0.333333 , 2.561913
0.769231 , 0.358974 , 2.327911
0.769231 , 0.384615 , 2.079280
0.769231 , 0.410256 , 1.817328
0.769231 , 0.435897 , 1.544776
0.769231 , 0.461538 , 1.264451
0.769231 , 0.487179 , 0.979413
0.769231 , 0.512821 , 0.693667
0.769231 , 0.538462 , 0.410140
0.769231 , 0.564103 , 0.132658
0.769231 , 0.589744 , -0.135363
0.769231 , 0.615385 , -0.391949
0.769231 , 0.641026 , -0.634625
0.769231 , 0.666667 , -0.860252
0.769231 , 0.692308 , -1.066687
0.769231 , 0.717949 , -1.253956
0.769231 , 0.743590 , -1.420735
0.769231 , 0.769231 , -1.566853
0.769231 , 0.794872 , -1.690347
0.769231 , 0.820513 , -1.796073
0.769231 , 0.846154 , -1.884711
0.769231 , 0.871795 , -1.956562
0.769231 , 0.897436 , -2.012348
0.769231 , 0.923077 , -2.054704
0.769231 , 0.948718 , -2.083471
0.769231 , 0.974359 , -2.101056
0.769231 , 1.000000 , -2.106255
0.794872 , 0.000000 , 4.144279
0.794872 , 0.025641 , 4.138219
0.794872 , 0.051282 , 4.121833
0.794872 , 0.076923 , 4.093637
0.794872 , 0.102564 , 4.052034
0.794872 , 0.128205 , 3.994623
0.794872 , 0.153846 , 3.919447
0.794872 , 0.179487 , 3.825630
0.794872 , 0.205128 , 3.707868
0.794872 , 0.230769 , 3.567791
0.794872 , 0.256410 , 3.404341
0.794872 , 0.282051 , 3.216529
0.794872 , 0.307692 , 3.005699
0.794872 , 0.333333 , 2.771650
0.794872 , 0.358974 , 2.515739
0.794872 , 0.384615 , 2.242526
0.794872 , 0.410256 , 1.953252
0.794872 , 0.435897 , 1.651494
0.794872 , 0.461538 , 1.341061
0.794872 , 0.487179 , 1.025292
0.794872 , 0.512821 , 0.707933
0.794872 , 0.538462 , 0.393272
0.794872 , 0.564103 , 0.086508
0.794872 , 0.589744 , -0.210306
0.794872 , 0.615385 , -0.493709
0.794872 , 0.641026 , -0.760577
0.794872 , 0.666667 , -1.007069
0.794872 , 0.692308 , -1.231557
0.794872 , 0.717949 , -1.433310
0.794872 , 0.743590 , -1.611474
0.794872 , 0.769231 , -1.764681
0.794872 , 0.794872 , -1.892506
0.794872 , 0.820513 , -1.999209
0.794872 , 0.846154 , -2.086512
0.794872 , 0.871795 , -2.157589
0.794872 , 0.897436 , -2.210799
0.794872 , 0.923077 , -2.249021
0.794872 , 0.948718 , -2.275173
0.794872 , 0.974359 , -2.290522
0.794872 , 1.000000 , -2.295461
0.820513 , 0.000000 , 4.409222
0.820513 , 0.025641 , 4.404492
0.820513 , 0.051282 , 4.391395
0.820513 , 0.076923 , 4.367649
0.820513 , 0.102564 , 4.330986
0.820513 , 0.128205 , 4.278555
0.820513 , 0.153846 , 4.206600
0.820513 , 0.179487 , 4.114663
0.820513 , 0.205128 , 3.996230
0.820513 , 0.230769 , 3.851277
0.820513 , 0.256410 , 3.679935
0.820513 , 0.282051 , 3.479559
0.820513 , 0.307692 , 3.253185
0.820513 , 0.333333 , 2.999939
0.820513 , 0.358974 , 2.720679
0.820513 , 0.384615 , 2.419838
0.820513 , 0.410256 , 2.099186
0.820513 , 0.435897 , 1.764797
0.820513 , 0.461538 , 1.419753
0.820513 , 0.487179 , 1.068585
0.820513 , 0.512821 , 0.715964
0.820513 , 0.538462 , 0.366234
0.820513 , 0.564103 , 0.024817
0.820513 , 0.589744 , -0.303758
0.820513 , 0.615385 , -0.616957
0.820513 , 0.641026 , -0.910271
0.820513 , 0.666667 , -1.179760
0.820513 , 0.692308 , -1.424223
0.820513 , 0.717949 , -1.641701
0.820513 , 0.743590 , -1.832016
0.820513 , 0.769231 , -1.993044
0.820513 , 0.794872 , -2.124152
0.820513 , 0.820513 , -2.231118
0.820513 , 0.846154 , -2.315832
0.820513 , 0.871795 , -2.382499
0.820513 , 0.897436 , -2.430696
0.820513 , 0.923077 , -2.463602
0.820513 , 0.948718 , -2.484338
0.820513 , 0.974359 , -2.496482
0.820513 , 1.000000 , -2.499683
0.846154 , 0.000000 , 4.678582
0.846154 , 0.025641 , 4.675994
0.846154 , 0.051282 , 4.667754
0.846154 , 0.076923 , 4.650951
0.846154 , 0.102564 , 4.621998
0.846154 , 0.128205 , 4.578039
0.846154 , 0.153846 , 4.513109
0.846154 , 0.179487 , 4.424497
0.846154 , 0.205128 , 4.307818
0.846154 , 0.230769 , 4.159410
0.846154 , 0.256410 , 3.980761
0.846154 , 0.282051 , 3.768893
0.846154 , 0.307692 , 3.524859
0.846154 , 0.333333 , 3.249874
0.846154 , 0.358974 , 2.944629
0.846154 , 0.384615 , 2.612995
0.846154 , 0.410256 , 2.258509
0.846154 , 0.435897 , 1.886898
0.846154 , 0.461538 , 1.502386
0.846154 , 0.487179 , 1.110444
0.846154 , 0.512821 , 0.716924
0.846154 , 0.538462 , 0.327808
0.846154 , 0.564103 , -0.052774
0.846154 , 0.589744 , -0.418070
0.846154 , 0.615385 , -0.765298
0.846154 , 0.641026 , -1.088436
0.846154 , 0.666667 , -1.383447
0.846154 , 0.692308 , -1.649009
0.846154 , 0.717949 , -1.882994
0.846154 , 0.743590 , -2.084716
0.846154 , 0.769231 , -2.253289
0.846154 , 0.794872 , -2.387568
0.846154 , 0.820513 , -2.492553
0.846154 , 0.846154 , -2.572881
0.846154 , 0.871795 , -2.631161
0.846154 , 0.897436 , -2.670662
0.846154 , 0.923077 , -2.695291
0.846154 , 0.948718 , -2.709562
0.846154 , 0.974359 , -2.716580
0.846154 , 1.000000 , -2.718630
0.871795 , 0.000000 , 4.949593
0.871795 , 0.025641 , 4.949589
0.871795 , 0.051282 , 4.948167
0.871795 , 0.076923 , 4.941981
0.871795 , 0.102564 , 4.925427
0.871795 , 0.128205 , 4.894029
0.871795 , 0.153846 , 4.840813
0.871795 , 0.179487 , 4.758864
0.871795 , 0.205128 , 4.645966
0.871795 , 0.230769 , 4.497258
0.871795 , 0.256410 , 4.311824
0.871795 , 0.282051 , 4.087588
0.871795 , 0.307692 , 3.825816
0.871795 , 0.333333 , 3.527342
0.871795 , 0.358974 , 3.193335
0.871795 , 0.384615 , 2.827200
0.871795 , 0.410256 , 2.433577
0.871795 , 0.435897 , 2.019920
0.871795 , 0.461538 , 1.590658
0.871795 , 0.487179 , 1.152891
0.871795 , 0.512821 , 0.713402
0.871795 , 0.538462 , 0.277547
0.871795 , 0.564103 , -0.147322
0.871795 , 0.589744 , -0.554686
0.871795 , 0.615385 , -0.939698
0.871795 , 0.641026 , -1.297363
0.871795 , 0.666667 , -1.621861
0.871795 , 0.692308 , -1.911184
0.871795 , 0.717949 , -2.162510
0.871795 , 0.743590 , -2.375804
0.871795 , 0.769231 , -2.550281
0.871795 , 0.794872 , -2.686246
0.871795 , 0.820513 , -2.788080
0.871795 , 0.846154 , -2.859943
0.871795 , 0.871795 , -2.905866
0.871795 , 0.897436 , -2.932195
0.871795 , 0.923077 , -2.944666
0.871795 , 0.948718 , -2.948318
0.871795 , 0.974359 , -2.948519
0.871795 , 1.000000 , -2.948392
0.897436 , 0.000000 , 5.215831
0.897436 , 0.025641 , 5.220711
0.897436 , 0.051282 , 5.230249
0.897436 , 0.076923 , 5.239713
0.897436 , 0.102564 , 5.242317
0.897436 , 0.128205 , 5.229515
0.897436 , 0.153846 , 5.192342
0.897436 , 0.179487 , 5.123312
0.897436 , 0.205128 , 5.017416
0.897436 , 0.230769 , 4.869412
0.897436 , 0.256410 , 4.677950
0.897436 , 0.282051 , 4.441197
0.897436 , 0.307692 , 4.159804
0.897436 , 0.333333 , 3.834974
0.897436 , 0.358974 , 3.468683
0.897436 , 0.384615 , 3.064938
0.897436 , 0.410256 , 2.628375
0.897436 , 0.435897 , 2.166306
0.897436 , 0.461538 , 1.686350
0.897436 , 0.487179 , 1.195876
0.897436 , 0.512821 , 0.703047
0.897436 , 0.538462 , 0.214310
0.897436 , 0.564103 , -0.261350
0.897436 , 0.589744 , -0.716738
0.897436 , 0.615385 , -1.145117
0.897436 , 0.641026 , -1.540737
0.897436 , 0.666667 , -1.898292
0.897436 , 0.692308 , -2.214322
0.897436 , 0.717949 , -2.485852
0.897436 , 0.743590 , -2.711203
0.897436 , 0.769231 , -2.890586
0.897436 , 0.794872 , -3.025485
0.897436 , 0.820513 , -3.120046
0.897436 , 0.846154 , -3.179303
0.897436 , 0.871795 , -3.208821
0.897436 , 0.897436 , -3.216472
0.897436 , 0.923077 , -3.210392
0.897436 , 0.948718 , -3.197863
0.897436 , 0.974359 , -3.187060
0.897436 , 1.000000 , -3.182903
0.923077 , 0.000000 , 5.472409
0.923077 , 0.025641 , 5.482908
0.923077 , 0.051282 , 5.509580
0.923077 , 0.076923 , 5.542333
0.923077 , 0.102564 , 5.571517
0.923077 , 0.128205 , 5.585103
0.923077 , 0.153846 , 5.570427
0.923077 , 0.179487 , 5.519553
0.923077 , 0.205128 , 5.426660
0.923077 , 0.230769 , 5.283277
0.923077 , 0.256410 , 5.087768
0.923077 , 0.282051 , 4.839128
0.923077 , 0.307692 , 4.536724
0.923077 , 0.333333 , 4.182187
0.923077 , 0.358974 , 3.778838
0.923077 , 0.384615 , 3.331450
0.923077 , 0.410256 , 2.846044
0.923077 , 0.435897 , 2.329206
0.923077 , 0.461538 , 1.791081
0.923077 , 0.487179 , 1.239575
0.923077 , 0.512821 , 0.684981
0.923077 , 0.538462 , 0.135446
0.923077 , 0.564103 , -0.398976
0.923077 , 0.589744 , -0.909066
0.923077 , 0.615385 , -1.387935
0.923077 , 0.641026 , -1.827945
0.923077 , 0.666667 , -2.222314
0.923077 , 0.692308 , -2.567499
0.923077 , 0.717949 , -2.860249
0.923077 , 0.743590 , -3.098396
0.923077 , 0.769231 , -3.281178
0.923077 , 0.794872 , -3.411974
0.923077 , 0.820513 , -3.494260
0.923077 , 0.846154 , -3.535330
0.923077 , 0.871795 , -3.541772
0.923077 , 0.897436 , -3.522861
0.923077 , 0.923077 , -3.489482
0.923077 , 0.948718 , -3.452845
0.923077 , 0.974359 , -3.424765
0.923077 , 1.000000 , -3.414221
0.948718 , 0.000000 , 5.706360
0.948718 , 0.025641 , 5.726334
0.948718 , 0.051282 , 5.778523
0.948718 , 0.076923 , 5.846931
0.948718 , 0.102564 , 5.914231
0.948718 , 0.128205 , 5.964616
0.948718 , 0.153846 , 5.982341
0.948718 , 0.179487 , 5.957087
0.948718 , 0.205128 , 5.881431
0.948718 , 0.230769 , 5.747055
0.948718 , 0.256410 , 5.549886
0.948718 , 0.282051 , 5.288880
0.948718 , 0.307692 , 4.964314
0.948718 , 0.333333 , 4.576722
0.948718 , 0.358974 , 4.131412
0.948718 , 0.384615 , 3.634084
0.948718 , 0.410256 , 3.091242
0.948718 , 0.435897 , 2.512261
0.948718 , 0.461538 , 1.906387
0.948718 , 0.487179 , 1.285301
0.948718 , 0.512821 , 0.659256
0.948718 , 0.538462 , 0.039296
0.948718 , 0.564103 , -0.562596
0.948718 , 0.589744 , -1.136448
0.948718 , 0.615385 , -1.672737
0.948718 , 0.641026 , -2.163436
0.948718 , 0.666667 , -2.600583
0.948718 , 0.692308 , -2.978124
0.948718 , 0.717949 , -3.293000
0.948718 , 0.743590 , -3.543080
0.948718 , 0.769231 , -3.727922
0.948718 , 0.794872 , -3.850813
0.948718 , 0.820513 , -3.915754
0.948718 , 0.846154 , -3.930566
0.948718 , 0.871795 , -3.904495
0.948718 , 0.897436 , -3.848773
0.948718 , 0.923077 , -3.777131
0.948718 , 0.948718 , -3.705100
0.948718 , 0.974359 , -3.650984
0.948718 , 1.000000 , -3.630129
0.974359 , 0.000000 , 5.896771
0.974359 , 0.025641 , 5.934620
0.974359 , 0.051282 , 6.028900
0.974359 , 0.076923 , 6.149134
0.974359 , 0.102564 , 6.269973
0.974359 , 0.128205 , 6.371120
0.974359 , 0.153846 , 6.433774
0.974359 , 0.179487 , 6.443684
0.974359 , 0.205128 , 6.392094
0.974359 , 0.230769 , 6.270516
0.974359 , 0.256410 , 6.074104
0.974359 , 0.282051 , 5.800796
0.974359 , 0.307692 , 5.451122
0.974359 , 0.333333 , 5.027216
0.974359 , 0.358974 , 4.533493
0.974359 , 0.384615 , 3.978501
0.974359 , 0.410256 , 3.369938
0.974359 , 0.435897 , 2.717685
0.974359 , 0.461538 , 2.033984
0.974359 , 0.487179 , 1.332274
0.974359 , 0.512821 , 0.624292
0.974359 , 0.538462 , -0.077129
0.974359 , 0.564103 , -0.757122
0.974359 , 0.589744 , -1.404067
0.974359 , 0.615385 , -2.007240
0.974359 , 0.641026 , -2.555781
0.974359 , 0.666667 , -3.040380
0.974359 , 0.692308 , -3.454860
0.974359 , 0.717949 , -3.794426
0.974359 , 0.743590 , -4.055860
0.974359 , 0.769231 , -4.240187
0.974359 , 0.794872 , -4.350617
0.974359 , 0.820513 , -4.391730
0.974359 , 0.846154 , -4.371412
0.974359 , 0.871795 , -4.301659
0.974359 , 0.897436 , -4.195048
0.974359 , 0.923077 , -4.069390
0.974359 , 0.948718 , -3.945820
0.974359 , 0.974359 , -3.849349
0.974359 , 1.000000 , -3.810487
1.000000 , 0.000000 , 6.008062
1.000000 , 0.025641 , 6.084123
1.000000 , 0.051282 , 6.249985
1.000000 , 0.076923 , 6.448474
1.000000 , 0.102564 , 6.643950
1.000000 , 0.128205 , 6.812407
1.000000 , 0.153846 , 6.933251
1.000000 , 0.179487 , 6.989574
1.000000 , 0.205128 , 6.970364
1.000000 , 0.230769 , 6.866793
1.000000 , 0.256410 , 6.673077
1.000000 , 0.282051 , 6.386680
1.000000 , 0.307692 , 6.009375
1.000000 , 0.333333 , 5.543893
1.000000 , 0.358974 , 4.995965
1.000000 , 0.384615 , 4.374711
1.000000 , 0.410256 , 3.689334
1.000000 , 0.435897 , 2.952218
1.000000 , 0.461538 , 2.177725
1.000000 , 0.487179 , 1.381272
1.000000 , 0.512821 , 0.577915
1.000000 , 0.538462 , -0.217662
1.000000 , 0.564103 , -0.988009
1.000000 , 0.589744 , -1.720076
1.000000 , 0.615385 , -2.399673
1.000000 , 0.641026 , -3.014518
1.000000 , 0.666667 , -3.554233
1.000000 , 0.692308 , -4.009573
1.000000 , 0.717949 , -4.376783
1.000000 , 0.743590 , -4.650712
1.000000 , 0.769231 , -4.831677
1.000000 , 0.794872 , -4.923794
1.000000 , 0.820513 , -4.932649
1.000000 , 0.846154 , -4.866917
1.000000 , 0.871795 , -4.739426
1.000000 , 0.897436 , -4.565618
1.000000 , 0.923077 , -4.364818
1.000000 , 0.948718 , -4.163542
1.000000 , 0.974359 , -3.995651
1.000000 , 1.000000 , -3.918374
