0.000000 , 0.000000 , 3.377311
0.000000 , 0.025641 , 3.377311
0.000000 , 0.051282 , 3.377311
0.000000 , 0.076923 , 3.377311
0.000000 , 0.102564 , 3.377311
0.000000 , 0.128205 , 3.377311
0.000000 , 0.153846 , 3.377311
0.000000 , 0.179487 , 3.377311
0.000000 , 0.205128 , 3.377311
0.000000 , 0.230769 , 3.377311
0.000000 , 0.256410 , 3.377311
0.000000 , 0.282051 , 3.377311
0.000000 , 0.307692 , 3.377311
0.000000 , 0.333333 , 3.377311
0.000000 , 0.358974 , 3.377311
0.000000 , 0.384615 , 3.377311
0.000000 , 0.410256 , 3.377311
0.000000 , 0.435897 , 3.377311
0.000000 , 0.461538 , 3.377311
0.000000 , 0.487179 , 3.377311
0.000000 , 0.512821 , 3.377311
0.000000 , 0.538462 , 3.377311
0.000000 , 0.564103 , 3.377311
0.000000 , 0.589744 , 3.377311
0.000000 , 0.615385 , 3.377311
0.000000 , 0.641026 , 3.377311
0.000000 , 0.666667 , 3.377311
0.000000 , 0.692308 , 3.377311
0.000000 , 0.717949 , 3.377311
0.000000 , 0.743590 , 3.377311
0.000000 , 0.769231 , 3.377311
0.000000 , 0.794872 , 3.377311
0.000000 , 0.820513 , 3.377311
0.000000 , 0.846154 , 3.377311
0.000000 , 0.871795 , 3.377311
0.000000 , 0.897436 , 3.377311
0.000000 , 0.923077 , 3.377311
0.000000 , 0.948718 , 3.377311
0.000000 , 0.974359 , 3.377311
0.000000 , 1.000000 , 3.377311
0.025641 , 0.000000 , 3.322106
0.025641 , 0.025641 , 3.322636
0.025641 , 0.051282 , 3.324324
0.025641 , 0.076923 , 3.325263
0.025641 , 0.102564 , 3.326001
0.025641 , 0.128205 , 3.326530
0.025641 , 0.153846 , 3.326518
0.025641 , 0.179487 , 3.325833
0.025641 , 0.205128 , 3.323709
0.025641 , 0.230769 , 3.322700
0.025641 , 0.256410 , 3.321725
0.025641 , 0.282051 , 3.319929
0.025641 , 0.307692 , 3.319093
0.025641 , 0.333333 , 3.317844
0.025641 , 0.358974 , 3.315969
0.025641 , 0.384615 , 3.314015
0.025641 , 0.410256 , 3.312038
0.025641 , 0.435897 , 3.309686
0.025641 , 0.461538 , 3.307535
0.025641 , 0.487179 , 3.305255
0.025641 , 0.512821 , 3.303612
0.025641 , 0.538462 , 3.301159
0.025641 , 0.564103 , 3.298947
0.025641 , 0.589744 , 3.296813
0.025641 , 0.615385 , 3.295337
0.025641 , 0.641026 , 3.294119
0.025641 , 0.666667 , 3.292743
0.025641 , 0.692308 , 3.291431
0.025641 , 0.717949 , 3.290318
0.025641 , 0.743590 , 3.289848
0.025641 , 0.769231 , 3.289645
0.025641 , 0.794872 , 3.289191
0.025641 , 0.820513 , 3.288604
0.025641 , 0.846154 , 3.288229
0.025641 , 0.871795 , 3.288167
0.025641 , 0.897436 , 3.287761
0.025641 , 0.923077 , 3.287834
0.025641 , 0.948718 , 3.287601
0.025641 , 0.974359 , 3.287461
0.025641 , 1.000000 , 3.287342
0.051282 , 0.000000 , 3.258423
0.051282 , 0.025641 , 3.259136
0.051282 , 0.051282 , 3.261093
0.051282 , 0.076923 , 3.262866
0.051282 , 0.102564 , 3.264281
0.051282 , 0.128205 , 3.265600
0.051282 , 0.153846 , 3.266139
0.051282 , 0.179487 , 3.265496
0.051282 , 0.205128 , 3.263113
0.051282 , 0.230769 , 3.260708
0.051282 , 0.256410 , 3.258356
0.051282 , 0.282051 , 3.255263
0.051282 , 0.307692 , 3.253096
0.051282 , 0.333333 , 3.250431
0.051282 , 0.358974 , 3.247081
0.051282 , 0.384615 , 3.243212
0.051282 , 0.410256 , 3.239457
0.051282 , 0.435897 , 3.235336
0.051282 , 0.461538 , 3.230135
0.051282 , 0.487179 , 3.225847
0.051282 , 0.512821 , 3.221439
0.051282 , 0.538462 , 3.217085
0.051282 , 0.564103 , 3.213101
0.051282 , 0.589744 , 3.210060
0.051282 , 0.615385 , 3.206711
0.051282 , 0.641026 , 3.203258
0.051282 , 0.666667 , 3.200087
0.051282 , 0.692308 , 3.197887
0.051282 , 0.717949 , 3.196223
0.051282 , 0.743590 , 3.194995
0.051282 , 0.769231 , 3.194290
0.051282 , 0.794872 , 3.193574
0.051282 , 0.820513 , 3.192961
0.051282 , 0.846154 , 3.192273
0.051282 , 0.871795 , 3.191705
0.051282 , 0.897436 , 3.191431
0.051282 , 0.923077 , 3.191393
0.051282 , 0.948718 , 3.191653
0.051282 , 0.974359 , 3.191452
0.051282 , 1.000000 , 3.191254
0.076923 , 0.000000 , 3.184959
0.076923 , 0.025641 , 3.186117
0.076923 , 0.051282 , 3.188296
0.076923 , 0.076923 , 3.190697
0.076923 , 0.102564 , 3.192839
0.076923 , 0.128205 , 3.195198
0.076923 , 0.153846 , 3.196595
0.076923 , 0.179487 , 3.196533
0.076923 , 0.205128 , 3.194827
0.076923 , 0.230769 , 3.192056
0.076923 , 0.256410 , 3.187758
0.076923 , 0.282051 , 3.183252
0.076923 , 0.307692 , 3.179607
0.076923 , 0.333333 , 3.176346
0.076923 , 0.358974 , 3.171594
0.076923 , 0.384615 , 3.165388
0.076923 , 0.410256 , 3.159112
0.076923 , 0.435897 , 3.153007
0.076923 , 0.461538 , 3.145582
0.076923 , 0.487179 , 3.139006
0.076923 , 0.512821 , 3.133106
0.076923 , 0.538462 , 3.126706
0.076923 , 0.564103 , 3.121055
0.076923 , 0.589744 , 3.116775
0.076923 , 0.615385 , 3.111708
0.076923 , 0.641026 , 3.106820
0.076923 , 0.666667 , 3.102929
0.076923 , 0.692308 , 3.099460
0.076923 , 0.717949 , 3.096822
0.076923 , 0.743590 , 3.095039
0.076923 , 0.769231 , 3.093874
0.076923 , 0.794872 , 3.093046
0.076923 , 0.820513 , 3.091569
0.076923 , 0.846154 , 3.090428
0.076923 , 0.871795 , 3.089505
0.076923 , 0.897436 , 3.089386
0.076923 , 0.923077 , 3.089351
0.076923 , 0.948718 , 3.088996
0.076923 , 0.974359 , 3.089909
0.076923 , 1.000000 , 3.089683
0.102564 , 0.000000 , 3.102983
0.102564 , 0.025641 , 3.104556
0.102564 , 0.051282 , 3.107983
0.102564 , 0.076923 , 3.111099
0.102564 , 0.102564 , 3.113519
0.102564 , 0.128205 , 3.116789
0.102564 , 0.153846 , 3.119003
0.102564 , 0.179487 , 3.119588
0.102564 , 0.205128 , 3.118061
0.102564 , 0.230769 , 3.115306
0.102564 , 0.256410 , 3.110406
0.102564 , 0.282051 , 3.104268
0.102564 , 0.307692 , 3.099338
0.102564 , 0.333333 , 3.095202
0.102564 , 0.358974 , 3.089585
0.102564 , 0.384615 , 3.082396
0.102564 , 0.410256 , 3.073536
0.102564 , 0.435897 , 3.064890
0.102564 , 0.461538 , 3.055677
0.102564 , 0.487179 , 3.046566
0.102564 , 0.512821 , 3.039204
0.102564 , 0.538462 , 3.031607
0.102564 , 0.564103 , 3.024189
0.102564 , 0.589744 , 3.017517
0.102564 , 0.615385 , 3.011377
0.102564 , 0.641026 , 3.005016
0.102564 , 0.666667 , 2.999944
0.102564 , 0.692308 , 2.996497
0.102564 , 0.717949 , 2.993448
0.102564 , 0.743590 , 2.991011
0.102564 , 0.769231 , 2.989023
0.102564 , 0.794872 , 2.987007
0.102564 , 0.820513 , 2.985979
0.102564 , 0.846154 , 2.984875
0.102564 , 0.871795 , 2.983715
0.102564 , 0.897436 , 2.982850
0.102564 , 0.923077 , 2.981980
0.102564 , 0.948718 , 2.982284
0.102564 , 0.974359 , 2.982446
0.102564 , 1.000000 , 2.982505
0.128205 , 0.000000 , 3.014551
0.128205 , 0.025641 , 3.016411
0.128205 , 0.051282 , 3.020074
0.128205 , 0.076923 , 3.024280
0.128205 , 0.102564 , 3.027415
0.128205 , 0.128205 , 3.030839
0.128205 , 0.153846 , 3.033713
0.128205 , 0.179487 , 3.034918
0.128205 , 0.205128 , 3.033905
0.128205 , 0.230769 , 3.031543
0.128205 , 0.256410 , 3.027425
0.128205 , 0.282051 , 3.021058
0.128205 , 0.307692 , 3.015115
0.128205 , 0.333333 , 3.009122
0.128205 , 0.358974 , 3.001434
0.128205 , 0.384615 , 2.993246
0.128205 , 0.410256 , 2.983074
0.128205 , 0.435897 , 2.972548
0.128205 , 0.461538 , 2.962017
0.128205 , 0.487179 , 2.950957
0.128205 , 0.512821 , 2.941111
0.128205 , 0.538462 , 2.931484
0.128205 , 0.564103 , 2.922874
0.128205 , 0.589744 , 2.915178
0.128205 , 0.615385 , 2.907888
0.128205 , 0.641026 , 2.899953
0.128205 , 0.666667 , 2.893361
0.128205 , 0.692308 , 2.888595
0.128205 , 0.717949 , 2.885160
0.128205 , 0.743590 , 2.882734
0.128205 , 0.769231 , 2.880049
0.128205 , 0.794872 , 2.877697
0.128205 , 0.820513 , 2.875918
0.128205 , 0.846154 , 2.875337
0.128205 , 0.871795 , 2.873894
0.128205 , 0.897436 , 2.872633
0.128205 , 0.923077 , 2.871908
0.128205 , 0.948718 , 2.872683
0.128205 , 0.974359 , 2.872865
0.128205 , 1.000000 , 2.873109
0.153846 , 0.000000 , 2.920269
0.153846 , 0.025641 , 2.923111
0.153846 , 0.051282 , 2.926868
0.153846 , 0.076923 , 2.931281
0.153846 , 0.102564 , 2.935061
0.153846 , 0.128205 , 2.938848
0.153846 , 0.153846 , 2.941641
0.153846 , 0.179487 , 2.943078
0.153846 , 0.205128 , 2.942346
0.153846 , 0.230769 , 2.940487
0.153846 , 0.256410 , 2.937161
0.153846 , 0.282051 , 2.931748
0.153846 , 0.307692 , 2.924960
0.153846 , 0.333333 , 2.917615
0.153846 , 0.358974 , 2.908584
0.153846 , 0.384615 , 2.899035
0.153846 , 0.410256 , 2.887723
0.153846 , 0.435897 , 2.875869
0.153846 , 0.461538 , 2.863830
0.153846 , 0.487179 , 2.851151
0.153846 , 0.512821 , 2.839772
0.153846 , 0.538462 , 2.828866
0.153846 , 0.564103 , 2.818529
0.153846 , 0.589744 , 2.809014
0.153846 , 0.615385 , 2.800433
0.153846 , 0.641026 , 2.791943
0.153846 , 0.666667 , 2.784205
0.153846 , 0.692308 , 2.778521
0.153846 , 0.717949 , 2.774095
0.153846 , 0.743590 , 2.771387
0.153846 , 0.769231 , 2.768153
0.153846 , 0.794872 , 2.765732
0.153846 , 0.820513 , 2.763845
0.153846 , 0.846154 , 2.762758
0.153846 , 0.871795 , 2.761082
0.153846 , 0.897436 , 2.759783
0.153846 , 0.923077 , 2.759875
0.153846 , 0.948718 , 2.760821
0.153846 , 0.974359 , 2.762027
0.153846 , 1.000000 , 2.762035
0.179487 , 0.000000 , 2.823292
0.179487 , 0.025641 , 2.825596
0.179487 , 0.051282 , 2.828811
0.179487 , 0.076923 , 2.832950
0.179487 , 0.102564 , 2.835919
0.179487 , 0.128205 , 2.840194
0.179487 , 0.153846 , 2.843573
0.179487 , 0.179487 , 2.845634
0.179487 , 0.205128 , 2.845820
0.179487 , 0.230769 , 2.843803
0.179487 , 0.256410 , 2.840279
0.179487 , 0.282051 , 2.834523
0.179487 , 0.307692 , 2.828308
0.179487 , 0.333333 , 2.820240
0.179487 , 0.358974 , 2.810988
0.179487 , 0.384615 , 2.800420
0.179487 , 0.410256 , 2.788262
0.179487 , 0.435897 , 2.775360
0.179487 , 0.461538 , 2.762095
0.179487 , 0.487179 , 2.748528
0.179487 , 0.512821 , 2.736214
0.179487 , 0.538462 , 2.723908
0.179487 , 0.564103 , 2.712206
0.179487 , 0.589744 , 2.700771
0.179487 , 0.615385 , 2.690885
0.179487 , 0.641026 , 2.681835
0.179487 , 0.666667 , 2.673709
0.179487 , 0.692308 , 2.666951
0.179487 , 0.717949 , 2.661884
0.179487 , 0.743590 , 2.658593
0.179487 , 0.769231 , 2.654359
0.179487 , 0.794872 , 2.651201
0.179487 , 0.820513 , 2.649093
0.179487 , 0.846154 , 2.648702
0.179487 , 0.871795 , 2.646883
0.179487 , 0.897436 , 2.645832
0.179487 , 0.923077 , 2.646740
0.179487 , 0.948718 , 2.648834
0.179487 , 0.974359 , 2.649265
0.179487 , 1.000000 , 2.649272
0.205128 , 0.000000 , 2.723702
0.205128 , 0.025641 , 2.724963
0.205128 , 0.051282 , 2.727062
0.205128 , 0.076923 , 2.729987
0.205128 , 0.102564 , 2.732494
0.205128 , 0.128205 , 2.736449
0.205128 , 0.153846 , 2.739839
0.205128 , 0.179487 , 2.742600
0.205128 , 0.205128 , 2.743060
0.205128 , 0.230769 , 2.741474
0.205128 , 0.256410 , 2.737771
0.205128 , 0.282051 , 2.732126
0.205128 , 0.307692 , 2.725676
0.205128 , 0.333333 , 2.717176
0.205128 , 0.358974 , 2.707817
0.205128 , 0.384615 , 2.697036
0.205128 , 0.410256 , 2.684983
0.205128 , 0.435897 , 2.671265
0.205128 , 0.461538 , 2.657695
0.205128 , 0.487179 , 2.643948
0.205128 , 0.512821 , 2.631180
0.205128 , 0.538462 , 2.617736
0.205128 , 0.564103 , 2.605231
0.205128 , 0.589744 , 2.592568
0.205128 , 0.615385 , 2.581124
0.205128 , 0.641026 , 2.571160
0.205128 , 0.666667 , 2.563053
0.205128 , 0.692308 , 2.556005
0.205128 , 0.717949 , 2.549577
0.205128 , 0.743590 , 2.545099
0.205128 , 0.769231 , 2.540934
0.205128 , 0.794872 , 2.536663
0.205128 , 0.820513 , 2.534137
0.205128 , 0.846154 , 2.532872
0.205128 , 0.871795 , 2.532178
0.205128 , 0.897436 , 2.532735
0.205128 , 0.923077 , 2.533967
0.205128 , 0.948718 , 2.536035
0.205128 , 0.974359 , 2.536349
0.205128 , 1.000000 , 2.535381
0.230769 , 0.000000 , 2.619267
0.230769 , 0.025641 , 2.619999
0.230769 , 0.051282 , 2.621627
0.230769 , 0.076923 , 2.623466
0.230769 , 0.102564 , 2.625726
0.230769 , 0.128205 , 2.629122
0.230769 , 0.153846 , 2.631708
0.230769 , 0.179487 , 2.634357
0.230769 , 0.205128 , 2.635415
0.230769 , 0.230769 , 2.633755
0.230769 , 0.256410 , 2.630177
0.230769 , 0.282051 , 2.624686
0.230769 , 0.307692 , 2.618436
0.230769 , 0.333333 , 2.609834
0.230769 , 0.358974 , 2.600525
0.230769 , 0.384615 , 2.589778
0.230769 , 0.410256 , 2.578427
0.230769 , 0.435897 , 2.564844
0.230769 , 0.461538 , 2.550453
0.230769 , 0.487179 , 2.536831
0.230769 , 0.512821 , 2.523231
0.230769 , 0.538462 , 2.509616
0.230769 , 0.564103 , 2.496382
0.230769 , 0.589744 , 2.483337
0.230769 , 0.615385 , 2.471357
0.230769 , 0.641026 , 2.460709
0.230769 , 0.666667 , 2.451905
0.230769 , 0.692308 , 2.445119
0.230769 , 0.717949 , 2.438594
0.230769 , 0.743590 , 2.432504
0.230769 , 0.769231 , 2.427565
0.230769 , 0.794872 , 2.422534
0.230769 , 0.820513 , 2.418838
0.230769 , 0.846154 , 2.417745
0.230769 , 0.871795 , 2.417221
0.230769 , 0.897436 , 2.418516
0.230769 , 0.923077 , 2.420390
0.230769 , 0.948718 , 2.421464
0.230769 , 0.974359 , 2.421705
0.230769 , 1.000000 , 2.420838
0.256410 , 0.000000 , 2.510126
0.256410 , 0.025641 , 2.510361
0.256410 , 0.051282 , 2.511724
0.256410 , 0.076923 , 2.513404
0.256410 , 0.102564 , 2.515573
0.256410 , 0.128205 , 2.518621
0.256410 , 0.153846 , 2.520840
0.256410 , 0.179487 , 2.522675
0.256410 , 0.205128 , 2.523213
0.256410 , 0.230769 , 2.521782
0.256410 , 0.256410 , 2.517765
0.256410 , 0.282051 , 2.512837
0.256410 , 0.307692 , 2.506925
0.256410 , 0.333333 , 2.498560
0.256410 , 0.358974 , 2.489363
0.256410 , 0.384615 , 2.479070
0.256410 , 0.410256 , 2.468499
0.256410 , 0.435897 , 2.455675
0.256410 , 0.461538 , 2.441751
0.256410 , 0.487179 , 2.427511
0.256410 , 0.512821 , 2.413730
0.256410 , 0.538462 , 2.400283
0.256410 , 0.564103 , 2.387011
0.256410 , 0.589744 , 2.373892
0.256410 , 0.615385 , 2.361506
0.256410 , 0.641026 , 2.350340
0.256410 , 0.666667 , 2.341465
0.256410 , 0.692308 , 2.334256
0.256410 , 0.717949 , 2.326828
0.256410 , 0.743590 , 2.320557
0.256410 , 0.769231 , 2.314667
0.256410 , 0.794872 , 2.309107
0.256410 , 0.820513 , 2.305410
0.256410 , 0.846154 , 2.304285
0.256410 , 0.871795 , 2.304206
0.256410 , 0.897436 , 2.305658
0.256410 , 0.923077 , 2.307191
0.256410 , 0.948718 , 2.307236
0.256410 , 0.974359 , 2.307182
0.256410 , 1.000000 , 2.306263
0.282051 , 0.000000 , 2.397805
0.282051 , 0.025641 , 2.397597
0.282051 , 0.051282 , 2.398797
0.282051 , 0.076923 , 2.400862
0.282051 , 0.102564 , 2.402759
0.282051 , 0.128205 , 2.405011
0.282051 , 0.153846 , 2.406844
0.282051 , 0.179487 , 2.408233
0.282051 , 0.205128 , 2.408281
0.282051 , 0.230769 , 2.406452
0.282051 , 0.256410 , 2.402804
0.282051 , 0.282051 , 2.397872
0.282051 , 0.307692 , 2.392243
0.282051 , 0.333333 , 2.384474
0.282051 , 0.358974 , 2.376291
0.282051 , 0.384615 , 2.366287
0.282051 , 0.410256 , 2.356014
0.282051 , 0.435897 , 2.344510
0.282051 , 0.461538 , 2.331451
0.282051 , 0.487179 , 2.317709
0.282051 , 0.512821 , 2.304144
0.282051 , 0.538462 , 2.290526
0.282051 , 0.564103 , 2.277280
0.282051 , 0.589744 , 2.264819
0.282051 , 0.615385 , 2.252676
0.282051 , 0.641026 , 2.241414
0.282051 , 0.666667 , 2.231701
0.282051 , 0.692308 , 2.223679
0.282051 , 0.717949 , 2.215898
0.282051 , 0.743590 , 2.209219
0.282051 , 0.769231 , 2.203707
0.282051 , 0.794872 , 2.198385
0.282051 , 0.820513 , 2.194323
0.282051 , 0.846154 , 2.192551
0.282051 , 0.871795 , 2.192478
0.282051 , 0.897436 , 2.193985
0.282051 , 0.923077 , 2.195016
0.282051 , 0.948718 , 2.194241
0.282051 , 0.974359 , 2.193488
0.282051 , 1.000000 , 2.193100
0.307692 , 0.000000 , 2.282680
0.307692 , 0.025641 , 2.282410
0.307692 , 0.051282 , 2.283330
0.307692 , 0.076923 , 2.285989
0.307692 , 0.102564 , 2.288312
0.307692 , 0.128205 , 2.289794
0.307692 , 0.153846 , 2.290754
0.307692 , 0.179487 , 2.291586
0.307692 , 0.205128 , 2.291377
0.307692 , 0.230769 , 2.289050
0.307692 , 0.256410 , 2.285198
0.307692 , 0.282051 , 2.281057
0.307692 , 0.307692 , 2.275622
0.307692 , 0.333333 , 2.268702
0.307692 , 0.358974 , 2.261302
0.307692 , 0.384615 , 2.252378
0.307692 , 0.410256 , 2.242589
0.307692 , 0.435897 , 2.231848
0.307692 , 0.461538 , 2.219832
0.307692 , 0.487179 , 2.206358
0.307692 , 0.512821 , 2.193437
0.307692 , 0.538462 , 2.180450
0.307692 , 0.564103 , 2.167911
0.307692 , 0.589744 , 2.156102
0.307692 , 0.615385 , 2.144583
0.307692 , 0.641026 , 2.134103
0.307692 , 0.666667 , 2.123998
0.307692 , 0.692308 , 2.115637
0.307692 , 0.717949 , 2.107406
0.307692 , 0.743590 , 2.100526
0.307692 , 0.769231 , 2.094513
0.307692 , 0.794872 , 2.090469
0.307692 , 0.820513 , 2.086665
0.307692 , 0.846154 , 2.083616
0.307692 , 0.871795 , 2.082067
0.307692 , 0.897436 , 2.082856
0.307692 , 0.923077 , 2.082858
0.307692 , 0.948718 , 2.082308
0.307692 , 0.974359 , 2.081957
0.307692 , 1.000000 , 2.081323
0.333333 , 0.000000 , 2.167077
0.333333 , 0.025641 , 2.166409
0.333333 , 0.051282 , 2.166816
0.333333 , 0.076923 , 2.169028
0.333333 , 0.102564 , 2.171611
0.333333 , 0.128205 , 2.172651
0.333333 , 0.153846 , 2.173336
0.333333 , 0.179487 , 2.173619
0.333333 , 0.205128 , 2.172765
0.333333 , 0.230769 , 2.170487
0.333333 , 0.256410 , 2.166598
0.333333 , 0.282051 , 2.162205
0.333333 , 0.307692 , 2.157518
0.333333 , 0.333333 , 2.152125
0.333333 , 0.358974 , 2.145684
0.333333 , 0.384615 , 2.137723
0.333333 , 0.410256 , 2.128333
0.333333 , 0.435897 , 2.118362
0.333333 , 0.461538 , 2.107676
0.333333 , 0.487179 , 2.095782
0.333333 , 0.512821 , 2.083823
0.333333 , 0.538462 , 2.071963
0.333333 , 0.564103 , 2.059836
0.333333 , 0.589744 , 2.048977
0.333333 , 0.615385 , 2.037909
0.333333 , 0.641026 , 2.027919
0.333333 , 0.666667 , 2.018494
0.333333 , 0.692308 , 2.009896
0.333333 , 0.717949 , 2.000953
0.333333 , 0.743590 , 1.993577
0.333333 , 0.769231 , 1.987349
0.333333 , 0.794872 , 1.983082
0.333333 , 0.820513 , 1.980047
0.333333 , 0.846154 , 1.976953
0.333333 , 0.871795 , 1.974414
0.333333 , 0.897436 , 1.973754
0.333333 , 0.923077 , 1.972968
0.333333 , 0.948718 , 1.972543
0.333333 , 0.974359 , 1.972116
0.333333 , 1.000000 , 1.971529
0.358974 , 0.000000 , 2.050818
0.358974 , 0.025641 , 2.050389
0.358974 , 0.051282 , 2.050444
0.358974 , 0.076923 , 2.051919
0.358974 , 0.102564 , 2.054020
0.358974 , 0.128205 , 2.054682
0.358974 , 0.153846 , 2.054351
0.358974 , 0.179487 , 2.053510
0.358974 , 0.205128 , 2.052889
0.358974 , 0.230769 , 2.050260
0.358974 , 0.256410 , 2.046567
0.358974 , 0.282051 , 2.042103
0.358974 , 0.307692 , 2.038364
0.358974 , 0.333333 , 2.034335
0.358974 , 0.358974 , 2.028771
0.358974 , 0.384615 , 2.022325
0.358974 , 0.410256 , 2.014064
0.358974 , 0.435897 , 2.004697
0.358974 , 0.461538 , 1.995603
0.358974 , 0.487179 , 1.985971
0.358974 , 0.512821 , 1.975632
0.358974 , 0.538462 , 1.964857
0.358974 , 0.564103 , 1.953825
0.358974 , 0.589744 , 1.943369
0.358974 , 0.615385 , 1.933401
0.358974 , 0.641026 , 1.923808
0.358974 , 0.666667 , 1.915138
0.358974 , 0.692308 , 1.907015
0.358974 , 0.717949 , 1.898444
0.358974 , 0.743590 , 1.890560
0.358974 , 0.769231 , 1.884443
0.358974 , 0.794872 , 1.879720
0.358974 , 0.820513 , 1.875872
0.358974 , 0.846154 , 1.872373
0.358974 , 0.871795 , 1.869487
0.358974 , 0.897436 , 1.868044
0.358974 , 0.923077 , 1.866958
0.358974 , 0.948718 , 1.865553
0.358974 , 0.974359 , 1.865261
0.358974 , 1.000000 , 1.864995
0.384615 , 0.000000 , 1.933633
0.384615 , 0.025641 , 1.933833
0.384615 , 0.051282 , 1.933826
0.384615 , 0.076923 , 1.934623
0.384615 , 0.102564 , 1.935995
0.384615 , 0.128205 , 1.936216
0.384615 , 0.153846 , 1.935442
0.384615 , 0.179487 , 1.933474
0.384615 , 0.205128 , 1.931930
0.384615 , 0.230769 , 1.929556
0.384615 , 0.256410 , 1.925950
0.384615 , 0.282051 , 1.921949
0.384615 , 0.307692 , 1.918363
0.384615 , 0.333333 , 1.914734
0.384615 , 0.358974 , 1.910585
0.384615 , 0.384615 , 1.906076
0.384615 , 0.410256 , 1.899536
0.384615 , 0.435897 , 1.891829
0.384615 , 0.461538 , 1.883941
0.384615 , 0.487179 , 1.876599
0.384615 , 0.512821 , 1.867850
0.384615 , 0.538462 , 1.858597
0.384615 , 0.564103 , 1.848592
0.384615 , 0.589744 , 1.839072
0.384615 , 0.615385 , 1.830053
0.384615 , 0.641026 , 1.821685
0.384615 , 0.666667 , 1.814535
0.384615 , 0.692308 , 1.806556
0.384615 , 0.717949 , 1.798058
0.384615 , 0.743590 , 1.790563
0.384615 , 0.769231 , 1.784374
0.384615 , 0.794872 , 1.779018
0.384615 , 0.820513 , 1.774710
0.384615 , 0.846154 , 1.771035
0.384615 , 0.871795 , 1.768032
0.384615 , 0.897436 , 1.766384
0.384615 , 0.923077 , 1.764856
0.384615 , 0.948718 , 1.763083
0.384615 , 0.974359 , 1.762985
0.384615 , 1.000000 , 1.762810
0.410256 , 0.000000 , 1.817230
0.410256 , 0.025641 , 1.817297
0.410256 , 0.051282 , 1.817355
0.410256 , 0.076923 , 1.817624
0.410256 , 0.102564 , 1.818588
0.410256 , 0.128205 , 1.817510
0.410256 , 0.153846 , 1.815863
0.410256 , 0.179487 , 1.814458
0.410256 , 0.205128 , 1.812609
0.410256 , 0.230769 , 1.809944
0.410256 , 0.256410 , 1.806223
0.410256 , 0.282051 , 1.802705
0.410256 , 0.307692 , 1.799701
0.410256 , 0.333333 , 1.796682
0.410256 , 0.358974 , 1.793725
0.410256 , 0.384615 , 1.790293
0.410256 , 0.410256 , 1.785768
0.410256 , 0.435897 , 1.780266
0.410256 , 0.461538 , 1.774123
0.410256 , 0.487179 , 1.768390
0.410256 , 0.512821 , 1.761340
0.410256 , 0.538462 , 1.753386
0.410256 , 0.564103 , 1.744956
0.410256 , 0.589744 , 1.736353
0.410256 , 0.615385 , 1.728228
0.410256 , 0.641026 , 1.720915
0.410256 , 0.666667 , 1.714570
0.410256 , 0.692308 , 1.707211
0.410256 , 0.717949 , 1.699714
0.410256 , 0.743590 , 1.692966
0.410256 , 0.769231 , 1.687512
0.410256 , 0.794872 , 1.681581
0.410256 , 0.820513 , 1.676886
0.410256 , 0.846154 , 1.673016
0.410256 , 0.871795 , 1.669894
0.410256 , 0.897436 , 1.667846
0.410256 , 0.923077 , 1.666625
0.410256 , 0.948718 , 1.664686
0.410256 , 0.974359 , 1.664501
0.410256 , 1.000000 , 1.664323
0.435897 , 0.000000 , 1.703033
0.435897 , 0.025641 , 1.702658
0.435897 , 0.051282 , 1.702096
0.435897 , 0.076923 , 1.701788
0.435897 , 0.102564 , 1.702084
0.435897 , 0.128205 , 1.700653
0.435897 , 0.153846 , 1.698481
0.435897 , 0.179487 , 1.696789
0.435897 , 0.205128 , 1.694987
0.435897 , 0.230769 , 1.691822
0.435897 , 0.256410 , 1.688228
0.435897 , 0.282051 , 1.685635
0.435897 , 0.307692 , 1.683146
0.435897 , 0.333333 , 1.680902
0.435897 , 0.358974 , 1.679367
0.435897 , 0.384615 , 1.676841
0.435897 , 0.410256 , 1.673673
0.435897 , 0.435897 , 1.669669
0.435897 , 0.461538 , 1.664847
0.435897 , 0.487179 , 1.660679
0.435897 , 0.512821 , 1.656017
0.435897 , 0.538462 , 1.650187
0.435897 , 0.564103 , 1.643282
0.435897 , 0.589744 , 1.635898
0.435897 , 0.615385 , 1.628827
0.435897 , 0.641026 , 1.622328
0.435897 , 0.666667 , 1.616794
0.435897 , 0.692308 , 1.610414
0.435897 , 0.717949 , 1.604228
0.435897 , 0.743590 , 1.598454
0.435897 , 0.769231 , 1.593390
0.435897 , 0.794872 , 1.588393
0.435897 , 0.820513 , 1.583340
0.435897 , 0.846154 , 1.579460
0.435897 , 0.871795 , 1.576101
0.435897 , 0.897436 , 1.573608
0.435897 , 0.923077 , 1.571708
0.435897 , 0.948718 , 1.569943
0.435897 , 0.974359 , 1.569775
0.435897 , 1.000000 , 1.569629
0.461538 , 0.000000 , 1.589180
0.461538 , 0.025641 , 1.588743
0.461538 , 0.051282 , 1.587880
0.461538 , 0.076923 , 1.587366
0.461538 , 0.102564 , 1.587132
0.461538 , 0.128205 , 1.585636
0.461538 , 0.153846 , 1.583190
0.461538 , 0.179487 , 1.581471
0.461538 , 0.205128 , 1.579057
0.461538 , 0.230769 , 1.575996
0.461538 , 0.256410 , 1.573083
0.461538 , 0.282051 , 1.570453
0.461538 , 0.307692 , 1.568563
0.461538 , 0.333333 , 1.567153
0.461538 , 0.358974 , 1.566236
0.461538 , 0.384615 , 1.565062
0.461538 , 0.410256 , 1.563273
0.461538 , 0.435897 , 1.560733
0.461538 , 0.461538 , 1.557809
0.461538 , 0.487179 , 1.555024
0.461538 , 0.512821 , 1.552740
0.461538 , 0.538462 , 1.548965
0.461538 , 0.564103 , 1.543956
0.461538 , 0.589744 , 1.537657
0.461538 , 0.615385 , 1.532292
0.461538 , 0.641026 , 1.526958
0.461538 , 0.666667 , 1.521923
0.461538 , 0.692308 , 1.516761
0.461538 , 0.717949 , 1.511793
0.461538 , 0.743590 , 1.507086
0.461538 , 0.769231 , 1.502902
0.461538 , 0.794872 , 1.498911
0.461538 , 0.820513 , 1.493781
0.461538 , 0.846154 , 1.489972
0.461538 , 0.871795 , 1.486387
0.461538 , 0.897436 , 1.483397
0.461538 , 0.923077 , 1.481048
0.461538 , 0.948718 , 1.479241
0.461538 , 0.974359 , 1.479268
0.461538 , 1.000000 , 1.479185
0.487179 , 0.000000 , 1.477625
0.487179 , 0.025641 , 1.476853
0.487179 , 0.051282 , 1.476053
0.487179 , 0.076923 , 1.475298
0.487179 , 0.102564 , 1.474627
0.487179 , 0.128205 , 1.472584
0.487179 , 0.153846 , 1.469892
0.487179 , 0.179487 , 1.467346
0.487179 , 0.205128 , 1.464586
0.487179 , 0.230769 , 1.462153
0.487179 , 0.256410 , 1.459661
0.487179 , 0.282051 , 1.457426
0.487179 , 0.307692 , 1.456485
0.487179 , 0.333333 , 1.456071
0.487179 , 0.358974 , 1.455960
0.487179 , 0.384615 , 1.455675
0.487179 , 0.410256 , 1.455093
0.487179 , 0.435897 , 1.454137
0.487179 , 0.461538 , 1.453373
0.487179 , 0.487179 , 1.452149
0.487179 , 0.512821 , 1.451366
0.487179 , 0.538462 , 1.449498
0.487179 , 0.564103 , 1.446666
0.487179 , 0.589744 , 1.442381
0.487179 , 0.615385 , 1.438462
0.487179 , 0.641026 , 1.434985
0.487179 , 0.666667 , 1.431101
0.487179 , 0.692308 , 1.427356
0.487179 , 0.717949 , 1.423590
0.487179 , 0.743590 , 1.419564
0.487179 , 0.769231 , 1.416406
0.487179 , 0.794872 , 1.412860
0.487179 , 0.820513 , 1.408651
0.487179 , 0.846154 , 1.404624
0.487179 , 0.871795 , 1.400654
0.487179 , 0.897436 , 1.396997
0.487179 , 0.923077 , 1.394015
0.487179 , 0.948718 , 1.391983
0.487179 , 0.974359 , 1.392080
0.487179 , 1.000000 , 1.391953
0.512821 , 0.000000 , 1.368375
0.512821 , 0.025641 , 1.368202
0.512821 , 0.051282 , 1.367123
0.512821 , 0.076923 , 1.366105
0.512821 , 0.102564 , 1.364473
0.512821 , 0.128205 , 1.362310
0.512821 , 0.153846 , 1.358542
0.512821 , 0.179487 , 1.355557
0.512821 , 0.205128 , 1.352583
0.512821 , 0.230769 , 1.350749
0.512821 , 0.256410 , 1.348525
0.512821 , 0.282051 , 1.347370
0.512821 , 0.307692 , 1.347069
0.512821 , 0.333333 , 1.347498
0.512821 , 0.358974 , 1.347778
0.512821 , 0.384615 , 1.348631
0.512821 , 0.410256 , 1.349398
0.512821 , 0.435897 , 1.350080
0.512821 , 0.461538 , 1.350970
0.512821 , 0.487179 , 1.352114
0.512821 , 0.512821 , 1.352468
0.512821 , 0.538462 , 1.351824
0.512821 , 0.564103 , 1.350500
0.512821 , 0.589744 , 1.349342
0.512821 , 0.615385 , 1.347051
0.512821 , 0.641026 , 1.345728
0.512821 , 0.666667 , 1.343818
0.512821 , 0.692308 , 1.341546
0.512821 , 0.717949 , 1.338937
0.512821 , 0.743590 , 1.336413
0.512821 , 0.769231 , 1.333979
0.512821 , 0.794872 , 1.330881
0.512821 , 0.820513 , 1.326847
0.512821 , 0.846154 , 1.323199
0.512821 , 0.871795 , 1.319445
0.512821 , 0.897436 , 1.315765
0.512821 , 0.923077 , 1.312454
0.512821 , 0.948718 , 1.309916
0.512821 , 0.974359 , 1.309025
0.512821 , 1.000000 , 1.309016
0.538462 , 0.000000 , 1.261888
0.538462 , 0.025641 , 1.261675
0.538462 , 0.051282 , 1.260448
0.538462 , 0.076923 , 1.259228
0.538462 , 0.102564 , 1.256753
0.538462 , 0.128205 , 1.254049
0.538462 , 0.153846 , 1.250357
0.538462 , 0.179487 , 1.246630
0.538462 , 0.205128 , 1.244158
0.538462 , 0.230769 , 1.242931
0.538462 , 0.256410 , 1.240853
0.538462 , 0.282051 , 1.239841
0.538462 , 0.307692 , 1.240436
0.538462 , 0.333333 , 1.241078
0.538462 , 0.358974 , 1.242514
0.538462 , 0.384615 , 1.244366
0.538462 , 0.410256 , 1.246392
0.538462 , 0.435897 , 1.248992
0.538462 , 0.461538 , 1.251268
0.538462 , 0.487179 , 1.253503
0.538462 , 0.512821 , 1.255609
0.538462 , 0.538462 , 1.257268
0.538462 , 0.564103 , 1.257969
0.538462 , 0.589744 , 1.258695
0.538462 , 0.615385 , 1.259207
0.538462 , 0.641026 , 1.259883
0.538462 , 0.666667 , 1.259835
0.538462 , 0.692308 , 1.258916
0.538462 , 0.717949 , 1.257402
0.538462 , 0.743590 , 1.256306
0.538462 , 0.769231 , 1.255053
0.538462 , 0.794872 , 1.252888
0.538462 , 0.820513 , 1.249280
0.538462 , 0.846154 , 1.245913
0.538462 , 0.871795 , 1.242590
0.538462 , 0.897436 , 1.239116
0.538462 , 0.923077 , 1.235239
0.538462 , 0.948718 , 1.232224
0.538462 , 0.974359 , 1.231223
0.538462 , 1.000000 , 1.231049
0.564103 , 0.000000 , 1.158824
0.564103 , 0.025641 , 1.158179
0.564103 , 0.051282 , 1.156786
0.564103 , 0.076923 , 1.155111
0.564103 , 0.102564 , 1.152554
0.564103 , 0.128205 , 1.149475
0.564103 , 0.153846 , 1.145962
0.564103 , 0.179487 , 1.142813
0.564103 , 0.205128 , 1.140487
0.564103 , 0.230769 , 1.139033
0.564103 , 0.256410 , 1.138164
0.564103 , 0.282051 , 1.137467
0.564103 , 0.307692 , 1.138209
0.564103 , 0.333333 , 1.139167
0.564103 , 0.358974 , 1.140807
0.564103 , 0.384615 , 1.143456
0.564103 , 0.410256 , 1.147017
0.564103 , 0.435897 , 1.151038
0.564103 , 0.461538 , 1.154879
0.564103 , 0.487179 , 1.158765
0.564103 , 0.512821 , 1.161792
0.564103 , 0.538462 , 1.165320
0.564103 , 0.564103 , 1.168803
0.564103 , 0.589744 , 1.171454
0.564103 , 0.615385 , 1.174643
0.564103 , 0.641026 , 1.177285
0.564103 , 0.666667 , 1.178786
0.564103 , 0.692308 , 1.179639
0.564103 , 0.717949 , 1.180494
0.564103 , 0.743590 , 1.180755
0.564103 , 0.769231 , 1.180635
0.564103 , 0.794872 , 1.179503
0.564103 , 0.820513 , 1.175909
0.564103 , 0.846154 , 1.172617
0.564103 , 0.871795 , 1.169069
0.564103 , 0.897436 , 1.166249
0.564103 , 0.923077 , 1.162829
0.564103 , 0.948718 , 1.159759
0.564103 , 0.974359 , 1.158429
0.564103 , 1.000000 , 1.158569
0.589744 , 0.000000 , 1.059889
0.589744 , 0.025641 , 1.058859
0.589744 , 0.051282 , 1.057939
0.589744 , 0.076923 , 1.055300
0.589744 , 0.102564 , 1.052605
0.589744 , 0.128205 , 1.049230
0.589744 , 0.153846 , 1.046052
0.589744 , 0.179487 , 1.043489
0.589744 , 0.205128 , 1.041447
0.589744 , 0.230769 , 1.039941
0.589744 , 0.256410 , 1.039241
0.589744 , 0.282051 , 1.039739
0.589744 , 0.307692 , 1.040596
0.589744 , 0.333333 , 1.042288
0.589744 , 0.358974 , 1.044209
0.589744 , 0.384615 , 1.047374
0.589744 , 0.410256 , 1.051942
0.589744 , 0.435897 , 1.057108
0.589744 , 0.461538 , 1.062148
0.589744 , 0.487179 , 1.067775
0.589744 , 0.512821 , 1.073119
0.589744 , 0.538462 , 1.077656
0.589744 , 0.564103 , 1.083230
0.589744 , 0.589744 , 1.088283
0.589744 , 0.615385 , 1.093535
0.589744 , 0.641026 , 1.098733
0.589744 , 0.666667 , 1.102415
0.589744 , 0.692308 , 1.104402
0.589744 , 0.717949 , 1.106883
0.589744 , 0.743590 , 1.108838
0.589744 , 0.769231 , 1.110263
0.589744 , 0.794872 , 1.109963
0.589744 , 0.820513 , 1.107746
0.589744 , 0.846154 , 1.104802
0.589744 , 0.871795 , 1.101044
0.589744 , 0.897436 , 1.097976
0.589744 , 0.923077 , 1.095020
0.589744 , 0.948718 , 1.092472
0.589744 , 0.974359 , 1.090696
0.589744 , 1.000000 , 1.090512
0.615385 , 0.000000 , 0.965994
0.615385 , 0.025641 , 0.965016
0.615385 , 0.051282 , 0.963595
0.615385 , 0.076923 , 0.960891
0.615385 , 0.102564 , 0.958429
0.615385 , 0.128205 , 0.954389
0.615385 , 0.153846 , 0.951004
0.615385 , 0.179487 , 0.948304
0.615385 , 0.205128 , 0.946296
0.615385 , 0.230769 , 0.945114
0.615385 , 0.256410 , 0.945081
0.615385 , 0.282051 , 0.945719
0.615385 , 0.307692 , 0.947576
0.615385 , 0.333333 , 0.950218
0.615385 , 0.358974 , 0.953218
0.615385 , 0.384615 , 0.957231
0.615385 , 0.410256 , 0.962444
0.615385 , 0.435897 , 0.968654
0.615385 , 0.461538 , 0.974260
0.615385 , 0.487179 , 0.980951
0.615385 , 0.512821 , 0.988099
0.615385 , 0.538462 , 0.994889
0.615385 , 0.564103 , 1.001981
0.615385 , 0.589744 , 1.009706
0.615385 , 0.615385 , 1.016765
0.615385 , 0.641026 , 1.023528
0.615385 , 0.666667 , 1.029342
0.615385 , 0.692308 , 1.032974
0.615385 , 0.717949 , 1.036857
0.615385 , 0.743590 , 1.040213
0.615385 , 0.769231 , 1.043215
0.615385 , 0.794872 , 1.043719
0.615385 , 0.820513 , 1.042127
0.615385 , 0.846154 , 1.039772
0.615385 , 0.871795 , 1.036853
0.615385 , 0.897436 , 1.034848
0.615385 , 0.923077 , 1.032582
0.615385 , 0.948718 , 1.030450
0.615385 , 0.974359 , 1.028515
0.615385 , 1.000000 , 1.028134
0.641026 , 0.000000 , 0.877061
0.641026 , 0.025641 , 0.876746
0.641026 , 0.051282 , 0.875106
0.641026 , 0.076923 , 0.871951
0.641026 , 0.102564 , 0.869467
0.641026 , 0.128205 , 0.865763
0.641026 , 0.153846 , 0.862182
0.641026 , 0.179487 , 0.859678
0.641026 , 0.205128 , 0.857786
0.641026 , 0.230769 , 0.856622
0.641026 , 0.256410 , 0.856910
0.641026 , 0.282051 , 0.857554
0.641026 , 0.307692 , 0.859892
0.641026 , 0.333333 , 0.863797
0.641026 , 0.358974 , 0.867077
0.641026 , 0.384615 , 0.872356
0.641026 , 0.410256 , 0.878467
0.641026 , 0.435897 , 0.885015
0.641026 , 0.461538 , 0.891535
0.641026 , 0.487179 , 0.898915
0.641026 , 0.512821 , 0.907468
0.641026 , 0.538462 , 0.916154
0.641026 , 0.564103 , 0.924992
0.641026 , 0.589744 , 0.934912
0.641026 , 0.615385 , 0.943940
0.641026 , 0.641026 , 0.952203
0.641026 , 0.666667 , 0.959625
0.641026 , 0.692308 , 0.965400
0.641026 , 0.717949 , 0.970415
0.641026 , 0.743590 , 0.975318
0.641026 , 0.769231 , 0.978617
0.641026 , 0.794872 , 0.979904
0.641026 , 0.820513 , 0.979313
0.641026 , 0.846154 , 0.978003
0.641026 , 0.871795 , 0.976102
0.641026 , 0.897436 , 0.974799
0.641026 , 0.923077 , 0.973787
0.641026 , 0.948718 , 0.972359
0.641026 , 0.974359 , 0.971192
0.641026 , 1.000000 , 0.971164
0.666667 , 0.000000 , 0.794035
0.666667 , 0.025641 , 0.793367
0.666667 , 0.051282 , 0.791659
0.666667 , 0.076923 , 0.788804
0.666667 , 0.102564 , 0.785976
0.666667 , 0.128205 , 0.782363
0.666667 , 0.153846 , 0.779024
0.666667 , 0.179487 , 0.777288
0.666667 , 0.205128 , 0.775478
0.666667 , 0.230769 , 0.774198
0.666667 , 0.256410 , 0.773849
0.666667 , 0.282051 , 0.774586
0.666667 , 0.307692 , 0.777414
0.666667 , 0.333333 , 0.782187
0.666667 , 0.358974 , 0.786008
0.666667 , 0.384615 , 0.791650
0.666667 , 0.410256 , 0.798260
0.666667 , 0.435897 , 0.805809
0.666667 , 0.461538 , 0.813312
0.666667 , 0.487179 , 0.821683
0.666667 , 0.512821 , 0.831016
0.666667 , 0.538462 , 0.841492
0.666667 , 0.564103 , 0.852111
0.666667 , 0.589744 , 0.863171
0.666667 , 0.615385 , 0.873773
0.666667 , 0.641026 , 0.883802
0.666667 , 0.666667 , 0.893128
0.666667 , 0.692308 , 0.900820
0.666667 , 0.717949 , 0.908129
0.666667 , 0.743590 , 0.914066
0.666667 , 0.769231 , 0.918036
0.666667 , 0.794872 , 0.919585
0.666667 , 0.820513 , 0.920630
0.666667 , 0.846154 , 0.920672
0.666667 , 0.871795 , 0.919820
0.666667 , 0.897436 , 0.918699
0.666667 , 0.923077 , 0.918251
0.666667 , 0.948718 , 0.917412
0.666667 , 0.974359 , 0.916223
0.666667 , 1.000000 , 0.916713
0.692308 , 0.000000 , 0.715682
0.692308 , 0.025641 , 0.715685
0.692308 , 0.051282 , 0.713554
0.692308 , 0.076923 , 0.710795
0.692308 , 0.102564 , 0.707760
0.692308 , 0.128205 , 0.704834
0.692308 , 0.153846 , 0.701632
0.692308 , 0.179487 , 0.699414
0.692308 , 0.205128 , 0.697943
0.692308 , 0.230769 , 0.696163
0.692308 , 0.256410 , 0.696260
0.692308 , 0.282051 , 0.698437
0.692308 , 0.307692 , 0.701134
0.692308 , 0.333333 , 0.705409
0.692308 , 0.358974 , 0.710193
0.692308 , 0.384615 , 0.715823
0.692308 , 0.410256 , 0.722878
0.692308 , 0.435897 , 0.731344
0.692308 , 0.461538 , 0.740092
0.692308 , 0.487179 , 0.749471
0.692308 , 0.512821 , 0.759571
0.692308 , 0.538462 , 0.770878
0.692308 , 0.564103 , 0.783002
0.692308 , 0.589744 , 0.795780
0.692308 , 0.615385 , 0.807895
0.692308 , 0.641026 , 0.819029
0.692308 , 0.666667 , 0.829591
0.692308 , 0.692308 , 0.839675
0.692308 , 0.717949 , 0.848711
0.692308 , 0.743590 , 0.855934
0.692308 , 0.769231 , 0.861247
0.692308 , 0.794872 , 0.864668
0.692308 , 0.820513 , 0.866939
0.692308 , 0.846154 , 0.867475
0.692308 , 0.871795 , 0.867615
0.692308 , 0.897436 , 0.867408
0.692308 , 0.923077 , 0.867039
0.692308 , 0.948718 , 0.866265
0.692308 , 0.974359 , 0.864725
0.692308 , 1.000000 , 0.864354
0.717949 , 0.000000 , 0.643427
0.717949 , 0.025641 , 0.643151
0.717949 , 0.051282 , 0.641016
0.717949 , 0.076923 , 0.638796
0.717949 , 0.102564 , 0.636374
0.717949 , 0.128205 , 0.633586
0.717949 , 0.153846 , 0.630697
0.717949 , 0.179487 , 0.627890
0.717949 , 0.205128 , 0.626105
0.717949 , 0.230769 , 0.624359
0.717949 , 0.256410 , 0.624687
0.717949 , 0.282051 , 0.628543
0.717949 , 0.307692 , 0.631757
0.717949 , 0.333333 , 0.634945
0.717949 , 0.358974 , 0.640137
0.717949 , 0.384615 , 0.646356
0.717949 , 0.410256 , 0.654127
0.717949 , 0.435897 , 0.663081
0.717949 , 0.461538 , 0.671987
0.717949 , 0.487179 , 0.682144
0.717949 , 0.512821 , 0.693066
0.717949 , 0.538462 , 0.705273
0.717949 , 0.564103 , 0.718170
0.717949 , 0.589744 , 0.731653
0.717949 , 0.615385 , 0.745329
0.717949 , 0.641026 , 0.757774
0.717949 , 0.666667 , 0.769471
0.717949 , 0.692308 , 0.781194
0.717949 , 0.717949 , 0.792349
0.717949 , 0.743590 , 0.800581
0.717949 , 0.769231 , 0.807004
0.717949 , 0.794872 , 0.812499
0.717949 , 0.820513 , 0.816276
0.717949 , 0.846154 , 0.817531
0.717949 , 0.871795 , 0.819126
0.717949 , 0.897436 , 0.818504
0.717949 , 0.923077 , 0.818252
0.717949 , 0.948718 , 0.817900
0.717949 , 0.974359 , 0.816683
0.717949 , 1.000000 , 0.816015
0.743590 , 0.000000 , 0.577273
0.743590 , 0.025641 , 0.576395
0.743590 , 0.051282 , 0.574799
0.743590 , 0.076923 , 0.572365
0.743590 , 0.102564 , 0.570778
0.743590 , 0.128205 , 0.567634
0.743590 , 0.153846 , 0.565149
0.743590 , 0.179487 , 0.562035
0.743590 , 0.205128 , 0.560078
0.743590 , 0.230769 , 0.558944
0.743590 , 0.256410 , 0.560310
0.743590 , 0.282051 , 0.563771
0.743590 , 0.307692 , 0.568129
0.743590 , 0.333333 , 0.571524
0.743590 , 0.358974 , 0.576361
0.743590 , 0.384615 , 0.583197
0.743590 , 0.410256 , 0.591543
0.743590 , 0.435897 , 0.600879
0.743590 , 0.461538 , 0.610558
0.743590 , 0.487179 , 0.621280
0.743590 , 0.512821 , 0.632040
0.743590 , 0.538462 , 0.644860
0.743590 , 0.564103 , 0.658911
0.743590 , 0.589744 , 0.672776
0.743590 , 0.615385 , 0.686714
0.743590 , 0.641026 , 0.700626
0.743590 , 0.666667 , 0.713722
0.743590 , 0.692308 , 0.726504
0.743590 , 0.717949 , 0.738388
0.743590 , 0.743590 , 0.747749
0.743590 , 0.769231 , 0.755633
0.743590 , 0.794872 , 0.763176
0.743590 , 0.820513 , 0.769186
0.743590 , 0.846154 , 0.772126
0.743590 , 0.871795 , 0.774248
0.743590 , 0.897436 , 0.773680
0.743590 , 0.923077 , 0.773257
0.743590 , 0.948718 , 0.773044
0.743590 , 0.974359 , 0.772455
0.743590 , 1.000000 , 0.772160
0.769231 , 0.000000 , 0.516395
0.769231 , 0.025641 , 0.515916
0.769231 , 0.051282 , 0.514571
0.769231 , 0.076923 , 0.512928
0.769231 , 0.102564 , 0.510976
0.769231 , 0.128205 , 0.508336
0.769231 , 0.153846 , 0.505630
0.769231 , 0.179487 , 0.502984
0.769231 , 0.205128 , 0.501099
0.769231 , 0.230769 , 0.500412
0.769231 , 0.256410 , 0.501767
0.769231 , 0.282051 , 0.505184
0.769231 , 0.307692 , 0.509338
0.769231 , 0.333333 , 0.513390
0.769231 , 0.358974 , 0.518551
0.769231 , 0.384615 , 0.526441
0.769231 , 0.410256 , 0.534875
0.769231 , 0.435897 , 0.544287
0.769231 , 0.461538 , 0.554645
0.769231 , 0.487179 , 0.565877
0.769231 , 0.512821 , 0.576764
0.769231 , 0.538462 , 0.589780
0.769231 , 0.564103 , 0.604448
0.769231 , 0.589744 , 0.618361
0.769231 , 0.615385 , 0.633206
0.769231 , 0.641026 , 0.648156
0.769231 , 0.666667 , 0.663452
0.769231 , 0.692308 , 0.676888
0.769231 , 0.717949 , 0.688493
0.769231 , 0.743590 , 0.698829
0.769231 , 0.769231 , 0.707652
0.769231 , 0.794872 , 0.716044
0.769231 , 0.820513 , 0.723957
0.769231 , 0.846154 , 0.728932
0.769231 , 0.871795 , 0.732164
0.769231 , 0.897436 , 0.732594
0.769231 , 0.923077 , 0.732894
0.769231 , 0.948718 , 0.732183
0.769231 , 0.974359 , 0.731519
0.769231 , 1.000000 , 0.731882
0.794872 , 0.000000 , 0.461351
0.794872 , 0.025641 , 0.461315
0.794872 , 0.051282 , 0.460297
0.794872 , 0.076923 , 0.459615
0.794872 , 0.102564 , 0.458199
0.794872 , 0.128205 , 0.455244
0.794872 , 0.153846 , 0.453019
0.794872 , 0.179487 , 0.451115
0.794872 , 0.205128 , 0.450019
0.794872 , 0.230769 , 0.449936
0.794872 , 0.256410 , 0.450256
0.794872 , 0.282051 , 0.452502
0.794872 , 0.307692 , 0.456525
0.794872 , 0.333333 , 0.460993
0.794872 , 0.358974 , 0.467063
0.794872 , 0.384615 , 0.475162
0.794872 , 0.410256 , 0.483825
0.794872 , 0.435897 , 0.493191
0.794872 , 0.461538 , 0.503818
0.794872 , 0.487179 , 0.515009
0.794872 , 0.512821 , 0.526639
0.794872 , 0.538462 , 0.539779
0.794872 , 0.564103 , 0.554316
0.794872 , 0.589744 , 0.568495
0.794872 , 0.615385 , 0.584481
0.794872 , 0.641026 , 0.600332
0.794872 , 0.666667 , 0.616053
0.794872 , 0.692308 , 0.630725
0.794872 , 0.717949 , 0.643523
0.794872 , 0.743590 , 0.653956
0.794872 , 0.769231 , 0.663351
0.794872 , 0.794872 , 0.672492
0.794872 , 0.820513 , 0.681141
0.794872 , 0.846154 , 0.687085
0.794872 , 0.871795 , 0.691779
0.794872 , 0.897436 , 0.694362
0.794872 , 0.923077 , 0.695007
0.794872 , 0.948718 , 0.693973
0.794872 , 0.974359 , 0.693197
0.794872 , 1.000000 , 0.693079
0.820513 , 0.000000 , 0.413208
0.820513 , 0.025641 , 0.413434
0.820513 , 0.051282 , 0.412932
0.820513 , 0.076923 , 0.412027
0.820513 , 0.102564 , 0.410612
0.820513 , 0.128205 , 0.408482
0.820513 , 0.153846 , 0.406475
0.820513 , 0.179487 , 0.404999
0.820513 , 0.205128 , 0.404310
0.820513 , 0.230769 , 0.404594
0.820513 , 0.256410 , 0.405931
0.820513 , 0.282051 , 0.407915
0.820513 , 0.307692 , 0.411163
0.820513 , 0.333333 , 0.415487
0.820513 , 0.358974 , 0.421968
0.820513 , 0.384615 , 0.430232
0.820513 , 0.410256 , 0.439070
0.820513 , 0.435897 , 0.449057
0.820513 , 0.461538 , 0.459421
0.820513 , 0.487179 , 0.470589
0.820513 , 0.512821 , 0.482816
0.820513 , 0.538462 , 0.495492
0.820513 , 0.564103 , 0.509617
0.820513 , 0.589744 , 0.524716
0.820513 , 0.615385 , 0.540664
0.820513 , 0.641026 , 0.556817
0.820513 , 0.666667 , 0.571999
0.820513 , 0.692308 , 0.587008
0.820513 , 0.717949 , 0.601650
0.820513 , 0.743590 , 0.613416
0.820513 , 0.769231 , 0.623000
0.820513 , 0.794872 , 0.632754
0.820513 , 0.820513 , 0.642284
0.820513 , 0.846154 , 0.649139
0.820513 , 0.871795 , 0.654371
0.820513 , 0.897436 , 0.657937
0.820513 , 0.923077 , 0.659791
0.820513 , 0.948718 , 0.660278
0.820513 , 0.974359 , 0.659406
0.820513 , 1.000000 , 0.658712
0.846154 , 0.000000 , 0.373031
0.846154 , 0.025641 , 0.372886
0.846154 , 0.051282 , 0.372310
0.846154 , 0.076923 , 0.371083
0.846154 , 0.102564 , 0.369004
0.846154 , 0.128205 , 0.367447
0.846154 , 0.153846 , 0.366804
0.846154 , 0.179487 , 0.365228
0.846154 , 0.205128 , 0.364660
0.846154 , 0.230769 , 0.364549
0.846154 , 0.256410 , 0.365843
0.846154 , 0.282051 , 0.368728
0.846154 , 0.307692 , 0.372313
0.846154 , 0.333333 , 0.376910
0.846154 , 0.358974 , 0.382837
0.846154 , 0.384615 , 0.390485
0.846154 , 0.410256 , 0.399255
0.846154 , 0.435897 , 0.409599
0.846154 , 0.461538 , 0.420997
0.846154 , 0.487179 , 0.432797
0.846154 , 0.512821 , 0.445093
0.846154 , 0.538462 , 0.458193
0.846154 , 0.564103 , 0.471127
0.846154 , 0.589744 , 0.486625
0.846154 , 0.615385 , 0.503064
0.846154 , 0.641026 , 0.519223
0.846154 , 0.666667 , 0.533944
0.846154 , 0.692308 , 0.549200
0.846154 , 0.717949 , 0.563801
0.846154 , 0.743590 , 0.577423
0.846154 , 0.769231 , 0.588723
0.846154 , 0.794872 , 0.598623
0.846154 , 0.820513 , 0.607766
0.846154 , 0.846154 , 0.614874
0.846154 , 0.871795 , 0.620516
0.846154 , 0.897436 , 0.624635
0.846154 , 0.923077 , 0.627939
0.846154 , 0.948718 , 0.629848
0.846154 , 0.974359 , 0.629558
0.846154 , 1.000000 , 0.628598
0.871795 , 0.000000 , 0.338653
0.871795 , 0.025641 , 0.338165
0.871795 , 0.051282 , 0.338038
0.871795 , 0.076923 , 0.336937
0.871795 , 0.102564 , 0.334953
0.871795 , 0.128205 , 0.333426
0.871795 , 0.153846 , 0.333107
0.871795 , 0.179487 , 0.332127
0.871795 , 0.205128 , 0.330712
0.871795 , 0.230769 , 0.330836
0.871795 , 0.256410 , 0.332388
0.871795 , 0.282051 , 0.335664
0.871795 , 0.307692 , 0.339723
0.871795 , 0.333333 , 0.344863
0.871795 , 0.358974 , 0.350769
0.871795 , 0.384615 , 0.358326
0.871795 , 0.410256 , 0.367305
0.871795 , 0.435897 , 0.377515
0.871795 , 0.461538 , 0.388746
0.871795 , 0.487179 , 0.401172
0.871795 , 0.512821 , 0.413877
0.871795 , 0.538462 , 0.427166
0.871795 , 0.564103 , 0.440243
0.871795 , 0.589744 , 0.455562
0.871795 , 0.615385 , 0.471565
0.871795 , 0.641026 , 0.487320
0.871795 , 0.666667 , 0.501806
0.871795 , 0.692308 , 0.517272
0.871795 , 0.717949 , 0.531887
0.871795 , 0.743590 , 0.545800
0.871795 , 0.769231 , 0.558219
0.871795 , 0.794872 , 0.568985
0.871795 , 0.820513 , 0.577703
0.871795 , 0.846154 , 0.585313
0.871795 , 0.871795 , 0.591729
0.871795 , 0.897436 , 0.596247
0.871795 , 0.923077 , 0.599463
0.871795 , 0.948718 , 0.601762
0.871795 , 0.974359 , 0.602512
0.871795 , 1.000000 , 0.602095
0.897436 , 0.000000 , 0.310017
0.897436 , 0.025641 , 0.309748
0.897436 , 0.051282 , 0.309226
0.897436 , 0.076923 , 0.308727
0.897436 , 0.102564 , 0.307135
0.897436 , 0.128205 , 0.306263
0.897436 , 0.153846 , 0.306025
0.897436 , 0.179487 , 0.305279
0.897436 , 0.205128 , 0.304159
0.897436 , 0.230769 , 0.304231
0.897436 , 0.256410 , 0.305894
0.897436 , 0.282051 , 0.309600
0.897436 , 0.307692 , 0.314417
0.897436 , 0.333333 , 0.319552
0.897436 , 0.358974 , 0.325877
0.897436 , 0.384615 , 0.332719
0.897436 , 0.410256 , 0.341563
0.897436 , 0.435897 , 0.351718
0.897436 , 0.461538 , 0.362731
0.897436 , 0.487179 , 0.375115
0.897436 , 0.512821 , 0.388477
0.897436 , 0.538462 , 0.402069
0.897436 , 0.564103 , 0.415706
0.897436 , 0.589744 , 0.430986
0.897436 , 0.615385 , 0.446010
0.897436 , 0.641026 , 0.461523
0.897436 , 0.666667 , 0.477151
0.897436 , 0.692308 , 0.492157
0.897436 , 0.717949 , 0.506329
0.897436 , 0.743590 , 0.519374
0.897436 , 0.769231 , 0.532093
0.897436 , 0.794872 , 0.543087
0.897436 , 0.820513 , 0.552555
0.897436 , 0.846154 , 0.560875
0.897436 , 0.871795 , 0.567931
0.897436 , 0.897436 , 0.572187
0.897436 , 0.923077 , 0.575635
0.897436 , 0.948718 , 0.578205
0.897436 , 0.974359 , 0.579230
0.897436 , 1.000000 , 0.579465
0.923077 , 0.000000 , 0.287758
0.923077 , 0.025641 , 0.288012
0.923077 , 0.051282 , 0.287310
0.923077 , 0.076923 , 0.286865
0.923077 , 0.102564 , 0.285922
0.923077 , 0.128205 , 0.284884
0.923077 , 0.153846 , 0.285087
0.923077 , 0.179487 , 0.284549
0.923077 , 0.205128 , 0.284022
0.923077 , 0.230769 , 0.284228
0.923077 , 0.256410 , 0.285733
0.923077 , 0.282051 , 0.289108
0.923077 , 0.307692 , 0.294310
0.923077 , 0.333333 , 0.300205
0.923077 , 0.358974 , 0.306141
0.923077 , 0.384615 , 0.313020
0.923077 , 0.410256 , 0.321750
0.923077 , 0.435897 , 0.332126
0.923077 , 0.461538 , 0.343727
0.923077 , 0.487179 , 0.355573
0.923077 , 0.512821 , 0.369078
0.923077 , 0.538462 , 0.382672
0.923077 , 0.564103 , 0.396722
0.923077 , 0.589744 , 0.411521
0.923077 , 0.615385 , 0.426575
0.923077 , 0.641026 , 0.441675
0.923077 , 0.666667 , 0.457812
0.923077 , 0.692308 , 0.472701
0.923077 , 0.717949 , 0.486508
0.923077 , 0.743590 , 0.499389
0.923077 , 0.769231 , 0.511892
0.923077 , 0.794872 , 0.523199
0.923077 , 0.820513 , 0.533076
0.923077 , 0.846154 , 0.541857
0.923077 , 0.871795 , 0.548802
0.923077 , 0.897436 , 0.553511
0.923077 , 0.923077 , 0.557152
0.923077 , 0.948718 , 0.560126
0.923077 , 0.974359 , 0.561243
0.923077 , 1.000000 , 0.561278
0.948718 , 0.000000 , 0.272407
0.948718 , 0.025641 , 0.272908
0.948718 , 0.051282 , 0.272198
0.948718 , 0.076923 , 0.271429
0.948718 , 0.102564 , 0.270940
0.948718 , 0.128205 , 0.270071
0.948718 , 0.153846 , 0.269996
0.948718 , 0.179487 , 0.270070
0.948718 , 0.205128 , 0.269991
0.948718 , 0.230769 , 0.271007
0.948718 , 0.256410 , 0.272861
0.948718 , 0.282051 , 0.275410
0.948718 , 0.307692 , 0.279647
0.948718 , 0.333333 , 0.285564
0.948718 , 0.358974 , 0.292275
0.948718 , 0.384615 , 0.299391
0.948718 , 0.410256 , 0.308050
0.948718 , 0.435897 , 0.318287
0.948718 , 0.461538 , 0.329589
0.948718 , 0.487179 , 0.341637
0.948718 , 0.512821 , 0.354578
0.948718 , 0.538462 , 0.367892
0.948718 , 0.564103 , 0.382073
0.948718 , 0.589744 , 0.397091
0.948718 , 0.615385 , 0.412194
0.948718 , 0.641026 , 0.427661
0.948718 , 0.666667 , 0.443201
0.948718 , 0.692308 , 0.457943
0.948718 , 0.717949 , 0.471573
0.948718 , 0.743590 , 0.484781
0.948718 , 0.769231 , 0.496846
0.948718 , 0.794872 , 0.508482
0.948718 , 0.820513 , 0.518117
0.948718 , 0.846154 , 0.526841
0.948718 , 0.871795 , 0.534179
0.948718 , 0.897436 , 0.539351
0.948718 , 0.923077 , 0.542945
0.948718 , 0.948718 , 0.546139
0.948718 , 0.974359 , 0.547892
0.948718 , 1.000000 , 0.547936
0.974359 , 0.000000 , 0.263618
0.974359 , 0.025641 , 0.263253
0.974359 , 0.051282 , 0.263238
0.974359 , 0.076923 , 0.261866
0.974359 , 0.102564 , 0.261604
0.974359 , 0.128205 , 0.261442
0.974359 , 0.153846 , 0.261244
0.974359 , 0.179487 , 0.260861
0.974359 , 0.205128 , 0.260990
0.974359 , 0.230769 , 0.262267
0.974359 , 0.256410 , 0.264609
0.974359 , 0.282051 , 0.267592
0.974359 , 0.307692 , 0.271476
0.974359 , 0.333333 , 0.277056
0.974359 , 0.358974 , 0.284416
0.974359 , 0.384615 , 0.292160
0.974359 , 0.410256 , 0.300379
0.974359 , 0.435897 , 0.310368
0.974359 , 0.461538 , 0.321829
0.974359 , 0.487179 , 0.333615
0.974359 , 0.512821 , 0.345989
0.974359 , 0.538462 , 0.359183
0.974359 , 0.564103 , 0.373485
0.974359 , 0.589744 , 0.388095
0.974359 , 0.615385 , 0.403164
0.974359 , 0.641026 , 0.418754
0.974359 , 0.666667 , 0.434160
0.974359 , 0.692308 , 0.448478
0.974359 , 0.717949 , 0.462090
0.974359 , 0.743590 , 0.475075
0.974359 , 0.769231 , 0.487724
0.974359 , 0.794872 , 0.499110
0.974359 , 0.820513 , 0.509221
0.974359 , 0.846154 , 0.517594
0.974359 , 0.871795 , 0.525068
0.974359 , 0.897436 , 0.530784
0.974359 , 0.923077 , 0.534826
0.974359 , 0.948718 , 0.537851
0.974359 , 0.974359 , 0.539557
0.974359 , 1.000000 , 0.540068
1.000000 , 0.000000 , 0.261140
1.000000 , 0.025641 , 0.260482
1.000000 , 0.051282 , 0.259656
1.000000 , 0.076923 , 0.259196
1.000000 , 0.102564 , 0.258223
1.000000 , 0.128205 , 0.258300
1.000000 , 0.153846 , 0.258465
1.000000 , 0.179487 , 0.258217
1.000000 , 0.205128 , 0.257939
1.000000 , 0.230769 , 0.258912
1.000000 , 0.256410 , 0.261265
1.000000 , 0.282051 , 0.264612
1.000000 , 0.307692 , 0.269234
1.000000 , 0.333333 , 0.274809
1.000000 , 0.358974 , 0.281920
1.000000 , 0.384615 , 0.289749
1.000000 , 0.410256 , 0.297943
1.000000 , 0.435897 , 0.307903
1.000000 , 0.461538 , 0.319273
1.000000 , 0.487179 , 0.330745
1.000000 , 0.512821 , 0.343107
1.000000 , 0.538462 , 0.356242
1.000000 , 0.564103 , 0.370736
1.000000 , 0.589744 , 0.385352
1.000000 , 0.615385 , 0.400376
1.000000 , 0.641026 , 0.415918
1.000000 , 0.666667 , 0.430806
1.000000 , 0.692308 , 0.445163
1.000000 , 0.717949 , 0.458666
1.000000 , 0.743590 , 0.471417
1.000000 , 0.769231 , 0.484129
1.000000 , 0.794872 , 0.495795
1.000000 , 0.820513 , 0.505965
1.000000 , 0.846154 , 0.514487
1.000000 , 0.871795 , 0.521681
1.000000 , 0.897436 , 0.527693
1.000000 , 0.923077 , 0.532367
1.000000 , 0.948718 , 0.535202
1.000000 , 0.974359 , 0.536998
1.000000 , 1.000000 , 0.536910
