0.000000 , 0.000000 , -3.992107
0.000000 , 0.025641 , -3.992107
0.000000 , 0.051282 , -3.992107
0.000000 , 0.076923 , -3.992107
0.000000 , 0.102564 , -3.992107
0.000000 , 0.128205 , -3.992107
0.000000 , 0.153846 , -3.992107
0.000000 , 0.179487 , -3.992107
0.000000 , 0.205128 , -3.992107
0.000000 , 0.230769 , -3.992107
0.000000 , 0.256410 , -3.992107
0.000000 , 0.282051 , -3.992107
0.000000 , 0.307692 , -3.992107
0.000000 , 0.333333 , -3.992107
0.000000 , 0.358974 , -3.992107
0.000000 , 0.384615 , -3.992107
0.000000 , 0.410256 , -3.992107
0.000000 , 0.435897 , -3.992107
0.000000 , 0.461538 , -3.992107
0.000000 , 0.487179 , -3.992107
0.000000 , 0.512821 , -3.992107
0.000000 , 0.538462 , -3.992107
0.000000 , 0.564103 , -3.992107
0.000000 , 0.589744 , -3.992107
0.000000 , 0.615385 , -3.992107
0.000000 , 0.641026 , -3.992107
0.000000 , 0.666667 , -3.992107
0.000000 , 0.692308 , -3.992107
0.000000 , 0.717949 , -3.992107
0.000000 , 0.743590 , -3.992107
0.000000 , 0.769231 , -3.992107
0.000000 , 0.794872 , -3.992107
0.000000 , 0.820513 , -3.992107
0.000000 , 0.846154 , -3.992107
0.000000 , 0.871795 , -3.992107
0.000000 , 0.897436 , -3.992107
0.000000 , 0.923077 , -3.992107
0.000000 , 0.948718 , -3.992107
0.000000 , 0.974359 , -3.992107
0.000000 , 1.000000 , -3.992107
0.025641 , 0.000000 , -3.735978
0.025641 , 0.025641 , -3.735849
0.025641 , 0.051282 , -3.735636
0.025641 , 0.076923 , -3.736199
0.025641 , 0.102564 , -3.736994
0.025641 , 0.128205 , -3.738174
0.025641 , 0.153846 , -3.739674
0.025641 , 0.179487 , -3.741751
0.025641 , 0.205128 , -3.744640
0.025641 , 0.230769 , -3.747488
0.025641 , 0.256410 , -3.750950
0.025641 , 0.282051 , -3.755659
0.025641 , 0.307692 , -3.759772
0.025641 , 0.333333 , -3.764356
0.025641 , 0.358974 , -3.769641
0.025641 , 0.384615 , -3.775819
0.025641 , 0.410256 , -3.782075
0.025641 , 0.435897 , -3.787878
0.025641 , 0.461538 , -3.793312
0.025641 , 0.487179 , -3.799495
0.025641 , 0.512821 , -3.804836
0.025641 , 0.538462 , -3.809994
0.025641 , 0.564103 , -3.816294
0.025641 , 0.589744 , -3.821767
0.025641 , 0.615385 , -3.827160
0.025641 , 0.641026 , -3.831525
0.025641 , 0.666667 , -3.835952
0.025641 , 0.692308 , -3.840858
0.025641 , 0.717949 , -3.844662
0.025641 , 0.743590 , -3.848025
0.025641 , 0.769231 , -3.851226
0.025641 , 0.794872 , -3.853976
0.025641 , 0.820513 , -3.855658
0.025641 , 0.846154 , -3.858268
0.025641 , 0.871795 , -3.860131
0.025641 , 0.897436 , -3.861976
0.025641 , 0.923077 , -3.863452
0.025641 , 0.948718 , -3.863941
0.025641 , 0.974359 , -3.864677
0.025641 , 1.000000 , -3.865052
0.051282 , 0.000000 , -3.482470
0.051282 , 0.025641 , -3.481907
0.051282 , 0.051282 , -3.481243
0.051282 , 0.076923 , -3.481503
0.051282 , 0.102564 , -3.482832
0.051282 , 0.128205 , -3.484979
0.051282 , 0.153846 , -3.488465
0.051282 , 0.179487 , -3.492965
0.051282 , 0.205128 , -3.498629
0.051282 , 0.230769 , -3.504456
0.051282 , 0.256410 , -3.511153
0.051282 , 0.282051 , -3.519557
0.051282 , 0.307692 , -3.528491
0.051282 , 0.333333 , -3.537963
0.051282 , 0.358974 , -3.548716
0.051282 , 0.384615 , -3.559986
0.051282 , 0.410256 , -3.572497
0.051282 , 0.435897 , -3.584002
0.051282 , 0.461538 , -3.594843
0.051282 , 0.487179 , -3.606109
0.051282 , 0.512821 , -3.617652
0.051282 , 0.538462 , -3.628569
0.051282 , 0.564103 , -3.640536
0.051282 , 0.589744 , -3.651650
0.051282 , 0.615385 , -3.661695
0.051282 , 0.641026 , -3.671319
0.051282 , 0.666667 , -3.680198
0.051282 , 0.692308 , -3.689235
0.051282 , 0.717949 , -3.697155
0.051282 , 0.743590 , -3.703842
0.051282 , 0.769231 , -3.709869
0.051282 , 0.794872 , -3.715414
0.051282 , 0.820513 , -3.720123
0.051282 , 0.846154 , -3.724291
0.051282 , 0.871795 , -3.728534
0.051282 , 0.897436 , -3.731534
0.051282 , 0.923077 , -3.734158
0.051282 , 0.948718 , -3.735536
0.051282 , 0.974359 , -3.736565
0.051282 , 1.000000 , -3.737667
0.076923 , 0.000000 , -3.231185
0.076923 , 0.025641 , -3.231024
0.076923 , 0.051282 , -3.230233
0.076923 , 0.076923 , -3.230461
0.076923 , 0.102564 , -3.232048
0.076923 , 0.128205 , -3.234875
0.076923 , 0.153846 , -3.239835
0.076923 , 0.179487 , -3.246418
0.076923 , 0.205128 , -3.254807
0.076923 , 0.230769 , -3.264133
0.076923 , 0.256410 , -3.273987
0.076923 , 0.282051 , -3.286338
0.076923 , 0.307692 , -3.298980
0.076923 , 0.333333 , -3.313571
0.076923 , 0.358974 , -3.329536
0.076923 , 0.384615 , -3.346274
0.076923 , 0.410256 , -3.363382
0.076923 , 0.435897 , -3.380423
0.076923 , 0.461538 , -3.396364
0.076923 , 0.487179 , -3.414776
0.076923 , 0.512821 , -3.432280
0.076923 , 0.538462 , -3.448968
0.076923 , 0.564103 , -3.465629
0.076923 , 0.589744 , -3.481979
0.076923 , 0.615385 , -3.497170
0.076923 , 0.641026 , -3.511901
0.076923 , 0.666667 , -3.525472
0.076923 , 0.692308 , -3.539028
0.076923 , 0.717949 , -3.551267
0.076923 , 0.743590 , -3.561473
0.076923 , 0.769231 , -3.570777
0.076923 , 0.794872 , -3.577931
0.076923 , 0.820513 , -3.585117
0.076923 , 0.846154 , -3.591261
0.076923 , 0.871795 , -3.597295
0.076923 , 0.897436 , -3.601709
0.076923 , 0.923077 , -3.605229
0.076923 , 0.948718 , -3.607439
0.076923 , 0.974359 , -3.609589
0.076923 , 1.000000 , -3.610392
0.102564 , 0.000000 , -2.982929
0.102564 , 0.025641 , -2.982845
0.102564 , 0.051282 , -2.982434
0.102564 , 0.076923 , -2.983287
0.102564 , 0.102564 , -2.985601
0.102564 , 0.128205 , -2.989116
0.102564 , 0.153846 , -2.995440
0.102564 , 0.179487 , -3.003786
0.102564 , 0.205128 , -3.013782
0.102564 , 0.230769 , -3.025602
0.102564 , 0.256410 , -3.039216
0.102564 , 0.282051 , -3.055083
0.102564 , 0.307692 , -3.071989
0.102564 , 0.333333 , -3.090799
0.102564 , 0.358974 , -3.112527
0.102564 , 0.384615 , -3.134650
0.102564 , 0.410256 , -3.156331
0.102564 , 0.435897 , -3.178183
0.102564 , 0.461538 , -3.200331
0.102564 , 0.487179 , -3.224424
0.102564 , 0.512821 , -3.248082
0.102564 , 0.538462 , -3.270392
0.102564 , 0.564103 , -3.292915
0.102564 , 0.589744 , -3.314104
0.102564 , 0.615385 , -3.335043
0.102564 , 0.641026 , -3.355120
0.102564 , 0.666667 , -3.373078
0.102564 , 0.692308 , -3.390422
0.102564 , 0.717949 , -3.406349
0.102564 , 0.743590 , -3.420225
0.102564 , 0.769231 , -3.432264
0.102564 , 0.794872 , -3.442243
0.102564 , 0.820513 , -3.451568
0.102564 , 0.846154 , -3.460683
0.102564 , 0.871795 , -3.468534
0.102564 , 0.897436 , -3.474087
0.102564 , 0.923077 , -3.478455
0.102564 , 0.948718 , -3.481995
0.102564 , 0.974359 , -3.484583
0.102564 , 1.000000 , -3.485571
0.128205 , 0.000000 , -2.738417
0.128205 , 0.025641 , -2.738305
0.128205 , 0.051282 , -2.738250
0.128205 , 0.076923 , -2.739207
0.128205 , 0.102564 , -2.742789
0.128205 , 0.128205 , -2.748487
0.128205 , 0.153846 , -2.756538
0.128205 , 0.179487 , -2.765756
0.128205 , 0.205128 , -2.776976
0.128205 , 0.230769 , -2.790601
0.128205 , 0.256410 , -2.806961
0.128205 , 0.282051 , -2.825765
0.128205 , 0.307692 , -2.847402
0.128205 , 0.333333 , -2.871065
0.128205 , 0.358974 , -2.897465
0.128205 , 0.384615 , -2.924858
0.128205 , 0.410256 , -2.951280
0.128205 , 0.435897 , -2.978505
0.128205 , 0.461538 , -3.006408
0.128205 , 0.487179 , -3.036137
0.128205 , 0.512821 , -3.066108
0.128205 , 0.538462 , -3.094601
0.128205 , 0.564103 , -3.122665
0.128205 , 0.589744 , -3.148966
0.128205 , 0.615385 , -3.174888
0.128205 , 0.641026 , -3.199937
0.128205 , 0.666667 , -3.222823
0.128205 , 0.692308 , -3.244295
0.128205 , 0.717949 , -3.263776
0.128205 , 0.743590 , -3.280966
0.128205 , 0.769231 , -3.296331
0.128205 , 0.794872 , -3.309959
0.128205 , 0.820513 , -3.321638
0.128205 , 0.846154 , -3.332384
0.128205 , 0.871795 , -3.341891
0.128205 , 0.897436 , -3.348438
0.128205 , 0.923077 , -3.353654
0.128205 , 0.948718 , -3.358068
0.128205 , 0.974359 , -3.361100
0.128205 , 1.000000 , -3.363041
0.153846 , 0.000000 , -2.496192
0.153846 , 0.025641 , -2.496554
0.153846 , 0.051282 , -2.497265
0.153846 , 0.076923 , -2.499056
0.153846 , 0.102564 , -2.503205
0.153846 , 0.128205 , -2.510078
0.153846 , 0.153846 , -2.520390
0.153846 , 0.179487 , -2.531490
0.153846 , 0.205128 , -2.544384
0.153846 , 0.230769 , -2.559948
0.153846 , 0.256410 , -2.578849
0.153846 , 0.282051 , -2.601088
0.153846 , 0.307692 , -2.626903
0.153846 , 0.333333 , -2.655261
0.153846 , 0.358974 , -2.686085
0.153846 , 0.384615 , -2.717182
0.153846 , 0.410256 , -2.748772
0.153846 , 0.435897 , -2.782091
0.153846 , 0.461538 , -2.815813
0.153846 , 0.487179 , -2.851162
0.153846 , 0.512821 , -2.887112
0.153846 , 0.538462 , -2.920720
0.153846 , 0.564103 , -2.953348
0.153846 , 0.589744 , -2.985077
0.153846 , 0.615385 , -3.016687
0.153846 , 0.641026 , -3.046976
0.153846 , 0.666667 , -3.074924
0.153846 , 0.692308 , -3.100481
0.153846 , 0.717949 , -3.123717
0.153846 , 0.743590 , -3.144944
0.153846 , 0.769231 , -3.163419
0.153846 , 0.794872 , -3.179726
0.153846 , 0.820513 , -3.193890
0.153846 , 0.846154 , -3.206310
0.153846 , 0.871795 , -3.217229
0.153846 , 0.897436 , -3.225962
0.153846 , 0.923077 , -3.232849
0.153846 , 0.948718 , -3.237597
0.153846 , 0.974359 , -3.240168
0.153846 , 1.000000 , -3.241562
0.179487 , 0.000000 , -2.257636
0.179487 , 0.025641 , -2.258217
0.179487 , 0.051282 , -2.259463
0.179487 , 0.076923 , -2.262287
0.179487 , 0.102564 , -2.267876
0.179487 , 0.128205 , -2.275215
0.179487 , 0.153846 , -2.286210
0.179487 , 0.179487 , -2.300052
0.179487 , 0.205128 , -2.316026
0.179487 , 0.230769 , -2.334714
0.179487 , 0.256410 , -2.356573
0.179487 , 0.282051 , -2.382487
0.179487 , 0.307692 , -2.412160
0.179487 , 0.333333 , -2.444769
0.179487 , 0.358974 , -2.479068
0.179487 , 0.384615 , -2.514756
0.179487 , 0.410256 , -2.551104
0.179487 , 0.435897 , -2.590322
0.179487 , 0.461538 , -2.629239
0.179487 , 0.487179 , -2.669804
0.179487 , 0.512821 , -2.711015
0.179487 , 0.538462 , -2.750843
0.179487 , 0.564103 , -2.788382
0.179487 , 0.589744 , -2.825029
0.179487 , 0.615385 , -2.861409
0.179487 , 0.641026 , -2.896500
0.179487 , 0.666667 , -2.929426
0.179487 , 0.692308 , -2.959289
0.179487 , 0.717949 , -2.986869
0.179487 , 0.743590 , -3.012081
0.179487 , 0.769231 , -3.033881
0.179487 , 0.794872 , -3.053275
0.179487 , 0.820513 , -3.069008
0.179487 , 0.846154 , -3.083779
0.179487 , 0.871795 , -3.096577
0.179487 , 0.897436 , -3.106223
0.179487 , 0.923077 , -3.115705
0.179487 , 0.948718 , -3.122303
0.179487 , 0.974359 , -3.124960
0.179487 , 1.000000 , -3.125741
0.205128 , 0.000000 , -2.023395
0.205128 , 0.025641 , -2.024346
0.205128 , 0.051282 , -2.025962
0.205128 , 0.076923 , -2.029530
0.205128 , 0.102564 , -2.035802
0.205128 , 0.128205 , -2.044244
0.205128 , 0.153846 , -2.056265
0.205128 , 0.179487 , -2.072600
0.205128 , 0.205128 , -2.091871
0.205128 , 0.230769 , -2.114255
0.205128 , 0.256410 , -2.138964
0.205128 , 0.282051 , -2.168537
0.205128 , 0.307692 , -2.201792
0.205128 , 0.333333 , -2.238554
0.205128 , 0.358974 , -2.276789
0.205128 , 0.384615 , -2.316979
0.205128 , 0.410256 , -2.358003
0.205128 , 0.435897 , -2.402101
0.205128 , 0.461538 , -2.446079
0.205128 , 0.487179 , -2.491558
0.205128 , 0.512821 , -2.537919
0.205128 , 0.538462 , -2.583675
0.205128 , 0.564103 , -2.626959
0.205128 , 0.589744 , -2.668511
0.205128 , 0.615385 , -2.709029
0.205128 , 0.641026 , -2.748805
0.205128 , 0.666667 , -2.786298
0.205128 , 0.692308 , -2.821313
0.205128 , 0.717949 , -2.853594
0.205128 , 0.743590 , -2.882581
0.205128 , 0.769231 , -2.908341
0.205128 , 0.794872 , -2.930914
0.205128 , 0.820513 , -2.950035
0.205128 , 0.846154 , -2.967270
0.205128 , 0.871795 , -2.981706
0.205128 , 0.897436 , -2.992276
0.205128 , 0.923077 , -3.002082
0.205128 , 0.948718 , -3.010081
0.205128 , 0.974359 , -3.013413
0.205128 , 1.000000 , -3.013723
0.230769 , 0.000000 , -1.791396
0.230769 , 0.025641 , -1.792827
0.230769 , 0.051282 , -1.795639
0.230769 , 0.076923 , -1.800403
0.230769 , 0.102564 , -1.807697
0.230769 , 0.128205 , -1.817716
0.230769 , 0.153846 , -1.831764
0.230769 , 0.179487 , -1.850272
0.230769 , 0.205128 , -1.872652
0.230769 , 0.230769 , -1.898020
0.230769 , 0.256410 , -1.925835
0.230769 , 0.282051 , -1.958413
0.230769 , 0.307692 , -1.995070
0.230769 , 0.333333 , -2.036001
0.230769 , 0.358974 , -2.078904
0.230769 , 0.384615 , -2.123794
0.230769 , 0.410256 , -2.169416
0.230769 , 0.435897 , -2.218070
0.230769 , 0.461538 , -2.267072
0.230769 , 0.487179 , -2.317071
0.230769 , 0.512821 , -2.368087
0.230769 , 0.538462 , -2.419106
0.230769 , 0.564103 , -2.468015
0.230769 , 0.589744 , -2.514740
0.230769 , 0.615385 , -2.560777
0.230769 , 0.641026 , -2.605282
0.230769 , 0.666667 , -2.648185
0.230769 , 0.692308 , -2.687812
0.230769 , 0.717949 , -2.724581
0.230769 , 0.743590 , -2.757810
0.230769 , 0.769231 , -2.787299
0.230769 , 0.794872 , -2.812481
0.230769 , 0.820513 , -2.834662
0.230769 , 0.846154 , -2.854811
0.230769 , 0.871795 , -2.871976
0.230769 , 0.897436 , -2.884204
0.230769 , 0.923077 , -2.894381
0.230769 , 0.948718 , -2.902910
0.230769 , 0.974359 , -2.907073
0.230769 , 1.000000 , -2.907479
0.256410 , 0.000000 , -1.562692
0.256410 , 0.025641 , -1.563777
0.256410 , 0.051282 , -1.567546
0.256410 , 0.076923 , -1.573914
0.256410 , 0.102564 , -1.582929
0.256410 , 0.128205 , -1.595222
0.256410 , 0.153846 , -1.611676
0.256410 , 0.179487 , -1.632542
0.256410 , 0.205128 , -1.657855
0.256410 , 0.230769 , -1.686463
0.256410 , 0.256410 , -1.717584
0.256410 , 0.282051 , -1.753644
0.256410 , 0.307692 , -1.793780
0.256410 , 0.333333 , -1.838403
0.256410 , 0.358974 , -1.885542
0.256410 , 0.384615 , -1.934356
0.256410 , 0.410256 , -1.985065
0.256410 , 0.435897 , -2.038438
0.256410 , 0.461538 , -2.092716
0.256410 , 0.487179 , -2.148281
0.256410 , 0.512821 , -2.204458
0.256410 , 0.538462 , -2.259872
0.256410 , 0.564103 , -2.314088
0.256410 , 0.589744 , -2.366339
0.256410 , 0.615385 , -2.417264
0.256410 , 0.641026 , -2.466604
0.256410 , 0.666667 , -2.514177
0.256410 , 0.692308 , -2.558742
0.256410 , 0.717949 , -2.599820
0.256410 , 0.743590 , -2.637432
0.256410 , 0.769231 , -2.670495
0.256410 , 0.794872 , -2.699266
0.256410 , 0.820513 , -2.724531
0.256410 , 0.846154 , -2.746465
0.256410 , 0.871795 , -2.766432
0.256410 , 0.897436 , -2.781953
0.256410 , 0.923077 , -2.793428
0.256410 , 0.948718 , -2.802441
0.256410 , 0.974359 , -2.807295
0.256410 , 1.000000 , -2.808776
0.282051 , 0.000000 , -1.338152
0.282051 , 0.025641 , -1.339661
0.282051 , 0.051282 , -1.343812
0.282051 , 0.076923 , -1.351567
0.282051 , 0.102564 , -1.362204
0.282051 , 0.128205 , -1.376841
0.282051 , 0.153846 , -1.395585
0.282051 , 0.179487 , -1.418736
0.282051 , 0.205128 , -1.446747
0.282051 , 0.230769 , -1.479325
0.282051 , 0.256410 , -1.515159
0.282051 , 0.282051 , -1.555243
0.282051 , 0.307692 , -1.599216
0.282051 , 0.333333 , -1.646843
0.282051 , 0.358974 , -1.697403
0.282051 , 0.384615 , -1.750318
0.282051 , 0.410256 , -1.805770
0.282051 , 0.435897 , -1.863637
0.282051 , 0.461538 , -1.922996
0.282051 , 0.487179 , -1.983644
0.282051 , 0.512821 , -2.045100
0.282051 , 0.538462 , -2.105509
0.282051 , 0.564103 , -2.165167
0.282051 , 0.589744 , -2.223043
0.282051 , 0.615385 , -2.279011
0.282051 , 0.641026 , -2.333154
0.282051 , 0.666667 , -2.385389
0.282051 , 0.692308 , -2.434552
0.282051 , 0.717949 , -2.479646
0.282051 , 0.743590 , -2.521085
0.282051 , 0.769231 , -2.558660
0.282051 , 0.794872 , -2.591971
0.282051 , 0.820513 , -2.621086
0.282051 , 0.846154 , -2.646041
0.282051 , 0.871795 , -2.667717
0.282051 , 0.897436 , -2.685749
0.282051 , 0.923077 , -2.699176
0.282051 , 0.948718 , -2.708839
0.282051 , 0.974359 , -2.714340
0.282051 , 1.000000 , -2.716297
0.307692 , 0.000000 , -1.117485
0.307692 , 0.025641 , -1.119105
0.307692 , 0.051282 , -1.123954
0.307692 , 0.076923 , -1.132956
0.307692 , 0.102564 , -1.145630
0.307692 , 0.128205 , -1.162569
0.307692 , 0.153846 , -1.184079
0.307692 , 0.179487 , -1.209786
0.307692 , 0.205128 , -1.240712
0.307692 , 0.230769 , -1.276544
0.307692 , 0.256410 , -1.316533
0.307692 , 0.282051 , -1.360730
0.307692 , 0.307692 , -1.408983
0.307692 , 0.333333 , -1.460143
0.307692 , 0.358974 , -1.513942
0.307692 , 0.384615 , -1.571329
0.307692 , 0.410256 , -1.631513
0.307692 , 0.435897 , -1.694352
0.307692 , 0.461538 , -1.758831
0.307692 , 0.487179 , -1.824451
0.307692 , 0.512821 , -1.890264
0.307692 , 0.538462 , -1.955899
0.307692 , 0.564103 , -2.021021
0.307692 , 0.589744 , -2.084291
0.307692 , 0.615385 , -2.145697
0.307692 , 0.641026 , -2.204978
0.307692 , 0.666667 , -2.261467
0.307692 , 0.692308 , -2.315102
0.307692 , 0.717949 , -2.364830
0.307692 , 0.743590 , -2.410773
0.307692 , 0.769231 , -2.452121
0.307692 , 0.794872 , -2.489559
0.307692 , 0.820513 , -2.523331
0.307692 , 0.846154 , -2.552437
0.307692 , 0.871795 , -2.576271
0.307692 , 0.897436 , -2.595612
0.307692 , 0.923077 , -2.611049
0.307692 , 0.948718 , -2.621521
0.307692 , 0.974359 , -2.627716
0.307692 , 1.000000 , -2.630051
0.333333 , 0.000000 , -0.899528
0.333333 , 0.025641 , -0.901427
0.333333 , 0.051282 , -0.907727
0.333333 , 0.076923 , -0.918229
0.333333 , 0.102564 , -0.933228
0.333333 , 0.128205 , -0.952886
0.333333 , 0.153846 , -0.976987
0.333333 , 0.179487 , -1.005215
0.333333 , 0.205128 , -1.039156
0.333333 , 0.230769 , -1.078625
0.333333 , 0.256410 , -1.122024
0.333333 , 0.282051 , -1.169530
0.333333 , 0.307692 , -1.221773
0.333333 , 0.333333 , -1.276800
0.333333 , 0.358974 , -1.335157
0.333333 , 0.384615 , -1.397615
0.333333 , 0.410256 , -1.462875
0.333333 , 0.435897 , -1.531024
0.333333 , 0.461538 , -1.600181
0.333333 , 0.487179 , -1.670724
0.333333 , 0.512821 , -1.741599
0.333333 , 0.538462 , -1.812284
0.333333 , 0.564103 , -1.882415
0.333333 , 0.589744 , -1.951359
0.333333 , 0.615385 , -2.018498
0.333333 , 0.641026 , -2.083264
0.333333 , 0.666667 , -2.144722
0.333333 , 0.692308 , -2.203078
0.333333 , 0.717949 , -2.257437
0.333333 , 0.743590 , -2.307483
0.333333 , 0.769231 , -2.353578
0.333333 , 0.794872 , -2.395011
0.333333 , 0.820513 , -2.432514
0.333333 , 0.846154 , -2.465252
0.333333 , 0.871795 , -2.492270
0.333333 , 0.897436 , -2.513553
0.333333 , 0.923077 , -2.530207
0.333333 , 0.948718 , -2.541483
0.333333 , 0.974359 , -2.548423
0.333333 , 1.000000 , -2.551051
0.358974 , 0.000000 , -0.683215
0.358974 , 0.025641 , -0.685870
0.358974 , 0.051282 , -0.693881
0.358974 , 0.076923 , -0.706264
0.358974 , 0.102564 , -0.723517
0.358974 , 0.128205 , -0.745683
0.358974 , 0.153846 , -0.772753
0.358974 , 0.179487 , -0.804162
0.358974 , 0.205128 , -0.840772
0.358974 , 0.230769 , -0.884328
0.358974 , 0.256410 , -0.932124
0.358974 , 0.282051 , -0.982900
0.358974 , 0.307692 , -1.038551
0.358974 , 0.333333 , -1.097955
0.358974 , 0.358974 , -1.160999
0.358974 , 0.384615 , -1.228759
0.358974 , 0.410256 , -1.299461
0.358974 , 0.435897 , -1.372981
0.358974 , 0.461538 , -1.447176
0.358974 , 0.487179 , -1.522740
0.358974 , 0.512821 , -1.598833
0.358974 , 0.538462 , -1.675056
0.358974 , 0.564103 , -1.750446
0.358974 , 0.589744 , -1.825006
0.358974 , 0.615385 , -1.897206
0.358974 , 0.641026 , -1.966859
0.358974 , 0.666667 , -2.033240
0.358974 , 0.692308 , -2.096633
0.358974 , 0.717949 , -2.155963
0.358974 , 0.743590 , -2.210986
0.358974 , 0.769231 , -2.261280
0.358974 , 0.794872 , -2.306533
0.358974 , 0.820513 , -2.347903
0.358974 , 0.846154 , -2.383761
0.358974 , 0.871795 , -2.414674
0.358974 , 0.897436 , -2.438912
0.358974 , 0.923077 , -2.457352
0.358974 , 0.948718 , -2.469472
0.358974 , 0.974359 , -2.476998
0.358974 , 1.000000 , -2.480062
0.384615 , 0.000000 , -0.468683
0.384615 , 0.025641 , -0.472055
0.384615 , 0.051282 , -0.481492
0.384615 , 0.076923 , -0.496235
0.384615 , 0.102564 , -0.515750
0.384615 , 0.128205 , -0.540198
0.384615 , 0.153846 , -0.570252
0.384615 , 0.179487 , -0.605060
0.384615 , 0.205128 , -0.645784
0.384615 , 0.230769 , -0.692449
0.384615 , 0.256410 , -0.744405
0.384615 , 0.282051 , -0.800046
0.384615 , 0.307692 , -0.859724
0.384615 , 0.333333 , -0.924038
0.384615 , 0.358974 , -0.992601
0.384615 , 0.384615 , -1.065642
0.384615 , 0.410256 , -1.141690
0.384615 , 0.435897 , -1.220550
0.384615 , 0.461538 , -1.300300
0.384615 , 0.487179 , -1.381156
0.384615 , 0.512821 , -1.462660
0.384615 , 0.538462 , -1.544585
0.384615 , 0.564103 , -1.625569
0.384615 , 0.589744 , -1.705658
0.384615 , 0.615385 , -1.783419
0.384615 , 0.641026 , -1.857810
0.384615 , 0.666667 , -1.928766
0.384615 , 0.692308 , -1.997633
0.384615 , 0.717949 , -2.062310
0.384615 , 0.743590 , -2.122523
0.384615 , 0.769231 , -2.177604
0.384615 , 0.794872 , -2.226912
0.384615 , 0.820513 , -2.272628
0.384615 , 0.846154 , -2.311583
0.384615 , 0.871795 , -2.344747
0.384615 , 0.897436 , -2.371853
0.384615 , 0.923077 , -2.392927
0.384615 , 0.948718 , -2.406950
0.384615 , 0.974359 , -2.415276
0.384615 , 1.000000 , -2.418989
0.410256 , 0.000000 , -0.256193
0.410256 , 0.025641 , -0.260173
0.410256 , 0.051282 , -0.270536
0.410256 , 0.076923 , -0.287321
0.410256 , 0.102564 , -0.309070
0.410256 , 0.128205 , -0.335470
0.410256 , 0.153846 , -0.368717
0.410256 , 0.179487 , -0.407194
0.410256 , 0.205128 , -0.452118
0.410256 , 0.230769 , -0.503347
0.410256 , 0.256410 , -0.559089
0.410256 , 0.282051 , -0.619960
0.410256 , 0.307692 , -0.685668
0.410256 , 0.333333 , -0.754781
0.410256 , 0.358974 , -0.828540
0.410256 , 0.384615 , -0.906922
0.410256 , 0.410256 , -0.988853
0.410256 , 0.435897 , -1.073771
0.410256 , 0.461538 , -1.158982
0.410256 , 0.487179 , -1.245997
0.410256 , 0.512821 , -1.333729
0.410256 , 0.538462 , -1.421049
0.410256 , 0.564103 , -1.508185
0.410256 , 0.589744 , -1.593772
0.410256 , 0.615385 , -1.677092
0.410256 , 0.641026 , -1.757695
0.410256 , 0.666667 , -1.833791
0.410256 , 0.692308 , -1.907492
0.410256 , 0.717949 , -1.977635
0.410256 , 0.743590 , -2.043101
0.410256 , 0.769231 , -2.103548
0.410256 , 0.794872 , -2.157834
0.410256 , 0.820513 , -2.206737
0.410256 , 0.846154 , -2.249070
0.410256 , 0.871795 , -2.284806
0.410256 , 0.897436 , -2.314259
0.410256 , 0.923077 , -2.337437
0.410256 , 0.948718 , -2.353439
0.410256 , 0.974359 , -2.363042
0.410256 , 1.000000 , -2.366434
0.435897 , 0.000000 , -0.045329
0.435897 , 0.025641 , -0.049550
0.435897 , 0.051282 , -0.061012
0.435897 , 0.076923 , -0.079072
0.435897 , 0.102564 , -0.103000
0.435897 , 0.128205 , -0.132305
0.435897 , 0.153846 , -0.169170
0.435897 , 0.179487 , -0.211621
0.435897 , 0.205128 , -0.260382
0.435897 , 0.230769 , -0.315937
0.435897 , 0.256410 , -0.376458
0.435897 , 0.282051 , -0.442514
0.435897 , 0.307692 , -0.514025
0.435897 , 0.333333 , -0.589423
0.435897 , 0.358974 , -0.669009
0.435897 , 0.384615 , -0.752771
0.435897 , 0.410256 , -0.840492
0.435897 , 0.435897 , -0.931726
0.435897 , 0.461538 , -1.023682
0.435897 , 0.487179 , -1.116830
0.435897 , 0.512821 , -1.211448
0.435897 , 0.538462 , -1.305314
0.435897 , 0.564103 , -1.398157
0.435897 , 0.589744 , -1.489964
0.435897 , 0.615385 , -1.579476
0.435897 , 0.641026 , -1.665980
0.435897 , 0.666667 , -1.748923
0.435897 , 0.692308 , -1.828166
0.435897 , 0.717949 , -1.902994
0.435897 , 0.743590 , -1.973529
0.435897 , 0.769231 , -2.038650
0.435897 , 0.794872 , -2.097929
0.435897 , 0.820513 , -2.150708
0.435897 , 0.846154 , -2.196428
0.435897 , 0.871795 , -2.235535
0.435897 , 0.897436 , -2.267101
0.435897 , 0.923077 , -2.292050
0.435897 , 0.948718 , -2.309877
0.435897 , 0.974359 , -2.320217
0.435897 , 1.000000 , -2.324089
0.461538 , 0.000000 , 0.165098
0.461538 , 0.025641 , 0.160652
0.461538 , 0.051282 , 0.148753
0.461538 , 0.076923 , 0.129331
0.461538 , 0.102564 , 0.102916
0.461538 , 0.128205 , 0.070166
0.461538 , 0.153846 , 0.029895
0.461538 , 0.179487 , -0.017026
0.461538 , 0.205128 , -0.070024
0.461538 , 0.230769 , -0.129701
0.461538 , 0.256410 , -0.195304
0.461538 , 0.282051 , -0.266752
0.461538 , 0.307692 , -0.344385
0.461538 , 0.333333 , -0.426527
0.461538 , 0.358974 , -0.513063
0.461538 , 0.384615 , -0.603349
0.461538 , 0.410256 , -0.697057
0.461538 , 0.435897 , -0.794372
0.461538 , 0.461538 , -0.893688
0.461538 , 0.487179 , -0.994005
0.461538 , 0.512821 , -1.095383
0.461538 , 0.538462 , -1.196553
0.461538 , 0.564103 , -1.296715
0.461538 , 0.589744 , -1.394933
0.461538 , 0.615385 , -1.491083
0.461538 , 0.641026 , -1.584082
0.461538 , 0.666667 , -1.673483
0.461538 , 0.692308 , -1.758422
0.461538 , 0.717949 , -1.838686
0.461538 , 0.743590 , -1.914565
0.461538 , 0.769231 , -1.984674
0.461538 , 0.794872 , -2.048342
0.461538 , 0.820513 , -2.105056
0.461538 , 0.846154 , -2.154691
0.461538 , 0.871795 , -2.197007
0.461538 , 0.897436 , -2.230948
0.461538 , 0.923077 , -2.257432
0.461538 , 0.948718 , -2.277097
0.461538 , 0.974359 , -2.288599
0.461538 , 1.000000 , -2.292573
0.487179 , 0.000000 , 0.376079
0.487179 , 0.025641 , 0.371549
0.487179 , 0.051282 , 0.358387
0.487179 , 0.076923 , 0.337787
0.487179 , 0.102564 , 0.309240
0.487179 , 0.128205 , 0.272967
0.487179 , 0.153846 , 0.229456
0.487179 , 0.179487 , 0.178398
0.487179 , 0.205128 , 0.120271
0.487179 , 0.230769 , 0.056179
0.487179 , 0.256410 , -0.015127
0.487179 , 0.282051 , -0.092781
0.487179 , 0.307692 , -0.176895
0.487179 , 0.333333 , -0.266170
0.487179 , 0.358974 , -0.360086
0.487179 , 0.384615 , -0.457305
0.487179 , 0.410256 , -0.558057
0.487179 , 0.435897 , -0.662680
0.487179 , 0.461538 , -0.769461
0.487179 , 0.487179 , -0.877239
0.487179 , 0.512821 , -0.986495
0.487179 , 0.538462 , -1.095629
0.487179 , 0.564103 , -1.203081
0.487179 , 0.589744 , -1.308573
0.487179 , 0.615385 , -1.411346
0.487179 , 0.641026 , -1.511314
0.487179 , 0.666667 , -1.607668
0.487179 , 0.692308 , -1.699052
0.487179 , 0.717949 , -1.785313
0.487179 , 0.743590 , -1.866630
0.487179 , 0.769231 , -1.941492
0.487179 , 0.794872 , -2.009677
0.487179 , 0.820513 , -2.070589
0.487179 , 0.846154 , -2.124189
0.487179 , 0.871795 , -2.170134
0.487179 , 0.897436 , -2.206290
0.487179 , 0.923077 , -2.234839
0.487179 , 0.948718 , -2.256005
0.487179 , 0.974359 , -2.268866
0.487179 , 1.000000 , -2.273514
0.512821 , 0.000000 , 0.588109
0.512821 , 0.025641 , 0.583852
0.512821 , 0.051282 , 0.569376
0.512821 , 0.076923 , 0.547163
0.512821 , 0.102564 , 0.516104
0.512821 , 0.128205 , 0.476899
0.512821 , 0.153846 , 0.429903
0.512821 , 0.179487 , 0.374693
0.512821 , 0.205128 , 0.311611
0.512821 , 0.230769 , 0.241821
0.512821 , 0.256410 , 0.164432
0.512821 , 0.282051 , 0.079971
0.512821 , 0.307692 , -0.010876
0.512821 , 0.333333 , -0.107482
0.512821 , 0.358974 , -0.208909
0.512821 , 0.384615 , -0.314427
0.512821 , 0.410256 , -0.422784
0.512821 , 0.435897 , -0.535306
0.512821 , 0.461538 , -0.650020
0.512821 , 0.487179 , -0.766228
0.512821 , 0.512821 , -0.883338
0.512821 , 0.538462 , -1.000941
0.512821 , 0.564103 , -1.116805
0.512821 , 0.589744 , -1.230227
0.512821 , 0.615385 , -1.340875
0.512821 , 0.641026 , -1.448065
0.512821 , 0.666667 , -1.551414
0.512821 , 0.692308 , -1.650088
0.512821 , 0.717949 , -1.743271
0.512821 , 0.743590 , -1.830024
0.512821 , 0.769231 , -1.910163
0.512821 , 0.794872 , -1.982932
0.512821 , 0.820513 , -2.048252
0.512821 , 0.846154 , -2.105779
0.512821 , 0.871795 , -2.154419
0.512821 , 0.897436 , -2.193653
0.512821 , 0.923077 , -2.225070
0.512821 , 0.948718 , -2.247935
0.512821 , 0.974359 , -2.261666
0.512821 , 1.000000 , -2.266344
0.538462 , 0.000000 , 0.803130
0.538462 , 0.025641 , 0.797978
0.538462 , 0.051282 , 0.783001
0.538462 , 0.076923 , 0.758600
0.538462 , 0.102564 , 0.725055
0.538462 , 0.128205 , 0.682911
0.538462 , 0.153846 , 0.632501
0.538462 , 0.179487 , 0.573261
0.538462 , 0.205128 , 0.504645
0.538462 , 0.230769 , 0.428336
0.538462 , 0.256410 , 0.344782
0.538462 , 0.282051 , 0.253273
0.538462 , 0.307692 , 0.155033
0.538462 , 0.333333 , 0.051004
0.538462 , 0.358974 , -0.058408
0.538462 , 0.384615 , -0.172693
0.538462 , 0.410256 , -0.290367
0.538462 , 0.435897 , -0.412091
0.538462 , 0.461538 , -0.535905
0.538462 , 0.487179 , -0.661887
0.538462 , 0.512821 , -0.787721
0.538462 , 0.538462 , -0.913782
0.538462 , 0.564103 , -1.038479
0.538462 , 0.589744 , -1.160789
0.538462 , 0.615385 , -1.280397
0.538462 , 0.641026 , -1.395763
0.538462 , 0.666667 , -1.506395
0.538462 , 0.692308 , -1.612295
0.538462 , 0.717949 , -1.712267
0.538462 , 0.743590 , -1.804958
0.538462 , 0.769231 , -1.891111
0.538462 , 0.794872 , -1.969050
0.538462 , 0.820513 , -2.038955
0.538462 , 0.846154 , -2.099976
0.538462 , 0.871795 , -2.151734
0.538462 , 0.897436 , -2.194199
0.538462 , 0.923077 , -2.228025
0.538462 , 0.948718 , -2.252333
0.538462 , 0.974359 , -2.267554
0.538462 , 1.000000 , -2.272348
0.564103 , 0.000000 , 1.021477
0.564103 , 0.025641 , 1.015740
0.564103 , 0.051282 , 0.999926
0.564103 , 0.076923 , 0.973864
0.564103 , 0.102564 , 0.937524
0.564103 , 0.128205 , 0.892073
0.564103 , 0.153846 , 0.837701
0.564103 , 0.179487 , 0.773665
0.564103 , 0.205128 , 0.700270
0.564103 , 0.230769 , 0.617733
0.564103 , 0.256410 , 0.527198
0.564103 , 0.282051 , 0.428560
0.564103 , 0.307692 , 0.322537
0.564103 , 0.333333 , 0.210073
0.564103 , 0.358974 , 0.091649
0.564103 , 0.384615 , -0.032273
0.564103 , 0.410256 , -0.160031
0.564103 , 0.435897 , -0.292271
0.564103 , 0.461538 , -0.426976
0.564103 , 0.487179 , -0.563110
0.564103 , 0.512821 , -0.699437
0.564103 , 0.538462 , -0.834471
0.564103 , 0.564103 , -0.968656
0.564103 , 0.589744 , -1.100932
0.564103 , 0.615385 , -1.230212
0.564103 , 0.641026 , -1.354963
0.564103 , 0.666667 , -1.474038
0.564103 , 0.692308 , -1.587880
0.564103 , 0.717949 , -1.695005
0.564103 , 0.743590 , -1.793793
0.564103 , 0.769231 , -1.885581
0.564103 , 0.794872 , -1.968562
0.564103 , 0.820513 , -2.043229
0.564103 , 0.846154 , -2.107883
0.564103 , 0.871795 , -2.163239
0.564103 , 0.897436 , -2.208618
0.564103 , 0.923077 , -2.244860
0.564103 , 0.948718 , -2.270906
0.564103 , 0.974359 , -2.286683
0.564103 , 1.000000 , -2.292087
0.589744 , 0.000000 , 1.243297
0.589744 , 0.025641 , 1.237536
0.589744 , 0.051282 , 1.220532
0.589744 , 0.076923 , 1.192762
0.589744 , 0.102564 , 1.154198
0.589744 , 0.128205 , 1.104849
0.589744 , 0.153846 , 1.046637
0.589744 , 0.179487 , 0.978719
0.589744 , 0.205128 , 0.900656
0.589744 , 0.230769 , 0.812107
0.589744 , 0.256410 , 0.714337
0.589744 , 0.282051 , 0.608021
0.589744 , 0.307692 , 0.493470
0.589744 , 0.333333 , 0.371149
0.589744 , 0.358974 , 0.242062
0.589744 , 0.384615 , 0.107661
0.589744 , 0.410256 , -0.030902
0.589744 , 0.435897 , -0.174679
0.589744 , 0.461538 , -0.322231
0.589744 , 0.487179 , -0.470191
0.589744 , 0.512821 , -0.617672
0.589744 , 0.538462 , -0.764120
0.589744 , 0.564103 , -0.909597
0.589744 , 0.589744 , -1.052799
0.589744 , 0.615385 , -1.191885
0.589744 , 0.641026 , -1.326371
0.589744 , 0.666667 , -1.454559
0.589744 , 0.692308 , -1.577044
0.589744 , 0.717949 , -1.691846
0.589744 , 0.743590 , -1.797482
0.589744 , 0.769231 , -1.895084
0.589744 , 0.794872 , -1.983131
0.589744 , 0.820513 , -2.062328
0.589744 , 0.846154 , -2.131067
0.589744 , 0.871795 , -2.189942
0.589744 , 0.897436 , -2.238014
0.589744 , 0.923077 , -2.276572
0.589744 , 0.948718 , -2.304116
0.589744 , 0.974359 , -2.320589
0.589744 , 1.000000 , -2.326650
0.615385 , 0.000000 , 1.469796
0.615385 , 0.025641 , 1.463887
0.615385 , 0.051282 , 1.445859
0.615385 , 0.076923 , 1.416678
0.615385 , 0.102564 , 1.376203
0.615385 , 0.128205 , 1.323905
0.615385 , 0.153846 , 1.262215
0.615385 , 0.179487 , 1.189508
0.615385 , 0.205128 , 1.105954
0.615385 , 0.230769 , 1.011311
0.615385 , 0.256410 , 0.906484
0.615385 , 0.282051 , 0.792121
0.615385 , 0.307692 , 0.668351
0.615385 , 0.333333 , 0.535154
0.615385 , 0.358974 , 0.394398
0.615385 , 0.384615 , 0.248488
0.615385 , 0.410256 , 0.097175
0.615385 , 0.435897 , -0.059857
0.615385 , 0.461538 , -0.220800
0.615385 , 0.487179 , -0.382349
0.615385 , 0.512821 , -0.543016
0.615385 , 0.538462 , -0.702500
0.615385 , 0.564103 , -0.860200
0.615385 , 0.589744 , -1.015231
0.615385 , 0.615385 , -1.165902
0.615385 , 0.641026 , -1.311339
0.615385 , 0.666667 , -1.449028
0.615385 , 0.692308 , -1.580622
0.615385 , 0.717949 , -1.703469
0.615385 , 0.743590 , -1.816616
0.615385 , 0.769231 , -1.919813
0.615385 , 0.794872 , -2.013458
0.615385 , 0.820513 , -2.097630
0.615385 , 0.846154 , -2.170173
0.615385 , 0.871795 , -2.232714
0.615385 , 0.897436 , -2.284366
0.615385 , 0.923077 , -2.324141
0.615385 , 0.948718 , -2.352496
0.615385 , 0.974359 , -2.369724
0.615385 , 1.000000 , -2.375915
0.641026 , 0.000000 , 1.702076
0.641026 , 0.025641 , 1.695658
0.641026 , 0.051282 , 1.676516
0.641026 , 0.076923 , 1.646573
0.641026 , 0.102564 , 1.604614
0.641026 , 0.128205 , 1.549460
0.641026 , 0.153846 , 1.484207
0.641026 , 0.179487 , 1.406868
0.641026 , 0.205128 , 1.316981
0.641026 , 0.230769 , 1.216006
0.641026 , 0.256410 , 1.103437
0.641026 , 0.282051 , 0.979881
0.641026 , 0.307692 , 0.845883
0.641026 , 0.333333 , 0.701788
0.641026 , 0.358974 , 0.549440
0.641026 , 0.384615 , 0.390690
0.641026 , 0.410256 , 0.225599
0.641026 , 0.435897 , 0.053696
0.641026 , 0.461538 , -0.122334
0.641026 , 0.487179 , -0.299146
0.641026 , 0.512821 , -0.474958
0.641026 , 0.538462 , -0.649274
0.641026 , 0.564103 , -0.821186
0.641026 , 0.589744 , -0.989290
0.641026 , 0.615385 , -1.152573
0.641026 , 0.641026 , -1.310458
0.641026 , 0.666667 , -1.459378
0.641026 , 0.692308 , -1.600006
0.641026 , 0.717949 , -1.731505
0.641026 , 0.743590 , -1.852022
0.641026 , 0.769231 , -1.961808
0.641026 , 0.794872 , -2.060812
0.641026 , 0.820513 , -2.149783
0.641026 , 0.846154 , -2.226573
0.641026 , 0.871795 , -2.291897
0.641026 , 0.897436 , -2.346419
0.641026 , 0.923077 , -2.388508
0.641026 , 0.948718 , -2.417899
0.641026 , 0.974359 , -2.435182
0.641026 , 1.000000 , -2.441357
0.666667 , 0.000000 , 1.939875
0.666667 , 0.025641 , 1.933267
0.666667 , 0.051282 , 1.914042
0.666667 , 0.076923 , 1.883153
0.666667 , 0.102564 , 1.839519
0.666667 , 0.128205 , 1.782407
0.666667 , 0.153846 , 1.713154
0.666667 , 0.179487 , 1.630568
0.666667 , 0.205128 , 1.535804
0.666667 , 0.230769 , 1.428072
0.666667 , 0.256410 , 1.307661
0.666667 , 0.282051 , 1.174393
0.666667 , 0.307692 , 1.029437
0.666667 , 0.333333 , 0.873821
0.666667 , 0.358974 , 0.708683
0.666667 , 0.384615 , 0.534618
0.666667 , 0.410256 , 0.353285
0.666667 , 0.435897 , 0.165658
0.666667 , 0.461538 , -0.026354
0.666667 , 0.487179 , -0.220326
0.666667 , 0.512821 , -0.413498
0.666667 , 0.538462 , -0.604669
0.666667 , 0.564103 , -0.792078
0.666667 , 0.589744 , -0.975395
0.666667 , 0.615385 , -1.153262
0.666667 , 0.641026 , -1.323858
0.666667 , 0.666667 , -1.485048
0.666667 , 0.692308 , -1.635888
0.666667 , 0.717949 , -1.776179
0.666667 , 0.743590 , -1.904665
0.666667 , 0.769231 , -2.021324
0.666667 , 0.794872 , -2.126437
0.666667 , 0.820513 , -2.219791
0.666667 , 0.846154 , -2.300580
0.666667 , 0.871795 , -2.369488
0.666667 , 0.897436 , -2.425417
0.666667 , 0.923077 , -2.469937
0.666667 , 0.948718 , -2.500946
0.666667 , 0.974359 , -2.518676
0.666667 , 1.000000 , -2.524504
0.692308 , 0.000000 , 2.183610
0.692308 , 0.025641 , 2.176789
0.692308 , 0.051282 , 2.158159
0.692308 , 0.076923 , 2.126381
0.692308 , 0.102564 , 2.082006
0.692308 , 0.128205 , 2.023307
0.692308 , 0.153846 , 1.951439
0.692308 , 0.179487 , 1.864044
0.692308 , 0.205128 , 1.763807
0.692308 , 0.230769 , 1.649215
0.692308 , 0.256410 , 1.520357
0.692308 , 0.282051 , 1.376889
0.692308 , 0.307692 , 1.220525
0.692308 , 0.333333 , 1.051638
0.692308 , 0.358974 , 0.871370
0.692308 , 0.384615 , 0.681878
0.692308 , 0.410256 , 0.482987
0.692308 , 0.435897 , 0.277531
0.692308 , 0.461538 , 0.067824
0.692308 , 0.487179 , -0.145050
0.692308 , 0.512821 , -0.357543
0.692308 , 0.538462 , -0.567773
0.692308 , 0.564103 , -0.774092
0.692308 , 0.589744 , -0.974515
0.692308 , 0.615385 , -1.168565
0.692308 , 0.641026 , -1.352933
0.692308 , 0.666667 , -1.526707
0.692308 , 0.692308 , -1.689293
0.692308 , 0.717949 , -1.839915
0.692308 , 0.743590 , -1.977881
0.692308 , 0.769231 , -2.102227
0.692308 , 0.794872 , -2.214046
0.692308 , 0.820513 , -2.312059
0.692308 , 0.846154 , -2.395483
0.692308 , 0.871795 , -2.466545
0.692308 , 0.897436 , -2.524174
0.692308 , 0.923077 , -2.569834
0.692308 , 0.948718 , -2.601508
0.692308 , 0.974359 , -2.619894
0.692308 , 1.000000 , -2.625854
0.717949 , 0.000000 , 2.434237
0.717949 , 0.025641 , 2.427863
0.717949 , 0.051282 , 2.409138
0.717949 , 0.076923 , 2.376614
0.717949 , 0.102564 , 2.331089
0.717949 , 0.128205 , 2.271360
0.717949 , 0.153846 , 2.197387
0.717949 , 0.179487 , 2.107612
0.717949 , 0.205128 , 2.001469
0.717949 , 0.230769 , 1.880133
0.717949 , 0.256410 , 1.742555
0.717949 , 0.282051 , 1.588343
0.717949 , 0.307692 , 1.419427
0.717949 , 0.333333 , 1.235992
0.717949 , 0.358974 , 1.039319
0.717949 , 0.384615 , 0.831993
0.717949 , 0.410256 , 0.614961
0.717949 , 0.435897 , 0.390460
0.717949 , 0.461538 , 0.160016
0.717949 , 0.487179 , -0.073897
0.717949 , 0.512821 , -0.308082
0.717949 , 0.538462 , -0.540008
0.717949 , 0.564103 , -0.766756
0.717949 , 0.589744 , -0.987458
0.717949 , 0.615385 , -1.198997
0.717949 , 0.641026 , -1.399796
0.717949 , 0.666667 , -1.588589
0.717949 , 0.692308 , -1.764376
0.717949 , 0.717949 , -1.926608
0.717949 , 0.743590 , -2.074812
0.717949 , 0.769231 , -2.207035
0.717949 , 0.794872 , -2.324276
0.717949 , 0.820513 , -2.425933
0.717949 , 0.846154 , -2.511507
0.717949 , 0.871795 , -2.584605
0.717949 , 0.897436 , -2.643278
0.717949 , 0.923077 , -2.688729
0.717949 , 0.948718 , -2.720672
0.717949 , 0.974359 , -2.739346
0.717949 , 1.000000 , -2.745000
0.743590 , 0.000000 , 2.691936
0.743590 , 0.025641 , 2.686442
0.743590 , 0.051282 , 2.667936
0.743590 , 0.076923 , 2.635930
0.743590 , 0.102564 , 2.589816
0.743590 , 0.128205 , 2.529516
0.743590 , 0.153846 , 2.454282
0.743590 , 0.179487 , 2.361252
0.743590 , 0.205128 , 2.250644
0.743590 , 0.230769 , 2.121833
0.743590 , 0.256410 , 1.976064
0.743590 , 0.282051 , 1.811057
0.743590 , 0.307692 , 1.629869
0.743590 , 0.333333 , 1.430881
0.743590 , 0.358974 , 1.216003
0.743590 , 0.384615 , 0.988537
0.743590 , 0.410256 , 0.750217
0.743590 , 0.435897 , 0.504074
0.743590 , 0.461538 , 0.250468
0.743590 , 0.487179 , -0.007395
0.743590 , 0.512821 , -0.265851
0.743590 , 0.538462 , -0.522122
0.743590 , 0.564103 , -0.772703
0.743590 , 0.589744 , -1.015714
0.743590 , 0.615385 , -1.248048
0.743590 , 0.641026 , -1.467262
0.743590 , 0.666667 , -1.673217
0.743590 , 0.692308 , -1.863855
0.743590 , 0.717949 , -2.038059
0.743590 , 0.743590 , -2.196666
0.743590 , 0.769231 , -2.336889
0.743590 , 0.794872 , -2.458516
0.743590 , 0.820513 , -2.562724
0.743590 , 0.846154 , -2.650426
0.743590 , 0.871795 , -2.724178
0.743590 , 0.897436 , -2.783481
0.743590 , 0.923077 , -2.827625
0.743590 , 0.948718 , -2.858929
0.743590 , 0.974359 , -2.877172
0.743590 , 1.000000 , -2.882813
0.769231 , 0.000000 , 2.957631
0.769231 , 0.025641 , 2.951931
0.769231 , 0.051282 , 2.934301
0.769231 , 0.076923 , 2.903542
0.769231 , 0.102564 , 2.858898
0.769231 , 0.128205 , 2.799316
0.769231 , 0.153846 , 2.723510
0.769231 , 0.179487 , 2.628001
0.769231 , 0.205128 , 2.513586
0.769231 , 0.230769 , 2.378565
0.769231 , 0.256410 , 2.224080
0.769231 , 0.282051 , 2.048219
0.769231 , 0.307692 , 1.853014
0.769231 , 0.333333 , 1.637628
0.769231 , 0.358974 , 1.403241
0.769231 , 0.384615 , 1.154011
0.769231 , 0.410256 , 0.892019
0.769231 , 0.435897 , 0.619755
0.769231 , 0.461538 , 0.339317
0.769231 , 0.487179 , 0.053767
0.769231 , 0.512821 , -0.231994
0.769231 , 0.538462 , -0.515226
0.769231 , 0.564103 , -0.791849
0.769231 , 0.589744 , -1.059766
0.769231 , 0.615385 , -1.315633
0.769231 , 0.641026 , -1.556688
0.769231 , 0.666667 , -1.781111
0.769231 , 0.692308 , -1.987497
0.769231 , 0.717949 , -2.174859
0.769231 , 0.743590 , -2.343016
0.769231 , 0.769231 , -2.490913
0.769231 , 0.794872 , -2.617669
0.769231 , 0.820513 , -2.724226
0.769231 , 0.846154 , -2.813415
0.769231 , 0.871795 , -2.887311
0.769231 , 0.897436 , -2.945549
0.769231 , 0.923077 , -2.988454
0.769231 , 0.948718 , -3.016935
0.769231 , 0.974359 , -3.033604
0.769231 , 1.000000 , -3.038638
0.794872 , 0.000000 , 3.230516
0.794872 , 0.025641 , 3.225042
0.794872 , 0.051282 , 3.208938
0.794872 , 0.076923 , 3.180595
0.794872 , 0.102564 , 3.138808
0.794872 , 0.128205 , 3.082115
0.794872 , 0.153846 , 3.006577
0.794872 , 0.179487 , 2.910518
0.794872 , 0.205128 , 2.793210
0.794872 , 0.230769 , 2.652981
0.794872 , 0.256410 , 2.489867
0.794872 , 0.282051 , 2.302119
0.794872 , 0.307692 , 2.091763
0.794872 , 0.333333 , 1.858744
0.794872 , 0.358974 , 1.603137
0.794872 , 0.384615 , 1.329323
0.794872 , 0.410256 , 1.040832
0.794872 , 0.435897 , 0.739845
0.794872 , 0.461538 , 0.428872
0.794872 , 0.487179 , 0.112265
0.794872 , 0.512821 , -0.205023
0.794872 , 0.538462 , -0.518608
0.794872 , 0.564103 , -0.824887
0.794872 , 0.589744 , -1.121190
0.794872 , 0.615385 , -1.403201
0.794872 , 0.641026 , -1.668319
0.794872 , 0.666667 , -1.914001
0.794872 , 0.692308 , -2.136943
0.794872 , 0.717949 , -2.338000
0.794872 , 0.743590 , -2.516743
0.794872 , 0.769231 , -2.672605
0.794872 , 0.794872 , -2.804763
0.794872 , 0.820513 , -2.914152
0.794872 , 0.846154 , -3.002678
0.794872 , 0.871795 , -3.073866
0.794872 , 0.897436 , -3.128632
0.794872 , 0.923077 , -3.167945
0.794872 , 0.948718 , -3.194074
0.794872 , 0.974359 , -3.208886
0.794872 , 1.000000 , -3.213293
0.820513 , 0.000000 , 3.507911
0.820513 , 0.025641 , 3.503171
0.820513 , 0.051282 , 3.490191
0.820513 , 0.076923 , 3.466148
0.820513 , 0.102564 , 3.429114
0.820513 , 0.128205 , 3.377307
0.820513 , 0.153846 , 3.305022
0.820513 , 0.179487 , 3.209785
0.820513 , 0.205128 , 3.092165
0.820513 , 0.230769 , 2.947812
0.820513 , 0.256410 , 2.776744
0.820513 , 0.282051 , 2.576999
0.820513 , 0.307692 , 2.349820
0.820513 , 0.333333 , 2.096512
0.820513 , 0.358974 , 1.817769
0.820513 , 0.384615 , 1.517000
0.820513 , 0.410256 , 1.198277
0.820513 , 0.435897 , 0.865450
0.820513 , 0.461538 , 0.520047
0.820513 , 0.487179 , 0.168521
0.820513 , 0.512821 , -0.184100
0.820513 , 0.538462 , -0.533073
0.820513 , 0.564103 , -0.873907
0.820513 , 0.589744 , -1.202546
0.820513 , 0.615385 , -1.514820
0.820513 , 0.641026 , -1.806133
0.820513 , 0.666667 , -2.074580
0.820513 , 0.692308 , -2.318292
0.820513 , 0.717949 , -2.534799
0.820513 , 0.743590 , -2.724112
0.820513 , 0.769231 , -2.887152
0.820513 , 0.794872 , -3.023001
0.820513 , 0.820513 , -3.133173
0.820513 , 0.846154 , -3.220307
0.820513 , 0.871795 , -3.286318
0.820513 , 0.897436 , -3.335371
0.820513 , 0.923077 , -3.368678
0.820513 , 0.948718 , -3.390030
0.820513 , 0.974359 , -3.402540
0.820513 , 1.000000 , -3.406391
0.846154 , 0.000000 , 3.787353
0.846154 , 0.025641 , 3.784531
0.846154 , 0.051282 , 3.776409
0.846154 , 0.076923 , 3.759367
0.846154 , 0.102564 , 3.730721
0.846154 , 0.128205 , 3.686304
0.846154 , 0.153846 , 3.620754
0.846154 , 0.179487 , 3.530602
0.846154 , 0.205128 , 3.413651
0.846154 , 0.230769 , 3.267056
0.846154 , 0.256410 , 3.088471
0.846154 , 0.282051 , 2.875827
0.846154 , 0.307692 , 2.631536
0.846154 , 0.333333 , 2.355751
0.846154 , 0.358974 , 2.050700
0.846154 , 0.384615 , 1.720164
0.846154 , 0.410256 , 1.367880
0.846154 , 0.435897 , 0.997884
0.846154 , 0.461538 , 0.614068
0.846154 , 0.487179 , 0.222712
0.846154 , 0.512821 , -0.170301
0.846154 , 0.538462 , -0.559640
0.846154 , 0.564103 , -0.940045
0.846154 , 0.589744 , -1.305520
0.846154 , 0.615385 , -1.651272
0.846154 , 0.641026 , -1.972590
0.846154 , 0.666667 , -2.267290
0.846154 , 0.692308 , -2.533462
0.846154 , 0.717949 , -2.767914
0.846154 , 0.743590 , -2.969199
0.846154 , 0.769231 , -3.138002
0.846154 , 0.794872 , -3.275141
0.846154 , 0.820513 , -3.383552
0.846154 , 0.846154 , -3.465875
0.846154 , 0.871795 , -3.524671
0.846154 , 0.897436 , -3.564930
0.846154 , 0.923077 , -3.589772
0.846154 , 0.948718 , -3.604070
0.846154 , 0.974359 , -3.611265
0.846154 , 1.000000 , -3.613760
0.871795 , 0.000000 , 4.067468
0.871795 , 0.025641 , 4.067545
0.871795 , 0.051282 , 4.066988
0.871795 , 0.076923 , 4.059720
0.871795 , 0.102564 , 4.043367
0.871795 , 0.128205 , 4.011613
0.871795 , 0.153846 , 3.956564
0.871795 , 0.179487 , 3.875056
0.871795 , 0.205128 , 3.762135
0.871795 , 0.230769 , 3.614667
0.871795 , 0.256410 , 3.429320
0.871795 , 0.282051 , 3.204274
0.871795 , 0.307692 , 2.941542
0.871795 , 0.333333 , 2.641839
0.871795 , 0.358974 , 2.307616
0.871795 , 0.384615 , 1.943050
0.871795 , 0.410256 , 1.551653
0.871795 , 0.435897 , 1.139262
0.871795 , 0.461538 , 0.711280
0.871795 , 0.487179 , 0.274332
0.871795 , 0.512821 , -0.165550
0.871795 , 0.538462 , -0.600951
0.871795 , 0.564103 , -1.025687
0.871795 , 0.589744 , -1.432670
0.871795 , 0.615385 , -1.816823
0.871795 , 0.641026 , -2.172586
0.871795 , 0.666667 , -2.497032
0.871795 , 0.692308 , -2.787376
0.871795 , 0.717949 , -3.040415
0.871795 , 0.743590 , -3.253720
0.871795 , 0.769231 , -3.428715
0.871795 , 0.794872 , -3.566052
0.871795 , 0.820513 , -3.669329
0.871795 , 0.846154 , -3.742607
0.871795 , 0.871795 , -3.789951
0.871795 , 0.897436 , -3.817098
0.871795 , 0.923077 , -3.829664
0.871795 , 0.948718 , -3.833868
0.871795 , 0.974359 , -3.833200
0.871795 , 1.000000 , -3.832769
0.897436 , 0.000000 , 4.342720
0.897436 , 0.025641 , 4.346516
0.897436 , 0.051282 , 4.356928
0.897436 , 0.076923 , 4.366218
0.897436 , 0.102564 , 4.367131
0.897436 , 0.128205 , 4.353405
0.897436 , 0.153846 , 4.315235
0.897436 , 0.179487 , 4.246978
0.897436 , 0.205128 , 4.141324
0.897436 , 0.230769 , 3.994977
0.897436 , 0.256410 , 3.804059
0.897436 , 0.282051 , 3.566638
0.897436 , 0.307692 , 3.284400
0.897436 , 0.333333 , 2.958806
0.897436 , 0.358974 , 2.592277
0.897436 , 0.384615 , 2.189028
0.897436 , 0.410256 , 1.753534
0.897436 , 0.435897 , 1.293270
0.897436 , 0.461538 , 0.814306
0.897436 , 0.487179 , 0.324841
0.897436 , 0.512821 , -0.168178
0.897436 , 0.538462 , -0.656829
0.897436 , 0.564103 , -1.132788
0.897436 , 0.589744 , -1.587997
0.897436 , 0.615385 , -2.016065
0.897436 , 0.641026 , -2.410645
0.897436 , 0.666667 , -2.768186
0.897436 , 0.692308 , -3.085145
0.897436 , 0.717949 , -3.357785
0.897436 , 0.743590 , -3.583802
0.897436 , 0.769231 , -3.763114
0.897436 , 0.794872 , -3.898490
0.897436 , 0.820513 , -3.993373
0.897436 , 0.846154 , -4.053333
0.897436 , 0.871795 , -4.084577
0.897436 , 0.897436 , -4.093537
0.897436 , 0.923077 , -4.087969
0.897436 , 0.948718 , -4.075852
0.897436 , 0.974359 , -4.064341
0.897436 , 1.000000 , -4.059790
0.923077 , 0.000000 , 4.604815
0.923077 , 0.025641 , 4.615167
0.923077 , 0.051282 , 4.641403
0.923077 , 0.076923 , 4.674727
0.923077 , 0.102564 , 4.702969
0.923077 , 0.128205 , 4.714883
0.923077 , 0.153846 , 4.700199
0.923077 , 0.179487 , 4.650564
0.923077 , 0.205128 , 4.557498
0.923077 , 0.230769 , 4.414994
0.923077 , 0.256410 , 4.219841
0.923077 , 0.282051 , 3.970567
0.923077 , 0.307692 , 3.667975
0.923077 , 0.333333 , 3.313431
0.923077 , 0.358974 , 2.909922
0.923077 , 0.384615 , 2.462762
0.923077 , 0.410256 , 1.977004
0.923077 , 0.435897 , 1.461577
0.923077 , 0.461538 , 0.923739
0.923077 , 0.487179 , 0.373588
0.923077 , 0.512821 , -0.180766
0.923077 , 0.538462 , -0.729589
0.923077 , 0.564103 , -1.263484
0.923077 , 0.589744 , -1.774468
0.923077 , 0.615385 , -2.252906
0.923077 , 0.641026 , -2.692173
0.923077 , 0.666667 , -3.087381
0.923077 , 0.692308 , -3.433046
0.923077 , 0.717949 , -3.726098
0.923077 , 0.743590 , -3.963536
0.923077 , 0.769231 , -4.146498
0.923077 , 0.794872 , -4.277574
0.923077 , 0.820513 , -4.360873
0.923077 , 0.846154 , -4.402346
0.923077 , 0.871795 , -4.409968
0.923077 , 0.897436 , -4.392557
0.923077 , 0.923077 , -4.360087
0.923077 , 0.948718 , -4.324137
0.923077 , 0.974359 , -4.295822
0.923077 , 1.000000 , -4.284694
0.948718 , 0.000000 , 4.842638
0.948718 , 0.025641 , 4.862873
0.948718 , 0.051282 , 4.914819
0.948718 , 0.076923 , 4.982729
0.948718 , 0.102564 , 5.049245
0.948718 , 0.128205 , 5.098302
0.948718 , 0.153846 , 5.115999
0.948718 , 0.179487 , 5.092365
0.948718 , 0.205128 , 5.016465
0.948718 , 0.230769 , 4.882393
0.948718 , 0.256410 , 4.685664
0.948718 , 0.282051 , 4.424221
0.948718 , 0.307692 , 4.099174
0.948718 , 0.333333 , 3.712069
0.948718 , 0.358974 , 3.266996
0.948718 , 0.384615 , 2.769365
0.948718 , 0.410256 , 2.227304
0.948718 , 0.435897 , 1.648308
0.948718 , 0.461538 , 1.043051
0.948718 , 0.487179 , 0.422582
0.948718 , 0.512821 , -0.202683
0.948718 , 0.538462 , -0.821923
0.948718 , 0.564103 , -1.423715
0.948718 , 0.589744 , -1.997658
0.948718 , 0.615385 , -2.533908
0.948718 , 0.641026 , -3.023877
0.948718 , 0.666667 , -3.461398
0.948718 , 0.692308 , -3.839278
0.948718 , 0.717949 , -4.153990
0.948718 , 0.743590 , -4.403974
0.948718 , 0.769231 , -4.588840
0.948718 , 0.794872 , -4.711279
0.948718 , 0.820513 , -4.777107
0.948718 , 0.846154 , -4.792984
0.948718 , 0.871795 , -4.767898
0.948718 , 0.897436 , -4.713328
0.948718 , 0.923077 , -4.642791
0.948718 , 0.948718 , -4.571734
0.948718 , 0.974359 , -4.517389
0.948718 , 1.000000 , -4.496606
0.974359 , 0.000000 , 5.035084
0.974359 , 0.025641 , 5.073554
0.974359 , 0.051282 , 5.167726
0.974359 , 0.076923 , 5.287834
0.974359 , 0.102564 , 5.407931
0.974359 , 0.128205 , 5.507159
0.974359 , 0.153846 , 5.568805
0.974359 , 0.179487 , 5.580004
0.974359 , 0.205128 , 5.529028
0.974359 , 0.230769 , 5.407709
0.974359 , 0.256410 , 5.211910
0.974359 , 0.282051 , 4.938846
0.974359 , 0.307692 , 4.588830
0.974359 , 0.333333 , 4.164676
0.974359 , 0.358974 , 3.671714
0.974359 , 0.384615 , 3.117253
0.974359 , 0.410256 , 2.508821
0.974359 , 0.435897 , 1.856578
0.974359 , 0.461538 , 1.173403
0.974359 , 0.487179 , 0.471487
0.974359 , 0.512821 , -0.236269
0.974359 , 0.538462 , -0.936455
0.974359 , 0.564103 , -1.616223
0.974359 , 0.589744 , -2.263516
0.974359 , 0.615385 , -2.865776
0.974359 , 0.641026 , -3.413932
0.974359 , 0.666667 , -3.899292
0.974359 , 0.692308 , -4.314273
0.974359 , 0.717949 , -4.653399
0.974359 , 0.743590 , -4.915609
0.974359 , 0.769231 , -5.099911
0.974359 , 0.794872 , -5.209912
0.974359 , 0.820513 , -5.250735
0.974359 , 0.846154 , -5.231372
0.974359 , 0.871795 , -5.162106
0.974359 , 0.897436 , -5.057112
0.974359 , 0.923077 , -4.932877
0.974359 , 0.948718 , -4.809529
0.974359 , 0.974359 , -4.713491
0.974359 , 1.000000 , -4.674347
1.000000 , 0.000000 , 5.147947
1.000000 , 0.025641 , 5.223684
1.000000 , 0.051282 , 5.389953
1.000000 , 0.076923 , 5.587648
1.000000 , 0.102564 , 5.782929
1.000000 , 0.128205 , 5.949694
1.000000 , 0.153846 , 6.068505
1.000000 , 0.179487 , 6.125214
1.000000 , 0.205128 , 6.106979
1.000000 , 0.230769 , 6.003862
1.000000 , 0.256410 , 5.811344
1.000000 , 0.282051 , 5.526321
1.000000 , 0.307692 , 5.148737
1.000000 , 0.333333 , 4.682661
1.000000 , 0.358974 , 4.134637
1.000000 , 0.384615 , 3.513629
1.000000 , 0.410256 , 2.829025
1.000000 , 0.435897 , 2.092167
1.000000 , 0.461538 , 1.317869
1.000000 , 0.487179 , 0.521626
1.000000 , 0.512821 , -0.282009
1.000000 , 0.538462 , -1.076703
1.000000 , 0.564103 , -1.847192
1.000000 , 0.589744 , -2.578805
1.000000 , 0.615385 , -3.258096
1.000000 , 0.641026 , -3.872318
1.000000 , 0.666667 , -4.411892
1.000000 , 0.692308 , -4.868290
1.000000 , 0.717949 , -5.234812
1.000000 , 0.743590 , -5.509499
1.000000 , 0.769231 , -5.691145
1.000000 , 0.794872 , -5.782954
1.000000 , 0.820513 , -5.791603
1.000000 , 0.846154 , -5.726363
1.000000 , 0.871795 , -5.599701
1.000000 , 0.897436 , -5.427041
1.000000 , 0.923077 , -5.227838
1.000000 , 0.948718 , -5.026420
1.000000 , 0.974359 , -4.858572
1.000000 , 1.000000 , -4.781775
