0.000000 , 0.000000 , 0.994761
0.000000 , 0.025641 , 0.994761
0.000000 , 0.051282 , 0.994761
0.000000 , 0.076923 , 0.994761
0.000000 , 0.102564 , 0.994761
0.000000 , 0.128205 , 0.994761
0.000000 , 0.153846 , 0.994761
0.000000 , 0.179487 , 0.994761
0.000000 , 0.205128 , 0.994761
0.000000 , 0.230769 , 0.994761
0.000000 , 0.256410 , 0.994761
0.000000 , 0.282051 , 0.994761
0.000000 , 0.307692 , 0.994761
0.000000 , 0.333333 , 0.994761
0.000000 , 0.358974 , 0.994761
0.000000 , 0.384615 , 0.994761
0.000000 , 0.410256 , 0.994761
0.000000 , 0.435897 , 0.994761
0.000000 , 0.461538 , 0.994761
0.000000 , 0.487179 , 0.994761
0.000000 , 0.512821 , 0.994761
0.000000 , 0.538462 , 0.994761
0.000000 , 0.564103 , 0.994761
0.000000 , 0.589744 , 0.994761
0.000000 , 0.615385 , 0.994761
0.000000 , 0.641026 , 0.994761
0.000000 , 0.666667 , 0.994761
0.000000 , 0.692308 , 0.994761
0.000000 , 0.717949 , 0.994761
0.000000 , 0.743590 , 0.994761
0.000000 , 0.769231 , 0.994761
0.000000 , 0.794872 , 0.994761
0.000000 , 0.820513 , 0.994761
0.000000 , 0.846154 , 0.994761
0.000000 , 0.871795 , 0.994761
0.000000 , 0.897436 , 0.994761
0.000000 , 0.923077 , 0.994761
0.000000 , 0.948718 , 0.994761
0.000000 , 0.974359 , 0.994761
0.000000 , 1.000000 , 0.994761
0.025641 , 0.000000 , 0.844734
0.025641 , 0.025641 , 0.844660
0.025641 , 0.051282 , 0.844404
0.025641 , 0.076923 , 0.844152
0.025641 , 0.102564 , 0.843578
0.025641 , 0.128205 , 0.842234
0.025641 , 0.153846 , 0.840105
0.025641 , 0.179487 , 0.837731
0.025641 , 0.205128 , 0.834811
0.025641 , 0.230769 , 0.831610
0.025641 , 0.256410 , 0.828074
0.025641 , 0.282051 , 0.824164
0.025641 , 0.307692 , 0.819872
0.025641 , 0.333333 , 0.814864
0.025641 , 0.358974 , 0.809780
0.025641 , 0.384615 , 0.804728
0.025641 , 0.410256 , 0.798522
0.025641 , 0.435897 , 0.791762
0.025641 , 0.461538 , 0.785072
0.025641 , 0.487179 , 0.778933
0.025641 , 0.512821 , 0.773102
0.025641 , 0.538462 , 0.767445
0.025641 , 0.564103 , 0.762295
0.025641 , 0.589744 , 0.757395
0.025641 , 0.615385 , 0.751667
0.025641 , 0.641026 , 0.746811
0.025641 , 0.666667 , 0.742126
0.025641 , 0.692308 , 0.738248
0.025641 , 0.717949 , 0.734541
0.025641 , 0.743590 , 0.730684
0.025641 , 0.769231 , 0.726785
0.025641 , 0.794872 , 0.724137
0.025641 , 0.820513 , 0.722226
0.025641 , 0.846154 , 0.720302
0.025641 , 0.871795 , 0.718035
0.025641 , 0.897436 , 0.716288
0.025641 , 0.923077 , 0.715724
0.025641 , 0.948718 , 0.714455
0.025641 , 0.974359 , 0.714128
0.025641 , 1.000000 , 0.714513
0.051282 , 0.000000 , 0.707504
0.051282 , 0.025641 , 0.707232
0.051282 , 0.051282 , 0.706972
0.051282 , 0.076923 , 0.706146
0.051282 , 0.102564 , 0.704682
0.051282 , 0.128205 , 0.702465
0.051282 , 0.153846 , 0.698955
0.051282 , 0.179487 , 0.694541
0.051282 , 0.205128 , 0.689086
0.051282 , 0.230769 , 0.682917
0.051282 , 0.256410 , 0.675968
0.051282 , 0.282051 , 0.667337
0.051282 , 0.307692 , 0.658858
0.051282 , 0.333333 , 0.649395
0.051282 , 0.358974 , 0.638760
0.051282 , 0.384615 , 0.628353
0.051282 , 0.410256 , 0.616684
0.051282 , 0.435897 , 0.603663
0.051282 , 0.461538 , 0.590712
0.051282 , 0.487179 , 0.578236
0.051282 , 0.512821 , 0.566435
0.051282 , 0.538462 , 0.555085
0.051282 , 0.564103 , 0.544703
0.051282 , 0.589744 , 0.535017
0.051282 , 0.615385 , 0.524392
0.051282 , 0.641026 , 0.514729
0.051282 , 0.666667 , 0.505093
0.051282 , 0.692308 , 0.496717
0.051282 , 0.717949 , 0.489246
0.051282 , 0.743590 , 0.482434
0.051282 , 0.769231 , 0.475661
0.051282 , 0.794872 , 0.470236
0.051282 , 0.820513 , 0.465508
0.051282 , 0.846154 , 0.460952
0.051282 , 0.871795 , 0.457229
0.051282 , 0.897436 , 0.454540
0.051282 , 0.923077 , 0.452255
0.051282 , 0.948718 , 0.450485
0.051282 , 0.974359 , 0.449946
0.051282 , 1.000000 , 0.448911
0.076923 , 0.000000 , 0.581246
0.076923 , 0.025641 , 0.581250
0.076923 , 0.051282 , 0.581242
0.076923 , 0.076923 , 0.580307
0.076923 , 0.102564 , 0.578392
0.076923 , 0.128205 , 0.575262
0.076923 , 0.153846 , 0.570554
0.076923 , 0.179487 , 0.564110
0.076923 , 0.205128 , 0.556310
0.076923 , 0.230769 , 0.547129
0.076923 , 0.256410 , 0.536682
0.076923 , 0.282051 , 0.524766
0.076923 , 0.307692 , 0.511731
0.076923 , 0.333333 , 0.497424
0.076923 , 0.358974 , 0.481836
0.076923 , 0.384615 , 0.465654
0.076923 , 0.410256 , 0.448575
0.076923 , 0.435897 , 0.430372
0.076923 , 0.461538 , 0.411948
0.076923 , 0.487179 , 0.393581
0.076923 , 0.512821 , 0.375418
0.076923 , 0.538462 , 0.358216
0.076923 , 0.564103 , 0.341648
0.076923 , 0.589744 , 0.326388
0.076923 , 0.615385 , 0.311243
0.076923 , 0.641026 , 0.296424
0.076923 , 0.666667 , 0.282763
0.076923 , 0.692308 , 0.270428
0.076923 , 0.717949 , 0.259441
0.076923 , 0.743590 , 0.248640
0.076923 , 0.769231 , 0.239079
0.076923 , 0.794872 , 0.230123
0.076923 , 0.820513 , 0.222821
0.076923 , 0.846154 , 0.216709
0.076923 , 0.871795 , 0.211596
0.076923 , 0.897436 , 0.207142
0.076923 , 0.923077 , 0.204383
0.076923 , 0.948718 , 0.201465
0.076923 , 0.974359 , 0.200270
0.076923 , 1.000000 , 0.199634
0.102564 , 0.000000 , 0.467655
0.102564 , 0.025641 , 0.467085
0.102564 , 0.051282 , 0.467499
0.102564 , 0.076923 , 0.467032
0.102564 , 0.102564 , 0.464380
0.102564 , 0.128205 , 0.460461
0.102564 , 0.153846 , 0.454232
0.102564 , 0.179487 , 0.446193
0.102564 , 0.205128 , 0.436432
0.102564 , 0.230769 , 0.424774
0.102564 , 0.256410 , 0.410983
0.102564 , 0.282051 , 0.395364
0.102564 , 0.307692 , 0.377936
0.102564 , 0.333333 , 0.358898
0.102564 , 0.358974 , 0.338139
0.102564 , 0.384615 , 0.316732
0.102564 , 0.410256 , 0.294440
0.102564 , 0.435897 , 0.270682
0.102564 , 0.461538 , 0.246941
0.102564 , 0.487179 , 0.222776
0.102564 , 0.512821 , 0.198933
0.102564 , 0.538462 , 0.175335
0.102564 , 0.564103 , 0.153185
0.102564 , 0.589744 , 0.132497
0.102564 , 0.615385 , 0.112248
0.102564 , 0.641026 , 0.092813
0.102564 , 0.666667 , 0.074755
0.102564 , 0.692308 , 0.058356
0.102564 , 0.717949 , 0.043250
0.102564 , 0.743590 , 0.028420
0.102564 , 0.769231 , 0.015423
0.102564 , 0.794872 , 0.003625
0.102564 , 0.820513 , -0.005111
0.102564 , 0.846154 , -0.013037
0.102564 , 0.871795 , -0.020455
0.102564 , 0.897436 , -0.026397
0.102564 , 0.923077 , -0.030586
0.102564 , 0.948718 , -0.033474
0.102564 , 0.974359 , -0.035094
0.102564 , 1.000000 , -0.035186
0.128205 , 0.000000 , 0.366426
0.128205 , 0.025641 , 0.366248
0.128205 , 0.051282 , 0.366554
0.128205 , 0.076923 , 0.365900
0.128205 , 0.102564 , 0.362950
0.128205 , 0.128205 , 0.357954
0.128205 , 0.153846 , 0.350195
0.128205 , 0.179487 , 0.340402
0.128205 , 0.205128 , 0.329186
0.128205 , 0.230769 , 0.315376
0.128205 , 0.256410 , 0.298529
0.128205 , 0.282051 , 0.278597
0.128205 , 0.307692 , 0.256731
0.128205 , 0.333333 , 0.232987
0.128205 , 0.358974 , 0.207208
0.128205 , 0.384615 , 0.181376
0.128205 , 0.410256 , 0.153655
0.128205 , 0.435897 , 0.124103
0.128205 , 0.461538 , 0.095099
0.128205 , 0.487179 , 0.065722
0.128205 , 0.512821 , 0.035414
0.128205 , 0.538462 , 0.006608
0.128205 , 0.564103 , -0.020693
0.128205 , 0.589744 , -0.047045
0.128205 , 0.615385 , -0.072524
0.128205 , 0.641026 , -0.097125
0.128205 , 0.666667 , -0.119811
0.128205 , 0.692308 , -0.140363
0.128205 , 0.717949 , -0.160407
0.128205 , 0.743590 , -0.178991
0.128205 , 0.769231 , -0.195232
0.128205 , 0.794872 , -0.208907
0.128205 , 0.820513 , -0.220263
0.128205 , 0.846154 , -0.230059
0.128205 , 0.871795 , -0.238895
0.128205 , 0.897436 , -0.246636
0.128205 , 0.923077 , -0.252367
0.128205 , 0.948718 , -0.255391
0.128205 , 0.974359 , -0.257555
0.128205 , 1.000000 , -0.258203
0.153846 , 0.000000 , 0.276340
0.153846 , 0.025641 , 0.276673
0.153846 , 0.051282 , 0.277628
0.153846 , 0.076923 , 0.276448
0.153846 , 0.102564 , 0.272879
0.153846 , 0.128205 , 0.266961
0.153846 , 0.153846 , 0.258305
0.153846 , 0.179487 , 0.247184
0.153846 , 0.205128 , 0.233736
0.153846 , 0.230769 , 0.217284
0.153846 , 0.256410 , 0.197154
0.153846 , 0.282051 , 0.173280
0.153846 , 0.307692 , 0.147402
0.153846 , 0.333333 , 0.119571
0.153846 , 0.358974 , 0.088930
0.153846 , 0.384615 , 0.057697
0.153846 , 0.410256 , 0.025188
0.153846 , 0.435897 , -0.009972
0.153846 , 0.461538 , -0.044452
0.153846 , 0.487179 , -0.078483
0.153846 , 0.512821 , -0.113839
0.153846 , 0.538462 , -0.148587
0.153846 , 0.564103 , -0.181720
0.153846 , 0.589744 , -0.213942
0.153846 , 0.615385 , -0.244518
0.153846 , 0.641026 , -0.273397
0.153846 , 0.666667 , -0.301431
0.153846 , 0.692308 , -0.326576
0.153846 , 0.717949 , -0.350888
0.153846 , 0.743590 , -0.373167
0.153846 , 0.769231 , -0.393215
0.153846 , 0.794872 , -0.409472
0.153846 , 0.820513 , -0.422801
0.153846 , 0.846154 , -0.435417
0.153846 , 0.871795 , -0.445304
0.153846 , 0.897436 , -0.455221
0.153846 , 0.923077 , -0.461893
0.153846 , 0.948718 , -0.465562
0.153846 , 0.974359 , -0.467429
0.153846 , 1.000000 , -0.469110
0.179487 , 0.000000 , 0.198562
0.179487 , 0.025641 , 0.198402
0.179487 , 0.051282 , 0.199015
0.179487 , 0.076923 , 0.198212
0.179487 , 0.102564 , 0.194049
0.179487 , 0.128205 , 0.187095
0.179487 , 0.153846 , 0.177034
0.179487 , 0.179487 , 0.164123
0.179487 , 0.205128 , 0.148267
0.179487 , 0.230769 , 0.128909
0.179487 , 0.256410 , 0.105635
0.179487 , 0.282051 , 0.078425
0.179487 , 0.307692 , 0.048770
0.179487 , 0.333333 , 0.016236
0.179487 , 0.358974 , -0.018675
0.179487 , 0.384615 , -0.054989
0.179487 , 0.410256 , -0.092106
0.179487 , 0.435897 , -0.131653
0.179487 , 0.461538 , -0.171562
0.179487 , 0.487179 , -0.211704
0.179487 , 0.512821 , -0.251856
0.179487 , 0.538462 , -0.291828
0.179487 , 0.564103 , -0.330217
0.179487 , 0.589744 , -0.367814
0.179487 , 0.615385 , -0.404258
0.179487 , 0.641026 , -0.438020
0.179487 , 0.666667 , -0.470899
0.179487 , 0.692308 , -0.501076
0.179487 , 0.717949 , -0.529181
0.179487 , 0.743590 , -0.555412
0.179487 , 0.769231 , -0.578065
0.179487 , 0.794872 , -0.597559
0.179487 , 0.820513 , -0.614068
0.179487 , 0.846154 , -0.628479
0.179487 , 0.871795 , -0.639882
0.179487 , 0.897436 , -0.650671
0.179487 , 0.923077 , -0.659661
0.179487 , 0.948718 , -0.664543
0.179487 , 0.974359 , -0.667047
0.179487 , 1.000000 , -0.668402
0.205128 , 0.000000 , 0.134322
0.205128 , 0.025641 , 0.134211
0.205128 , 0.051282 , 0.133160
0.205128 , 0.076923 , 0.130710
0.205128 , 0.102564 , 0.125870
0.205128 , 0.128205 , 0.117583
0.205128 , 0.153846 , 0.105795
0.205128 , 0.179487 , 0.090597
0.205128 , 0.205128 , 0.071368
0.205128 , 0.230769 , 0.048897
0.205128 , 0.256410 , 0.022723
0.205128 , 0.282051 , -0.007235
0.205128 , 0.307692 , -0.040693
0.205128 , 0.333333 , -0.077660
0.205128 , 0.358974 , -0.116686
0.205128 , 0.384615 , -0.156950
0.205128 , 0.410256 , -0.198621
0.205128 , 0.435897 , -0.242428
0.205128 , 0.461538 , -0.287713
0.205128 , 0.487179 , -0.333646
0.205128 , 0.512821 , -0.379347
0.205128 , 0.538462 , -0.424860
0.205128 , 0.564103 , -0.468630
0.205128 , 0.589744 , -0.511216
0.205128 , 0.615385 , -0.552518
0.205128 , 0.641026 , -0.591033
0.205128 , 0.666667 , -0.628119
0.205128 , 0.692308 , -0.663807
0.205128 , 0.717949 , -0.697032
0.205128 , 0.743590 , -0.726398
0.205128 , 0.769231 , -0.752847
0.205128 , 0.794872 , -0.775902
0.205128 , 0.820513 , -0.794818
0.205128 , 0.846154 , -0.810542
0.205128 , 0.871795 , -0.824196
0.205128 , 0.897436 , -0.836321
0.205128 , 0.923077 , -0.846393
0.205128 , 0.948718 , -0.852986
0.205128 , 0.974359 , -0.856347
0.205128 , 1.000000 , -0.857914
0.230769 , 0.000000 , 0.081199
0.230769 , 0.025641 , 0.080848
0.230769 , 0.051282 , 0.078673
0.230769 , 0.076923 , 0.073951
0.230769 , 0.102564 , 0.067425
0.230769 , 0.128205 , 0.057771
0.230769 , 0.153846 , 0.044336
0.230769 , 0.179487 , 0.026446
0.230769 , 0.205128 , 0.003969
0.230769 , 0.230769 , -0.022212
0.230769 , 0.256410 , -0.050639
0.230769 , 0.282051 , -0.083122
0.230769 , 0.307692 , -0.119943
0.230769 , 0.333333 , -0.160495
0.230769 , 0.358974 , -0.204166
0.230769 , 0.384615 , -0.248911
0.230769 , 0.410256 , -0.294994
0.230769 , 0.435897 , -0.343718
0.230769 , 0.461538 , -0.393753
0.230769 , 0.487179 , -0.444389
0.230769 , 0.512821 , -0.495390
0.230769 , 0.538462 , -0.546318
0.230769 , 0.564103 , -0.596086
0.230769 , 0.589744 , -0.643335
0.230769 , 0.615385 , -0.688979
0.230769 , 0.641026 , -0.733055
0.230769 , 0.666667 , -0.775445
0.230769 , 0.692308 , -0.815473
0.230769 , 0.717949 , -0.853358
0.230769 , 0.743590 , -0.886450
0.230769 , 0.769231 , -0.915382
0.230769 , 0.794872 , -0.942860
0.230769 , 0.820513 , -0.965478
0.230769 , 0.846154 , -0.983939
0.230769 , 0.871795 , -0.999216
0.230769 , 0.897436 , -1.013194
0.230769 , 0.923077 , -1.023522
0.230769 , 0.948718 , -1.030842
0.230769 , 0.974359 , -1.035660
0.230769 , 1.000000 , -1.036941
0.256410 , 0.000000 , 0.038173
0.256410 , 0.025641 , 0.037574
0.256410 , 0.051282 , 0.034720
0.256410 , 0.076923 , 0.028830
0.256410 , 0.102564 , 0.019737
0.256410 , 0.128205 , 0.008179
0.256410 , 0.153846 , -0.007325
0.256410 , 0.179487 , -0.027698
0.256410 , 0.205128 , -0.052935
0.256410 , 0.230769 , -0.081758
0.256410 , 0.256410 , -0.113470
0.256410 , 0.282051 , -0.149471
0.256410 , 0.307692 , -0.190195
0.256410 , 0.333333 , -0.234078
0.256410 , 0.358974 , -0.281328
0.256410 , 0.384615 , -0.330846
0.256410 , 0.410256 , -0.381294
0.256410 , 0.435897 , -0.435393
0.256410 , 0.461538 , -0.490686
0.256410 , 0.487179 , -0.545667
0.256410 , 0.512821 , -0.601763
0.256410 , 0.538462 , -0.657509
0.256410 , 0.564103 , -0.712330
0.256410 , 0.589744 , -0.765467
0.256410 , 0.615385 , -0.816863
0.256410 , 0.641026 , -0.865287
0.256410 , 0.666667 , -0.912244
0.256410 , 0.692308 , -0.956512
0.256410 , 0.717949 , -0.998423
0.256410 , 0.743590 , -1.036077
0.256410 , 0.769231 , -1.068442
0.256410 , 0.794872 , -1.099047
0.256410 , 0.820513 , -1.125669
0.256410 , 0.846154 , -1.148109
0.256410 , 0.871795 , -1.165526
0.256410 , 0.897436 , -1.180540
0.256410 , 0.923077 , -1.192030
0.256410 , 0.948718 , -1.200145
0.256410 , 0.974359 , -1.205869
0.256410 , 1.000000 , -1.207284
0.282051 , 0.000000 , 0.006290
0.282051 , 0.025641 , 0.004943
0.282051 , 0.051282 , 0.001506
0.282051 , 0.076923 , -0.005115
0.282051 , 0.102564 , -0.016315
0.282051 , 0.128205 , -0.030699
0.282051 , 0.153846 , -0.048373
0.282051 , 0.179487 , -0.071124
0.282051 , 0.205128 , -0.099116
0.282051 , 0.230769 , -0.130589
0.282051 , 0.256410 , -0.165829
0.282051 , 0.282051 , -0.205641
0.282051 , 0.307692 , -0.250326
0.282051 , 0.333333 , -0.298521
0.282051 , 0.358974 , -0.349395
0.282051 , 0.384615 , -0.403620
0.282051 , 0.410256 , -0.459045
0.282051 , 0.435897 , -0.517533
0.282051 , 0.461538 , -0.577952
0.282051 , 0.487179 , -0.637846
0.282051 , 0.512821 , -0.698559
0.282051 , 0.538462 , -0.758834
0.282051 , 0.564103 , -0.818628
0.282051 , 0.589744 , -0.877292
0.282051 , 0.615385 , -0.934466
0.282051 , 0.641026 , -0.988792
0.282051 , 0.666667 , -1.040570
0.282051 , 0.692308 , -1.089837
0.282051 , 0.717949 , -1.135551
0.282051 , 0.743590 , -1.177159
0.282051 , 0.769231 , -1.213292
0.282051 , 0.794872 , -1.245855
0.282051 , 0.820513 , -1.276203
0.282051 , 0.846154 , -1.302341
0.282051 , 0.871795 , -1.323185
0.282051 , 0.897436 , -1.339290
0.282051 , 0.923077 , -1.352688
0.282051 , 0.948718 , -1.362137
0.282051 , 0.974359 , -1.368628
0.282051 , 1.000000 , -1.371187
0.307692 , 0.000000 , -0.015001
0.307692 , 0.025641 , -0.016551
0.307692 , 0.051282 , -0.020931
0.307692 , 0.076923 , -0.028844
0.307692 , 0.102564 , -0.042070
0.307692 , 0.128205 , -0.059179
0.307692 , 0.153846 , -0.079837
0.307692 , 0.179487 , -0.105075
0.307692 , 0.205128 , -0.135655
0.307692 , 0.230769 , -0.170664
0.307692 , 0.256410 , -0.209533
0.307692 , 0.282051 , -0.253083
0.307692 , 0.307692 , -0.301180
0.307692 , 0.333333 , -0.353057
0.307692 , 0.358974 , -0.408678
0.307692 , 0.384615 , -0.466825
0.307692 , 0.410256 , -0.527570
0.307692 , 0.435897 , -0.590550
0.307692 , 0.461538 , -0.655266
0.307692 , 0.487179 , -0.720795
0.307692 , 0.512821 , -0.786340
0.307692 , 0.538462 , -0.851846
0.307692 , 0.564103 , -0.917243
0.307692 , 0.589744 , -0.980896
0.307692 , 0.615385 , -1.042902
0.307692 , 0.641026 , -1.102710
0.307692 , 0.666667 , -1.160006
0.307692 , 0.692308 , -1.214016
0.307692 , 0.717949 , -1.263876
0.307692 , 0.743590 , -1.309146
0.307692 , 0.769231 , -1.349827
0.307692 , 0.794872 , -1.386263
0.307692 , 0.820513 , -1.419492
0.307692 , 0.846154 , -1.448219
0.307692 , 0.871795 , -1.472054
0.307692 , 0.897436 , -1.490153
0.307692 , 0.923077 , -1.505798
0.307692 , 0.948718 , -1.517568
0.307692 , 0.974359 , -1.524468
0.307692 , 1.000000 , -1.527541
0.333333 , 0.000000 , -0.024198
0.333333 , 0.025641 , -0.026850
0.333333 , 0.051282 , -0.032493
0.333333 , 0.076923 , -0.042317
0.333333 , 0.102564 , -0.057618
0.333333 , 0.128205 , -0.077235
0.333333 , 0.153846 , -0.100486
0.333333 , 0.179487 , -0.128117
0.333333 , 0.205128 , -0.161629
0.333333 , 0.230769 , -0.200504
0.333333 , 0.256410 , -0.243851
0.333333 , 0.282051 , -0.291192
0.333333 , 0.307692 , -0.343539
0.333333 , 0.333333 , -0.399018
0.333333 , 0.358974 , -0.459259
0.333333 , 0.384615 , -0.521785
0.333333 , 0.410256 , -0.587175
0.333333 , 0.435897 , -0.655299
0.333333 , 0.461538 , -0.724523
0.333333 , 0.487179 , -0.795245
0.333333 , 0.512821 , -0.866259
0.333333 , 0.538462 , -0.937146
0.333333 , 0.564103 , -1.007585
0.333333 , 0.589744 , -1.076522
0.333333 , 0.615385 , -1.143681
0.333333 , 0.641026 , -1.208339
0.333333 , 0.666667 , -1.270916
0.333333 , 0.692308 , -1.329916
0.333333 , 0.717949 , -1.384800
0.333333 , 0.743590 , -1.435227
0.333333 , 0.769231 , -1.480323
0.333333 , 0.794872 , -1.520499
0.333333 , 0.820513 , -1.557012
0.333333 , 0.846154 , -1.587753
0.333333 , 0.871795 , -1.613923
0.333333 , 0.897436 , -1.635835
0.333333 , 0.923077 , -1.653196
0.333333 , 0.948718 , -1.666970
0.333333 , 0.974359 , -1.674730
0.333333 , 1.000000 , -1.677795
0.358974 , 0.000000 , -0.022818
0.358974 , 0.025641 , -0.026214
0.358974 , 0.051282 , -0.033456
0.358974 , 0.076923 , -0.045056
0.358974 , 0.102564 , -0.063018
0.358974 , 0.128205 , -0.084812
0.358974 , 0.153846 , -0.110592
0.358974 , 0.179487 , -0.141564
0.358974 , 0.205128 , -0.177854
0.358974 , 0.230769 , -0.220779
0.358974 , 0.256410 , -0.268502
0.358974 , 0.282051 , -0.319898
0.358974 , 0.307692 , -0.376885
0.358974 , 0.333333 , -0.437333
0.358974 , 0.358974 , -0.501491
0.358974 , 0.384615 , -0.568930
0.358974 , 0.410256 , -0.639078
0.358974 , 0.435897 , -0.711898
0.358974 , 0.461538 , -0.786419
0.358974 , 0.487179 , -0.862373
0.358974 , 0.512821 , -0.939088
0.358974 , 0.538462 , -1.016041
0.358974 , 0.564103 , -1.091947
0.358974 , 0.589744 , -1.165844
0.358974 , 0.615385 , -1.238375
0.358974 , 0.641026 , -1.308105
0.358974 , 0.666667 , -1.375246
0.358974 , 0.692308 , -1.439494
0.358974 , 0.717949 , -1.499610
0.358974 , 0.743590 , -1.555377
0.358974 , 0.769231 , -1.605274
0.358974 , 0.794872 , -1.648949
0.358974 , 0.820513 , -1.688181
0.358974 , 0.846154 , -1.721998
0.358974 , 0.871795 , -1.750399
0.358974 , 0.897436 , -1.775243
0.358974 , 0.923077 , -1.795303
0.358974 , 0.948718 , -1.810811
0.358974 , 0.974359 , -1.819498
0.358974 , 1.000000 , -1.822475
0.384615 , 0.000000 , -0.011347
0.384615 , 0.025641 , -0.014958
0.384615 , 0.051282 , -0.023937
0.384615 , 0.076923 , -0.037424
0.384615 , 0.102564 , -0.056826
0.384615 , 0.128205 , -0.081561
0.384615 , 0.153846 , -0.110820
0.384615 , 0.179487 , -0.145712
0.384615 , 0.205128 , -0.185288
0.384615 , 0.230769 , -0.231767
0.384615 , 0.256410 , -0.284570
0.384615 , 0.282051 , -0.340862
0.384615 , 0.307692 , -0.402067
0.384615 , 0.333333 , -0.467612
0.384615 , 0.358974 , -0.536719
0.384615 , 0.384615 , -0.608957
0.384615 , 0.410256 , -0.684112
0.384615 , 0.435897 , -0.762147
0.384615 , 0.461538 , -0.842214
0.384615 , 0.487179 , -0.923707
0.384615 , 0.512821 , -1.005925
0.384615 , 0.538462 , -1.088430
0.384615 , 0.564103 , -1.169827
0.384615 , 0.589744 , -1.249496
0.384615 , 0.615385 , -1.327548
0.384615 , 0.641026 , -1.402812
0.384615 , 0.666667 , -1.474704
0.384615 , 0.692308 , -1.543893
0.384615 , 0.717949 , -1.609815
0.384615 , 0.743590 , -1.670417
0.384615 , 0.769231 , -1.724941
0.384615 , 0.794872 , -1.773334
0.384615 , 0.820513 , -1.815805
0.384615 , 0.846154 , -1.852387
0.384615 , 0.871795 , -1.883918
0.384615 , 0.897436 , -1.911201
0.384615 , 0.923077 , -1.933286
0.384615 , 0.948718 , -1.949706
0.384615 , 0.974359 , -1.959873
0.384615 , 1.000000 , -1.962954
0.410256 , 0.000000 , 0.010313
0.410256 , 0.025641 , 0.006557
0.410256 , 0.051282 , -0.003204
0.410256 , 0.076923 , -0.018045
0.410256 , 0.102564 , -0.039228
0.410256 , 0.128205 , -0.065961
0.410256 , 0.153846 , -0.099805
0.410256 , 0.179487 , -0.139466
0.410256 , 0.205128 , -0.183652
0.410256 , 0.230769 , -0.233704
0.410256 , 0.256410 , -0.291354
0.410256 , 0.282051 , -0.352744
0.410256 , 0.307692 , -0.419148
0.410256 , 0.333333 , -0.489950
0.410256 , 0.358974 , -0.564055
0.410256 , 0.384615 , -0.641260
0.410256 , 0.410256 , -0.721822
0.410256 , 0.435897 , -0.805878
0.410256 , 0.461538 , -0.892096
0.410256 , 0.487179 , -0.979715
0.410256 , 0.512821 , -1.067569
0.410256 , 0.538462 , -1.155802
0.410256 , 0.564103 , -1.243077
0.410256 , 0.589744 , -1.328152
0.410256 , 0.615385 , -1.411879
0.410256 , 0.641026 , -1.493413
0.410256 , 0.666667 , -1.571481
0.410256 , 0.692308 , -1.645607
0.410256 , 0.717949 , -1.716903
0.410256 , 0.743590 , -1.782156
0.410256 , 0.769231 , -1.841508
0.410256 , 0.794872 , -1.894241
0.410256 , 0.820513 , -1.940931
0.410256 , 0.846154 , -1.980887
0.410256 , 0.871795 , -2.015157
0.410256 , 0.897436 , -2.044711
0.410256 , 0.923077 , -2.068963
0.410256 , 0.948718 , -2.086789
0.410256 , 0.974359 , -2.097196
0.410256 , 1.000000 , -2.100155
0.435897 , 0.000000 , 0.043638
0.435897 , 0.025641 , 0.039987
0.435897 , 0.051282 , 0.029028
0.435897 , 0.076923 , 0.012498
0.435897 , 0.102564 , -0.010584
0.435897 , 0.128205 , -0.040693
0.435897 , 0.153846 , -0.077629
0.435897 , 0.179487 , -0.121361
0.435897 , 0.205128 , -0.170628
0.435897 , 0.230769 , -0.225703
0.435897 , 0.256410 , -0.288413
0.435897 , 0.282051 , -0.355575
0.435897 , 0.307692 , -0.427320
0.435897 , 0.333333 , -0.503832
0.435897 , 0.358974 , -0.584080
0.435897 , 0.384615 , -0.666634
0.435897 , 0.410256 , -0.753055
0.435897 , 0.435897 , -0.843547
0.435897 , 0.461538 , -0.936023
0.435897 , 0.487179 , -1.029838
0.435897 , 0.512821 , -1.123880
0.435897 , 0.538462 , -1.218073
0.435897 , 0.564103 , -1.311565
0.435897 , 0.589744 , -1.402925
0.435897 , 0.615385 , -1.492744
0.435897 , 0.641026 , -1.580441
0.435897 , 0.666667 , -1.664811
0.435897 , 0.692308 , -1.745333
0.435897 , 0.717949 , -1.821323
0.435897 , 0.743590 , -1.891487
0.435897 , 0.769231 , -1.955616
0.435897 , 0.794872 , -2.013053
0.435897 , 0.820513 , -2.063796
0.435897 , 0.846154 , -2.107474
0.435897 , 0.871795 , -2.145223
0.435897 , 0.897436 , -2.177080
0.435897 , 0.923077 , -2.203162
0.435897 , 0.948718 , -2.221791
0.435897 , 0.974359 , -2.232554
0.435897 , 1.000000 , -2.235356
0.461538 , 0.000000 , 0.088631
0.461538 , 0.025641 , 0.084992
0.461538 , 0.051282 , 0.073613
0.461538 , 0.076923 , 0.055123
0.461538 , 0.102564 , 0.029387
0.461538 , 0.128205 , -0.004269
0.461538 , 0.153846 , -0.044724
0.461538 , 0.179487 , -0.092739
0.461538 , 0.205128 , -0.147192
0.461538 , 0.230769 , -0.207865
0.461538 , 0.256410 , -0.274818
0.461538 , 0.282051 , -0.348074
0.461538 , 0.307692 , -0.425971
0.461538 , 0.333333 , -0.508224
0.461538 , 0.358974 , -0.595274
0.461538 , 0.384615 , -0.684822
0.461538 , 0.410256 , -0.777493
0.461538 , 0.435897 , -0.874362
0.461538 , 0.461538 , -0.973735
0.461538 , 0.487179 , -1.074004
0.461538 , 0.512821 , -1.175116
0.461538 , 0.538462 , -1.276228
0.461538 , 0.564103 , -1.376264
0.461538 , 0.589744 , -1.474196
0.461538 , 0.615385 , -1.570230
0.461538 , 0.641026 , -1.664543
0.461538 , 0.666667 , -1.755307
0.461538 , 0.692308 , -1.842032
0.461538 , 0.717949 , -1.923706
0.461538 , 0.743590 , -1.999075
0.461538 , 0.769231 , -2.067812
0.461538 , 0.794872 , -2.129927
0.461538 , 0.820513 , -2.184661
0.461538 , 0.846154 , -2.232690
0.461538 , 0.871795 , -2.274179
0.461538 , 0.897436 , -2.308199
0.461538 , 0.923077 , -2.336241
0.461538 , 0.948718 , -2.355829
0.461538 , 0.974359 , -2.367456
0.461538 , 1.000000 , -2.370836
0.487179 , 0.000000 , 0.144631
0.487179 , 0.025641 , 0.140903
0.487179 , 0.051282 , 0.129158
0.487179 , 0.076923 , 0.108921
0.487179 , 0.102564 , 0.080635
0.487179 , 0.128205 , 0.043678
0.487179 , 0.153846 , -0.000928
0.487179 , 0.179487 , -0.053019
0.487179 , 0.205128 , -0.112776
0.487179 , 0.230769 , -0.178952
0.487179 , 0.256410 , -0.251263
0.487179 , 0.282051 , -0.329783
0.487179 , 0.307692 , -0.414344
0.487179 , 0.333333 , -0.503619
0.487179 , 0.358974 , -0.597377
0.487179 , 0.384615 , -0.694504
0.487179 , 0.410256 , -0.794589
0.487179 , 0.435897 , -0.898681
0.487179 , 0.461538 , -1.005392
0.487179 , 0.487179 , -1.113043
0.487179 , 0.512821 , -1.221595
0.487179 , 0.538462 , -1.330517
0.487179 , 0.564103 , -1.437725
0.487179 , 0.589744 , -1.543152
0.487179 , 0.615385 , -1.646063
0.487179 , 0.641026 , -1.746968
0.487179 , 0.666667 , -1.844641
0.487179 , 0.692308 , -1.937635
0.487179 , 0.717949 , -2.025265
0.487179 , 0.743590 , -2.105900
0.487179 , 0.769231 , -2.179432
0.487179 , 0.794872 , -2.245953
0.487179 , 0.820513 , -2.305133
0.487179 , 0.846154 , -2.357469
0.487179 , 0.871795 , -2.402527
0.487179 , 0.897436 , -2.439477
0.487179 , 0.923077 , -2.469113
0.487179 , 0.948718 , -2.490479
0.487179 , 0.974359 , -2.502971
0.487179 , 1.000000 , -2.506755
0.512821 , 0.000000 , 0.212813
0.512821 , 0.025641 , 0.208399
0.512821 , 0.051282 , 0.195603
0.512821 , 0.076923 , 0.173811
0.512821 , 0.102564 , 0.142506
0.512821 , 0.128205 , 0.102079
0.512821 , 0.153846 , 0.053415
0.512821 , 0.179487 , -0.002610
0.512821 , 0.205128 , -0.066920
0.512821 , 0.230769 , -0.138541
0.512821 , 0.256410 , -0.216993
0.512821 , 0.282051 , -0.301899
0.512821 , 0.307692 , -0.393178
0.512821 , 0.333333 , -0.489854
0.512821 , 0.358974 , -0.590700
0.512821 , 0.384615 , -0.695747
0.512821 , 0.410256 , -0.804179
0.512821 , 0.435897 , -0.916380
0.512821 , 0.461538 , -1.031465
0.512821 , 0.487179 , -1.147667
0.512821 , 0.512821 , -1.264627
0.512821 , 0.538462 , -1.381471
0.512821 , 0.564103 , -1.496350
0.512821 , 0.589744 , -1.609612
0.512821 , 0.615385 , -1.720486
0.512821 , 0.641026 , -1.828752
0.512821 , 0.666667 , -1.933898
0.512821 , 0.692308 , -2.033519
0.512821 , 0.717949 , -2.126949
0.512821 , 0.743590 , -2.213318
0.512821 , 0.769231 , -2.292558
0.512821 , 0.794872 , -2.364473
0.512821 , 0.820513 , -2.427909
0.512821 , 0.846154 , -2.484049
0.512821 , 0.871795 , -2.532524
0.512821 , 0.897436 , -2.572531
0.512821 , 0.923077 , -2.603637
0.512821 , 0.948718 , -2.626777
0.512821 , 0.974359 , -2.640827
0.512821 , 1.000000 , -2.644949
0.538462 , 0.000000 , 0.292725
0.538462 , 0.025641 , 0.287812
0.538462 , 0.051282 , 0.273722
0.538462 , 0.076923 , 0.249753
0.538462 , 0.102564 , 0.215975
0.538462 , 0.128205 , 0.172485
0.538462 , 0.153846 , 0.120418
0.538462 , 0.179487 , 0.059366
0.538462 , 0.205128 , -0.009661
0.538462 , 0.230769 , -0.086309
0.538462 , 0.256410 , -0.171338
0.538462 , 0.282051 , -0.263258
0.538462 , 0.307692 , -0.361603
0.538462 , 0.333333 , -0.466331
0.538462 , 0.358974 , -0.575475
0.538462 , 0.384615 , -0.689247
0.538462 , 0.410256 , -0.807003
0.538462 , 0.435897 , -0.928462
0.538462 , 0.461538 , -1.052957
0.538462 , 0.487179 , -1.178093
0.538462 , 0.512821 , -1.304088
0.538462 , 0.538462 , -1.429943
0.538462 , 0.564103 , -1.553848
0.538462 , 0.589744 , -1.675113
0.538462 , 0.615385 , -1.794681
0.538462 , 0.641026 , -1.910993
0.538462 , 0.666667 , -2.023800
0.538462 , 0.692308 , -2.130792
0.538462 , 0.717949 , -2.230591
0.538462 , 0.743590 , -2.323429
0.538462 , 0.769231 , -2.408610
0.538462 , 0.794872 , -2.485899
0.538462 , 0.820513 , -2.553685
0.538462 , 0.846154 , -2.614026
0.538462 , 0.871795 , -2.666364
0.538462 , 0.897436 , -2.708521
0.538462 , 0.923077 , -2.741335
0.538462 , 0.948718 , -2.765310
0.538462 , 0.974359 , -2.780471
0.538462 , 1.000000 , -2.785363
0.564103 , 0.000000 , 0.385426
0.564103 , 0.025641 , 0.379701
0.564103 , 0.051282 , 0.363857
0.564103 , 0.076923 , 0.338505
0.564103 , 0.102564 , 0.302509
0.564103 , 0.128205 , 0.256178
0.564103 , 0.153846 , 0.200397
0.564103 , 0.179487 , 0.134511
0.564103 , 0.205128 , 0.059913
0.564103 , 0.230769 , -0.022310
0.564103 , 0.256410 , -0.112944
0.564103 , 0.282051 , -0.211774
0.564103 , 0.307692 , -0.317985
0.564103 , 0.333333 , -0.431811
0.564103 , 0.358974 , -0.550572
0.564103 , 0.384615 , -0.674101
0.564103 , 0.410256 , -0.801986
0.564103 , 0.435897 , -0.933750
0.564103 , 0.461538 , -1.068376
0.564103 , 0.487179 , -1.204464
0.564103 , 0.512821 , -1.340367
0.564103 , 0.538462 , -1.475969
0.564103 , 0.564103 , -1.610339
0.564103 , 0.589744 , -1.741649
0.564103 , 0.615385 , -1.870486
0.564103 , 0.641026 , -1.996205
0.564103 , 0.666667 , -2.116960
0.564103 , 0.692308 , -2.231635
0.564103 , 0.717949 , -2.338463
0.564103 , 0.743590 , -2.437521
0.564103 , 0.769231 , -2.528702
0.564103 , 0.794872 , -2.611522
0.564103 , 0.820513 , -2.683989
0.564103 , 0.846154 , -2.748234
0.564103 , 0.871795 , -2.804127
0.564103 , 0.897436 , -2.849435
0.564103 , 0.923077 , -2.884311
0.564103 , 0.948718 , -2.909306
0.564103 , 0.974359 , -2.924335
0.564103 , 1.000000 , -2.929448
0.589744 , 0.000000 , 0.490973
0.589744 , 0.025641 , 0.484636
0.589744 , 0.051282 , 0.467387
0.589744 , 0.076923 , 0.440545
0.589744 , 0.102564 , 0.402538
0.589744 , 0.128205 , 0.353113
0.589744 , 0.153846 , 0.293410
0.589744 , 0.179487 , 0.223160
0.589744 , 0.205128 , 0.143671
0.589744 , 0.230769 , 0.055000
0.589744 , 0.256410 , -0.042385
0.589744 , 0.282051 , -0.148366
0.589744 , 0.307692 , -0.263250
0.589744 , 0.333333 , -0.386049
0.589744 , 0.358974 , -0.515794
0.589744 , 0.384615 , -0.650558
0.589744 , 0.410256 , -0.789564
0.589744 , 0.435897 , -0.932242
0.589744 , 0.461538 , -1.078591
0.589744 , 0.487179 , -1.226079
0.589744 , 0.512821 , -1.373703
0.589744 , 0.538462 , -1.520777
0.589744 , 0.564103 , -1.666467
0.589744 , 0.589744 , -1.809099
0.589744 , 0.615385 , -1.948962
0.589744 , 0.641026 , -2.084537
0.589744 , 0.666667 , -2.214134
0.589744 , 0.692308 , -2.337172
0.589744 , 0.717949 , -2.451866
0.589744 , 0.743590 , -2.557519
0.589744 , 0.769231 , -2.654794
0.589744 , 0.794872 , -2.743738
0.589744 , 0.820513 , -2.821382
0.589744 , 0.846154 , -2.889286
0.589744 , 0.871795 , -2.947417
0.589744 , 0.897436 , -2.995014
0.589744 , 0.923077 , -3.032279
0.589744 , 0.948718 , -3.058703
0.589744 , 0.974359 , -3.073886
0.589744 , 1.000000 , -3.078927
0.615385 , 0.000000 , 0.609628
0.615385 , 0.025641 , 0.603178
0.615385 , 0.051282 , 0.584888
0.615385 , 0.076923 , 0.556281
0.615385 , 0.102564 , 0.515953
0.615385 , 0.128205 , 0.462860
0.615385 , 0.153846 , 0.399507
0.615385 , 0.179487 , 0.325191
0.615385 , 0.205128 , 0.241307
0.615385 , 0.230769 , 0.146382
0.615385 , 0.256410 , 0.041690
0.615385 , 0.282051 , -0.072851
0.615385 , 0.307692 , -0.197444
0.615385 , 0.333333 , -0.330012
0.615385 , 0.358974 , -0.470460
0.615385 , 0.384615 , -0.617499
0.615385 , 0.410256 , -0.769307
0.615385 , 0.435897 , -0.924161
0.615385 , 0.461538 , -1.083163
0.615385 , 0.487179 , -1.243866
0.615385 , 0.512821 , -1.404508
0.615385 , 0.538462 , -1.565365
0.615385 , 0.564103 , -1.724211
0.615385 , 0.589744 , -1.879286
0.615385 , 0.615385 , -2.030706
0.615385 , 0.641026 , -2.177011
0.615385 , 0.666667 , -2.316288
0.615385 , 0.692308 , -2.447764
0.615385 , 0.717949 , -2.570899
0.615385 , 0.743590 , -2.684562
0.615385 , 0.769231 , -2.788141
0.615385 , 0.794872 , -2.882344
0.615385 , 0.820513 , -2.964591
0.615385 , 0.846154 , -3.036462
0.615385 , 0.871795 , -3.096928
0.615385 , 0.897436 , -3.146284
0.615385 , 0.923077 , -3.185623
0.615385 , 0.948718 , -3.213567
0.615385 , 0.974359 , -3.230578
0.615385 , 1.000000 , -3.236261
0.641026 , 0.000000 , 0.742727
0.641026 , 0.025641 , 0.735945
0.641026 , 0.051282 , 0.716596
0.641026 , 0.076923 , 0.686056
0.641026 , 0.102564 , 0.644166
0.641026 , 0.128205 , 0.588219
0.641026 , 0.153846 , 0.520987
0.641026 , 0.179487 , 0.442860
0.641026 , 0.205128 , 0.353757
0.641026 , 0.230769 , 0.252711
0.641026 , 0.256410 , 0.140633
0.641026 , 0.282051 , 0.017217
0.641026 , 0.307692 , -0.117509
0.641026 , 0.333333 , -0.261110
0.641026 , 0.358974 , -0.413543
0.641026 , 0.384615 , -0.573634
0.641026 , 0.410256 , -0.739757
0.641026 , 0.435897 , -0.909128
0.641026 , 0.461538 , -1.082553
0.641026 , 0.487179 , -1.257759
0.641026 , 0.512821 , -1.434007
0.641026 , 0.538462 , -1.609699
0.641026 , 0.564103 , -1.782920
0.641026 , 0.589744 , -1.952071
0.641026 , 0.615385 , -2.116084
0.641026 , 0.641026 , -2.274048
0.641026 , 0.666667 , -2.424181
0.641026 , 0.692308 , -2.566256
0.641026 , 0.717949 , -2.698890
0.641026 , 0.743590 , -2.820342
0.641026 , 0.769231 , -2.930601
0.641026 , 0.794872 , -3.029816
0.641026 , 0.820513 , -3.116250
0.641026 , 0.846154 , -3.190877
0.641026 , 0.871795 , -3.254545
0.641026 , 0.897436 , -3.306990
0.641026 , 0.923077 , -3.348259
0.641026 , 0.948718 , -3.377892
0.641026 , 0.974359 , -3.395767
0.641026 , 1.000000 , -3.401965
0.666667 , 0.000000 , 0.890118
0.666667 , 0.025641 , 0.883271
0.666667 , 0.051282 , 0.862878
0.666667 , 0.076923 , 0.830619
0.666667 , 0.102564 , 0.787178
0.666667 , 0.128205 , 0.729762
0.666667 , 0.153846 , 0.658702
0.666667 , 0.179487 , 0.576610
0.666667 , 0.205128 , 0.481897
0.666667 , 0.230769 , 0.374096
0.666667 , 0.256410 , 0.254604
0.666667 , 0.282051 , 0.122644
0.666667 , 0.307692 , -0.022615
0.666667 , 0.333333 , -0.178249
0.666667 , 0.358974 , -0.344288
0.666667 , 0.384615 , -0.519009
0.666667 , 0.410256 , -0.700295
0.666667 , 0.435897 , -0.886236
0.666667 , 0.461538 , -1.076865
0.666667 , 0.487179 , -1.268968
0.666667 , 0.512821 , -1.462003
0.666667 , 0.538462 , -1.654262
0.666667 , 0.564103 , -1.843957
0.666667 , 0.589744 , -2.028848
0.666667 , 0.615385 , -2.206884
0.666667 , 0.641026 , -2.377585
0.666667 , 0.666667 , -2.540266
0.666667 , 0.692308 , -2.693497
0.666667 , 0.717949 , -2.836344
0.666667 , 0.743590 , -2.965247
0.666667 , 0.769231 , -3.082540
0.666667 , 0.794872 , -3.187241
0.666667 , 0.820513 , -3.278591
0.666667 , 0.846154 , -3.356715
0.666667 , 0.871795 , -3.422937
0.666667 , 0.897436 , -3.477425
0.666667 , 0.923077 , -3.520243
0.666667 , 0.948718 , -3.551252
0.666667 , 0.974359 , -3.569902
0.666667 , 1.000000 , -3.575977
0.692308 , 0.000000 , 1.051456
0.692308 , 0.025641 , 1.044984
0.692308 , 0.051282 , 1.024255
0.692308 , 0.076923 , 0.991041
0.692308 , 0.102564 , 0.946010
0.692308 , 0.128205 , 0.886341
0.692308 , 0.153846 , 0.812867
0.692308 , 0.179487 , 0.726106
0.692308 , 0.205128 , 0.626090
0.692308 , 0.230769 , 0.511990
0.692308 , 0.256410 , 0.383935
0.692308 , 0.282051 , 0.242034
0.692308 , 0.307692 , 0.086536
0.692308 , 0.333333 , -0.081913
0.692308 , 0.358974 , -0.262511
0.692308 , 0.384615 , -0.452755
0.692308 , 0.410256 , -0.651422
0.692308 , 0.435897 , -0.855463
0.692308 , 0.461538 , -1.065193
0.692308 , 0.487179 , -1.276742
0.692308 , 0.512821 , -1.488494
0.692308 , 0.538462 , -1.699497
0.692308 , 0.564103 , -1.907669
0.692308 , 0.589744 , -2.110247
0.692308 , 0.615385 , -2.304201
0.692308 , 0.641026 , -2.489983
0.692308 , 0.666667 , -2.666393
0.692308 , 0.692308 , -2.831831
0.692308 , 0.717949 , -2.984299
0.692308 , 0.743590 , -3.121948
0.692308 , 0.769231 , -3.246525
0.692308 , 0.794872 , -3.356755
0.692308 , 0.820513 , -3.452590
0.692308 , 0.846154 , -3.533945
0.692308 , 0.871795 , -3.602770
0.692308 , 0.897436 , -3.658959
0.692308 , 0.923077 , -3.702947
0.692308 , 0.948718 , -3.734707
0.692308 , 0.974359 , -3.752876
0.692308 , 1.000000 , -3.759010
0.717949 , 0.000000 , 1.227673
0.717949 , 0.025641 , 1.220859
0.717949 , 0.051282 , 1.200574
0.717949 , 0.076923 , 1.166880
0.717949 , 0.102564 , 1.120777
0.717949 , 0.128205 , 1.059942
0.717949 , 0.153846 , 0.983909
0.717949 , 0.179487 , 0.893985
0.717949 , 0.205128 , 0.789157
0.717949 , 0.230769 , 0.668415
0.717949 , 0.256410 , 0.532186
0.717949 , 0.282051 , 0.379023
0.717949 , 0.307692 , 0.211304
0.717949 , 0.333333 , 0.029521
0.717949 , 0.358974 , -0.166930
0.717949 , 0.384615 , -0.374067
0.717949 , 0.410256 , -0.591953
0.717949 , 0.435897 , -0.816964
0.717949 , 0.461538 , -1.047471
0.717949 , 0.487179 , -1.280833
0.717949 , 0.512821 , -1.514131
0.717949 , 0.538462 , -1.746531
0.717949 , 0.564103 , -1.975114
0.717949 , 0.589744 , -2.196810
0.717949 , 0.615385 , -2.409295
0.717949 , 0.641026 , -2.612187
0.717949 , 0.666667 , -2.804412
0.717949 , 0.692308 , -2.982667
0.717949 , 0.717949 , -3.145314
0.717949 , 0.743590 , -3.292089
0.717949 , 0.769231 , -3.423981
0.717949 , 0.794872 , -3.539669
0.717949 , 0.820513 , -3.639244
0.717949 , 0.846154 , -3.724503
0.717949 , 0.871795 , -3.795304
0.717949 , 0.897436 , -3.852216
0.717949 , 0.923077 , -3.897285
0.717949 , 0.948718 , -3.928876
0.717949 , 0.974359 , -3.947224
0.717949 , 1.000000 , -3.953070
0.743590 , 0.000000 , 1.418610
0.743590 , 0.025641 , 1.411503
0.743590 , 0.051282 , 1.391417
0.743590 , 0.076923 , 1.358896
0.743590 , 0.102564 , 1.312720
0.743590 , 0.128205 , 1.252116
0.743590 , 0.153846 , 1.174705
0.743590 , 0.179487 , 1.080938
0.743590 , 0.205128 , 0.972199
0.743590 , 0.230769 , 0.845385
0.743590 , 0.256410 , 0.700172
0.743590 , 0.282051 , 0.535875
0.743590 , 0.307692 , 0.354071
0.743590 , 0.333333 , 0.157442
0.743590 , 0.358974 , -0.056650
0.743590 , 0.384615 , -0.283199
0.743590 , 0.410256 , -0.522148
0.743590 , 0.435897 , -0.769760
0.743590 , 0.461538 , -1.023745
0.743590 , 0.487179 , -1.281490
0.743590 , 0.512821 , -1.539676
0.743590 , 0.538462 , -1.796184
0.743590 , 0.564103 , -2.047448
0.743590 , 0.589744 , -2.290992
0.743590 , 0.615385 , -2.524664
0.743590 , 0.641026 , -2.746285
0.743590 , 0.666667 , -2.954570
0.743590 , 0.692308 , -3.146921
0.743590 , 0.717949 , -3.321281
0.743590 , 0.743590 , -3.478598
0.743590 , 0.769231 , -3.617738
0.743590 , 0.794872 , -3.739540
0.743590 , 0.820513 , -3.842684
0.743590 , 0.846154 , -3.930628
0.743590 , 0.871795 , -4.003087
0.743590 , 0.897436 , -4.059887
0.743590 , 0.923077 , -4.103386
0.743590 , 0.948718 , -4.134956
0.743590 , 0.974359 , -4.153154
0.743590 , 1.000000 , -4.159056
0.769231 , 0.000000 , 1.623806
0.769231 , 0.025641 , 1.617552
0.769231 , 0.051282 , 1.598359
0.769231 , 0.076923 , 1.566898
0.769231 , 0.102564 , 1.521974
0.769231 , 0.128205 , 1.462745
0.769231 , 0.153846 , 1.386228
0.769231 , 0.179487 , 1.289921
0.769231 , 0.205128 , 1.176274
0.769231 , 0.230769 , 1.044325
0.769231 , 0.256410 , 0.889479
0.769231 , 0.282051 , 0.713047
0.769231 , 0.307692 , 0.517466
0.769231 , 0.333333 , 0.303890
0.769231 , 0.358974 , 0.071244
0.769231 , 0.384615 , -0.177821
0.769231 , 0.410256 , -0.440234
0.769231 , 0.435897 , -0.712812
0.769231 , 0.461538 , -0.993375
0.769231 , 0.487179 , -1.278523
0.769231 , 0.512821 , -1.564908
0.769231 , 0.538462 , -1.848783
0.769231 , 0.564103 , -2.125724
0.769231 , 0.589744 , -2.394612
0.769231 , 0.615385 , -2.651401
0.769231 , 0.641026 , -2.894420
0.769231 , 0.666667 , -3.120428
0.769231 , 0.692308 , -3.328019
0.769231 , 0.717949 , -3.516014
0.769231 , 0.743590 , -3.684849
0.769231 , 0.769231 , -3.832385
0.769231 , 0.794872 , -3.959068
0.769231 , 0.820513 , -4.065340
0.769231 , 0.846154 , -4.153662
0.769231 , 0.871795 , -4.225886
0.769231 , 0.897436 , -4.281121
0.769231 , 0.923077 , -4.322858
0.769231 , 0.948718 , -4.352640
0.769231 , 0.974359 , -4.370267
0.769231 , 1.000000 , -4.376109
0.794872 , 0.000000 , 1.842125
0.794872 , 0.025641 , 1.837324
0.794872 , 0.051282 , 1.819781
0.794872 , 0.076923 , 1.790506
0.794872 , 0.102564 , 1.748141
0.794872 , 0.128205 , 1.691696
0.794872 , 0.153846 , 1.616364
0.794872 , 0.179487 , 1.520893
0.794872 , 0.205128 , 1.404908
0.794872 , 0.230769 , 1.267046
0.794872 , 0.256410 , 1.104094
0.794872 , 0.282051 , 0.915507
0.794872 , 0.307692 , 0.705171
0.794872 , 0.333333 , 0.472139
0.794872 , 0.358974 , 0.218335
0.794872 , 0.384615 , -0.054926
0.794872 , 0.410256 , -0.343693
0.794872 , 0.435897 , -0.644264
0.794872 , 0.461538 , -0.955057
0.794872 , 0.487179 , -1.271505
0.794872 , 0.512821 , -1.588897
0.794872 , 0.538462 , -1.903402
0.794872 , 0.564103 , -2.210216
0.794872 , 0.589744 , -2.507755
0.794872 , 0.615385 , -2.791329
0.794872 , 0.641026 , -3.057538
0.794872 , 0.666667 , -3.303995
0.794872 , 0.692308 , -3.529047
0.794872 , 0.717949 , -3.732307
0.794872 , 0.743590 , -3.912756
0.794872 , 0.769231 , -4.068491
0.794872 , 0.794872 , -4.199826
0.794872 , 0.820513 , -4.308204
0.794872 , 0.846154 , -4.395126
0.794872 , 0.871795 , -4.464838
0.794872 , 0.897436 , -4.517278
0.794872 , 0.923077 , -4.555593
0.794872 , 0.948718 , -4.582386
0.794872 , 0.974359 , -4.597939
0.794872 , 1.000000 , -4.603657
0.820513 , 0.000000 , 2.072206
0.820513 , 0.025641 , 2.068959
0.820513 , 0.051282 , 2.055278
0.820513 , 0.076923 , 2.030296
0.820513 , 0.102564 , 1.992596
0.820513 , 0.128205 , 1.940468
0.820513 , 0.153846 , 1.869295
0.820513 , 0.179487 , 1.776011
0.820513 , 0.205128 , 1.659050
0.820513 , 0.230769 , 1.515819
0.820513 , 0.256410 , 1.344301
0.820513 , 0.282051 , 1.144947
0.820513 , 0.307692 , 0.918564
0.820513 , 0.333333 , 0.664802
0.820513 , 0.358974 , 0.387184
0.820513 , 0.384615 , 0.087778
0.820513 , 0.410256 , -0.230770
0.820513 , 0.435897 , -0.563757
0.820513 , 0.461538 , -0.909018
0.820513 , 0.487179 , -1.260956
0.820513 , 0.512821 , -1.613738
0.820513 , 0.538462 , -1.962929
0.820513 , 0.564103 , -2.304453
0.820513 , 0.589744 , -2.633974
0.820513 , 0.615385 , -2.947257
0.820513 , 0.641026 , -3.240562
0.820513 , 0.666667 , -3.510443
0.820513 , 0.692308 , -3.755404
0.820513 , 0.717949 , -3.973755
0.820513 , 0.743590 , -4.165799
0.820513 , 0.769231 , -4.328328
0.820513 , 0.794872 , -4.463271
0.820513 , 0.820513 , -4.572106
0.820513 , 0.846154 , -4.657314
0.820513 , 0.871795 , -4.721264
0.820513 , 0.897436 , -4.768268
0.820513 , 0.923077 , -4.801203
0.820513 , 0.948718 , -4.823216
0.820513 , 0.974359 , -4.835749
0.820513 , 1.000000 , -4.840778
0.846154 , 0.000000 , 2.312470
0.846154 , 0.025641 , 2.310502
0.846154 , 0.051282 , 2.302445
0.846154 , 0.076923 , 2.285406
0.846154 , 0.102564 , 2.255966
0.846154 , 0.128205 , 2.210788
0.846154 , 0.153846 , 2.145915
0.846154 , 0.179487 , 2.057592
0.846154 , 0.205128 , 1.942167
0.846154 , 0.230769 , 1.795685
0.846154 , 0.256410 , 1.615981
0.846154 , 0.282051 , 1.404586
0.846154 , 0.307692 , 1.161071
0.846154 , 0.333333 , 0.884836
0.846154 , 0.358974 , 0.581309
0.846154 , 0.384615 , 0.251353
0.846154 , 0.410256 , -0.100964
0.846154 , 0.435897 , -0.470876
0.846154 , 0.461538 , -0.854712
0.846154 , 0.487179 , -1.246677
0.846154 , 0.512821 , -1.639891
0.846154 , 0.538462 , -2.029414
0.846154 , 0.564103 , -2.410514
0.846154 , 0.589744 , -2.776366
0.846154 , 0.615385 , -3.123022
0.846154 , 0.641026 , -3.446700
0.846154 , 0.666667 , -3.742993
0.846154 , 0.692308 , -4.010054
0.846154 , 0.717949 , -4.244585
0.846154 , 0.743590 , -4.447621
0.846154 , 0.769231 , -4.616783
0.846154 , 0.794872 , -4.753674
0.846154 , 0.820513 , -4.860217
0.846154 , 0.846154 , -4.940558
0.846154 , 0.871795 , -4.997846
0.846154 , 0.897436 , -5.036075
0.846154 , 0.923077 , -5.060994
0.846154 , 0.948718 , -5.075609
0.846154 , 0.974359 , -5.084029
0.846154 , 1.000000 , -5.086695
0.871795 , 0.000000 , 2.559321
0.871795 , 0.025641 , 2.560274
0.871795 , 0.051282 , 2.559061
0.871795 , 0.076923 , 2.553272
0.871795 , 0.102564 , 2.536223
0.871795 , 0.128205 , 2.503387
0.871795 , 0.153846 , 2.449251
0.871795 , 0.179487 , 2.368385
0.871795 , 0.205128 , 2.256183
0.871795 , 0.230769 , 2.109801
0.871795 , 0.256410 , 1.924061
0.871795 , 0.282051 , 1.700193
0.871795 , 0.307692 , 1.437685
0.871795 , 0.333333 , 1.137543
0.871795 , 0.358974 , 0.804787
0.871795 , 0.384615 , 0.440713
0.871795 , 0.410256 , 0.049904
0.871795 , 0.435897 , -0.362703
0.871795 , 0.461538 , -0.790709
0.871795 , 0.487179 , -1.228276
0.871795 , 0.512821 , -1.668098
0.871795 , 0.538462 , -2.103709
0.871795 , 0.564103 , -2.528924
0.871795 , 0.589744 , -2.936972
0.871795 , 0.615385 , -3.321959
0.871795 , 0.641026 , -3.680139
0.871795 , 0.666667 , -4.006345
0.871795 , 0.692308 , -4.297110
0.871795 , 0.717949 , -4.550105
0.871795 , 0.743590 , -4.764216
0.871795 , 0.769231 , -4.938608
0.871795 , 0.794872 , -5.075623
0.871795 , 0.820513 , -5.177891
0.871795 , 0.846154 , -5.249249
0.871795 , 0.871795 , -5.295480
0.871795 , 0.897436 , -5.321597
0.871795 , 0.923077 , -5.334240
0.871795 , 0.948718 , -5.338456
0.871795 , 0.974359 , -5.339307
0.871795 , 1.000000 , -5.339036
0.897436 , 0.000000 , 2.807942
0.897436 , 0.025641 , 2.812628
0.897436 , 0.051282 , 2.822707
0.897436 , 0.076923 , 2.832414
0.897436 , 0.102564 , 2.833756
0.897436 , 0.128205 , 2.819265
0.897436 , 0.153846 , 2.781050
0.897436 , 0.179487 , 2.712693
0.897436 , 0.205128 , 2.608246
0.897436 , 0.230769 , 2.462901
0.897436 , 0.256410 , 2.272061
0.897436 , 0.282051 , 2.036165
0.897436 , 0.307692 , 1.754434
0.897436 , 0.333333 , 1.428042
0.897436 , 0.358974 , 1.061836
0.897436 , 0.384615 , 0.659073
0.897436 , 0.410256 , 0.223957
0.897436 , 0.435897 , -0.236700
0.897436 , 0.461538 , -0.715563
0.897436 , 0.487179 , -1.205255
0.897436 , 0.512821 , -1.698645
0.897436 , 0.538462 , -2.187143
0.897436 , 0.564103 , -2.662575
0.897436 , 0.589744 , -3.118543
0.897436 , 0.615385 , -3.548364
0.897436 , 0.641026 , -3.944581
0.897436 , 0.666667 , -4.303760
0.897436 , 0.692308 , -4.620242
0.897436 , 0.717949 , -4.892586
0.897436 , 0.743590 , -5.118367
0.897436 , 0.769231 , -5.297769
0.897436 , 0.794872 , -5.433761
0.897436 , 0.820513 , -5.528940
0.897436 , 0.846154 , -5.587624
0.897436 , 0.871795 , -5.617091
0.897436 , 0.897436 , -5.625440
0.897436 , 0.923077 , -5.619696
0.897436 , 0.948718 , -5.607148
0.897436 , 0.974359 , -5.596277
0.897436 , 1.000000 , -5.592271
0.923077 , 0.000000 , 3.050384
0.923077 , 0.025641 , 3.060705
0.923077 , 0.051282 , 3.087487
0.923077 , 0.076923 , 3.120627
0.923077 , 0.102564 , 3.148689
0.923077 , 0.128205 , 3.160624
0.923077 , 0.153846 , 3.145795
0.923077 , 0.179487 , 3.095684
0.923077 , 0.205128 , 3.002940
0.923077 , 0.230769 , 2.861831
0.923077 , 0.256410 , 2.667725
0.923077 , 0.282051 , 2.419817
0.923077 , 0.307692 , 2.117661
0.923077 , 0.333333 , 1.762325
0.923077 , 0.358974 , 1.358808
0.923077 , 0.384615 , 0.911582
0.923077 , 0.410256 , 0.426311
0.923077 , 0.435897 , -0.089336
0.923077 , 0.461538 , -0.626773
0.923077 , 0.487179 , -1.176900
0.923077 , 0.512821 , -1.731085
0.923077 , 0.538462 , -2.280744
0.923077 , 0.564103 , -2.814481
0.923077 , 0.589744 , -3.325277
0.923077 , 0.615385 , -3.805540
0.923077 , 0.641026 , -4.246184
0.923077 , 0.666667 , -4.641894
0.923077 , 0.692308 , -4.987612
0.923077 , 0.717949 , -5.280498
0.923077 , 0.743590 , -5.518048
0.923077 , 0.769231 , -5.701455
0.923077 , 0.794872 , -5.833010
0.923077 , 0.820513 , -5.916597
0.923077 , 0.846154 , -5.957274
0.923077 , 0.871795 , -5.963726
0.923077 , 0.897436 , -5.945622
0.923077 , 0.923077 , -5.912916
0.923077 , 0.948718 , -5.876250
0.923077 , 0.974359 , -5.848446
0.923077 , 1.000000 , -5.838360
0.948718 , 0.000000 , 3.273796
0.948718 , 0.025641 , 3.293991
0.948718 , 0.051282 , 3.345987
0.948718 , 0.076923 , 3.414919
0.948718 , 0.102564 , 3.480418
0.948718 , 0.128205 , 3.529551
0.948718 , 0.153846 , 3.547278
0.948718 , 0.179487 , 3.522880
0.948718 , 0.205128 , 3.448123
0.948718 , 0.230769 , 3.315238
0.948718 , 0.256410 , 3.119556
0.948718 , 0.282051 , 2.859926
0.948718 , 0.307692 , 2.535755
0.948718 , 0.333333 , 2.147560
0.948718 , 0.358974 , 1.701409
0.948718 , 0.384615 , 1.203427
0.948718 , 0.410256 , 0.661042
0.948718 , 0.435897 , 0.082667
0.948718 , 0.461538 , -0.522599
0.948718 , 0.487179 , -1.143159
0.948718 , 0.512821 , -1.769009
0.948718 , 0.538462 , -2.388095
0.948718 , 0.564103 , -2.989376
0.948718 , 0.589744 , -3.563530
0.948718 , 0.615385 , -4.100663
0.948718 , 0.641026 , -4.591174
0.948718 , 0.666667 , -5.029019
0.948718 , 0.692308 , -5.407422
0.948718 , 0.717949 , -5.722456
0.948718 , 0.743590 , -5.972276
0.948718 , 0.769231 , -6.157373
0.948718 , 0.794872 , -6.281171
0.948718 , 0.820513 , -6.347271
0.948718 , 0.846154 , -6.362737
0.948718 , 0.871795 , -6.337409
0.948718 , 0.897436 , -6.281699
0.948718 , 0.923077 , -6.210268
0.948718 , 0.948718 , -6.138259
0.948718 , 0.974359 , -6.084387
0.948718 , 1.000000 , -6.063928
0.974359 , 0.000000 , 3.458255
0.974359 , 0.025641 , 3.496421
0.974359 , 0.051282 , 3.590390
0.974359 , 0.076923 , 3.710517
0.974359 , 0.102564 , 3.831257
0.974359 , 0.128205 , 3.930754
0.974359 , 0.153846 , 3.992630
0.974359 , 0.179487 , 4.003303
0.974359 , 0.205128 , 3.952523
0.974359 , 0.230769 , 3.832537
0.974359 , 0.256410 , 3.637858
0.974359 , 0.282051 , 3.365739
0.974359 , 0.307692 , 3.016592
0.974359 , 0.333333 , 2.592322
0.974359 , 0.358974 , 2.098471
0.974359 , 0.384615 , 1.542407
0.974359 , 0.410256 , 0.933331
0.974359 , 0.435897 , 0.281509
0.974359 , 0.461538 , -0.401696
0.974359 , 0.487179 , -1.103126
0.974359 , 0.512821 , -1.810955
0.974359 , 0.538462 , -2.511258
0.974359 , 0.564103 , -3.191008
0.974359 , 0.589744 , -3.838027
0.974359 , 0.615385 , -4.441304
0.974359 , 0.641026 , -4.990188
0.974359 , 0.666667 , -5.475197
0.974359 , 0.692308 , -5.889836
0.974359 , 0.717949 , -6.229644
0.974359 , 0.743590 , -6.491502
0.974359 , 0.769231 , -6.676191
0.974359 , 0.794872 , -6.786865
0.974359 , 0.820513 , -6.828772
0.974359 , 0.846154 , -6.809591
0.974359 , 0.871795 , -6.740357
0.974359 , 0.897436 , -6.634195
0.974359 , 0.923077 , -6.508591
0.974359 , 0.948718 , -6.384420
0.974359 , 0.974359 , -6.288073
0.974359 , 1.000000 , -6.249334
1.000000 , 0.000000 , 3.568278
1.000000 , 0.025641 , 3.643896
1.000000 , 0.051282 , 3.809806
1.000000 , 0.076923 , 4.007474
1.000000 , 0.102564 , 4.203087
1.000000 , 0.128205 , 4.370959
1.000000 , 0.153846 , 4.490237
1.000000 , 0.179487 , 4.546542
1.000000 , 0.205128 , 4.528005
1.000000 , 0.230769 , 4.425711
1.000000 , 0.256410 , 4.233705
1.000000 , 0.282051 , 3.949594
1.000000 , 0.307692 , 3.573109
1.000000 , 0.333333 , 3.107496
1.000000 , 0.358974 , 2.559285
1.000000 , 0.384615 , 1.936526
1.000000 , 0.410256 , 1.250479
1.000000 , 0.435897 , 0.513641
1.000000 , 0.461538 , -0.260512
1.000000 , 0.487179 , -1.056699
1.000000 , 0.512821 , -1.859397
1.000000 , 0.538462 , -2.654066
1.000000 , 0.564103 , -3.424466
1.000000 , 0.589744 , -4.156463
1.000000 , 0.615385 , -4.836473
1.000000 , 0.641026 , -5.451554
1.000000 , 0.666667 , -5.991361
1.000000 , 0.692308 , -6.447327
1.000000 , 0.717949 , -6.814396
1.000000 , 0.743590 , -7.088330
1.000000 , 0.769231 , -7.269742
1.000000 , 0.794872 , -7.362676
1.000000 , 0.820513 , -7.372333
1.000000 , 0.846154 , -7.307924
1.000000 , 0.871795 , -7.180575
1.000000 , 0.897436 , -7.007246
1.000000 , 0.923077 , -6.806654
1.000000 , 0.948718 , -6.604468
1.000000 , 0.974359 , -6.435933
1.000000 , 1.000000 , -6.358797
