0.000000 , 0.000000 , 0.251161
0.000000 , 0.025641 , 0.251161
0.000000 , 0.051282 , 0.251161
0.000000 , 0.076923 , 0.251161
0.000000 , 0.102564 , 0.251161
0.000000 , 0.128205 , 0.251161
0.000000 , 0.153846 , 0.251161
0.000000 , 0.179487 , 0.251161
0.000000 , 0.205128 , 0.251161
0.000000 , 0.230769 , 0.251161
0.000000 , 0.256410 , 0.251161
0.000000 , 0.282051 , 0.251161
0.000000 , 0.307692 , 0.251161
0.000000 , 0.333333 , 0.251161
0.000000 , 0.358974 , 0.251161
0.000000 , 0.384615 , 0.251161
0.000000 , 0.410256 , 0.251161
0.000000 , 0.435897 , 0.251161
0.000000 , 0.461538 , 0.251161
0.000000 , 0.487179 , 0.251161
0.000000 , 0.512821 , 0.251161
0.000000 , 0.538462 , 0.251161
0.000000 , 0.564103 , 0.251161
0.000000 , 0.589744 , 0.251161
0.000000 , 0.615385 , 0.251161
0.000000 , 0.641026 , 0.251161
0.000000 , 0.666667 , 0.251161
0.000000 , 0.692308 , 0.251161
0.000000 , 0.717949 , 0.251161
0.000000 , 0.743590 , 0.251161
0.000000 , 0.769231 , 0.251161
0.000000 , 0.794872 , 0.251161
0.000000 , 0.820513 , 0.251161
0.000000 , 0.846154 , 0.251161
0.000000 , 0.871795 , 0.251161
0.000000 , 0.897436 , 0.251161
0.000000 , 0.923077 , 0.251161
0.000000 , 0.948718 , 0.251161
0.000000 , 0.974359 , 0.251161
0.000000 , 1.000000 , 0.251161
0.025641 , 0.000000 , 0.487811
0.025641 , 0.025641 , 0.488296
0.025641 , 0.051282 , 0.488624
0.025641 , 0.076923 , 0.488701
0.025641 , 0.102564 , 0.488844
0.025641 , 0.128205 , 0.488026
0.025641 , 0.153846 , 0.485847
0.025641 , 0.179487 , 0.483186
0.025641 , 0.205128 , 0.479773
0.025641 , 0.230769 , 0.476541
0.025641 , 0.256410 , 0.472231
0.025641 , 0.282051 , 0.468265
0.025641 , 0.307692 , 0.464906
0.025641 , 0.333333 , 0.460308
0.025641 , 0.358974 , 0.454999
0.025641 , 0.384615 , 0.450487
0.025641 , 0.410256 , 0.445405
0.025641 , 0.435897 , 0.439364
0.025641 , 0.461538 , 0.432852
0.025641 , 0.487179 , 0.426576
0.025641 , 0.512821 , 0.420747
0.025641 , 0.538462 , 0.415494
0.025641 , 0.564103 , 0.410087
0.025641 , 0.589744 , 0.404335
0.025641 , 0.615385 , 0.399147
0.025641 , 0.641026 , 0.394438
0.025641 , 0.666667 , 0.390707
0.025641 , 0.692308 , 0.386459
0.025641 , 0.717949 , 0.382135
0.025641 , 0.743590 , 0.378573
0.025641 , 0.769231 , 0.374981
0.025641 , 0.794872 , 0.372014
0.025641 , 0.820513 , 0.369414
0.025641 , 0.846154 , 0.367143
0.025641 , 0.871795 , 0.365782
0.025641 , 0.897436 , 0.363716
0.025641 , 0.923077 , 0.362729
0.025641 , 0.948718 , 0.362597
0.025641 , 0.974359 , 0.363430
0.025641 , 1.000000 , 0.363615
0.051282 , 0.000000 , 0.709750
0.051282 , 0.025641 , 0.709516
0.051282 , 0.051282 , 0.709502
0.051282 , 0.076923 , 0.709457
0.051282 , 0.102564 , 0.709161
0.051282 , 0.128205 , 0.707402
0.051282 , 0.153846 , 0.703784
0.051282 , 0.179487 , 0.699251
0.051282 , 0.205128 , 0.693314
0.051282 , 0.230769 , 0.686079
0.051282 , 0.256410 , 0.678368
0.051282 , 0.282051 , 0.670536
0.051282 , 0.307692 , 0.662428
0.051282 , 0.333333 , 0.652728
0.051282 , 0.358974 , 0.642312
0.051282 , 0.384615 , 0.632731
0.051282 , 0.410256 , 0.622611
0.051282 , 0.435897 , 0.611053
0.051282 , 0.461538 , 0.598812
0.051282 , 0.487179 , 0.586514
0.051282 , 0.512821 , 0.574464
0.051282 , 0.538462 , 0.563364
0.051282 , 0.564103 , 0.552931
0.051282 , 0.589744 , 0.542345
0.051282 , 0.615385 , 0.531694
0.051282 , 0.641026 , 0.521753
0.051282 , 0.666667 , 0.513729
0.051282 , 0.692308 , 0.505744
0.051282 , 0.717949 , 0.498002
0.051282 , 0.743590 , 0.490766
0.051282 , 0.769231 , 0.483724
0.051282 , 0.794872 , 0.477096
0.051282 , 0.820513 , 0.471831
0.051282 , 0.846154 , 0.467494
0.051282 , 0.871795 , 0.464362
0.051282 , 0.897436 , 0.461704
0.051282 , 0.923077 , 0.459540
0.051282 , 0.948718 , 0.458583
0.051282 , 0.974359 , 0.458827
0.051282 , 1.000000 , 0.459481
0.076923 , 0.000000 , 0.914321
0.076923 , 0.025641 , 0.913935
0.076923 , 0.051282 , 0.913583
0.076923 , 0.076923 , 0.913153
0.076923 , 0.102564 , 0.912850
0.076923 , 0.128205 , 0.910287
0.076923 , 0.153846 , 0.905654
0.076923 , 0.179487 , 0.899004
0.076923 , 0.205128 , 0.891052
0.076923 , 0.230769 , 0.881185
0.076923 , 0.256410 , 0.869478
0.076923 , 0.282051 , 0.857950
0.076923 , 0.307692 , 0.845207
0.076923 , 0.333333 , 0.830259
0.076923 , 0.358974 , 0.814529
0.076923 , 0.384615 , 0.799628
0.076923 , 0.410256 , 0.783601
0.076923 , 0.435897 , 0.767045
0.076923 , 0.461538 , 0.750041
0.076923 , 0.487179 , 0.732020
0.076923 , 0.512821 , 0.713604
0.076923 , 0.538462 , 0.696265
0.076923 , 0.564103 , 0.680013
0.076923 , 0.589744 , 0.664633
0.076923 , 0.615385 , 0.649432
0.076923 , 0.641026 , 0.634805
0.076923 , 0.666667 , 0.622318
0.076923 , 0.692308 , 0.609952
0.076923 , 0.717949 , 0.598592
0.076923 , 0.743590 , 0.586939
0.076923 , 0.769231 , 0.576870
0.076923 , 0.794872 , 0.567706
0.076923 , 0.820513 , 0.560244
0.076923 , 0.846154 , 0.554518
0.076923 , 0.871795 , 0.549124
0.076923 , 0.897436 , 0.544950
0.076923 , 0.923077 , 0.541714
0.076923 , 0.948718 , 0.539901
0.076923 , 0.974359 , 0.539013
0.076923 , 1.000000 , 0.539335
0.102564 , 0.000000 , 1.103921
0.102564 , 0.025641 , 1.103622
0.102564 , 0.051282 , 1.102880
0.102564 , 0.076923 , 1.101754
0.102564 , 0.102564 , 1.100130
0.102564 , 0.128205 , 1.097167
0.102564 , 0.153846 , 1.091585
0.102564 , 0.179487 , 1.083426
0.102564 , 0.205128 , 1.073241
0.102564 , 0.230769 , 1.061545
0.102564 , 0.256410 , 1.046714
0.102564 , 0.282051 , 1.030176
0.102564 , 0.307692 , 1.012164
0.102564 , 0.333333 , 0.992253
0.102564 , 0.358974 , 0.973232
0.102564 , 0.384615 , 0.952900
0.102564 , 0.410256 , 0.930446
0.102564 , 0.435897 , 0.907963
0.102564 , 0.461538 , 0.885707
0.102564 , 0.487179 , 0.862848
0.102564 , 0.512821 , 0.839082
0.102564 , 0.538462 , 0.815557
0.102564 , 0.564103 , 0.793331
0.102564 , 0.589744 , 0.772780
0.102564 , 0.615385 , 0.752666
0.102564 , 0.641026 , 0.733599
0.102564 , 0.666667 , 0.716673
0.102564 , 0.692308 , 0.700559
0.102564 , 0.717949 , 0.685143
0.102564 , 0.743590 , 0.669948
0.102564 , 0.769231 , 0.656657
0.102564 , 0.794872 , 0.644448
0.102564 , 0.820513 , 0.634375
0.102564 , 0.846154 , 0.626419
0.102564 , 0.871795 , 0.619794
0.102564 , 0.897436 , 0.614293
0.102564 , 0.923077 , 0.609427
0.102564 , 0.948718 , 0.606616
0.102564 , 0.974359 , 0.604934
0.102564 , 1.000000 , 0.604936
0.128205 , 0.000000 , 1.278711
0.128205 , 0.025641 , 1.278778
0.128205 , 0.051282 , 1.277645
0.128205 , 0.076923 , 1.276439
0.128205 , 0.102564 , 1.273195
0.128205 , 0.128205 , 1.268978
0.128205 , 0.153846 , 1.262196
0.128205 , 0.179487 , 1.252535
0.128205 , 0.205128 , 1.241250
0.128205 , 0.230769 , 1.226805
0.128205 , 0.256410 , 1.209179
0.128205 , 0.282051 , 1.188523
0.128205 , 0.307692 , 1.165809
0.128205 , 0.333333 , 1.140899
0.128205 , 0.358974 , 1.117640
0.128205 , 0.384615 , 1.093269
0.128205 , 0.410256 , 1.065742
0.128205 , 0.435897 , 1.036706
0.128205 , 0.461538 , 1.007922
0.128205 , 0.487179 , 0.979835
0.128205 , 0.512821 , 0.951019
0.128205 , 0.538462 , 0.922170
0.128205 , 0.564103 , 0.894144
0.128205 , 0.589744 , 0.868414
0.128205 , 0.615385 , 0.843064
0.128205 , 0.641026 , 0.819245
0.128205 , 0.666667 , 0.797837
0.128205 , 0.692308 , 0.777426
0.128205 , 0.717949 , 0.758619
0.128205 , 0.743590 , 0.739542
0.128205 , 0.769231 , 0.722838
0.128205 , 0.794872 , 0.707693
0.128205 , 0.820513 , 0.695204
0.128205 , 0.846154 , 0.684673
0.128205 , 0.871795 , 0.676724
0.128205 , 0.897436 , 0.669751
0.128205 , 0.923077 , 0.664451
0.128205 , 0.948718 , 0.660545
0.128205 , 0.974359 , 0.658475
0.128205 , 1.000000 , 0.657367
0.153846 , 0.000000 , 1.440755
0.153846 , 0.025641 , 1.440413
0.153846 , 0.051282 , 1.439809
0.153846 , 0.076923 , 1.437693
0.153846 , 0.102564 , 1.433619
0.153846 , 0.128205 , 1.427717
0.153846 , 0.153846 , 1.419756
0.153846 , 0.179487 , 1.408184
0.153846 , 0.205128 , 1.395098
0.153846 , 0.230769 , 1.378082
0.153846 , 0.256410 , 1.357646
0.153846 , 0.282051 , 1.333979
0.153846 , 0.307692 , 1.307703
0.153846 , 0.333333 , 1.279372
0.153846 , 0.358974 , 1.250545
0.153846 , 0.384615 , 1.220377
0.153846 , 0.410256 , 1.188221
0.153846 , 0.435897 , 1.153748
0.153846 , 0.461538 , 1.118878
0.153846 , 0.487179 , 1.084764
0.153846 , 0.512821 , 1.050457
0.153846 , 0.538462 , 1.016370
0.153846 , 0.564103 , 0.982590
0.153846 , 0.589744 , 0.951525
0.153846 , 0.615385 , 0.922053
0.153846 , 0.641026 , 0.893047
0.153846 , 0.666667 , 0.866759
0.153846 , 0.692308 , 0.842540
0.153846 , 0.717949 , 0.819582
0.153846 , 0.743590 , 0.796554
0.153846 , 0.769231 , 0.775190
0.153846 , 0.794872 , 0.756800
0.153846 , 0.820513 , 0.741430
0.153846 , 0.846154 , 0.728803
0.153846 , 0.871795 , 0.719251
0.153846 , 0.897436 , 0.712345
0.153846 , 0.923077 , 0.706440
0.153846 , 0.948718 , 0.701492
0.153846 , 0.974359 , 0.699178
0.153846 , 1.000000 , 0.698359
0.179487 , 0.000000 , 1.590395
0.179487 , 0.025641 , 1.590303
0.179487 , 0.051282 , 1.589688
0.179487 , 0.076923 , 1.586998
0.179487 , 0.102564 , 1.581958
0.179487 , 0.128205 , 1.574967
0.179487 , 0.153846 , 1.565470
0.179487 , 0.179487 , 1.552025
0.179487 , 0.205128 , 1.535960
0.179487 , 0.230769 , 1.516230
0.179487 , 0.256410 , 1.492399
0.179487 , 0.282051 , 1.465778
0.179487 , 0.307692 , 1.436119
0.179487 , 0.333333 , 1.404377
0.179487 , 0.358974 , 1.371050
0.179487 , 0.384615 , 1.334837
0.179487 , 0.410256 , 1.297589
0.179487 , 0.435897 , 1.258546
0.179487 , 0.461538 , 1.218322
0.179487 , 0.487179 , 1.178805
0.179487 , 0.512821 , 1.138860
0.179487 , 0.538462 , 1.098642
0.179487 , 0.564103 , 1.059642
0.179487 , 0.589744 , 1.023359
0.179487 , 0.615385 , 0.989175
0.179487 , 0.641026 , 0.956237
0.179487 , 0.666667 , 0.925070
0.179487 , 0.692308 , 0.896163
0.179487 , 0.717949 , 0.868773
0.179487 , 0.743590 , 0.842689
0.179487 , 0.769231 , 0.817292
0.179487 , 0.794872 , 0.795339
0.179487 , 0.820513 , 0.777068
0.179487 , 0.846154 , 0.761860
0.179487 , 0.871795 , 0.750726
0.179487 , 0.897436 , 0.742349
0.179487 , 0.923077 , 0.735687
0.179487 , 0.948718 , 0.730661
0.179487 , 0.974359 , 0.727343
0.179487 , 1.000000 , 0.726687
0.205128 , 0.000000 , 1.730626
0.205128 , 0.025641 , 1.729920
0.205128 , 0.051282 , 1.728758
0.205128 , 0.076923 , 1.724981
0.205128 , 0.102564 , 1.718379
0.205128 , 0.128205 , 1.710284
0.205128 , 0.153846 , 1.699446
0.205128 , 0.179487 , 1.684525
0.205128 , 0.205128 , 1.665693
0.205128 , 0.230769 , 1.642788
0.205128 , 0.256410 , 1.615548
0.205128 , 0.282051 , 1.585891
0.205128 , 0.307692 , 1.552942
0.205128 , 0.333333 , 1.517089
0.205128 , 0.358974 , 1.479236
0.205128 , 0.384615 , 1.438113
0.205128 , 0.410256 , 1.395406
0.205128 , 0.435897 , 1.351689
0.205128 , 0.461538 , 1.306776
0.205128 , 0.487179 , 1.261957
0.205128 , 0.512821 , 1.216855
0.205128 , 0.538462 , 1.172164
0.205128 , 0.564103 , 1.127400
0.205128 , 0.589744 , 1.085762
0.205128 , 0.615385 , 1.046606
0.205128 , 0.641026 , 1.007956
0.205128 , 0.666667 , 0.971258
0.205128 , 0.692308 , 0.937733
0.205128 , 0.717949 , 0.906370
0.205128 , 0.743590 , 0.877182
0.205128 , 0.769231 , 0.848828
0.205128 , 0.794872 , 0.823775
0.205128 , 0.820513 , 0.802732
0.205128 , 0.846154 , 0.784871
0.205128 , 0.871795 , 0.770598
0.205128 , 0.897436 , 0.760214
0.205128 , 0.923077 , 0.752243
0.205128 , 0.948718 , 0.747230
0.205128 , 0.974359 , 0.743030
0.205128 , 1.000000 , 0.741669
0.230769 , 0.000000 , 1.861819
0.230769 , 0.025641 , 1.861180
0.230769 , 0.051282 , 1.858888
0.230769 , 0.076923 , 1.853946
0.230769 , 0.102564 , 1.845880
0.230769 , 0.128205 , 1.835648
0.230769 , 0.153846 , 1.822711
0.230769 , 0.179487 , 1.805251
0.230769 , 0.205128 , 1.783466
0.230769 , 0.230769 , 1.757554
0.230769 , 0.256410 , 1.727471
0.230769 , 0.282051 , 1.694706
0.230769 , 0.307692 , 1.658487
0.230769 , 0.333333 , 1.618725
0.230769 , 0.358974 , 1.576296
0.230769 , 0.384615 , 1.530328
0.230769 , 0.410256 , 1.482299
0.230769 , 0.435897 , 1.433741
0.230769 , 0.461538 , 1.384237
0.230769 , 0.487179 , 1.334001
0.230769 , 0.512821 , 1.284391
0.230769 , 0.538462 , 1.235006
0.230769 , 0.564103 , 1.185633
0.230769 , 0.589744 , 1.137604
0.230769 , 0.615385 , 1.093147
0.230769 , 0.641026 , 1.049659
0.230769 , 0.666667 , 1.008137
0.230769 , 0.692308 , 0.969703
0.230769 , 0.717949 , 0.933793
0.230769 , 0.743590 , 0.900275
0.230769 , 0.769231 , 0.869328
0.230769 , 0.794872 , 0.841871
0.230769 , 0.820513 , 0.817648
0.230769 , 0.846154 , 0.797907
0.230769 , 0.871795 , 0.780921
0.230769 , 0.897436 , 0.767465
0.230769 , 0.923077 , 0.758267
0.230769 , 0.948718 , 0.751609
0.230769 , 0.974359 , 0.746542
0.230769 , 1.000000 , 0.744349
0.256410 , 0.000000 , 1.984277
0.256410 , 0.025641 , 1.983074
0.256410 , 0.051282 , 1.979873
0.256410 , 0.076923 , 1.973628
0.256410 , 0.102564 , 1.964018
0.256410 , 0.128205 , 1.951453
0.256410 , 0.153846 , 1.936122
0.256410 , 0.179487 , 1.916365
0.256410 , 0.205128 , 1.892107
0.256410 , 0.230769 , 1.862982
0.256410 , 0.256410 , 1.829321
0.256410 , 0.282051 , 1.792335
0.256410 , 0.307692 , 1.752583
0.256410 , 0.333333 , 1.709425
0.256410 , 0.358974 , 1.663166
0.256410 , 0.384615 , 1.612893
0.256410 , 0.410256 , 1.560335
0.256410 , 0.435897 , 1.507052
0.256410 , 0.461538 , 1.452656
0.256410 , 0.487179 , 1.397324
0.256410 , 0.512821 , 1.342389
0.256410 , 0.538462 , 1.287686
0.256410 , 0.564103 , 1.233708
0.256410 , 0.589744 , 1.180570
0.256410 , 0.615385 , 1.130053
0.256410 , 0.641026 , 1.081915
0.256410 , 0.666667 , 1.035994
0.256410 , 0.692308 , 0.992677
0.256410 , 0.717949 , 0.951811
0.256410 , 0.743590 , 0.914034
0.256410 , 0.769231 , 0.879308
0.256410 , 0.794872 , 0.847531
0.256410 , 0.820513 , 0.820544
0.256410 , 0.846154 , 0.798746
0.256410 , 0.871795 , 0.780336
0.256410 , 0.897436 , 0.764817
0.256410 , 0.923077 , 0.753548
0.256410 , 0.948718 , 0.744607
0.256410 , 0.974359 , 0.739413
0.256410 , 1.000000 , 0.737300
0.282051 , 0.000000 , 2.099021
0.282051 , 0.025641 , 2.097201
0.282051 , 0.051282 , 2.092474
0.282051 , 0.076923 , 2.085472
0.282051 , 0.102564 , 2.074598
0.282051 , 0.128205 , 2.059159
0.282051 , 0.153846 , 2.040944
0.282051 , 0.179487 , 2.018932
0.282051 , 0.205128 , 1.992015
0.282051 , 0.230769 , 1.959905
0.282051 , 0.256410 , 1.922387
0.282051 , 0.282051 , 1.881684
0.282051 , 0.307692 , 1.837409
0.282051 , 0.333333 , 1.790181
0.282051 , 0.358974 , 1.740723
0.282051 , 0.384615 , 1.687033
0.282051 , 0.410256 , 1.629864
0.282051 , 0.435897 , 1.571618
0.282051 , 0.461538 , 1.512568
0.282051 , 0.487179 , 1.452255
0.282051 , 0.512821 , 1.392324
0.282051 , 0.538462 , 1.332054
0.282051 , 0.564103 , 1.272926
0.282051 , 0.589744 , 1.214899
0.282051 , 0.615385 , 1.158653
0.282051 , 0.641026 , 1.105297
0.282051 , 0.666667 , 1.054414
0.282051 , 0.692308 , 1.006372
0.282051 , 0.717949 , 0.961096
0.282051 , 0.743590 , 0.919398
0.282051 , 0.769231 , 0.881245
0.282051 , 0.794872 , 0.845670
0.282051 , 0.820513 , 0.815025
0.282051 , 0.846154 , 0.790201
0.282051 , 0.871795 , 0.769290
0.282051 , 0.897436 , 0.751923
0.282051 , 0.923077 , 0.738805
0.282051 , 0.948718 , 0.728239
0.282051 , 0.974359 , 0.722553
0.282051 , 1.000000 , 0.720489
0.307692 , 0.000000 , 2.207430
0.307692 , 0.025641 , 2.205337
0.307692 , 0.051282 , 2.199439
0.307692 , 0.076923 , 2.190355
0.307692 , 0.102564 , 2.178052
0.307692 , 0.128205 , 2.160706
0.307692 , 0.153846 , 2.139113
0.307692 , 0.179487 , 2.113788
0.307692 , 0.205128 , 2.083327
0.307692 , 0.230769 , 2.048299
0.307692 , 0.256410 , 2.007985
0.307692 , 0.282051 , 1.963451
0.307692 , 0.307692 , 1.915214
0.307692 , 0.333333 , 1.863603
0.307692 , 0.358974 , 1.809966
0.307692 , 0.384615 , 1.752926
0.307692 , 0.410256 , 1.692014
0.307692 , 0.435897 , 1.629032
0.307692 , 0.461538 , 1.564438
0.307692 , 0.487179 , 1.498611
0.307692 , 0.512821 , 1.433157
0.307692 , 0.538462 , 1.367414
0.307692 , 0.564103 , 1.303178
0.307692 , 0.589744 , 1.240342
0.307692 , 0.615385 , 1.178671
0.307692 , 0.641026 , 1.119637
0.307692 , 0.666667 , 1.063505
0.307692 , 0.692308 , 1.010368
0.307692 , 0.717949 , 0.960882
0.307692 , 0.743590 , 0.915517
0.307692 , 0.769231 , 0.873781
0.307692 , 0.794872 , 0.834750
0.307692 , 0.820513 , 0.800116
0.307692 , 0.846154 , 0.771632
0.307692 , 0.871795 , 0.747685
0.307692 , 0.897436 , 0.727947
0.307692 , 0.923077 , 0.713221
0.307692 , 0.948718 , 0.702418
0.307692 , 0.974359 , 0.695968
0.307692 , 1.000000 , 0.693800
0.333333 , 0.000000 , 2.310122
0.333333 , 0.025641 , 2.307994
0.333333 , 0.051282 , 2.302051
0.333333 , 0.076923 , 2.291361
0.333333 , 0.102564 , 2.276288
0.333333 , 0.128205 , 2.256661
0.333333 , 0.153846 , 2.231437
0.333333 , 0.179487 , 2.201757
0.333333 , 0.205128 , 2.167509
0.333333 , 0.230769 , 2.129382
0.333333 , 0.256410 , 2.086831
0.333333 , 0.282051 , 2.039134
0.333333 , 0.307692 , 1.986908
0.333333 , 0.333333 , 1.930533
0.333333 , 0.358974 , 1.872490
0.333333 , 0.384615 , 1.811045
0.333333 , 0.410256 , 1.746247
0.333333 , 0.435897 , 1.678869
0.333333 , 0.461538 , 1.608761
0.333333 , 0.487179 , 1.537986
0.333333 , 0.512821 , 1.466582
0.333333 , 0.538462 , 1.395565
0.333333 , 0.564103 , 1.325966
0.333333 , 0.589744 , 1.257892
0.333333 , 0.615385 , 1.190898
0.333333 , 0.641026 , 1.126104
0.333333 , 0.666667 , 1.064616
0.333333 , 0.692308 , 1.006576
0.333333 , 0.717949 , 0.951701
0.333333 , 0.743590 , 0.901649
0.333333 , 0.769231 , 0.856369
0.333333 , 0.794872 , 0.814345
0.333333 , 0.820513 , 0.776757
0.333333 , 0.846154 , 0.744019
0.333333 , 0.871795 , 0.716473
0.333333 , 0.897436 , 0.694089
0.333333 , 0.923077 , 0.677708
0.333333 , 0.948718 , 0.666816
0.333333 , 0.974359 , 0.659980
0.333333 , 1.000000 , 0.657646
0.358974 , 0.000000 , 2.409861
0.358974 , 0.025641 , 2.407364
0.358974 , 0.051282 , 2.400163
0.358974 , 0.076923 , 2.388007
0.358974 , 0.102564 , 2.370897
0.358974 , 0.128205 , 2.348376
0.358974 , 0.153846 , 2.319376
0.358974 , 0.179487 , 2.285980
0.358974 , 0.205128 , 2.248253
0.358974 , 0.230769 , 2.206862
0.358974 , 0.256410 , 2.160650
0.358974 , 0.282051 , 2.109130
0.358974 , 0.307692 , 2.053167
0.358974 , 0.333333 , 1.992448
0.358974 , 0.358974 , 1.928773
0.358974 , 0.384615 , 1.862285
0.358974 , 0.410256 , 1.792170
0.358974 , 0.435897 , 1.720274
0.358974 , 0.461538 , 1.645496
0.358974 , 0.487179 , 1.569185
0.358974 , 0.512821 , 1.492835
0.358974 , 0.538462 , 1.416768
0.358974 , 0.564103 , 1.341985
0.358974 , 0.589744 , 1.268028
0.358974 , 0.615385 , 1.195684
0.358974 , 0.641026 , 1.126449
0.358974 , 0.666667 , 1.059736
0.358974 , 0.692308 , 0.995903
0.358974 , 0.717949 , 0.936386
0.358974 , 0.743590 , 0.880911
0.358974 , 0.769231 , 0.830022
0.358974 , 0.794872 , 0.783569
0.358974 , 0.820513 , 0.742574
0.358974 , 0.846154 , 0.707183
0.358974 , 0.871795 , 0.676835
0.358974 , 0.897436 , 0.652430
0.358974 , 0.923077 , 0.633941
0.358974 , 0.948718 , 0.621285
0.358974 , 0.974359 , 0.613783
0.358974 , 1.000000 , 0.610869
0.384615 , 0.000000 , 2.506361
0.384615 , 0.025641 , 2.503269
0.384615 , 0.051282 , 2.495451
0.384615 , 0.076923 , 2.481447
0.384615 , 0.102564 , 2.461757
0.384615 , 0.128205 , 2.436253
0.384615 , 0.153846 , 2.404518
0.384615 , 0.179487 , 2.367811
0.384615 , 0.205128 , 2.327111
0.384615 , 0.230769 , 2.281600
0.384615 , 0.256410 , 2.230517
0.384615 , 0.282051 , 2.174516
0.384615 , 0.307692 , 2.113952
0.384615 , 0.333333 , 2.048500
0.384615 , 0.358974 , 1.979783
0.384615 , 0.384615 , 1.907794
0.384615 , 0.410256 , 1.832749
0.384615 , 0.435897 , 1.755518
0.384615 , 0.461538 , 1.675423
0.384615 , 0.487179 , 1.593649
0.384615 , 0.512821 , 1.511938
0.384615 , 0.538462 , 1.430405
0.384615 , 0.564103 , 1.349886
0.384615 , 0.589744 , 1.270497
0.384615 , 0.615385 , 1.192340
0.384615 , 0.641026 , 1.117294
0.384615 , 0.666667 , 1.045926
0.384615 , 0.692308 , 0.976466
0.384615 , 0.717949 , 0.911616
0.384615 , 0.743590 , 0.851222
0.384615 , 0.769231 , 0.795447
0.384615 , 0.794872 , 0.744886
0.384615 , 0.820513 , 0.699472
0.384615 , 0.846154 , 0.660544
0.384615 , 0.871795 , 0.627880
0.384615 , 0.897436 , 0.601468
0.384615 , 0.923077 , 0.580857
0.384615 , 0.948718 , 0.566416
0.384615 , 0.974359 , 0.558076
0.384615 , 1.000000 , 0.555200
0.410256 , 0.000000 , 2.601906
0.410256 , 0.025641 , 2.598885
0.410256 , 0.051282 , 2.589352
0.410256 , 0.076923 , 2.573763
0.410256 , 0.102564 , 2.551520
0.410256 , 0.128205 , 2.523149
0.410256 , 0.153846 , 2.488741
0.410256 , 0.179487 , 2.448576
0.410256 , 0.205128 , 2.404219
0.410256 , 0.230769 , 2.354249
0.410256 , 0.256410 , 2.298097
0.410256 , 0.282051 , 2.237872
0.410256 , 0.307692 , 2.172013
0.410256 , 0.333333 , 2.101295
0.410256 , 0.358974 , 2.026367
0.410256 , 0.384615 , 1.948803
0.410256 , 0.410256 , 1.868240
0.410256 , 0.435897 , 1.785107
0.410256 , 0.461538 , 1.699703
0.410256 , 0.487179 , 1.612198
0.410256 , 0.512821 , 1.525028
0.410256 , 0.538462 , 1.437549
0.410256 , 0.564103 , 1.350724
0.410256 , 0.589744 , 1.265163
0.410256 , 0.615385 , 1.181623
0.410256 , 0.641026 , 1.100571
0.410256 , 0.666667 , 1.022795
0.410256 , 0.692308 , 0.948223
0.410256 , 0.717949 , 0.878124
0.410256 , 0.743590 , 0.812695
0.410256 , 0.769231 , 0.752414
0.410256 , 0.794872 , 0.697660
0.410256 , 0.820513 , 0.648559
0.410256 , 0.846154 , 0.606450
0.410256 , 0.871795 , 0.571017
0.410256 , 0.897436 , 0.542036
0.410256 , 0.923077 , 0.518918
0.410256 , 0.948718 , 0.502569
0.410256 , 0.974359 , 0.494014
0.410256 , 1.000000 , 0.491154
0.435897 , 0.000000 , 2.698153
0.435897 , 0.025641 , 2.694888
0.435897 , 0.051282 , 2.683249
0.435897 , 0.076923 , 2.665870
0.435897 , 0.102564 , 2.641979
0.435897 , 0.128205 , 2.610389
0.435897 , 0.153846 , 2.572690
0.435897 , 0.179487 , 2.529245
0.435897 , 0.205128 , 2.480360
0.435897 , 0.230769 , 2.425597
0.435897 , 0.256410 , 2.364428
0.435897 , 0.282051 , 2.298749
0.435897 , 0.307692 , 2.227402
0.435897 , 0.333333 , 2.150606
0.435897 , 0.358974 , 2.070300
0.435897 , 0.384615 , 1.986287
0.435897 , 0.410256 , 1.899785
0.435897 , 0.435897 , 1.810533
0.435897 , 0.461538 , 1.718851
0.435897 , 0.487179 , 1.625832
0.435897 , 0.512821 , 1.532472
0.435897 , 0.538462 , 1.438554
0.435897 , 0.564103 , 1.345220
0.435897 , 0.589744 , 1.253162
0.435897 , 0.615385 , 1.163283
0.435897 , 0.641026 , 1.076297
0.435897 , 0.666667 , 0.991803
0.435897 , 0.692308 , 0.911732
0.435897 , 0.717949 , 0.836549
0.435897 , 0.743590 , 0.765719
0.435897 , 0.769231 , 0.700700
0.435897 , 0.794872 , 0.642016
0.435897 , 0.820513 , 0.589325
0.435897 , 0.846154 , 0.543585
0.435897 , 0.871795 , 0.504891
0.435897 , 0.897436 , 0.472482
0.435897 , 0.923077 , 0.447397
0.435897 , 0.948718 , 0.430190
0.435897 , 0.974359 , 0.420416
0.435897 , 1.000000 , 0.417627
0.461538 , 0.000000 , 2.794871
0.461538 , 0.025641 , 2.791249
0.461538 , 0.051282 , 2.778415
0.461538 , 0.076923 , 2.759000
0.461538 , 0.102564 , 2.732871
0.461538 , 0.128205 , 2.698484
0.461538 , 0.153846 , 2.657616
0.461538 , 0.179487 , 2.610608
0.461538 , 0.205128 , 2.556773
0.461538 , 0.230769 , 2.496337
0.461538 , 0.256410 , 2.430782
0.461538 , 0.282051 , 2.359450
0.461538 , 0.307692 , 2.281888
0.461538 , 0.333333 , 2.198620
0.461538 , 0.358974 , 2.111476
0.461538 , 0.384615 , 2.021632
0.461538 , 0.410256 , 1.928660
0.461538 , 0.435897 , 1.832682
0.461538 , 0.461538 , 1.734123
0.461538 , 0.487179 , 1.634512
0.461538 , 0.512821 , 1.534563
0.461538 , 0.538462 , 1.433531
0.461538 , 0.564103 , 1.333012
0.461538 , 0.589744 , 1.234784
0.461538 , 0.615385 , 1.138665
0.461538 , 0.641026 , 1.044595
0.461538 , 0.666667 , 0.954359
0.461538 , 0.692308 , 0.867820
0.461538 , 0.717949 , 0.786731
0.461538 , 0.743590 , 0.710915
0.461538 , 0.769231 , 0.641056
0.461538 , 0.794872 , 0.578008
0.461538 , 0.820513 , 0.521012
0.461538 , 0.846154 , 0.471601
0.461538 , 0.871795 , 0.429294
0.461538 , 0.897436 , 0.394731
0.461538 , 0.923077 , 0.367821
0.461538 , 0.948718 , 0.349218
0.461538 , 0.974359 , 0.337638
0.461538 , 1.000000 , 0.333711
0.487179 , 0.000000 , 2.894682
0.487179 , 0.025641 , 2.890197
0.487179 , 0.051282 , 2.876548
0.487179 , 0.076923 , 2.854741
0.487179 , 0.102564 , 2.825813
0.487179 , 0.128205 , 2.788691
0.487179 , 0.153846 , 2.744648
0.487179 , 0.179487 , 2.693230
0.487179 , 0.205128 , 2.633974
0.487179 , 0.230769 , 2.567744
0.487179 , 0.256410 , 2.497076
0.487179 , 0.282051 , 2.420358
0.487179 , 0.307692 , 2.336757
0.487179 , 0.333333 , 2.247322
0.487179 , 0.358974 , 2.153811
0.487179 , 0.384615 , 2.055925
0.487179 , 0.410256 , 1.955592
0.487179 , 0.435897 , 1.852111
0.487179 , 0.461538 , 1.746109
0.487179 , 0.487179 , 1.638749
0.487179 , 0.512821 , 1.530289
0.487179 , 0.538462 , 1.422183
0.487179 , 0.564103 , 1.314522
0.487179 , 0.589744 , 1.209077
0.487179 , 0.615385 , 1.106007
0.487179 , 0.641026 , 1.004599
0.487179 , 0.666667 , 0.907445
0.487179 , 0.692308 , 0.815130
0.487179 , 0.717949 , 0.728104
0.487179 , 0.743590 , 0.647306
0.487179 , 0.769231 , 0.572555
0.487179 , 0.794872 , 0.504718
0.487179 , 0.820513 , 0.443698
0.487179 , 0.846154 , 0.390190
0.487179 , 0.871795 , 0.344428
0.487179 , 0.897436 , 0.306991
0.487179 , 0.923077 , 0.278769
0.487179 , 0.948718 , 0.258733
0.487179 , 0.974359 , 0.245166
0.487179 , 1.000000 , 0.240684
0.512821 , 0.000000 , 2.998143
0.512821 , 0.025641 , 2.992944
0.512821 , 0.051282 , 2.978171
0.512821 , 0.076923 , 2.954806
0.512821 , 0.102564 , 2.923003
0.512821 , 0.128205 , 2.882849
0.512821 , 0.153846 , 2.835246
0.512821 , 0.179487 , 2.779213
0.512821 , 0.205128 , 2.714841
0.512821 , 0.230769 , 2.643078
0.512821 , 0.256410 , 2.565960
0.512821 , 0.282051 , 2.483172
0.512821 , 0.307692 , 2.393385
0.512821 , 0.333333 , 2.297421
0.512821 , 0.358974 , 2.196617
0.512821 , 0.384615 , 2.090881
0.512821 , 0.410256 , 1.981813
0.512821 , 0.435897 , 1.870143
0.512821 , 0.461538 , 1.755589
0.512821 , 0.487179 , 1.639583
0.512821 , 0.512821 , 1.522811
0.512821 , 0.538462 , 1.406097
0.512821 , 0.564103 , 1.290313
0.512821 , 0.589744 , 1.176719
0.512821 , 0.615385 , 1.065548
0.512821 , 0.641026 , 0.957136
0.512821 , 0.666667 , 0.852906
0.512821 , 0.692308 , 0.753928
0.512821 , 0.717949 , 0.661071
0.512821 , 0.743590 , 0.574458
0.512821 , 0.769231 , 0.494845
0.512821 , 0.794872 , 0.421633
0.512821 , 0.820513 , 0.356549
0.512821 , 0.846154 , 0.298935
0.512821 , 0.871795 , 0.249844
0.512821 , 0.897436 , 0.209559
0.512821 , 0.923077 , 0.178418
0.512821 , 0.948718 , 0.156711
0.512821 , 0.974359 , 0.142668
0.512821 , 1.000000 , 0.137126
0.538462 , 0.000000 , 3.105530
0.538462 , 0.025641 , 3.100200
0.538462 , 0.051282 , 3.084488
0.538462 , 0.076923 , 3.059359
0.538462 , 0.102564 , 3.024633
0.538462 , 0.128205 , 2.981471
0.538462 , 0.153846 , 2.930537
0.538462 , 0.179487 , 2.870597
0.538462 , 0.205128 , 2.801142
0.538462 , 0.230769 , 2.723995
0.538462 , 0.256410 , 2.640560
0.538462 , 0.282051 , 2.550192
0.538462 , 0.307692 , 2.453046
0.538462 , 0.333333 , 2.349398
0.538462 , 0.358974 , 2.240321
0.538462 , 0.384615 , 2.126337
0.538462 , 0.410256 , 2.008271
0.538462 , 0.435897 , 1.887446
0.538462 , 0.461538 , 1.763708
0.538462 , 0.487179 , 1.637890
0.538462 , 0.512821 , 1.511877
0.538462 , 0.538462 , 1.385958
0.538462 , 0.564103 , 1.260762
0.538462 , 0.589744 , 1.137524
0.538462 , 0.615385 , 1.017436
0.538462 , 0.641026 , 0.902099
0.538462 , 0.666667 , 0.790934
0.538462 , 0.692308 , 0.684752
0.538462 , 0.717949 , 0.585058
0.538462 , 0.743590 , 0.492105
0.538462 , 0.769231 , 0.406524
0.538462 , 0.794872 , 0.328969
0.538462 , 0.820513 , 0.259771
0.538462 , 0.846154 , 0.198140
0.538462 , 0.871795 , 0.145373
0.538462 , 0.897436 , 0.102448
0.538462 , 0.923077 , 0.069040
0.538462 , 0.948718 , 0.044638
0.538462 , 0.974359 , 0.030093
0.538462 , 1.000000 , 0.024786
0.564103 , 0.000000 , 3.219845
0.564103 , 0.025641 , 3.214184
0.564103 , 0.051282 , 3.197576
0.564103 , 0.076923 , 3.170616
0.564103 , 0.102564 , 3.133198
0.564103 , 0.128205 , 3.086999
0.564103 , 0.153846 , 3.032166
0.564103 , 0.179487 , 2.968257
0.564103 , 0.205128 , 2.894793
0.564103 , 0.230769 , 2.811804
0.564103 , 0.256410 , 2.721088
0.564103 , 0.282051 , 2.622718
0.564103 , 0.307692 , 2.517277
0.564103 , 0.333333 , 2.404575
0.564103 , 0.358974 , 2.286603
0.564103 , 0.384615 , 2.163076
0.564103 , 0.410256 , 2.035165
0.564103 , 0.435897 , 1.904075
0.564103 , 0.461538 , 1.770029
0.564103 , 0.487179 , 1.634337
0.564103 , 0.512821 , 1.497753
0.564103 , 0.538462 , 1.361410
0.564103 , 0.564103 , 1.225406
0.564103 , 0.589744 , 1.092095
0.564103 , 0.615385 , 0.962839
0.564103 , 0.641026 , 0.838794
0.564103 , 0.666667 , 0.719915
0.564103 , 0.692308 , 0.606694
0.564103 , 0.717949 , 0.499536
0.564103 , 0.743590 , 0.400111
0.564103 , 0.769231 , 0.309111
0.564103 , 0.794872 , 0.226256
0.564103 , 0.820513 , 0.152243
0.564103 , 0.846154 , 0.087013
0.564103 , 0.871795 , 0.030997
0.564103 , 0.897436 , -0.015225
0.564103 , 0.923077 , -0.051024
0.564103 , 0.948718 , -0.077181
0.564103 , 0.974359 , -0.093086
0.564103 , 1.000000 , -0.098240
0.589744 , 0.000000 , 3.341708
0.589744 , 0.025641 , 3.336575
0.589744 , 0.051282 , 3.318515
0.589744 , 0.076923 , 3.289969
0.589744 , 0.102564 , 3.250096
0.589744 , 0.128205 , 3.201021
0.589744 , 0.153846 , 3.142017
0.589744 , 0.179487 , 3.072596
0.589744 , 0.205128 , 2.994352
0.589744 , 0.230769 , 2.906118
0.589744 , 0.256410 , 2.808470
0.589744 , 0.282051 , 2.702121
0.589744 , 0.307692 , 2.587482
0.589744 , 0.333333 , 2.465124
0.589744 , 0.358974 , 2.336833
0.589744 , 0.384615 , 2.203003
0.589744 , 0.410256 , 2.063984
0.589744 , 0.435897 , 1.921208
0.589744 , 0.461538 , 1.775640
0.589744 , 0.487179 , 1.627968
0.589744 , 0.512821 , 1.479561
0.589744 , 0.538462 , 1.331803
0.589744 , 0.564103 , 1.185364
0.589744 , 0.589744 , 1.040787
0.589744 , 0.615385 , 0.901254
0.589744 , 0.641026 , 0.767267
0.589744 , 0.666667 , 0.639406
0.589744 , 0.692308 , 0.517973
0.589744 , 0.717949 , 0.403589
0.589744 , 0.743590 , 0.297513
0.589744 , 0.769231 , 0.201405
0.589744 , 0.794872 , 0.113723
0.589744 , 0.820513 , 0.034438
0.589744 , 0.846154 , -0.035118
0.589744 , 0.871795 , -0.094180
0.589744 , 0.897436 , -0.143076
0.589744 , 0.923077 , -0.181335
0.589744 , 0.948718 , -0.209771
0.589744 , 0.974359 , -0.227153
0.589744 , 1.000000 , -0.232273
0.615385 , 0.000000 , 3.473209
0.615385 , 0.025641 , 3.466972
0.615385 , 0.051282 , 3.448545
0.615385 , 0.076923 , 3.418005
0.615385 , 0.102564 , 3.376358
0.615385 , 0.128205 , 3.324477
0.615385 , 0.153846 , 3.261722
0.615385 , 0.179487 , 3.187627
0.615385 , 0.205128 , 3.102798
0.615385 , 0.230769 , 3.007706
0.615385 , 0.256410 , 2.902920
0.615385 , 0.282051 , 2.788400
0.615385 , 0.307692 , 2.664316
0.615385 , 0.333333 , 2.532234
0.615385 , 0.358974 , 2.393081
0.615385 , 0.384615 , 2.247007
0.615385 , 0.410256 , 2.095809
0.615385 , 0.435897 , 1.939955
0.615385 , 0.461538 , 1.781340
0.615385 , 0.487179 , 1.620297
0.615385 , 0.512821 , 1.458911
0.615385 , 0.538462 , 1.297921
0.615385 , 0.564103 , 1.139420
0.615385 , 0.589744 , 0.982794
0.615385 , 0.615385 , 0.831628
0.615385 , 0.641026 , 0.687055
0.615385 , 0.666667 , 0.549715
0.615385 , 0.692308 , 0.419531
0.615385 , 0.717949 , 0.296975
0.615385 , 0.743590 , 0.183797
0.615385 , 0.769231 , 0.080975
0.615385 , 0.794872 , -0.011832
0.615385 , 0.820513 , -0.095689
0.615385 , 0.846154 , -0.169306
0.615385 , 0.871795 , -0.230620
0.615385 , 0.897436 , -0.282038
0.615385 , 0.923077 , -0.322746
0.615385 , 0.948718 , -0.352828
0.615385 , 0.974359 , -0.371733
0.615385 , 1.000000 , -0.378145
0.641026 , 0.000000 , 3.614284
0.641026 , 0.025641 , 3.607717
0.641026 , 0.051282 , 3.588070
0.641026 , 0.076923 , 3.556584
0.641026 , 0.102564 , 3.512888
0.641026 , 0.128205 , 3.457806
0.641026 , 0.153846 , 3.391077
0.641026 , 0.179487 , 3.313357
0.641026 , 0.205128 , 3.222673
0.641026 , 0.230769 , 3.120994
0.641026 , 0.256410 , 3.008137
0.641026 , 0.282051 , 2.884647
0.641026 , 0.307692 , 2.750800
0.641026 , 0.333333 , 2.607277
0.641026 , 0.358974 , 2.456194
0.641026 , 0.384615 , 2.296882
0.641026 , 0.410256 , 2.131611
0.641026 , 0.435897 , 1.961682
0.641026 , 0.461538 , 1.788537
0.641026 , 0.487179 , 1.612434
0.641026 , 0.512821 , 1.435996
0.641026 , 0.538462 , 1.260749
0.641026 , 0.564103 , 1.087816
0.641026 , 0.589744 , 0.918163
0.641026 , 0.615385 , 0.754165
0.641026 , 0.641026 , 0.597962
0.641026 , 0.666667 , 0.450034
0.641026 , 0.692308 , 0.310089
0.641026 , 0.717949 , 0.179504
0.641026 , 0.743590 , 0.058682
0.641026 , 0.769231 , -0.052297
0.641026 , 0.794872 , -0.152133
0.641026 , 0.820513 , -0.240158
0.641026 , 0.846154 , -0.316974
0.641026 , 0.871795 , -0.380738
0.641026 , 0.897436 , -0.433735
0.641026 , 0.923077 , -0.476450
0.641026 , 0.948718 , -0.507625
0.641026 , 0.974359 , -0.527408
0.641026 , 1.000000 , -0.534579
0.666667 , 0.000000 , 3.765684
0.666667 , 0.025641 , 3.758907
0.666667 , 0.051282 , 3.738805
0.666667 , 0.076923 , 3.706637
0.666667 , 0.102564 , 3.661408
0.666667 , 0.128205 , 3.603530
0.666667 , 0.153846 , 3.533318
0.666667 , 0.179487 , 3.451334
0.666667 , 0.205128 , 3.355336
0.666667 , 0.230769 , 3.247651
0.666667 , 0.256410 , 3.126851
0.666667 , 0.282051 , 2.993958
0.666667 , 0.307692 , 2.848952
0.666667 , 0.333333 , 2.692440
0.666667 , 0.358974 , 2.527616
0.666667 , 0.384615 , 2.354671
0.666667 , 0.410256 , 2.173753
0.666667 , 0.435897 , 1.987442
0.666667 , 0.461538 , 1.797920
0.666667 , 0.487179 , 1.604997
0.666667 , 0.512821 , 1.411568
0.666667 , 0.538462 , 1.219853
0.666667 , 0.564103 , 1.030478
0.666667 , 0.589744 , 0.845468
0.666667 , 0.615385 , 0.667362
0.666667 , 0.641026 , 0.497450
0.666667 , 0.666667 , 0.337755
0.666667 , 0.692308 , 0.187328
0.666667 , 0.717949 , 0.047759
0.666667 , 0.743590 , -0.080747
0.666667 , 0.769231 , -0.198777
0.666667 , 0.794872 , -0.305206
0.666667 , 0.820513 , -0.398499
0.666667 , 0.846154 , -0.478216
0.666667 , 0.871795 , -0.545423
0.666667 , 0.897436 , -0.600147
0.666667 , 0.923077 , -0.643934
0.666667 , 0.948718 , -0.674924
0.666667 , 0.974359 , -0.694415
0.666667 , 1.000000 , -0.701456
0.692308 , 0.000000 , 3.927898
0.692308 , 0.025641 , 3.921444
0.692308 , 0.051282 , 3.901949
0.692308 , 0.076923 , 3.869016
0.692308 , 0.102564 , 3.822850
0.692308 , 0.128205 , 3.762867
0.692308 , 0.153846 , 3.689468
0.692308 , 0.179487 , 3.603010
0.692308 , 0.205128 , 3.501792
0.692308 , 0.230769 , 3.387758
0.692308 , 0.256410 , 3.258720
0.692308 , 0.282051 , 3.115834
0.692308 , 0.307692 , 2.959675
0.692308 , 0.333333 , 2.790643
0.692308 , 0.358974 , 2.610641
0.692308 , 0.384615 , 2.421638
0.692308 , 0.410256 , 2.223847
0.692308 , 0.435897 , 2.018917
0.692308 , 0.461538 , 1.810088
0.692308 , 0.487179 , 1.598173
0.692308 , 0.512821 , 1.385851
0.692308 , 0.538462 , 1.174947
0.692308 , 0.564103 , 0.967478
0.692308 , 0.589744 , 0.765516
0.692308 , 0.615385 , 0.571375
0.692308 , 0.641026 , 0.386328
0.692308 , 0.666667 , 0.212160
0.692308 , 0.692308 , 0.050209
0.692308 , 0.717949 , -0.099187
0.692308 , 0.743590 , -0.236479
0.692308 , 0.769231 , -0.361648
0.692308 , 0.794872 , -0.472937
0.692308 , 0.820513 , -0.570574
0.692308 , 0.846154 , -0.653700
0.692308 , 0.871795 , -0.722909
0.692308 , 0.897436 , -0.779436
0.692308 , 0.923077 , -0.824142
0.692308 , 0.948718 , -0.855559
0.692308 , 0.974359 , -0.874682
0.692308 , 1.000000 , -0.881584
0.717949 , 0.000000 , 4.102688
0.717949 , 0.025641 , 4.096502
0.717949 , 0.051282 , 4.077295
0.717949 , 0.076923 , 4.045075
0.717949 , 0.102564 , 3.998516
0.717949 , 0.128205 , 3.937340
0.717949 , 0.153846 , 3.861480
0.717949 , 0.179487 , 3.771752
0.717949 , 0.205128 , 3.665661
0.717949 , 0.230769 , 3.544985
0.717949 , 0.256410 , 3.407660
0.717949 , 0.282051 , 3.253926
0.717949 , 0.307692 , 3.085783
0.717949 , 0.333333 , 2.902816
0.717949 , 0.358974 , 2.706382
0.717949 , 0.384615 , 2.499015
0.717949 , 0.410256 , 2.282065
0.717949 , 0.435897 , 2.056653
0.717949 , 0.461538 , 1.826103
0.717949 , 0.487179 , 1.592794
0.717949 , 0.512821 , 1.359138
0.717949 , 0.538462 , 1.126721
0.717949 , 0.564103 , 0.898621
0.717949 , 0.589744 , 0.677708
0.717949 , 0.615385 , 0.465427
0.717949 , 0.641026 , 0.263563
0.717949 , 0.666667 , 0.073571
0.717949 , 0.692308 , -0.101767
0.717949 , 0.717949 , -0.262372
0.717949 , 0.743590 , -0.408451
0.717949 , 0.769231 , -0.540649
0.717949 , 0.794872 , -0.657718
0.717949 , 0.820513 , -0.758440
0.717949 , 0.846154 , -0.844710
0.717949 , 0.871795 , -0.915904
0.717949 , 0.897436 , -0.973324
0.717949 , 0.923077 , -1.018746
0.717949 , 0.948718 , -1.050043
0.717949 , 0.974359 , -1.069170
0.717949 , 1.000000 , -1.075671
0.743590 , 0.000000 , 4.291850
0.743590 , 0.025641 , 4.285787
0.743590 , 0.051282 , 4.266674
0.743590 , 0.076923 , 4.235118
0.743590 , 0.102564 , 4.189379
0.743590 , 0.128205 , 4.128031
0.743590 , 0.153846 , 4.050450
0.743590 , 0.179487 , 3.958622
0.743590 , 0.205128 , 3.848514
0.743590 , 0.230769 , 3.721260
0.743590 , 0.256410 , 3.574930
0.743590 , 0.282051 , 3.410685
0.743590 , 0.307692 , 3.228492
0.743590 , 0.333333 , 3.030095
0.743590 , 0.358974 , 2.815648
0.743590 , 0.384615 , 2.588210
0.743590 , 0.410256 , 2.350009
0.743590 , 0.435897 , 2.101988
0.743590 , 0.461538 , 1.847522
0.743590 , 0.487179 , 1.590012
0.743590 , 0.512821 , 1.331807
0.743590 , 0.538462 , 1.075215
0.743590 , 0.564103 , 0.823757
0.743590 , 0.589744 , 0.580799
0.743590 , 0.615385 , 0.348185
0.743590 , 0.641026 , 0.127466
0.743590 , 0.666667 , -0.079416
0.743590 , 0.692308 , -0.270057
0.743590 , 0.717949 , -0.443319
0.743590 , 0.743590 , -0.599207
0.743590 , 0.769231 , -0.738130
0.743590 , 0.794872 , -0.860285
0.743590 , 0.820513 , -0.964553
0.743590 , 0.846154 , -1.052185
0.743590 , 0.871795 , -1.124889
0.743590 , 0.897436 , -1.182591
0.743590 , 0.923077 , -1.227124
0.743590 , 0.948718 , -1.259088
0.743590 , 0.974359 , -1.277991
0.743590 , 1.000000 , -1.284059
0.769231 , 0.000000 , 4.494751
0.769231 , 0.025641 , 4.488569
0.769231 , 0.051282 , 4.470686
0.769231 , 0.076923 , 4.439842
0.769231 , 0.102564 , 4.395473
0.769231 , 0.128205 , 4.335605
0.769231 , 0.153846 , 4.258494
0.769231 , 0.179487 , 4.164160
0.769231 , 0.205128 , 4.050731
0.769231 , 0.230769 , 3.917779
0.769231 , 0.256410 , 3.762419
0.769231 , 0.282051 , 3.585984
0.769231 , 0.307692 , 3.388638
0.769231 , 0.333333 , 3.172964
0.769231 , 0.358974 , 2.940189
0.769231 , 0.384615 , 2.692089
0.769231 , 0.410256 , 2.429308
0.769231 , 0.435897 , 2.155581
0.769231 , 0.461538 , 1.874663
0.769231 , 0.487179 , 1.590005
0.769231 , 0.512821 , 1.303967
0.769231 , 0.538462 , 1.020506
0.769231 , 0.564103 , 0.742992
0.769231 , 0.589744 , 0.475226
0.769231 , 0.615385 , 0.219104
0.769231 , 0.641026 , -0.022713
0.769231 , 0.666667 , -0.249007
0.769231 , 0.692308 , -0.456803
0.769231 , 0.717949 , -0.643461
0.769231 , 0.743590 , -0.809121
0.769231 , 0.769231 , -0.955502
0.769231 , 0.794872 , -1.082719
0.769231 , 0.820513 , -1.190278
0.769231 , 0.846154 , -1.279571
0.769231 , 0.871795 , -1.351938
0.769231 , 0.897436 , -1.408173
0.769231 , 0.923077 , -1.449916
0.769231 , 0.948718 , -1.480632
0.769231 , 0.974359 , -1.499627
0.769231 , 1.000000 , -1.505374
0.794872 , 0.000000 , 4.709625
0.794872 , 0.025641 , 4.704043
0.794872 , 0.051282 , 4.688377
0.794872 , 0.076923 , 4.660247
0.794872 , 0.102564 , 4.618446
0.794872 , 0.128205 , 4.561391
0.794872 , 0.153846 , 4.486483
0.794872 , 0.179487 , 4.391794
0.794872 , 0.205128 , 4.276222
0.794872 , 0.230769 , 4.137419
0.794872 , 0.256410 , 3.972871
0.794872 , 0.282051 , 3.783831
0.794872 , 0.307692 , 3.570998
0.794872 , 0.333333 , 3.336687
0.794872 , 0.358974 , 3.082064
0.794872 , 0.384615 , 2.809573
0.794872 , 0.410256 , 2.520822
0.794872 , 0.435897 , 2.219086
0.794872 , 0.461538 , 1.908076
0.794872 , 0.487179 , 1.592620
0.794872 , 0.512821 , 1.275559
0.794872 , 0.538462 , 0.960850
0.794872 , 0.564103 , 0.653063
0.794872 , 0.589744 , 0.357335
0.794872 , 0.615385 , 0.074877
0.794872 , 0.641026 , -0.191337
0.794872 , 0.666667 , -0.438116
0.794872 , 0.692308 , -0.663180
0.794872 , 0.717949 , -0.864798
0.794872 , 0.743590 , -1.041375
0.794872 , 0.769231 , -1.195443
0.794872 , 0.794872 , -1.327142
0.794872 , 0.820513 , -1.436403
0.794872 , 0.846154 , -1.525548
0.794872 , 0.871795 , -1.596376
0.794872 , 0.897436 , -1.650374
0.794872 , 0.923077 , -1.688881
0.794872 , 0.948718 , -1.716327
0.794872 , 0.974359 , -1.733401
0.794872 , 1.000000 , -1.738690
0.820513 , 0.000000 , 4.935132
0.820513 , 0.025641 , 4.931274
0.820513 , 0.051282 , 4.918545
0.820513 , 0.076923 , 4.895023
0.820513 , 0.102564 , 4.859053
0.820513 , 0.128205 , 4.807172
0.820513 , 0.153846 , 4.735825
0.820513 , 0.179487 , 4.643354
0.820513 , 0.205128 , 4.526298
0.820513 , 0.230769 , 4.382803
0.820513 , 0.256410 , 4.210013
0.820513 , 0.282051 , 4.009003
0.820513 , 0.307692 , 3.780047
0.820513 , 0.333333 , 3.525394
0.820513 , 0.358974 , 3.246481
0.820513 , 0.384615 , 2.946406
0.820513 , 0.410256 , 2.627969
0.820513 , 0.435897 , 2.294502
0.820513 , 0.461538 , 1.949976
0.820513 , 0.487179 , 1.598825
0.820513 , 0.512821 , 1.245843
0.820513 , 0.538462 , 0.895517
0.820513 , 0.564103 , 0.553493
0.820513 , 0.589744 , 0.225217
0.820513 , 0.615385 , -0.086254
0.820513 , 0.641026 , -0.379772
0.820513 , 0.666667 , -0.650667
0.820513 , 0.692308 , -0.894484
0.820513 , 0.717949 , -1.111279
0.820513 , 0.743590 , -1.299232
0.820513 , 0.769231 , -1.460833
0.820513 , 0.794872 , -1.596229
0.820513 , 0.820513 , -1.706116
0.820513 , 0.846154 , -1.793048
0.820513 , 0.871795 , -1.859441
0.820513 , 0.897436 , -1.908391
0.820513 , 0.923077 , -1.941737
0.820513 , 0.948718 , -1.964027
0.820513 , 0.974359 , -1.977621
0.820513 , 1.000000 , -1.981809
0.846154 , 0.000000 , 5.170313
0.846154 , 0.025641 , 5.168376
0.846154 , 0.051282 , 5.161105
0.846154 , 0.076923 , 5.144896
0.846154 , 0.102564 , 5.117244
0.846154 , 0.128205 , 5.072947
0.846154 , 0.153846 , 5.008955
0.846154 , 0.179487 , 4.921043
0.846154 , 0.205128 , 4.804711
0.846154 , 0.230769 , 4.657461
0.846154 , 0.256410 , 4.476722
0.846154 , 0.282051 , 4.263633
0.846154 , 0.307692 , 4.018443
0.846154 , 0.333333 , 3.742262
0.846154 , 0.358974 , 3.436803
0.846154 , 0.384615 , 3.106431
0.846154 , 0.410256 , 2.753943
0.846154 , 0.435897 , 2.383449
0.846154 , 0.461538 , 2.000927
0.846154 , 0.487179 , 1.609412
0.846154 , 0.512821 , 1.215231
0.846154 , 0.538462 , 0.824152
0.846154 , 0.564103 , 0.443026
0.846154 , 0.589744 , 0.077201
0.846154 , 0.615385 , -0.268330
0.846154 , 0.641026 , -0.591659
0.846154 , 0.666667 , -0.888093
0.846154 , 0.692308 , -1.152679
0.846154 , 0.717949 , -1.385590
0.846154 , 0.743590 , -1.586253
0.846154 , 0.769231 , -1.755241
0.846154 , 0.794872 , -1.892986
0.846154 , 0.820513 , -2.001792
0.846154 , 0.846154 , -2.084351
0.846154 , 0.871795 , -2.143023
0.846154 , 0.897436 , -2.182721
0.846154 , 0.923077 , -2.207694
0.846154 , 0.948718 , -2.222652
0.846154 , 0.974359 , -2.230507
0.846154 , 1.000000 , -2.233150
0.871795 , 0.000000 , 5.412840
0.871795 , 0.025641 , 5.413196
0.871795 , 0.051282 , 5.413010
0.871795 , 0.076923 , 5.407929
0.871795 , 0.102564 , 5.392908
0.871795 , 0.128205 , 5.360819
0.871795 , 0.153846 , 5.307782
0.871795 , 0.179487 , 5.226742
0.871795 , 0.205128 , 5.114126
0.871795 , 0.230769 , 4.965613
0.871795 , 0.256410 , 4.779552
0.871795 , 0.282051 , 4.554199
0.871795 , 0.307692 , 4.290246
0.871795 , 0.333333 , 3.990346
0.871795 , 0.358974 , 3.656134
0.871795 , 0.384615 , 3.291329
0.871795 , 0.410256 , 2.900793
0.871795 , 0.435897 , 2.488580
0.871795 , 0.461538 , 2.061217
0.871795 , 0.487179 , 1.623815
0.871795 , 0.512821 , 1.182738
0.871795 , 0.538462 , 0.745762
0.871795 , 0.564103 , 0.320078
0.871795 , 0.589744 , -0.088741
0.871795 , 0.615385 , -0.473633
0.871795 , 0.641026 , -0.830486
0.871795 , 0.666667 , -1.154586
0.871795 , 0.692308 , -1.442724
0.871795 , 0.717949 , -1.693145
0.871795 , 0.743590 , -1.906423
0.871795 , 0.769231 , -2.081882
0.871795 , 0.794872 , -2.220466
0.871795 , 0.820513 , -2.325661
0.871795 , 0.846154 , -2.400168
0.871795 , 0.871795 , -2.447709
0.871795 , 0.897436 , -2.473899
0.871795 , 0.923077 , -2.485879
0.871795 , 0.948718 , -2.489819
0.871795 , 0.974359 , -2.489843
0.871795 , 1.000000 , -2.489606
0.897436 , 0.000000 , 5.656253
0.897436 , 0.025641 , 5.660570
0.897436 , 0.051282 , 5.671594
0.897436 , 0.076923 , 5.682985
0.897436 , 0.102564 , 5.686226
0.897436 , 0.128205 , 5.673690
0.897436 , 0.153846 , 5.636632
0.897436 , 0.179487 , 5.567533
0.897436 , 0.205128 , 5.462352
0.897436 , 0.230769 , 5.315272
0.897436 , 0.256410 , 5.123114
0.897436 , 0.282051 , 4.886069
0.897436 , 0.307692 , 4.602911
0.897436 , 0.333333 , 4.276929
0.897436 , 0.358974 , 3.910190
0.897436 , 0.384615 , 3.506835
0.897436 , 0.410256 , 3.072047
0.897436 , 0.435897 , 2.612056
0.897436 , 0.461538 , 2.132670
0.897436 , 0.487179 , 1.642459
0.897436 , 0.512821 , 1.148567
0.897436 , 0.538462 , 0.658992
0.897436 , 0.564103 , 0.182891
0.897436 , 0.589744 , -0.273532
0.897436 , 0.615385 , -0.703717
0.897436 , 0.641026 , -1.099123
0.897436 , 0.666667 , -1.455813
0.897436 , 0.692308 , -1.769894
0.897436 , 0.717949 , -2.040734
0.897436 , 0.743590 , -2.266986
0.897436 , 0.769231 , -2.447726
0.897436 , 0.794872 , -2.584372
0.897436 , 0.820513 , -2.681398
0.897436 , 0.846154 , -2.742569
0.897436 , 0.871795 , -2.772862
0.897436 , 0.897436 , -2.780485
0.897436 , 0.923077 , -2.774359
0.897436 , 0.948718 , -2.762165
0.897436 , 0.974359 , -2.750705
0.897436 , 1.000000 , -2.745645
0.923077 , 0.000000 , 5.894025
0.923077 , 0.025641 , 5.904764
0.923077 , 0.051282 , 5.932736
0.923077 , 0.076923 , 5.967107
0.923077 , 0.102564 , 5.997213
0.923077 , 0.128205 , 6.011063
0.923077 , 0.153846 , 5.997913
0.923077 , 0.179487 , 5.947749
0.923077 , 0.205128 , 5.854127
0.923077 , 0.230769 , 5.711442
0.923077 , 0.256410 , 5.515602
0.923077 , 0.282051 , 5.265815
0.923077 , 0.307692 , 4.962782
0.923077 , 0.333333 , 4.608740
0.923077 , 0.358974 , 4.204845
0.923077 , 0.384615 , 3.757310
0.923077 , 0.410256 , 3.272093
0.923077 , 0.435897 , 2.756397
0.923077 , 0.461538 , 2.218482
0.923077 , 0.487179 , 1.666969
0.923077 , 0.512821 , 1.112021
0.923077 , 0.538462 , 0.562361
0.923077 , 0.564103 , 0.028150
0.923077 , 0.589744 , -0.483084
0.923077 , 0.615385 , -0.963916
0.923077 , 0.641026 , -1.404033
0.923077 , 0.666667 , -1.798057
0.923077 , 0.692308 , -2.142125
0.923077 , 0.717949 , -2.434029
0.923077 , 0.743590 , -2.673337
0.923077 , 0.769231 , -2.857881
0.923077 , 0.794872 , -2.989565
0.923077 , 0.820513 , -3.073669
0.923077 , 0.846154 , -3.115132
0.923077 , 0.871795 , -3.122296
0.923077 , 0.897436 , -3.103621
0.923077 , 0.923077 , -3.070646
0.923077 , 0.948718 , -3.034709
0.923077 , 0.974359 , -3.007242
0.923077 , 1.000000 , -2.996006
0.948718 , 0.000000 , 6.114495
0.948718 , 0.025641 , 6.135486
0.948718 , 0.051282 , 6.189115
0.948718 , 0.076923 , 6.258875
0.948718 , 0.102564 , 6.327013
0.948718 , 0.128205 , 6.377840
0.948718 , 0.153846 , 6.396787
0.948718 , 0.179487 , 6.373148
0.948718 , 0.205128 , 6.297177
0.948718 , 0.230769 , 6.163303
0.948718 , 0.256410 , 5.965816
0.948718 , 0.282051 , 5.703587
0.948718 , 0.307692 , 5.378405
0.948718 , 0.333333 , 4.991643
0.948718 , 0.358974 , 4.546474
0.948718 , 0.384615 , 4.048163
0.948718 , 0.410256 , 3.504866
0.948718 , 0.435897 , 2.925797
0.948718 , 0.461538 , 2.320216
0.948718 , 0.487179 , 1.698415
0.948718 , 0.512821 , 1.072252
0.948718 , 0.538462 , 0.452258
0.948718 , 0.564103 , -0.149035
0.948718 , 0.589744 , -0.723104
0.948718 , 0.615385 , -1.260680
0.948718 , 0.641026 , -1.751887
0.948718 , 0.666667 , -2.188361
0.948718 , 0.692308 , -2.565829
0.948718 , 0.717949 , -2.880892
0.948718 , 0.743590 , -3.131763
0.948718 , 0.769231 , -3.317767
0.948718 , 0.794872 , -3.441394
0.948718 , 0.820513 , -3.508232
0.948718 , 0.846154 , -3.523663
0.948718 , 0.871795 , -3.497891
0.948718 , 0.897436 , -3.442725
0.948718 , 0.923077 , -3.371736
0.948718 , 0.948718 , -3.300563
0.948718 , 0.974359 , -3.246766
0.948718 , 1.000000 , -3.226400
0.974359 , 0.000000 , 6.297992
0.974359 , 0.025641 , 6.336507
0.974359 , 0.051282 , 6.431704
0.974359 , 0.076923 , 6.553905
0.974359 , 0.102564 , 6.676209
0.974359 , 0.128205 , 6.778044
0.974359 , 0.153846 , 6.841131
0.974359 , 0.179487 , 6.852194
0.974359 , 0.205128 , 6.800550
0.974359 , 0.230769 , 6.678580
0.974359 , 0.256410 , 6.482050
0.974359 , 0.282051 , 6.208192
0.974359 , 0.307692 , 5.858356
0.974359 , 0.333333 , 5.434563
0.974359 , 0.358974 , 4.941660
0.974359 , 0.384615 , 4.386011
0.974359 , 0.410256 , 3.776747
0.974359 , 0.435897 , 3.124295
0.974359 , 0.461538 , 2.440263
0.974359 , 0.487179 , 1.737105
0.974359 , 0.512821 , 1.028507
0.974359 , 0.538462 , 0.327392
0.974359 , 0.564103 , -0.353284
0.974359 , 0.589744 , -1.000671
0.974359 , 0.615385 , -1.603787
0.974359 , 0.641026 , -2.152037
0.974359 , 0.666667 , -2.636487
0.974359 , 0.692308 , -3.050612
0.974359 , 0.717949 , -3.390455
0.974359 , 0.743590 , -3.653347
0.974359 , 0.769231 , -3.838957
0.974359 , 0.794872 , -3.950253
0.974359 , 0.820513 , -3.992439
0.974359 , 0.846154 , -3.973021
0.974359 , 0.871795 , -3.903408
0.974359 , 0.897436 , -3.797452
0.974359 , 0.923077 , -3.672393
0.974359 , 0.948718 , -3.548919
0.974359 , 0.974359 , -3.453125
0.974359 , 1.000000 , -3.414411
1.000000 , 0.000000 , 6.407961
1.000000 , 0.025641 , 6.483664
1.000000 , 0.051282 , 6.650284
1.000000 , 0.076923 , 6.850168
1.000000 , 0.102564 , 7.047705
1.000000 , 0.128205 , 7.217086
1.000000 , 0.153846 , 7.338480
1.000000 , 0.179487 , 7.394680
1.000000 , 0.205128 , 7.375145
1.000000 , 0.230769 , 7.270918
1.000000 , 0.256410 , 7.077195
1.000000 , 0.282051 , 6.791542
1.000000 , 0.307692 , 6.414241
1.000000 , 0.333333 , 5.948757
1.000000 , 0.358974 , 5.400947
1.000000 , 0.384615 , 4.778584
1.000000 , 0.410256 , 4.093466
1.000000 , 0.435897 , 3.357338
1.000000 , 0.461538 , 2.581872
1.000000 , 0.487179 , 1.784617
1.000000 , 0.512821 , 0.980401
1.000000 , 0.538462 , 0.184914
1.000000 , 0.564103 , -0.586590
1.000000 , 0.589744 , -1.319480
1.000000 , 0.615385 , -1.998786
1.000000 , 0.641026 , -2.613307
1.000000 , 0.666667 , -3.152332
1.000000 , 0.692308 , -3.608252
1.000000 , 0.717949 , -3.975526
1.000000 , 0.743590 , -4.250511
1.000000 , 0.769231 , -4.433455
1.000000 , 0.794872 , -4.527097
1.000000 , 0.820513 , -4.536890
1.000000 , 0.846154 , -4.471973
1.000000 , 0.871795 , -4.344434
1.000000 , 0.897436 , -4.170882
1.000000 , 0.923077 , -3.970807
1.000000 , 0.948718 , -3.769772
1.000000 , 0.974359 , -3.601977
1.000000 , 1.000000 , -3.525725
