0.000000 , 0.000000 , -3.377311
0.000000 , 0.025641 , -3.377311
0.000000 , 0.051282 , -3.377311
0.000000 , 0.076923 , -3.377311
0.000000 , 0.102564 , -3.377311
0.000000 , 0.128205 , -3.377311
0.000000 , 0.153846 , -3.377311
0.000000 , 0.179487 , -3.377311
0.000000 , 0.205128 , -3.377311
0.000000 , 0.230769 , -3.377311
0.000000 , 0.256410 , -3.377311
0.000000 , 0.282051 , -3.377311
0.000000 , 0.307692 , -3.377311
0.000000 , 0.333333 , -3.377311
0.000000 , 0.358974 , -3.377311
0.000000 , 0.384615 , -3.377311
0.000000 , 0.410256 , -3.377311
0.000000 , 0.435897 , -3.377311
0.000000 , 0.461538 , -3.377311
0.000000 , 0.487179 , -3.377311
0.000000 , 0.512821 , -3.377311
0.000000 , 0.538462 , -3.377311
0.000000 , 0.564103 , -3.377311
0.000000 , 0.589744 , -3.377311
0.000000 , 0.615385 , -3.377311
0.000000 , 0.641026 , -3.377311
0.000000 , 0.666667 , -3.377311
0.000000 , 0.692308 , -3.377311
0.000000 , 0.717949 , -3.377311
0.000000 , 0.743590 , -3.377311
0.000000 , 0.769231 , -3.377311
0.000000 , 0.794872 , -3.377311
0.000000 , 0.820513 , -3.377311
0.000000 , 0.846154 , -3.377311
0.000000 , 0.871795 , -3.377311
0.000000 , 0.897436 , -3.377311
0.000000 , 0.923077 , -3.377311
0.000000 , 0.948718 , -3.377311
0.000000 , 0.974359 , -3.377311
0.000000 , 1.000000 , -3.377311
0.025641 , 0.000000 , -3.197241
0.025641 , 0.025641 , -3.197823
0.025641 , 0.051282 , -3.197712
0.025641 , 0.076923 , -3.197279
0.025641 , 0.102564 , -3.197452
0.025641 , 0.128205 , -3.198218
0.025641 , 0.153846 , -3.199714
0.025641 , 0.179487 , -3.202219
0.025641 , 0.205128 , -3.205604
0.025641 , 0.230769 , -3.208655
0.025641 , 0.256410 , -3.211859
0.025641 , 0.282051 , -3.215699
0.025641 , 0.307692 , -3.220131
0.025641 , 0.333333 , -3.225428
0.025641 , 0.358974 , -3.229923
0.025641 , 0.384615 , -3.235132
0.025641 , 0.410256 , -3.241315
0.025641 , 0.435897 , -3.247177
0.025641 , 0.461538 , -3.252780
0.025641 , 0.487179 , -3.259778
0.025641 , 0.512821 , -3.266098
0.025641 , 0.538462 , -3.271494
0.025641 , 0.564103 , -3.276237
0.025641 , 0.589744 , -3.281868
0.025641 , 0.615385 , -3.286859
0.025641 , 0.641026 , -3.291355
0.025641 , 0.666667 , -3.295788
0.025641 , 0.692308 , -3.300234
0.025641 , 0.717949 , -3.304155
0.025641 , 0.743590 , -3.307736
0.025641 , 0.769231 , -3.310891
0.025641 , 0.794872 , -3.314263
0.025641 , 0.820513 , -3.317055
0.025641 , 0.846154 , -3.319533
0.025641 , 0.871795 , -3.320800
0.025641 , 0.897436 , -3.322468
0.025641 , 0.923077 , -3.323996
0.025641 , 0.948718 , -3.324221
0.025641 , 0.974359 , -3.324538
0.025641 , 1.000000 , -3.325081
0.051282 , 0.000000 , -3.012165
0.051282 , 0.025641 , -3.012411
0.051282 , 0.051282 , -3.012131
0.051282 , 0.076923 , -3.011661
0.051282 , 0.102564 , -3.012332
0.051282 , 0.128205 , -3.014292
0.051282 , 0.153846 , -3.016999
0.051282 , 0.179487 , -3.021040
0.051282 , 0.205128 , -3.026500
0.051282 , 0.230769 , -3.033622
0.051282 , 0.256410 , -3.040191
0.051282 , 0.282051 , -3.047665
0.051282 , 0.307692 , -3.056524
0.051282 , 0.333333 , -3.066406
0.051282 , 0.358974 , -3.076408
0.051282 , 0.384615 , -3.087175
0.051282 , 0.410256 , -3.098772
0.051282 , 0.435897 , -3.110681
0.051282 , 0.461538 , -3.122505
0.051282 , 0.487179 , -3.134911
0.051282 , 0.512821 , -3.146805
0.051282 , 0.538462 , -3.157745
0.051282 , 0.564103 , -3.168308
0.051282 , 0.589744 , -3.179116
0.051282 , 0.615385 , -3.189049
0.051282 , 0.641026 , -3.197963
0.051282 , 0.666667 , -3.206921
0.051282 , 0.692308 , -3.214928
0.051282 , 0.717949 , -3.223203
0.051282 , 0.743590 , -3.230850
0.051282 , 0.769231 , -3.238005
0.051282 , 0.794872 , -3.243882
0.051282 , 0.820513 , -3.249837
0.051282 , 0.846154 , -3.254562
0.051282 , 0.871795 , -3.257530
0.051282 , 0.897436 , -3.260122
0.051282 , 0.923077 , -3.262801
0.051282 , 0.948718 , -3.263915
0.051282 , 0.974359 , -3.264808
0.051282 , 1.000000 , -3.265239
0.076923 , 0.000000 , -2.822053
0.076923 , 0.025641 , -2.822215
0.076923 , 0.051282 , -2.822055
0.076923 , 0.076923 , -2.821645
0.076923 , 0.102564 , -2.822698
0.076923 , 0.128205 , -2.825472
0.076923 , 0.153846 , -2.829742
0.076923 , 0.179487 , -2.835679
0.076923 , 0.205128 , -2.843024
0.076923 , 0.230769 , -2.852294
0.076923 , 0.256410 , -2.863078
0.076923 , 0.282051 , -2.874829
0.076923 , 0.307692 , -2.888556
0.076923 , 0.333333 , -2.902154
0.076923 , 0.358974 , -2.916839
0.076923 , 0.384615 , -2.933471
0.076923 , 0.410256 , -2.950901
0.076923 , 0.435897 , -2.968596
0.076923 , 0.461538 , -2.985850
0.076923 , 0.487179 , -3.003526
0.076923 , 0.512821 , -3.021213
0.076923 , 0.538462 , -3.037972
0.076923 , 0.564103 , -3.054112
0.076923 , 0.589744 , -3.070382
0.076923 , 0.615385 , -3.085885
0.076923 , 0.641026 , -3.099420
0.076923 , 0.666667 , -3.112138
0.076923 , 0.692308 , -3.125099
0.076923 , 0.717949 , -3.137017
0.076923 , 0.743590 , -3.148363
0.076923 , 0.769231 , -3.158783
0.076923 , 0.794872 , -3.167511
0.076923 , 0.820513 , -3.175639
0.076923 , 0.846154 , -3.182056
0.076923 , 0.871795 , -3.186986
0.076923 , 0.897436 , -3.191510
0.076923 , 0.923077 , -3.195458
0.076923 , 0.948718 , -3.197620
0.076923 , 0.974359 , -3.199178
0.076923 , 1.000000 , -3.200027
0.102564 , 0.000000 , -2.628131
0.102564 , 0.025641 , -2.628139
0.102564 , 0.051282 , -2.628268
0.102564 , 0.076923 , -2.628069
0.102564 , 0.102564 , -2.629649
0.102564 , 0.128205 , -2.632964
0.102564 , 0.153846 , -2.638516
0.102564 , 0.179487 , -2.645801
0.102564 , 0.205128 , -2.655223
0.102564 , 0.230769 , -2.667004
0.102564 , 0.256410 , -2.681499
0.102564 , 0.282051 , -2.697517
0.102564 , 0.307692 , -2.715492
0.102564 , 0.333333 , -2.733245
0.102564 , 0.358974 , -2.752574
0.102564 , 0.384615 , -2.774383
0.102564 , 0.410256 , -2.797694
0.102564 , 0.435897 , -2.821508
0.102564 , 0.461538 , -2.844908
0.102564 , 0.487179 , -2.867889
0.102564 , 0.512821 , -2.890651
0.102564 , 0.538462 , -2.912903
0.102564 , 0.564103 , -2.933874
0.102564 , 0.589744 , -2.955486
0.102564 , 0.615385 , -2.976537
0.102564 , 0.641026 , -2.995243
0.102564 , 0.666667 , -3.013141
0.102564 , 0.692308 , -3.029885
0.102564 , 0.717949 , -3.046279
0.102564 , 0.743590 , -3.061155
0.102564 , 0.769231 , -3.074181
0.102564 , 0.794872 , -3.085296
0.102564 , 0.820513 , -3.095558
0.102564 , 0.846154 , -3.104946
0.102564 , 0.871795 , -3.111919
0.102564 , 0.897436 , -3.118411
0.102564 , 0.923077 , -3.123426
0.102564 , 0.948718 , -3.126568
0.102564 , 0.974359 , -3.127620
0.102564 , 1.000000 , -3.128987
0.128205 , 0.000000 , -2.429621
0.128205 , 0.025641 , -2.430262
0.128205 , 0.051282 , -2.431027
0.128205 , 0.076923 , -2.432012
0.128205 , 0.102564 , -2.434340
0.128205 , 0.128205 , -2.438152
0.128205 , 0.153846 , -2.444372
0.128205 , 0.179487 , -2.453199
0.128205 , 0.205128 , -2.464357
0.128205 , 0.230769 , -2.478816
0.128205 , 0.256410 , -2.496373
0.128205 , 0.282051 , -2.516116
0.128205 , 0.307692 , -2.538104
0.128205 , 0.333333 , -2.560439
0.128205 , 0.358974 , -2.584478
0.128205 , 0.384615 , -2.611368
0.128205 , 0.410256 , -2.640406
0.128205 , 0.435897 , -2.669670
0.128205 , 0.461538 , -2.699263
0.128205 , 0.487179 , -2.727698
0.128205 , 0.512821 , -2.755519
0.128205 , 0.538462 , -2.783709
0.128205 , 0.564103 , -2.810325
0.128205 , 0.589744 , -2.837124
0.128205 , 0.615385 , -2.863240
0.128205 , 0.641026 , -2.886856
0.128205 , 0.666667 , -2.908757
0.128205 , 0.692308 , -2.930387
0.128205 , 0.717949 , -2.950903
0.128205 , 0.743590 , -2.968670
0.128205 , 0.769231 , -2.985100
0.128205 , 0.794872 , -2.999045
0.128205 , 0.820513 , -3.011471
0.128205 , 0.846154 , -3.024015
0.128205 , 0.871795 , -3.033127
0.128205 , 0.897436 , -3.041322
0.128205 , 0.923077 , -3.048120
0.128205 , 0.948718 , -3.051990
0.128205 , 0.974359 , -3.052756
0.128205 , 1.000000 , -3.052939
0.153846 , 0.000000 , -2.229070
0.153846 , 0.025641 , -2.229412
0.153846 , 0.051282 , -2.230793
0.153846 , 0.076923 , -2.233009
0.153846 , 0.102564 , -2.236696
0.153846 , 0.128205 , -2.241771
0.153846 , 0.153846 , -2.248817
0.153846 , 0.179487 , -2.258641
0.153846 , 0.205128 , -2.272239
0.153846 , 0.230769 , -2.289167
0.153846 , 0.256410 , -2.309819
0.153846 , 0.282051 , -2.333071
0.153846 , 0.307692 , -2.358983
0.153846 , 0.333333 , -2.386398
0.153846 , 0.358974 , -2.414767
0.153846 , 0.384615 , -2.445784
0.153846 , 0.410256 , -2.479779
0.153846 , 0.435897 , -2.514299
0.153846 , 0.461538 , -2.549487
0.153846 , 0.487179 , -2.583593
0.153846 , 0.512821 , -2.617419
0.153846 , 0.538462 , -2.651309
0.153846 , 0.564103 , -2.683518
0.153846 , 0.589744 , -2.715194
0.153846 , 0.615385 , -2.746009
0.153846 , 0.641026 , -2.774493
0.153846 , 0.666667 , -2.801187
0.153846 , 0.692308 , -2.826907
0.153846 , 0.717949 , -2.851532
0.153846 , 0.743590 , -2.873181
0.153846 , 0.769231 , -2.892407
0.153846 , 0.794872 , -2.909911
0.153846 , 0.820513 , -2.925205
0.153846 , 0.846154 , -2.939575
0.153846 , 0.871795 , -2.951568
0.153846 , 0.897436 , -2.960825
0.153846 , 0.923077 , -2.968211
0.153846 , 0.948718 , -2.973418
0.153846 , 0.974359 , -2.975153
0.153846 , 1.000000 , -2.975652
0.179487 , 0.000000 , -2.026708
0.179487 , 0.025641 , -2.027689
0.179487 , 0.051282 , -2.029251
0.179487 , 0.076923 , -2.032347
0.179487 , 0.102564 , -2.036908
0.179487 , 0.128205 , -2.043636
0.179487 , 0.153846 , -2.052347
0.179487 , 0.179487 , -2.063691
0.179487 , 0.205128 , -2.079520
0.179487 , 0.230769 , -2.099139
0.179487 , 0.256410 , -2.122389
0.179487 , 0.282051 , -2.149047
0.179487 , 0.307692 , -2.178671
0.179487 , 0.333333 , -2.210488
0.179487 , 0.358974 , -2.243546
0.179487 , 0.384615 , -2.279310
0.179487 , 0.410256 , -2.317673
0.179487 , 0.435897 , -2.357617
0.179487 , 0.461538 , -2.398441
0.179487 , 0.487179 , -2.437845
0.179487 , 0.512821 , -2.477308
0.179487 , 0.538462 , -2.516560
0.179487 , 0.564103 , -2.554220
0.179487 , 0.589744 , -2.590470
0.179487 , 0.615385 , -2.625993
0.179487 , 0.641026 , -2.659343
0.179487 , 0.666667 , -2.691496
0.179487 , 0.692308 , -2.721771
0.179487 , 0.717949 , -2.750777
0.179487 , 0.743590 , -2.776566
0.179487 , 0.769231 , -2.799622
0.179487 , 0.794872 , -2.819180
0.179487 , 0.820513 , -2.837474
0.179487 , 0.846154 , -2.853769
0.179487 , 0.871795 , -2.867484
0.179487 , 0.897436 , -2.878540
0.179487 , 0.923077 , -2.886892
0.179487 , 0.948718 , -2.892274
0.179487 , 0.974359 , -2.895288
0.179487 , 1.000000 , -2.895939
0.205128 , 0.000000 , -1.823317
0.205128 , 0.025641 , -1.824150
0.205128 , 0.051282 , -1.826075
0.205128 , 0.076923 , -1.829838
0.205128 , 0.102564 , -1.835795
0.205128 , 0.128205 , -1.844093
0.205128 , 0.153846 , -1.854779
0.205128 , 0.179487 , -1.868661
0.205128 , 0.205128 , -1.887224
0.205128 , 0.230769 , -1.909498
0.205128 , 0.256410 , -1.935631
0.205128 , 0.282051 , -1.964962
0.205128 , 0.307692 , -1.997376
0.205128 , 0.333333 , -2.033382
0.205128 , 0.358974 , -2.071088
0.205128 , 0.384615 , -2.111954
0.205128 , 0.410256 , -2.155134
0.205128 , 0.435897 , -2.199322
0.205128 , 0.461538 , -2.244851
0.205128 , 0.487179 , -2.290262
0.205128 , 0.512821 , -2.335339
0.205128 , 0.538462 , -2.379699
0.205128 , 0.564103 , -2.422817
0.205128 , 0.589744 , -2.464836
0.205128 , 0.615385 , -2.505452
0.205128 , 0.641026 , -2.543897
0.205128 , 0.666667 , -2.580482
0.205128 , 0.692308 , -2.615487
0.205128 , 0.717949 , -2.649354
0.205128 , 0.743590 , -2.679702
0.205128 , 0.769231 , -2.705458
0.205128 , 0.794872 , -2.727592
0.205128 , 0.820513 , -2.748783
0.205128 , 0.846154 , -2.767246
0.205128 , 0.871795 , -2.783609
0.205128 , 0.897436 , -2.796060
0.205128 , 0.923077 , -2.806119
0.205128 , 0.948718 , -2.812253
0.205128 , 0.974359 , -2.815676
0.205128 , 1.000000 , -2.816658
0.230769 , 0.000000 , -1.618715
0.230769 , 0.025641 , -1.618833
0.230769 , 0.051282 , -1.620988
0.230769 , 0.076923 , -1.625533
0.230769 , 0.102564 , -1.633001
0.230769 , 0.128205 , -1.643578
0.230769 , 0.153846 , -1.655886
0.230769 , 0.179487 , -1.672445
0.230769 , 0.205128 , -1.693813
0.230769 , 0.230769 , -1.718664
0.230769 , 0.256410 , -1.747885
0.230769 , 0.282051 , -1.780811
0.230769 , 0.307692 , -1.816640
0.230769 , 0.333333 , -1.856230
0.230769 , 0.358974 , -1.898293
0.230769 , 0.384615 , -1.943079
0.230769 , 0.410256 , -1.991358
0.230769 , 0.435897 , -2.040794
0.230769 , 0.461538 , -2.091093
0.230769 , 0.487179 , -2.142118
0.230769 , 0.512821 , -2.193040
0.230769 , 0.538462 , -2.242702
0.230769 , 0.564103 , -2.291282
0.230769 , 0.589744 , -2.338925
0.230769 , 0.615385 , -2.384633
0.230769 , 0.641026 , -2.427653
0.230769 , 0.666667 , -2.468855
0.230769 , 0.692308 , -2.508431
0.230769 , 0.717949 , -2.547011
0.230769 , 0.743590 , -2.582015
0.230769 , 0.769231 , -2.611347
0.230769 , 0.794872 , -2.635889
0.230769 , 0.820513 , -2.658842
0.230769 , 0.846154 , -2.679561
0.230769 , 0.871795 , -2.697588
0.230769 , 0.897436 , -2.712407
0.230769 , 0.923077 , -2.724189
0.230769 , 0.948718 , -2.732075
0.230769 , 0.974359 , -2.736749
0.230769 , 1.000000 , -2.737845
0.256410 , 0.000000 , -1.412294
0.256410 , 0.025641 , -1.412493
0.256410 , 0.051282 , -1.414509
0.256410 , 0.076923 , -1.420531
0.256410 , 0.102564 , -1.429394
0.256410 , 0.128205 , -1.442312
0.256410 , 0.153846 , -1.457238
0.256410 , 0.179487 , -1.475718
0.256410 , 0.205128 , -1.499353
0.256410 , 0.230769 , -1.527560
0.256410 , 0.256410 , -1.560064
0.256410 , 0.282051 , -1.596847
0.256410 , 0.307692 , -1.636426
0.256410 , 0.333333 , -1.679797
0.256410 , 0.358974 , -1.726158
0.256410 , 0.384615 , -1.775628
0.256410 , 0.410256 , -1.827992
0.256410 , 0.435897 , -1.882003
0.256410 , 0.461538 , -1.937185
0.256410 , 0.487179 , -1.993713
0.256410 , 0.512821 , -2.050206
0.256410 , 0.538462 , -2.105496
0.256410 , 0.564103 , -2.159493
0.256410 , 0.589744 , -2.211959
0.256410 , 0.615385 , -2.262814
0.256410 , 0.641026 , -2.310922
0.256410 , 0.666667 , -2.356899
0.256410 , 0.692308 , -2.401206
0.256410 , 0.717949 , -2.443511
0.256410 , 0.743590 , -2.482124
0.256410 , 0.769231 , -2.515271
0.256410 , 0.794872 , -2.544348
0.256410 , 0.820513 , -2.569922
0.256410 , 0.846154 , -2.592393
0.256410 , 0.871795 , -2.612427
0.256410 , 0.897436 , -2.629207
0.256410 , 0.923077 , -2.642307
0.256410 , 0.948718 , -2.651583
0.256410 , 0.974359 , -2.657175
0.256410 , 1.000000 , -2.659118
0.282051 , 0.000000 , -1.203873
0.282051 , 0.025641 , -1.205005
0.282051 , 0.051282 , -1.208193
0.282051 , 0.076923 , -1.215363
0.282051 , 0.102564 , -1.226259
0.282051 , 0.128205 , -1.241285
0.282051 , 0.153846 , -1.258859
0.282051 , 0.179487 , -1.279823
0.282051 , 0.205128 , -1.305744
0.282051 , 0.230769 , -1.336700
0.282051 , 0.256410 , -1.373060
0.282051 , 0.282051 , -1.413648
0.282051 , 0.307692 , -1.457776
0.282051 , 0.333333 , -1.505341
0.282051 , 0.358974 , -1.555495
0.282051 , 0.384615 , -1.609551
0.282051 , 0.410256 , -1.666823
0.282051 , 0.435897 , -1.724648
0.282051 , 0.461538 , -1.785024
0.282051 , 0.487179 , -1.846355
0.282051 , 0.512821 , -1.907356
0.282051 , 0.538462 , -1.967908
0.282051 , 0.564103 , -2.027523
0.282051 , 0.589744 , -2.085453
0.282051 , 0.615385 , -2.141546
0.282051 , 0.641026 , -2.195068
0.282051 , 0.666667 , -2.246177
0.282051 , 0.692308 , -2.294893
0.282051 , 0.717949 , -2.340617
0.282051 , 0.743590 , -2.382809
0.282051 , 0.769231 , -2.419718
0.282051 , 0.794872 , -2.453733
0.282051 , 0.820513 , -2.483609
0.282051 , 0.846154 , -2.508590
0.282051 , 0.871795 , -2.530820
0.282051 , 0.897436 , -2.548689
0.282051 , 0.923077 , -2.562636
0.282051 , 0.948718 , -2.572947
0.282051 , 0.974359 , -2.579733
0.282051 , 1.000000 , -2.581631
0.307692 , 0.000000 , -0.995231
0.307692 , 0.025641 , -0.996895
0.307692 , 0.051282 , -1.001138
0.307692 , 0.076923 , -1.009882
0.307692 , 0.102564 , -1.023130
0.307692 , 0.128205 , -1.041066
0.307692 , 0.153846 , -1.061263
0.307692 , 0.179487 , -1.084523
0.307692 , 0.205128 , -1.113136
0.307692 , 0.230769 , -1.146820
0.307692 , 0.256410 , -1.186473
0.307692 , 0.282051 , -1.231426
0.307692 , 0.307692 , -1.279505
0.307692 , 0.333333 , -1.331386
0.307692 , 0.358974 , -1.386116
0.307692 , 0.384615 , -1.444117
0.307692 , 0.410256 , -1.505937
0.307692 , 0.435897 , -1.568712
0.307692 , 0.461538 , -1.633549
0.307692 , 0.487179 , -1.699884
0.307692 , 0.512821 , -1.765399
0.307692 , 0.538462 , -1.831110
0.307692 , 0.564103 , -1.895963
0.307692 , 0.589744 , -1.959680
0.307692 , 0.615385 , -2.021303
0.307692 , 0.641026 , -2.080443
0.307692 , 0.666667 , -2.136394
0.307692 , 0.692308 , -2.189286
0.307692 , 0.717949 , -2.239062
0.307692 , 0.743590 , -2.285073
0.307692 , 0.769231 , -2.325672
0.307692 , 0.794872 , -2.364030
0.307692 , 0.820513 , -2.398477
0.307692 , 0.846154 , -2.427221
0.307692 , 0.871795 , -2.451707
0.307692 , 0.897436 , -2.471353
0.307692 , 0.923077 , -2.486830
0.307692 , 0.948718 , -2.498115
0.307692 , 0.974359 , -2.505017
0.307692 , 1.000000 , -2.507089
0.333333 , 0.000000 , -0.786664
0.333333 , 0.025641 , -0.788398
0.333333 , 0.051282 , -0.793494
0.333333 , 0.076923 , -0.803481
0.333333 , 0.102564 , -0.818936
0.333333 , 0.128205 , -0.839498
0.333333 , 0.153846 , -0.862365
0.333333 , 0.179487 , -0.888211
0.333333 , 0.205128 , -0.920478
0.333333 , 0.230769 , -0.958545
0.333333 , 0.256410 , -1.001355
0.333333 , 0.282051 , -1.049885
0.333333 , 0.307692 , -1.102704
0.333333 , 0.333333 , -1.158425
0.333333 , 0.358974 , -1.217915
0.333333 , 0.384615 , -1.280574
0.333333 , 0.410256 , -1.346551
0.333333 , 0.435897 , -1.414500
0.333333 , 0.461538 , -1.483931
0.333333 , 0.487179 , -1.554879
0.333333 , 0.512821 , -1.626053
0.333333 , 0.538462 , -1.697147
0.333333 , 0.564103 , -1.767290
0.333333 , 0.589744 , -1.836353
0.333333 , 0.615385 , -1.903274
0.333333 , 0.641026 , -1.966956
0.333333 , 0.666667 , -2.028385
0.333333 , 0.692308 , -2.086387
0.333333 , 0.717949 , -2.140737
0.333333 , 0.743590 , -2.191338
0.333333 , 0.769231 , -2.236508
0.333333 , 0.794872 , -2.279002
0.333333 , 0.820513 , -2.316908
0.333333 , 0.846154 , -2.349082
0.333333 , 0.871795 , -2.375534
0.333333 , 0.897436 , -2.397293
0.333333 , 0.923077 , -2.414439
0.333333 , 0.948718 , -2.427276
0.333333 , 0.974359 , -2.434240
0.333333 , 1.000000 , -2.436393
0.358974 , 0.000000 , -0.576269
0.358974 , 0.025641 , -0.578374
0.358974 , 0.051282 , -0.584873
0.358974 , 0.076923 , -0.596160
0.358974 , 0.102564 , -0.613530
0.358974 , 0.128205 , -0.635842
0.358974 , 0.153846 , -0.661229
0.358974 , 0.179487 , -0.690932
0.358974 , 0.205128 , -0.727278
0.358974 , 0.230769 , -0.770273
0.358974 , 0.256410 , -0.818013
0.358974 , 0.282051 , -0.869693
0.358974 , 0.307692 , -0.926397
0.358974 , 0.333333 , -0.986655
0.358974 , 0.358974 , -1.050286
0.358974 , 0.384615 , -1.117983
0.358974 , 0.410256 , -1.188727
0.358974 , 0.435897 , -1.262168
0.358974 , 0.461538 , -1.336762
0.358974 , 0.487179 , -1.412669
0.358974 , 0.512821 , -1.489644
0.358974 , 0.538462 , -1.565853
0.358974 , 0.564103 , -1.641172
0.358974 , 0.589744 , -1.715461
0.358974 , 0.615385 , -1.787487
0.358974 , 0.641026 , -1.856023
0.358974 , 0.666667 , -1.922640
0.358974 , 0.692308 , -1.985996
0.358974 , 0.717949 , -2.045089
0.358974 , 0.743590 , -2.100599
0.358974 , 0.769231 , -2.151140
0.358974 , 0.794872 , -2.197418
0.358974 , 0.820513 , -2.239330
0.358974 , 0.846154 , -2.275314
0.358974 , 0.871795 , -2.304674
0.358974 , 0.897436 , -2.328260
0.358974 , 0.923077 , -2.347276
0.358974 , 0.948718 , -2.361262
0.358974 , 0.974359 , -2.368730
0.358974 , 1.000000 , -2.371479
0.384615 , 0.000000 , -0.365047
0.384615 , 0.025641 , -0.367847
0.384615 , 0.051282 , -0.375191
0.384615 , 0.076923 , -0.387854
0.384615 , 0.102564 , -0.407106
0.384615 , 0.128205 , -0.431421
0.384615 , 0.153846 , -0.460018
0.384615 , 0.179487 , -0.493996
0.384615 , 0.205128 , -0.534766
0.384615 , 0.230769 , -0.581454
0.384615 , 0.256410 , -0.633386
0.384615 , 0.282051 , -0.690239
0.384615 , 0.307692 , -0.751751
0.384615 , 0.333333 , -0.816853
0.384615 , 0.358974 , -0.885232
0.384615 , 0.384615 , -0.957647
0.384615 , 0.410256 , -1.033623
0.384615 , 0.435897 , -1.112273
0.384615 , 0.461538 , -1.192650
0.384615 , 0.487179 , -1.274008
0.384615 , 0.512821 , -1.355999
0.384615 , 0.538462 , -1.437950
0.384615 , 0.564103 , -1.518800
0.384615 , 0.589744 , -1.598344
0.384615 , 0.615385 , -1.675748
0.384615 , 0.641026 , -1.749656
0.384615 , 0.666667 , -1.821083
0.384615 , 0.692308 , -1.890188
0.384615 , 0.717949 , -1.954500
0.384615 , 0.743590 , -2.014120
0.384615 , 0.769231 , -2.069670
0.384615 , 0.794872 , -2.120619
0.384615 , 0.820513 , -2.166462
0.384615 , 0.846154 , -2.205906
0.384615 , 0.871795 , -2.238977
0.384615 , 0.897436 , -2.265152
0.384615 , 0.923077 , -2.286046
0.384615 , 0.948718 , -2.300709
0.384615 , 0.974359 , -2.309510
0.384615 , 1.000000 , -2.312724
0.410256 , 0.000000 , -0.152200
0.410256 , 0.025641 , -0.155428
0.410256 , 0.051282 , -0.163388
0.410256 , 0.076923 , -0.177955
0.410256 , 0.102564 , -0.199153
0.410256 , 0.128205 , -0.226693
0.410256 , 0.153846 , -0.258524
0.410256 , 0.179487 , -0.296857
0.410256 , 0.205128 , -0.341974
0.410256 , 0.230769 , -0.392693
0.410256 , 0.256410 , -0.449112
0.410256 , 0.282051 , -0.511066
0.410256 , 0.307692 , -0.578038
0.410256 , 0.333333 , -0.648478
0.410256 , 0.358974 , -0.722951
0.410256 , 0.384615 , -0.800411
0.410256 , 0.410256 , -0.881713
0.410256 , 0.435897 , -0.965763
0.410256 , 0.461538 , -1.051904
0.410256 , 0.487179 , -1.138595
0.410256 , 0.512821 , -1.226353
0.410256 , 0.538462 , -1.314256
0.410256 , 0.564103 , -1.401541
0.410256 , 0.589744 , -1.487062
0.410256 , 0.615385 , -1.569971
0.410256 , 0.641026 , -1.649460
0.410256 , 0.666667 , -1.726095
0.410256 , 0.692308 , -1.800489
0.410256 , 0.717949 , -1.870744
0.410256 , 0.743590 , -1.935534
0.410256 , 0.769231 , -1.995534
0.410256 , 0.794872 , -2.050652
0.410256 , 0.820513 , -2.100770
0.410256 , 0.846154 , -2.143568
0.410256 , 0.871795 , -2.179525
0.410256 , 0.897436 , -2.208775
0.410256 , 0.923077 , -2.231391
0.410256 , 0.948718 , -2.246745
0.410256 , 0.974359 , -2.256996
0.410256 , 1.000000 , -2.260920
0.435897 , 0.000000 , 0.061192
0.435897 , 0.025641 , 0.058090
0.435897 , 0.051282 , 0.049270
0.435897 , 0.076923 , 0.033404
0.435897 , 0.102564 , 0.010116
0.435897 , 0.128205 , -0.020175
0.435897 , 0.153846 , -0.056447
0.435897 , 0.179487 , -0.099397
0.435897 , 0.205128 , -0.148807
0.435897 , 0.230769 , -0.203841
0.435897 , 0.256410 , -0.265010
0.435897 , 0.282051 , -0.332243
0.435897 , 0.307692 , -0.404328
0.435897 , 0.333333 , -0.480481
0.435897 , 0.358974 , -0.561034
0.435897 , 0.384615 , -0.645039
0.435897 , 0.410256 , -0.732058
0.435897 , 0.435897 , -0.822415
0.435897 , 0.461538 , -0.914443
0.435897 , 0.487179 , -1.007147
0.435897 , 0.512821 , -1.101460
0.435897 , 0.538462 , -1.195461
0.435897 , 0.564103 , -1.289419
0.435897 , 0.589744 , -1.381416
0.435897 , 0.615385 , -1.470505
0.435897 , 0.641026 , -1.555862
0.435897 , 0.666667 , -1.638120
0.435897 , 0.692308 , -1.717907
0.435897 , 0.717949 , -1.793750
0.435897 , 0.743590 , -1.863755
0.435897 , 0.769231 , -1.928821
0.435897 , 0.794872 , -1.988200
0.435897 , 0.820513 , -2.041585
0.435897 , 0.846154 , -2.087882
0.435897 , 0.871795 , -2.127241
0.435897 , 0.897436 , -2.159126
0.435897 , 0.923077 , -2.183838
0.435897 , 0.948718 , -2.201104
0.435897 , 0.974359 , -2.211544
0.435897 , 1.000000 , -2.215412
0.461538 , 0.000000 , 0.276711
0.461538 , 0.025641 , 0.273025
0.461538 , 0.051282 , 0.263020
0.461538 , 0.076923 , 0.245320
0.461538 , 0.102564 , 0.220290
0.461538 , 0.128205 , 0.186953
0.461538 , 0.153846 , 0.146129
0.461538 , 0.179487 , 0.098527
0.461538 , 0.205128 , 0.044725
0.461538 , 0.230769 , -0.014766
0.461538 , 0.256410 , -0.080963
0.461538 , 0.282051 , -0.153516
0.461538 , 0.307692 , -0.231175
0.461538 , 0.333333 , -0.313228
0.461538 , 0.358974 , -0.399735
0.461538 , 0.384615 , -0.490539
0.461538 , 0.410256 , -0.584849
0.461538 , 0.435897 , -0.681583
0.461538 , 0.461538 , -0.780639
0.461538 , 0.487179 , -0.880096
0.461538 , 0.512821 , -0.980686
0.461538 , 0.538462 , -1.081907
0.461538 , 0.564103 , -1.182697
0.461538 , 0.589744 , -1.281325
0.461538 , 0.615385 , -1.377110
0.461538 , 0.641026 , -1.469511
0.461538 , 0.666667 , -1.558231
0.461538 , 0.692308 , -1.643786
0.461538 , 0.717949 , -1.724987
0.461538 , 0.743590 , -1.800185
0.461538 , 0.769231 , -1.870223
0.461538 , 0.794872 , -1.934713
0.461538 , 0.820513 , -1.991770
0.461538 , 0.846154 , -2.040748
0.461538 , 0.871795 , -2.082218
0.461538 , 0.897436 , -2.117302
0.461538 , 0.923077 , -2.144305
0.461538 , 0.948718 , -2.163407
0.461538 , 0.974359 , -2.174414
0.461538 , 1.000000 , -2.178213
0.487179 , 0.000000 , 0.495060
0.487179 , 0.025641 , 0.490708
0.487179 , 0.051282 , 0.479530
0.487179 , 0.076923 , 0.460104
0.487179 , 0.102564 , 0.431928
0.487179 , 0.128205 , 0.395401
0.487179 , 0.153846 , 0.350359
0.487179 , 0.179487 , 0.298899
0.487179 , 0.205128 , 0.240061
0.487179 , 0.230769 , 0.174968
0.487179 , 0.256410 , 0.104421
0.487179 , 0.282051 , 0.026346
0.487179 , 0.307692 , -0.057837
0.487179 , 0.333333 , -0.146227
0.487179 , 0.358974 , -0.239698
0.487179 , 0.384615 , -0.337504
0.487179 , 0.410256 , -0.439056
0.487179 , 0.435897 , -0.543446
0.487179 , 0.461538 , -0.650001
0.487179 , 0.487179 , -0.757935
0.487179 , 0.512821 , -0.866205
0.487179 , 0.538462 , -0.974158
0.487179 , 0.564103 , -1.081916
0.487179 , 0.589744 , -1.187602
0.487179 , 0.615385 , -1.290540
0.487179 , 0.641026 , -1.389870
0.487179 , 0.666667 , -1.485637
0.487179 , 0.692308 , -1.577949
0.487179 , 0.717949 , -1.664866
0.487179 , 0.743590 , -1.746202
0.487179 , 0.769231 , -1.821531
0.487179 , 0.794872 , -1.890643
0.487179 , 0.820513 , -1.951782
0.487179 , 0.846154 , -2.004166
0.487179 , 0.871795 , -2.048396
0.487179 , 0.897436 , -2.086122
0.487179 , 0.923077 , -2.114796
0.487179 , 0.948718 , -2.135445
0.487179 , 0.974359 , -2.147491
0.487179 , 1.000000 , -2.150947
0.512821 , 0.000000 , 0.715910
0.512821 , 0.025641 , 0.711010
0.512821 , 0.051282 , 0.698545
0.512821 , 0.076923 , 0.677313
0.512821 , 0.102564 , 0.646169
0.512821 , 0.128205 , 0.606634
0.512821 , 0.153846 , 0.557729
0.512821 , 0.179487 , 0.501122
0.512821 , 0.205128 , 0.438695
0.512821 , 0.230769 , 0.368134
0.512821 , 0.256410 , 0.291221
0.512821 , 0.282051 , 0.206974
0.512821 , 0.307692 , 0.116006
0.512821 , 0.333333 , 0.020283
0.512821 , 0.358974 , -0.080810
0.512821 , 0.384615 , -0.186118
0.512821 , 0.410256 , -0.295511
0.512821 , 0.435897 , -0.407975
0.512821 , 0.461538 , -0.522828
0.512821 , 0.487179 , -0.639362
0.512821 , 0.512821 , -0.755866
0.512821 , 0.538462 , -0.872494
0.512821 , 0.564103 , -0.987666
0.512821 , 0.589744 , -1.100485
0.512821 , 0.615385 , -1.211381
0.512821 , 0.641026 , -1.318862
0.512821 , 0.666667 , -1.421843
0.512821 , 0.692308 , -1.521112
0.512821 , 0.717949 , -1.614558
0.512821 , 0.743590 , -1.702431
0.512821 , 0.769231 , -1.783179
0.512821 , 0.794872 , -1.856829
0.512821 , 0.820513 , -1.921811
0.512821 , 0.846154 , -1.978720
0.512821 , 0.871795 , -2.026068
0.512821 , 0.897436 , -2.066121
0.512821 , 0.923077 , -2.097052
0.512821 , 0.948718 , -2.118603
0.512821 , 0.974359 , -2.132154
0.512821 , 1.000000 , -2.135584
0.538462 , 0.000000 , 0.939307
0.538462 , 0.025641 , 0.934124
0.538462 , 0.051282 , 0.919975
0.538462 , 0.076923 , 0.896716
0.538462 , 0.102564 , 0.863419
0.538462 , 0.128205 , 0.820941
0.538462 , 0.153846 , 0.767851
0.538462 , 0.179487 , 0.707245
0.538462 , 0.205128 , 0.639353
0.538462 , 0.230769 , 0.564015
0.538462 , 0.256410 , 0.480666
0.538462 , 0.282051 , 0.389887
0.538462 , 0.307692 , 0.291283
0.538462 , 0.333333 , 0.187741
0.538462 , 0.358974 , 0.078198
0.538462 , 0.384615 , -0.035696
0.538462 , 0.410256 , -0.154036
0.538462 , 0.435897 , -0.275844
0.538462 , 0.461538 , -0.399463
0.538462 , 0.487179 , -0.525211
0.538462 , 0.512821 , -0.650707
0.538462 , 0.538462 , -0.776115
0.538462 , 0.564103 , -0.900414
0.538462 , 0.589744 , -1.022488
0.538462 , 0.615385 , -1.141269
0.538462 , 0.641026 , -1.257385
0.538462 , 0.666667 , -1.368992
0.538462 , 0.692308 , -1.475387
0.538462 , 0.717949 , -1.575297
0.538462 , 0.743590 , -1.669438
0.538462 , 0.769231 , -1.755448
0.538462 , 0.794872 , -1.834392
0.538462 , 0.820513 , -1.904127
0.538462 , 0.846154 , -1.965435
0.538462 , 0.871795 , -2.016524
0.538462 , 0.897436 , -2.058992
0.538462 , 0.923077 , -2.091898
0.538462 , 0.948718 , -2.114673
0.538462 , 0.974359 , -2.128908
0.538462 , 1.000000 , -2.132981
0.564103 , 0.000000 , 1.166495
0.564103 , 0.025641 , 1.161045
0.564103 , 0.051282 , 1.145753
0.564103 , 0.076923 , 1.119989
0.564103 , 0.102564 , 1.084969
0.564103 , 0.128205 , 1.039295
0.564103 , 0.153846 , 0.982685
0.564103 , 0.179487 , 0.917570
0.564103 , 0.205128 , 0.844423
0.564103 , 0.230769 , 0.762737
0.564103 , 0.256410 , 0.673058
0.564103 , 0.282051 , 0.575443
0.564103 , 0.307692 , 0.469566
0.564103 , 0.333333 , 0.357237
0.564103 , 0.358974 , 0.238325
0.564103 , 0.384615 , 0.114209
0.564103 , 0.410256 , -0.013800
0.564103 , 0.435897 , -0.145881
0.564103 , 0.461538 , -0.279888
0.564103 , 0.487179 , -0.415828
0.564103 , 0.512821 , -0.551733
0.564103 , 0.538462 , -0.687267
0.564103 , 0.564103 , -0.821963
0.564103 , 0.589744 , -0.954661
0.564103 , 0.615385 , -1.083465
0.564103 , 0.641026 , -1.207908
0.564103 , 0.666667 , -1.327723
0.564103 , 0.692308 , -1.441515
0.564103 , 0.717949 , -1.548306
0.564103 , 0.743590 , -1.648182
0.564103 , 0.769231 , -1.740278
0.564103 , 0.794872 , -1.824454
0.564103 , 0.820513 , -1.899288
0.564103 , 0.846154 , -1.964576
0.564103 , 0.871795 , -2.019503
0.564103 , 0.897436 , -2.064600
0.564103 , 0.923077 , -2.099252
0.564103 , 0.948718 , -2.124115
0.564103 , 0.974359 , -2.139053
0.564103 , 1.000000 , -2.143675
0.589744 , 0.000000 , 1.398759
0.589744 , 0.025641 , 1.393109
0.589744 , 0.051282 , 1.376295
0.589744 , 0.076923 , 1.348251
0.589744 , 0.102564 , 1.310608
0.589744 , 0.128205 , 1.262350
0.589744 , 0.153846 , 1.203166
0.589744 , 0.179487 , 1.133582
0.589744 , 0.205128 , 1.054431
0.589744 , 0.230769 , 0.966655
0.589744 , 0.256410 , 0.869914
0.589744 , 0.282051 , 0.764203
0.589744 , 0.307692 , 0.650393
0.589744 , 0.333333 , 0.529058
0.589744 , 0.358974 , 0.400008
0.589744 , 0.384615 , 0.264361
0.589744 , 0.410256 , 0.124659
0.589744 , 0.435897 , -0.018404
0.589744 , 0.461538 , -0.164335
0.589744 , 0.487179 , -0.312021
0.589744 , 0.512821 , -0.459891
0.589744 , 0.538462 , -0.606733
0.589744 , 0.564103 , -0.752597
0.589744 , 0.589744 , -0.896437
0.589744 , 0.615385 , -1.036315
0.589744 , 0.641026 , -1.169966
0.589744 , 0.666667 , -1.298057
0.589744 , 0.692308 , -1.420031
0.589744 , 0.717949 , -1.534705
0.589744 , 0.743590 , -1.640937
0.589744 , 0.769231 , -1.738891
0.589744 , 0.794872 , -1.828629
0.589744 , 0.820513 , -1.908785
0.589744 , 0.846154 , -1.977906
0.589744 , 0.871795 , -2.036676
0.589744 , 0.897436 , -2.084246
0.589744 , 0.923077 , -2.120928
0.589744 , 0.948718 , -2.147258
0.589744 , 0.974359 , -2.162998
0.589744 , 1.000000 , -2.168466
0.615385 , 0.000000 , 1.635962
0.615385 , 0.025641 , 1.630539
0.615385 , 0.051282 , 1.612977
0.615385 , 0.076923 , 1.582963
0.615385 , 0.102564 , 1.542636
0.615385 , 0.128205 , 1.491408
0.615385 , 0.153846 , 1.428929
0.615385 , 0.179487 , 1.355493
0.615385 , 0.205128 , 1.270655
0.615385 , 0.230769 , 1.176222
0.615385 , 0.256410 , 1.072181
0.615385 , 0.282051 , 0.957706
0.615385 , 0.307692 , 0.833611
0.615385 , 0.333333 , 0.701616
0.615385 , 0.358974 , 0.561978
0.615385 , 0.384615 , 0.415113
0.615385 , 0.410256 , 0.262602
0.615385 , 0.435897 , 0.106159
0.615385 , 0.461538 , -0.052680
0.615385 , 0.487179 , -0.213416
0.615385 , 0.512821 , -0.374874
0.615385 , 0.538462 , -0.535081
0.615385 , 0.564103 , -0.693741
0.615385 , 0.589744 , -0.848875
0.615385 , 0.615385 , -0.999866
0.615385 , 0.641026 , -1.144217
0.615385 , 0.666667 , -1.281752
0.615385 , 0.692308 , -1.412994
0.615385 , 0.717949 , -1.536006
0.615385 , 0.743590 , -1.650027
0.615385 , 0.769231 , -1.754087
0.615385 , 0.794872 , -1.848065
0.615385 , 0.820513 , -1.932798
0.615385 , 0.846154 , -2.006006
0.615385 , 0.871795 , -2.068414
0.615385 , 0.897436 , -2.118542
0.615385 , 0.923077 , -2.157105
0.615385 , 0.948718 , -2.185110
0.615385 , 0.974359 , -2.202075
0.615385 , 1.000000 , -2.207796
0.641026 , 0.000000 , 1.878062
0.641026 , 0.025641 , 1.872622
0.641026 , 0.051282 , 1.854755
0.641026 , 0.076923 , 1.823495
0.641026 , 0.102564 , 1.780955
0.641026 , 0.128205 , 1.726382
0.641026 , 0.153846 , 1.660347
0.641026 , 0.179487 , 1.582966
0.641026 , 0.205128 , 1.493647
0.641026 , 0.230769 , 1.392408
0.641026 , 0.256410 , 1.280526
0.641026 , 0.282051 , 1.156973
0.641026 , 0.307692 , 1.022447
0.641026 , 0.333333 , 0.879115
0.641026 , 0.358974 , 0.726988
0.641026 , 0.384615 , 0.566571
0.641026 , 0.410256 , 0.400667
0.641026 , 0.435897 , 0.229924
0.641026 , 0.461538 , 0.055884
0.641026 , 0.487179 , -0.119842
0.641026 , 0.512821 , -0.296276
0.641026 , 0.538462 , -0.471462
0.641026 , 0.564103 , -0.643922
0.641026 , 0.589744 , -0.812251
0.641026 , 0.615385 , -0.975445
0.641026 , 0.641026 , -1.131709
0.641026 , 0.666667 , -1.280749
0.641026 , 0.692308 , -1.422425
0.641026 , 0.717949 , -1.554510
0.641026 , 0.743590 , -1.675709
0.641026 , 0.769231 , -1.786187
0.641026 , 0.794872 , -1.885466
0.641026 , 0.820513 , -1.973975
0.641026 , 0.846154 , -2.050718
0.641026 , 0.871795 , -2.115688
0.641026 , 0.897436 , -2.168517
0.641026 , 0.923077 , -2.209034
0.641026 , 0.948718 , -2.238419
0.641026 , 0.974359 , -2.256143
0.641026 , 1.000000 , -2.262300
0.666667 , 0.000000 , 2.127067
0.666667 , 0.025641 , 2.120552
0.666667 , 0.051282 , 2.102088
0.666667 , 0.076923 , 2.070468
0.666667 , 0.102564 , 2.025996
0.666667 , 0.128205 , 1.968789
0.666667 , 0.153846 , 1.899137
0.666667 , 0.179487 , 1.817549
0.666667 , 0.205128 , 1.723833
0.666667 , 0.230769 , 1.615848
0.666667 , 0.256410 , 1.495467
0.666667 , 0.282051 , 1.362195
0.666667 , 0.307692 , 1.217166
0.666667 , 0.333333 , 1.061914
0.666667 , 0.358974 , 0.896313
0.666667 , 0.384615 , 0.721729
0.666667 , 0.410256 , 0.539867
0.666667 , 0.435897 , 0.353016
0.666667 , 0.461538 , 0.161905
0.666667 , 0.487179 , -0.030905
0.666667 , 0.512821 , -0.223893
0.666667 , 0.538462 , -0.415252
0.666667 , 0.564103 , -0.603742
0.666667 , 0.589744 , -0.787366
0.666667 , 0.615385 , -0.964808
0.666667 , 0.641026 , -1.134273
0.666667 , 0.666667 , -1.295896
0.666667 , 0.692308 , -1.448331
0.666667 , 0.717949 , -1.589848
0.666667 , 0.743590 , -1.719008
0.666667 , 0.769231 , -1.836243
0.666667 , 0.794872 , -1.941140
0.666667 , 0.820513 , -2.033599
0.666667 , 0.846154 , -2.113957
0.666667 , 0.871795 , -2.181339
0.666667 , 0.897436 , -2.236879
0.666667 , 0.923077 , -2.279086
0.666667 , 0.948718 , -2.309171
0.666667 , 0.974359 , -2.327759
0.666667 , 1.000000 , -2.334281
0.692308 , 0.000000 , 2.382086
0.692308 , 0.025641 , 2.375571
0.692308 , 0.051282 , 2.356625
0.692308 , 0.076923 , 2.324248
0.692308 , 0.102564 , 2.278639
0.692308 , 0.128205 , 2.219346
0.692308 , 0.153846 , 2.147054
0.692308 , 0.179487 , 2.060964
0.692308 , 0.205128 , 1.961853
0.692308 , 0.230769 , 1.847055
0.692308 , 0.256410 , 1.717237
0.692308 , 0.282051 , 1.574367
0.692308 , 0.307692 , 1.418888
0.692308 , 0.333333 , 1.250175
0.692308 , 0.358974 , 1.070056
0.692308 , 0.384615 , 0.879605
0.692308 , 0.410256 , 0.680514
0.692308 , 0.435897 , 0.475415
0.692308 , 0.461538 , 0.265949
0.692308 , 0.487179 , 0.053851
0.692308 , 0.512821 , -0.158414
0.692308 , 0.538462 , -0.368674
0.692308 , 0.564103 , -0.574934
0.692308 , 0.589744 , -0.775535
0.692308 , 0.615385 , -0.968984
0.692308 , 0.641026 , -1.153696
0.692308 , 0.666667 , -1.328812
0.692308 , 0.692308 , -1.492659
0.692308 , 0.717949 , -1.644419
0.692308 , 0.743590 , -1.782171
0.692308 , 0.769231 , -1.906530
0.692308 , 0.794872 , -2.017290
0.692308 , 0.820513 , -2.113699
0.692308 , 0.846154 , -2.197403
0.692308 , 0.871795 , -2.267409
0.692308 , 0.897436 , -2.324948
0.692308 , 0.923077 , -2.368608
0.692308 , 0.948718 , -2.399268
0.692308 , 0.974359 , -2.418076
0.692308 , 1.000000 , -2.424310
0.717949 , 0.000000 , 2.644786
0.717949 , 0.025641 , 2.637753
0.717949 , 0.051282 , 2.618636
0.717949 , 0.076923 , 2.585995
0.717949 , 0.102564 , 2.539663
0.717949 , 0.128205 , 2.479135
0.717949 , 0.153846 , 2.404563
0.717949 , 0.179487 , 2.314251
0.717949 , 0.205128 , 2.209493
0.717949 , 0.230769 , 2.088573
0.717949 , 0.256410 , 1.950808
0.717949 , 0.282051 , 1.797169
0.717949 , 0.307692 , 1.629085
0.717949 , 0.333333 , 1.446294
0.717949 , 0.358974 , 1.249868
0.717949 , 0.384615 , 1.042104
0.717949 , 0.410256 , 0.824224
0.717949 , 0.435897 , 0.598941
0.717949 , 0.461538 , 0.368471
0.717949 , 0.487179 , 0.134771
0.717949 , 0.512821 , -0.099186
0.717949 , 0.538462 , -0.331185
0.717949 , 0.564103 , -0.558500
0.717949 , 0.589744 , -0.778035
0.717949 , 0.615385 , -0.989414
0.717949 , 0.641026 , -1.190789
0.717949 , 0.666667 , -1.380582
0.717949 , 0.692308 , -1.557189
0.717949 , 0.717949 , -1.720346
0.717949 , 0.743590 , -1.867865
0.717949 , 0.769231 , -1.999825
0.717949 , 0.794872 , -2.115471
0.717949 , 0.820513 , -2.215877
0.717949 , 0.846154 , -2.302090
0.717949 , 0.871795 , -2.374164
0.717949 , 0.897436 , -2.433120
0.717949 , 0.923077 , -2.477633
0.717949 , 0.948718 , -2.508713
0.717949 , 0.974359 , -2.527733
0.717949 , 1.000000 , -2.533948
0.743590 , 0.000000 , 2.913003
0.743590 , 0.025641 , 2.906501
0.743590 , 0.051282 , 2.887572
0.743590 , 0.076923 , 2.856002
0.743590 , 0.102564 , 2.809678
0.743590 , 0.128205 , 2.748435
0.743590 , 0.153846 , 2.672326
0.743590 , 0.179487 , 2.578532
0.743590 , 0.205128 , 2.469095
0.743590 , 0.230769 , 2.341794
0.743590 , 0.256410 , 2.197459
0.743590 , 0.282051 , 2.033516
0.743590 , 0.307692 , 1.851229
0.743590 , 0.333333 , 1.652104
0.743590 , 0.358974 , 1.437925
0.743590 , 0.384615 , 1.210303
0.743590 , 0.410256 , 0.970915
0.743590 , 0.435897 , 0.722581
0.743590 , 0.461538 , 0.468572
0.743590 , 0.487179 , 0.210903
0.743590 , 0.512821 , -0.047389
0.743590 , 0.538462 , -0.303295
0.743590 , 0.564103 , -0.553091
0.743590 , 0.589744 , -0.794899
0.743590 , 0.615385 , -1.026455
0.743590 , 0.641026 , -1.246164
0.743590 , 0.666667 , -1.452440
0.743590 , 0.692308 , -1.644988
0.743590 , 0.717949 , -1.821582
0.743590 , 0.743590 , -1.979936
0.743590 , 0.769231 , -2.119488
0.743590 , 0.794872 , -2.239467
0.743590 , 0.820513 , -2.342104
0.743590 , 0.846154 , -2.430298
0.743590 , 0.871795 , -2.503567
0.743590 , 0.897436 , -2.563032
0.743590 , 0.923077 , -2.607502
0.743590 , 0.948718 , -2.638267
0.743590 , 0.974359 , -2.656213
0.743590 , 1.000000 , -2.662367
0.769231 , 0.000000 , 3.186956
0.769231 , 0.025641 , 3.181295
0.769231 , 0.051282 , 3.163891
0.769231 , 0.076923 , 3.133727
0.769231 , 0.102564 , 3.088859
0.769231 , 0.128205 , 3.027831
0.769231 , 0.153846 , 2.951839
0.769231 , 0.179487 , 2.856247
0.769231 , 0.205128 , 2.742361
0.769231 , 0.230769 , 2.609328
0.769231 , 0.256410 , 2.455773
0.769231 , 0.282051 , 2.281017
0.769231 , 0.307692 , 2.084492
0.769231 , 0.333333 , 1.869057
0.769231 , 0.358974 , 1.635995
0.769231 , 0.384615 , 1.386189
0.769231 , 0.410256 , 1.122282
0.769231 , 0.435897 , 0.848327
0.769231 , 0.461538 , 0.567673
0.769231 , 0.487179 , 0.282749
0.769231 , 0.512821 , -0.003021
0.769231 , 0.538462 , -0.286115
0.769231 , 0.564103 , -0.561856
0.769231 , 0.589744 , -0.829386
0.769231 , 0.615385 , -1.084543
0.769231 , 0.641026 , -1.325175
0.769231 , 0.666667 , -1.549963
0.769231 , 0.692308 , -1.758495
0.769231 , 0.717949 , -1.948270
0.769231 , 0.743590 , -2.117076
0.769231 , 0.769231 , -2.265048
0.769231 , 0.794872 , -2.391209
0.769231 , 0.820513 , -2.496521
0.769231 , 0.846154 , -2.584646
0.769231 , 0.871795 , -2.657051
0.769231 , 0.897436 , -2.714571
0.769231 , 0.923077 , -2.757200
0.769231 , 0.948718 , -2.786799
0.769231 , 0.974359 , -2.803746
0.769231 , 1.000000 , -2.809592
0.794872 , 0.000000 , 3.466667
0.794872 , 0.025641 , 3.462126
0.794872 , 0.051282 , 3.446736
0.794872 , 0.076923 , 3.418840
0.794872 , 0.102564 , 3.377388
0.794872 , 0.128205 , 3.319004
0.794872 , 0.153846 , 3.244087
0.794872 , 0.179487 , 3.148333
0.794872 , 0.205128 , 3.030843
0.794872 , 0.230769 , 2.892272
0.794872 , 0.256410 , 2.729701
0.794872 , 0.282051 , 2.543592
0.794872 , 0.307692 , 2.333455
0.794872 , 0.333333 , 2.100049
0.794872 , 0.358974 , 1.846254
0.794872 , 0.384615 , 1.571475
0.794872 , 0.410256 , 1.279904
0.794872 , 0.435897 , 0.977405
0.794872 , 0.461538 , 0.667207
0.794872 , 0.487179 , 0.351202
0.794872 , 0.512821 , 0.034048
0.794872 , 0.538462 , -0.279802
0.794872 , 0.564103 , -0.585682
0.794872 , 0.589744 , -0.881975
0.794872 , 0.615385 , -1.164188
0.794872 , 0.641026 , -1.429001
0.794872 , 0.666667 , -1.675091
0.794872 , 0.692308 , -1.900215
0.794872 , 0.717949 , -2.103475
0.794872 , 0.743590 , -2.283099
0.794872 , 0.769231 , -2.438830
0.794872 , 0.794872 , -2.571146
0.794872 , 0.820513 , -2.679464
0.794872 , 0.846154 , -2.766749
0.794872 , 0.871795 , -2.836296
0.794872 , 0.897436 , -2.889286
0.794872 , 0.923077 , -2.927936
0.794872 , 0.948718 , -2.954505
0.794872 , 0.974359 , -2.969838
0.794872 , 1.000000 , -2.975145
0.820513 , 0.000000 , 3.750771
0.820513 , 0.025641 , 3.747311
0.820513 , 0.051282 , 3.735117
0.820513 , 0.076923 , 3.711817
0.820513 , 0.102564 , 3.675847
0.820513 , 0.128205 , 3.622356
0.820513 , 0.153846 , 3.550530
0.820513 , 0.179487 , 3.457230
0.820513 , 0.205128 , 3.338893
0.820513 , 0.230769 , 3.195559
0.820513 , 0.256410 , 3.024758
0.820513 , 0.282051 , 2.825437
0.820513 , 0.307692 , 2.599165
0.820513 , 0.333333 , 2.346375
0.820513 , 0.358974 , 2.069013
0.820513 , 0.384615 , 1.767759
0.820513 , 0.410256 , 1.446199
0.820513 , 0.435897 , 1.111425
0.820513 , 0.461538 , 0.766495
0.820513 , 0.487179 , 0.415041
0.820513 , 0.512821 , 0.062122
0.820513 , 0.538462 , -0.286565
0.820513 , 0.564103 , -0.626737
0.820513 , 0.589744 , -0.954687
0.820513 , 0.615385 , -1.267010
0.820513 , 0.641026 , -1.558427
0.820513 , 0.666667 , -1.828111
0.820513 , 0.692308 , -2.072768
0.820513 , 0.717949 , -2.291520
0.820513 , 0.743590 , -2.482683
0.820513 , 0.769231 , -2.645605
0.820513 , 0.794872 , -2.781952
0.820513 , 0.820513 , -2.891047
0.820513 , 0.846154 , -2.976113
0.820513 , 0.871795 , -3.040298
0.820513 , 0.897436 , -3.086996
0.820513 , 0.923077 , -3.119401
0.820513 , 0.948718 , -3.140813
0.820513 , 0.974359 , -3.153578
0.820513 , 1.000000 , -3.157777
0.846154 , 0.000000 , 4.037380
0.846154 , 0.025641 , 4.035862
0.846154 , 0.051282 , 4.028383
0.846154 , 0.076923 , 4.012252
0.846154 , 0.102564 , 3.984005
0.846154 , 0.128205 , 3.939700
0.846154 , 0.153846 , 3.873962
0.846154 , 0.179487 , 3.786323
0.846154 , 0.205128 , 3.669802
0.846154 , 0.230769 , 3.522982
0.846154 , 0.256410 , 3.344183
0.846154 , 0.282051 , 3.132549
0.846154 , 0.307692 , 2.888176
0.846154 , 0.333333 , 2.613128
0.846154 , 0.358974 , 2.309405
0.846154 , 0.384615 , 1.978557
0.846154 , 0.410256 , 1.623535
0.846154 , 0.435897 , 1.251881
0.846154 , 0.461538 , 0.867243
0.846154 , 0.487179 , 0.475694
0.846154 , 0.512821 , 0.082242
0.846154 , 0.538462 , -0.306303
0.846154 , 0.564103 , -0.685111
0.846154 , 0.589744 , -1.050004
0.846154 , 0.615385 , -1.396346
0.846154 , 0.641026 , -1.718399
0.846154 , 0.666667 , -2.013495
0.846154 , 0.692308 , -2.279795
0.846154 , 0.717949 , -2.515609
0.846154 , 0.743590 , -2.718440
0.846154 , 0.769231 , -2.888051
0.846154 , 0.794872 , -3.026205
0.846154 , 0.820513 , -3.133723
0.846154 , 0.846154 , -3.213549
0.846154 , 0.871795 , -3.270142
0.846154 , 0.897436 , -3.308017
0.846154 , 0.923077 , -3.331787
0.846154 , 0.948718 , -3.346024
0.846154 , 0.974359 , -3.354240
0.846154 , 1.000000 , -3.356610
0.871795 , 0.000000 , 4.323745
0.871795 , 0.025641 , 4.324823
0.871795 , 0.051282 , 4.324404
0.871795 , 0.076923 , 4.318647
0.871795 , 0.102564 , 4.303012
0.871795 , 0.128205 , 4.271057
0.871795 , 0.153846 , 4.217018
0.871795 , 0.179487 , 4.137000
0.871795 , 0.205128 , 4.024594
0.871795 , 0.230769 , 3.876174
0.871795 , 0.256410 , 3.690464
0.871795 , 0.282051 , 3.466434
0.871795 , 0.307692 , 3.204217
0.871795 , 0.333333 , 2.904894
0.871795 , 0.358974 , 2.571571
0.871795 , 0.384615 , 2.206495
0.871795 , 0.410256 , 1.813864
0.871795 , 0.435897 , 1.400399
0.871795 , 0.461538 , 0.971731
0.871795 , 0.487179 , 0.534170
0.871795 , 0.512821 , 0.094179
0.871795 , 0.538462 , -0.340141
0.871795 , 0.564103 , -0.763626
0.871795 , 0.589744 , -1.171013
0.871795 , 0.615385 , -1.555632
0.871795 , 0.641026 , -1.912157
0.871795 , 0.666667 , -2.236619
0.871795 , 0.692308 , -2.525846
0.871795 , 0.717949 , -2.779441
0.871795 , 0.743590 , -2.993995
0.871795 , 0.769231 , -3.169564
0.871795 , 0.794872 , -3.308451
0.871795 , 0.820513 , -3.411499
0.871795 , 0.846154 , -3.482687
0.871795 , 0.871795 , -3.527854
0.871795 , 0.897436 , -3.553892
0.871795 , 0.923077 , -3.565387
0.871795 , 0.948718 , -3.568456
0.871795 , 0.974359 , -3.569045
0.871795 , 1.000000 , -3.568601
0.897436 , 0.000000 , 4.603520
0.897436 , 0.025641 , 4.608474
0.897436 , 0.051282 , 4.619121
0.897436 , 0.076923 , 4.629571
0.897436 , 0.102564 , 4.632093
0.897436 , 0.128205 , 4.618718
0.897436 , 0.153846 , 4.581590
0.897436 , 0.179487 , 4.513160
0.897436 , 0.205128 , 4.408085
0.897436 , 0.230769 , 4.261494
0.897436 , 0.256410 , 4.070613
0.897436 , 0.282051 , 3.833924
0.897436 , 0.307692 , 3.552733
0.897436 , 0.333333 , 3.226975
0.897436 , 0.358974 , 2.860603
0.897436 , 0.384615 , 2.457149
0.897436 , 0.410256 , 2.021347
0.897436 , 0.435897 , 1.559469
0.897436 , 0.461538 , 1.079702
0.897436 , 0.487179 , 0.589481
0.897436 , 0.512821 , 0.096575
0.897436 , 0.538462 , -0.391222
0.897436 , 0.564103 , -0.865795
0.897436 , 0.589744 , -1.320585
0.897436 , 0.615385 , -1.749656
0.897436 , 0.641026 , -2.144660
0.897436 , 0.666667 , -2.502080
0.897436 , 0.692308 , -2.817589
0.897436 , 0.717949 , -3.089870
0.897436 , 0.743590 , -3.316283
0.897436 , 0.769231 , -3.496365
0.897436 , 0.794872 , -3.632605
0.897436 , 0.820513 , -3.728082
0.897436 , 0.846154 , -3.787559
0.897436 , 0.871795 , -3.816815
0.897436 , 0.897436 , -3.824306
0.897436 , 0.923077 , -3.817088
0.897436 , 0.948718 , -3.803935
0.897436 , 0.974359 , -3.793020
0.897436 , 1.000000 , -3.788678
0.923077 , 0.000000 , 4.868947
0.923077 , 0.025641 , 4.880170
0.923077 , 0.051282 , 4.907505
0.923077 , 0.076923 , 4.942060
0.923077 , 0.102564 , 4.971452
0.923077 , 0.128205 , 4.984628
0.923077 , 0.153846 , 4.971402
0.923077 , 0.179487 , 4.921636
0.923077 , 0.205128 , 4.827655
0.923077 , 0.230769 , 4.685925
0.923077 , 0.256410 , 4.491551
0.923077 , 0.282051 , 4.242204
0.923077 , 0.307692 , 3.940340
0.923077 , 0.333333 , 3.585591
0.923077 , 0.358974 , 3.181764
0.923077 , 0.384615 , 2.734129
0.923077 , 0.410256 , 2.248549
0.923077 , 0.435897 , 1.732529
0.923077 , 0.461538 , 1.194235
0.923077 , 0.487179 , 0.643218
0.923077 , 0.512821 , 0.088816
0.923077 , 0.538462 , -0.459818
0.923077 , 0.564103 , -0.993438
0.923077 , 0.589744 , -1.503522
0.923077 , 0.615385 , -1.982198
0.923077 , 0.641026 , -2.421454
0.923077 , 0.666667 , -2.815847
0.923077 , 0.692308 , -3.161014
0.923077 , 0.717949 , -3.453871
0.923077 , 0.743590 , -3.692314
0.923077 , 0.769231 , -3.876120
0.923077 , 0.794872 , -4.007282
0.923077 , 0.820513 , -4.090880
0.923077 , 0.846154 , -4.131852
0.923077 , 0.871795 , -4.137807
0.923077 , 0.897436 , -4.118823
0.923077 , 0.923077 , -4.084893
0.923077 , 0.948718 , -4.047404
0.923077 , 0.974359 , -4.018691
0.923077 , 1.000000 , -4.007970
0.948718 , 0.000000 , 5.109377
0.948718 , 0.025641 , 5.130360
0.948718 , 0.051282 , 5.183602
0.948718 , 0.076923 , 5.253232
0.948718 , 0.102564 , 5.320462
0.948718 , 0.128205 , 5.370284
0.948718 , 0.153846 , 5.389755
0.948718 , 0.179487 , 5.366200
0.948718 , 0.205128 , 5.290291
0.948718 , 0.230769 , 5.157194
0.948718 , 0.256410 , 4.961263
0.948718 , 0.282051 , 4.700015
0.948718 , 0.307692 , 4.374835
0.948718 , 0.333333 , 3.987680
0.948718 , 0.358974 , 3.542481
0.948718 , 0.384615 , 3.044840
0.948718 , 0.410256 , 2.501991
0.948718 , 0.435897 , 1.923064
0.948718 , 0.461538 , 1.317309
0.948718 , 0.487179 , 0.696167
0.948718 , 0.512821 , 0.070377
0.948718 , 0.538462 , -0.548735
0.948718 , 0.564103 , -1.149999
0.948718 , 0.589744 , -1.723558
0.948718 , 0.615385 , -2.259246
0.948718 , 0.641026 , -2.748664
0.948718 , 0.666667 , -3.185351
0.948718 , 0.692308 , -3.563691
0.948718 , 0.717949 , -3.879733
0.948718 , 0.743590 , -4.130645
0.948718 , 0.769231 , -4.315737
0.948718 , 0.794872 , -4.438561
0.948718 , 0.820513 , -4.503685
0.948718 , 0.846154 , -4.518684
0.948718 , 0.871795 , -4.491870
0.948718 , 0.897436 , -4.436169
0.948718 , 0.923077 , -4.364658
0.948718 , 0.948718 , -4.292117
0.948718 , 0.974359 , -4.237073
0.948718 , 1.000000 , -4.215832
0.974359 , 0.000000 , 5.305046
0.974359 , 0.025641 , 5.343512
0.974359 , 0.051282 , 5.438730
0.974359 , 0.076923 , 5.560363
0.974359 , 0.102564 , 5.681424
0.974359 , 0.128205 , 5.781311
0.974359 , 0.153846 , 5.844200
0.974359 , 0.179487 , 5.855613
0.974359 , 0.205128 , 5.805073
0.974359 , 0.230769 , 5.685387
0.974359 , 0.256410 , 5.490245
0.974359 , 0.282051 , 5.216906
0.974359 , 0.307692 , 4.867132
0.974359 , 0.333333 , 4.443316
0.974359 , 0.358974 , 3.950150
0.974359 , 0.384615 , 3.395218
0.974359 , 0.410256 , 2.786732
0.974359 , 0.435897 , 2.134642
0.974359 , 0.461538 , 1.450952
0.974359 , 0.487179 , 0.748385
0.974359 , 0.512821 , 0.039887
0.974359 , 0.538462 , -0.660847
0.974359 , 0.564103 , -1.340737
0.974359 , 0.589744 , -1.987009
0.974359 , 0.615385 , -2.588883
0.974359 , 0.641026 , -3.135975
0.974359 , 0.666667 , -3.620643
0.974359 , 0.692308 , -4.035834
0.974359 , 0.717949 , -4.376596
0.974359 , 0.743590 , -4.639933
0.974359 , 0.769231 , -4.824388
0.974359 , 0.794872 , -4.934181
0.974359 , 0.820513 , -4.975013
0.974359 , 0.846154 , -4.954670
0.974359 , 0.871795 , -4.884185
0.974359 , 0.897436 , -4.777655
0.974359 , 0.923077 , -4.651981
0.974359 , 0.948718 , -4.527877
0.974359 , 0.974359 , -4.431194
0.974359 , 1.000000 , -4.391979
1.000000 , 0.000000 , 5.418298
1.000000 , 0.025641 , 5.494571
1.000000 , 0.051282 , 5.661312
1.000000 , 0.076923 , 5.860516
1.000000 , 0.102564 , 6.056979
1.000000 , 0.128205 , 6.224248
1.000000 , 0.153846 , 6.344988
1.000000 , 0.179487 , 6.402334
1.000000 , 0.205128 , 6.383658
1.000000 , 0.230769 , 6.281923
1.000000 , 0.256410 , 6.090020
1.000000 , 0.282051 , 5.804471
1.000000 , 0.307692 , 5.427508
1.000000 , 0.333333 , 4.962192
1.000000 , 0.358974 , 4.414694
1.000000 , 0.384615 , 3.793541
1.000000 , 0.410256 , 3.108600
1.000000 , 0.435897 , 2.371774
1.000000 , 0.461538 , 1.596810
1.000000 , 0.487179 , 0.799972
1.000000 , 0.512821 , -0.004050
1.000000 , 0.538462 , -0.799166
1.000000 , 0.564103 , -1.569893
1.000000 , 0.589744 , -2.301359
1.000000 , 0.615385 , -2.979500
1.000000 , 0.641026 , -3.593745
1.000000 , 0.666667 , -4.133265
1.000000 , 0.692308 , -4.589529
1.000000 , 0.717949 , -4.957197
1.000000 , 0.743590 , -5.232454
1.000000 , 0.769231 , -5.414360
1.000000 , 0.794872 , -5.506603
1.000000 , 0.820513 , -5.514931
1.000000 , 0.846154 , -5.448778
1.000000 , 0.871795 , -5.320836
1.000000 , 0.897436 , -5.146992
1.000000 , 0.923077 , -4.946057
1.000000 , 0.948718 , -4.744223
1.000000 , 0.974359 , -4.575713
1.000000 , 1.000000 , -4.498239
