0.000000 , 0.000000 , -2.549694
0.000000 , 0.025641 , -2.549694
0.000000 , 0.051282 , -2.549694
0.000000 , 0.076923 , -2.549694
0.000000 , 0.102564 , -2.549694
0.000000 , 0.128205 , -2.549694
0.000000 , 0.153846 , -2.549694
0.000000 , 0.179487 , -2.549694
0.000000 , 0.205128 , -2.549694
0.000000 , 0.230769 , -2.549694
0.000000 , 0.256410 , -2.549694
0.000000 , 0.282051 , -2.549694
0.000000 , 0.307692 , -2.549694
0.000000 , 0.333333 , -2.549694
0.000000 , 0.358974 , -2.549694
0.000000 , 0.384615 , -2.549694
0.000000 , 0.410256 , -2.549694
0.000000 , 0.435897 , -2.549694
0.000000 , 0.461538 , -2.549694
0.000000 , 0.487179 , -2.549694
0.000000 , 0.512821 , -2.549694
0.000000 , 0.538462 , -2.549694
0.000000 , 0.564103 , -2.549694
0.000000 , 0.589744 , -2.549694
0.000000 , 0.615385 , -2.549694
0.000000 , 0.641026 , -2.549694
0.000000 , 0.666667 , -2.549694
0.000000 , 0.692308 , -2.549694
0.000000 , 0.717949 , -2.549694
0.000000 , 0.743590 , -2.549694
0.000000 , 0.769231 , -2.549694
0.000000 , 0.794872 , -2.549694
0.000000 , 0.820513 , -2.549694
0.000000 , 0.846154 , -2.549694
0.000000 , 0.871795 , -2.549694
0.000000 , 0.897436 , -2.549694
0.000000 , 0.923077 , -2.549694
0.000000 , 0.948718 , -2.549694
0.000000 , 0.974359 , -2.549694
0.000000 , 1.000000 , -2.549694
0.025641 , 0.000000 , -2.538286
0.025641 , 0.025641 , -2.538674
0.025641 , 0.051282 , -2.538284
0.025641 , 0.076923 , -2.537812
0.025641 , 0.102564 , -2.537302
0.025641 , 0.128205 , -2.536591
0.025641 , 0.153846 , -2.536261
0.025641 , 0.179487 , -2.536199
0.025641 , 0.205128 , -2.536585
0.025641 , 0.230769 , -2.537328
0.025641 , 0.256410 , -2.538679
0.025641 , 0.282051 , -2.540380
0.025641 , 0.307692 , -2.542944
0.025641 , 0.333333 , -2.544864
0.025641 , 0.358974 , -2.546093
0.025641 , 0.384615 , -2.547991
0.025641 , 0.410256 , -2.550273
0.025641 , 0.435897 , -2.552710
0.025641 , 0.461538 , -2.555378
0.025641 , 0.487179 , -2.557711
0.025641 , 0.512821 , -2.560354
0.025641 , 0.538462 , -2.562901
0.025641 , 0.564103 , -2.564964
0.025641 , 0.589744 , -2.566545
0.025641 , 0.615385 , -2.568667
0.025641 , 0.641026 , -2.570896
0.025641 , 0.666667 , -2.572446
0.025641 , 0.692308 , -2.574017
0.025641 , 0.717949 , -2.574994
0.025641 , 0.743590 , -2.575617
0.025641 , 0.769231 , -2.577047
0.025641 , 0.794872 , -2.578461
0.025641 , 0.820513 , -2.578627
0.025641 , 0.846154 , -2.578864
0.025641 , 0.871795 , -2.579258
0.025641 , 0.897436 , -2.579382
0.025641 , 0.923077 , -2.579537
0.025641 , 0.948718 , -2.579286
0.025641 , 0.974359 , -2.579160
0.025641 , 1.000000 , -2.579420
0.051282 , 0.000000 , -2.517855
0.051282 , 0.025641 , -2.517973
0.051282 , 0.051282 , -2.517419
0.051282 , 0.076923 , -2.516419
0.051282 , 0.102564 , -2.515438
0.051282 , 0.128205 , -2.514436
0.051282 , 0.153846 , -2.513773
0.051282 , 0.179487 , -2.513567
0.051282 , 0.205128 , -2.514333
0.051282 , 0.230769 , -2.516005
0.051282 , 0.256410 , -2.518637
0.051282 , 0.282051 , -2.521921
0.051282 , 0.307692 , -2.525345
0.051282 , 0.333333 , -2.529211
0.051282 , 0.358974 , -2.532825
0.051282 , 0.384615 , -2.536603
0.051282 , 0.410256 , -2.540780
0.051282 , 0.435897 , -2.545843
0.051282 , 0.461538 , -2.551156
0.051282 , 0.487179 , -2.555215
0.051282 , 0.512821 , -2.559446
0.051282 , 0.538462 , -2.564498
0.051282 , 0.564103 , -2.567954
0.051282 , 0.589744 , -2.571265
0.051282 , 0.615385 , -2.575154
0.051282 , 0.641026 , -2.578890
0.051282 , 0.666667 , -2.582080
0.051282 , 0.692308 , -2.585935
0.051282 , 0.717949 , -2.589069
0.051282 , 0.743590 , -2.591131
0.051282 , 0.769231 , -2.592809
0.051282 , 0.794872 , -2.594863
0.051282 , 0.820513 , -2.595941
0.051282 , 0.846154 , -2.596462
0.051282 , 0.871795 , -2.596986
0.051282 , 0.897436 , -2.597402
0.051282 , 0.923077 , -2.597561
0.051282 , 0.948718 , -2.597453
0.051282 , 0.974359 , -2.596784
0.051282 , 1.000000 , -2.596572
0.076923 , 0.000000 , -2.490190
0.076923 , 0.025641 , -2.489834
0.076923 , 0.051282 , -2.489385
0.076923 , 0.076923 , -2.487916
0.076923 , 0.102564 , -2.486178
0.076923 , 0.128205 , -2.484682
0.076923 , 0.153846 , -2.483758
0.076923 , 0.179487 , -2.483646
0.076923 , 0.205128 , -2.484247
0.076923 , 0.230769 , -2.486494
0.076923 , 0.256410 , -2.490574
0.076923 , 0.282051 , -2.495457
0.076923 , 0.307692 , -2.499980
0.076923 , 0.333333 , -2.504459
0.076923 , 0.358974 , -2.509488
0.076923 , 0.384615 , -2.514685
0.076923 , 0.410256 , -2.521377
0.076923 , 0.435897 , -2.529039
0.076923 , 0.461538 , -2.536806
0.076923 , 0.487179 , -2.543500
0.076923 , 0.512821 , -2.549935
0.076923 , 0.538462 , -2.556455
0.076923 , 0.564103 , -2.561394
0.076923 , 0.589744 , -2.565861
0.076923 , 0.615385 , -2.572160
0.076923 , 0.641026 , -2.578012
0.076923 , 0.666667 , -2.582790
0.076923 , 0.692308 , -2.587149
0.076923 , 0.717949 , -2.590897
0.076923 , 0.743590 , -2.594068
0.076923 , 0.769231 , -2.597562
0.076923 , 0.794872 , -2.600037
0.076923 , 0.820513 , -2.601967
0.076923 , 0.846154 , -2.603261
0.076923 , 0.871795 , -2.603628
0.076923 , 0.897436 , -2.603866
0.076923 , 0.923077 , -2.604151
0.076923 , 0.948718 , -2.604480
0.076923 , 0.974359 , -2.603356
0.076923 , 1.000000 , -2.602941
0.102564 , 0.000000 , -2.456082
0.102564 , 0.025641 , -2.455466
0.102564 , 0.051282 , -2.454126
0.102564 , 0.076923 , -2.452781
0.102564 , 0.102564 , -2.450678
0.102564 , 0.128205 , -2.448660
0.102564 , 0.153846 , -2.447357
0.102564 , 0.179487 , -2.447018
0.102564 , 0.205128 , -2.447874
0.102564 , 0.230769 , -2.450498
0.102564 , 0.256410 , -2.455036
0.102564 , 0.282051 , -2.460758
0.102564 , 0.307692 , -2.466656
0.102564 , 0.333333 , -2.472007
0.102564 , 0.358974 , -2.477649
0.102564 , 0.384615 , -2.484830
0.102564 , 0.410256 , -2.493558
0.102564 , 0.435897 , -2.502971
0.102564 , 0.461538 , -2.512590
0.102564 , 0.487179 , -2.521743
0.102564 , 0.512821 , -2.531447
0.102564 , 0.538462 , -2.538850
0.102564 , 0.564103 , -2.545459
0.102564 , 0.589744 , -2.551946
0.102564 , 0.615385 , -2.559025
0.102564 , 0.641026 , -2.566462
0.102564 , 0.666667 , -2.572242
0.102564 , 0.692308 , -2.577219
0.102564 , 0.717949 , -2.582490
0.102564 , 0.743590 , -2.586978
0.102564 , 0.769231 , -2.591570
0.102564 , 0.794872 , -2.594599
0.102564 , 0.820513 , -2.596535
0.102564 , 0.846154 , -2.598895
0.102564 , 0.871795 , -2.600197
0.102564 , 0.897436 , -2.600672
0.102564 , 0.923077 , -2.600856
0.102564 , 0.948718 , -2.600924
0.102564 , 0.974359 , -2.599971
0.102564 , 1.000000 , -2.599479
0.128205 , 0.000000 , -2.414762
0.128205 , 0.025641 , -2.414710
0.128205 , 0.051282 , -2.413376
0.128205 , 0.076923 , -2.411596
0.128205 , 0.102564 , -2.409826
0.128205 , 0.128205 , -2.407571
0.128205 , 0.153846 , -2.405974
0.128205 , 0.179487 , -2.405584
0.128205 , 0.205128 , -2.406095
0.128205 , 0.230769 , -2.408701
0.128205 , 0.256410 , -2.413160
0.128205 , 0.282051 , -2.418696
0.128205 , 0.307692 , -2.424558
0.128205 , 0.333333 , -2.431871
0.128205 , 0.358974 , -2.439810
0.128205 , 0.384615 , -2.448752
0.128205 , 0.410256 , -2.458794
0.128205 , 0.435897 , -2.469342
0.128205 , 0.461538 , -2.480562
0.128205 , 0.487179 , -2.491633
0.128205 , 0.512821 , -2.503135
0.128205 , 0.538462 , -2.513494
0.128205 , 0.564103 , -2.521096
0.128205 , 0.589744 , -2.529311
0.128205 , 0.615385 , -2.537432
0.128205 , 0.641026 , -2.545682
0.128205 , 0.666667 , -2.553171
0.128205 , 0.692308 , -2.559323
0.128205 , 0.717949 , -2.565502
0.128205 , 0.743590 , -2.571213
0.128205 , 0.769231 , -2.576045
0.128205 , 0.794872 , -2.579365
0.128205 , 0.820513 , -2.581452
0.128205 , 0.846154 , -2.584099
0.128205 , 0.871795 , -2.586602
0.128205 , 0.897436 , -2.587654
0.128205 , 0.923077 , -2.587623
0.128205 , 0.948718 , -2.587498
0.128205 , 0.974359 , -2.586399
0.128205 , 1.000000 , -2.585896
0.153846 , 0.000000 , -2.369450
0.153846 , 0.025641 , -2.369074
0.153846 , 0.051282 , -2.368030
0.153846 , 0.076923 , -2.366317
0.153846 , 0.102564 , -2.364798
0.153846 , 0.128205 , -2.362823
0.153846 , 0.153846 , -2.360842
0.153846 , 0.179487 , -2.360486
0.153846 , 0.205128 , -2.360129
0.153846 , 0.230769 , -2.362121
0.153846 , 0.256410 , -2.366599
0.153846 , 0.282051 , -2.371923
0.153846 , 0.307692 , -2.377995
0.153846 , 0.333333 , -2.386278
0.153846 , 0.358974 , -2.395577
0.153846 , 0.384615 , -2.406797
0.153846 , 0.410256 , -2.418867
0.153846 , 0.435897 , -2.429913
0.153846 , 0.461538 , -2.441512
0.153846 , 0.487179 , -2.454123
0.153846 , 0.512821 , -2.467297
0.153846 , 0.538462 , -2.479681
0.153846 , 0.564103 , -2.489438
0.153846 , 0.589744 , -2.498674
0.153846 , 0.615385 , -2.507791
0.153846 , 0.641026 , -2.517159
0.153846 , 0.666667 , -2.525964
0.153846 , 0.692308 , -2.533047
0.153846 , 0.717949 , -2.540154
0.153846 , 0.743590 , -2.546629
0.153846 , 0.769231 , -2.551383
0.153846 , 0.794872 , -2.555061
0.153846 , 0.820513 , -2.558867
0.153846 , 0.846154 , -2.561062
0.153846 , 0.871795 , -2.563236
0.153846 , 0.897436 , -2.564454
0.153846 , 0.923077 , -2.565085
0.153846 , 0.948718 , -2.565311
0.153846 , 0.974359 , -2.564583
0.153846 , 1.000000 , -2.564159
0.179487 , 0.000000 , -2.321471
0.179487 , 0.025641 , -2.320600
0.179487 , 0.051282 , -2.319480
0.179487 , 0.076923 , -2.317753
0.179487 , 0.102564 , -2.316192
0.179487 , 0.128205 , -2.314422
0.179487 , 0.153846 , -2.312413
0.179487 , 0.179487 , -2.312043
0.179487 , 0.205128 , -2.311557
0.179487 , 0.230769 , -2.312588
0.179487 , 0.256410 , -2.316219
0.179487 , 0.282051 , -2.321313
0.179487 , 0.307692 , -2.328099
0.179487 , 0.333333 , -2.337187
0.179487 , 0.358974 , -2.347486
0.179487 , 0.384615 , -2.359071
0.179487 , 0.410256 , -2.372847
0.179487 , 0.435897 , -2.385270
0.179487 , 0.461538 , -2.397732
0.179487 , 0.487179 , -2.411589
0.179487 , 0.512821 , -2.424914
0.179487 , 0.538462 , -2.438050
0.179487 , 0.564103 , -2.449653
0.179487 , 0.589744 , -2.461060
0.179487 , 0.615385 , -2.471897
0.179487 , 0.641026 , -2.481714
0.179487 , 0.666667 , -2.490852
0.179487 , 0.692308 , -2.499218
0.179487 , 0.717949 , -2.507469
0.179487 , 0.743590 , -2.514565
0.179487 , 0.769231 , -2.520204
0.179487 , 0.794872 , -2.524157
0.179487 , 0.820513 , -2.528085
0.179487 , 0.846154 , -2.530369
0.179487 , 0.871795 , -2.532173
0.179487 , 0.897436 , -2.534509
0.179487 , 0.923077 , -2.534578
0.179487 , 0.948718 , -2.534507
0.179487 , 0.974359 , -2.534176
0.179487 , 1.000000 , -2.534502
0.205128 , 0.000000 , -2.270878
0.205128 , 0.025641 , -2.269907
0.205128 , 0.051282 , -2.268473
0.205128 , 0.076923 , -2.267225
0.205128 , 0.102564 , -2.265372
0.205128 , 0.128205 , -2.263045
0.205128 , 0.153846 , -2.260866
0.205128 , 0.179487 , -2.260392
0.205128 , 0.205128 , -2.260263
0.205128 , 0.230769 , -2.261500
0.205128 , 0.256410 , -2.264751
0.205128 , 0.282051 , -2.269269
0.205128 , 0.307692 , -2.276052
0.205128 , 0.333333 , -2.285377
0.205128 , 0.358974 , -2.296364
0.205128 , 0.384615 , -2.308448
0.205128 , 0.410256 , -2.322024
0.205128 , 0.435897 , -2.335655
0.205128 , 0.461538 , -2.349156
0.205128 , 0.487179 , -2.363888
0.205128 , 0.512821 , -2.378885
0.205128 , 0.538462 , -2.392273
0.205128 , 0.564103 , -2.404402
0.205128 , 0.589744 , -2.416571
0.205128 , 0.615385 , -2.428870
0.205128 , 0.641026 , -2.439742
0.205128 , 0.666667 , -2.449110
0.205128 , 0.692308 , -2.458168
0.205128 , 0.717949 , -2.466984
0.205128 , 0.743590 , -2.474485
0.205128 , 0.769231 , -2.480739
0.205128 , 0.794872 , -2.486172
0.205128 , 0.820513 , -2.489824
0.205128 , 0.846154 , -2.493417
0.205128 , 0.871795 , -2.495392
0.205128 , 0.897436 , -2.497844
0.205128 , 0.923077 , -2.498013
0.205128 , 0.948718 , -2.497251
0.205128 , 0.974359 , -2.496341
0.205128 , 1.000000 , -2.496785
0.230769 , 0.000000 , -2.217883
0.230769 , 0.025641 , -2.216419
0.230769 , 0.051282 , -2.214547
0.230769 , 0.076923 , -2.213428
0.230769 , 0.102564 , -2.212240
0.230769 , 0.128205 , -2.209499
0.230769 , 0.153846 , -2.207340
0.230769 , 0.179487 , -2.206413
0.230769 , 0.205128 , -2.207016
0.230769 , 0.230769 , -2.208722
0.230769 , 0.256410 , -2.212248
0.230769 , 0.282051 , -2.216828
0.230769 , 0.307692 , -2.223103
0.230769 , 0.333333 , -2.231323
0.230769 , 0.358974 , -2.242408
0.230769 , 0.384615 , -2.254761
0.230769 , 0.410256 , -2.268161
0.230769 , 0.435897 , -2.281817
0.230769 , 0.461538 , -2.296050
0.230769 , 0.487179 , -2.311226
0.230769 , 0.512821 , -2.326781
0.230769 , 0.538462 , -2.341232
0.230769 , 0.564103 , -2.353716
0.230769 , 0.589744 , -2.366415
0.230769 , 0.615385 , -2.378911
0.230769 , 0.641026 , -2.390398
0.230769 , 0.666667 , -2.401262
0.230769 , 0.692308 , -2.411532
0.230769 , 0.717949 , -2.420579
0.230769 , 0.743590 , -2.428238
0.230769 , 0.769231 , -2.434932
0.230769 , 0.794872 , -2.440415
0.230769 , 0.820513 , -2.444088
0.230769 , 0.846154 , -2.448590
0.230769 , 0.871795 , -2.451824
0.230769 , 0.897436 , -2.454177
0.230769 , 0.923077 , -2.454600
0.230769 , 0.948718 , -2.453583
0.230769 , 0.974359 , -2.452084
0.230769 , 1.000000 , -2.452632
0.256410 , 0.000000 , -2.161720
0.256410 , 0.025641 , -2.160635
0.256410 , 0.051282 , -2.158891
0.256410 , 0.076923 , -2.157407
0.256410 , 0.102564 , -2.156586
0.256410 , 0.128205 , -2.154932
0.256410 , 0.153846 , -2.152984
0.256410 , 0.179487 , -2.151765
0.256410 , 0.205128 , -2.152452
0.256410 , 0.230769 , -2.154739
0.256410 , 0.256410 , -2.158736
0.256410 , 0.282051 , -2.163210
0.256410 , 0.307692 , -2.169130
0.256410 , 0.333333 , -2.177129
0.256410 , 0.358974 , -2.187146
0.256410 , 0.384615 , -2.199062
0.256410 , 0.410256 , -2.212301
0.256410 , 0.435897 , -2.225777
0.256410 , 0.461538 , -2.239800
0.256410 , 0.487179 , -2.255135
0.256410 , 0.512821 , -2.270725
0.256410 , 0.538462 , -2.284915
0.256410 , 0.564103 , -2.297928
0.256410 , 0.589744 , -2.310955
0.256410 , 0.615385 , -2.323857
0.256410 , 0.641026 , -2.336217
0.256410 , 0.666667 , -2.347784
0.256410 , 0.692308 , -2.358466
0.256410 , 0.717949 , -2.367192
0.256410 , 0.743590 , -2.374724
0.256410 , 0.769231 , -2.382421
0.256410 , 0.794872 , -2.388785
0.256410 , 0.820513 , -2.393064
0.256410 , 0.846154 , -2.397542
0.256410 , 0.871795 , -2.400479
0.256410 , 0.897436 , -2.402942
0.256410 , 0.923077 , -2.404103
0.256410 , 0.948718 , -2.403985
0.256410 , 0.974359 , -2.402845
0.256410 , 1.000000 , -2.402457
0.282051 , 0.000000 , -2.104076
0.282051 , 0.025641 , -2.103385
0.282051 , 0.051282 , -2.102280
0.282051 , 0.076923 , -2.101055
0.282051 , 0.102564 , -2.100183
0.282051 , 0.128205 , -2.099458
0.282051 , 0.153846 , -2.097968
0.282051 , 0.179487 , -2.096618
0.282051 , 0.205128 , -2.097620
0.282051 , 0.230769 , -2.099697
0.282051 , 0.256410 , -2.103463
0.282051 , 0.282051 , -2.108517
0.282051 , 0.307692 , -2.114133
0.282051 , 0.333333 , -2.122071
0.282051 , 0.358974 , -2.131493
0.282051 , 0.384615 , -2.142386
0.282051 , 0.410256 , -2.155247
0.282051 , 0.435897 , -2.168023
0.282051 , 0.461538 , -2.181306
0.282051 , 0.487179 , -2.195637
0.282051 , 0.512821 , -2.210837
0.282051 , 0.538462 , -2.225363
0.282051 , 0.564103 , -2.238852
0.282051 , 0.589744 , -2.251807
0.282051 , 0.615385 , -2.265254
0.282051 , 0.641026 , -2.278153
0.282051 , 0.666667 , -2.289351
0.282051 , 0.692308 , -2.299396
0.282051 , 0.717949 , -2.308272
0.282051 , 0.743590 , -2.316317
0.282051 , 0.769231 , -2.324669
0.282051 , 0.794872 , -2.332067
0.282051 , 0.820513 , -2.336792
0.282051 , 0.846154 , -2.340612
0.282051 , 0.871795 , -2.343655
0.282051 , 0.897436 , -2.346305
0.282051 , 0.923077 , -2.347942
0.282051 , 0.948718 , -2.348182
0.282051 , 0.974359 , -2.347711
0.282051 , 1.000000 , -2.347022
0.307692 , 0.000000 , -2.045839
0.307692 , 0.025641 , -2.045622
0.307692 , 0.051282 , -2.044777
0.307692 , 0.076923 , -2.044097
0.307692 , 0.102564 , -2.043419
0.307692 , 0.128205 , -2.043268
0.307692 , 0.153846 , -2.042421
0.307692 , 0.179487 , -2.041507
0.307692 , 0.205128 , -2.042707
0.307692 , 0.230769 , -2.045073
0.307692 , 0.256410 , -2.048179
0.307692 , 0.282051 , -2.053304
0.307692 , 0.307692 , -2.058983
0.307692 , 0.333333 , -2.066276
0.307692 , 0.358974 , -2.074690
0.307692 , 0.384615 , -2.084654
0.307692 , 0.410256 , -2.096335
0.307692 , 0.435897 , -2.108414
0.307692 , 0.461538 , -2.121192
0.307692 , 0.487179 , -2.134705
0.307692 , 0.512821 , -2.148773
0.307692 , 0.538462 , -2.163054
0.307692 , 0.564103 , -2.176695
0.307692 , 0.589744 , -2.189808
0.307692 , 0.615385 , -2.202585
0.307692 , 0.641026 , -2.214878
0.307692 , 0.666667 , -2.226273
0.307692 , 0.692308 , -2.236010
0.307692 , 0.717949 , -2.244957
0.307692 , 0.743590 , -2.253849
0.307692 , 0.769231 , -2.262355
0.307692 , 0.794872 , -2.269822
0.307692 , 0.820513 , -2.275443
0.307692 , 0.846154 , -2.279133
0.307692 , 0.871795 , -2.282105
0.307692 , 0.897436 , -2.284686
0.307692 , 0.923077 , -2.286087
0.307692 , 0.948718 , -2.286499
0.307692 , 0.974359 , -2.286652
0.307692 , 1.000000 , -2.286042
0.333333 , 0.000000 , -1.987691
0.333333 , 0.025641 , -1.988023
0.333333 , 0.051282 , -1.987518
0.333333 , 0.076923 , -1.986759
0.333333 , 0.102564 , -1.986608
0.333333 , 0.128205 , -1.986968
0.333333 , 0.153846 , -1.986651
0.333333 , 0.179487 , -1.986550
0.333333 , 0.205128 , -1.988117
0.333333 , 0.230769 , -1.990187
0.333333 , 0.256410 , -1.993277
0.333333 , 0.282051 , -1.998904
0.333333 , 0.307692 , -2.004850
0.333333 , 0.333333 , -2.010952
0.333333 , 0.358974 , -2.018106
0.333333 , 0.384615 , -2.026431
0.333333 , 0.410256 , -2.036825
0.333333 , 0.435897 , -2.048162
0.333333 , 0.461538 , -2.060184
0.333333 , 0.487179 , -2.072696
0.333333 , 0.512821 , -2.085455
0.333333 , 0.538462 , -2.098762
0.333333 , 0.564103 , -2.111435
0.333333 , 0.589744 , -2.124246
0.333333 , 0.615385 , -2.136722
0.333333 , 0.641026 , -2.148459
0.333333 , 0.666667 , -2.159215
0.333333 , 0.692308 , -2.168753
0.333333 , 0.717949 , -2.177646
0.333333 , 0.743590 , -2.187475
0.333333 , 0.769231 , -2.196578
0.333333 , 0.794872 , -2.203279
0.333333 , 0.820513 , -2.208920
0.333333 , 0.846154 , -2.213698
0.333333 , 0.871795 , -2.216265
0.333333 , 0.897436 , -2.218851
0.333333 , 0.923077 , -2.220034
0.333333 , 0.948718 , -2.220587
0.333333 , 0.974359 , -2.221140
0.333333 , 1.000000 , -2.220887
0.358974 , 0.000000 , -1.931185
0.358974 , 0.025641 , -1.931249
0.358974 , 0.051282 , -1.931053
0.358974 , 0.076923 , -1.930945
0.358974 , 0.102564 , -1.931320
0.358974 , 0.128205 , -1.932010
0.358974 , 0.153846 , -1.932686
0.358974 , 0.179487 , -1.933746
0.358974 , 0.205128 , -1.935277
0.358974 , 0.230769 , -1.937564
0.358974 , 0.256410 , -1.939901
0.358974 , 0.282051 , -1.944290
0.358974 , 0.307692 , -1.950327
0.358974 , 0.333333 , -1.955740
0.358974 , 0.358974 , -1.961544
0.358974 , 0.384615 , -1.969072
0.358974 , 0.410256 , -1.977779
0.358974 , 0.435897 , -1.987948
0.358974 , 0.461538 , -1.998775
0.358974 , 0.487179 , -2.010048
0.358974 , 0.512821 , -2.021371
0.358974 , 0.538462 , -2.033468
0.358974 , 0.564103 , -2.045171
0.358974 , 0.589744 , -2.057013
0.358974 , 0.615385 , -2.068899
0.358974 , 0.641026 , -2.079847
0.358974 , 0.666667 , -2.089836
0.358974 , 0.692308 , -2.098919
0.358974 , 0.717949 , -2.107368
0.358974 , 0.743590 , -2.116794
0.358974 , 0.769231 , -2.126417
0.358974 , 0.794872 , -2.133321
0.358974 , 0.820513 , -2.138827
0.358974 , 0.846154 , -2.144062
0.358974 , 0.871795 , -2.147626
0.358974 , 0.897436 , -2.149653
0.358974 , 0.923077 , -2.150443
0.358974 , 0.948718 , -2.151166
0.358974 , 0.974359 , -2.151603
0.358974 , 1.000000 , -2.151303
0.384615 , 0.000000 , -1.875505
0.384615 , 0.025641 , -1.875571
0.384615 , 0.051282 , -1.875289
0.384615 , 0.076923 , -1.875762
0.384615 , 0.102564 , -1.876632
0.384615 , 0.128205 , -1.878421
0.384615 , 0.153846 , -1.879736
0.384615 , 0.179487 , -1.881292
0.384615 , 0.205128 , -1.882651
0.384615 , 0.230769 , -1.884529
0.384615 , 0.256410 , -1.887474
0.384615 , 0.282051 , -1.891306
0.384615 , 0.307692 , -1.896462
0.384615 , 0.333333 , -1.901327
0.384615 , 0.358974 , -1.906045
0.384615 , 0.384615 , -1.912233
0.384615 , 0.410256 , -1.919536
0.384615 , 0.435897 , -1.928294
0.384615 , 0.461538 , -1.937375
0.384615 , 0.487179 , -1.947389
0.384615 , 0.512821 , -1.957449
0.384615 , 0.538462 , -1.967682
0.384615 , 0.564103 , -1.977730
0.384615 , 0.589744 , -1.988326
0.384615 , 0.615385 , -1.999365
0.384615 , 0.641026 , -2.009872
0.384615 , 0.666667 , -2.019070
0.384615 , 0.692308 , -2.028162
0.384615 , 0.717949 , -2.036430
0.384615 , 0.743590 , -2.044459
0.384615 , 0.769231 , -2.053383
0.384615 , 0.794872 , -2.060476
0.384615 , 0.820513 , -2.066412
0.384615 , 0.846154 , -2.071819
0.384615 , 0.871795 , -2.075596
0.384615 , 0.897436 , -2.077713
0.384615 , 0.923077 , -2.078566
0.384615 , 0.948718 , -2.079553
0.384615 , 0.974359 , -2.079301
0.384615 , 1.000000 , -2.078964
0.410256 , 0.000000 , -1.820258
0.410256 , 0.025641 , -1.820431
0.410256 , 0.051282 , -1.820697
0.410256 , 0.076923 , -1.821676
0.410256 , 0.102564 , -1.822770
0.410256 , 0.128205 , -1.824844
0.410256 , 0.153846 , -1.826459
0.410256 , 0.179487 , -1.828342
0.410256 , 0.205128 , -1.830713
0.410256 , 0.230769 , -1.832827
0.410256 , 0.256410 , -1.835596
0.410256 , 0.282051 , -1.839357
0.410256 , 0.307692 , -1.843434
0.410256 , 0.333333 , -1.847786
0.410256 , 0.358974 , -1.851841
0.410256 , 0.384615 , -1.856493
0.410256 , 0.410256 , -1.862275
0.410256 , 0.435897 , -1.869232
0.410256 , 0.461538 , -1.876800
0.410256 , 0.487179 , -1.885133
0.410256 , 0.512821 , -1.893793
0.410256 , 0.538462 , -1.902254
0.410256 , 0.564103 , -1.910016
0.410256 , 0.589744 , -1.918624
0.410256 , 0.615385 , -1.928656
0.410256 , 0.641026 , -1.938394
0.410256 , 0.666667 , -1.946675
0.410256 , 0.692308 , -1.955308
0.410256 , 0.717949 , -1.963773
0.410256 , 0.743590 , -1.971328
0.410256 , 0.769231 , -1.978364
0.410256 , 0.794872 , -1.985332
0.410256 , 0.820513 , -1.991115
0.410256 , 0.846154 , -1.996626
0.410256 , 0.871795 , -2.000951
0.410256 , 0.897436 , -2.003319
0.410256 , 0.923077 , -2.004621
0.410256 , 0.948718 , -2.005724
0.410256 , 0.974359 , -2.005606
0.410256 , 1.000000 , -2.004923
0.435897 , 0.000000 , -1.766596
0.435897 , 0.025641 , -1.767383
0.435897 , 0.051282 , -1.767894
0.435897 , 0.076923 , -1.768359
0.435897 , 0.102564 , -1.769972
0.435897 , 0.128205 , -1.772013
0.435897 , 0.153846 , -1.773900
0.435897 , 0.179487 , -1.776426
0.435897 , 0.205128 , -1.780099
0.435897 , 0.230769 , -1.783003
0.435897 , 0.256410 , -1.785987
0.435897 , 0.282051 , -1.788555
0.435897 , 0.307692 , -1.791421
0.435897 , 0.333333 , -1.795140
0.435897 , 0.358974 , -1.798687
0.435897 , 0.384615 , -1.802312
0.435897 , 0.410256 , -1.806619
0.435897 , 0.435897 , -1.811968
0.435897 , 0.461538 , -1.817399
0.435897 , 0.487179 , -1.823122
0.435897 , 0.512821 , -1.830123
0.435897 , 0.538462 , -1.837361
0.435897 , 0.564103 , -1.843767
0.435897 , 0.589744 , -1.850273
0.435897 , 0.615385 , -1.858446
0.435897 , 0.641026 , -1.866837
0.435897 , 0.666667 , -1.874368
0.435897 , 0.692308 , -1.882230
0.435897 , 0.717949 , -1.889443
0.435897 , 0.743590 , -1.896547
0.435897 , 0.769231 , -1.902836
0.435897 , 0.794872 , -1.909127
0.435897 , 0.820513 , -1.915004
0.435897 , 0.846154 , -1.920171
0.435897 , 0.871795 , -1.924309
0.435897 , 0.897436 , -1.927401
0.435897 , 0.923077 , -1.929452
0.435897 , 0.948718 , -1.930321
0.435897 , 0.974359 , -1.930302
0.435897 , 1.000000 , -1.930269
0.461538 , 0.000000 , -1.715300
0.461538 , 0.025641 , -1.715822
0.461538 , 0.051282 , -1.716583
0.461538 , 0.076923 , -1.717498
0.461538 , 0.102564 , -1.718830
0.461538 , 0.128205 , -1.720945
0.461538 , 0.153846 , -1.723392
0.461538 , 0.179487 , -1.726846
0.461538 , 0.205128 , -1.730754
0.461538 , 0.230769 , -1.734521
0.461538 , 0.256410 , -1.737258
0.461538 , 0.282051 , -1.739376
0.461538 , 0.307692 , -1.741178
0.461538 , 0.333333 , -1.744107
0.461538 , 0.358974 , -1.746739
0.461538 , 0.384615 , -1.749383
0.461538 , 0.410256 , -1.752137
0.461538 , 0.435897 , -1.755381
0.461538 , 0.461538 , -1.758677
0.461538 , 0.487179 , -1.762011
0.461538 , 0.512821 , -1.766870
0.461538 , 0.538462 , -1.772715
0.461538 , 0.564103 , -1.777655
0.461538 , 0.589744 , -1.782549
0.461538 , 0.615385 , -1.788812
0.461538 , 0.641026 , -1.795996
0.461538 , 0.666667 , -1.802683
0.461538 , 0.692308 , -1.808979
0.461538 , 0.717949 , -1.815380
0.461538 , 0.743590 , -1.821296
0.461538 , 0.769231 , -1.827203
0.461538 , 0.794872 , -1.832965
0.461538 , 0.820513 , -1.838687
0.461538 , 0.846154 , -1.843101
0.461538 , 0.871795 , -1.846566
0.461538 , 0.897436 , -1.849746
0.461538 , 0.923077 , -1.852101
0.461538 , 0.948718 , -1.853144
0.461538 , 0.974359 , -1.853655
0.461538 , 1.000000 , -1.854221
0.487179 , 0.000000 , -1.665327
0.487179 , 0.025641 , -1.665560
0.487179 , 0.051282 , -1.666530
0.487179 , 0.076923 , -1.668083
0.487179 , 0.102564 , -1.669996
0.487179 , 0.128205 , -1.672151
0.487179 , 0.153846 , -1.675061
0.487179 , 0.179487 , -1.679119
0.487179 , 0.205128 , -1.682979
0.487179 , 0.230769 , -1.686039
0.487179 , 0.256410 , -1.688864
0.487179 , 0.282051 , -1.690516
0.487179 , 0.307692 , -1.692420
0.487179 , 0.333333 , -1.694393
0.487179 , 0.358974 , -1.695976
0.487179 , 0.384615 , -1.697086
0.487179 , 0.410256 , -1.698063
0.487179 , 0.435897 , -1.699785
0.487179 , 0.461538 , -1.701680
0.487179 , 0.487179 , -1.703562
0.487179 , 0.512821 , -1.706380
0.487179 , 0.538462 , -1.709725
0.487179 , 0.564103 , -1.712707
0.487179 , 0.589744 , -1.715680
0.487179 , 0.615385 , -1.719955
0.487179 , 0.641026 , -1.725392
0.487179 , 0.666667 , -1.730863
0.487179 , 0.692308 , -1.735953
0.487179 , 0.717949 , -1.740995
0.487179 , 0.743590 , -1.745829
0.487179 , 0.769231 , -1.750947
0.487179 , 0.794872 , -1.756544
0.487179 , 0.820513 , -1.761804
0.487179 , 0.846154 , -1.766089
0.487179 , 0.871795 , -1.769070
0.487179 , 0.897436 , -1.771724
0.487179 , 0.923077 , -1.774696
0.487179 , 0.948718 , -1.776126
0.487179 , 0.974359 , -1.776887
0.487179 , 1.000000 , -1.777602
0.512821 , 0.000000 , -1.616306
0.512821 , 0.025641 , -1.616604
0.512821 , 0.051282 , -1.618220
0.512821 , 0.076923 , -1.620369
0.512821 , 0.102564 , -1.622967
0.512821 , 0.128205 , -1.625723
0.512821 , 0.153846 , -1.628329
0.512821 , 0.179487 , -1.632310
0.512821 , 0.205128 , -1.636698
0.512821 , 0.230769 , -1.639254
0.512821 , 0.256410 , -1.641072
0.512821 , 0.282051 , -1.643093
0.512821 , 0.307692 , -1.644943
0.512821 , 0.333333 , -1.645799
0.512821 , 0.358974 , -1.646154
0.512821 , 0.384615 , -1.645910
0.512821 , 0.410256 , -1.645596
0.512821 , 0.435897 , -1.645828
0.512821 , 0.461538 , -1.646105
0.512821 , 0.487179 , -1.646469
0.512821 , 0.512821 , -1.647499
0.512821 , 0.538462 , -1.648588
0.512821 , 0.564103 , -1.649476
0.512821 , 0.589744 , -1.650190
0.512821 , 0.615385 , -1.652720
0.512821 , 0.641026 , -1.655794
0.512821 , 0.666667 , -1.659593
0.512821 , 0.692308 , -1.663230
0.512821 , 0.717949 , -1.666932
0.512821 , 0.743590 , -1.671285
0.512821 , 0.769231 , -1.675887
0.512821 , 0.794872 , -1.680486
0.512821 , 0.820513 , -1.685152
0.512821 , 0.846154 , -1.689047
0.512821 , 0.871795 , -1.691542
0.512821 , 0.897436 , -1.694004
0.512821 , 0.923077 , -1.697102
0.512821 , 0.948718 , -1.698776
0.512821 , 0.974359 , -1.699897
0.512821 , 1.000000 , -1.700756
0.538462 , 0.000000 , -1.569309
0.538462 , 0.025641 , -1.569852
0.538462 , 0.051282 , -1.571440
0.538462 , 0.076923 , -1.574157
0.538462 , 0.102564 , -1.577540
0.538462 , 0.128205 , -1.580339
0.538462 , 0.153846 , -1.583199
0.538462 , 0.179487 , -1.586980
0.538462 , 0.205128 , -1.591331
0.538462 , 0.230769 , -1.594524
0.538462 , 0.256410 , -1.595644
0.538462 , 0.282051 , -1.596880
0.538462 , 0.307692 , -1.597939
0.538462 , 0.333333 , -1.598097
0.538462 , 0.358974 , -1.597946
0.538462 , 0.384615 , -1.596488
0.538462 , 0.410256 , -1.595551
0.538462 , 0.435897 , -1.593996
0.538462 , 0.461538 , -1.592199
0.538462 , 0.487179 , -1.590580
0.538462 , 0.512821 , -1.589613
0.538462 , 0.538462 , -1.588570
0.538462 , 0.564103 , -1.587973
0.538462 , 0.589744 , -1.586443
0.538462 , 0.615385 , -1.586846
0.538462 , 0.641026 , -1.588048
0.538462 , 0.666667 , -1.589959
0.538462 , 0.692308 , -1.592048
0.538462 , 0.717949 , -1.594421
0.538462 , 0.743590 , -1.597808
0.538462 , 0.769231 , -1.601354
0.538462 , 0.794872 , -1.605349
0.538462 , 0.820513 , -1.609455
0.538462 , 0.846154 , -1.612961
0.538462 , 0.871795 , -1.614753
0.538462 , 0.897436 , -1.617402
0.538462 , 0.923077 , -1.620220
0.538462 , 0.948718 , -1.622092
0.538462 , 0.974359 , -1.623465
0.538462 , 1.000000 , -1.624616
0.564103 , 0.000000 , -1.524269
0.564103 , 0.025641 , -1.525052
0.564103 , 0.051282 , -1.526812
0.564103 , 0.076923 , -1.529669
0.564103 , 0.102564 , -1.533358
0.564103 , 0.128205 , -1.536055
0.564103 , 0.153846 , -1.539440
0.564103 , 0.179487 , -1.543938
0.564103 , 0.205128 , -1.547896
0.564103 , 0.230769 , -1.551018
0.564103 , 0.256410 , -1.552348
0.564103 , 0.282051 , -1.552501
0.564103 , 0.307692 , -1.552497
0.564103 , 0.333333 , -1.552540
0.564103 , 0.358974 , -1.551313
0.564103 , 0.384615 , -1.549016
0.564103 , 0.410256 , -1.546957
0.564103 , 0.435897 , -1.544352
0.564103 , 0.461538 , -1.540918
0.564103 , 0.487179 , -1.536789
0.564103 , 0.512821 , -1.533485
0.564103 , 0.538462 , -1.530862
0.564103 , 0.564103 , -1.528671
0.564103 , 0.589744 , -1.525810
0.564103 , 0.615385 , -1.523507
0.564103 , 0.641026 , -1.522782
0.564103 , 0.666667 , -1.523197
0.564103 , 0.692308 , -1.523472
0.564103 , 0.717949 , -1.524122
0.564103 , 0.743590 , -1.526220
0.564103 , 0.769231 , -1.528950
0.564103 , 0.794872 , -1.532155
0.564103 , 0.820513 , -1.535551
0.564103 , 0.846154 , -1.538475
0.564103 , 0.871795 , -1.539671
0.564103 , 0.897436 , -1.542048
0.564103 , 0.923077 , -1.544703
0.564103 , 0.948718 , -1.546658
0.564103 , 0.974359 , -1.548186
0.564103 , 1.000000 , -1.548671
0.589744 , 0.000000 , -1.481312
0.589744 , 0.025641 , -1.482608
0.589744 , 0.051282 , -1.484502
0.589744 , 0.076923 , -1.487480
0.589744 , 0.102564 , -1.491466
0.589744 , 0.128205 , -1.494620
0.589744 , 0.153846 , -1.498336
0.589744 , 0.179487 , -1.503121
0.589744 , 0.205128 , -1.506535
0.589744 , 0.230769 , -1.509510
0.589744 , 0.256410 , -1.510344
0.589744 , 0.282051 , -1.509978
0.589744 , 0.307692 , -1.508927
0.589744 , 0.333333 , -1.508185
0.589744 , 0.358974 , -1.505934
0.589744 , 0.384615 , -1.502934
0.589744 , 0.410256 , -1.499672
0.589744 , 0.435897 , -1.496507
0.589744 , 0.461538 , -1.491443
0.589744 , 0.487179 , -1.486050
0.589744 , 0.512821 , -1.480190
0.589744 , 0.538462 , -1.475719
0.589744 , 0.564103 , -1.471705
0.589744 , 0.589744 , -1.467390
0.589744 , 0.615385 , -1.463198
0.589744 , 0.641026 , -1.459916
0.589744 , 0.666667 , -1.458466
0.589744 , 0.692308 , -1.457473
0.589744 , 0.717949 , -1.456417
0.589744 , 0.743590 , -1.456236
0.589744 , 0.769231 , -1.458164
0.589744 , 0.794872 , -1.461046
0.589744 , 0.820513 , -1.463353
0.589744 , 0.846154 , -1.465542
0.589744 , 0.871795 , -1.466931
0.589744 , 0.897436 , -1.467998
0.589744 , 0.923077 , -1.469914
0.589744 , 0.948718 , -1.472607
0.589744 , 0.974359 , -1.474401
0.589744 , 1.000000 , -1.474751
0.615385 , 0.000000 , -1.441122
0.615385 , 0.025641 , -1.442245
0.615385 , 0.051282 , -1.444329
0.615385 , 0.076923 , -1.447648
0.615385 , 0.102564 , -1.451783
0.615385 , 0.128205 , -1.455080
0.615385 , 0.153846 , -1.459193
0.615385 , 0.179487 , -1.463605
0.615385 , 0.205128 , -1.466738
0.615385 , 0.230769 , -1.468989
0.615385 , 0.256410 , -1.470034
0.615385 , 0.282051 , -1.469199
0.615385 , 0.307692 , -1.467426
0.615385 , 0.333333 , -1.465779
0.615385 , 0.358974 , -1.463129
0.615385 , 0.384615 , -1.459573
0.615385 , 0.410256 , -1.455296
0.615385 , 0.435897 , -1.450474
0.615385 , 0.461538 , -1.444659
0.615385 , 0.487179 , -1.438600
0.615385 , 0.512821 , -1.431299
0.615385 , 0.538462 , -1.424810
0.615385 , 0.564103 , -1.418659
0.615385 , 0.589744 , -1.412482
0.615385 , 0.615385 , -1.406593
0.615385 , 0.641026 , -1.401193
0.615385 , 0.666667 , -1.397235
0.615385 , 0.692308 , -1.395004
0.615385 , 0.717949 , -1.392548
0.615385 , 0.743590 , -1.390080
0.615385 , 0.769231 , -1.389541
0.615385 , 0.794872 , -1.391263
0.615385 , 0.820513 , -1.393019
0.615385 , 0.846154 , -1.393654
0.615385 , 0.871795 , -1.395272
0.615385 , 0.897436 , -1.396330
0.615385 , 0.923077 , -1.398383
0.615385 , 0.948718 , -1.400197
0.615385 , 0.974359 , -1.402286
0.615385 , 1.000000 , -1.402861
0.641026 , 0.000000 , -1.403688
0.641026 , 0.025641 , -1.404427
0.641026 , 0.051282 , -1.406270
0.641026 , 0.076923 , -1.409082
0.641026 , 0.102564 , -1.413684
0.641026 , 0.128205 , -1.417269
0.641026 , 0.153846 , -1.420886
0.641026 , 0.179487 , -1.424791
0.641026 , 0.205128 , -1.428654
0.641026 , 0.230769 , -1.430458
0.641026 , 0.256410 , -1.431866
0.641026 , 0.282051 , -1.431459
0.641026 , 0.307692 , -1.428721
0.641026 , 0.333333 , -1.425689
0.641026 , 0.358974 , -1.422499
0.641026 , 0.384615 , -1.418530
0.641026 , 0.410256 , -1.413418
0.641026 , 0.435897 , -1.406947
0.641026 , 0.461538 , -1.400304
0.641026 , 0.487179 , -1.393276
0.641026 , 0.512821 , -1.384848
0.641026 , 0.538462 , -1.376339
0.641026 , 0.564103 , -1.368198
0.641026 , 0.589744 , -1.359848
0.641026 , 0.615385 , -1.352127
0.641026 , 0.641026 , -1.345610
0.641026 , 0.666667 , -1.339384
0.641026 , 0.692308 , -1.334653
0.641026 , 0.717949 , -1.330821
0.641026 , 0.743590 , -1.327216
0.641026 , 0.769231 , -1.324933
0.641026 , 0.794872 , -1.324823
0.641026 , 0.820513 , -1.324934
0.641026 , 0.846154 , -1.325120
0.641026 , 0.871795 , -1.326315
0.641026 , 0.897436 , -1.327650
0.641026 , 0.923077 , -1.329917
0.641026 , 0.948718 , -1.330882
0.641026 , 0.974359 , -1.332479
0.641026 , 1.000000 , -1.332883
0.666667 , 0.000000 , -1.367847
0.666667 , 0.025641 , -1.368865
0.666667 , 0.051282 , -1.370448
0.666667 , 0.076923 , -1.372869
0.666667 , 0.102564 , -1.377558
0.666667 , 0.128205 , -1.381702
0.666667 , 0.153846 , -1.384586
0.666667 , 0.179487 , -1.388410
0.666667 , 0.205128 , -1.392057
0.666667 , 0.230769 , -1.393681
0.666667 , 0.256410 , -1.394725
0.666667 , 0.282051 , -1.394497
0.666667 , 0.307692 , -1.391440
0.666667 , 0.333333 , -1.387532
0.666667 , 0.358974 , -1.384197
0.666667 , 0.384615 , -1.379363
0.666667 , 0.410256 , -1.373639
0.666667 , 0.435897 , -1.366693
0.666667 , 0.461538 , -1.358913
0.666667 , 0.487179 , -1.350356
0.666667 , 0.512821 , -1.340690
0.666667 , 0.538462 , -1.330422
0.666667 , 0.564103 , -1.320708
0.666667 , 0.589744 , -1.311074
0.666667 , 0.615385 , -1.301449
0.666667 , 0.641026 , -1.292982
0.666667 , 0.666667 , -1.285279
0.666667 , 0.692308 , -1.278113
0.666667 , 0.717949 , -1.272618
0.666667 , 0.743590 , -1.267904
0.666667 , 0.769231 , -1.264816
0.666667 , 0.794872 , -1.263170
0.666667 , 0.820513 , -1.261351
0.666667 , 0.846154 , -1.261040
0.666667 , 0.871795 , -1.261743
0.666667 , 0.897436 , -1.262869
0.666667 , 0.923077 , -1.264985
0.666667 , 0.948718 , -1.265135
0.666667 , 0.974359 , -1.266236
0.666667 , 1.000000 , -1.266962
0.692308 , 0.000000 , -1.334715
0.692308 , 0.025641 , -1.335352
0.692308 , 0.051282 , -1.337045
0.692308 , 0.076923 , -1.339384
0.692308 , 0.102564 , -1.343260
0.692308 , 0.128205 , -1.347383
0.692308 , 0.153846 , -1.349968
0.692308 , 0.179487 , -1.353983
0.692308 , 0.205128 , -1.357628
0.692308 , 0.230769 , -1.359308
0.692308 , 0.256410 , -1.359984
0.692308 , 0.282051 , -1.358663
0.692308 , 0.307692 , -1.355310
0.692308 , 0.333333 , -1.351412
0.692308 , 0.358974 , -1.347791
0.692308 , 0.384615 , -1.342412
0.692308 , 0.410256 , -1.335696
0.692308 , 0.435897 , -1.328515
0.692308 , 0.461538 , -1.320250
0.692308 , 0.487179 , -1.310432
0.692308 , 0.512821 , -1.299897
0.692308 , 0.538462 , -1.288559
0.692308 , 0.564103 , -1.277307
0.692308 , 0.589744 , -1.266298
0.692308 , 0.615385 , -1.254869
0.692308 , 0.641026 , -1.244458
0.692308 , 0.666667 , -1.234874
0.692308 , 0.692308 , -1.225663
0.692308 , 0.717949 , -1.218501
0.692308 , 0.743590 , -1.212619
0.692308 , 0.769231 , -1.208410
0.692308 , 0.794872 , -1.205047
0.692308 , 0.820513 , -1.202378
0.692308 , 0.846154 , -1.201454
0.692308 , 0.871795 , -1.201985
0.692308 , 0.897436 , -1.202320
0.692308 , 0.923077 , -1.203792
0.692308 , 0.948718 , -1.204352
0.692308 , 0.974359 , -1.204504
0.692308 , 1.000000 , -1.205386
0.717949 , 0.000000 , -1.303837
0.717949 , 0.025641 , -1.304381
0.717949 , 0.051282 , -1.306317
0.717949 , 0.076923 , -1.308423
0.717949 , 0.102564 , -1.311601
0.717949 , 0.128205 , -1.315482
0.717949 , 0.153846 , -1.318373
0.717949 , 0.179487 , -1.321186
0.717949 , 0.205128 , -1.324050
0.717949 , 0.230769 , -1.326143
0.717949 , 0.256410 , -1.326572
0.717949 , 0.282051 , -1.325502
0.717949 , 0.307692 , -1.321782
0.717949 , 0.333333 , -1.318022
0.717949 , 0.358974 , -1.313535
0.717949 , 0.384615 , -1.307689
0.717949 , 0.410256 , -1.300416
0.717949 , 0.435897 , -1.292004
0.717949 , 0.461538 , -1.282951
0.717949 , 0.487179 , -1.272552
0.717949 , 0.512821 , -1.261301
0.717949 , 0.538462 , -1.249354
0.717949 , 0.564103 , -1.236952
0.717949 , 0.589744 , -1.224250
0.717949 , 0.615385 , -1.211403
0.717949 , 0.641026 , -1.199955
0.717949 , 0.666667 , -1.189082
0.717949 , 0.692308 , -1.178326
0.717949 , 0.717949 , -1.169791
0.717949 , 0.743590 , -1.161713
0.717949 , 0.769231 , -1.156588
0.717949 , 0.794872 , -1.151837
0.717949 , 0.820513 , -1.147927
0.717949 , 0.846154 , -1.145576
0.717949 , 0.871795 , -1.145638
0.717949 , 0.897436 , -1.145362
0.717949 , 0.923077 , -1.145427
0.717949 , 0.948718 , -1.146202
0.717949 , 0.974359 , -1.147133
0.717949 , 1.000000 , -1.147763
0.743590 , 0.000000 , -1.275312
0.743590 , 0.025641 , -1.275925
0.743590 , 0.051282 , -1.277965
0.743590 , 0.076923 , -1.279723
0.743590 , 0.102564 , -1.282205
0.743590 , 0.128205 , -1.285301
0.743590 , 0.153846 , -1.288010
0.743590 , 0.179487 , -1.290352
0.743590 , 0.205128 , -1.292646
0.743590 , 0.230769 , -1.294573
0.743590 , 0.256410 , -1.294533
0.743590 , 0.282051 , -1.293894
0.743590 , 0.307692 , -1.290845
0.743590 , 0.333333 , -1.286864
0.743590 , 0.358974 , -1.281770
0.743590 , 0.384615 , -1.275356
0.743590 , 0.410256 , -1.268007
0.743590 , 0.435897 , -1.259010
0.743590 , 0.461538 , -1.248666
0.743590 , 0.487179 , -1.237411
0.743590 , 0.512821 , -1.225291
0.743590 , 0.538462 , -1.212220
0.743590 , 0.564103 , -1.199068
0.743590 , 0.589744 , -1.185585
0.743590 , 0.615385 , -1.171793
0.743590 , 0.641026 , -1.159683
0.743590 , 0.666667 , -1.148596
0.743590 , 0.692308 , -1.136537
0.743590 , 0.717949 , -1.125764
0.743590 , 0.743590 , -1.116839
0.743590 , 0.769231 , -1.109880
0.743590 , 0.794872 , -1.104017
0.743590 , 0.820513 , -1.098542
0.743590 , 0.846154 , -1.094015
0.743590 , 0.871795 , -1.092109
0.743590 , 0.897436 , -1.090890
0.743590 , 0.923077 , -1.091007
0.743590 , 0.948718 , -1.092176
0.743590 , 0.974359 , -1.094065
0.743590 , 1.000000 , -1.094789
0.769231 , 0.000000 , -1.249500
0.769231 , 0.025641 , -1.249780
0.769231 , 0.051282 , -1.251658
0.769231 , 0.076923 , -1.253149
0.769231 , 0.102564 , -1.255309
0.769231 , 0.128205 , -1.257719
0.769231 , 0.153846 , -1.259938
0.769231 , 0.179487 , -1.261160
0.769231 , 0.205128 , -1.263937
0.769231 , 0.230769 , -1.265948
0.769231 , 0.256410 , -1.266250
0.769231 , 0.282051 , -1.265280
0.769231 , 0.307692 , -1.261575
0.769231 , 0.333333 , -1.257129
0.769231 , 0.358974 , -1.252021
0.769231 , 0.384615 , -1.245440
0.769231 , 0.410256 , -1.237738
0.769231 , 0.435897 , -1.228540
0.769231 , 0.461538 , -1.217301
0.769231 , 0.487179 , -1.205298
0.769231 , 0.512821 , -1.192462
0.769231 , 0.538462 , -1.179265
0.769231 , 0.564103 , -1.165591
0.769231 , 0.589744 , -1.151479
0.769231 , 0.615385 , -1.137191
0.769231 , 0.641026 , -1.123543
0.769231 , 0.666667 , -1.111418
0.769231 , 0.692308 , -1.098715
0.769231 , 0.717949 , -1.086530
0.769231 , 0.743590 , -1.076300
0.769231 , 0.769231 , -1.067869
0.769231 , 0.794872 , -1.060128
0.769231 , 0.820513 , -1.053613
0.769231 , 0.846154 , -1.048325
0.769231 , 0.871795 , -1.044522
0.769231 , 0.897436 , -1.041407
0.769231 , 0.923077 , -1.041312
0.769231 , 0.948718 , -1.043030
0.769231 , 0.974359 , -1.044921
0.769231 , 1.000000 , -1.045265
0.794872 , 0.000000 , -1.225788
0.794872 , 0.025641 , -1.225940
0.794872 , 0.051282 , -1.227468
0.794872 , 0.076923 , -1.229208
0.794872 , 0.102564 , -1.230815
0.794872 , 0.128205 , -1.233360
0.794872 , 0.153846 , -1.235335
0.794872 , 0.179487 , -1.235915
0.794872 , 0.205128 , -1.237618
0.794872 , 0.230769 , -1.239152
0.794872 , 0.256410 , -1.239772
0.794872 , 0.282051 , -1.238370
0.794872 , 0.307692 , -1.234048
0.794872 , 0.333333 , -1.229414
0.794872 , 0.358974 , -1.224867
0.794872 , 0.384615 , -1.217789
0.794872 , 0.410256 , -1.209339
0.794872 , 0.435897 , -1.199913
0.794872 , 0.461538 , -1.188234
0.794872 , 0.487179 , -1.175700
0.794872 , 0.512821 , -1.162695
0.794872 , 0.538462 , -1.149906
0.794872 , 0.564103 , -1.135882
0.794872 , 0.589744 , -1.120676
0.794872 , 0.615385 , -1.105514
0.794872 , 0.641026 , -1.091085
0.794872 , 0.666667 , -1.078160
0.794872 , 0.692308 , -1.064925
0.794872 , 0.717949 , -1.051984
0.794872 , 0.743590 , -1.040297
0.794872 , 0.769231 , -1.029679
0.794872 , 0.794872 , -1.021247
0.794872 , 0.820513 , -1.013181
0.794872 , 0.846154 , -1.006560
0.794872 , 0.871795 , -1.002120
0.794872 , 0.897436 , -0.998115
0.794872 , 0.923077 , -0.997108
0.794872 , 0.948718 , -0.998501
0.794872 , 0.974359 , -1.000402
0.794872 , 1.000000 , -1.000704
0.820513 , 0.000000 , -1.204102
0.820513 , 0.025641 , -1.204305
0.820513 , 0.051282 , -1.205575
0.820513 , 0.076923 , -1.207185
0.820513 , 0.102564 , -1.209014
0.820513 , 0.128205 , -1.210917
0.820513 , 0.153846 , -1.212613
0.820513 , 0.179487 , -1.214095
0.820513 , 0.205128 , -1.215595
0.820513 , 0.230769 , -1.216272
0.820513 , 0.256410 , -1.214457
0.820513 , 0.282051 , -1.212750
0.820513 , 0.307692 , -1.208704
0.820513 , 0.333333 , -1.204804
0.820513 , 0.358974 , -1.200424
0.820513 , 0.384615 , -1.192970
0.820513 , 0.410256 , -1.183413
0.820513 , 0.435897 , -1.173614
0.820513 , 0.461538 , -1.161417
0.820513 , 0.487179 , -1.149195
0.820513 , 0.512821 , -1.136239
0.820513 , 0.538462 , -1.122662
0.820513 , 0.564103 , -1.108945
0.820513 , 0.589744 , -1.094187
0.820513 , 0.615385 , -1.078433
0.820513 , 0.641026 , -1.062782
0.820513 , 0.666667 , -1.048932
0.820513 , 0.692308 , -1.035460
0.820513 , 0.717949 , -1.021597
0.820513 , 0.743590 , -1.008840
0.820513 , 0.769231 , -0.997110
0.820513 , 0.794872 , -0.986913
0.820513 , 0.820513 , -0.977904
0.820513 , 0.846154 , -0.971094
0.820513 , 0.871795 , -0.966326
0.820513 , 0.897436 , -0.962118
0.820513 , 0.923077 , -0.960251
0.820513 , 0.948718 , -0.960698
0.820513 , 0.974359 , -0.961619
0.820513 , 1.000000 , -0.961696
0.846154 , 0.000000 , -1.184844
0.846154 , 0.025641 , -1.184931
0.846154 , 0.051282 , -1.185938
0.846154 , 0.076923 , -1.187488
0.846154 , 0.102564 , -1.189391
0.846154 , 0.128205 , -1.190777
0.846154 , 0.153846 , -1.192653
0.846154 , 0.179487 , -1.193548
0.846154 , 0.205128 , -1.195131
0.846154 , 0.230769 , -1.195647
0.846154 , 0.256410 , -1.193177
0.846154 , 0.282051 , -1.190396
0.846154 , 0.307692 , -1.186802
0.846154 , 0.333333 , -1.182867
0.846154 , 0.358974 , -1.178152
0.846154 , 0.384615 , -1.170362
0.846154 , 0.410256 , -1.160879
0.846154 , 0.435897 , -1.150476
0.846154 , 0.461538 , -1.138194
0.846154 , 0.487179 , -1.125804
0.846154 , 0.512821 , -1.113205
0.846154 , 0.538462 , -1.099381
0.846154 , 0.564103 , -1.085088
0.846154 , 0.589744 , -1.070091
0.846154 , 0.615385 , -1.055382
0.846154 , 0.641026 , -1.038630
0.846154 , 0.666667 , -1.023753
0.846154 , 0.692308 , -1.009633
0.846154 , 0.717949 , -0.994287
0.846154 , 0.743590 , -0.980161
0.846154 , 0.769231 , -0.967454
0.846154 , 0.794872 , -0.956305
0.846154 , 0.820513 , -0.947248
0.846154 , 0.846154 , -0.940851
0.846154 , 0.871795 , -0.935511
0.846154 , 0.897436 , -0.931951
0.846154 , 0.923077 , -0.929586
0.846154 , 0.948718 , -0.928695
0.846154 , 0.974359 , -0.928058
0.846154 , 1.000000 , -0.928282
0.871795 , 0.000000 , -1.168405
0.871795 , 0.025641 , -1.168369
0.871795 , 0.051282 , -1.169135
0.871795 , 0.076923 , -1.170358
0.871795 , 0.102564 , -1.172451
0.871795 , 0.128205 , -1.173786
0.871795 , 0.153846 , -1.175322
0.871795 , 0.179487 , -1.176657
0.871795 , 0.205128 , -1.177007
0.871795 , 0.230769 , -1.177096
0.871795 , 0.256410 , -1.175069
0.871795 , 0.282051 , -1.172172
0.871795 , 0.307692 , -1.168217
0.871795 , 0.333333 , -1.163938
0.871795 , 0.358974 , -1.158509
0.871795 , 0.384615 , -1.150679
0.871795 , 0.410256 , -1.141435
0.871795 , 0.435897 , -1.130772
0.871795 , 0.461538 , -1.118469
0.871795 , 0.487179 , -1.105884
0.871795 , 0.512821 , -1.092591
0.871795 , 0.538462 , -1.078373
0.871795 , 0.564103 , -1.064081
0.871795 , 0.589744 , -1.049190
0.871795 , 0.615385 , -1.034236
0.871795 , 0.641026 , -1.018924
0.871795 , 0.666667 , -1.002997
0.871795 , 0.692308 , -0.987421
0.871795 , 0.717949 , -0.971896
0.871795 , 0.743590 , -0.957651
0.871795 , 0.769231 , -0.945050
0.871795 , 0.794872 , -0.933328
0.871795 , 0.820513 , -0.923757
0.871795 , 0.846154 , -0.916283
0.871795 , 0.871795 , -0.909607
0.871795 , 0.897436 , -0.905431
0.871795 , 0.923077 , -0.902541
0.871795 , 0.948718 , -0.900510
0.871795 , 0.974359 , -0.899958
0.871795 , 1.000000 , -0.900277
0.897436 , 0.000000 , -1.154683
0.897436 , 0.025641 , -1.155157
0.897436 , 0.051282 , -1.155656
0.897436 , 0.076923 , -1.156611
0.897436 , 0.102564 , -1.158275
0.897436 , 0.128205 , -1.159795
0.897436 , 0.153846 , -1.160201
0.897436 , 0.179487 , -1.160942
0.897436 , 0.205128 , -1.161422
0.897436 , 0.230769 , -1.161177
0.897436 , 0.256410 , -1.159100
0.897436 , 0.282051 , -1.156400
0.897436 , 0.307692 , -1.152159
0.897436 , 0.333333 , -1.147316
0.897436 , 0.358974 , -1.141906
0.897436 , 0.384615 , -1.134717
0.897436 , 0.410256 , -1.125258
0.897436 , 0.435897 , -1.114390
0.897436 , 0.461538 , -1.101787
0.897436 , 0.487179 , -1.088612
0.897436 , 0.512821 , -1.074587
0.897436 , 0.538462 , -1.060707
0.897436 , 0.564103 , -1.046129
0.897436 , 0.589744 , -1.031634
0.897436 , 0.615385 , -1.016561
0.897436 , 0.641026 , -1.001021
0.897436 , 0.666667 , -0.986042
0.897436 , 0.692308 , -0.970351
0.897436 , 0.717949 , -0.954482
0.897436 , 0.743590 , -0.940183
0.897436 , 0.769231 , -0.927317
0.897436 , 0.794872 , -0.915346
0.897436 , 0.820513 , -0.905518
0.897436 , 0.846154 , -0.897283
0.897436 , 0.871795 , -0.889776
0.897436 , 0.897436 , -0.884050
0.897436 , 0.923077 , -0.880732
0.897436 , 0.948718 , -0.878461
0.897436 , 0.974359 , -0.877768
0.897436 , 1.000000 , -0.878063
0.923077 , 0.000000 , -1.143809
0.923077 , 0.025641 , -1.144409
0.923077 , 0.051282 , -1.144784
0.923077 , 0.076923 , -1.145920
0.923077 , 0.102564 , -1.146798
0.923077 , 0.128205 , -1.148176
0.923077 , 0.153846 , -1.148701
0.923077 , 0.179487 , -1.149151
0.923077 , 0.205128 , -1.148741
0.923077 , 0.230769 , -1.147753
0.923077 , 0.256410 , -1.146332
0.923077 , 0.282051 , -1.143823
0.923077 , 0.307692 , -1.139337
0.923077 , 0.333333 , -1.134187
0.923077 , 0.358974 , -1.128835
0.923077 , 0.384615 , -1.121217
0.923077 , 0.410256 , -1.111516
0.923077 , 0.435897 , -1.100975
0.923077 , 0.461538 , -1.088740
0.923077 , 0.487179 , -1.075449
0.923077 , 0.512821 , -1.061183
0.923077 , 0.538462 , -1.046940
0.923077 , 0.564103 , -1.033071
0.923077 , 0.589744 , -1.018151
0.923077 , 0.615385 , -1.003200
0.923077 , 0.641026 , -0.988384
0.923077 , 0.666667 , -0.973294
0.923077 , 0.692308 , -0.957983
0.923077 , 0.717949 , -0.942299
0.923077 , 0.743590 , -0.927909
0.923077 , 0.769231 , -0.914673
0.923077 , 0.794872 , -0.902536
0.923077 , 0.820513 , -0.892668
0.923077 , 0.846154 , -0.883776
0.923077 , 0.871795 , -0.875632
0.923077 , 0.897436 , -0.869369
0.923077 , 0.923077 , -0.865514
0.923077 , 0.948718 , -0.862824
0.923077 , 0.974359 , -0.862102
0.923077 , 1.000000 , -0.861596
0.948718 , 0.000000 , -1.135768
0.948718 , 0.025641 , -1.136352
0.948718 , 0.051282 , -1.137096
0.948718 , 0.076923 , -1.137592
0.948718 , 0.102564 , -1.138390
0.948718 , 0.128205 , -1.139088
0.948718 , 0.153846 , -1.139685
0.948718 , 0.179487 , -1.140300
0.948718 , 0.205128 , -1.139658
0.948718 , 0.230769 , -1.138176
0.948718 , 0.256410 , -1.136581
0.948718 , 0.282051 , -1.134460
0.948718 , 0.307692 , -1.130436
0.948718 , 0.333333 , -1.125125
0.948718 , 0.358974 , -1.118949
0.948718 , 0.384615 , -1.111142
0.948718 , 0.410256 , -1.102010
0.948718 , 0.435897 , -1.091476
0.948718 , 0.461538 , -1.079186
0.948718 , 0.487179 , -1.065968
0.948718 , 0.512821 , -1.052605
0.948718 , 0.538462 , -1.038229
0.948718 , 0.564103 , -1.023428
0.948718 , 0.589744 , -1.008783
0.948718 , 0.615385 , -0.993897
0.948718 , 0.641026 , -0.979145
0.948718 , 0.666667 , -0.964024
0.948718 , 0.692308 , -0.948600
0.948718 , 0.717949 , -0.933386
0.948718 , 0.743590 , -0.918956
0.948718 , 0.769231 , -0.906398
0.948718 , 0.794872 , -0.894913
0.948718 , 0.820513 , -0.883762
0.948718 , 0.846154 , -0.874397
0.948718 , 0.871795 , -0.866531
0.948718 , 0.897436 , -0.859857
0.948718 , 0.923077 , -0.855458
0.948718 , 0.948718 , -0.852414
0.948718 , 0.974359 , -0.850932
0.948718 , 1.000000 , -0.850479
0.974359 , 0.000000 , -1.131383
0.974359 , 0.025641 , -1.131969
0.974359 , 0.051282 , -1.132383
0.974359 , 0.076923 , -1.132255
0.974359 , 0.102564 , -1.132631
0.974359 , 0.128205 , -1.133513
0.974359 , 0.153846 , -1.134165
0.974359 , 0.179487 , -1.134319
0.974359 , 0.205128 , -1.133368
0.974359 , 0.230769 , -1.131537
0.974359 , 0.256410 , -1.130044
0.974359 , 0.282051 , -1.127984
0.974359 , 0.307692 , -1.123837
0.974359 , 0.333333 , -1.118498
0.974359 , 0.358974 , -1.112107
0.974359 , 0.384615 , -1.104244
0.974359 , 0.410256 , -1.094947
0.974359 , 0.435897 , -1.084667
0.974359 , 0.461538 , -1.073224
0.974359 , 0.487179 , -1.060403
0.974359 , 0.512821 , -1.046519
0.974359 , 0.538462 , -1.032624
0.974359 , 0.564103 , -1.018200
0.974359 , 0.589744 , -1.003348
0.974359 , 0.615385 , -0.988089
0.974359 , 0.641026 , -0.973012
0.974359 , 0.666667 , -0.958345
0.974359 , 0.692308 , -0.943298
0.974359 , 0.717949 , -0.928354
0.974359 , 0.743590 , -0.913975
0.974359 , 0.769231 , -0.901180
0.974359 , 0.794872 , -0.889573
0.974359 , 0.820513 , -0.878519
0.974359 , 0.846154 , -0.868709
0.974359 , 0.871795 , -0.860964
0.974359 , 0.897436 , -0.854216
0.974359 , 0.923077 , -0.849523
0.974359 , 0.948718 , -0.846485
0.974359 , 0.974359 , -0.844567
0.974359 , 1.000000 , -0.843620
1.000000 , 0.000000 , -1.130084
1.000000 , 0.025641 , -1.130246
1.000000 , 0.051282 , -1.131194
1.000000 , 0.076923 , -1.131218
1.000000 , 0.102564 , -1.130677
1.000000 , 0.128205 , -1.131595
1.000000 , 0.153846 , -1.132328
1.000000 , 0.179487 , -1.132394
1.000000 , 0.205128 , -1.130895
1.000000 , 0.230769 , -1.129042
1.000000 , 0.256410 , -1.127990
1.000000 , 0.282051 , -1.126073
1.000000 , 0.307692 , -1.122141
1.000000 , 0.333333 , -1.116496
1.000000 , 0.358974 , -1.110202
1.000000 , 0.384615 , -1.101865
1.000000 , 0.410256 , -1.092468
1.000000 , 0.435897 , -1.082628
1.000000 , 0.461538 , -1.071561
1.000000 , 0.487179 , -1.058554
1.000000 , 0.512821 , -1.045112
1.000000 , 0.538462 , -1.030950
1.000000 , 0.564103 , -1.016637
1.000000 , 0.589744 , -1.001458
1.000000 , 0.615385 , -0.986177
1.000000 , 0.641026 , -0.971560
1.000000 , 0.666667 , -0.956743
1.000000 , 0.692308 , -0.941876
1.000000 , 0.717949 , -0.926745
1.000000 , 0.743590 , -0.912501
1.000000 , 0.769231 , -0.899828
1.000000 , 0.794872 , -0.888392
1.000000 , 0.820513 , -0.877136
1.000000 , 0.846154 , -0.867263
1.000000 , 0.871795 , -0.858942
1.000000 , 0.897436 , -0.852769
1.000000 , 0.923077 , -0.847814
1.000000 , 0.948718 , -0.844698
1.000000 , 0.974359 , -0.842619
1.000000 , 1.000000 , -0.841572
