0.000000 , 0.000000 , 3.719107
0.000000 , 0.025641 , 3.719107
0.000000 , 0.051282 , 3.719107
0.000000 , 0.076923 , 3.719107
0.000000 , 0.102564 , 3.719107
0.000000 , 0.128205 , 3.719107
0.000000 , 0.153846 , 3.719107
0.000000 , 0.179487 , 3.719107
0.000000 , 0.205128 , 3.719107
0.000000 , 0.230769 , 3.719107
0.000000 , 0.256410 , 3.719107
0.000000 , 0.282051 , 3.719107
0.000000 , 0.307692 , 3.719107
0.000000 , 0.333333 , 3.719107
0.000000 , 0.358974 , 3.719107
0.000000 , 0.384615 , 3.719107
0.000000 , 0.410256 , 3.719107
0.000000 , 0.435897 , 3.719107
0.000000 , 0.461538 , 3.719107
0.000000 , 0.487179 , 3.719107
0.000000 , 0.512821 , 3.719107
0.000000 , 0.538462 , 3.719107
0.000000 , 0.564103 , 3.719107
0.000000 , 0.589744 , 3.719107
0.000000 , 0.615385 , 3.719107
0.000000 , 0.641026 , 3.719107
0.000000 , 0.666667 , 3.719107
0.000000 , 0.692308 , 3.719107
0.000000 , 0.717949 , 3.719107
0.000000 , 0.743590 , 3.719107
0.000000 , 0.769231 , 3.719107
0.000000 , 0.794872 , 3.719107
0.000000 , 0.820513 , 3.719107
0.000000 , 0.846154 , 3.719107
0.000000 , 0.871795 , 3.719107
0.000000 , 0.897436 , 3.719107
0.000000 , 0.923077 , 3.719107
0.000000 , 0.948718 , 3.719107
0.000000 , 0.974359 , 3.719107
0.000000 , 1.000000 , 3.719107
0.025641 , 0.000000 , 3.490122
0.025641 , 0.025641 , 3.490476
0.025641 , 0.051282 , 3.490769
0.025641 , 0.076923 , 3.491232
0.025641 , 0.102564 , 3.492011
0.025641 , 0.128205 , 3.492793
0.025641 , 0.153846 , 3.492850
0.025641 , 0.179487 , 3.493216
0.025641 , 0.205128 , 3.492718
0.025641 , 0.230769 , 3.492518
0.025641 , 0.256410 , 3.491752
0.025641 , 0.282051 , 3.490281
0.025641 , 0.307692 , 3.489019
0.025641 , 0.333333 , 3.487424
0.025641 , 0.358974 , 3.485123
0.025641 , 0.384615 , 3.482022
0.025641 , 0.410256 , 3.479522
0.025641 , 0.435897 , 3.477035
0.025641 , 0.461538 , 3.474854
0.025641 , 0.487179 , 3.473049
0.025641 , 0.512821 , 3.471451
0.025641 , 0.538462 , 3.468991
0.025641 , 0.564103 , 3.466801
0.025641 , 0.589744 , 3.464579
0.025641 , 0.615385 , 3.462908
0.025641 , 0.641026 , 3.461308
0.025641 , 0.666667 , 3.459529
0.025641 , 0.692308 , 3.457361
0.025641 , 0.717949 , 3.456052
0.025641 , 0.743590 , 3.455313
0.025641 , 0.769231 , 3.454407
0.025641 , 0.794872 , 3.453795
0.025641 , 0.820513 , 3.453654
0.025641 , 0.846154 , 3.453163
0.025641 , 0.871795 , 3.452655
0.025641 , 0.897436 , 3.451891
0.025641 , 0.923077 , 3.452398
0.025641 , 0.948718 , 3.452158
0.025641 , 0.974359 , 3.451560
0.025641 , 1.000000 , 3.451163
0.051282 , 0.000000 , 3.266783
0.051282 , 0.025641 , 3.266994
0.051282 , 0.051282 , 3.267805
0.051282 , 0.076923 , 3.268710
0.051282 , 0.102564 , 3.270402
0.051282 , 0.128205 , 3.271433
0.051282 , 0.153846 , 3.272248
0.051282 , 0.179487 , 3.272269
0.051282 , 0.205128 , 3.271979
0.051282 , 0.230769 , 3.270831
0.051282 , 0.256410 , 3.269353
0.051282 , 0.282051 , 3.266816
0.051282 , 0.307692 , 3.263816
0.051282 , 0.333333 , 3.260670
0.051282 , 0.358974 , 3.256329
0.051282 , 0.384615 , 3.250890
0.051282 , 0.410256 , 3.245784
0.051282 , 0.435897 , 3.241567
0.051282 , 0.461538 , 3.237402
0.051282 , 0.487179 , 3.233503
0.051282 , 0.512821 , 3.229716
0.051282 , 0.538462 , 3.226539
0.051282 , 0.564103 , 3.221906
0.051282 , 0.589744 , 3.217074
0.051282 , 0.615385 , 3.213241
0.051282 , 0.641026 , 3.209863
0.051282 , 0.666667 , 3.206344
0.051282 , 0.692308 , 3.203563
0.051282 , 0.717949 , 3.201234
0.051282 , 0.743590 , 3.198552
0.051282 , 0.769231 , 3.196559
0.051282 , 0.794872 , 3.195294
0.051282 , 0.820513 , 3.194299
0.051282 , 0.846154 , 3.194081
0.051282 , 0.871795 , 3.193491
0.051282 , 0.897436 , 3.192451
0.051282 , 0.923077 , 3.192147
0.051282 , 0.948718 , 3.192534
0.051282 , 0.974359 , 3.191697
0.051282 , 1.000000 , 3.190969
0.076923 , 0.000000 , 3.046955
0.076923 , 0.025641 , 3.048117
0.076923 , 0.051282 , 3.049940
0.076923 , 0.076923 , 3.051542
0.076923 , 0.102564 , 3.053485
0.076923 , 0.128205 , 3.054753
0.076923 , 0.153846 , 3.055244
0.076923 , 0.179487 , 3.055556
0.076923 , 0.205128 , 3.055118
0.076923 , 0.230769 , 3.053467
0.076923 , 0.256410 , 3.051045
0.076923 , 0.282051 , 3.047833
0.076923 , 0.307692 , 3.043458
0.076923 , 0.333333 , 3.038683
0.076923 , 0.358974 , 3.032994
0.076923 , 0.384615 , 3.026549
0.076923 , 0.410256 , 3.019370
0.076923 , 0.435897 , 3.012920
0.076923 , 0.461538 , 3.007020
0.076923 , 0.487179 , 3.001388
0.076923 , 0.512821 , 2.994983
0.076923 , 0.538462 , 2.989731
0.076923 , 0.564103 , 2.983525
0.076923 , 0.589744 , 2.976094
0.076923 , 0.615385 , 2.969991
0.076923 , 0.641026 , 2.965715
0.076923 , 0.666667 , 2.961396
0.076923 , 0.692308 , 2.957649
0.076923 , 0.717949 , 2.954161
0.076923 , 0.743590 , 2.950914
0.076923 , 0.769231 , 2.947057
0.076923 , 0.794872 , 2.944428
0.076923 , 0.820513 , 2.942686
0.076923 , 0.846154 , 2.941591
0.076923 , 0.871795 , 2.941095
0.076923 , 0.897436 , 2.940656
0.076923 , 0.923077 , 2.940300
0.076923 , 0.948718 , 2.940965
0.076923 , 0.974359 , 2.940828
0.076923 , 1.000000 , 2.939821
0.102564 , 0.000000 , 2.832192
0.102564 , 0.025641 , 2.833782
0.102564 , 0.051282 , 2.836121
0.102564 , 0.076923 , 2.838519
0.102564 , 0.102564 , 2.840487
0.102564 , 0.128205 , 2.841785
0.102564 , 0.153846 , 2.842182
0.102564 , 0.179487 , 2.842441
0.102564 , 0.205128 , 2.842224
0.102564 , 0.230769 , 2.840214
0.102564 , 0.256410 , 2.837212
0.102564 , 0.282051 , 2.833592
0.102564 , 0.307692 , 2.828089
0.102564 , 0.333333 , 2.822248
0.102564 , 0.358974 , 2.814908
0.102564 , 0.384615 , 2.807863
0.102564 , 0.410256 , 2.799426
0.102564 , 0.435897 , 2.791331
0.102564 , 0.461538 , 2.783538
0.102564 , 0.487179 , 2.775659
0.102564 , 0.512821 , 2.766770
0.102564 , 0.538462 , 2.758764
0.102564 , 0.564103 , 2.750639
0.102564 , 0.589744 , 2.742499
0.102564 , 0.615385 , 2.735212
0.102564 , 0.641026 , 2.729692
0.102564 , 0.666667 , 2.724141
0.102564 , 0.692308 , 2.718742
0.102564 , 0.717949 , 2.714010
0.102564 , 0.743590 , 2.709745
0.102564 , 0.769231 , 2.705729
0.102564 , 0.794872 , 2.702065
0.102564 , 0.820513 , 2.699573
0.102564 , 0.846154 , 2.697749
0.102564 , 0.871795 , 2.696900
0.102564 , 0.897436 , 2.696095
0.102564 , 0.923077 , 2.696341
0.102564 , 0.948718 , 2.696750
0.102564 , 0.974359 , 2.697229
0.102564 , 1.000000 , 2.696700
0.128205 , 0.000000 , 2.623402
0.128205 , 0.025641 , 2.625059
0.128205 , 0.051282 , 2.627724
0.128205 , 0.076923 , 2.630166
0.128205 , 0.102564 , 2.632286
0.128205 , 0.128205 , 2.633435
0.128205 , 0.153846 , 2.634115
0.128205 , 0.179487 , 2.634127
0.128205 , 0.205128 , 2.634271
0.128205 , 0.230769 , 2.631970
0.128205 , 0.256410 , 2.628799
0.128205 , 0.282051 , 2.624502
0.128205 , 0.307692 , 2.618379
0.128205 , 0.333333 , 2.611882
0.128205 , 0.358974 , 2.603682
0.128205 , 0.384615 , 2.595500
0.128205 , 0.410256 , 2.585640
0.128205 , 0.435897 , 2.576188
0.128205 , 0.461538 , 2.566935
0.128205 , 0.487179 , 2.556324
0.128205 , 0.512821 , 2.545690
0.128205 , 0.538462 , 2.535258
0.128205 , 0.564103 , 2.525595
0.128205 , 0.589744 , 2.516977
0.128205 , 0.615385 , 2.508971
0.128205 , 0.641026 , 2.502088
0.128205 , 0.666667 , 2.495413
0.128205 , 0.692308 , 2.488084
0.128205 , 0.717949 , 2.482368
0.128205 , 0.743590 , 2.476647
0.128205 , 0.769231 , 2.472023
0.128205 , 0.794872 , 2.468202
0.128205 , 0.820513 , 2.465298
0.128205 , 0.846154 , 2.463384
0.128205 , 0.871795 , 2.462477
0.128205 , 0.897436 , 2.462205
0.128205 , 0.923077 , 2.461793
0.128205 , 0.948718 , 2.462884
0.128205 , 0.974359 , 2.462942
0.128205 , 1.000000 , 2.462641
0.153846 , 0.000000 , 2.421069
0.153846 , 0.025641 , 2.421647
0.153846 , 0.051282 , 2.424152
0.153846 , 0.076923 , 2.427158
0.153846 , 0.102564 , 2.429389
0.153846 , 0.128205 , 2.431243
0.153846 , 0.153846 , 2.432243
0.153846 , 0.179487 , 2.432087
0.153846 , 0.205128 , 2.431667
0.153846 , 0.230769 , 2.429375
0.153846 , 0.256410 , 2.425996
0.153846 , 0.282051 , 2.421881
0.153846 , 0.307692 , 2.415737
0.153846 , 0.333333 , 2.408240
0.153846 , 0.358974 , 2.399899
0.153846 , 0.384615 , 2.390338
0.153846 , 0.410256 , 2.379260
0.153846 , 0.435897 , 2.367394
0.153846 , 0.461538 , 2.356853
0.153846 , 0.487179 , 2.344340
0.153846 , 0.512821 , 2.331408
0.153846 , 0.538462 , 2.319267
0.153846 , 0.564103 , 2.308147
0.153846 , 0.589744 , 2.299228
0.153846 , 0.615385 , 2.290580
0.153846 , 0.641026 , 2.282818
0.153846 , 0.666667 , 2.275194
0.153846 , 0.692308 , 2.266973
0.153846 , 0.717949 , 2.259239
0.153846 , 0.743590 , 2.253393
0.153846 , 0.769231 , 2.247446
0.153846 , 0.794872 , 2.242969
0.153846 , 0.820513 , 2.239987
0.153846 , 0.846154 , 2.237912
0.153846 , 0.871795 , 2.236977
0.153846 , 0.897436 , 2.237180
0.153846 , 0.923077 , 2.237236
0.153846 , 0.948718 , 2.238313
0.153846 , 0.974359 , 2.238512
0.153846 , 1.000000 , 2.238600
0.179487 , 0.000000 , 2.223463
0.179487 , 0.025641 , 2.223438
0.179487 , 0.051282 , 2.225467
0.179487 , 0.076923 , 2.229025
0.179487 , 0.102564 , 2.231841
0.179487 , 0.128205 , 2.233708
0.179487 , 0.153846 , 2.234834
0.179487 , 0.179487 , 2.235392
0.179487 , 0.205128 , 2.235304
0.179487 , 0.230769 , 2.233064
0.179487 , 0.256410 , 2.229251
0.179487 , 0.282051 , 2.224744
0.179487 , 0.307692 , 2.218500
0.179487 , 0.333333 , 2.210428
0.179487 , 0.358974 , 2.201498
0.179487 , 0.384615 , 2.190750
0.179487 , 0.410256 , 2.178718
0.179487 , 0.435897 , 2.166308
0.179487 , 0.461538 , 2.153882
0.179487 , 0.487179 , 2.140631
0.179487 , 0.512821 , 2.126693
0.179487 , 0.538462 , 2.112798
0.179487 , 0.564103 , 2.100444
0.179487 , 0.589744 , 2.090382
0.179487 , 0.615385 , 2.080901
0.179487 , 0.641026 , 2.071944
0.179487 , 0.666667 , 2.062628
0.179487 , 0.692308 , 2.053797
0.179487 , 0.717949 , 2.044980
0.179487 , 0.743590 , 2.038490
0.179487 , 0.769231 , 2.032591
0.179487 , 0.794872 , 2.027417
0.179487 , 0.820513 , 2.023989
0.179487 , 0.846154 , 2.022545
0.179487 , 0.871795 , 2.021953
0.179487 , 0.897436 , 2.022372
0.179487 , 0.923077 , 2.022177
0.179487 , 0.948718 , 2.023380
0.179487 , 0.974359 , 2.023048
0.179487 , 1.000000 , 2.022671
0.205128 , 0.000000 , 2.030554
0.205128 , 0.025641 , 2.030645
0.205128 , 0.051282 , 2.032440
0.205128 , 0.076923 , 2.035790
0.205128 , 0.102564 , 2.038720
0.205128 , 0.128205 , 2.041068
0.205128 , 0.153846 , 2.041978
0.205128 , 0.179487 , 2.043411
0.205128 , 0.205128 , 2.043204
0.205128 , 0.230769 , 2.041180
0.205128 , 0.256410 , 2.037511
0.205128 , 0.282051 , 2.032559
0.205128 , 0.307692 , 2.026074
0.205128 , 0.333333 , 2.017435
0.205128 , 0.358974 , 2.007645
0.205128 , 0.384615 , 1.996689
0.205128 , 0.410256 , 1.984107
0.205128 , 0.435897 , 1.971564
0.205128 , 0.461538 , 1.958598
0.205128 , 0.487179 , 1.944419
0.205128 , 0.512821 , 1.930153
0.205128 , 0.538462 , 1.915716
0.205128 , 0.564103 , 1.902428
0.205128 , 0.589744 , 1.890796
0.205128 , 0.615385 , 1.880300
0.205128 , 0.641026 , 1.869901
0.205128 , 0.666667 , 1.859027
0.205128 , 0.692308 , 1.849299
0.205128 , 0.717949 , 1.840897
0.205128 , 0.743590 , 1.833431
0.205128 , 0.769231 , 1.827160
0.205128 , 0.794872 , 1.822428
0.205128 , 0.820513 , 1.818362
0.205128 , 0.846154 , 1.816592
0.205128 , 0.871795 , 1.816363
0.205128 , 0.897436 , 1.816181
0.205128 , 0.923077 , 1.816042
0.205128 , 0.948718 , 1.816946
0.205128 , 0.974359 , 1.816326
0.205128 , 1.000000 , 1.816150
0.230769 , 0.000000 , 1.842350
0.230769 , 0.025641 , 1.842759
0.230769 , 0.051282 , 1.845040
0.230769 , 0.076923 , 1.848039
0.230769 , 0.102564 , 1.850729
0.230769 , 0.128205 , 1.853258
0.230769 , 0.153846 , 1.854674
0.230769 , 0.179487 , 1.855708
0.230769 , 0.205128 , 1.855963
0.230769 , 0.230769 , 1.853930
0.230769 , 0.256410 , 1.850291
0.230769 , 0.282051 , 1.845009
0.230769 , 0.307692 , 1.837876
0.230769 , 0.333333 , 1.829555
0.230769 , 0.358974 , 1.819206
0.230769 , 0.384615 , 1.807512
0.230769 , 0.410256 , 1.795258
0.230769 , 0.435897 , 1.782877
0.230769 , 0.461538 , 1.769684
0.230769 , 0.487179 , 1.755626
0.230769 , 0.512821 , 1.741640
0.230769 , 0.538462 , 1.726605
0.230769 , 0.564103 , 1.712416
0.230769 , 0.589744 , 1.699482
0.230769 , 0.615385 , 1.687900
0.230769 , 0.641026 , 1.677168
0.230769 , 0.666667 , 1.665619
0.230769 , 0.692308 , 1.655117
0.230769 , 0.717949 , 1.646026
0.230769 , 0.743590 , 1.639104
0.230769 , 0.769231 , 1.633518
0.230769 , 0.794872 , 1.628365
0.230769 , 0.820513 , 1.624473
0.230769 , 0.846154 , 1.621246
0.230769 , 0.871795 , 1.620841
0.230769 , 0.897436 , 1.620768
0.230769 , 0.923077 , 1.619577
0.230769 , 0.948718 , 1.619490
0.230769 , 0.974359 , 1.619882
0.230769 , 1.000000 , 1.620255
0.256410 , 0.000000 , 1.659140
0.256410 , 0.025641 , 1.659615
0.256410 , 0.051282 , 1.662269
0.256410 , 0.076923 , 1.665183
0.256410 , 0.102564 , 1.667838
0.256410 , 0.128205 , 1.670380
0.256410 , 0.153846 , 1.672229
0.256410 , 0.179487 , 1.673211
0.256410 , 0.205128 , 1.673530
0.256410 , 0.230769 , 1.671420
0.256410 , 0.256410 , 1.667151
0.256410 , 0.282051 , 1.661939
0.256410 , 0.307692 , 1.655024
0.256410 , 0.333333 , 1.646717
0.256410 , 0.358974 , 1.636560
0.256410 , 0.384615 , 1.624847
0.256410 , 0.410256 , 1.612935
0.256410 , 0.435897 , 1.600852
0.256410 , 0.461538 , 1.587108
0.256410 , 0.487179 , 1.573106
0.256410 , 0.512821 , 1.559399
0.256410 , 0.538462 , 1.545157
0.256410 , 0.564103 , 1.530573
0.256410 , 0.589744 , 1.517048
0.256410 , 0.615385 , 1.504946
0.256410 , 0.641026 , 1.493212
0.256410 , 0.666667 , 1.480622
0.256410 , 0.692308 , 1.470431
0.256410 , 0.717949 , 1.461808
0.256410 , 0.743590 , 1.455138
0.256410 , 0.769231 , 1.448994
0.256410 , 0.794872 , 1.442689
0.256410 , 0.820513 , 1.438111
0.256410 , 0.846154 , 1.435429
0.256410 , 0.871795 , 1.434657
0.256410 , 0.897436 , 1.434053
0.256410 , 0.923077 , 1.433569
0.256410 , 0.948718 , 1.432234
0.256410 , 0.974359 , 1.432141
0.256410 , 1.000000 , 1.432762
0.282051 , 0.000000 , 1.480642
0.282051 , 0.025641 , 1.480994
0.282051 , 0.051282 , 1.483617
0.282051 , 0.076923 , 1.486511
0.282051 , 0.102564 , 1.489228
0.282051 , 0.128205 , 1.491402
0.282051 , 0.153846 , 1.493363
0.282051 , 0.179487 , 1.494448
0.282051 , 0.205128 , 1.494842
0.282051 , 0.230769 , 1.492968
0.282051 , 0.256410 , 1.488214
0.282051 , 0.282051 , 1.482810
0.282051 , 0.307692 , 1.476801
0.282051 , 0.333333 , 1.469362
0.282051 , 0.358974 , 1.459961
0.282051 , 0.384615 , 1.448597
0.282051 , 0.410256 , 1.436977
0.282051 , 0.435897 , 1.424653
0.282051 , 0.461538 , 1.411100
0.282051 , 0.487179 , 1.397835
0.282051 , 0.512821 , 1.384479
0.282051 , 0.538462 , 1.370456
0.282051 , 0.564103 , 1.356131
0.282051 , 0.589744 , 1.342259
0.282051 , 0.615385 , 1.329988
0.282051 , 0.641026 , 1.318495
0.282051 , 0.666667 , 1.306378
0.282051 , 0.692308 , 1.295628
0.282051 , 0.717949 , 1.287316
0.282051 , 0.743590 , 1.280758
0.282051 , 0.769231 , 1.274008
0.282051 , 0.794872 , 1.267122
0.282051 , 0.820513 , 1.261226
0.282051 , 0.846154 , 1.258695
0.282051 , 0.871795 , 1.258009
0.282051 , 0.897436 , 1.257021
0.282051 , 0.923077 , 1.256229
0.282051 , 0.948718 , 1.255246
0.282051 , 0.974359 , 1.255135
0.282051 , 1.000000 , 1.254899
0.307692 , 0.000000 , 1.308572
0.307692 , 0.025641 , 1.308454
0.307692 , 0.051282 , 1.310162
0.307692 , 0.076923 , 1.312568
0.307692 , 0.102564 , 1.315082
0.307692 , 0.128205 , 1.316906
0.307692 , 0.153846 , 1.318942
0.307692 , 0.179487 , 1.320414
0.307692 , 0.205128 , 1.320928
0.307692 , 0.230769 , 1.319279
0.307692 , 0.256410 , 1.315092
0.307692 , 0.282051 , 1.310324
0.307692 , 0.307692 , 1.304305
0.307692 , 0.333333 , 1.297373
0.307692 , 0.358974 , 1.289050
0.307692 , 0.384615 , 1.278727
0.307692 , 0.410256 , 1.266883
0.307692 , 0.435897 , 1.254658
0.307692 , 0.461538 , 1.241932
0.307692 , 0.487179 , 1.229903
0.307692 , 0.512821 , 1.217125
0.307692 , 0.538462 , 1.203694
0.307692 , 0.564103 , 1.190108
0.307692 , 0.589744 , 1.176898
0.307692 , 0.615385 , 1.164416
0.307692 , 0.641026 , 1.152774
0.307692 , 0.666667 , 1.141893
0.307692 , 0.692308 , 1.131204
0.307692 , 0.717949 , 1.121806
0.307692 , 0.743590 , 1.115122
0.307692 , 0.769231 , 1.108565
0.307692 , 0.794872 , 1.102448
0.307692 , 0.820513 , 1.096377
0.307692 , 0.846154 , 1.092507
0.307692 , 0.871795 , 1.090842
0.307692 , 0.897436 , 1.090308
0.307692 , 0.923077 , 1.088410
0.307692 , 0.948718 , 1.087439
0.307692 , 0.974359 , 1.087811
0.307692 , 1.000000 , 1.088221
0.333333 , 0.000000 , 1.142696
0.333333 , 0.025641 , 1.142735
0.333333 , 0.051282 , 1.143907
0.333333 , 0.076923 , 1.145070
0.333333 , 0.102564 , 1.146825
0.333333 , 0.128205 , 1.148470
0.333333 , 0.153846 , 1.149849
0.333333 , 0.179487 , 1.151346
0.333333 , 0.205128 , 1.152108
0.333333 , 0.230769 , 1.150937
0.333333 , 0.256410 , 1.147397
0.333333 , 0.282051 , 1.143306
0.333333 , 0.307692 , 1.138481
0.333333 , 0.333333 , 1.131559
0.333333 , 0.358974 , 1.123174
0.333333 , 0.384615 , 1.113595
0.333333 , 0.410256 , 1.102871
0.333333 , 0.435897 , 1.091718
0.333333 , 0.461538 , 1.080137
0.333333 , 0.487179 , 1.069206
0.333333 , 0.512821 , 1.057471
0.333333 , 0.538462 , 1.044824
0.333333 , 0.564103 , 1.032140
0.333333 , 0.589744 , 1.019744
0.333333 , 0.615385 , 1.007572
0.333333 , 0.641026 , 0.996438
0.333333 , 0.666667 , 0.986234
0.333333 , 0.692308 , 0.975920
0.333333 , 0.717949 , 0.966095
0.333333 , 0.743590 , 0.958118
0.333333 , 0.769231 , 0.951311
0.333333 , 0.794872 , 0.946121
0.333333 , 0.820513 , 0.940939
0.333333 , 0.846154 , 0.936750
0.333333 , 0.871795 , 0.933619
0.333333 , 0.897436 , 0.932296
0.333333 , 0.923077 , 0.930359
0.333333 , 0.948718 , 0.929275
0.333333 , 0.974359 , 0.929652
0.333333 , 1.000000 , 0.930184
0.358974 , 0.000000 , 0.982997
0.358974 , 0.025641 , 0.983045
0.358974 , 0.051282 , 0.983185
0.358974 , 0.076923 , 0.983582
0.358974 , 0.102564 , 0.984340
0.358974 , 0.128205 , 0.985478
0.358974 , 0.153846 , 0.986351
0.358974 , 0.179487 , 0.987810
0.358974 , 0.205128 , 0.988812
0.358974 , 0.230769 , 0.987868
0.358974 , 0.256410 , 0.984877
0.358974 , 0.282051 , 0.981295
0.358974 , 0.307692 , 0.977285
0.358974 , 0.333333 , 0.971267
0.358974 , 0.358974 , 0.963232
0.358974 , 0.384615 , 0.954809
0.358974 , 0.410256 , 0.945882
0.358974 , 0.435897 , 0.935804
0.358974 , 0.461538 , 0.925217
0.358974 , 0.487179 , 0.915536
0.358974 , 0.512821 , 0.905041
0.358974 , 0.538462 , 0.893691
0.358974 , 0.564103 , 0.881908
0.358974 , 0.589744 , 0.870313
0.358974 , 0.615385 , 0.859415
0.358974 , 0.641026 , 0.848851
0.358974 , 0.666667 , 0.839285
0.358974 , 0.692308 , 0.829024
0.358974 , 0.717949 , 0.819062
0.358974 , 0.743590 , 0.810714
0.358974 , 0.769231 , 0.803659
0.358974 , 0.794872 , 0.798578
0.358974 , 0.820513 , 0.793777
0.358974 , 0.846154 , 0.790195
0.358974 , 0.871795 , 0.786975
0.358974 , 0.897436 , 0.784701
0.358974 , 0.923077 , 0.782620
0.358974 , 0.948718 , 0.781592
0.358974 , 0.974359 , 0.780935
0.358974 , 1.000000 , 0.780994
0.384615 , 0.000000 , 0.829868
0.384615 , 0.025641 , 0.829828
0.384615 , 0.051282 , 0.829652
0.384615 , 0.076923 , 0.828445
0.384615 , 0.102564 , 0.828437
0.384615 , 0.128205 , 0.829313
0.384615 , 0.153846 , 0.830144
0.384615 , 0.179487 , 0.830683
0.384615 , 0.205128 , 0.831433
0.384615 , 0.230769 , 0.830814
0.384615 , 0.256410 , 0.828376
0.384615 , 0.282051 , 0.824800
0.384615 , 0.307692 , 0.821242
0.384615 , 0.333333 , 0.816031
0.384615 , 0.358974 , 0.808638
0.384615 , 0.384615 , 0.801230
0.384615 , 0.410256 , 0.794205
0.384615 , 0.435897 , 0.785675
0.384615 , 0.461538 , 0.776884
0.384615 , 0.487179 , 0.768791
0.384615 , 0.512821 , 0.759600
0.384615 , 0.538462 , 0.749502
0.384615 , 0.564103 , 0.739044
0.384615 , 0.589744 , 0.728867
0.384615 , 0.615385 , 0.719810
0.384615 , 0.641026 , 0.710246
0.384615 , 0.666667 , 0.701125
0.384615 , 0.692308 , 0.691658
0.384615 , 0.717949 , 0.682069
0.384615 , 0.743590 , 0.673884
0.384615 , 0.769231 , 0.666623
0.384615 , 0.794872 , 0.660922
0.384615 , 0.820513 , 0.656075
0.384615 , 0.846154 , 0.652193
0.384615 , 0.871795 , 0.649320
0.384615 , 0.897436 , 0.647207
0.384615 , 0.923077 , 0.644240
0.384615 , 0.948718 , 0.642708
0.384615 , 0.974359 , 0.641665
0.384615 , 1.000000 , 0.641170
0.410256 , 0.000000 , 0.682489
0.410256 , 0.025641 , 0.682364
0.410256 , 0.051282 , 0.682255
0.410256 , 0.076923 , 0.680718
0.410256 , 0.102564 , 0.679887
0.410256 , 0.128205 , 0.680621
0.410256 , 0.153846 , 0.681428
0.410256 , 0.179487 , 0.680059
0.410256 , 0.205128 , 0.679748
0.410256 , 0.230769 , 0.678708
0.410256 , 0.256410 , 0.676636
0.410256 , 0.282051 , 0.674047
0.410256 , 0.307692 , 0.671091
0.410256 , 0.333333 , 0.667161
0.410256 , 0.358974 , 0.660751
0.410256 , 0.384615 , 0.654000
0.410256 , 0.410256 , 0.648095
0.410256 , 0.435897 , 0.641324
0.410256 , 0.461538 , 0.634561
0.410256 , 0.487179 , 0.627940
0.410256 , 0.512821 , 0.620230
0.410256 , 0.538462 , 0.611585
0.410256 , 0.564103 , 0.603398
0.410256 , 0.589744 , 0.595379
0.410256 , 0.615385 , 0.587855
0.410256 , 0.641026 , 0.579281
0.410256 , 0.666667 , 0.570710
0.410256 , 0.692308 , 0.561912
0.410256 , 0.717949 , 0.553364
0.410256 , 0.743590 , 0.545621
0.410256 , 0.769231 , 0.538958
0.410256 , 0.794872 , 0.533061
0.410256 , 0.820513 , 0.527462
0.410256 , 0.846154 , 0.522903
0.410256 , 0.871795 , 0.520549
0.410256 , 0.897436 , 0.518477
0.410256 , 0.923077 , 0.515355
0.410256 , 0.948718 , 0.513279
0.410256 , 0.974359 , 0.511609
0.410256 , 1.000000 , 0.511169
0.435897 , 0.000000 , 0.541627
0.435897 , 0.025641 , 0.541030
0.435897 , 0.051282 , 0.540559
0.435897 , 0.076923 , 0.539346
0.435897 , 0.102564 , 0.538313
0.435897 , 0.128205 , 0.538605
0.435897 , 0.153846 , 0.538225
0.435897 , 0.179487 , 0.536217
0.435897 , 0.205128 , 0.534752
0.435897 , 0.230769 , 0.533918
0.435897 , 0.256410 , 0.531481
0.435897 , 0.282051 , 0.528960
0.435897 , 0.307692 , 0.526855
0.435897 , 0.333333 , 0.524281
0.435897 , 0.358974 , 0.519719
0.435897 , 0.384615 , 0.513964
0.435897 , 0.410256 , 0.508654
0.435897 , 0.435897 , 0.503339
0.435897 , 0.461538 , 0.498126
0.435897 , 0.487179 , 0.493393
0.435897 , 0.512821 , 0.487625
0.435897 , 0.538462 , 0.481247
0.435897 , 0.564103 , 0.475044
0.435897 , 0.589744 , 0.468385
0.435897 , 0.615385 , 0.462169
0.435897 , 0.641026 , 0.455233
0.435897 , 0.666667 , 0.448060
0.435897 , 0.692308 , 0.440711
0.435897 , 0.717949 , 0.432843
0.435897 , 0.743590 , 0.425220
0.435897 , 0.769231 , 0.418441
0.435897 , 0.794872 , 0.412378
0.435897 , 0.820513 , 0.406927
0.435897 , 0.846154 , 0.402630
0.435897 , 0.871795 , 0.400451
0.435897 , 0.897436 , 0.398205
0.435897 , 0.923077 , 0.395086
0.435897 , 0.948718 , 0.393368
0.435897 , 0.974359 , 0.391161
0.435897 , 1.000000 , 0.390130
0.461538 , 0.000000 , 0.406487
0.461538 , 0.025641 , 0.405753
0.461538 , 0.051282 , 0.404132
0.461538 , 0.076923 , 0.403431
0.461538 , 0.102564 , 0.402660
0.461538 , 0.128205 , 0.402287
0.461538 , 0.153846 , 0.401631
0.461538 , 0.179487 , 0.399333
0.461538 , 0.205128 , 0.396432
0.461538 , 0.230769 , 0.394271
0.461538 , 0.256410 , 0.392686
0.461538 , 0.282051 , 0.390691
0.461538 , 0.307692 , 0.388711
0.461538 , 0.333333 , 0.387361
0.461538 , 0.358974 , 0.384218
0.461538 , 0.384615 , 0.380191
0.461538 , 0.410256 , 0.376173
0.461538 , 0.435897 , 0.372307
0.461538 , 0.461538 , 0.368955
0.461538 , 0.487179 , 0.365724
0.461538 , 0.512821 , 0.361997
0.461538 , 0.538462 , 0.357982
0.461538 , 0.564103 , 0.353525
0.461538 , 0.589744 , 0.348359
0.461538 , 0.615385 , 0.343148
0.461538 , 0.641026 , 0.337835
0.461538 , 0.666667 , 0.332582
0.461538 , 0.692308 , 0.326971
0.461538 , 0.717949 , 0.320156
0.461538 , 0.743590 , 0.313467
0.461538 , 0.769231 , 0.306423
0.461538 , 0.794872 , 0.300393
0.461538 , 0.820513 , 0.294955
0.461538 , 0.846154 , 0.291075
0.461538 , 0.871795 , 0.288539
0.461538 , 0.897436 , 0.287002
0.461538 , 0.923077 , 0.283755
0.461538 , 0.948718 , 0.281817
0.461538 , 0.974359 , 0.280065
0.461538 , 1.000000 , 0.279157
0.487179 , 0.000000 , 0.276959
0.487179 , 0.025641 , 0.276138
0.487179 , 0.051282 , 0.274010
0.487179 , 0.076923 , 0.272733
0.487179 , 0.102564 , 0.272008
0.487179 , 0.128205 , 0.271023
0.487179 , 0.153846 , 0.270236
0.487179 , 0.179487 , 0.268532
0.487179 , 0.205128 , 0.265948
0.487179 , 0.230769 , 0.263402
0.487179 , 0.256410 , 0.261492
0.487179 , 0.282051 , 0.259727
0.487179 , 0.307692 , 0.257318
0.487179 , 0.333333 , 0.255919
0.487179 , 0.358974 , 0.254422
0.487179 , 0.384615 , 0.252486
0.487179 , 0.410256 , 0.250137
0.487179 , 0.435897 , 0.247767
0.487179 , 0.461538 , 0.245901
0.487179 , 0.487179 , 0.244006
0.487179 , 0.512821 , 0.242451
0.487179 , 0.538462 , 0.240728
0.487179 , 0.564103 , 0.237871
0.487179 , 0.589744 , 0.234328
0.487179 , 0.615385 , 0.231092
0.487179 , 0.641026 , 0.228383
0.487179 , 0.666667 , 0.224634
0.487179 , 0.692308 , 0.219665
0.487179 , 0.717949 , 0.214141
0.487179 , 0.743590 , 0.208459
0.487179 , 0.769231 , 0.202129
0.487179 , 0.794872 , 0.196504
0.487179 , 0.820513 , 0.191687
0.487179 , 0.846154 , 0.187471
0.487179 , 0.871795 , 0.184568
0.487179 , 0.897436 , 0.183301
0.487179 , 0.923077 , 0.181160
0.487179 , 0.948718 , 0.179182
0.487179 , 0.974359 , 0.177822
0.487179 , 1.000000 , 0.177155
0.512821 , 0.000000 , 0.152909
0.512821 , 0.025641 , 0.152213
0.512821 , 0.051282 , 0.150565
0.512821 , 0.076923 , 0.148765
0.512821 , 0.102564 , 0.146839
0.512821 , 0.128205 , 0.145550
0.512821 , 0.153846 , 0.144740
0.512821 , 0.179487 , 0.143322
0.512821 , 0.205128 , 0.141005
0.512821 , 0.230769 , 0.138932
0.512821 , 0.256410 , 0.136610
0.512821 , 0.282051 , 0.134996
0.512821 , 0.307692 , 0.132995
0.512821 , 0.333333 , 0.131745
0.512821 , 0.358974 , 0.131498
0.512821 , 0.384615 , 0.131087
0.512821 , 0.410256 , 0.130207
0.512821 , 0.435897 , 0.129591
0.512821 , 0.461538 , 0.129349
0.512821 , 0.487179 , 0.129231
0.512821 , 0.512821 , 0.129232
0.512821 , 0.538462 , 0.129391
0.512821 , 0.564103 , 0.129184
0.512821 , 0.589744 , 0.127807
0.512821 , 0.615385 , 0.126267
0.512821 , 0.641026 , 0.124693
0.512821 , 0.666667 , 0.122550
0.512821 , 0.692308 , 0.119094
0.512821 , 0.717949 , 0.115181
0.512821 , 0.743590 , 0.110561
0.512821 , 0.769231 , 0.105536
0.512821 , 0.794872 , 0.100538
0.512821 , 0.820513 , 0.096440
0.512821 , 0.846154 , 0.091801
0.512821 , 0.871795 , 0.088238
0.512821 , 0.897436 , 0.085883
0.512821 , 0.923077 , 0.084629
0.512821 , 0.948718 , 0.083506
0.512821 , 0.974359 , 0.082719
0.512821 , 1.000000 , 0.082158
0.538462 , 0.000000 , 0.035524
0.538462 , 0.025641 , 0.034880
0.538462 , 0.051282 , 0.032876
0.538462 , 0.076923 , 0.030897
0.538462 , 0.102564 , 0.028666
0.538462 , 0.128205 , 0.026819
0.538462 , 0.153846 , 0.025282
0.538462 , 0.179487 , 0.023907
0.538462 , 0.205128 , 0.022163
0.538462 , 0.230769 , 0.020208
0.538462 , 0.256410 , 0.017586
0.538462 , 0.282051 , 0.016070
0.538462 , 0.307692 , 0.015040
0.538462 , 0.333333 , 0.014512
0.538462 , 0.358974 , 0.015005
0.538462 , 0.384615 , 0.015807
0.538462 , 0.410256 , 0.016412
0.538462 , 0.435897 , 0.017275
0.538462 , 0.461538 , 0.018867
0.538462 , 0.487179 , 0.020617
0.538462 , 0.512821 , 0.022279
0.538462 , 0.538462 , 0.024918
0.538462 , 0.564103 , 0.027140
0.538462 , 0.589744 , 0.028465
0.538462 , 0.615385 , 0.028388
0.538462 , 0.641026 , 0.027532
0.538462 , 0.666667 , 0.026502
0.538462 , 0.692308 , 0.025120
0.538462 , 0.717949 , 0.022825
0.538462 , 0.743590 , 0.018997
0.538462 , 0.769231 , 0.015150
0.538462 , 0.794872 , 0.011413
0.538462 , 0.820513 , 0.008516
0.538462 , 0.846154 , 0.004662
0.538462 , 0.871795 , 0.000432
0.538462 , 0.897436 , -0.002341
0.538462 , 0.923077 , -0.003902
0.538462 , 0.948718 , -0.005190
0.538462 , 0.974359 , -0.005869
0.538462 , 1.000000 , -0.006499
0.564103 , 0.000000 , -0.075577
0.564103 , 0.025641 , -0.076268
0.564103 , 0.051282 , -0.078597
0.564103 , 0.076923 , -0.080799
0.564103 , 0.102564 , -0.082678
0.564103 , 0.128205 , -0.084941
0.564103 , 0.153846 , -0.087961
0.564103 , 0.179487 , -0.089196
0.564103 , 0.205128 , -0.090362
0.564103 , 0.230769 , -0.092570
0.564103 , 0.256410 , -0.094851
0.564103 , 0.282051 , -0.096007
0.564103 , 0.307692 , -0.096237
0.564103 , 0.333333 , -0.096086
0.564103 , 0.358974 , -0.094704
0.564103 , 0.384615 , -0.092702
0.564103 , 0.410256 , -0.090934
0.564103 , 0.435897 , -0.088974
0.564103 , 0.461538 , -0.086068
0.564103 , 0.487179 , -0.082373
0.564103 , 0.512821 , -0.078801
0.564103 , 0.538462 , -0.074404
0.564103 , 0.564103 , -0.069857
0.564103 , 0.589744 , -0.066549
0.564103 , 0.615385 , -0.064547
0.564103 , 0.641026 , -0.063226
0.564103 , 0.666667 , -0.062370
0.564103 , 0.692308 , -0.061882
0.564103 , 0.717949 , -0.062698
0.564103 , 0.743590 , -0.065606
0.564103 , 0.769231 , -0.068551
0.564103 , 0.794872 , -0.071192
0.564103 , 0.820513 , -0.073232
0.564103 , 0.846154 , -0.076354
0.564103 , 0.871795 , -0.080172
0.564103 , 0.897436 , -0.083381
0.564103 , 0.923077 , -0.084718
0.564103 , 0.948718 , -0.086174
0.564103 , 0.974359 , -0.087413
0.564103 , 1.000000 , -0.087926
0.589744 , 0.000000 , -0.179938
0.589744 , 0.025641 , -0.180946
0.589744 , 0.051282 , -0.183240
0.589744 , 0.076923 , -0.185466
0.589744 , 0.102564 , -0.187461
0.589744 , 0.128205 , -0.190268
0.589744 , 0.153846 , -0.193592
0.589744 , 0.179487 , -0.195300
0.589744 , 0.205128 , -0.197177
0.589744 , 0.230769 , -0.199289
0.589744 , 0.256410 , -0.201086
0.589744 , 0.282051 , -0.201472
0.589744 , 0.307692 , -0.201035
0.589744 , 0.333333 , -0.199971
0.589744 , 0.358974 , -0.197818
0.589744 , 0.384615 , -0.194687
0.589744 , 0.410256 , -0.191556
0.589744 , 0.435897 , -0.188610
0.589744 , 0.461538 , -0.184553
0.589744 , 0.487179 , -0.179431
0.589744 , 0.512821 , -0.173718
0.589744 , 0.538462 , -0.167286
0.589744 , 0.564103 , -0.161405
0.589744 , 0.589744 , -0.156252
0.589744 , 0.615385 , -0.152232
0.589744 , 0.641026 , -0.148715
0.589744 , 0.666667 , -0.145808
0.589744 , 0.692308 , -0.143342
0.589744 , 0.717949 , -0.142332
0.589744 , 0.743590 , -0.143497
0.589744 , 0.769231 , -0.145015
0.589744 , 0.794872 , -0.147277
0.589744 , 0.820513 , -0.149167
0.589744 , 0.846154 , -0.151532
0.589744 , 0.871795 , -0.154510
0.589744 , 0.897436 , -0.157807
0.589744 , 0.923077 , -0.159541
0.589744 , 0.948718 , -0.160994
0.589744 , 0.974359 , -0.162208
0.589744 , 1.000000 , -0.162719
0.615385 , 0.000000 , -0.279012
0.615385 , 0.025641 , -0.279397
0.615385 , 0.051282 , -0.281287
0.615385 , 0.076923 , -0.283755
0.615385 , 0.102564 , -0.285728
0.615385 , 0.128205 , -0.288896
0.615385 , 0.153846 , -0.292311
0.615385 , 0.179487 , -0.294586
0.615385 , 0.205128 , -0.296947
0.615385 , 0.230769 , -0.298461
0.615385 , 0.256410 , -0.299947
0.615385 , 0.282051 , -0.300134
0.615385 , 0.307692 , -0.299549
0.615385 , 0.333333 , -0.297686
0.615385 , 0.358974 , -0.294299
0.615385 , 0.384615 , -0.289667
0.615385 , 0.410256 , -0.285513
0.615385 , 0.435897 , -0.281142
0.615385 , 0.461538 , -0.275797
0.615385 , 0.487179 , -0.269761
0.615385 , 0.512821 , -0.262762
0.615385 , 0.538462 , -0.254484
0.615385 , 0.564103 , -0.247177
0.615385 , 0.589744 , -0.240213
0.615385 , 0.615385 , -0.233758
0.615385 , 0.641026 , -0.228678
0.615385 , 0.666667 , -0.224272
0.615385 , 0.692308 , -0.219809
0.615385 , 0.717949 , -0.217009
0.615385 , 0.743590 , -0.216307
0.615385 , 0.769231 , -0.216572
0.615385 , 0.794872 , -0.218592
0.615385 , 0.820513 , -0.219850
0.615385 , 0.846154 , -0.221534
0.615385 , 0.871795 , -0.223961
0.615385 , 0.897436 , -0.226860
0.615385 , 0.923077 , -0.228506
0.615385 , 0.948718 , -0.229885
0.615385 , 0.974359 , -0.230800
0.615385 , 1.000000 , -0.231243
0.641026 , 0.000000 , -0.370993
0.641026 , 0.025641 , -0.371754
0.641026 , 0.051282 , -0.373181
0.641026 , 0.076923 , -0.375840
0.641026 , 0.102564 , -0.378111
0.641026 , 0.128205 , -0.381368
0.641026 , 0.153846 , -0.384267
0.641026 , 0.179487 , -0.386880
0.641026 , 0.205128 , -0.388659
0.641026 , 0.230769 , -0.390166
0.641026 , 0.256410 , -0.391871
0.641026 , 0.282051 , -0.391992
0.641026 , 0.307692 , -0.391198
0.641026 , 0.333333 , -0.388482
0.641026 , 0.358974 , -0.383857
0.641026 , 0.384615 , -0.378281
0.641026 , 0.410256 , -0.373030
0.641026 , 0.435897 , -0.367602
0.641026 , 0.461538 , -0.360354
0.641026 , 0.487179 , -0.353225
0.641026 , 0.512821 , -0.345255
0.641026 , 0.538462 , -0.336100
0.641026 , 0.564103 , -0.327178
0.641026 , 0.589744 , -0.318295
0.641026 , 0.615385 , -0.310232
0.641026 , 0.641026 , -0.303190
0.641026 , 0.666667 , -0.297159
0.641026 , 0.692308 , -0.291204
0.641026 , 0.717949 , -0.286560
0.641026 , 0.743590 , -0.284099
0.641026 , 0.769231 , -0.283374
0.641026 , 0.794872 , -0.284566
0.641026 , 0.820513 , -0.285119
0.641026 , 0.846154 , -0.285540
0.641026 , 0.871795 , -0.287924
0.641026 , 0.897436 , -0.290193
0.641026 , 0.923077 , -0.291340
0.641026 , 0.948718 , -0.293187
0.641026 , 0.974359 , -0.293685
0.641026 , 1.000000 , -0.293909
0.666667 , 0.000000 , -0.456142
0.666667 , 0.025641 , -0.456989
0.666667 , 0.051282 , -0.458693
0.666667 , 0.076923 , -0.461209
0.666667 , 0.102564 , -0.463896
0.666667 , 0.128205 , -0.467321
0.666667 , 0.153846 , -0.470359
0.666667 , 0.179487 , -0.473115
0.666667 , 0.205128 , -0.474184
0.666667 , 0.230769 , -0.475680
0.666667 , 0.256410 , -0.478031
0.666667 , 0.282051 , -0.477654
0.666667 , 0.307692 , -0.475532
0.666667 , 0.333333 , -0.472150
0.666667 , 0.358974 , -0.466659
0.666667 , 0.384615 , -0.460246
0.666667 , 0.410256 , -0.454311
0.666667 , 0.435897 , -0.447443
0.666667 , 0.461538 , -0.438995
0.666667 , 0.487179 , -0.430029
0.666667 , 0.512821 , -0.420945
0.666667 , 0.538462 , -0.411219
0.666667 , 0.564103 , -0.400450
0.666667 , 0.589744 , -0.389824
0.666667 , 0.615385 , -0.380314
0.666667 , 0.641026 , -0.371624
0.666667 , 0.666667 , -0.364022
0.666667 , 0.692308 , -0.357178
0.666667 , 0.717949 , -0.351035
0.666667 , 0.743590 , -0.346591
0.666667 , 0.769231 , -0.345339
0.666667 , 0.794872 , -0.345353
0.666667 , 0.820513 , -0.344709
0.666667 , 0.846154 , -0.344305
0.666667 , 0.871795 , -0.345478
0.666667 , 0.897436 , -0.347139
0.666667 , 0.923077 , -0.347636
0.666667 , 0.948718 , -0.348993
0.666667 , 0.974359 , -0.349919
0.666667 , 1.000000 , -0.350254
0.692308 , 0.000000 , -0.534352
0.692308 , 0.025641 , -0.535009
0.692308 , 0.051282 , -0.537202
0.692308 , 0.076923 , -0.539584
0.692308 , 0.102564 , -0.542817
0.692308 , 0.128205 , -0.546839
0.692308 , 0.153846 , -0.550181
0.692308 , 0.179487 , -0.552097
0.692308 , 0.205128 , -0.553586
0.692308 , 0.230769 , -0.555012
0.692308 , 0.256410 , -0.556992
0.692308 , 0.282051 , -0.555658
0.692308 , 0.307692 , -0.552498
0.692308 , 0.333333 , -0.548140
0.692308 , 0.358974 , -0.542595
0.692308 , 0.384615 , -0.535997
0.692308 , 0.410256 , -0.529122
0.692308 , 0.435897 , -0.521176
0.692308 , 0.461538 , -0.511703
0.692308 , 0.487179 , -0.501734
0.692308 , 0.512821 , -0.491153
0.692308 , 0.538462 , -0.480455
0.692308 , 0.564103 , -0.468224
0.692308 , 0.589744 , -0.456308
0.692308 , 0.615385 , -0.445592
0.692308 , 0.641026 , -0.435320
0.692308 , 0.666667 , -0.425895
0.692308 , 0.692308 , -0.416869
0.692308 , 0.717949 , -0.409677
0.692308 , 0.743590 , -0.404220
0.692308 , 0.769231 , -0.401860
0.692308 , 0.794872 , -0.400655
0.692308 , 0.820513 , -0.398654
0.692308 , 0.846154 , -0.398267
0.692308 , 0.871795 , -0.398560
0.692308 , 0.897436 , -0.398808
0.692308 , 0.923077 , -0.398789
0.692308 , 0.948718 , -0.399562
0.692308 , 0.974359 , -0.400615
0.692308 , 1.000000 , -0.401032
0.717949 , 0.000000 , -0.606383
0.717949 , 0.025641 , -0.606714
0.717949 , 0.051282 , -0.608976
0.717949 , 0.076923 , -0.611779
0.717949 , 0.102564 , -0.614650
0.717949 , 0.128205 , -0.619021
0.717949 , 0.153846 , -0.622608
0.717949 , 0.179487 , -0.623687
0.717949 , 0.205128 , -0.624966
0.717949 , 0.230769 , -0.627139
0.717949 , 0.256410 , -0.628116
0.717949 , 0.282051 , -0.625485
0.717949 , 0.307692 , -0.622412
0.717949 , 0.333333 , -0.617592
0.717949 , 0.358974 , -0.611440
0.717949 , 0.384615 , -0.604464
0.717949 , 0.410256 , -0.597000
0.717949 , 0.435897 , -0.588532
0.717949 , 0.461538 , -0.578209
0.717949 , 0.487179 , -0.567095
0.717949 , 0.512821 , -0.555847
0.717949 , 0.538462 , -0.543898
0.717949 , 0.564103 , -0.531087
0.717949 , 0.589744 , -0.518589
0.717949 , 0.615385 , -0.506055
0.717949 , 0.641026 , -0.494279
0.717949 , 0.666667 , -0.483838
0.717949 , 0.692308 , -0.473104
0.717949 , 0.717949 , -0.464088
0.717949 , 0.743590 , -0.458179
0.717949 , 0.769231 , -0.453952
0.717949 , 0.794872 , -0.450365
0.717949 , 0.820513 , -0.447521
0.717949 , 0.846154 , -0.446887
0.717949 , 0.871795 , -0.447095
0.717949 , 0.897436 , -0.445748
0.717949 , 0.923077 , -0.445627
0.717949 , 0.948718 , -0.446116
0.717949 , 0.974359 , -0.446602
0.717949 , 1.000000 , -0.447144
0.743590 , 0.000000 , -0.672416
0.743590 , 0.025641 , -0.672460
0.743590 , 0.051282 , -0.673835
0.743590 , 0.076923 , -0.676855
0.743590 , 0.102564 , -0.679746
0.743590 , 0.128205 , -0.683598
0.743590 , 0.153846 , -0.686302
0.743590 , 0.179487 , -0.687968
0.743590 , 0.205128 , -0.689275
0.743590 , 0.230769 , -0.691236
0.743590 , 0.256410 , -0.691929
0.743590 , 0.282051 , -0.689458
0.743590 , 0.307692 , -0.685267
0.743590 , 0.333333 , -0.681191
0.743590 , 0.358974 , -0.675088
0.743590 , 0.384615 , -0.667325
0.743590 , 0.410256 , -0.658649
0.743590 , 0.435897 , -0.649471
0.743590 , 0.461538 , -0.638167
0.743590 , 0.487179 , -0.626147
0.743590 , 0.512821 , -0.614148
0.743590 , 0.538462 , -0.601253
0.743590 , 0.564103 , -0.587889
0.743590 , 0.589744 , -0.574165
0.743590 , 0.615385 , -0.561027
0.743590 , 0.641026 , -0.547631
0.743590 , 0.666667 , -0.535768
0.743590 , 0.692308 , -0.525145
0.743590 , 0.717949 , -0.515354
0.743590 , 0.743590 , -0.507534
0.743590 , 0.769231 , -0.501361
0.743590 , 0.794872 , -0.495923
0.743590 , 0.820513 , -0.492845
0.743590 , 0.846154 , -0.491824
0.743590 , 0.871795 , -0.490819
0.743590 , 0.897436 , -0.489234
0.743590 , 0.923077 , -0.488729
0.743590 , 0.948718 , -0.488946
0.743590 , 0.974359 , -0.489273
0.743590 , 1.000000 , -0.489379
0.769231 , 0.000000 , -0.731298
0.769231 , 0.025641 , -0.731174
0.769231 , 0.051282 , -0.732252
0.769231 , 0.076923 , -0.734831
0.769231 , 0.102564 , -0.737636
0.769231 , 0.128205 , -0.741348
0.769231 , 0.153846 , -0.742686
0.769231 , 0.179487 , -0.744139
0.769231 , 0.205128 , -0.746237
0.769231 , 0.230769 , -0.747712
0.769231 , 0.256410 , -0.748078
0.769231 , 0.282051 , -0.746729
0.769231 , 0.307692 , -0.742016
0.769231 , 0.333333 , -0.736643
0.769231 , 0.358974 , -0.731489
0.769231 , 0.384615 , -0.723801
0.769231 , 0.410256 , -0.714006
0.769231 , 0.435897 , -0.703695
0.769231 , 0.461538 , -0.692174
0.769231 , 0.487179 , -0.680028
0.769231 , 0.512821 , -0.666726
0.769231 , 0.538462 , -0.652861
0.769231 , 0.564103 , -0.639284
0.769231 , 0.589744 , -0.624315
0.769231 , 0.615385 , -0.610539
0.769231 , 0.641026 , -0.596771
0.769231 , 0.666667 , -0.583094
0.769231 , 0.692308 , -0.571332
0.769231 , 0.717949 , -0.561528
0.769231 , 0.743590 , -0.552412
0.769231 , 0.769231 , -0.545341
0.769231 , 0.794872 , -0.538913
0.769231 , 0.820513 , -0.534892
0.769231 , 0.846154 , -0.533026
0.769231 , 0.871795 , -0.531316
0.769231 , 0.897436 , -0.529018
0.769231 , 0.923077 , -0.528022
0.769231 , 0.948718 , -0.527716
0.769231 , 0.974359 , -0.528112
0.769231 , 1.000000 , -0.528135
0.794872 , 0.000000 , -0.783417
0.794872 , 0.025641 , -0.783298
0.794872 , 0.051282 , -0.784017
0.794872 , 0.076923 , -0.786110
0.794872 , 0.102564 , -0.788827
0.794872 , 0.128205 , -0.791713
0.794872 , 0.153846 , -0.792540
0.794872 , 0.179487 , -0.793890
0.794872 , 0.205128 , -0.795860
0.794872 , 0.230769 , -0.797019
0.794872 , 0.256410 , -0.797279
0.794872 , 0.282051 , -0.796004
0.794872 , 0.307692 , -0.791811
0.794872 , 0.333333 , -0.785319
0.794872 , 0.358974 , -0.779677
0.794872 , 0.384615 , -0.772443
0.794872 , 0.410256 , -0.762377
0.794872 , 0.435897 , -0.751449
0.794872 , 0.461538 , -0.739495
0.794872 , 0.487179 , -0.727325
0.794872 , 0.512821 , -0.713814
0.794872 , 0.538462 , -0.699643
0.794872 , 0.564103 , -0.685043
0.794872 , 0.589744 , -0.669977
0.794872 , 0.615385 , -0.655403
0.794872 , 0.641026 , -0.641543
0.794872 , 0.666667 , -0.627548
0.794872 , 0.692308 , -0.615221
0.794872 , 0.717949 , -0.605016
0.794872 , 0.743590 , -0.595592
0.794872 , 0.769231 , -0.587427
0.794872 , 0.794872 , -0.580403
0.794872 , 0.820513 , -0.574413
0.794872 , 0.846154 , -0.570587
0.794872 , 0.871795 , -0.567547
0.794872 , 0.897436 , -0.564407
0.794872 , 0.923077 , -0.562847
0.794872 , 0.948718 , -0.562530
0.794872 , 0.974359 , -0.562646
0.794872 , 1.000000 , -0.562951
0.820513 , 0.000000 , -0.828729
0.820513 , 0.025641 , -0.828701
0.820513 , 0.051282 , -0.829763
0.820513 , 0.076923 , -0.831576
0.820513 , 0.102564 , -0.834039
0.820513 , 0.128205 , -0.836217
0.820513 , 0.153846 , -0.836785
0.820513 , 0.179487 , -0.837297
0.820513 , 0.205128 , -0.838726
0.820513 , 0.230769 , -0.840135
0.820513 , 0.256410 , -0.840792
0.820513 , 0.282051 , -0.838501
0.820513 , 0.307692 , -0.834418
0.820513 , 0.333333 , -0.828145
0.820513 , 0.358974 , -0.821821
0.820513 , 0.384615 , -0.814235
0.820513 , 0.410256 , -0.804251
0.820513 , 0.435897 , -0.792643
0.820513 , 0.461538 , -0.780420
0.820513 , 0.487179 , -0.768467
0.820513 , 0.512821 , -0.755154
0.820513 , 0.538462 , -0.741652
0.820513 , 0.564103 , -0.727309
0.820513 , 0.589744 , -0.711772
0.820513 , 0.615385 , -0.696525
0.820513 , 0.641026 , -0.682217
0.820513 , 0.666667 , -0.668119
0.820513 , 0.692308 , -0.655571
0.820513 , 0.717949 , -0.644553
0.820513 , 0.743590 , -0.633958
0.820513 , 0.769231 , -0.624712
0.820513 , 0.794872 , -0.616591
0.820513 , 0.820513 , -0.610276
0.820513 , 0.846154 , -0.605053
0.820513 , 0.871795 , -0.600442
0.820513 , 0.897436 , -0.595967
0.820513 , 0.923077 , -0.593602
0.820513 , 0.948718 , -0.593433
0.820513 , 0.974359 , -0.593420
0.820513 , 1.000000 , -0.593590
0.846154 , 0.000000 , -0.867294
0.846154 , 0.025641 , -0.867501
0.846154 , 0.051282 , -0.868238
0.846154 , 0.076923 , -0.870061
0.846154 , 0.102564 , -0.872695
0.846154 , 0.128205 , -0.874639
0.846154 , 0.153846 , -0.875269
0.846154 , 0.179487 , -0.875134
0.846154 , 0.205128 , -0.876041
0.846154 , 0.230769 , -0.876987
0.846154 , 0.256410 , -0.877189
0.846154 , 0.282051 , -0.873752
0.846154 , 0.307692 , -0.869880
0.846154 , 0.333333 , -0.864818
0.846154 , 0.358974 , -0.858311
0.846154 , 0.384615 , -0.850119
0.846154 , 0.410256 , -0.839707
0.846154 , 0.435897 , -0.828168
0.846154 , 0.461538 , -0.816278
0.846154 , 0.487179 , -0.804035
0.846154 , 0.512821 , -0.790233
0.846154 , 0.538462 , -0.776928
0.846154 , 0.564103 , -0.762973
0.846154 , 0.589744 , -0.747815
0.846154 , 0.615385 , -0.732454
0.846154 , 0.641026 , -0.718186
0.846154 , 0.666667 , -0.704243
0.846154 , 0.692308 , -0.691723
0.846154 , 0.717949 , -0.679711
0.846154 , 0.743590 , -0.667915
0.846154 , 0.769231 , -0.658192
0.846154 , 0.794872 , -0.648962
0.846154 , 0.820513 , -0.641229
0.846154 , 0.846154 , -0.634700
0.846154 , 0.871795 , -0.628558
0.846154 , 0.897436 , -0.623612
0.846154 , 0.923077 , -0.620736
0.846154 , 0.948718 , -0.619851
0.846154 , 0.974359 , -0.619744
0.846154 , 1.000000 , -0.619445
0.871795 , 0.000000 , -0.900535
0.871795 , 0.025641 , -0.900185
0.871795 , 0.051282 , -0.900557
0.871795 , 0.076923 , -0.902393
0.871795 , 0.102564 , -0.904670
0.871795 , 0.128205 , -0.905996
0.871795 , 0.153846 , -0.906896
0.871795 , 0.179487 , -0.907073
0.871795 , 0.205128 , -0.906791
0.871795 , 0.230769 , -0.906605
0.871795 , 0.256410 , -0.905889
0.871795 , 0.282051 , -0.903044
0.871795 , 0.307692 , -0.899260
0.871795 , 0.333333 , -0.894705
0.871795 , 0.358974 , -0.887714
0.871795 , 0.384615 , -0.879357
0.871795 , 0.410256 , -0.868823
0.871795 , 0.435897 , -0.857807
0.871795 , 0.461538 , -0.846824
0.871795 , 0.487179 , -0.834407
0.871795 , 0.512821 , -0.820618
0.871795 , 0.538462 , -0.806498
0.871795 , 0.564103 , -0.792250
0.871795 , 0.589744 , -0.777040
0.871795 , 0.615385 , -0.762340
0.871795 , 0.641026 , -0.748325
0.871795 , 0.666667 , -0.734989
0.871795 , 0.692308 , -0.721924
0.871795 , 0.717949 , -0.709525
0.871795 , 0.743590 , -0.696477
0.871795 , 0.769231 , -0.685410
0.871795 , 0.794872 , -0.675674
0.871795 , 0.820513 , -0.667281
0.871795 , 0.846154 , -0.659818
0.871795 , 0.871795 , -0.652720
0.871795 , 0.897436 , -0.647114
0.871795 , 0.923077 , -0.643579
0.871795 , 0.948718 , -0.641950
0.871795 , 0.974359 , -0.641411
0.871795 , 1.000000 , -0.641896
0.897436 , 0.000000 , -0.927426
0.897436 , 0.025641 , -0.927209
0.897436 , 0.051282 , -0.927317
0.897436 , 0.076923 , -0.928298
0.897436 , 0.102564 , -0.930327
0.897436 , 0.128205 , -0.931456
0.897436 , 0.153846 , -0.931651
0.897436 , 0.179487 , -0.932347
0.897436 , 0.205128 , -0.932023
0.897436 , 0.230769 , -0.931393
0.897436 , 0.256410 , -0.929658
0.897436 , 0.282051 , -0.926094
0.897436 , 0.307692 , -0.922818
0.897436 , 0.333333 , -0.918679
0.897436 , 0.358974 , -0.911960
0.897436 , 0.384615 , -0.902962
0.897436 , 0.410256 , -0.892949
0.897436 , 0.435897 , -0.882120
0.897436 , 0.461538 , -0.871189
0.897436 , 0.487179 , -0.858411
0.897436 , 0.512821 , -0.844841
0.897436 , 0.538462 , -0.830939
0.897436 , 0.564103 , -0.816372
0.897436 , 0.589744 , -0.801408
0.897436 , 0.615385 , -0.787086
0.897436 , 0.641026 , -0.772921
0.897436 , 0.666667 , -0.759544
0.897436 , 0.692308 , -0.746629
0.897436 , 0.717949 , -0.734063
0.897436 , 0.743590 , -0.720593
0.897436 , 0.769231 , -0.708254
0.897436 , 0.794872 , -0.697407
0.897436 , 0.820513 , -0.688039
0.897436 , 0.846154 , -0.680431
0.897436 , 0.871795 , -0.673515
0.897436 , 0.897436 , -0.667806
0.897436 , 0.923077 , -0.663604
0.897436 , 0.948718 , -0.661231
0.897436 , 0.974359 , -0.660490
0.897436 , 1.000000 , -0.660607
0.923077 , 0.000000 , -0.948060
0.923077 , 0.025641 , -0.948275
0.923077 , 0.051282 , -0.948064
0.923077 , 0.076923 , -0.948220
0.923077 , 0.102564 , -0.949729
0.923077 , 0.128205 , -0.950510
0.923077 , 0.153846 , -0.950828
0.923077 , 0.179487 , -0.951113
0.923077 , 0.205128 , -0.951050
0.923077 , 0.230769 , -0.950156
0.923077 , 0.256410 , -0.948347
0.923077 , 0.282051 , -0.945734
0.923077 , 0.307692 , -0.942010
0.923077 , 0.333333 , -0.936972
0.923077 , 0.358974 , -0.930229
0.923077 , 0.384615 , -0.921678
0.923077 , 0.410256 , -0.911709
0.923077 , 0.435897 , -0.900937
0.923077 , 0.461538 , -0.889622
0.923077 , 0.487179 , -0.877091
0.923077 , 0.512821 , -0.863668
0.923077 , 0.538462 , -0.849992
0.923077 , 0.564103 , -0.835485
0.923077 , 0.589744 , -0.820359
0.923077 , 0.615385 , -0.805784
0.923077 , 0.641026 , -0.791613
0.923077 , 0.666667 , -0.778322
0.923077 , 0.692308 , -0.765438
0.923077 , 0.717949 , -0.752812
0.923077 , 0.743590 , -0.740552
0.923077 , 0.769231 , -0.728185
0.923077 , 0.794872 , -0.716506
0.923077 , 0.820513 , -0.706602
0.923077 , 0.846154 , -0.698210
0.923077 , 0.871795 , -0.690818
0.923077 , 0.897436 , -0.684914
0.923077 , 0.923077 , -0.680736
0.923077 , 0.948718 , -0.677746
0.923077 , 0.974359 , -0.676004
0.923077 , 1.000000 , -0.675955
0.948718 , 0.000000 , -0.961784
0.948718 , 0.025641 , -0.962440
0.948718 , 0.051282 , -0.962821
0.948718 , 0.076923 , -0.962700
0.948718 , 0.102564 , -0.963384
0.948718 , 0.128205 , -0.964382
0.948718 , 0.153846 , -0.964667
0.948718 , 0.179487 , -0.964911
0.948718 , 0.205128 , -0.964543
0.948718 , 0.230769 , -0.963562
0.948718 , 0.256410 , -0.961471
0.948718 , 0.282051 , -0.958744
0.948718 , 0.307692 , -0.954832
0.948718 , 0.333333 , -0.949065
0.948718 , 0.358974 , -0.942494
0.948718 , 0.384615 , -0.934801
0.948718 , 0.410256 , -0.925215
0.948718 , 0.435897 , -0.914958
0.948718 , 0.461538 , -0.903133
0.948718 , 0.487179 , -0.890286
0.948718 , 0.512821 , -0.877015
0.948718 , 0.538462 , -0.863126
0.948718 , 0.564103 , -0.848899
0.948718 , 0.589744 , -0.834668
0.948718 , 0.615385 , -0.820372
0.948718 , 0.641026 , -0.805898
0.948718 , 0.666667 , -0.792164
0.948718 , 0.692308 , -0.779080
0.948718 , 0.717949 , -0.766061
0.948718 , 0.743590 , -0.753373
0.948718 , 0.769231 , -0.741646
0.948718 , 0.794872 , -0.730391
0.948718 , 0.820513 , -0.719973
0.948718 , 0.846154 , -0.710857
0.948718 , 0.871795 , -0.703308
0.948718 , 0.897436 , -0.697847
0.948718 , 0.923077 , -0.693462
0.948718 , 0.948718 , -0.689876
0.948718 , 0.974359 , -0.687659
0.948718 , 1.000000 , -0.686712
0.974359 , 0.000000 , -0.969859
0.974359 , 0.025641 , -0.970366
0.974359 , 0.051282 , -0.971278
0.974359 , 0.076923 , -0.971820
0.974359 , 0.102564 , -0.971913
0.974359 , 0.128205 , -0.972759
0.974359 , 0.153846 , -0.973183
0.974359 , 0.179487 , -0.973182
0.974359 , 0.205128 , -0.972296
0.974359 , 0.230769 , -0.971073
0.974359 , 0.256410 , -0.969007
0.974359 , 0.282051 , -0.966063
0.974359 , 0.307692 , -0.962146
0.974359 , 0.333333 , -0.956551
0.974359 , 0.358974 , -0.950094
0.974359 , 0.384615 , -0.942304
0.974359 , 0.410256 , -0.933245
0.974359 , 0.435897 , -0.923023
0.974359 , 0.461538 , -0.911138
0.974359 , 0.487179 , -0.898194
0.974359 , 0.512821 , -0.885563
0.974359 , 0.538462 , -0.872114
0.974359 , 0.564103 , -0.857878
0.974359 , 0.589744 , -0.843550
0.974359 , 0.615385 , -0.829318
0.974359 , 0.641026 , -0.814633
0.974359 , 0.666667 , -0.801034
0.974359 , 0.692308 , -0.787767
0.974359 , 0.717949 , -0.774045
0.974359 , 0.743590 , -0.761389
0.974359 , 0.769231 , -0.749572
0.974359 , 0.794872 , -0.738022
0.974359 , 0.820513 , -0.727894
0.974359 , 0.846154 , -0.719238
0.974359 , 0.871795 , -0.711753
0.974359 , 0.897436 , -0.705411
0.974359 , 0.923077 , -0.701141
0.974359 , 0.948718 , -0.697657
0.974359 , 0.974359 , -0.694894
0.974359 , 1.000000 , -0.694047
1.000000 , 0.000000 , -0.972176
1.000000 , 0.025641 , -0.972869
1.000000 , 0.051282 , -0.973731
1.000000 , 0.076923 , -0.974633
1.000000 , 0.102564 , -0.975036
1.000000 , 0.128205 , -0.975593
1.000000 , 0.153846 , -0.975900
1.000000 , 0.179487 , -0.975891
1.000000 , 0.205128 , -0.974547
1.000000 , 0.230769 , -0.973100
1.000000 , 0.256410 , -0.970992
1.000000 , 0.282051 , -0.967951
1.000000 , 0.307692 , -0.964526
1.000000 , 0.333333 , -0.959181
1.000000 , 0.358974 , -0.952340
1.000000 , 0.384615 , -0.944380
1.000000 , 0.410256 , -0.935291
1.000000 , 0.435897 , -0.924942
1.000000 , 0.461538 , -0.913169
1.000000 , 0.487179 , -0.900531
1.000000 , 0.512821 , -0.887707
1.000000 , 0.538462 , -0.874628
1.000000 , 0.564103 , -0.860649
1.000000 , 0.589744 , -0.846256
1.000000 , 0.615385 , -0.831649
1.000000 , 0.641026 , -0.817537
1.000000 , 0.666667 , -0.804093
1.000000 , 0.692308 , -0.790770
1.000000 , 0.717949 , -0.777164
1.000000 , 0.743590 , -0.764139
1.000000 , 0.769231 , -0.752364
1.000000 , 0.794872 , -0.741411
1.000000 , 0.820513 , -0.730929
1.000000 , 0.846154 , -0.721907
1.000000 , 0.871795 , -0.714159
1.000000 , 0.897436 , -0.707636
1.000000 , 0.923077 , -0.703224
1.000000 , 0.948718 , -0.700090
1.000000 , 0.974359 , -0.697674
1.000000 , 1.000000 , -0.696620
