0.000000 , 0.000000 , -2.351141
0.000000 , 0.025641 , -2.351141
0.000000 , 0.051282 , -2.351141
0.000000 , 0.076923 , -2.351141
0.000000 , 0.102564 , -2.351141
0.000000 , 0.128205 , -2.351141
0.000000 , 0.153846 , -2.351141
0.000000 , 0.179487 , -2.351141
0.000000 , 0.205128 , -2.351141
0.000000 , 0.230769 , -2.351141
0.000000 , 0.256410 , -2.351141
0.000000 , 0.282051 , -2.351141
0.000000 , 0.307692 , -2.351141
0.000000 , 0.333333 , -2.351141
0.000000 , 0.358974 , -2.351141
0.000000 , 0.384615 , -2.351141
0.000000 , 0.410256 , -2.351141
0.000000 , 0.435897 , -2.351141
0.000000 , 0.461538 , -2.351141
0.000000 , 0.487179 , -2.351141
0.000000 , 0.512821 , -2.351141
0.000000 , 0.538462 , -2.351141
0.000000 , 0.564103 , -2.351141
0.000000 , 0.589744 , -2.351141
0.000000 , 0.615385 , -2.351141
0.000000 , 0.641026 , -2.351141
0.000000 , 0.666667 , -2.351141
0.000000 , 0.692308 , -2.351141
0.000000 , 0.717949 , -2.351141
0.000000 , 0.743590 , -2.351141
0.000000 , 0.769231 , -2.351141
0.000000 , 0.794872 , -2.351141
0.000000 , 0.820513 , -2.351141
0.000000 , 0.846154 , -2.351141
0.000000 , 0.871795 , -2.351141
0.000000 , 0.897436 , -2.351141
0.000000 , 0.923077 , -2.351141
0.000000 , 0.948718 , -2.351141
0.000000 , 0.974359 , -2.351141
0.000000 , 1.000000 , -2.351141
0.025641 , 0.000000 , -2.277664
0.025641 , 0.025641 , -2.277267
0.025641 , 0.051282 , -2.276152
0.025641 , 0.076923 , -2.275529
0.025641 , 0.102564 , -2.275272
0.025641 , 0.128205 , -2.275557
0.025641 , 0.153846 , -2.277166
0.025641 , 0.179487 , -2.279897
0.025641 , 0.205128 , -2.283487
0.025641 , 0.230769 , -2.287226
0.025641 , 0.256410 , -2.290567
0.025641 , 0.282051 , -2.293802
0.025641 , 0.307692 , -2.298257
0.025641 , 0.333333 , -2.303616
0.025641 , 0.358974 , -2.309650
0.025641 , 0.384615 , -2.315637
0.025641 , 0.410256 , -2.320930
0.025641 , 0.435897 , -2.326694
0.025641 , 0.461538 , -2.333066
0.025641 , 0.487179 , -2.338696
0.025641 , 0.512821 , -2.344846
0.025641 , 0.538462 , -2.350505
0.025641 , 0.564103 , -2.356256
0.025641 , 0.589744 , -2.361575
0.025641 , 0.615385 , -2.366744
0.025641 , 0.641026 , -2.371283
0.025641 , 0.666667 , -2.375426
0.025641 , 0.692308 , -2.379360
0.025641 , 0.717949 , -2.383433
0.025641 , 0.743590 , -2.387205
0.025641 , 0.769231 , -2.390329
0.025641 , 0.794872 , -2.393182
0.025641 , 0.820513 , -2.395990
0.025641 , 0.846154 , -2.398065
0.025641 , 0.871795 , -2.399521
0.025641 , 0.897436 , -2.401316
0.025641 , 0.923077 , -2.402909
0.025641 , 0.948718 , -2.403827
0.025641 , 0.974359 , -2.404466
0.025641 , 1.000000 , -2.404388
0.051282 , 0.000000 , -2.190453
0.051282 , 0.025641 , -2.190879
0.051282 , 0.051282 , -2.190025
0.051282 , 0.076923 , -2.189056
0.051282 , 0.102564 , -2.189012
0.051282 , 0.128205 , -2.190647
0.051282 , 0.153846 , -2.193745
0.051282 , 0.179487 , -2.198555
0.051282 , 0.205128 , -2.204640
0.051282 , 0.230769 , -2.212128
0.051282 , 0.256410 , -2.219679
0.051282 , 0.282051 , -2.227114
0.051282 , 0.307692 , -2.235706
0.051282 , 0.333333 , -2.245865
0.051282 , 0.358974 , -2.256840
0.051282 , 0.384615 , -2.267899
0.051282 , 0.410256 , -2.279242
0.051282 , 0.435897 , -2.290649
0.051282 , 0.461538 , -2.302860
0.051282 , 0.487179 , -2.314593
0.051282 , 0.512821 , -2.326465
0.051282 , 0.538462 , -2.338421
0.051282 , 0.564103 , -2.349253
0.051282 , 0.589744 , -2.360346
0.051282 , 0.615385 , -2.370185
0.051282 , 0.641026 , -2.379348
0.051282 , 0.666667 , -2.388399
0.051282 , 0.692308 , -2.396262
0.051282 , 0.717949 , -2.403453
0.051282 , 0.743590 , -2.410488
0.051282 , 0.769231 , -2.416721
0.051282 , 0.794872 , -2.423411
0.051282 , 0.820513 , -2.429028
0.051282 , 0.846154 , -2.433313
0.051282 , 0.871795 , -2.437086
0.051282 , 0.897436 , -2.440040
0.051282 , 0.923077 , -2.442634
0.051282 , 0.948718 , -2.444258
0.051282 , 0.974359 , -2.444967
0.051282 , 1.000000 , -2.445164
0.076923 , 0.000000 , -2.094797
0.076923 , 0.025641 , -2.094461
0.076923 , 0.051282 , -2.094227
0.076923 , 0.076923 , -2.094077
0.076923 , 0.102564 , -2.094593
0.076923 , 0.128205 , -2.097101
0.076923 , 0.153846 , -2.101936
0.076923 , 0.179487 , -2.108233
0.076923 , 0.205128 , -2.116819
0.076923 , 0.230769 , -2.127079
0.076923 , 0.256410 , -2.139470
0.076923 , 0.282051 , -2.151398
0.076923 , 0.307692 , -2.164479
0.076923 , 0.333333 , -2.178547
0.076923 , 0.358974 , -2.194225
0.076923 , 0.384615 , -2.210845
0.076923 , 0.410256 , -2.227461
0.076923 , 0.435897 , -2.243729
0.076923 , 0.461538 , -2.261592
0.076923 , 0.487179 , -2.279659
0.076923 , 0.512821 , -2.297525
0.076923 , 0.538462 , -2.315050
0.076923 , 0.564103 , -2.331496
0.076923 , 0.589744 , -2.347567
0.076923 , 0.615385 , -2.362956
0.076923 , 0.641026 , -2.377240
0.076923 , 0.666667 , -2.390299
0.076923 , 0.692308 , -2.402191
0.076923 , 0.717949 , -2.413272
0.076923 , 0.743590 , -2.423727
0.076923 , 0.769231 , -2.432913
0.076923 , 0.794872 , -2.442602
0.076923 , 0.820513 , -2.451272
0.076923 , 0.846154 , -2.458046
0.076923 , 0.871795 , -2.462962
0.076923 , 0.897436 , -2.467576
0.076923 , 0.923077 , -2.471227
0.076923 , 0.948718 , -2.473685
0.076923 , 0.974359 , -2.474590
0.076923 , 1.000000 , -2.474852
0.102564 , 0.000000 , -1.990504
0.102564 , 0.025641 , -1.990601
0.102564 , 0.051282 , -1.990880
0.102564 , 0.076923 , -1.992060
0.102564 , 0.102564 , -1.993477
0.102564 , 0.128205 , -1.996714
0.102564 , 0.153846 , -2.002392
0.102564 , 0.179487 , -2.010310
0.102564 , 0.205128 , -2.021067
0.102564 , 0.230769 , -2.034192
0.102564 , 0.256410 , -2.049374
0.102564 , 0.282051 , -2.065958
0.102564 , 0.307692 , -2.084113
0.102564 , 0.333333 , -2.102685
0.102564 , 0.358974 , -2.122511
0.102564 , 0.384615 , -2.143699
0.102564 , 0.410256 , -2.165837
0.102564 , 0.435897 , -2.187808
0.102564 , 0.461538 , -2.210815
0.102564 , 0.487179 , -2.234397
0.102564 , 0.512821 , -2.258536
0.102564 , 0.538462 , -2.282102
0.102564 , 0.564103 , -2.303640
0.102564 , 0.589744 , -2.324507
0.102564 , 0.615385 , -2.345153
0.102564 , 0.641026 , -2.364741
0.102564 , 0.666667 , -2.382355
0.102564 , 0.692308 , -2.398402
0.102564 , 0.717949 , -2.413586
0.102564 , 0.743590 , -2.427526
0.102564 , 0.769231 , -2.440323
0.102564 , 0.794872 , -2.453096
0.102564 , 0.820513 , -2.463696
0.102564 , 0.846154 , -2.472574
0.102564 , 0.871795 , -2.479209
0.102564 , 0.897436 , -2.485510
0.102564 , 0.923077 , -2.490546
0.102564 , 0.948718 , -2.493497
0.102564 , 0.974359 , -2.494667
0.102564 , 1.000000 , -2.495899
0.128205 , 0.000000 , -1.880130
0.128205 , 0.025641 , -1.879532
0.128205 , 0.051282 , -1.880146
0.128205 , 0.076923 , -1.882355
0.128205 , 0.102564 , -1.885469
0.128205 , 0.128205 , -1.889518
0.128205 , 0.153846 , -1.896061
0.128205 , 0.179487 , -1.905707
0.128205 , 0.205128 , -1.918798
0.128205 , 0.230769 , -1.934131
0.128205 , 0.256410 , -1.951968
0.128205 , 0.282051 , -1.971901
0.128205 , 0.307692 , -1.994055
0.128205 , 0.333333 , -2.017767
0.128205 , 0.358974 , -2.042597
0.128205 , 0.384615 , -2.068305
0.128205 , 0.410256 , -2.094797
0.128205 , 0.435897 , -2.122957
0.128205 , 0.461538 , -2.151708
0.128205 , 0.487179 , -2.181213
0.128205 , 0.512821 , -2.211083
0.128205 , 0.538462 , -2.240488
0.128205 , 0.564103 , -2.267957
0.128205 , 0.589744 , -2.293955
0.128205 , 0.615385 , -2.319296
0.128205 , 0.641026 , -2.342970
0.128205 , 0.666667 , -2.365012
0.128205 , 0.692308 , -2.385819
0.128205 , 0.717949 , -2.405098
0.128205 , 0.743590 , -2.423573
0.128205 , 0.769231 , -2.439709
0.128205 , 0.794872 , -2.454532
0.128205 , 0.820513 , -2.466769
0.128205 , 0.846154 , -2.477011
0.128205 , 0.871795 , -2.486961
0.128205 , 0.897436 , -2.494488
0.128205 , 0.923077 , -2.500819
0.128205 , 0.948718 , -2.504965
0.128205 , 0.974359 , -2.506582
0.128205 , 1.000000 , -2.508142
0.153846 , 0.000000 , -1.762758
0.153846 , 0.025641 , -1.762515
0.153846 , 0.051282 , -1.763240
0.153846 , 0.076923 , -1.765456
0.153846 , 0.102564 , -1.769548
0.153846 , 0.128205 , -1.775642
0.153846 , 0.153846 , -1.783283
0.153846 , 0.179487 , -1.795378
0.153846 , 0.205128 , -1.811238
0.153846 , 0.230769 , -1.828963
0.153846 , 0.256410 , -1.848687
0.153846 , 0.282051 , -1.871805
0.153846 , 0.307692 , -1.898041
0.153846 , 0.333333 , -1.925477
0.153846 , 0.358974 , -1.954486
0.153846 , 0.384615 , -1.984919
0.153846 , 0.410256 , -2.017107
0.153846 , 0.435897 , -2.051383
0.153846 , 0.461538 , -2.085774
0.153846 , 0.487179 , -2.120229
0.153846 , 0.512821 , -2.155050
0.153846 , 0.538462 , -2.189176
0.153846 , 0.564103 , -2.222634
0.153846 , 0.589744 , -2.254570
0.153846 , 0.615385 , -2.284574
0.153846 , 0.641026 , -2.312625
0.153846 , 0.666667 , -2.339680
0.153846 , 0.692308 , -2.365358
0.153846 , 0.717949 , -2.389032
0.153846 , 0.743590 , -2.411447
0.153846 , 0.769231 , -2.431220
0.153846 , 0.794872 , -2.447965
0.153846 , 0.820513 , -2.463330
0.153846 , 0.846154 , -2.475838
0.153846 , 0.871795 , -2.488056
0.153846 , 0.897436 , -2.497721
0.153846 , 0.923077 , -2.503624
0.153846 , 0.948718 , -2.508748
0.153846 , 0.974359 , -2.511537
0.153846 , 1.000000 , -2.512516
0.179487 , 0.000000 , -1.638818
0.179487 , 0.025641 , -1.639000
0.179487 , 0.051282 , -1.639813
0.179487 , 0.076923 , -1.642478
0.179487 , 0.102564 , -1.647131
0.179487 , 0.128205 , -1.654597
0.179487 , 0.153846 , -1.664229
0.179487 , 0.179487 , -1.677570
0.179487 , 0.205128 , -1.696010
0.179487 , 0.230769 , -1.717081
0.179487 , 0.256410 , -1.740390
0.179487 , 0.282051 , -1.766345
0.179487 , 0.307692 , -1.795779
0.179487 , 0.333333 , -1.827169
0.179487 , 0.358974 , -1.860511
0.179487 , 0.384615 , -1.895683
0.179487 , 0.410256 , -1.932891
0.179487 , 0.435897 , -1.972769
0.179487 , 0.461538 , -2.012877
0.179487 , 0.487179 , -2.051990
0.179487 , 0.512821 , -2.091645
0.179487 , 0.538462 , -2.130835
0.179487 , 0.564103 , -2.169878
0.179487 , 0.589744 , -2.207114
0.179487 , 0.615385 , -2.242637
0.179487 , 0.641026 , -2.276474
0.179487 , 0.666667 , -2.308025
0.179487 , 0.692308 , -2.338754
0.179487 , 0.717949 , -2.366886
0.179487 , 0.743590 , -2.392928
0.179487 , 0.769231 , -2.415925
0.179487 , 0.794872 , -2.436029
0.179487 , 0.820513 , -2.453517
0.179487 , 0.846154 , -2.469272
0.179487 , 0.871795 , -2.482403
0.179487 , 0.897436 , -2.492690
0.179487 , 0.923077 , -2.499756
0.179487 , 0.948718 , -2.506170
0.179487 , 0.974359 , -2.509891
0.179487 , 1.000000 , -2.510889
0.205128 , 0.000000 , -1.508669
0.205128 , 0.025641 , -1.509299
0.205128 , 0.051282 , -1.510513
0.205128 , 0.076923 , -1.513357
0.205128 , 0.102564 , -1.518805
0.205128 , 0.128205 , -1.527308
0.205128 , 0.153846 , -1.538885
0.205128 , 0.179487 , -1.554456
0.205128 , 0.205128 , -1.574676
0.205128 , 0.230769 , -1.599047
0.205128 , 0.256410 , -1.627051
0.205128 , 0.282051 , -1.656416
0.205128 , 0.307692 , -1.688618
0.205128 , 0.333333 , -1.723499
0.205128 , 0.358974 , -1.761188
0.205128 , 0.384615 , -1.801626
0.205128 , 0.410256 , -1.844110
0.205128 , 0.435897 , -1.888137
0.205128 , 0.461538 , -1.932996
0.205128 , 0.487179 , -1.977305
0.205128 , 0.512821 , -2.022228
0.205128 , 0.538462 , -2.067509
0.205128 , 0.564103 , -2.112239
0.205128 , 0.589744 , -2.155253
0.205128 , 0.615385 , -2.195341
0.205128 , 0.641026 , -2.234307
0.205128 , 0.666667 , -2.270712
0.205128 , 0.692308 , -2.305538
0.205128 , 0.717949 , -2.338011
0.205128 , 0.743590 , -2.368031
0.205128 , 0.769231 , -2.394360
0.205128 , 0.794872 , -2.417604
0.205128 , 0.820513 , -2.437986
0.205128 , 0.846154 , -2.456630
0.205128 , 0.871795 , -2.471699
0.205128 , 0.897436 , -2.482972
0.205128 , 0.923077 , -2.490970
0.205128 , 0.948718 , -2.498104
0.205128 , 0.974359 , -2.502163
0.205128 , 1.000000 , -2.503512
0.230769 , 0.000000 , -1.372416
0.230769 , 0.025641 , -1.372989
0.230769 , 0.051282 , -1.375119
0.230769 , 0.076923 , -1.378843
0.230769 , 0.102564 , -1.385802
0.230769 , 0.128205 , -1.395751
0.230769 , 0.153846 , -1.409803
0.230769 , 0.179487 , -1.427953
0.230769 , 0.205128 , -1.450332
0.230769 , 0.230769 , -1.477101
0.230769 , 0.256410 , -1.507574
0.230769 , 0.282051 , -1.541051
0.230769 , 0.307692 , -1.576809
0.230769 , 0.333333 , -1.615804
0.230769 , 0.358974 , -1.657861
0.230769 , 0.384615 , -1.702543
0.230769 , 0.410256 , -1.750198
0.230769 , 0.435897 , -1.798905
0.230769 , 0.461538 , -1.848840
0.230769 , 0.487179 , -1.899035
0.230769 , 0.512821 , -1.949119
0.230769 , 0.538462 , -1.999699
0.230769 , 0.564103 , -2.049518
0.230769 , 0.589744 , -2.097946
0.230769 , 0.615385 , -2.144088
0.230769 , 0.641026 , -2.187699
0.230769 , 0.666667 , -2.229577
0.230769 , 0.692308 , -2.268812
0.230769 , 0.717949 , -2.305727
0.230769 , 0.743590 , -2.339879
0.230769 , 0.769231 , -2.369547
0.230769 , 0.794872 , -2.395444
0.230769 , 0.820513 , -2.418701
0.230769 , 0.846154 , -2.439339
0.230769 , 0.871795 , -2.456677
0.230769 , 0.897436 , -2.469373
0.230769 , 0.923077 , -2.478786
0.230769 , 0.948718 , -2.486300
0.230769 , 0.974359 , -2.490641
0.230769 , 1.000000 , -2.492117
0.256410 , 0.000000 , -1.232113
0.256410 , 0.025641 , -1.232601
0.256410 , 0.051282 , -1.235029
0.256410 , 0.076923 , -1.240300
0.256410 , 0.102564 , -1.248873
0.256410 , 0.128205 , -1.260716
0.256410 , 0.153846 , -1.277030
0.256410 , 0.179487 , -1.298126
0.256410 , 0.205128 , -1.323642
0.256410 , 0.230769 , -1.353408
0.256410 , 0.256410 , -1.386355
0.256410 , 0.282051 , -1.422518
0.256410 , 0.307692 , -1.462102
0.256410 , 0.333333 , -1.504811
0.256410 , 0.358974 , -1.550624
0.256410 , 0.384615 , -1.599340
0.256410 , 0.410256 , -1.651513
0.256410 , 0.435897 , -1.705585
0.256410 , 0.461538 , -1.760590
0.256410 , 0.487179 , -1.816647
0.256410 , 0.512821 , -1.872231
0.256410 , 0.538462 , -1.927924
0.256410 , 0.564103 , -1.982914
0.256410 , 0.589744 , -2.036538
0.256410 , 0.615385 , -2.088392
0.256410 , 0.641026 , -2.137736
0.256410 , 0.666667 , -2.184080
0.256410 , 0.692308 , -2.227976
0.256410 , 0.717949 , -2.269097
0.256410 , 0.743590 , -2.307152
0.256410 , 0.769231 , -2.340474
0.256410 , 0.794872 , -2.369672
0.256410 , 0.820513 , -2.395502
0.256410 , 0.846154 , -2.418112
0.256410 , 0.871795 , -2.437629
0.256410 , 0.897436 , -2.452575
0.256410 , 0.923077 , -2.463765
0.256410 , 0.948718 , -2.472632
0.256410 , 0.974359 , -2.477611
0.256410 , 1.000000 , -2.478871
0.282051 , 0.000000 , -1.086916
0.282051 , 0.025641 , -1.087651
0.282051 , 0.051282 , -1.090804
0.282051 , 0.076923 , -1.097847
0.282051 , 0.102564 , -1.108605
0.282051 , 0.128205 , -1.122450
0.282051 , 0.153846 , -1.140431
0.282051 , 0.179487 , -1.164102
0.282051 , 0.205128 , -1.193188
0.282051 , 0.230769 , -1.226172
0.282051 , 0.256410 , -1.262287
0.282051 , 0.282051 , -1.302019
0.282051 , 0.307692 , -1.344747
0.282051 , 0.333333 , -1.391285
0.282051 , 0.358974 , -1.440691
0.282051 , 0.384615 , -1.493677
0.282051 , 0.410256 , -1.550475
0.282051 , 0.435897 , -1.609527
0.282051 , 0.461538 , -1.669700
0.282051 , 0.487179 , -1.730395
0.282051 , 0.512821 , -1.791291
0.282051 , 0.538462 , -1.852451
0.282051 , 0.564103 , -1.912538
0.282051 , 0.589744 , -1.971445
0.282051 , 0.615385 , -2.028815
0.282051 , 0.641026 , -2.083216
0.282051 , 0.666667 , -2.134482
0.282051 , 0.692308 , -2.183060
0.282051 , 0.717949 , -2.228316
0.282051 , 0.743590 , -2.270668
0.282051 , 0.769231 , -2.308583
0.282051 , 0.794872 , -2.341115
0.282051 , 0.820513 , -2.369630
0.282051 , 0.846154 , -2.393888
0.282051 , 0.871795 , -2.415176
0.282051 , 0.897436 , -2.432406
0.282051 , 0.923077 , -2.445440
0.282051 , 0.948718 , -2.455784
0.282051 , 0.974359 , -2.462262
0.282051 , 1.000000 , -2.464469
0.307692 , 0.000000 , -0.936473
0.307692 , 0.025641 , -0.937968
0.307692 , 0.051282 , -0.942273
0.307692 , 0.076923 , -0.950781
0.307692 , 0.102564 , -0.964418
0.307692 , 0.128205 , -0.980919
0.307692 , 0.153846 , -1.000892
0.307692 , 0.179487 , -1.026734
0.307692 , 0.205128 , -1.058402
0.307692 , 0.230769 , -1.094600
0.307692 , 0.256410 , -1.134324
0.307692 , 0.282051 , -1.177958
0.307692 , 0.307692 , -1.224731
0.307692 , 0.333333 , -1.275178
0.307692 , 0.358974 , -1.329189
0.307692 , 0.384615 , -1.386793
0.307692 , 0.410256 , -1.447567
0.307692 , 0.435897 , -1.511155
0.307692 , 0.461538 , -1.575877
0.307692 , 0.487179 , -1.642167
0.307692 , 0.512821 , -1.708098
0.307692 , 0.538462 , -1.774268
0.307692 , 0.564103 , -1.839697
0.307692 , 0.589744 , -1.904157
0.307692 , 0.615385 , -1.966906
0.307692 , 0.641026 , -2.026729
0.307692 , 0.666667 , -2.083024
0.307692 , 0.692308 , -2.136316
0.307692 , 0.717949 , -2.186187
0.307692 , 0.743590 , -2.232365
0.307692 , 0.769231 , -2.274803
0.307692 , 0.794872 , -2.311527
0.307692 , 0.820513 , -2.343669
0.307692 , 0.846154 , -2.370443
0.307692 , 0.871795 , -2.393522
0.307692 , 0.897436 , -2.413100
0.307692 , 0.923077 , -2.427705
0.307692 , 0.948718 , -2.439251
0.307692 , 0.974359 , -2.446932
0.307692 , 1.000000 , -2.449782
0.333333 , 0.000000 , -0.781619
0.333333 , 0.025641 , -0.783717
0.333333 , 0.051282 , -0.789672
0.333333 , 0.076923 , -0.799858
0.333333 , 0.102564 , -0.814590
0.333333 , 0.128205 , -0.834507
0.333333 , 0.153846 , -0.857441
0.333333 , 0.179487 , -0.885786
0.333333 , 0.205128 , -0.919939
0.333333 , 0.230769 , -0.959410
0.333333 , 0.256410 , -1.003206
0.333333 , 0.282051 , -1.050698
0.333333 , 0.307692 , -1.101862
0.333333 , 0.333333 , -1.157045
0.333333 , 0.358974 , -1.215967
0.333333 , 0.384615 , -1.278410
0.333333 , 0.410256 , -1.343152
0.333333 , 0.435897 , -1.411203
0.333333 , 0.461538 , -1.480666
0.333333 , 0.487179 , -1.551737
0.333333 , 0.512821 , -1.623520
0.333333 , 0.538462 , -1.695351
0.333333 , 0.564103 , -1.766551
0.333333 , 0.589744 , -1.836589
0.333333 , 0.615385 , -1.904174
0.333333 , 0.641026 , -1.969077
0.333333 , 0.666667 , -2.030490
0.333333 , 0.692308 , -2.088511
0.333333 , 0.717949 , -2.143100
0.333333 , 0.743590 , -2.193519
0.333333 , 0.769231 , -2.239622
0.333333 , 0.794872 , -2.280381
0.333333 , 0.820513 , -2.316525
0.333333 , 0.846154 , -2.346870
0.333333 , 0.871795 , -2.372577
0.333333 , 0.897436 , -2.394652
0.333333 , 0.923077 , -2.412168
0.333333 , 0.948718 , -2.424404
0.333333 , 0.974359 , -2.432660
0.333333 , 1.000000 , -2.435228
0.358974 , 0.000000 , -0.623029
0.358974 , 0.025641 , -0.625521
0.358974 , 0.051282 , -0.632861
0.358974 , 0.076923 , -0.645110
0.358974 , 0.102564 , -0.661576
0.358974 , 0.128205 , -0.683613
0.358974 , 0.153846 , -0.710169
0.358974 , 0.179487 , -0.741486
0.358974 , 0.205128 , -0.778750
0.358974 , 0.230769 , -0.821601
0.358974 , 0.256410 , -0.869501
0.358974 , 0.282051 , -0.921191
0.358974 , 0.307692 , -0.977059
0.358974 , 0.333333 , -1.037071
0.358974 , 0.358974 , -1.100592
0.358974 , 0.384615 , -1.167888
0.358974 , 0.410256 , -1.238080
0.358974 , 0.435897 , -1.310475
0.358974 , 0.461538 , -1.384565
0.358974 , 0.487179 , -1.460389
0.358974 , 0.512821 , -1.537707
0.358974 , 0.538462 , -1.615196
0.358974 , 0.564103 , -1.691800
0.358974 , 0.589744 , -1.767036
0.358974 , 0.615385 , -1.840255
0.358974 , 0.641026 , -1.910168
0.358974 , 0.666667 , -1.976429
0.358974 , 0.692308 , -2.039663
0.358974 , 0.717949 , -2.099475
0.358974 , 0.743590 , -2.155076
0.358974 , 0.769231 , -2.205565
0.358974 , 0.794872 , -2.250291
0.358974 , 0.820513 , -2.290143
0.358974 , 0.846154 , -2.324550
0.358974 , 0.871795 , -2.353998
0.358974 , 0.897436 , -2.378067
0.358974 , 0.923077 , -2.396840
0.358974 , 0.948718 , -2.410661
0.358974 , 0.974359 , -2.418930
0.358974 , 1.000000 , -2.421341
0.384615 , 0.000000 , -0.460169
0.384615 , 0.025641 , -0.463408
0.384615 , 0.051282 , -0.472314
0.384615 , 0.076923 , -0.486382
0.384615 , 0.102564 , -0.504465
0.384615 , 0.128205 , -0.528579
0.384615 , 0.153846 , -0.558476
0.384615 , 0.179487 , -0.593185
0.384615 , 0.205128 , -0.634369
0.384615 , 0.230769 , -0.681272
0.384615 , 0.256410 , -0.733827
0.384615 , 0.282051 , -0.790207
0.384615 , 0.307692 , -0.850652
0.384615 , 0.333333 , -0.915800
0.384615 , 0.358974 , -0.984123
0.384615 , 0.384615 , -1.056337
0.384615 , 0.410256 , -1.131767
0.384615 , 0.435897 , -1.208964
0.384615 , 0.461538 , -1.288509
0.384615 , 0.487179 , -1.369932
0.384615 , 0.512821 , -1.452644
0.384615 , 0.538462 , -1.535401
0.384615 , 0.564103 , -1.617919
0.384615 , 0.589744 , -1.698300
0.384615 , 0.615385 , -1.776281
0.384615 , 0.641026 , -1.851874
0.384615 , 0.666667 , -1.923619
0.384615 , 0.692308 , -1.992304
0.384615 , 0.717949 , -2.057797
0.384615 , 0.743590 , -2.118290
0.384615 , 0.769231 , -2.173717
0.384615 , 0.794872 , -2.222987
0.384615 , 0.820513 , -2.266256
0.384615 , 0.846154 , -2.304434
0.384615 , 0.871795 , -2.336985
0.384615 , 0.897436 , -2.363225
0.384615 , 0.923077 , -2.383762
0.384615 , 0.948718 , -2.398687
0.384615 , 0.974359 , -2.407835
0.384615 , 1.000000 , -2.410224
0.410256 , 0.000000 , -0.293219
0.410256 , 0.025641 , -0.296645
0.410256 , 0.051282 , -0.307443
0.410256 , 0.076923 , -0.322793
0.410256 , 0.102564 , -0.343065
0.410256 , 0.128205 , -0.369635
0.410256 , 0.153846 , -0.402349
0.410256 , 0.179487 , -0.441485
0.410256 , 0.205128 , -0.487129
0.410256 , 0.230769 , -0.537442
0.410256 , 0.256410 , -0.594112
0.410256 , 0.282051 , -0.655527
0.410256 , 0.307692 , -0.721186
0.410256 , 0.333333 , -0.792169
0.410256 , 0.358974 , -0.866379
0.410256 , 0.384615 , -0.944146
0.410256 , 0.410256 , -1.024467
0.410256 , 0.435897 , -1.107043
0.410256 , 0.461538 , -1.192672
0.410256 , 0.487179 , -1.280105
0.410256 , 0.512821 , -1.368816
0.410256 , 0.538462 , -1.457402
0.410256 , 0.564103 , -1.545592
0.410256 , 0.589744 , -1.631770
0.410256 , 0.615385 , -1.715119
0.410256 , 0.641026 , -1.795919
0.410256 , 0.666667 , -1.873826
0.410256 , 0.692308 , -1.948117
0.410256 , 0.717949 , -2.019301
0.410256 , 0.743590 , -2.084965
0.410256 , 0.769231 , -2.144615
0.410256 , 0.794872 , -2.198302
0.410256 , 0.820513 , -2.245794
0.410256 , 0.846154 , -2.287385
0.410256 , 0.871795 , -2.323478
0.410256 , 0.897436 , -2.352437
0.410256 , 0.923077 , -2.374500
0.410256 , 0.948718 , -2.390050
0.410256 , 0.974359 , -2.400010
0.410256 , 1.000000 , -2.403776
0.435897 , 0.000000 , -0.122019
0.435897 , 0.025641 , -0.126037
0.435897 , 0.051282 , -0.137807
0.435897 , 0.076923 , -0.155211
0.435897 , 0.102564 , -0.177445
0.435897 , 0.128205 , -0.206755
0.435897 , 0.153846 , -0.243107
0.435897 , 0.179487 , -0.285577
0.435897 , 0.205128 , -0.335530
0.435897 , 0.230769 , -0.390980
0.435897 , 0.256410 , -0.452092
0.435897 , 0.282051 , -0.518528
0.435897 , 0.307692 , -0.589708
0.435897 , 0.333333 , -0.665856
0.435897 , 0.358974 , -0.746051
0.435897 , 0.384615 , -0.829351
0.435897 , 0.410256 , -0.915953
0.435897 , 0.435897 , -1.004985
0.435897 , 0.461538 , -1.096995
0.435897 , 0.487179 , -1.190742
0.435897 , 0.512821 , -1.285872
0.435897 , 0.538462 , -1.380896
0.435897 , 0.564103 , -1.475024
0.435897 , 0.589744 , -1.567063
0.435897 , 0.615385 , -1.656219
0.435897 , 0.641026 , -1.743713
0.435897 , 0.666667 , -1.827786
0.435897 , 0.692308 , -1.907818
0.435897 , 0.717949 , -1.984219
0.435897 , 0.743590 , -2.054987
0.435897 , 0.769231 , -2.119079
0.435897 , 0.794872 , -2.176954
0.435897 , 0.820513 , -2.228728
0.435897 , 0.846154 , -2.274352
0.435897 , 0.871795 , -2.313620
0.435897 , 0.897436 , -2.345576
0.435897 , 0.923077 , -2.369760
0.435897 , 0.948718 , -2.386936
0.435897 , 0.974359 , -2.397964
0.435897 , 1.000000 , -2.401851
0.461538 , 0.000000 , 0.054192
0.461538 , 0.025641 , 0.049376
0.461538 , 0.051282 , 0.036621
0.461538 , 0.076923 , 0.017239
0.461538 , 0.102564 , -0.007528
0.461538 , 0.128205 , -0.039484
0.461538 , 0.153846 , -0.078852
0.461538 , 0.179487 , -0.125360
0.461538 , 0.205128 , -0.179469
0.461538 , 0.230769 , -0.240290
0.461538 , 0.256410 , -0.306764
0.461538 , 0.282051 , -0.378663
0.461538 , 0.307692 , -0.455742
0.461538 , 0.333333 , -0.537838
0.461538 , 0.358974 , -0.624358
0.461538 , 0.384615 , -0.714684
0.461538 , 0.410256 , -0.807942
0.461538 , 0.435897 , -0.903692
0.461538 , 0.461538 , -1.002419
0.461538 , 0.487179 , -1.102958
0.461538 , 0.512821 , -1.204971
0.461538 , 0.538462 , -1.306682
0.461538 , 0.564103 , -1.406999
0.461538 , 0.589744 , -1.505827
0.461538 , 0.615385 , -1.601969
0.461538 , 0.641026 , -1.695277
0.461538 , 0.666667 , -1.785837
0.461538 , 0.692308 , -1.872874
0.461538 , 0.717949 , -1.954627
0.461538 , 0.743590 , -2.030178
0.461538 , 0.769231 , -2.099115
0.461538 , 0.794872 , -2.160997
0.461538 , 0.820513 , -2.217063
0.461538 , 0.846154 , -2.267330
0.461538 , 0.871795 , -2.310099
0.461538 , 0.897436 , -2.344676
0.461538 , 0.923077 , -2.371103
0.461538 , 0.948718 , -2.390114
0.461538 , 0.974359 , -2.401893
0.461538 , 1.000000 , -2.406017
0.487179 , 0.000000 , 0.235430
0.487179 , 0.025641 , 0.230099
0.487179 , 0.051282 , 0.216425
0.487179 , 0.076923 , 0.195625
0.487179 , 0.102564 , 0.167329
0.487179 , 0.128205 , 0.132306
0.487179 , 0.153846 , 0.089627
0.487179 , 0.179487 , 0.039278
0.487179 , 0.205128 , -0.019531
0.487179 , 0.230769 , -0.085249
0.487179 , 0.256410 , -0.157195
0.487179 , 0.282051 , -0.235029
0.487179 , 0.307692 , -0.318729
0.487179 , 0.333333 , -0.408045
0.487179 , 0.358974 , -0.501061
0.487179 , 0.384615 , -0.598336
0.487179 , 0.410256 , -0.699200
0.487179 , 0.435897 , -0.802454
0.487179 , 0.461538 , -0.908489
0.487179 , 0.487179 , -1.016629
0.487179 , 0.512821 , -1.125949
0.487179 , 0.538462 , -1.235456
0.487179 , 0.564103 , -1.343081
0.487179 , 0.589744 , -1.448763
0.487179 , 0.615385 , -1.552495
0.487179 , 0.641026 , -1.652742
0.487179 , 0.666667 , -1.749531
0.487179 , 0.692308 , -1.842934
0.487179 , 0.717949 , -1.930713
0.487179 , 0.743590 , -2.012062
0.487179 , 0.769231 , -2.086202
0.487179 , 0.794872 , -2.152979
0.487179 , 0.820513 , -2.213463
0.487179 , 0.846154 , -2.267484
0.487179 , 0.871795 , -2.313422
0.487179 , 0.897436 , -2.351405
0.487179 , 0.923077 , -2.380486
0.487179 , 0.948718 , -2.400898
0.487179 , 0.974359 , -2.412791
0.487179 , 1.000000 , -2.417018
0.512821 , 0.000000 , 0.421876
0.512821 , 0.025641 , 0.416726
0.512821 , 0.051282 , 0.402295
0.512821 , 0.076923 , 0.379110
0.512821 , 0.102564 , 0.347897
0.512821 , 0.128205 , 0.309388
0.512821 , 0.153846 , 0.262940
0.512821 , 0.179487 , 0.208359
0.512821 , 0.205128 , 0.144992
0.512821 , 0.230769 , 0.074016
0.512821 , 0.256410 , -0.004233
0.512821 , 0.282051 , -0.088581
0.512821 , 0.307692 , -0.178658
0.512821 , 0.333333 , -0.274963
0.512821 , 0.358974 , -0.376071
0.512821 , 0.384615 , -0.481083
0.512821 , 0.410256 , -0.589469
0.512821 , 0.435897 , -0.701660
0.512821 , 0.461538 , -0.815932
0.512821 , 0.487179 , -0.932419
0.512821 , 0.512821 , -1.050276
0.512821 , 0.538462 , -1.167780
0.512821 , 0.564103 , -1.283723
0.512821 , 0.589744 , -1.396990
0.512821 , 0.615385 , -1.507938
0.512821 , 0.641026 , -1.615541
0.512821 , 0.666667 , -1.720111
0.512821 , 0.692308 , -1.819904
0.512821 , 0.717949 , -1.913934
0.512821 , 0.743590 , -2.001468
0.512821 , 0.769231 , -2.080938
0.512821 , 0.794872 , -2.153030
0.512821 , 0.820513 , -2.218174
0.512821 , 0.846154 , -2.275618
0.512821 , 0.871795 , -2.324664
0.512821 , 0.897436 , -2.365983
0.512821 , 0.923077 , -2.398094
0.512821 , 0.948718 , -2.420124
0.512821 , 0.974359 , -2.432788
0.512821 , 1.000000 , -2.436623
0.538462 , 0.000000 , 0.613747
0.538462 , 0.025641 , 0.608504
0.538462 , 0.051282 , 0.593366
0.538462 , 0.076923 , 0.568504
0.538462 , 0.102564 , 0.534992
0.538462 , 0.128205 , 0.493058
0.538462 , 0.153846 , 0.443058
0.538462 , 0.179487 , 0.383636
0.538462 , 0.205128 , 0.314918
0.538462 , 0.230769 , 0.238409
0.538462 , 0.256410 , 0.153692
0.538462 , 0.282051 , 0.062410
0.538462 , 0.307692 , -0.035452
0.538462 , 0.333333 , -0.139724
0.538462 , 0.358974 , -0.248819
0.538462 , 0.384615 , -0.362043
0.538462 , 0.410256 , -0.479433
0.538462 , 0.435897 , -0.601049
0.538462 , 0.461538 , -0.724876
0.538462 , 0.487179 , -0.849743
0.538462 , 0.512821 , -0.976769
0.538462 , 0.538462 , -1.103494
0.538462 , 0.564103 , -1.228729
0.538462 , 0.589744 , -1.350771
0.538462 , 0.615385 , -1.469800
0.538462 , 0.641026 , -1.585301
0.538462 , 0.666667 , -1.697592
0.538462 , 0.692308 , -1.804568
0.538462 , 0.717949 , -1.905231
0.538462 , 0.743590 , -1.999014
0.538462 , 0.769231 , -2.084634
0.538462 , 0.794872 , -2.162845
0.538462 , 0.820513 , -2.232039
0.538462 , 0.846154 , -2.293541
0.538462 , 0.871795 , -2.345994
0.538462 , 0.897436 , -2.389682
0.538462 , 0.923077 , -2.423970
0.538462 , 0.948718 , -2.448048
0.538462 , 0.974359 , -2.461662
0.538462 , 1.000000 , -2.466051
0.564103 , 0.000000 , 0.812131
0.564103 , 0.025641 , 0.806344
0.564103 , 0.051282 , 0.790251
0.564103 , 0.076923 , 0.763859
0.564103 , 0.102564 , 0.728435
0.564103 , 0.128205 , 0.683207
0.564103 , 0.153846 , 0.629199
0.564103 , 0.179487 , 0.565593
0.564103 , 0.205128 , 0.491727
0.564103 , 0.230769 , 0.409089
0.564103 , 0.256410 , 0.318366
0.564103 , 0.282051 , 0.219570
0.564103 , 0.307692 , 0.113554
0.564103 , 0.333333 , 0.000289
0.564103 , 0.358974 , -0.118219
0.564103 , 0.384615 , -0.241272
0.564103 , 0.410256 , -0.368987
0.564103 , 0.435897 , -0.500066
0.564103 , 0.461538 , -0.634344
0.564103 , 0.487179 , -0.770006
0.564103 , 0.512821 , -0.906826
0.564103 , 0.538462 , -1.043651
0.564103 , 0.564103 , -1.178803
0.564103 , 0.589744 , -1.310790
0.564103 , 0.615385 , -1.439182
0.564103 , 0.641026 , -1.563623
0.564103 , 0.666667 , -1.684235
0.564103 , 0.692308 , -1.798777
0.564103 , 0.717949 , -1.906249
0.564103 , 0.743590 , -2.006787
0.564103 , 0.769231 , -2.098284
0.564103 , 0.794872 , -2.182514
0.564103 , 0.820513 , -2.256871
0.564103 , 0.846154 , -2.322603
0.564103 , 0.871795 , -2.378620
0.564103 , 0.897436 , -2.424252
0.564103 , 0.923077 , -2.460247
0.564103 , 0.948718 , -2.485598
0.564103 , 0.974359 , -2.500400
0.564103 , 1.000000 , -2.505540
0.589744 , 0.000000 , 1.017395
0.589744 , 0.025641 , 1.011252
0.589744 , 0.051282 , 0.994109
0.589744 , 0.076923 , 0.966805
0.589744 , 0.102564 , 0.928943
0.589744 , 0.128205 , 0.880896
0.589744 , 0.153846 , 0.821952
0.589744 , 0.179487 , 0.752894
0.589744 , 0.205128 , 0.674244
0.589744 , 0.230769 , 0.586440
0.589744 , 0.256410 , 0.488776
0.589744 , 0.282051 , 0.382375
0.589744 , 0.307692 , 0.267774
0.589744 , 0.333333 , 0.145030
0.589744 , 0.358974 , 0.016363
0.589744 , 0.384615 , -0.117769
0.589744 , 0.410256 , -0.257163
0.589744 , 0.435897 , -0.400103
0.589744 , 0.461538 , -0.545907
0.589744 , 0.487179 , -0.693318
0.589744 , 0.512821 , -0.841482
0.589744 , 0.538462 , -0.989267
0.589744 , 0.564103 , -1.135504
0.589744 , 0.589744 , -1.278781
0.589744 , 0.615385 , -1.417538
0.589744 , 0.641026 , -1.551681
0.589744 , 0.666667 , -1.681090
0.589744 , 0.692308 , -1.803869
0.589744 , 0.717949 , -1.918372
0.589744 , 0.743590 , -2.025436
0.589744 , 0.769231 , -2.123724
0.589744 , 0.794872 , -2.213554
0.589744 , 0.820513 , -2.294129
0.589744 , 0.846154 , -2.364142
0.589744 , 0.871795 , -2.422839
0.589744 , 0.897436 , -2.471112
0.589744 , 0.923077 , -2.508582
0.589744 , 0.948718 , -2.535728
0.589744 , 0.974359 , -2.551461
0.589744 , 1.000000 , -2.556504
0.615385 , 0.000000 , 1.229786
0.615385 , 0.025641 , 1.223451
0.615385 , 0.051282 , 1.205599
0.615385 , 0.076923 , 1.177409
0.615385 , 0.102564 , 1.137277
0.615385 , 0.128205 , 1.085707
0.615385 , 0.153846 , 1.023137
0.615385 , 0.179487 , 0.948398
0.615385 , 0.205128 , 0.863667
0.615385 , 0.230769 , 0.769630
0.615385 , 0.256410 , 0.665441
0.615385 , 0.282051 , 0.551104
0.615385 , 0.307692 , 0.427512
0.615385 , 0.333333 , 0.294700
0.615385 , 0.358974 , 0.154523
0.615385 , 0.384615 , 0.008537
0.615385 , 0.410256 , -0.142926
0.615385 , 0.435897 , -0.299360
0.615385 , 0.461538 , -0.459163
0.615385 , 0.487179 , -0.619950
0.615385 , 0.512821 , -0.780861
0.615385 , 0.538462 , -0.941870
0.615385 , 0.564103 , -1.100358
0.615385 , 0.589744 , -1.255796
0.615385 , 0.615385 , -1.406127
0.615385 , 0.641026 , -1.550744
0.615385 , 0.666667 , -1.689752
0.615385 , 0.692308 , -1.821828
0.615385 , 0.717949 , -1.944615
0.615385 , 0.743590 , -2.058563
0.615385 , 0.769231 , -2.164068
0.615385 , 0.794872 , -2.259465
0.615385 , 0.820513 , -2.344582
0.615385 , 0.846154 , -2.418719
0.615385 , 0.871795 , -2.480221
0.615385 , 0.897436 , -2.531027
0.615385 , 0.923077 , -2.570408
0.615385 , 0.948718 , -2.598056
0.615385 , 0.974359 , -2.615102
0.615385 , 1.000000 , -2.621006
0.641026 , 0.000000 , 1.450021
0.641026 , 0.025641 , 1.443842
0.641026 , 0.051282 , 1.425363
0.641026 , 0.076923 , 1.395810
0.641026 , 0.102564 , 1.353332
0.641026 , 0.128205 , 1.299258
0.641026 , 0.153846 , 1.232324
0.641026 , 0.179487 , 1.153104
0.641026 , 0.205128 , 1.062459
0.641026 , 0.230769 , 0.961049
0.641026 , 0.256410 , 0.849713
0.641026 , 0.282051 , 0.727038
0.641026 , 0.307692 , 0.593806
0.641026 , 0.333333 , 0.450092
0.641026 , 0.358974 , 0.297854
0.641026 , 0.384615 , 0.138572
0.641026 , 0.410256 , -0.026384
0.641026 , 0.435897 , -0.197294
0.641026 , 0.461538 , -0.372484
0.641026 , 0.487179 , -0.548624
0.641026 , 0.512821 , -0.724726
0.641026 , 0.538462 , -0.900325
0.641026 , 0.564103 , -1.073463
0.641026 , 0.589744 , -1.242609
0.641026 , 0.615385 , -1.405658
0.641026 , 0.641026 , -1.562591
0.641026 , 0.666667 , -1.712286
0.641026 , 0.692308 , -1.853785
0.641026 , 0.717949 , -1.986082
0.641026 , 0.743590 , -2.107736
0.641026 , 0.769231 , -2.219294
0.641026 , 0.794872 , -2.320285
0.641026 , 0.820513 , -2.409237
0.641026 , 0.846154 , -2.487282
0.641026 , 0.871795 , -2.552482
0.641026 , 0.897436 , -2.605196
0.641026 , 0.923077 , -2.646254
0.641026 , 0.948718 , -2.675537
0.641026 , 0.974359 , -2.693190
0.641026 , 1.000000 , -2.699558
0.666667 , 0.000000 , 1.679503
0.666667 , 0.025641 , 1.672843
0.666667 , 0.051282 , 1.653429
0.666667 , 0.076923 , 1.622547
0.666667 , 0.102564 , 1.578469
0.666667 , 0.128205 , 1.521776
0.666667 , 0.153846 , 1.451194
0.666667 , 0.179487 , 1.368073
0.666667 , 0.205128 , 1.271176
0.666667 , 0.230769 , 1.162993
0.666667 , 0.256410 , 1.043670
0.666667 , 0.282051 , 0.911978
0.666667 , 0.307692 , 0.767817
0.666667 , 0.333333 , 0.611907
0.666667 , 0.358974 , 0.446482
0.666667 , 0.384615 , 0.272794
0.666667 , 0.410256 , 0.092473
0.666667 , 0.435897 , -0.094552
0.666667 , 0.461538 , -0.286340
0.666667 , 0.487179 , -0.479941
0.666667 , 0.512821 , -0.673672
0.666667 , 0.538462 , -0.865690
0.666667 , 0.564103 , -1.054691
0.666667 , 0.589744 , -1.239301
0.666667 , 0.615385 , -1.417281
0.666667 , 0.641026 , -1.587645
0.666667 , 0.666667 , -1.749343
0.666667 , 0.692308 , -1.902165
0.666667 , 0.717949 , -2.044071
0.666667 , 0.743590 , -2.173643
0.666667 , 0.769231 , -2.291018
0.666667 , 0.794872 , -2.397906
0.666667 , 0.820513 , -2.491314
0.666667 , 0.846154 , -2.572921
0.666667 , 0.871795 , -2.640911
0.666667 , 0.897436 , -2.695222
0.666667 , 0.923077 , -2.737902
0.666667 , 0.948718 , -2.768062
0.666667 , 0.974359 , -2.786623
0.666667 , 1.000000 , -2.793447
0.692308 , 0.000000 , 1.916953
0.692308 , 0.025641 , 1.910008
0.692308 , 0.051282 , 1.890171
0.692308 , 0.076923 , 1.858063
0.692308 , 0.102564 , 1.812215
0.692308 , 0.128205 , 1.753417
0.692308 , 0.153846 , 1.679814
0.692308 , 0.179487 , 1.592504
0.692308 , 0.205128 , 1.490349
0.692308 , 0.230769 , 1.376128
0.692308 , 0.256410 , 1.248058
0.692308 , 0.282051 , 1.107010
0.692308 , 0.307692 , 0.951566
0.692308 , 0.333333 , 0.782643
0.692308 , 0.358974 , 0.602720
0.692308 , 0.384615 , 0.412413
0.692308 , 0.410256 , 0.214019
0.692308 , 0.435897 , 0.009239
0.692308 , 0.461538 , -0.200958
0.692308 , 0.487179 , -0.413991
0.692308 , 0.512821 , -0.627600
0.692308 , 0.538462 , -0.838183
0.692308 , 0.564103 , -1.045240
0.692308 , 0.589744 , -1.247220
0.692308 , 0.615385 , -1.442011
0.692308 , 0.641026 , -1.627778
0.692308 , 0.666667 , -1.802684
0.692308 , 0.692308 , -1.967035
0.692308 , 0.717949 , -2.119094
0.692308 , 0.743590 , -2.257415
0.692308 , 0.769231 , -2.381960
0.692308 , 0.794872 , -2.493486
0.692308 , 0.820513 , -2.591809
0.692308 , 0.846154 , -2.675935
0.692308 , 0.871795 , -2.746904
0.692308 , 0.897436 , -2.802738
0.692308 , 0.923077 , -2.846047
0.692308 , 0.948718 , -2.877317
0.692308 , 0.974359 , -2.897021
0.692308 , 1.000000 , -2.903484
0.717949 , 0.000000 , 2.162448
0.717949 , 0.025641 , 2.155573
0.717949 , 0.051282 , 2.135791
0.717949 , 0.076923 , 2.102752
0.717949 , 0.102564 , 2.056007
0.717949 , 0.128205 , 1.995127
0.717949 , 0.153846 , 1.919495
0.717949 , 0.179487 , 1.829509
0.717949 , 0.205128 , 1.722712
0.717949 , 0.230769 , 1.601597
0.717949 , 0.256410 , 1.465095
0.717949 , 0.282051 , 1.312962
0.717949 , 0.307692 , 1.145552
0.717949 , 0.333333 , 0.963331
0.717949 , 0.358974 , 0.766950
0.717949 , 0.384615 , 0.558228
0.717949 , 0.410256 , 0.339583
0.717949 , 0.435897 , 0.114453
0.717949 , 0.461538 , -0.116166
0.717949 , 0.487179 , -0.350434
0.717949 , 0.512821 , -0.585432
0.717949 , 0.538462 , -0.818321
0.717949 , 0.564103 , -1.046129
0.717949 , 0.589744 , -1.267895
0.717949 , 0.615385 , -1.481290
0.717949 , 0.641026 , -1.683787
0.717949 , 0.666667 , -1.874574
0.717949 , 0.692308 , -2.051896
0.717949 , 0.717949 , -2.213883
0.717949 , 0.743590 , -2.361084
0.717949 , 0.769231 , -2.492736
0.717949 , 0.794872 , -2.610193
0.717949 , 0.820513 , -2.712072
0.717949 , 0.846154 , -2.798165
0.717949 , 0.871795 , -2.871228
0.717949 , 0.897436 , -2.929541
0.717949 , 0.923077 , -2.973013
0.717949 , 0.948718 , -3.004124
0.717949 , 0.974359 , -3.023355
0.717949 , 1.000000 , -3.030027
0.743590 , 0.000000 , 2.415480
0.743590 , 0.025641 , 2.408780
0.743590 , 0.051282 , 2.389641
0.743590 , 0.076923 , 2.357204
0.743590 , 0.102564 , 2.310803
0.743590 , 0.128205 , 2.249345
0.743590 , 0.153846 , 2.172507
0.743590 , 0.179487 , 2.080555
0.743590 , 0.205128 , 1.969161
0.743590 , 0.230769 , 1.841410
0.743590 , 0.256410 , 1.695746
0.743590 , 0.282051 , 1.532484
0.743590 , 0.307692 , 1.351294
0.743590 , 0.333333 , 1.153675
0.743590 , 0.358974 , 0.939583
0.743590 , 0.384615 , 0.711124
0.743590 , 0.410256 , 0.471143
0.743590 , 0.435897 , 0.223105
0.743590 , 0.461538 , -0.030679
0.743590 , 0.487179 , -0.288971
0.743590 , 0.512821 , -0.548152
0.743590 , 0.538462 , -0.805043
0.743590 , 0.564103 , -1.057156
0.743590 , 0.589744 , -1.301527
0.743590 , 0.615385 , -1.536286
0.743590 , 0.641026 , -1.757051
0.743590 , 0.666667 , -1.965080
0.743590 , 0.692308 , -2.156715
0.743590 , 0.717949 , -2.331160
0.743590 , 0.743590 , -2.488568
0.743590 , 0.769231 , -2.627077
0.743590 , 0.794872 , -2.749156
0.743590 , 0.820513 , -2.854463
0.743590 , 0.846154 , -2.942697
0.743590 , 0.871795 , -3.016315
0.743590 , 0.897436 , -3.075168
0.743590 , 0.923077 , -3.118609
0.743590 , 0.948718 , -3.148742
0.743590 , 0.974359 , -3.166709
0.743590 , 1.000000 , -3.172437
0.769231 , 0.000000 , 2.675875
0.769231 , 0.025641 , 2.669582
0.769231 , 0.051282 , 2.651939
0.769231 , 0.076923 , 2.621605
0.769231 , 0.102564 , 2.576637
0.769231 , 0.128205 , 2.516336
0.769231 , 0.153846 , 2.439210
0.769231 , 0.179487 , 2.345741
0.769231 , 0.205128 , 2.231255
0.769231 , 0.230769 , 2.096894
0.769231 , 0.256410 , 1.941981
0.769231 , 0.282051 , 1.766102
0.769231 , 0.307692 , 1.571046
0.769231 , 0.333333 , 1.356103
0.769231 , 0.358974 , 1.122046
0.769231 , 0.384615 , 0.872849
0.769231 , 0.410256 , 0.609614
0.769231 , 0.435897 , 0.336080
0.769231 , 0.461538 , 0.055214
0.769231 , 0.487179 , -0.230470
0.769231 , 0.512821 , -0.517456
0.769231 , 0.538462 , -0.801394
0.769231 , 0.564103 , -1.079673
0.769231 , 0.589744 , -1.349519
0.769231 , 0.615385 , -1.607239
0.769231 , 0.641026 , -1.849194
0.769231 , 0.666667 , -2.075400
0.769231 , 0.692308 , -2.284042
0.769231 , 0.717949 , -2.472287
0.769231 , 0.743590 , -2.640988
0.769231 , 0.769231 , -2.787535
0.769231 , 0.794872 , -2.913458
0.769231 , 0.820513 , -3.019896
0.769231 , 0.846154 , -3.108994
0.769231 , 0.871795 , -3.182689
0.769231 , 0.897436 , -3.239151
0.769231 , 0.923077 , -3.281160
0.769231 , 0.948718 , -3.309165
0.769231 , 0.974359 , -3.326323
0.769231 , 1.000000 , -3.331741
0.794872 , 0.000000 , 2.942955
0.794872 , 0.025641 , 2.937882
0.794872 , 0.051282 , 2.922742
0.794872 , 0.076923 , 2.895042
0.794872 , 0.102564 , 2.853007
0.794872 , 0.128205 , 2.795528
0.794872 , 0.153846 , 2.720436
0.794872 , 0.179487 , 2.626190
0.794872 , 0.205128 , 2.509968
0.794872 , 0.230769 , 2.369603
0.794872 , 0.256410 , 2.205444
0.794872 , 0.282051 , 2.017589
0.794872 , 0.307692 , 1.807435
0.794872 , 0.333333 , 1.574638
0.794872 , 0.358974 , 1.318779
0.794872 , 0.384615 , 1.045499
0.794872 , 0.410256 , 0.756217
0.794872 , 0.435897 , 0.453999
0.794872 , 0.461538 , 0.142422
0.794872 , 0.487179 , -0.174434
0.794872 , 0.512821 , -0.492909
0.794872 , 0.538462 , -0.808150
0.794872 , 0.564103 , -1.116500
0.794872 , 0.589744 , -1.414403
0.794872 , 0.615385 , -1.698041
0.794872 , 0.641026 , -1.964173
0.794872 , 0.666667 , -2.210916
0.794872 , 0.692308 , -2.436622
0.794872 , 0.717949 , -2.639974
0.794872 , 0.743590 , -2.820198
0.794872 , 0.769231 , -2.975763
0.794872 , 0.794872 , -3.105914
0.794872 , 0.820513 , -3.212289
0.794872 , 0.846154 , -3.299206
0.794872 , 0.871795 , -3.370269
0.794872 , 0.897436 , -3.423489
0.794872 , 0.923077 , -3.461681
0.794872 , 0.948718 , -3.487446
0.794872 , 0.974359 , -3.502723
0.794872 , 1.000000 , -3.507594
0.820513 , 0.000000 , 3.216507
0.820513 , 0.025641 , 3.212889
0.820513 , 0.051282 , 3.200509
0.820513 , 0.076923 , 3.177221
0.820513 , 0.102564 , 3.140648
0.820513 , 0.128205 , 3.087724
0.820513 , 0.153846 , 3.017074
0.820513 , 0.179487 , 2.923839
0.820513 , 0.205128 , 2.806476
0.820513 , 0.230769 , 2.662212
0.820513 , 0.256410 , 2.490641
0.820513 , 0.282051 , 2.291861
0.820513 , 0.307692 , 2.065298
0.820513 , 0.333333 , 1.811085
0.820513 , 0.358974 , 1.532396
0.820513 , 0.384615 , 1.231040
0.820513 , 0.410256 , 0.911088
0.820513 , 0.435897 , 0.576507
0.820513 , 0.461538 , 0.230865
0.820513 , 0.487179 , -0.121409
0.820513 , 0.512821 , -0.474905
0.820513 , 0.538462 , -0.825721
0.820513 , 0.564103 , -1.167644
0.820513 , 0.589744 , -1.498046
0.820513 , 0.615385 , -1.811669
0.820513 , 0.641026 , -2.105158
0.820513 , 0.666667 , -2.375382
0.820513 , 0.692308 , -2.619741
0.820513 , 0.717949 , -2.838303
0.820513 , 0.743590 , -3.029911
0.820513 , 0.769231 , -3.193016
0.820513 , 0.794872 , -3.326948
0.820513 , 0.820513 , -3.433388
0.820513 , 0.846154 , -3.516862
0.820513 , 0.871795 , -3.582056
0.820513 , 0.897436 , -3.629453
0.820513 , 0.923077 , -3.662377
0.820513 , 0.948718 , -3.683633
0.820513 , 0.974359 , -3.695756
0.820513 , 1.000000 , -3.699680
0.846154 , 0.000000 , 3.493947
0.846154 , 0.025641 , 3.492163
0.846154 , 0.051282 , 3.484632
0.846154 , 0.076923 , 3.468051
0.846154 , 0.102564 , 3.439499
0.846154 , 0.128205 , 3.395428
0.846154 , 0.153846 , 3.330792
0.846154 , 0.179487 , 3.242151
0.846154 , 0.205128 , 3.125245
0.846154 , 0.230769 , 2.978902
0.846154 , 0.256410 , 2.800841
0.846154 , 0.282051 , 2.590861
0.846154 , 0.307692 , 2.346564
0.846154 , 0.333333 , 2.069580
0.846154 , 0.358974 , 1.764264
0.846154 , 0.384615 , 1.432952
0.846154 , 0.410256 , 1.078764
0.846154 , 0.435897 , 0.706935
0.846154 , 0.461538 , 0.323013
0.846154 , 0.487179 , -0.069128
0.846154 , 0.512821 , -0.463383
0.846154 , 0.538462 , -0.854510
0.846154 , 0.564103 , -1.235526
0.846154 , 0.589744 , -1.602509
0.846154 , 0.615385 , -1.950367
0.846154 , 0.641026 , -2.273989
0.846154 , 0.666667 , -2.570191
0.846154 , 0.692308 , -2.835681
0.846154 , 0.717949 , -3.070768
0.846154 , 0.743590 , -3.274005
0.846154 , 0.769231 , -3.443512
0.846154 , 0.794872 , -3.579635
0.846154 , 0.820513 , -3.685508
0.846154 , 0.846154 , -3.764036
0.846154 , 0.871795 , -3.820874
0.846154 , 0.897436 , -3.858910
0.846154 , 0.923077 , -3.883749
0.846154 , 0.948718 , -3.897629
0.846154 , 0.974359 , -3.903882
0.846154 , 1.000000 , -3.905870
0.871795 , 0.000000 , 3.772485
0.871795 , 0.025641 , 3.773159
0.871795 , 0.051282 , 3.772919
0.871795 , 0.076923 , 3.766754
0.871795 , 0.102564 , 3.750207
0.871795 , 0.128205 , 3.719127
0.871795 , 0.153846 , 3.666075
0.871795 , 0.179487 , 3.584434
0.871795 , 0.205128 , 3.471260
0.871795 , 0.230769 , 3.324456
0.871795 , 0.256410 , 3.140126
0.871795 , 0.282051 , 2.917632
0.871795 , 0.307692 , 2.655979
0.871795 , 0.333333 , 2.354044
0.871795 , 0.358974 , 2.018682
0.871795 , 0.384615 , 1.653471
0.871795 , 0.410256 , 1.261804
0.871795 , 0.435897 , 0.847727
0.871795 , 0.461538 , 0.419192
0.871795 , 0.487179 , -0.018273
0.871795 , 0.512821 , -0.459447
0.871795 , 0.538462 , -0.896377
0.871795 , 0.564103 , -1.322436
0.871795 , 0.589744 , -1.731240
0.871795 , 0.615385 , -2.118307
0.871795 , 0.641026 , -2.476295
0.871795 , 0.666667 , -2.801780
0.871795 , 0.692308 , -3.090795
0.871795 , 0.717949 , -3.342574
0.871795 , 0.743590 , -3.556857
0.871795 , 0.769231 , -3.731711
0.871795 , 0.794872 , -3.868684
0.871795 , 0.820513 , -3.971264
0.871795 , 0.846154 , -4.042623
0.871795 , 0.871795 , -4.087323
0.871795 , 0.897436 , -4.112657
0.871795 , 0.923077 , -4.124148
0.871795 , 0.948718 , -4.127190
0.871795 , 0.974359 , -4.125854
0.871795 , 1.000000 , -4.124721
0.897436 , 0.000000 , 4.046308
0.897436 , 0.025641 , 4.051255
0.897436 , 0.051282 , 4.062054
0.897436 , 0.076923 , 4.072220
0.897436 , 0.102564 , 4.073074
0.897436 , 0.128205 , 4.059631
0.897436 , 0.153846 , 4.022658
0.897436 , 0.179487 , 3.954157
0.897436 , 0.205128 , 3.849294
0.897436 , 0.230769 , 3.704470
0.897436 , 0.256410 , 3.515083
0.897436 , 0.282051 , 3.279546
0.897436 , 0.307692 , 2.998069
0.897436 , 0.333333 , 2.669969
0.897436 , 0.358974 , 2.301338
0.897436 , 0.384615 , 1.897129
0.897436 , 0.410256 , 1.462233
0.897436 , 0.435897 , 1.000709
0.897436 , 0.461538 , 0.520469
0.897436 , 0.487179 , 0.029818
0.897436 , 0.512821 , -0.464039
0.897436 , 0.538462 , -0.953592
0.897436 , 0.564103 , -1.430528
0.897436 , 0.589744 , -1.887367
0.897436 , 0.615385 , -2.318265
0.897436 , 0.641026 , -2.715164
0.897436 , 0.666667 , -3.073178
0.897436 , 0.692308 , -3.388916
0.897436 , 0.717949 , -3.659001
0.897436 , 0.743590 , -3.884549
0.897436 , 0.769231 , -4.063515
0.897436 , 0.794872 , -4.198569
0.897436 , 0.820513 , -4.294036
0.897436 , 0.846154 , -4.353636
0.897436 , 0.871795 , -4.382100
0.897436 , 0.897436 , -4.388502
0.897436 , 0.923077 , -4.380929
0.897436 , 0.948718 , -4.367734
0.897436 , 0.974359 , -4.355922
0.897436 , 1.000000 , -4.351537
0.923077 , 0.000000 , 4.307882
0.923077 , 0.025641 , 4.319124
0.923077 , 0.051282 , 4.346089
0.923077 , 0.076923 , 4.379677
0.923077 , 0.102564 , 4.407937
0.923077 , 0.128205 , 4.419999
0.923077 , 0.153846 , 4.406338
0.923077 , 0.179487 , 4.356794
0.923077 , 0.205128 , 4.264247
0.923077 , 0.230769 , 4.124184
0.923077 , 0.256410 , 3.930830
0.923077 , 0.282051 , 3.682568
0.923077 , 0.307692 , 3.380062
0.923077 , 0.333333 , 3.023337
0.923077 , 0.358974 , 2.618451
0.923077 , 0.384615 , 2.169809
0.923077 , 0.410256 , 1.684235
0.923077 , 0.435897 , 1.168376
0.923077 , 0.461538 , 0.629664
0.923077 , 0.487179 , 0.077952
0.923077 , 0.512821 , -0.477654
0.923077 , 0.538462 , -1.028021
0.923077 , 0.564103 , -1.563311
0.923077 , 0.589744 , -2.074880
0.923077 , 0.615385 , -2.555349
0.923077 , 0.641026 , -2.995884
0.923077 , 0.666667 , -3.390983
0.923077 , 0.692308 , -3.736423
0.923077 , 0.717949 , -4.027852
0.923077 , 0.743590 , -4.265188
0.923077 , 0.769231 , -4.447542
0.923077 , 0.794872 , -4.577709
0.923077 , 0.820513 , -4.660344
0.923077 , 0.846154 , -4.701669
0.923077 , 0.871795 , -4.707603
0.923077 , 0.897436 , -4.687599
0.923077 , 0.923077 , -4.653308
0.923077 , 0.948718 , -4.616220
0.923077 , 0.974359 , -4.587276
0.923077 , 1.000000 , -4.576932
0.948718 , 0.000000 , 4.545069
0.948718 , 0.025641 , 4.565972
0.948718 , 0.051282 , 4.619497
0.948718 , 0.076923 , 4.687653
0.948718 , 0.102564 , 4.754247
0.948718 , 0.128205 , 4.803424
0.948718 , 0.153846 , 4.821868
0.948718 , 0.179487 , 4.798575
0.948718 , 0.205128 , 4.723508
0.948718 , 0.230769 , 4.591740
0.948718 , 0.256410 , 4.396902
0.948718 , 0.282051 , 4.136463
0.948718 , 0.307692 , 3.811104
0.948718 , 0.333333 , 3.422359
0.948718 , 0.358974 , 2.975896
0.948718 , 0.384615 , 2.476875
0.948718 , 0.410256 , 1.933235
0.948718 , 0.435897 , 1.353669
0.948718 , 0.461538 , 0.747659
0.948718 , 0.487179 , 0.125735
0.948718 , 0.512821 , -0.501092
0.948718 , 0.538462 , -1.121508
0.948718 , 0.564103 , -1.724618
0.948718 , 0.589744 , -2.299629
0.948718 , 0.615385 , -2.836890
0.948718 , 0.641026 , -3.327497
0.948718 , 0.666667 , -3.764201
0.948718 , 0.692308 , -4.142118
0.948718 , 0.717949 , -4.456129
0.948718 , 0.743590 , -4.705794
0.948718 , 0.769231 , -4.890188
0.948718 , 0.794872 , -5.012339
0.948718 , 0.820513 , -5.077585
0.948718 , 0.846154 , -5.092831
0.948718 , 0.871795 , -5.066294
0.948718 , 0.897436 , -5.009282
0.948718 , 0.923077 , -4.936620
0.948718 , 0.948718 , -4.864699
0.948718 , 0.974359 , -4.809646
0.948718 , 1.000000 , -4.788928
0.974359 , 0.000000 , 4.738833
0.974359 , 0.025641 , 4.777445
0.974359 , 0.051282 , 4.872499
0.974359 , 0.076923 , 4.992865
0.974359 , 0.102564 , 5.113394
0.974359 , 0.128205 , 5.212914
0.974359 , 0.153846 , 5.275275
0.974359 , 0.179487 , 5.286700
0.974359 , 0.205128 , 5.236149
0.974359 , 0.230769 , 5.116211
0.974359 , 0.256410 , 4.921622
0.974359 , 0.282051 , 4.649662
0.974359 , 0.307692 , 4.300020
0.974359 , 0.333333 , 3.874970
0.974359 , 0.358974 , 3.381040
0.974359 , 0.384615 , 2.825088
0.974359 , 0.410256 , 2.214893
0.974359 , 0.435897 , 1.561904
0.974359 , 0.461538 , 0.877898
0.974359 , 0.487179 , 0.174725
0.974359 , 0.512821 , -0.534566
0.974359 , 0.538462 , -1.236365
0.974359 , 0.564103 , -1.917368
0.974359 , 0.589744 , -2.565636
0.974359 , 0.615385 , -3.169182
0.974359 , 0.641026 , -3.717905
0.974359 , 0.666667 , -4.202515
0.974359 , 0.692308 , -4.616289
0.974359 , 0.717949 , -4.955103
0.974359 , 0.743590 , -5.216207
0.974359 , 0.769231 , -5.400356
0.974359 , 0.794872 , -5.510055
0.974359 , 0.820513 , -5.551537
0.974359 , 0.846154 , -5.531889
0.974359 , 0.871795 , -5.461594
0.974359 , 0.897436 , -5.353958
0.974359 , 0.923077 , -5.227129
0.974359 , 0.948718 , -5.102611
0.974359 , 0.974359 , -5.005921
0.974359 , 1.000000 , -4.966681
1.000000 , 0.000000 , 4.851654
1.000000 , 0.025641 , 4.927613
1.000000 , 0.051282 , 5.094534
1.000000 , 0.076923 , 5.293162
1.000000 , 0.102564 , 5.488040
1.000000 , 0.128205 , 5.655361
1.000000 , 0.153846 , 5.774852
1.000000 , 0.179487 , 5.831643
1.000000 , 0.205128 , 5.813588
1.000000 , 0.230769 , 5.711939
1.000000 , 0.256410 , 5.520331
1.000000 , 0.282051 , 5.236085
1.000000 , 0.307692 , 4.859449
1.000000 , 0.333333 , 4.393510
1.000000 , 0.358974 , 3.844696
1.000000 , 0.384615 , 3.222174
1.000000 , 0.410256 , 2.535707
1.000000 , 0.435897 , 1.798045
1.000000 , 0.461538 , 1.023161
1.000000 , 0.487179 , 0.225297
1.000000 , 0.512821 , -0.579620
1.000000 , 0.538462 , -1.375920
1.000000 , 0.564103 , -2.148053
1.000000 , 0.589744 , -2.880796
1.000000 , 0.615385 , -3.560576
1.000000 , 0.641026 , -4.176003
1.000000 , 0.666667 , -4.715800
1.000000 , 0.692308 , -5.171250
1.000000 , 0.717949 , -5.537120
1.000000 , 0.743590 , -5.810692
1.000000 , 0.769231 , -5.991419
1.000000 , 0.794872 , -6.083489
1.000000 , 0.820513 , -6.092247
1.000000 , 0.846154 , -6.026775
1.000000 , 0.871795 , -5.898662
1.000000 , 0.897436 , -5.723957
1.000000 , 0.923077 , -5.522472
1.000000 , 0.948718 , -5.320191
1.000000 , 0.974359 , -5.151274
1.000000 , 1.000000 , -5.073754
