0.000000 , 0.000000 , -3.377311
0.000000 , 0.025641 , -3.377311
0.000000 , 0.051282 , -3.377311
0.000000 , 0.076923 , -3.377311
0.000000 , 0.102564 , -3.377311
0.000000 , 0.128205 , -3.377311
0.000000 , 0.153846 , -3.377311
0.000000 , 0.179487 , -3.377311
0.000000 , 0.205128 , -3.377311
0.000000 , 0.230769 , -3.377311
0.000000 , 0.256410 , -3.377311
0.000000 , 0.282051 , -3.377311
0.000000 , 0.307692 , -3.377311
0.000000 , 0.333333 , -3.377311
0.000000 , 0.358974 , -3.377311
0.000000 , 0.384615 , -3.377311
0.000000 , 0.410256 , -3.377311
0.000000 , 0.435897 , -3.377311
0.000000 , 0.461538 , -3.377311
0.000000 , 0.487179 , -3.377311
0.000000 , 0.512821 , -3.377311
0.000000 , 0.538462 , -3.377311
0.000000 , 0.564103 , -3.377311
0.000000 , 0.589744 , -3.377311
0.000000 , 0.615385 , -3.377311
0.000000 , 0.641026 , -3.377311
0.000000 , 0.666667 , -3.377311
0.000000 , 0.692308 , -3.377311
0.000000 , 0.717949 , -3.377311
0.000000 , 0.743590 , -3.377311
0.000000 , 0.769231 , -3.377311
0.000000 , 0.794872 , -3.377311
0.000000 , 0.820513 , -3.377311
0.000000 , 0.846154 , -3.377311
0.000000 , 0.871795 , -3.377311
0.000000 , 0.897436 , -3.377311
0.000000 , 0.923077 , -3.377311
0.000000 , 0.948718 , -3.377311
0.000000 , 0.974359 , -3.377311
0.000000 , 1.000000 , -3.377311
0.025641 , 0.000000 , -3.288099
0.025641 , 0.025641 , -3.287693
0.025641 , 0.051282 , -3.286537
0.025641 , 0.076923 , -3.285451
0.025641 , 0.102564 , -3.284549
0.025641 , 0.128205 , -3.283472
0.025641 , 0.153846 , -3.283155
0.025641 , 0.179487 , -3.283463
0.025641 , 0.205128 , -3.284414
0.025641 , 0.230769 , -3.285064
0.025641 , 0.256410 , -3.286545
0.025641 , 0.282051 , -3.288457
0.025641 , 0.307692 , -3.289050
0.025641 , 0.333333 , -3.289520
0.025641 , 0.358974 , -3.291287
0.025641 , 0.384615 , -3.292749
0.025641 , 0.410256 , -3.294472
0.025641 , 0.435897 , -3.297529
0.025641 , 0.461538 , -3.300407
0.025641 , 0.487179 , -3.303273
0.025641 , 0.512821 , -3.305542
0.025641 , 0.538462 , -3.307601
0.025641 , 0.564103 , -3.309852
0.025641 , 0.589744 , -3.312256
0.025641 , 0.615385 , -3.313911
0.025641 , 0.641026 , -3.315321
0.025641 , 0.666667 , -3.317019
0.025641 , 0.692308 , -3.317788
0.025641 , 0.717949 , -3.318877
0.025641 , 0.743590 , -3.320082
0.025641 , 0.769231 , -3.321206
0.025641 , 0.794872 , -3.321559
0.025641 , 0.820513 , -3.322134
0.025641 , 0.846154 , -3.322482
0.025641 , 0.871795 , -3.322847
0.025641 , 0.897436 , -3.323192
0.025641 , 0.923077 , -3.323221
0.025641 , 0.948718 , -3.322959
0.025641 , 0.974359 , -3.322914
0.025641 , 1.000000 , -3.322791
0.051282 , 0.000000 , -3.193148
0.051282 , 0.025641 , -3.192570
0.051282 , 0.051282 , -3.190690
0.051282 , 0.076923 , -3.188432
0.051282 , 0.102564 , -3.186422
0.051282 , 0.128205 , -3.184592
0.051282 , 0.153846 , -3.183801
0.051282 , 0.179487 , -3.184169
0.051282 , 0.205128 , -3.184656
0.051282 , 0.230769 , -3.186269
0.051282 , 0.256410 , -3.189059
0.051282 , 0.282051 , -3.192388
0.051282 , 0.307692 , -3.194141
0.051282 , 0.333333 , -3.196451
0.051282 , 0.358974 , -3.199477
0.051282 , 0.384615 , -3.202452
0.051282 , 0.410256 , -3.205729
0.051282 , 0.435897 , -3.210874
0.051282 , 0.461538 , -3.216872
0.051282 , 0.487179 , -3.222481
0.051282 , 0.512821 , -3.227656
0.051282 , 0.538462 , -3.231713
0.051282 , 0.564103 , -3.235613
0.051282 , 0.589744 , -3.239104
0.051282 , 0.615385 , -3.242752
0.051282 , 0.641026 , -3.245826
0.051282 , 0.666667 , -3.248473
0.051282 , 0.692308 , -3.251047
0.051282 , 0.717949 , -3.253503
0.051282 , 0.743590 , -3.255383
0.051282 , 0.769231 , -3.256777
0.051282 , 0.794872 , -3.258019
0.051282 , 0.820513 , -3.259234
0.051282 , 0.846154 , -3.260011
0.051282 , 0.871795 , -3.260271
0.051282 , 0.897436 , -3.261148
0.051282 , 0.923077 , -3.261655
0.051282 , 0.948718 , -3.260817
0.051282 , 0.974359 , -3.260668
0.051282 , 1.000000 , -3.260598
0.076923 , 0.000000 , -3.093457
0.076923 , 0.025641 , -3.092521
0.076923 , 0.051282 , -3.090342
0.076923 , 0.076923 , -3.087080
0.076923 , 0.102564 , -3.084348
0.076923 , 0.128205 , -3.081762
0.076923 , 0.153846 , -3.080123
0.076923 , 0.179487 , -3.080192
0.076923 , 0.205128 , -3.080718
0.076923 , 0.230769 , -3.082272
0.076923 , 0.256410 , -3.085309
0.076923 , 0.282051 , -3.089529
0.076923 , 0.307692 , -3.093166
0.076923 , 0.333333 , -3.097583
0.076923 , 0.358974 , -3.102419
0.076923 , 0.384615 , -3.107964
0.076923 , 0.410256 , -3.113429
0.076923 , 0.435897 , -3.120292
0.076923 , 0.461538 , -3.127885
0.076923 , 0.487179 , -3.135780
0.076923 , 0.512821 , -3.142552
0.076923 , 0.538462 , -3.149161
0.076923 , 0.564103 , -3.155183
0.076923 , 0.589744 , -3.160057
0.076923 , 0.615385 , -3.164386
0.076923 , 0.641026 , -3.168999
0.076923 , 0.666667 , -3.172746
0.076923 , 0.692308 , -3.176939
0.076923 , 0.717949 , -3.180722
0.076923 , 0.743590 , -3.183806
0.076923 , 0.769231 , -3.185480
0.076923 , 0.794872 , -3.186704
0.076923 , 0.820513 , -3.188478
0.076923 , 0.846154 , -3.189803
0.076923 , 0.871795 , -3.190166
0.076923 , 0.897436 , -3.191459
0.076923 , 0.923077 , -3.192296
0.076923 , 0.948718 , -3.191720
0.076923 , 0.974359 , -3.190910
0.076923 , 1.000000 , -3.191071
0.102564 , 0.000000 , -2.988718
0.102564 , 0.025641 , -2.988518
0.102564 , 0.051282 , -2.986225
0.102564 , 0.076923 , -2.982561
0.102564 , 0.102564 , -2.979293
0.102564 , 0.128205 , -2.976352
0.102564 , 0.153846 , -2.973693
0.102564 , 0.179487 , -2.972888
0.102564 , 0.205128 , -2.973404
0.102564 , 0.230769 , -2.975352
0.102564 , 0.256410 , -2.978363
0.102564 , 0.282051 , -2.982643
0.102564 , 0.307692 , -2.987720
0.102564 , 0.333333 , -2.994227
0.102564 , 0.358974 , -3.001569
0.102564 , 0.384615 , -3.009151
0.102564 , 0.410256 , -3.017209
0.102564 , 0.435897 , -3.025802
0.102564 , 0.461538 , -3.034595
0.102564 , 0.487179 , -3.044383
0.102564 , 0.512821 , -3.052956
0.102564 , 0.538462 , -3.061321
0.102564 , 0.564103 , -3.068930
0.102564 , 0.589744 , -3.075327
0.102564 , 0.615385 , -3.080288
0.102564 , 0.641026 , -3.086109
0.102564 , 0.666667 , -3.091329
0.102564 , 0.692308 , -3.096982
0.102564 , 0.717949 , -3.101550
0.102564 , 0.743590 , -3.104578
0.102564 , 0.769231 , -3.105744
0.102564 , 0.794872 , -3.107700
0.102564 , 0.820513 , -3.110539
0.102564 , 0.846154 , -3.112836
0.102564 , 0.871795 , -3.114260
0.102564 , 0.897436 , -3.115350
0.102564 , 0.923077 , -3.116768
0.102564 , 0.948718 , -3.116226
0.102564 , 0.974359 , -3.114935
0.102564 , 1.000000 , -3.114462
0.128205 , 0.000000 , -2.881404
0.128205 , 0.025641 , -2.880987
0.128205 , 0.051282 , -2.879180
0.128205 , 0.076923 , -2.875770
0.128205 , 0.102564 , -2.871332
0.128205 , 0.128205 , -2.868304
0.128205 , 0.153846 , -2.865626
0.128205 , 0.179487 , -2.864451
0.128205 , 0.205128 , -2.864752
0.128205 , 0.230769 , -2.866615
0.128205 , 0.256410 , -2.869807
0.128205 , 0.282051 , -2.874598
0.128205 , 0.307692 , -2.880234
0.128205 , 0.333333 , -2.887345
0.128205 , 0.358974 , -2.895967
0.128205 , 0.384615 , -2.905736
0.128205 , 0.410256 , -2.915942
0.128205 , 0.435897 , -2.926695
0.128205 , 0.461538 , -2.936701
0.128205 , 0.487179 , -2.947937
0.128205 , 0.512821 , -2.959184
0.128205 , 0.538462 , -2.968755
0.128205 , 0.564103 , -2.977968
0.128205 , 0.589744 , -2.985369
0.128205 , 0.615385 , -2.991465
0.128205 , 0.641026 , -2.997927
0.128205 , 0.666667 , -3.004922
0.128205 , 0.692308 , -3.010997
0.128205 , 0.717949 , -3.015777
0.128205 , 0.743590 , -3.019500
0.128205 , 0.769231 , -3.022140
0.128205 , 0.794872 , -3.024180
0.128205 , 0.820513 , -3.027364
0.128205 , 0.846154 , -3.029980
0.128205 , 0.871795 , -3.032501
0.128205 , 0.897436 , -3.033772
0.128205 , 0.923077 , -3.034461
0.128205 , 0.948718 , -3.033672
0.128205 , 0.974359 , -3.032764
0.128205 , 1.000000 , -3.032334
0.153846 , 0.000000 , -2.772251
0.153846 , 0.025641 , -2.771799
0.153846 , 0.051282 , -2.769550
0.153846 , 0.076923 , -2.766442
0.153846 , 0.102564 , -2.762596
0.153846 , 0.128205 , -2.759262
0.153846 , 0.153846 , -2.756817
0.153846 , 0.179487 , -2.755715
0.153846 , 0.205128 , -2.755882
0.153846 , 0.230769 , -2.757345
0.153846 , 0.256410 , -2.760587
0.153846 , 0.282051 , -2.765765
0.153846 , 0.307692 , -2.772101
0.153846 , 0.333333 , -2.779581
0.153846 , 0.358974 , -2.788763
0.153846 , 0.384615 , -2.799638
0.153846 , 0.410256 , -2.811574
0.153846 , 0.435897 , -2.824130
0.153846 , 0.461538 , -2.835730
0.153846 , 0.487179 , -2.848315
0.153846 , 0.512821 , -2.860747
0.153846 , 0.538462 , -2.871789
0.153846 , 0.564103 , -2.881451
0.153846 , 0.589744 , -2.890185
0.153846 , 0.615385 , -2.898026
0.153846 , 0.641026 , -2.905936
0.153846 , 0.666667 , -2.912912
0.153846 , 0.692308 , -2.919725
0.153846 , 0.717949 , -2.925621
0.153846 , 0.743590 , -2.930075
0.153846 , 0.769231 , -2.933663
0.153846 , 0.794872 , -2.937724
0.153846 , 0.820513 , -2.941348
0.153846 , 0.846154 , -2.943360
0.153846 , 0.871795 , -2.945976
0.153846 , 0.897436 , -2.947557
0.153846 , 0.923077 , -2.947879
0.153846 , 0.948718 , -2.946940
0.153846 , 0.974359 , -2.945865
0.153846 , 1.000000 , -2.944898
0.179487 , 0.000000 , -2.662985
0.179487 , 0.025641 , -2.662459
0.179487 , 0.051282 , -2.660463
0.179487 , 0.076923 , -2.657057
0.179487 , 0.102564 , -2.653421
0.179487 , 0.128205 , -2.650185
0.179487 , 0.153846 , -2.648128
0.179487 , 0.179487 , -2.647417
0.179487 , 0.205128 , -2.647696
0.179487 , 0.230769 , -2.649146
0.179487 , 0.256410 , -2.652490
0.179487 , 0.282051 , -2.657378
0.179487 , 0.307692 , -2.663666
0.179487 , 0.333333 , -2.671816
0.179487 , 0.358974 , -2.681540
0.179487 , 0.384615 , -2.693409
0.179487 , 0.410256 , -2.705683
0.179487 , 0.435897 , -2.718494
0.179487 , 0.461538 , -2.731892
0.179487 , 0.487179 , -2.745606
0.179487 , 0.512821 , -2.758679
0.179487 , 0.538462 , -2.770255
0.179487 , 0.564103 , -2.781459
0.179487 , 0.589744 , -2.791366
0.179487 , 0.615385 , -2.800922
0.179487 , 0.641026 , -2.809957
0.179487 , 0.666667 , -2.817868
0.179487 , 0.692308 , -2.825067
0.179487 , 0.717949 , -2.831705
0.179487 , 0.743590 , -2.836777
0.179487 , 0.769231 , -2.841690
0.179487 , 0.794872 , -2.846208
0.179487 , 0.820513 , -2.850034
0.179487 , 0.846154 , -2.853026
0.179487 , 0.871795 , -2.854861
0.179487 , 0.897436 , -2.855881
0.179487 , 0.923077 , -2.855914
0.179487 , 0.948718 , -2.855879
0.179487 , 0.974359 , -2.855513
0.179487 , 1.000000 , -2.854748
0.205128 , 0.000000 , -2.553365
0.205128 , 0.025641 , -2.553191
0.205128 , 0.051282 , -2.551602
0.205128 , 0.076923 , -2.548797
0.205128 , 0.102564 , -2.545353
0.205128 , 0.128205 , -2.542454
0.205128 , 0.153846 , -2.540549
0.205128 , 0.179487 , -2.539840
0.205128 , 0.205128 , -2.540651
0.205128 , 0.230769 , -2.542509
0.205128 , 0.256410 , -2.545536
0.205128 , 0.282051 , -2.550414
0.205128 , 0.307692 , -2.556547
0.205128 , 0.333333 , -2.564632
0.205128 , 0.358974 , -2.574430
0.205128 , 0.384615 , -2.586746
0.205128 , 0.410256 , -2.599550
0.205128 , 0.435897 , -2.612726
0.205128 , 0.461538 , -2.626447
0.205128 , 0.487179 , -2.640765
0.205128 , 0.512821 , -2.654542
0.205128 , 0.538462 , -2.666910
0.205128 , 0.564103 , -2.679326
0.205128 , 0.589744 , -2.690515
0.205128 , 0.615385 , -2.700855
0.205128 , 0.641026 , -2.710357
0.205128 , 0.666667 , -2.718609
0.205128 , 0.692308 , -2.726623
0.205128 , 0.717949 , -2.734352
0.205128 , 0.743590 , -2.740512
0.205128 , 0.769231 , -2.745862
0.205128 , 0.794872 , -2.750451
0.205128 , 0.820513 , -2.754402
0.205128 , 0.846154 , -2.757545
0.205128 , 0.871795 , -2.759727
0.205128 , 0.897436 , -2.760207
0.205128 , 0.923077 , -2.759565
0.205128 , 0.948718 , -2.760089
0.205128 , 0.974359 , -2.760151
0.205128 , 1.000000 , -2.760041
0.230769 , 0.000000 , -2.445451
0.230769 , 0.025641 , -2.445445
0.230769 , 0.051282 , -2.444031
0.230769 , 0.076923 , -2.441417
0.230769 , 0.102564 , -2.438479
0.230769 , 0.128205 , -2.436166
0.230769 , 0.153846 , -2.434734
0.230769 , 0.179487 , -2.433836
0.230769 , 0.205128 , -2.434126
0.230769 , 0.230769 , -2.436296
0.230769 , 0.256410 , -2.439674
0.230769 , 0.282051 , -2.444741
0.230769 , 0.307692 , -2.450779
0.230769 , 0.333333 , -2.459327
0.230769 , 0.358974 , -2.468138
0.230769 , 0.384615 , -2.479406
0.230769 , 0.410256 , -2.492207
0.230769 , 0.435897 , -2.506297
0.230769 , 0.461538 , -2.520400
0.230769 , 0.487179 , -2.534739
0.230769 , 0.512821 , -2.548915
0.230769 , 0.538462 , -2.562398
0.230769 , 0.564103 , -2.575049
0.230769 , 0.589744 , -2.586469
0.230769 , 0.615385 , -2.597160
0.230769 , 0.641026 , -2.607426
0.230769 , 0.666667 , -2.616835
0.230769 , 0.692308 , -2.626017
0.230769 , 0.717949 , -2.634001
0.230769 , 0.743590 , -2.639842
0.230769 , 0.769231 , -2.646113
0.230769 , 0.794872 , -2.651519
0.230769 , 0.820513 , -2.655564
0.230769 , 0.846154 , -2.658400
0.230769 , 0.871795 , -2.659785
0.230769 , 0.897436 , -2.660822
0.230769 , 0.923077 , -2.660432
0.230769 , 0.948718 , -2.661301
0.230769 , 0.974359 , -2.661140
0.230769 , 1.000000 , -2.660329
0.256410 , 0.000000 , -2.339870
0.256410 , 0.025641 , -2.339697
0.256410 , 0.051282 , -2.338272
0.256410 , 0.076923 , -2.336248
0.256410 , 0.102564 , -2.334086
0.256410 , 0.128205 , -2.332797
0.256410 , 0.153846 , -2.332156
0.256410 , 0.179487 , -2.330511
0.256410 , 0.205128 , -2.330018
0.256410 , 0.230769 , -2.331888
0.256410 , 0.256410 , -2.335167
0.256410 , 0.282051 , -2.340417
0.256410 , 0.307692 , -2.346713
0.256410 , 0.333333 , -2.354614
0.256410 , 0.358974 , -2.363229
0.256410 , 0.384615 , -2.373569
0.256410 , 0.410256 , -2.385785
0.256410 , 0.435897 , -2.399565
0.256410 , 0.461538 , -2.413462
0.256410 , 0.487179 , -2.428076
0.256410 , 0.512821 , -2.442523
0.256410 , 0.538462 , -2.456460
0.256410 , 0.564103 , -2.468945
0.256410 , 0.589744 , -2.480230
0.256410 , 0.615385 , -2.491601
0.256410 , 0.641026 , -2.502690
0.256410 , 0.666667 , -2.512951
0.256410 , 0.692308 , -2.522414
0.256410 , 0.717949 , -2.530340
0.256410 , 0.743590 , -2.536940
0.256410 , 0.769231 , -2.543419
0.256410 , 0.794872 , -2.549334
0.256410 , 0.820513 , -2.553683
0.256410 , 0.846154 , -2.556261
0.256410 , 0.871795 , -2.557355
0.256410 , 0.897436 , -2.558736
0.256410 , 0.923077 , -2.559014
0.256410 , 0.948718 , -2.559622
0.256410 , 0.974359 , -2.558700
0.256410 , 1.000000 , -2.558016
0.282051 , 0.000000 , -2.235875
0.282051 , 0.025641 , -2.235870
0.282051 , 0.051282 , -2.234866
0.282051 , 0.076923 , -2.232767
0.282051 , 0.102564 , -2.230938
0.282051 , 0.128205 , -2.230044
0.282051 , 0.153846 , -2.229582
0.282051 , 0.179487 , -2.229522
0.282051 , 0.205128 , -2.228779
0.282051 , 0.230769 , -2.230176
0.282051 , 0.256410 , -2.233028
0.282051 , 0.282051 , -2.237631
0.282051 , 0.307692 , -2.243449
0.282051 , 0.333333 , -2.251033
0.282051 , 0.358974 , -2.259494
0.282051 , 0.384615 , -2.269491
0.282051 , 0.410256 , -2.281272
0.282051 , 0.435897 , -2.293923
0.282051 , 0.461538 , -2.307072
0.282051 , 0.487179 , -2.321255
0.282051 , 0.512821 , -2.335522
0.282051 , 0.538462 , -2.349494
0.282051 , 0.564103 , -2.361708
0.282051 , 0.589744 , -2.373075
0.282051 , 0.615385 , -2.385028
0.282051 , 0.641026 , -2.396808
0.282051 , 0.666667 , -2.407193
0.282051 , 0.692308 , -2.416480
0.282051 , 0.717949 , -2.424092
0.282051 , 0.743590 , -2.430940
0.282051 , 0.769231 , -2.437953
0.282051 , 0.794872 , -2.444700
0.282051 , 0.820513 , -2.450030
0.282051 , 0.846154 , -2.452117
0.282051 , 0.871795 , -2.453123
0.282051 , 0.897436 , -2.454124
0.282051 , 0.923077 , -2.454807
0.282051 , 0.948718 , -2.455210
0.282051 , 0.974359 , -2.454186
0.282051 , 1.000000 , -2.453749
0.307692 , 0.000000 , -2.134718
0.307692 , 0.025641 , -2.134407
0.307692 , 0.051282 , -2.133129
0.307692 , 0.076923 , -2.131296
0.307692 , 0.102564 , -2.129422
0.307692 , 0.128205 , -2.128624
0.307692 , 0.153846 , -2.128374
0.307692 , 0.179487 , -2.129239
0.307692 , 0.205128 , -2.130037
0.307692 , 0.230769 , -2.130688
0.307692 , 0.256410 , -2.133146
0.307692 , 0.282051 , -2.137810
0.307692 , 0.307692 , -2.143205
0.307692 , 0.333333 , -2.150103
0.307692 , 0.358974 , -2.158392
0.307692 , 0.384615 , -2.168127
0.307692 , 0.410256 , -2.178343
0.307692 , 0.435897 , -2.189766
0.307692 , 0.461538 , -2.202081
0.307692 , 0.487179 , -2.215673
0.307692 , 0.512821 , -2.229313
0.307692 , 0.538462 , -2.242327
0.307692 , 0.564103 , -2.254402
0.307692 , 0.589744 , -2.265932
0.307692 , 0.615385 , -2.277827
0.307692 , 0.641026 , -2.289163
0.307692 , 0.666667 , -2.299315
0.307692 , 0.692308 , -2.308643
0.307692 , 0.717949 , -2.316867
0.307692 , 0.743590 , -2.324110
0.307692 , 0.769231 , -2.330468
0.307692 , 0.794872 , -2.337299
0.307692 , 0.820513 , -2.343581
0.307692 , 0.846154 , -2.346046
0.307692 , 0.871795 , -2.347447
0.307692 , 0.897436 , -2.348784
0.307692 , 0.923077 , -2.349001
0.307692 , 0.948718 , -2.349037
0.307692 , 0.974359 , -2.348706
0.307692 , 1.000000 , -2.348053
0.333333 , 0.000000 , -2.035090
0.333333 , 0.025641 , -2.035006
0.333333 , 0.051282 , -2.033897
0.333333 , 0.076923 , -2.032678
0.333333 , 0.102564 , -2.031600
0.333333 , 0.128205 , -2.030891
0.333333 , 0.153846 , -2.030839
0.333333 , 0.179487 , -2.031895
0.333333 , 0.205128 , -2.033796
0.333333 , 0.230769 , -2.034968
0.333333 , 0.256410 , -2.037127
0.333333 , 0.282051 , -2.041500
0.333333 , 0.307692 , -2.046519
0.333333 , 0.333333 , -2.052093
0.333333 , 0.358974 , -2.059102
0.333333 , 0.384615 , -2.068319
0.333333 , 0.410256 , -2.078072
0.333333 , 0.435897 , -2.087955
0.333333 , 0.461538 , -2.099470
0.333333 , 0.487179 , -2.111461
0.333333 , 0.512821 , -2.123943
0.333333 , 0.538462 , -2.136076
0.333333 , 0.564103 , -2.147360
0.333333 , 0.589744 , -2.158803
0.333333 , 0.615385 , -2.169872
0.333333 , 0.641026 , -2.180858
0.333333 , 0.666667 , -2.190793
0.333333 , 0.692308 , -2.199965
0.333333 , 0.717949 , -2.208155
0.333333 , 0.743590 , -2.216105
0.333333 , 0.769231 , -2.222885
0.333333 , 0.794872 , -2.228808
0.333333 , 0.820513 , -2.234580
0.333333 , 0.846154 , -2.238009
0.333333 , 0.871795 , -2.240112
0.333333 , 0.897436 , -2.241708
0.333333 , 0.923077 , -2.242199
0.333333 , 0.948718 , -2.242183
0.333333 , 0.974359 , -2.242788
0.333333 , 1.000000 , -2.242770
0.358974 , 0.000000 , -1.937416
0.358974 , 0.025641 , -1.937659
0.358974 , 0.051282 , -1.937350
0.358974 , 0.076923 , -1.937263
0.358974 , 0.102564 , -1.937321
0.358974 , 0.128205 , -1.937228
0.358974 , 0.153846 , -1.937361
0.358974 , 0.179487 , -1.938379
0.358974 , 0.205128 , -1.940003
0.358974 , 0.230769 , -1.942055
0.358974 , 0.256410 , -1.944610
0.358974 , 0.282051 , -1.948270
0.358974 , 0.307692 , -1.952401
0.358974 , 0.333333 , -1.957163
0.358974 , 0.358974 , -1.963215
0.358974 , 0.384615 , -1.970822
0.358974 , 0.410256 , -1.979505
0.358974 , 0.435897 , -1.988723
0.358974 , 0.461538 , -1.998667
0.358974 , 0.487179 , -2.009294
0.358974 , 0.512821 , -2.020722
0.358974 , 0.538462 , -2.031316
0.358974 , 0.564103 , -2.041393
0.358974 , 0.589744 , -2.052183
0.358974 , 0.615385 , -2.062922
0.358974 , 0.641026 , -2.072797
0.358974 , 0.666667 , -2.082578
0.358974 , 0.692308 , -2.091859
0.358974 , 0.717949 , -2.099509
0.358974 , 0.743590 , -2.106179
0.358974 , 0.769231 , -2.113070
0.358974 , 0.794872 , -2.119386
0.358974 , 0.820513 , -2.125204
0.358974 , 0.846154 , -2.129110
0.358974 , 0.871795 , -2.132166
0.358974 , 0.897436 , -2.133825
0.358974 , 0.923077 , -2.134661
0.358974 , 0.948718 , -2.135203
0.358974 , 0.974359 , -2.136365
0.358974 , 1.000000 , -2.136820
0.384615 , 0.000000 , -1.843246
0.384615 , 0.025641 , -1.843680
0.384615 , 0.051282 , -1.843916
0.384615 , 0.076923 , -1.844405
0.384615 , 0.102564 , -1.845270
0.384615 , 0.128205 , -1.846911
0.384615 , 0.153846 , -1.847394
0.384615 , 0.179487 , -1.847704
0.384615 , 0.205128 , -1.848980
0.384615 , 0.230769 , -1.851258
0.384615 , 0.256410 , -1.854923
0.384615 , 0.282051 , -1.858257
0.384615 , 0.307692 , -1.861075
0.384615 , 0.333333 , -1.865973
0.384615 , 0.358974 , -1.871442
0.384615 , 0.384615 , -1.877528
0.384615 , 0.410256 , -1.884303
0.384615 , 0.435897 , -1.892050
0.384615 , 0.461538 , -1.900536
0.384615 , 0.487179 , -1.909554
0.384615 , 0.512821 , -1.919329
0.384615 , 0.538462 , -1.928642
0.384615 , 0.564103 , -1.937951
0.384615 , 0.589744 , -1.947104
0.384615 , 0.615385 , -1.956331
0.384615 , 0.641026 , -1.965196
0.384615 , 0.666667 , -1.973949
0.384615 , 0.692308 , -1.982521
0.384615 , 0.717949 , -1.990400
0.384615 , 0.743590 , -1.997074
0.384615 , 0.769231 , -2.002547
0.384615 , 0.794872 , -2.009076
0.384615 , 0.820513 , -2.015570
0.384615 , 0.846154 , -2.020358
0.384615 , 0.871795 , -2.023748
0.384615 , 0.897436 , -2.025492
0.384615 , 0.923077 , -2.026700
0.384615 , 0.948718 , -2.027653
0.384615 , 0.974359 , -2.029083
0.384615 , 1.000000 , -2.029730
0.410256 , 0.000000 , -1.754051
0.410256 , 0.025641 , -1.753924
0.410256 , 0.051282 , -1.754159
0.410256 , 0.076923 , -1.755469
0.410256 , 0.102564 , -1.756705
0.410256 , 0.128205 , -1.758938
0.410256 , 0.153846 , -1.760754
0.410256 , 0.179487 , -1.761544
0.410256 , 0.205128 , -1.762463
0.410256 , 0.230769 , -1.764752
0.410256 , 0.256410 , -1.768552
0.410256 , 0.282051 , -1.771550
0.410256 , 0.307692 , -1.773762
0.410256 , 0.333333 , -1.777997
0.410256 , 0.358974 , -1.782270
0.410256 , 0.384615 , -1.787160
0.410256 , 0.410256 , -1.792805
0.410256 , 0.435897 , -1.798874
0.410256 , 0.461538 , -1.805531
0.410256 , 0.487179 , -1.812668
0.410256 , 0.512821 , -1.820791
0.410256 , 0.538462 , -1.828803
0.410256 , 0.564103 , -1.836709
0.410256 , 0.589744 , -1.844428
0.410256 , 0.615385 , -1.852023
0.410256 , 0.641026 , -1.859062
0.410256 , 0.666667 , -1.867129
0.410256 , 0.692308 , -1.874603
0.410256 , 0.717949 , -1.881653
0.410256 , 0.743590 , -1.888374
0.410256 , 0.769231 , -1.894632
0.410256 , 0.794872 , -1.900296
0.410256 , 0.820513 , -1.906500
0.410256 , 0.846154 , -1.911387
0.410256 , 0.871795 , -1.915416
0.410256 , 0.897436 , -1.917885
0.410256 , 0.923077 , -1.918417
0.410256 , 0.948718 , -1.919609
0.410256 , 0.974359 , -1.921461
0.410256 , 1.000000 , -1.922413
0.435897 , 0.000000 , -1.669030
0.435897 , 0.025641 , -1.668539
0.435897 , 0.051282 , -1.668809
0.435897 , 0.076923 , -1.670542
0.435897 , 0.102564 , -1.671948
0.435897 , 0.128205 , -1.674723
0.435897 , 0.153846 , -1.677208
0.435897 , 0.179487 , -1.678511
0.435897 , 0.205128 , -1.679992
0.435897 , 0.230769 , -1.682396
0.435897 , 0.256410 , -1.685343
0.435897 , 0.282051 , -1.688066
0.435897 , 0.307692 , -1.690016
0.435897 , 0.333333 , -1.693442
0.435897 , 0.358974 , -1.697148
0.435897 , 0.384615 , -1.701194
0.435897 , 0.410256 , -1.705241
0.435897 , 0.435897 , -1.709700
0.435897 , 0.461538 , -1.713907
0.435897 , 0.487179 , -1.719300
0.435897 , 0.512821 , -1.725354
0.435897 , 0.538462 , -1.732008
0.435897 , 0.564103 , -1.737918
0.435897 , 0.589744 , -1.743459
0.435897 , 0.615385 , -1.749579
0.435897 , 0.641026 , -1.755235
0.435897 , 0.666667 , -1.761686
0.435897 , 0.692308 , -1.768779
0.435897 , 0.717949 , -1.774687
0.435897 , 0.743590 , -1.781117
0.435897 , 0.769231 , -1.787614
0.435897 , 0.794872 , -1.792972
0.435897 , 0.820513 , -1.798081
0.435897 , 0.846154 , -1.803105
0.435897 , 0.871795 , -1.807070
0.435897 , 0.897436 , -1.809926
0.435897 , 0.923077 , -1.810782
0.435897 , 0.948718 , -1.811715
0.435897 , 0.974359 , -1.813886
0.435897 , 1.000000 , -1.815183
0.461538 , 0.000000 , -1.586912
0.461538 , 0.025641 , -1.586844
0.461538 , 0.051282 , -1.587310
0.461538 , 0.076923 , -1.589524
0.461538 , 0.102564 , -1.591824
0.461538 , 0.128205 , -1.594040
0.461538 , 0.153846 , -1.596824
0.461538 , 0.179487 , -1.599510
0.461538 , 0.205128 , -1.602403
0.461538 , 0.230769 , -1.604765
0.461538 , 0.256410 , -1.606316
0.461538 , 0.282051 , -1.607939
0.461538 , 0.307692 , -1.609682
0.461538 , 0.333333 , -1.612576
0.461538 , 0.358974 , -1.615754
0.461538 , 0.384615 , -1.619197
0.461538 , 0.410256 , -1.621810
0.461538 , 0.435897 , -1.624116
0.461538 , 0.461538 , -1.626664
0.461538 , 0.487179 , -1.629437
0.461538 , 0.512821 , -1.633359
0.461538 , 0.538462 , -1.637659
0.461538 , 0.564103 , -1.641741
0.461538 , 0.589744 , -1.645376
0.461538 , 0.615385 , -1.649411
0.461538 , 0.641026 , -1.653891
0.461538 , 0.666667 , -1.658745
0.461538 , 0.692308 , -1.664906
0.461538 , 0.717949 , -1.670126
0.461538 , 0.743590 , -1.674965
0.461538 , 0.769231 , -1.680907
0.461538 , 0.794872 , -1.686455
0.461538 , 0.820513 , -1.690817
0.461538 , 0.846154 , -1.695381
0.461538 , 0.871795 , -1.699925
0.461538 , 0.897436 , -1.703139
0.461538 , 0.923077 , -1.704802
0.461538 , 0.948718 , -1.706287
0.461538 , 0.974359 , -1.707842
0.461538 , 1.000000 , -1.708857
0.487179 , 0.000000 , -1.508632
0.487179 , 0.025641 , -1.508847
0.487179 , 0.051282 , -1.509669
0.487179 , 0.076923 , -1.512311
0.487179 , 0.102564 , -1.515267
0.487179 , 0.128205 , -1.517738
0.487179 , 0.153846 , -1.520338
0.487179 , 0.179487 , -1.524297
0.487179 , 0.205128 , -1.527724
0.487179 , 0.230769 , -1.530348
0.487179 , 0.256410 , -1.531812
0.487179 , 0.282051 , -1.532732
0.487179 , 0.307692 , -1.533586
0.487179 , 0.333333 , -1.535429
0.487179 , 0.358974 , -1.537759
0.487179 , 0.384615 , -1.539570
0.487179 , 0.410256 , -1.540807
0.487179 , 0.435897 , -1.541502
0.487179 , 0.461538 , -1.542380
0.487179 , 0.487179 , -1.543298
0.487179 , 0.512821 , -1.544662
0.487179 , 0.538462 , -1.546705
0.487179 , 0.564103 , -1.548817
0.487179 , 0.589744 , -1.550608
0.487179 , 0.615385 , -1.552521
0.487179 , 0.641026 , -1.555812
0.487179 , 0.666667 , -1.559761
0.487179 , 0.692308 , -1.563956
0.487179 , 0.717949 , -1.568481
0.487179 , 0.743590 , -1.572264
0.487179 , 0.769231 , -1.576265
0.487179 , 0.794872 , -1.581546
0.487179 , 0.820513 , -1.586106
0.487179 , 0.846154 , -1.590460
0.487179 , 0.871795 , -1.594984
0.487179 , 0.897436 , -1.598707
0.487179 , 0.923077 , -1.600592
0.487179 , 0.948718 , -1.601790
0.487179 , 0.974359 , -1.603519
0.487179 , 1.000000 , -1.604324
0.512821 , 0.000000 , -1.435461
0.512821 , 0.025641 , -1.435907
0.512821 , 0.051282 , -1.436744
0.512821 , 0.076923 , -1.439268
0.512821 , 0.102564 , -1.442211
0.512821 , 0.128205 , -1.445475
0.512821 , 0.153846 , -1.448381
0.512821 , 0.179487 , -1.452400
0.512821 , 0.205128 , -1.456085
0.512821 , 0.230769 , -1.458974
0.512821 , 0.256410 , -1.460938
0.512821 , 0.282051 , -1.461509
0.512821 , 0.307692 , -1.461641
0.512821 , 0.333333 , -1.462468
0.512821 , 0.358974 , -1.462902
0.512821 , 0.384615 , -1.463347
0.512821 , 0.410256 , -1.463281
0.512821 , 0.435897 , -1.462410
0.512821 , 0.461538 , -1.461517
0.512821 , 0.487179 , -1.460370
0.512821 , 0.512821 , -1.459523
0.512821 , 0.538462 , -1.459416
0.512821 , 0.564103 , -1.459269
0.512821 , 0.589744 , -1.459823
0.512821 , 0.615385 , -1.460042
0.512821 , 0.641026 , -1.461887
0.512821 , 0.666667 , -1.464686
0.512821 , 0.692308 , -1.466778
0.512821 , 0.717949 , -1.469623
0.512821 , 0.743590 , -1.472453
0.512821 , 0.769231 , -1.475306
0.512821 , 0.794872 , -1.479408
0.512821 , 0.820513 , -1.483755
0.512821 , 0.846154 , -1.487563
0.512821 , 0.871795 , -1.491701
0.512821 , 0.897436 , -1.496209
0.512821 , 0.923077 , -1.498235
0.512821 , 0.948718 , -1.499014
0.512821 , 0.974359 , -1.501022
0.512821 , 1.000000 , -1.501630
0.538462 , 0.000000 , -1.366268
0.538462 , 0.025641 , -1.366909
0.538462 , 0.051282 , -1.368088
0.538462 , 0.076923 , -1.370605
0.538462 , 0.102564 , -1.373280
0.538462 , 0.128205 , -1.376729
0.538462 , 0.153846 , -1.380362
0.538462 , 0.179487 , -1.384238
0.538462 , 0.205128 , -1.387916
0.538462 , 0.230769 , -1.390844
0.538462 , 0.256410 , -1.392817
0.538462 , 0.282051 , -1.393193
0.538462 , 0.307692 , -1.392612
0.538462 , 0.333333 , -1.392561
0.538462 , 0.358974 , -1.391897
0.538462 , 0.384615 , -1.390495
0.538462 , 0.410256 , -1.388713
0.538462 , 0.435897 , -1.386331
0.538462 , 0.461538 , -1.384214
0.538462 , 0.487179 , -1.381617
0.538462 , 0.512821 , -1.378735
0.538462 , 0.538462 , -1.376535
0.538462 , 0.564103 , -1.374029
0.538462 , 0.589744 , -1.372521
0.538462 , 0.615385 , -1.371357
0.538462 , 0.641026 , -1.371338
0.538462 , 0.666667 , -1.372345
0.538462 , 0.692308 , -1.372861
0.538462 , 0.717949 , -1.374054
0.538462 , 0.743590 , -1.375230
0.538462 , 0.769231 , -1.376806
0.538462 , 0.794872 , -1.380181
0.538462 , 0.820513 , -1.384268
0.538462 , 0.846154 , -1.387401
0.538462 , 0.871795 , -1.391278
0.538462 , 0.897436 , -1.395585
0.538462 , 0.923077 , -1.397694
0.538462 , 0.948718 , -1.398858
0.538462 , 0.974359 , -1.400869
0.538462 , 1.000000 , -1.400905
0.564103 , 0.000000 , -1.300614
0.564103 , 0.025641 , -1.301232
0.564103 , 0.051282 , -1.303168
0.564103 , 0.076923 , -1.305901
0.564103 , 0.102564 , -1.308733
0.564103 , 0.128205 , -1.312337
0.564103 , 0.153846 , -1.316075
0.564103 , 0.179487 , -1.319676
0.564103 , 0.205128 , -1.323174
0.564103 , 0.230769 , -1.325633
0.564103 , 0.256410 , -1.327443
0.564103 , 0.282051 , -1.327810
0.564103 , 0.307692 , -1.327017
0.564103 , 0.333333 , -1.326415
0.564103 , 0.358974 , -1.324603
0.564103 , 0.384615 , -1.321532
0.564103 , 0.410256 , -1.317779
0.564103 , 0.435897 , -1.314214
0.564103 , 0.461538 , -1.310616
0.564103 , 0.487179 , -1.306437
0.564103 , 0.512821 , -1.301976
0.564103 , 0.538462 , -1.297484
0.564103 , 0.564103 , -1.293262
0.564103 , 0.589744 , -1.289537
0.564103 , 0.615385 , -1.286868
0.564103 , 0.641026 , -1.284896
0.564103 , 0.666667 , -1.284013
0.564103 , 0.692308 , -1.283048
0.564103 , 0.717949 , -1.282343
0.564103 , 0.743590 , -1.282404
0.564103 , 0.769231 , -1.282679
0.564103 , 0.794872 , -1.285101
0.564103 , 0.820513 , -1.288222
0.564103 , 0.846154 , -1.291451
0.564103 , 0.871795 , -1.294759
0.564103 , 0.897436 , -1.298773
0.564103 , 0.923077 , -1.300778
0.564103 , 0.948718 , -1.302063
0.564103 , 0.974359 , -1.304050
0.564103 , 1.000000 , -1.304351
0.589744 , 0.000000 , -1.239019
0.589744 , 0.025641 , -1.239249
0.589744 , 0.051282 , -1.242169
0.589744 , 0.076923 , -1.244842
0.589744 , 0.102564 , -1.248189
0.589744 , 0.128205 , -1.252021
0.589744 , 0.153846 , -1.255518
0.589744 , 0.179487 , -1.258778
0.589744 , 0.205128 , -1.261687
0.589744 , 0.230769 , -1.263947
0.589744 , 0.256410 , -1.265699
0.589744 , 0.282051 , -1.265818
0.589744 , 0.307692 , -1.264392
0.589744 , 0.333333 , -1.263423
0.589744 , 0.358974 , -1.260467
0.589744 , 0.384615 , -1.256784
0.589744 , 0.410256 , -1.251884
0.589744 , 0.435897 , -1.246753
0.589744 , 0.461538 , -1.240804
0.589744 , 0.487179 , -1.235049
0.589744 , 0.512821 , -1.228837
0.589744 , 0.538462 , -1.222798
0.589744 , 0.564103 , -1.216839
0.589744 , 0.589744 , -1.211356
0.589744 , 0.615385 , -1.206821
0.589744 , 0.641026 , -1.203108
0.589744 , 0.666667 , -1.199989
0.589744 , 0.692308 , -1.197249
0.589744 , 0.717949 , -1.194500
0.589744 , 0.743590 , -1.193389
0.589744 , 0.769231 , -1.193056
0.589744 , 0.794872 , -1.194734
0.589744 , 0.820513 , -1.197256
0.589744 , 0.846154 , -1.199597
0.589744 , 0.871795 , -1.202612
0.589744 , 0.897436 , -1.205775
0.589744 , 0.923077 , -1.208022
0.589744 , 0.948718 , -1.209043
0.589744 , 0.974359 , -1.210797
0.589744 , 1.000000 , -1.211297
0.615385 , 0.000000 , -1.180919
0.615385 , 0.025641 , -1.181594
0.615385 , 0.051282 , -1.184450
0.615385 , 0.076923 , -1.187733
0.615385 , 0.102564 , -1.190874
0.615385 , 0.128205 , -1.194720
0.615385 , 0.153846 , -1.197917
0.615385 , 0.179487 , -1.200758
0.615385 , 0.205128 , -1.203443
0.615385 , 0.230769 , -1.205426
0.615385 , 0.256410 , -1.206676
0.615385 , 0.282051 , -1.206283
0.615385 , 0.307692 , -1.204808
0.615385 , 0.333333 , -1.202900
0.615385 , 0.358974 , -1.199761
0.615385 , 0.384615 , -1.195174
0.615385 , 0.410256 , -1.189678
0.615385 , 0.435897 , -1.183456
0.615385 , 0.461538 , -1.175611
0.615385 , 0.487179 , -1.167899
0.615385 , 0.512821 , -1.160487
0.615385 , 0.538462 , -1.153158
0.615385 , 0.564103 , -1.145365
0.615385 , 0.589744 , -1.137805
0.615385 , 0.615385 , -1.131409
0.615385 , 0.641026 , -1.126165
0.615385 , 0.666667 , -1.121171
0.615385 , 0.692308 , -1.116520
0.615385 , 0.717949 , -1.112114
0.615385 , 0.743590 , -1.108918
0.615385 , 0.769231 , -1.107334
0.615385 , 0.794872 , -1.108408
0.615385 , 0.820513 , -1.110080
0.615385 , 0.846154 , -1.111798
0.615385 , 0.871795 , -1.114474
0.615385 , 0.897436 , -1.116497
0.615385 , 0.923077 , -1.118782
0.615385 , 0.948718 , -1.120522
0.615385 , 0.974359 , -1.121664
0.615385 , 1.000000 , -1.122540
0.641026 , 0.000000 , -1.126942
0.641026 , 0.025641 , -1.127153
0.641026 , 0.051282 , -1.129703
0.641026 , 0.076923 , -1.133547
0.641026 , 0.102564 , -1.136259
0.641026 , 0.128205 , -1.139581
0.641026 , 0.153846 , -1.143012
0.641026 , 0.179487 , -1.146555
0.641026 , 0.205128 , -1.148399
0.641026 , 0.230769 , -1.150344
0.641026 , 0.256410 , -1.149792
0.641026 , 0.282051 , -1.148406
0.641026 , 0.307692 , -1.147228
0.641026 , 0.333333 , -1.145354
0.641026 , 0.358974 , -1.142198
0.641026 , 0.384615 , -1.137012
0.641026 , 0.410256 , -1.131462
0.641026 , 0.435897 , -1.123907
0.641026 , 0.461538 , -1.114704
0.641026 , 0.487179 , -1.105083
0.641026 , 0.512821 , -1.095945
0.641026 , 0.538462 , -1.087483
0.641026 , 0.564103 , -1.078318
0.641026 , 0.589744 , -1.068489
0.641026 , 0.615385 , -1.059816
0.641026 , 0.641026 , -1.052685
0.641026 , 0.666667 , -1.046146
0.641026 , 0.692308 , -1.039893
0.641026 , 0.717949 , -1.034333
0.641026 , 0.743590 , -1.029720
0.641026 , 0.769231 , -1.026961
0.641026 , 0.794872 , -1.026317
0.641026 , 0.820513 , -1.027291
0.641026 , 0.846154 , -1.028426
0.641026 , 0.871795 , -1.030481
0.641026 , 0.897436 , -1.032438
0.641026 , 0.923077 , -1.034193
0.641026 , 0.948718 , -1.035891
0.641026 , 0.974359 , -1.036706
0.641026 , 1.000000 , -1.037335
0.666667 , 0.000000 , -1.076502
0.666667 , 0.025641 , -1.076512
0.666667 , 0.051282 , -1.078286
0.666667 , 0.076923 , -1.082058
0.666667 , 0.102564 , -1.084830
0.666667 , 0.128205 , -1.088070
0.666667 , 0.153846 , -1.091634
0.666667 , 0.179487 , -1.095190
0.666667 , 0.205128 , -1.097203
0.666667 , 0.230769 , -1.098358
0.666667 , 0.256410 , -1.096990
0.666667 , 0.282051 , -1.094546
0.666667 , 0.307692 , -1.092733
0.666667 , 0.333333 , -1.090184
0.666667 , 0.358974 , -1.087143
0.666667 , 0.384615 , -1.081403
0.666667 , 0.410256 , -1.075437
0.666667 , 0.435897 , -1.067244
0.666667 , 0.461538 , -1.057007
0.666667 , 0.487179 , -1.046484
0.666667 , 0.512821 , -1.036088
0.666667 , 0.538462 , -1.025935
0.666667 , 0.564103 , -1.015786
0.666667 , 0.589744 , -1.004679
0.666667 , 0.615385 , -0.994108
0.666667 , 0.641026 , -0.984907
0.666667 , 0.666667 , -0.977175
0.666667 , 0.692308 , -0.969422
0.666667 , 0.717949 , -0.962359
0.666667 , 0.743590 , -0.957008
0.666667 , 0.769231 , -0.952508
0.666667 , 0.794872 , -0.950083
0.666667 , 0.820513 , -0.949504
0.666667 , 0.846154 , -0.950291
0.666667 , 0.871795 , -0.951563
0.666667 , 0.897436 , -0.953417
0.666667 , 0.923077 , -0.954714
0.666667 , 0.948718 , -0.955465
0.666667 , 0.974359 , -0.956460
0.666667 , 1.000000 , -0.956751
0.692308 , 0.000000 , -1.029456
0.692308 , 0.025641 , -1.029459
0.692308 , 0.051282 , -1.030807
0.692308 , 0.076923 , -1.033718
0.692308 , 0.102564 , -1.037120
0.692308 , 0.128205 , -1.040858
0.692308 , 0.153846 , -1.044211
0.692308 , 0.179487 , -1.047104
0.692308 , 0.205128 , -1.049211
0.692308 , 0.230769 , -1.050220
0.692308 , 0.256410 , -1.048314
0.692308 , 0.282051 , -1.045611
0.692308 , 0.307692 , -1.042978
0.692308 , 0.333333 , -1.040198
0.692308 , 0.358974 , -1.036068
0.692308 , 0.384615 , -1.029973
0.692308 , 0.410256 , -1.023279
0.692308 , 0.435897 , -1.014225
0.692308 , 0.461538 , -1.003311
0.692308 , 0.487179 , -0.991975
0.692308 , 0.512821 , -0.980920
0.692308 , 0.538462 , -0.969302
0.692308 , 0.564103 , -0.957819
0.692308 , 0.589744 , -0.945348
0.692308 , 0.615385 , -0.933049
0.692308 , 0.641026 , -0.921993
0.692308 , 0.666667 , -0.913111
0.692308 , 0.692308 , -0.904936
0.692308 , 0.717949 , -0.895879
0.692308 , 0.743590 , -0.888665
0.692308 , 0.769231 , -0.883709
0.692308 , 0.794872 , -0.880183
0.692308 , 0.820513 , -0.878685
0.692308 , 0.846154 , -0.877683
0.692308 , 0.871795 , -0.878732
0.692308 , 0.897436 , -0.880274
0.692308 , 0.923077 , -0.881120
0.692308 , 0.948718 , -0.881838
0.692308 , 0.974359 , -0.882118
0.692308 , 1.000000 , -0.881974
0.717949 , 0.000000 , -0.985923
0.717949 , 0.025641 , -0.986079
0.717949 , 0.051282 , -0.987396
0.717949 , 0.076923 , -0.989673
0.717949 , 0.102564 , -0.993140
0.717949 , 0.128205 , -0.996771
0.717949 , 0.153846 , -0.999751
0.717949 , 0.179487 , -1.001369
0.717949 , 0.205128 , -1.003527
0.717949 , 0.230769 , -1.005462
0.717949 , 0.256410 , -1.003623
0.717949 , 0.282051 , -1.000967
0.717949 , 0.307692 , -0.997929
0.717949 , 0.333333 , -0.993890
0.717949 , 0.358974 , -0.988759
0.717949 , 0.384615 , -0.982094
0.717949 , 0.410256 , -0.974799
0.717949 , 0.435897 , -0.965504
0.717949 , 0.461538 , -0.954212
0.717949 , 0.487179 , -0.942164
0.717949 , 0.512821 , -0.930270
0.717949 , 0.538462 , -0.917651
0.717949 , 0.564103 , -0.904772
0.717949 , 0.589744 , -0.891695
0.717949 , 0.615385 , -0.877946
0.717949 , 0.641026 , -0.865306
0.717949 , 0.666667 , -0.854390
0.717949 , 0.692308 , -0.844687
0.717949 , 0.717949 , -0.835343
0.717949 , 0.743590 , -0.827135
0.717949 , 0.769231 , -0.820607
0.717949 , 0.794872 , -0.815896
0.717949 , 0.820513 , -0.813294
0.717949 , 0.846154 , -0.811083
0.717949 , 0.871795 , -0.810899
0.717949 , 0.897436 , -0.812149
0.717949 , 0.923077 , -0.813201
0.717949 , 0.948718 , -0.813439
0.717949 , 0.974359 , -0.813852
0.717949 , 1.000000 , -0.813379
0.743590 , 0.000000 , -0.945905
0.743590 , 0.025641 , -0.946057
0.743590 , 0.051282 , -0.947602
0.743590 , 0.076923 , -0.949863
0.743590 , 0.102564 , -0.953253
0.743590 , 0.128205 , -0.956099
0.743590 , 0.153846 , -0.958617
0.743590 , 0.179487 , -0.959502
0.743590 , 0.205128 , -0.961378
0.743590 , 0.230769 , -0.963679
0.743590 , 0.256410 , -0.961800
0.743590 , 0.282051 , -0.959116
0.743590 , 0.307692 , -0.956096
0.743590 , 0.333333 , -0.951521
0.743590 , 0.358974 , -0.945892
0.743590 , 0.384615 , -0.938501
0.743590 , 0.410256 , -0.930249
0.743590 , 0.435897 , -0.920615
0.743590 , 0.461538 , -0.909245
0.743590 , 0.487179 , -0.896818
0.743590 , 0.512821 , -0.883781
0.743590 , 0.538462 , -0.870481
0.743590 , 0.564103 , -0.857038
0.743590 , 0.589744 , -0.843537
0.743590 , 0.615385 , -0.829035
0.743590 , 0.641026 , -0.814393
0.743590 , 0.666667 , -0.802073
0.743590 , 0.692308 , -0.791026
0.743590 , 0.717949 , -0.780735
0.743590 , 0.743590 , -0.771600
0.743590 , 0.769231 , -0.763878
0.743590 , 0.794872 , -0.757139
0.743590 , 0.820513 , -0.752719
0.743590 , 0.846154 , -0.750339
0.743590 , 0.871795 , -0.749646
0.743590 , 0.897436 , -0.749790
0.743590 , 0.923077 , -0.750197
0.743590 , 0.948718 , -0.750579
0.743590 , 0.974359 , -0.751017
0.743590 , 1.000000 , -0.751012
0.769231 , 0.000000 , -0.909663
0.769231 , 0.025641 , -0.909395
0.769231 , 0.051282 , -0.911009
0.769231 , 0.076923 , -0.913013
0.769231 , 0.102564 , -0.915894
0.769231 , 0.128205 , -0.918119
0.769231 , 0.153846 , -0.920884
0.769231 , 0.179487 , -0.922092
0.769231 , 0.205128 , -0.923489
0.769231 , 0.230769 , -0.925558
0.769231 , 0.256410 , -0.924089
0.769231 , 0.282051 , -0.921725
0.769231 , 0.307692 , -0.917124
0.769231 , 0.333333 , -0.911630
0.769231 , 0.358974 , -0.905729
0.769231 , 0.384615 , -0.898465
0.769231 , 0.410256 , -0.889941
0.769231 , 0.435897 , -0.879158
0.769231 , 0.461538 , -0.867868
0.769231 , 0.487179 , -0.854882
0.769231 , 0.512821 , -0.840892
0.769231 , 0.538462 , -0.827033
0.769231 , 0.564103 , -0.813715
0.769231 , 0.589744 , -0.799231
0.769231 , 0.615385 , -0.784726
0.769231 , 0.641026 , -0.769958
0.769231 , 0.666667 , -0.756800
0.769231 , 0.692308 , -0.744512
0.769231 , 0.717949 , -0.732843
0.769231 , 0.743590 , -0.722202
0.769231 , 0.769231 , -0.712311
0.769231 , 0.794872 , -0.704762
0.769231 , 0.820513 , -0.699169
0.769231 , 0.846154 , -0.695778
0.769231 , 0.871795 , -0.695296
0.769231 , 0.897436 , -0.694611
0.769231 , 0.923077 , -0.694362
0.769231 , 0.948718 , -0.694633
0.769231 , 0.974359 , -0.695562
0.769231 , 1.000000 , -0.695712
0.794872 , 0.000000 , -0.877008
0.794872 , 0.025641 , -0.877094
0.794872 , 0.051282 , -0.877784
0.794872 , 0.076923 , -0.879749
0.794872 , 0.102564 , -0.881631
0.794872 , 0.128205 , -0.883515
0.794872 , 0.153846 , -0.886123
0.794872 , 0.179487 , -0.888915
0.794872 , 0.205128 , -0.890441
0.794872 , 0.230769 , -0.890646
0.794872 , 0.256410 , -0.888382
0.794872 , 0.282051 , -0.885869
0.794872 , 0.307692 , -0.881873
0.794872 , 0.333333 , -0.876146
0.794872 , 0.358974 , -0.869289
0.794872 , 0.384615 , -0.861324
0.794872 , 0.410256 , -0.852635
0.794872 , 0.435897 , -0.841606
0.794872 , 0.461538 , -0.830112
0.794872 , 0.487179 , -0.816728
0.794872 , 0.512821 , -0.802568
0.794872 , 0.538462 , -0.788287
0.794872 , 0.564103 , -0.774648
0.794872 , 0.589744 , -0.759305
0.794872 , 0.615385 , -0.744560
0.794872 , 0.641026 , -0.730782
0.794872 , 0.666667 , -0.717370
0.794872 , 0.692308 , -0.704146
0.794872 , 0.717949 , -0.691350
0.794872 , 0.743590 , -0.679574
0.794872 , 0.769231 , -0.667989
0.794872 , 0.794872 , -0.658700
0.794872 , 0.820513 , -0.653142
0.794872 , 0.846154 , -0.649349
0.794872 , 0.871795 , -0.648117
0.794872 , 0.897436 , -0.646724
0.794872 , 0.923077 , -0.645846
0.794872 , 0.948718 , -0.646073
0.794872 , 0.974359 , -0.646547
0.794872 , 1.000000 , -0.646011
0.820513 , 0.000000 , -0.847695
0.820513 , 0.025641 , -0.847668
0.820513 , 0.051282 , -0.848589
0.820513 , 0.076923 , -0.849945
0.820513 , 0.102564 , -0.851827
0.820513 , 0.128205 , -0.853165
0.820513 , 0.153846 , -0.855605
0.820513 , 0.179487 , -0.858096
0.820513 , 0.205128 , -0.859439
0.820513 , 0.230769 , -0.858676
0.820513 , 0.256410 , -0.855921
0.820513 , 0.282051 , -0.852352
0.820513 , 0.307692 , -0.848338
0.820513 , 0.333333 , -0.843866
0.820513 , 0.358974 , -0.836715
0.820513 , 0.384615 , -0.828497
0.820513 , 0.410256 , -0.819598
0.820513 , 0.435897 , -0.808151
0.820513 , 0.461538 , -0.796036
0.820513 , 0.487179 , -0.782874
0.820513 , 0.512821 , -0.768815
0.820513 , 0.538462 , -0.754573
0.820513 , 0.564103 , -0.740070
0.820513 , 0.589744 , -0.724557
0.820513 , 0.615385 , -0.709308
0.820513 , 0.641026 , -0.695666
0.820513 , 0.666667 , -0.681830
0.820513 , 0.692308 , -0.667736
0.820513 , 0.717949 , -0.654560
0.820513 , 0.743590 , -0.642296
0.820513 , 0.769231 , -0.630804
0.820513 , 0.794872 , -0.620865
0.820513 , 0.820513 , -0.614106
0.820513 , 0.846154 , -0.609852
0.820513 , 0.871795 , -0.606737
0.820513 , 0.897436 , -0.603937
0.820513 , 0.923077 , -0.602591
0.820513 , 0.948718 , -0.602720
0.820513 , 0.974359 , -0.602876
0.820513 , 1.000000 , -0.602827
0.846154 , 0.000000 , -0.821927
0.846154 , 0.025641 , -0.821831
0.846154 , 0.051282 , -0.822256
0.846154 , 0.076923 , -0.823846
0.846154 , 0.102564 , -0.825107
0.846154 , 0.128205 , -0.826912
0.846154 , 0.153846 , -0.828328
0.846154 , 0.179487 , -0.830496
0.846154 , 0.205128 , -0.831735
0.846154 , 0.230769 , -0.830371
0.846154 , 0.256410 , -0.827305
0.846154 , 0.282051 , -0.823596
0.846154 , 0.307692 , -0.820253
0.846154 , 0.333333 , -0.814814
0.846154 , 0.358974 , -0.807100
0.846154 , 0.384615 , -0.798648
0.846154 , 0.410256 , -0.789566
0.846154 , 0.435897 , -0.778815
0.846154 , 0.461538 , -0.766125
0.846154 , 0.487179 , -0.752853
0.846154 , 0.512821 , -0.738973
0.846154 , 0.538462 , -0.724483
0.846154 , 0.564103 , -0.709227
0.846154 , 0.589744 , -0.694249
0.846154 , 0.615385 , -0.679707
0.846154 , 0.641026 , -0.665092
0.846154 , 0.666667 , -0.650857
0.846154 , 0.692308 , -0.636417
0.846154 , 0.717949 , -0.622465
0.846154 , 0.743590 , -0.609550
0.846154 , 0.769231 , -0.597878
0.846154 , 0.794872 , -0.588172
0.846154 , 0.820513 , -0.580267
0.846154 , 0.846154 , -0.574622
0.846154 , 0.871795 , -0.570696
0.846154 , 0.897436 , -0.567488
0.846154 , 0.923077 , -0.565552
0.846154 , 0.948718 , -0.565539
0.846154 , 0.974359 , -0.564631
0.846154 , 1.000000 , -0.564427
0.871795 , 0.000000 , -0.799408
0.871795 , 0.025641 , -0.799786
0.871795 , 0.051282 , -0.800048
0.871795 , 0.076923 , -0.801108
0.871795 , 0.102564 , -0.802486
0.871795 , 0.128205 , -0.803555
0.871795 , 0.153846 , -0.804576
0.871795 , 0.179487 , -0.805890
0.871795 , 0.205128 , -0.806881
0.871795 , 0.230769 , -0.805323
0.871795 , 0.256410 , -0.802071
0.871795 , 0.282051 , -0.798707
0.871795 , 0.307692 , -0.795285
0.871795 , 0.333333 , -0.789418
0.871795 , 0.358974 , -0.781778
0.871795 , 0.384615 , -0.773492
0.871795 , 0.410256 , -0.763771
0.871795 , 0.435897 , -0.752812
0.871795 , 0.461538 , -0.740421
0.871795 , 0.487179 , -0.727221
0.871795 , 0.512821 , -0.713682
0.871795 , 0.538462 , -0.699073
0.871795 , 0.564103 , -0.684076
0.871795 , 0.589744 , -0.669274
0.871795 , 0.615385 , -0.654667
0.871795 , 0.641026 , -0.639609
0.871795 , 0.666667 , -0.624274
0.871795 , 0.692308 , -0.609114
0.871795 , 0.717949 , -0.595272
0.871795 , 0.743590 , -0.582031
0.871795 , 0.769231 , -0.571057
0.871795 , 0.794872 , -0.561888
0.871795 , 0.820513 , -0.553277
0.871795 , 0.846154 , -0.545615
0.871795 , 0.871795 , -0.540178
0.871795 , 0.897436 , -0.536723
0.871795 , 0.923077 , -0.534777
0.871795 , 0.948718 , -0.534016
0.871795 , 0.974359 , -0.533022
0.871795 , 1.000000 , -0.532256
0.897436 , 0.000000 , -0.781243
0.897436 , 0.025641 , -0.781458
0.897436 , 0.051282 , -0.781600
0.897436 , 0.076923 , -0.782571
0.897436 , 0.102564 , -0.783231
0.897436 , 0.128205 , -0.784204
0.897436 , 0.153846 , -0.784978
0.897436 , 0.179487 , -0.785800
0.897436 , 0.205128 , -0.785518
0.897436 , 0.230769 , -0.783995
0.897436 , 0.256410 , -0.780725
0.897436 , 0.282051 , -0.776973
0.897436 , 0.307692 , -0.773576
0.897436 , 0.333333 , -0.768015
0.897436 , 0.358974 , -0.761105
0.897436 , 0.384615 , -0.752888
0.897436 , 0.410256 , -0.742985
0.897436 , 0.435897 , -0.731411
0.897436 , 0.461538 , -0.718456
0.897436 , 0.487179 , -0.705823
0.897436 , 0.512821 , -0.692897
0.897436 , 0.538462 , -0.678586
0.897436 , 0.564103 , -0.663371
0.897436 , 0.589744 , -0.648682
0.897436 , 0.615385 , -0.633970
0.897436 , 0.641026 , -0.619727
0.897436 , 0.666667 , -0.604270
0.897436 , 0.692308 , -0.589256
0.897436 , 0.717949 , -0.575090
0.897436 , 0.743590 , -0.561662
0.897436 , 0.769231 , -0.550194
0.897436 , 0.794872 , -0.540384
0.897436 , 0.820513 , -0.530789
0.897436 , 0.846154 , -0.522551
0.897436 , 0.871795 , -0.516406
0.897436 , 0.897436 , -0.511949
0.897436 , 0.923077 , -0.509515
0.897436 , 0.948718 , -0.508527
0.897436 , 0.974359 , -0.507805
0.897436 , 1.000000 , -0.507085
0.923077 , 0.000000 , -0.768007
0.923077 , 0.025641 , -0.767679
0.923077 , 0.051282 , -0.767189
0.923077 , 0.076923 , -0.767765
0.923077 , 0.102564 , -0.768240
0.923077 , 0.128205 , -0.768744
0.923077 , 0.153846 , -0.769788
0.923077 , 0.179487 , -0.770132
0.923077 , 0.205128 , -0.768957
0.923077 , 0.230769 , -0.766413
0.923077 , 0.256410 , -0.763087
0.923077 , 0.282051 , -0.760377
0.923077 , 0.307692 , -0.756985
0.923077 , 0.333333 , -0.751144
0.923077 , 0.358974 , -0.744319
0.923077 , 0.384615 , -0.735937
0.923077 , 0.410256 , -0.725726
0.923077 , 0.435897 , -0.714591
0.923077 , 0.461538 , -0.701814
0.923077 , 0.487179 , -0.689322
0.923077 , 0.512821 , -0.676767
0.923077 , 0.538462 , -0.662775
0.923077 , 0.564103 , -0.648443
0.923077 , 0.589744 , -0.633799
0.923077 , 0.615385 , -0.619236
0.923077 , 0.641026 , -0.604703
0.923077 , 0.666667 , -0.589433
0.923077 , 0.692308 , -0.574304
0.923077 , 0.717949 , -0.560245
0.923077 , 0.743590 , -0.546363
0.923077 , 0.769231 , -0.533943
0.923077 , 0.794872 , -0.523465
0.923077 , 0.820513 , -0.513681
0.923077 , 0.846154 , -0.505520
0.923077 , 0.871795 , -0.498940
0.923077 , 0.897436 , -0.494294
0.923077 , 0.923077 , -0.491580
0.923077 , 0.948718 , -0.489695
0.923077 , 0.974359 , -0.488469
0.923077 , 1.000000 , -0.487728
0.948718 , 0.000000 , -0.758293
0.948718 , 0.025641 , -0.758107
0.948718 , 0.051282 , -0.757452
0.948718 , 0.076923 , -0.756981
0.948718 , 0.102564 , -0.757173
0.948718 , 0.128205 , -0.757347
0.948718 , 0.153846 , -0.757864
0.948718 , 0.179487 , -0.758339
0.948718 , 0.205128 , -0.757533
0.948718 , 0.230769 , -0.755530
0.948718 , 0.256410 , -0.752254
0.948718 , 0.282051 , -0.748944
0.948718 , 0.307692 , -0.744780
0.948718 , 0.333333 , -0.738226
0.948718 , 0.358974 , -0.730962
0.948718 , 0.384615 , -0.722817
0.948718 , 0.410256 , -0.713439
0.948718 , 0.435897 , -0.702701
0.948718 , 0.461538 , -0.690587
0.948718 , 0.487179 , -0.678091
0.948718 , 0.512821 , -0.665285
0.948718 , 0.538462 , -0.651547
0.948718 , 0.564103 , -0.637570
0.948718 , 0.589744 , -0.622891
0.948718 , 0.615385 , -0.608432
0.948718 , 0.641026 , -0.593909
0.948718 , 0.666667 , -0.579196
0.948718 , 0.692308 , -0.564067
0.948718 , 0.717949 , -0.549972
0.948718 , 0.743590 , -0.536164
0.948718 , 0.769231 , -0.523319
0.948718 , 0.794872 , -0.512041
0.948718 , 0.820513 , -0.502442
0.948718 , 0.846154 , -0.494349
0.948718 , 0.871795 , -0.487547
0.948718 , 0.897436 , -0.482655
0.948718 , 0.923077 , -0.479277
0.948718 , 0.948718 , -0.476822
0.948718 , 0.974359 , -0.474928
0.948718 , 1.000000 , -0.474110
0.974359 , 0.000000 , -0.752012
0.974359 , 0.025641 , -0.751991
0.974359 , 0.051282 , -0.751314
0.974359 , 0.076923 , -0.750611
0.974359 , 0.102564 , -0.750724
0.974359 , 0.128205 , -0.750397
0.974359 , 0.153846 , -0.750731
0.974359 , 0.179487 , -0.751074
0.974359 , 0.205128 , -0.750199
0.974359 , 0.230769 , -0.748090
0.974359 , 0.256410 , -0.744724
0.974359 , 0.282051 , -0.741249
0.974359 , 0.307692 , -0.737002
0.974359 , 0.333333 , -0.730593
0.974359 , 0.358974 , -0.723087
0.974359 , 0.384615 , -0.714695
0.974359 , 0.410256 , -0.705176
0.974359 , 0.435897 , -0.694524
0.974359 , 0.461538 , -0.682860
0.974359 , 0.487179 , -0.670837
0.974359 , 0.512821 , -0.657943
0.974359 , 0.538462 , -0.644936
0.974359 , 0.564103 , -0.631282
0.974359 , 0.589744 , -0.616754
0.974359 , 0.615385 , -0.602158
0.974359 , 0.641026 , -0.587584
0.974359 , 0.666667 , -0.573044
0.974359 , 0.692308 , -0.558720
0.974359 , 0.717949 , -0.544305
0.974359 , 0.743590 , -0.530373
0.974359 , 0.769231 , -0.517343
0.974359 , 0.794872 , -0.505837
0.974359 , 0.820513 , -0.496231
0.974359 , 0.846154 , -0.488415
0.974359 , 0.871795 , -0.481743
0.974359 , 0.897436 , -0.476337
0.974359 , 0.923077 , -0.472434
0.974359 , 0.948718 , -0.469773
0.974359 , 0.974359 , -0.467771
0.974359 , 1.000000 , -0.466771
1.000000 , 0.000000 , -0.750011
1.000000 , 0.025641 , -0.749839
1.000000 , 0.051282 , -0.749246
1.000000 , 0.076923 , -0.748566
1.000000 , 0.102564 , -0.748800
1.000000 , 0.128205 , -0.748579
1.000000 , 0.153846 , -0.748053
1.000000 , 0.179487 , -0.748199
1.000000 , 0.205128 , -0.746818
1.000000 , 0.230769 , -0.744305
1.000000 , 0.256410 , -0.741647
1.000000 , 0.282051 , -0.738476
1.000000 , 0.307692 , -0.734040
1.000000 , 0.333333 , -0.727833
1.000000 , 0.358974 , -0.720141
1.000000 , 0.384615 , -0.711463
1.000000 , 0.410256 , -0.702081
1.000000 , 0.435897 , -0.691530
1.000000 , 0.461538 , -0.680045
1.000000 , 0.487179 , -0.668277
1.000000 , 0.512821 , -0.656174
1.000000 , 0.538462 , -0.642931
1.000000 , 0.564103 , -0.629323
1.000000 , 0.589744 , -0.614915
1.000000 , 0.615385 , -0.600334
1.000000 , 0.641026 , -0.585627
1.000000 , 0.666667 , -0.570789
1.000000 , 0.692308 , -0.556786
1.000000 , 0.717949 , -0.542367
1.000000 , 0.743590 , -0.528153
1.000000 , 0.769231 , -0.515590
1.000000 , 0.794872 , -0.504057
1.000000 , 0.820513 , -0.494493
1.000000 , 0.846154 , -0.486839
1.000000 , 0.871795 , -0.480478
1.000000 , 0.897436 , -0.474743
1.000000 , 0.923077 , -0.470345
1.000000 , 0.948718 , -0.467768
1.000000 , 0.974359 , -0.465259
1.000000 , 1.000000 , -0.463254
