0.000000 , 0.000000 , -3.874333
0.000000 , 0.025641 , -3.874333
0.000000 , 0.051282 , -3.874333
0.000000 , 0.076923 , -3.874333
0.000000 , 0.102564 , -3.874333
0.000000 , 0.128205 , -3.874333
0.000000 , 0.153846 , -3.874333
0.000000 , 0.179487 , -3.874333
0.000000 , 0.205128 , -3.874333
0.000000 , 0.230769 , -3.874333
0.000000 , 0.256410 , -3.874333
0.000000 , 0.282051 , -3.874333
0.000000 , 0.307692 , -3.874333
0.000000 , 0.333333 , -3.874333
0.000000 , 0.358974 , -3.874333
0.000000 , 0.384615 , -3.874333
0.000000 , 0.410256 , -3.874333
0.000000 , 0.435897 , -3.874333
0.000000 , 0.461538 , -3.874333
0.000000 , 0.487179 , -3.874333
0.000000 , 0.512821 , -3.874333
0.000000 , 0.538462 , -3.874333
0.000000 , 0.564103 , -3.874333
0.000000 , 0.589744 , -3.874333
0.000000 , 0.615385 , -3.874333
0.000000 , 0.641026 , -3.874333
0.000000 , 0.666667 , -3.874333
0.000000 , 0.692308 , -3.874333
0.000000 , 0.717949 , -3.874333
0.000000 , 0.743590 , -3.874333
0.000000 , 0.769231 , -3.874333
0.000000 , 0.794872 , -3.874333
0.000000 , 0.820513 , -3.874333
0.000000 , 0.846154 , -3.874333
0.000000 , 0.871795 , -3.874333
0.000000 , 0.897436 , -3.874333
0.000000 , 0.923077 , -3.874333
0.000000 , 0.948718 , -3.874333
0.000000 , 0.974359 , -3.874333
0.000000 , 1.000000 , -3.874333
0.025641 , 0.000000 , -3.515457
0.025641 , 0.025641 , -3.515232
0.025641 , 0.051282 , -3.514795
0.025641 , 0.076923 , -3.514531
0.025641 , 0.102564 , -3.514790
0.025641 , 0.128205 , -3.515460
0.025641 , 0.153846 , -3.516765
0.025641 , 0.179487 , -3.519546
0.025641 , 0.205128 , -3.522388
0.025641 , 0.230769 , -3.525675
0.025641 , 0.256410 , -3.529597
0.025641 , 0.282051 , -3.535082
0.025641 , 0.307692 , -3.540021
0.025641 , 0.333333 , -3.545149
0.025641 , 0.358974 , -3.549623
0.025641 , 0.384615 , -3.554452
0.025641 , 0.410256 , -3.559726
0.025641 , 0.435897 , -3.565814
0.025641 , 0.461538 , -3.571545
0.025641 , 0.487179 , -3.577328
0.025641 , 0.512821 , -3.582660
0.025641 , 0.538462 , -3.588168
0.025641 , 0.564103 , -3.594393
0.025641 , 0.589744 , -3.600036
0.025641 , 0.615385 , -3.604817
0.025641 , 0.641026 , -3.609475
0.025641 , 0.666667 , -3.614140
0.025641 , 0.692308 , -3.619028
0.025641 , 0.717949 , -3.622764
0.025641 , 0.743590 , -3.626903
0.025641 , 0.769231 , -3.629942
0.025641 , 0.794872 , -3.632798
0.025641 , 0.820513 , -3.635031
0.025641 , 0.846154 , -3.636616
0.025641 , 0.871795 , -3.638238
0.025641 , 0.897436 , -3.639765
0.025641 , 0.923077 , -3.640698
0.025641 , 0.948718 , -3.641694
0.025641 , 0.974359 , -3.642246
0.025641 , 1.000000 , -3.642414
0.051282 , 0.000000 , -3.162194
0.051282 , 0.025641 , -3.161585
0.051282 , 0.051282 , -3.161156
0.051282 , 0.076923 , -3.161188
0.051282 , 0.102564 , -3.162246
0.051282 , 0.128205 , -3.164124
0.051282 , 0.153846 , -3.166817
0.051282 , 0.179487 , -3.171476
0.051282 , 0.205128 , -3.177400
0.051282 , 0.230769 , -3.183831
0.051282 , 0.256410 , -3.191606
0.051282 , 0.282051 , -3.200664
0.051282 , 0.307692 , -3.210320
0.051282 , 0.333333 , -3.220651
0.051282 , 0.358974 , -3.231270
0.051282 , 0.384615 , -3.241513
0.051282 , 0.410256 , -3.251816
0.051282 , 0.435897 , -3.262603
0.051282 , 0.461538 , -3.274258
0.051282 , 0.487179 , -3.285568
0.051282 , 0.512821 , -3.296907
0.051282 , 0.538462 , -3.308140
0.051282 , 0.564103 , -3.319873
0.051282 , 0.589744 , -3.331252
0.051282 , 0.615385 , -3.341383
0.051282 , 0.641026 , -3.350188
0.051282 , 0.666667 , -3.359416
0.051282 , 0.692308 , -3.368072
0.051282 , 0.717949 , -3.375750
0.051282 , 0.743590 , -3.383978
0.051282 , 0.769231 , -3.391291
0.051282 , 0.794872 , -3.396595
0.051282 , 0.820513 , -3.400906
0.051282 , 0.846154 , -3.404799
0.051282 , 0.871795 , -3.407736
0.051282 , 0.897436 , -3.410381
0.051282 , 0.923077 , -3.411813
0.051282 , 0.948718 , -3.412478
0.051282 , 0.974359 , -3.413455
0.051282 , 1.000000 , -3.414374
0.076923 , 0.000000 , -2.815367
0.076923 , 0.025641 , -2.814926
0.076923 , 0.051282 , -2.814565
0.076923 , 0.076923 , -2.815451
0.076923 , 0.102564 , -2.817361
0.076923 , 0.128205 , -2.820395
0.076923 , 0.153846 , -2.824726
0.076923 , 0.179487 , -2.831327
0.076923 , 0.205128 , -2.839721
0.076923 , 0.230769 , -2.849455
0.076923 , 0.256410 , -2.860814
0.076923 , 0.282051 , -2.873652
0.076923 , 0.307692 , -2.888020
0.076923 , 0.333333 , -2.902954
0.076923 , 0.358974 , -2.918549
0.076923 , 0.384615 , -2.934543
0.076923 , 0.410256 , -2.950340
0.076923 , 0.435897 , -2.966146
0.076923 , 0.461538 , -2.982957
0.076923 , 0.487179 , -3.000047
0.076923 , 0.512821 , -3.017136
0.076923 , 0.538462 , -3.033920
0.076923 , 0.564103 , -3.051180
0.076923 , 0.589744 , -3.067779
0.076923 , 0.615385 , -3.082681
0.076923 , 0.641026 , -3.096469
0.076923 , 0.666667 , -3.110192
0.076923 , 0.692308 , -3.123085
0.076923 , 0.717949 , -3.134654
0.076923 , 0.743590 , -3.146344
0.076923 , 0.769231 , -3.157261
0.076923 , 0.794872 , -3.165789
0.076923 , 0.820513 , -3.173093
0.076923 , 0.846154 , -3.178499
0.076923 , 0.871795 , -3.183144
0.076923 , 0.897436 , -3.186672
0.076923 , 0.923077 , -3.188910
0.076923 , 0.948718 , -3.190497
0.076923 , 0.974359 , -3.190584
0.076923 , 1.000000 , -3.190808
0.102564 , 0.000000 , -2.476214
0.102564 , 0.025641 , -2.476135
0.102564 , 0.051282 , -2.476331
0.102564 , 0.076923 , -2.478001
0.102564 , 0.102564 , -2.480756
0.102564 , 0.128205 , -2.484747
0.102564 , 0.153846 , -2.490314
0.102564 , 0.179487 , -2.498722
0.102564 , 0.205128 , -2.509966
0.102564 , 0.230769 , -2.522510
0.102564 , 0.256410 , -2.537335
0.102564 , 0.282051 , -2.553419
0.102564 , 0.307692 , -2.572646
0.102564 , 0.333333 , -2.592754
0.102564 , 0.358974 , -2.612507
0.102564 , 0.384615 , -2.632637
0.102564 , 0.410256 , -2.653694
0.102564 , 0.435897 , -2.676126
0.102564 , 0.461538 , -2.698713
0.102564 , 0.487179 , -2.721928
0.102564 , 0.512821 , -2.743916
0.102564 , 0.538462 , -2.766127
0.102564 , 0.564103 , -2.788517
0.102564 , 0.589744 , -2.810941
0.102564 , 0.615385 , -2.831184
0.102564 , 0.641026 , -2.850071
0.102564 , 0.666667 , -2.868054
0.102564 , 0.692308 , -2.884233
0.102564 , 0.717949 , -2.899377
0.102564 , 0.743590 , -2.914263
0.102564 , 0.769231 , -2.928244
0.102564 , 0.794872 , -2.940034
0.102564 , 0.820513 , -2.949896
0.102564 , 0.846154 , -2.958325
0.102564 , 0.871795 , -2.963993
0.102564 , 0.897436 , -2.968129
0.102564 , 0.923077 , -2.971562
0.102564 , 0.948718 , -2.973679
0.102564 , 0.974359 , -2.974850
0.102564 , 1.000000 , -2.973921
0.128205 , 0.000000 , -2.145595
0.128205 , 0.025641 , -2.145992
0.128205 , 0.051282 , -2.146915
0.128205 , 0.076923 , -2.148809
0.128205 , 0.102564 , -2.152193
0.128205 , 0.128205 , -2.157181
0.128205 , 0.153846 , -2.164617
0.128205 , 0.179487 , -2.174588
0.128205 , 0.205128 , -2.187768
0.128205 , 0.230769 , -2.203366
0.128205 , 0.256410 , -2.221140
0.128205 , 0.282051 , -2.240979
0.128205 , 0.307692 , -2.263437
0.128205 , 0.333333 , -2.287643
0.128205 , 0.358974 , -2.312050
0.128205 , 0.384615 , -2.337117
0.128205 , 0.410256 , -2.364199
0.128205 , 0.435897 , -2.392913
0.128205 , 0.461538 , -2.421789
0.128205 , 0.487179 , -2.450571
0.128205 , 0.512821 , -2.478294
0.128205 , 0.538462 , -2.505133
0.128205 , 0.564103 , -2.532540
0.128205 , 0.589744 , -2.560320
0.128205 , 0.615385 , -2.586443
0.128205 , 0.641026 , -2.610558
0.128205 , 0.666667 , -2.632661
0.128205 , 0.692308 , -2.653029
0.128205 , 0.717949 , -2.671742
0.128205 , 0.743590 , -2.689831
0.128205 , 0.769231 , -2.706748
0.128205 , 0.794872 , -2.721683
0.128205 , 0.820513 , -2.733939
0.128205 , 0.846154 , -2.744650
0.128205 , 0.871795 , -2.751601
0.128205 , 0.897436 , -2.756541
0.128205 , 0.923077 , -2.760758
0.128205 , 0.948718 , -2.764240
0.128205 , 0.974359 , -2.766901
0.128205 , 1.000000 , -2.767058
0.153846 , 0.000000 , -1.823903
0.153846 , 0.025641 , -1.824185
0.153846 , 0.051282 , -1.826172
0.153846 , 0.076923 , -1.828751
0.153846 , 0.102564 , -1.832492
0.153846 , 0.128205 , -1.838607
0.153846 , 0.153846 , -1.847494
0.153846 , 0.179487 , -1.859503
0.153846 , 0.205128 , -1.874399
0.153846 , 0.230769 , -1.892348
0.153846 , 0.256410 , -1.913041
0.153846 , 0.282051 , -1.936559
0.153846 , 0.307692 , -1.962804
0.153846 , 0.333333 , -1.990541
0.153846 , 0.358974 , -2.019537
0.153846 , 0.384615 , -2.049569
0.153846 , 0.410256 , -2.082684
0.153846 , 0.435897 , -2.117311
0.153846 , 0.461538 , -2.151410
0.153846 , 0.487179 , -2.185940
0.153846 , 0.512821 , -2.218576
0.153846 , 0.538462 , -2.250723
0.153846 , 0.564103 , -2.283193
0.153846 , 0.589744 , -2.315668
0.153846 , 0.615385 , -2.347089
0.153846 , 0.641026 , -2.376204
0.153846 , 0.666667 , -2.403316
0.153846 , 0.692308 , -2.428123
0.153846 , 0.717949 , -2.451008
0.153846 , 0.743590 , -2.472618
0.153846 , 0.769231 , -2.492897
0.153846 , 0.794872 , -2.510484
0.153846 , 0.820513 , -2.525452
0.153846 , 0.846154 , -2.537728
0.153846 , 0.871795 , -2.546853
0.153846 , 0.897436 , -2.553151
0.153846 , 0.923077 , -2.558245
0.153846 , 0.948718 , -2.562287
0.153846 , 0.974359 , -2.565422
0.153846 , 1.000000 , -2.566116
0.179487 , 0.000000 , -1.508861
0.179487 , 0.025641 , -1.509671
0.179487 , 0.051282 , -1.512221
0.179487 , 0.076923 , -1.516383
0.179487 , 0.102564 , -1.521395
0.179487 , 0.128205 , -1.528777
0.179487 , 0.153846 , -1.538800
0.179487 , 0.179487 , -1.552581
0.179487 , 0.205128 , -1.569802
0.179487 , 0.230769 , -1.590462
0.179487 , 0.256410 , -1.614083
0.179487 , 0.282051 , -1.640613
0.179487 , 0.307692 , -1.670202
0.179487 , 0.333333 , -1.701855
0.179487 , 0.358974 , -1.734966
0.179487 , 0.384615 , -1.770618
0.179487 , 0.410256 , -1.808720
0.179487 , 0.435897 , -1.849382
0.179487 , 0.461538 , -1.888634
0.179487 , 0.487179 , -1.927935
0.179487 , 0.512821 , -1.966051
0.179487 , 0.538462 , -2.003316
0.179487 , 0.564103 , -2.040746
0.179487 , 0.589744 , -2.077192
0.179487 , 0.615385 , -2.113238
0.179487 , 0.641026 , -2.147724
0.179487 , 0.666667 , -2.180279
0.179487 , 0.692308 , -2.209690
0.179487 , 0.717949 , -2.236307
0.179487 , 0.743590 , -2.261789
0.179487 , 0.769231 , -2.285515
0.179487 , 0.794872 , -2.306003
0.179487 , 0.820513 , -2.323379
0.179487 , 0.846154 , -2.337806
0.179487 , 0.871795 , -2.348542
0.179487 , 0.897436 , -2.357785
0.179487 , 0.923077 , -2.364621
0.179487 , 0.948718 , -2.369630
0.179487 , 0.974359 , -2.372941
0.179487 , 1.000000 , -2.373541
0.205128 , 0.000000 , -1.201204
0.205128 , 0.025641 , -1.202620
0.205128 , 0.051282 , -1.205843
0.205128 , 0.076923 , -1.211060
0.205128 , 0.102564 , -1.218029
0.205128 , 0.128205 , -1.227522
0.205128 , 0.153846 , -1.239201
0.205128 , 0.179487 , -1.254524
0.205128 , 0.205128 , -1.273872
0.205128 , 0.230769 , -1.296791
0.205128 , 0.256410 , -1.322812
0.205128 , 0.282051 , -1.352607
0.205128 , 0.307692 , -1.385610
0.205128 , 0.333333 , -1.421414
0.205128 , 0.358974 , -1.459422
0.205128 , 0.384615 , -1.500050
0.205128 , 0.410256 , -1.542797
0.205128 , 0.435897 , -1.587589
0.205128 , 0.461538 , -1.632477
0.205128 , 0.487179 , -1.677331
0.205128 , 0.512821 , -1.720670
0.205128 , 0.538462 , -1.763137
0.205128 , 0.564103 , -1.805442
0.205128 , 0.589744 , -1.846728
0.205128 , 0.615385 , -1.887691
0.205128 , 0.641026 , -1.926883
0.205128 , 0.666667 , -1.964901
0.205128 , 0.692308 , -1.998855
0.205128 , 0.717949 , -2.029423
0.205128 , 0.743590 , -2.058168
0.205128 , 0.769231 , -2.084837
0.205128 , 0.794872 , -2.108239
0.205128 , 0.820513 , -2.128740
0.205128 , 0.846154 , -2.145368
0.205128 , 0.871795 , -2.158448
0.205128 , 0.897436 , -2.170472
0.205128 , 0.923077 , -2.179293
0.205128 , 0.948718 , -2.185136
0.205128 , 0.974359 , -2.188763
0.205128 , 1.000000 , -2.189839
0.230769 , 0.000000 , -0.901926
0.230769 , 0.025641 , -0.903662
0.230769 , 0.051282 , -0.907567
0.230769 , 0.076923 , -0.913995
0.230769 , 0.102564 , -0.922436
0.230769 , 0.128205 , -0.934162
0.230769 , 0.153846 , -0.947852
0.230769 , 0.179487 , -0.965563
0.230769 , 0.205128 , -0.987155
0.230769 , 0.230769 , -1.012173
0.230769 , 0.256410 , -1.040504
0.230769 , 0.282051 , -1.073060
0.230769 , 0.307692 , -1.110023
0.230769 , 0.333333 , -1.150734
0.230769 , 0.358974 , -1.193263
0.230769 , 0.384615 , -1.238994
0.230769 , 0.410256 , -1.285960
0.230769 , 0.435897 , -1.335127
0.230769 , 0.461538 , -1.384645
0.230769 , 0.487179 , -1.433977
0.230769 , 0.512821 , -1.482762
0.230769 , 0.538462 , -1.530289
0.230769 , 0.564103 , -1.577896
0.230769 , 0.589744 , -1.624982
0.230769 , 0.615385 , -1.671016
0.230769 , 0.641026 , -1.715223
0.230769 , 0.666667 , -1.757474
0.230769 , 0.692308 , -1.795990
0.230769 , 0.717949 , -1.831242
0.230769 , 0.743590 , -1.862843
0.230769 , 0.769231 , -1.891910
0.230769 , 0.794872 , -1.918726
0.230769 , 0.820513 , -1.942404
0.230769 , 0.846154 , -1.962135
0.230769 , 0.871795 , -1.977548
0.230769 , 0.897436 , -1.991439
0.230769 , 0.923077 , -2.001964
0.230769 , 0.948718 , -2.008424
0.230769 , 0.974359 , -2.012514
0.230769 , 1.000000 , -2.013944
0.256410 , 0.000000 , -0.610089
0.256410 , 0.025641 , -0.612177
0.256410 , 0.051282 , -0.617113
0.256410 , 0.076923 , -0.624402
0.256410 , 0.102564 , -0.634217
0.256410 , 0.128205 , -0.647266
0.256410 , 0.153846 , -0.664062
0.256410 , 0.179487 , -0.684420
0.256410 , 0.205128 , -0.708829
0.256410 , 0.230769 , -0.736531
0.256410 , 0.256410 , -0.768672
0.256410 , 0.282051 , -0.804275
0.256410 , 0.307692 , -0.844367
0.256410 , 0.333333 , -0.888862
0.256410 , 0.358974 , -0.935929
0.256410 , 0.384615 , -0.985225
0.256410 , 0.410256 , -1.036999
0.256410 , 0.435897 , -1.090579
0.256410 , 0.461538 , -1.144357
0.256410 , 0.487179 , -1.197947
0.256410 , 0.512821 , -1.252520
0.256410 , 0.538462 , -1.306261
0.256410 , 0.564103 , -1.358967
0.256410 , 0.589744 , -1.411276
0.256410 , 0.615385 , -1.462369
0.256410 , 0.641026 , -1.511392
0.256410 , 0.666667 , -1.557539
0.256410 , 0.692308 , -1.599964
0.256410 , 0.717949 , -1.639523
0.256410 , 0.743590 , -1.675813
0.256410 , 0.769231 , -1.707910
0.256410 , 0.794872 , -1.738564
0.256410 , 0.820513 , -1.765942
0.256410 , 0.846154 , -1.789021
0.256410 , 0.871795 , -1.807673
0.256410 , 0.897436 , -1.822396
0.256410 , 0.923077 , -1.834159
0.256410 , 0.948718 , -1.841467
0.256410 , 0.974359 , -1.846569
0.256410 , 1.000000 , -1.848385
0.282051 , 0.000000 , -0.326049
0.282051 , 0.025641 , -0.327149
0.282051 , 0.051282 , -0.332785
0.282051 , 0.076923 , -0.341419
0.282051 , 0.102564 , -0.352785
0.282051 , 0.128205 , -0.367879
0.282051 , 0.153846 , -0.387206
0.282051 , 0.179487 , -0.410685
0.282051 , 0.205128 , -0.438529
0.282051 , 0.230769 , -0.469354
0.282051 , 0.256410 , -0.505014
0.282051 , 0.282051 , -0.544406
0.282051 , 0.307692 , -0.587486
0.282051 , 0.333333 , -0.635237
0.282051 , 0.358974 , -0.686614
0.282051 , 0.384615 , -0.740254
0.282051 , 0.410256 , -0.796108
0.282051 , 0.435897 , -0.853931
0.282051 , 0.461538 , -0.912335
0.282051 , 0.487179 , -0.971325
0.282051 , 0.512821 , -1.030743
0.282051 , 0.538462 , -1.090022
0.282051 , 0.564103 , -1.148370
0.282051 , 0.589744 , -1.205950
0.282051 , 0.615385 , -1.261817
0.282051 , 0.641026 , -1.315235
0.282051 , 0.666667 , -1.366085
0.282051 , 0.692308 , -1.413506
0.282051 , 0.717949 , -1.457596
0.282051 , 0.743590 , -1.498021
0.282051 , 0.769231 , -1.534272
0.282051 , 0.794872 , -1.568581
0.282051 , 0.820513 , -1.599147
0.282051 , 0.846154 , -1.625124
0.282051 , 0.871795 , -1.645591
0.282051 , 0.897436 , -1.662688
0.282051 , 0.923077 , -1.675540
0.282051 , 0.948718 , -1.684010
0.282051 , 0.974359 , -1.690263
0.282051 , 1.000000 , -1.692968
0.307692 , 0.000000 , -0.046721
0.307692 , 0.025641 , -0.048982
0.307692 , 0.051282 , -0.054262
0.307692 , 0.076923 , -0.064097
0.307692 , 0.102564 , -0.078120
0.307692 , 0.128205 , -0.095850
0.307692 , 0.153846 , -0.117928
0.307692 , 0.179487 , -0.144484
0.307692 , 0.205128 , -0.175008
0.307692 , 0.230769 , -0.210219
0.307692 , 0.256410 , -0.249635
0.307692 , 0.282051 , -0.291923
0.307692 , 0.307692 , -0.338912
0.307692 , 0.333333 , -0.390632
0.307692 , 0.358974 , -0.446206
0.307692 , 0.384615 , -0.503918
0.307692 , 0.410256 , -0.563646
0.307692 , 0.435897 , -0.625847
0.307692 , 0.461538 , -0.689498
0.307692 , 0.487179 , -0.754012
0.307692 , 0.512821 , -0.818367
0.307692 , 0.538462 , -0.882863
0.307692 , 0.564103 , -0.946119
0.307692 , 0.589744 , -1.008533
0.307692 , 0.615385 , -1.069494
0.307692 , 0.641026 , -1.128867
0.307692 , 0.666667 , -1.185012
0.307692 , 0.692308 , -1.236930
0.307692 , 0.717949 , -1.285440
0.307692 , 0.743590 , -1.330569
0.307692 , 0.769231 , -1.371268
0.307692 , 0.794872 , -1.408590
0.307692 , 0.820513 , -1.441632
0.307692 , 0.846154 , -1.470754
0.307692 , 0.871795 , -1.494046
0.307692 , 0.897436 , -1.513056
0.307692 , 0.923077 , -1.527707
0.307692 , 0.948718 , -1.537709
0.307692 , 0.974359 , -1.544746
0.307692 , 1.000000 , -1.547892
0.333333 , 0.000000 , 0.227249
0.333333 , 0.025641 , 0.224285
0.333333 , 0.051282 , 0.217592
0.333333 , 0.076923 , 0.207219
0.333333 , 0.102564 , 0.191394
0.333333 , 0.128205 , 0.170066
0.333333 , 0.153846 , 0.144977
0.333333 , 0.179487 , 0.115326
0.333333 , 0.205128 , 0.081339
0.333333 , 0.230769 , 0.043021
0.333333 , 0.256410 , -0.000560
0.333333 , 0.282051 , -0.046743
0.333333 , 0.307692 , -0.096959
0.333333 , 0.333333 , -0.152725
0.333333 , 0.358974 , -0.212504
0.333333 , 0.384615 , -0.275339
0.333333 , 0.410256 , -0.340256
0.333333 , 0.435897 , -0.406768
0.333333 , 0.461538 , -0.475303
0.333333 , 0.487179 , -0.544573
0.333333 , 0.512821 , -0.614322
0.333333 , 0.538462 , -0.684304
0.333333 , 0.564103 , -0.753333
0.333333 , 0.589744 , -0.820900
0.333333 , 0.615385 , -0.886715
0.333333 , 0.641026 , -0.951315
0.333333 , 0.666667 , -1.012895
0.333333 , 0.692308 , -1.070157
0.333333 , 0.717949 , -1.122478
0.333333 , 0.743590 , -1.171557
0.333333 , 0.769231 , -1.216940
0.333333 , 0.794872 , -1.257763
0.333333 , 0.820513 , -1.293732
0.333333 , 0.846154 , -1.325517
0.333333 , 0.871795 , -1.352203
0.333333 , 0.897436 , -1.374044
0.333333 , 0.923077 , -1.390061
0.333333 , 0.948718 , -1.401998
0.333333 , 0.974359 , -1.409782
0.333333 , 1.000000 , -1.412983
0.358974 , 0.000000 , 0.495031
0.358974 , 0.025641 , 0.492138
0.358974 , 0.051282 , 0.484633
0.358974 , 0.076923 , 0.472816
0.358974 , 0.102564 , 0.454843
0.358974 , 0.128205 , 0.430858
0.358974 , 0.153846 , 0.401566
0.358974 , 0.179487 , 0.368711
0.358974 , 0.205128 , 0.331474
0.358974 , 0.230769 , 0.289507
0.358974 , 0.256410 , 0.242283
0.358974 , 0.282051 , 0.192047
0.358974 , 0.307692 , 0.137536
0.358974 , 0.333333 , 0.077941
0.358974 , 0.358974 , 0.013705
0.358974 , 0.384615 , -0.054703
0.358974 , 0.410256 , -0.125352
0.358974 , 0.435897 , -0.196767
0.358974 , 0.461538 , -0.269758
0.358974 , 0.487179 , -0.343977
0.358974 , 0.512821 , -0.418855
0.358974 , 0.538462 , -0.494440
0.358974 , 0.564103 , -0.568991
0.358974 , 0.589744 , -0.642018
0.358974 , 0.615385 , -0.713229
0.358974 , 0.641026 , -0.782631
0.358974 , 0.666667 , -0.849423
0.358974 , 0.692308 , -0.912083
0.358974 , 0.717949 , -0.969691
0.358974 , 0.743590 , -1.022685
0.358974 , 0.769231 , -1.072185
0.358974 , 0.794872 , -1.117131
0.358974 , 0.820513 , -1.156964
0.358974 , 0.846154 , -1.191867
0.358974 , 0.871795 , -1.221500
0.358974 , 0.897436 , -1.245679
0.358974 , 0.923077 , -1.264116
0.358974 , 0.948718 , -1.277834
0.358974 , 0.974359 , -1.286198
0.358974 , 1.000000 , -1.289610
0.384615 , 0.000000 , 0.757732
0.384615 , 0.025641 , 0.755184
0.384615 , 0.051282 , 0.746719
0.384615 , 0.076923 , 0.733224
0.384615 , 0.102564 , 0.713088
0.384615 , 0.128205 , 0.686475
0.384615 , 0.153846 , 0.654520
0.384615 , 0.179487 , 0.617600
0.384615 , 0.205128 , 0.576897
0.384615 , 0.230769 , 0.531034
0.384615 , 0.256410 , 0.479641
0.384615 , 0.282051 , 0.424746
0.384615 , 0.307692 , 0.365284
0.384615 , 0.333333 , 0.301366
0.384615 , 0.358974 , 0.232663
0.384615 , 0.384615 , 0.159414
0.384615 , 0.410256 , 0.083225
0.384615 , 0.435897 , 0.005541
0.384615 , 0.461538 , -0.072720
0.384615 , 0.487179 , -0.152306
0.384615 , 0.512821 , -0.232832
0.384615 , 0.538462 , -0.313708
0.384615 , 0.564103 , -0.393874
0.384615 , 0.589744 , -0.472768
0.384615 , 0.615385 , -0.549645
0.384615 , 0.641026 , -0.623885
0.384615 , 0.666667 , -0.696073
0.384615 , 0.692308 , -0.763914
0.384615 , 0.717949 , -0.826798
0.384615 , 0.743590 , -0.884778
0.384615 , 0.769231 , -0.938749
0.384615 , 0.794872 , -0.987819
0.384615 , 0.820513 , -1.031685
0.384615 , 0.846154 , -1.070569
0.384615 , 0.871795 , -1.102720
0.384615 , 0.897436 , -1.129688
0.384615 , 0.923077 , -1.150484
0.384615 , 0.948718 , -1.165321
0.384615 , 0.974359 , -1.174181
0.384615 , 1.000000 , -1.177663
0.410256 , 0.000000 , 1.016443
0.410256 , 0.025641 , 1.013435
0.410256 , 0.051282 , 1.003763
0.410256 , 0.076923 , 0.988440
0.410256 , 0.102564 , 0.966357
0.410256 , 0.128205 , 0.937562
0.410256 , 0.153846 , 0.902991
0.410256 , 0.179487 , 0.862749
0.410256 , 0.205128 , 0.817629
0.410256 , 0.230769 , 0.767619
0.410256 , 0.256410 , 0.711493
0.410256 , 0.282051 , 0.651732
0.410256 , 0.307692 , 0.586436
0.410256 , 0.333333 , 0.516850
0.410256 , 0.358974 , 0.443597
0.410256 , 0.384615 , 0.365597
0.410256 , 0.410256 , 0.284278
0.410256 , 0.435897 , 0.200184
0.410256 , 0.461538 , 0.115526
0.410256 , 0.487179 , 0.030295
0.410256 , 0.512821 , -0.056034
0.410256 , 0.538462 , -0.142613
0.410256 , 0.564103 , -0.228467
0.410256 , 0.589744 , -0.312515
0.410256 , 0.615385 , -0.395596
0.410256 , 0.641026 , -0.476175
0.410256 , 0.666667 , -0.553229
0.410256 , 0.692308 , -0.626835
0.410256 , 0.717949 , -0.694866
0.410256 , 0.743590 , -0.758404
0.410256 , 0.769231 , -0.816915
0.410256 , 0.794872 , -0.870171
0.410256 , 0.820513 , -0.918085
0.410256 , 0.846154 , -0.960316
0.410256 , 0.871795 , -0.995474
0.410256 , 0.897436 , -1.024989
0.410256 , 0.923077 , -1.048303
0.410256 , 0.948718 , -1.063947
0.410256 , 0.974359 , -1.073536
0.410256 , 1.000000 , -1.077064
0.435897 , 0.000000 , 1.271077
0.435897 , 0.025641 , 1.267749
0.435897 , 0.051282 , 1.257316
0.435897 , 0.076923 , 1.239714
0.435897 , 0.102564 , 1.215698
0.435897 , 0.128205 , 1.184359
0.435897 , 0.153846 , 1.146498
0.435897 , 0.179487 , 1.103036
0.435897 , 0.205128 , 1.054054
0.435897 , 0.230769 , 0.999781
0.435897 , 0.256410 , 0.938468
0.435897 , 0.282051 , 0.873087
0.435897 , 0.307692 , 0.802281
0.435897 , 0.333333 , 0.726551
0.435897 , 0.358974 , 0.647159
0.435897 , 0.384615 , 0.563498
0.435897 , 0.410256 , 0.476793
0.435897 , 0.435897 , 0.387395
0.435897 , 0.461538 , 0.295924
0.435897 , 0.487179 , 0.204174
0.435897 , 0.512821 , 0.111538
0.435897 , 0.538462 , 0.019030
0.435897 , 0.564103 , -0.073182
0.435897 , 0.589744 , -0.164108
0.435897 , 0.615385 , -0.252789
0.435897 , 0.641026 , -0.339684
0.435897 , 0.666667 , -0.422308
0.435897 , 0.692308 , -0.500636
0.435897 , 0.717949 , -0.574567
0.435897 , 0.743590 , -0.643098
0.435897 , 0.769231 , -0.706523
0.435897 , 0.794872 , -0.764242
0.435897 , 0.820513 , -0.816458
0.435897 , 0.846154 , -0.862421
0.435897 , 0.871795 , -0.901639
0.435897 , 0.897436 , -0.933728
0.435897 , 0.923077 , -0.958191
0.435897 , 0.948718 , -0.974721
0.435897 , 0.974359 , -0.984762
0.435897 , 1.000000 , -0.988900
0.461538 , 0.000000 , 1.523058
0.461538 , 0.025641 , 1.518890
0.461538 , 0.051282 , 1.507935
0.461538 , 0.076923 , 1.488664
0.461538 , 0.102564 , 1.461712
0.461538 , 0.128205 , 1.428169
0.461538 , 0.153846 , 1.386719
0.461538 , 0.179487 , 1.339156
0.461538 , 0.205128 , 1.286663
0.461538 , 0.230769 , 1.227066
0.461538 , 0.256410 , 1.160930
0.461538 , 0.282051 , 1.089818
0.461538 , 0.307692 , 1.012973
0.461538 , 0.333333 , 0.931393
0.461538 , 0.358974 , 0.845307
0.461538 , 0.384615 , 0.755223
0.461538 , 0.410256 , 0.662267
0.461538 , 0.435897 , 0.566382
0.461538 , 0.461538 , 0.468136
0.461538 , 0.487179 , 0.369231
0.461538 , 0.512821 , 0.269849
0.461538 , 0.538462 , 0.170871
0.461538 , 0.564103 , 0.071878
0.461538 , 0.589744 , -0.026422
0.461538 , 0.615385 , -0.121977
0.461538 , 0.641026 , -0.214802
0.461538 , 0.666667 , -0.304047
0.461538 , 0.692308 , -0.388252
0.461538 , 0.717949 , -0.467621
0.461538 , 0.743590 , -0.541208
0.461538 , 0.769231 , -0.609421
0.461538 , 0.794872 , -0.671882
0.461538 , 0.820513 , -0.728247
0.461538 , 0.846154 , -0.777073
0.461538 , 0.871795 , -0.819686
0.461538 , 0.897436 , -0.854324
0.461538 , 0.923077 , -0.881113
0.461538 , 0.948718 , -0.899687
0.461538 , 0.974359 , -0.910980
0.461538 , 1.000000 , -0.915086
0.487179 , 0.000000 , 1.773659
0.487179 , 0.025641 , 1.768880
0.487179 , 0.051282 , 1.756768
0.487179 , 0.076923 , 1.735837
0.487179 , 0.102564 , 1.706240
0.487179 , 0.128205 , 1.669567
0.487179 , 0.153846 , 1.625255
0.487179 , 0.179487 , 1.573564
0.487179 , 0.205128 , 1.515853
0.487179 , 0.230769 , 1.451399
0.487179 , 0.256410 , 1.379235
0.487179 , 0.282051 , 1.301968
0.487179 , 0.307692 , 1.219316
0.487179 , 0.333333 , 1.131234
0.487179 , 0.358974 , 1.038255
0.487179 , 0.384615 , 0.941196
0.487179 , 0.410256 , 0.840902
0.487179 , 0.435897 , 0.737663
0.487179 , 0.461538 , 0.632463
0.487179 , 0.487179 , 0.525808
0.487179 , 0.512821 , 0.418808
0.487179 , 0.538462 , 0.311895
0.487179 , 0.564103 , 0.205170
0.487179 , 0.589744 , 0.100462
0.487179 , 0.615385 , -0.001843
0.487179 , 0.641026 , -0.101849
0.487179 , 0.666667 , -0.198039
0.487179 , 0.692308 , -0.288879
0.487179 , 0.717949 , -0.374048
0.487179 , 0.743590 , -0.453212
0.487179 , 0.769231 , -0.526050
0.487179 , 0.794872 , -0.593743
0.487179 , 0.820513 , -0.654779
0.487179 , 0.846154 , -0.706837
0.487179 , 0.871795 , -0.751348
0.487179 , 0.897436 , -0.789254
0.487179 , 0.923077 , -0.818921
0.487179 , 0.948718 , -0.839742
0.487179 , 0.974359 , -0.851797
0.487179 , 1.000000 , -0.855606
0.512821 , 0.000000 , 2.022719
0.512821 , 0.025641 , 2.017717
0.512821 , 0.051282 , 2.004559
0.512821 , 0.076923 , 1.981544
0.512821 , 0.102564 , 1.949096
0.512821 , 0.128205 , 1.908899
0.512821 , 0.153846 , 1.860806
0.512821 , 0.179487 , 1.804933
0.512821 , 0.205128 , 1.742418
0.512821 , 0.230769 , 1.672474
0.512821 , 0.256410 , 1.595134
0.512821 , 0.282051 , 1.511367
0.512821 , 0.307692 , 1.422250
0.512821 , 0.333333 , 1.327143
0.512821 , 0.358974 , 1.226749
0.512821 , 0.384615 , 1.122087
0.512821 , 0.410256 , 1.013666
0.512821 , 0.435897 , 0.902152
0.512821 , 0.461538 , 0.788831
0.512821 , 0.487179 , 0.674034
0.512821 , 0.512821 , 0.558854
0.512821 , 0.538462 , 0.443595
0.512821 , 0.564103 , 0.327969
0.512821 , 0.589744 , 0.215295
0.512821 , 0.615385 , 0.105958
0.512821 , 0.641026 , -0.001154
0.512821 , 0.666667 , -0.104551
0.512821 , 0.692308 , -0.202888
0.512821 , 0.717949 , -0.294268
0.512821 , 0.743590 , -0.379209
0.512821 , 0.769231 , -0.457621
0.512821 , 0.794872 , -0.530116
0.512821 , 0.820513 , -0.595232
0.512821 , 0.846154 , -0.651711
0.512821 , 0.871795 , -0.699504
0.512821 , 0.897436 , -0.740133
0.512821 , 0.923077 , -0.771942
0.512821 , 0.948718 , -0.794362
0.512821 , 0.974359 , -0.807751
0.512821 , 1.000000 , -0.811557
0.538462 , 0.000000 , 2.271146
0.538462 , 0.025641 , 2.266455
0.538462 , 0.051282 , 2.251588
0.538462 , 0.076923 , 2.226403
0.538462 , 0.102564 , 2.191118
0.538462 , 0.128205 , 2.147724
0.538462 , 0.153846 , 2.095894
0.538462 , 0.179487 , 2.035898
0.538462 , 0.205128 , 1.968990
0.538462 , 0.230769 , 1.893506
0.538462 , 0.256410 , 1.809967
0.538462 , 0.282051 , 1.719232
0.538462 , 0.307692 , 1.623038
0.538462 , 0.333333 , 1.520113
0.538462 , 0.358974 , 1.411325
0.538462 , 0.384615 , 1.297916
0.538462 , 0.410256 , 1.180602
0.538462 , 0.435897 , 1.060089
0.538462 , 0.461538 , 0.937555
0.538462 , 0.487179 , 0.813746
0.538462 , 0.512821 , 0.689380
0.538462 , 0.538462 , 0.564970
0.538462 , 0.564103 , 0.440375
0.538462 , 0.589744 , 0.318540
0.538462 , 0.615385 , 0.200339
0.538462 , 0.641026 , 0.085138
0.538462 , 0.666667 , -0.025244
0.538462 , 0.692308 , -0.130506
0.538462 , 0.717949 , -0.228337
0.538462 , 0.743590 , -0.319523
0.538462 , 0.769231 , -0.403935
0.538462 , 0.794872 , -0.481565
0.538462 , 0.820513 , -0.551237
0.538462 , 0.846154 , -0.612082
0.538462 , 0.871795 , -0.663688
0.538462 , 0.897436 , -0.707040
0.538462 , 0.923077 , -0.740670
0.538462 , 0.948718 , -0.764951
0.538462 , 0.974359 , -0.779055
0.538462 , 1.000000 , -0.783588
0.564103 , 0.000000 , 2.519828
0.564103 , 0.025641 , 2.515251
0.564103 , 0.051282 , 2.499459
0.564103 , 0.076923 , 2.472226
0.564103 , 0.102564 , 2.434733
0.564103 , 0.128205 , 2.388339
0.564103 , 0.153846 , 2.333111
0.564103 , 0.179487 , 2.268559
0.564103 , 0.205128 , 2.195881
0.564103 , 0.230769 , 2.115078
0.564103 , 0.256410 , 2.024936
0.564103 , 0.282051 , 1.927281
0.564103 , 0.307692 , 1.822983
0.564103 , 0.333333 , 1.711468
0.564103 , 0.358974 , 1.593438
0.564103 , 0.384615 , 1.470038
0.564103 , 0.410256 , 1.342617
0.564103 , 0.435897 , 1.212249
0.564103 , 0.461538 , 1.079445
0.564103 , 0.487179 , 0.945042
0.564103 , 0.512821 , 0.810122
0.564103 , 0.538462 , 0.674761
0.564103 , 0.564103 , 0.540610
0.564103 , 0.589744 , 0.409368
0.564103 , 0.615385 , 0.281950
0.564103 , 0.641026 , 0.158038
0.564103 , 0.666667 , 0.039316
0.564103 , 0.692308 , -0.073045
0.564103 , 0.717949 , -0.177578
0.564103 , 0.743590 , -0.275752
0.564103 , 0.769231 , -0.366441
0.564103 , 0.794872 , -0.449678
0.564103 , 0.820513 , -0.523916
0.564103 , 0.846154 , -0.588589
0.564103 , 0.871795 , -0.643505
0.564103 , 0.897436 , -0.689296
0.564103 , 0.923077 , -0.724974
0.564103 , 0.948718 , -0.750691
0.564103 , 0.974359 , -0.766047
0.564103 , 1.000000 , -0.771717
0.589744 , 0.000000 , 2.770479
0.589744 , 0.025641 , 2.765302
0.589744 , 0.051282 , 2.748699
0.589744 , 0.076923 , 2.719787
0.589744 , 0.102564 , 2.680679
0.589744 , 0.128205 , 2.631534
0.589744 , 0.153846 , 2.572104
0.589744 , 0.179487 , 2.503100
0.589744 , 0.205128 , 2.424868
0.589744 , 0.230769 , 2.337427
0.589744 , 0.256410 , 2.240740
0.589744 , 0.282051 , 2.135791
0.589744 , 0.307692 , 2.022629
0.589744 , 0.333333 , 1.901458
0.589744 , 0.358974 , 1.773463
0.589744 , 0.384615 , 1.639410
0.589744 , 0.410256 , 1.501007
0.589744 , 0.435897 , 1.359507
0.589744 , 0.461538 , 1.215054
0.589744 , 0.487179 , 1.067738
0.589744 , 0.512821 , 0.920508
0.589744 , 0.538462 , 0.773866
0.589744 , 0.564103 , 0.628509
0.589744 , 0.589744 , 0.486586
0.589744 , 0.615385 , 0.349140
0.589744 , 0.641026 , 0.215894
0.589744 , 0.666667 , 0.087990
0.589744 , 0.692308 , -0.032514
0.589744 , 0.717949 , -0.145031
0.589744 , 0.743590 , -0.249574
0.589744 , 0.769231 , -0.345957
0.589744 , 0.794872 , -0.433891
0.589744 , 0.820513 , -0.512769
0.589744 , 0.846154 , -0.582000
0.589744 , 0.871795 , -0.640307
0.589744 , 0.897436 , -0.688323
0.589744 , 0.923077 , -0.725889
0.589744 , 0.948718 , -0.753815
0.589744 , 0.974359 , -0.770127
0.589744 , 1.000000 , -0.775813
0.615385 , 0.000000 , 3.023265
0.615385 , 0.025641 , 3.017853
0.615385 , 0.051282 , 3.000041
0.615385 , 0.076923 , 2.970243
0.615385 , 0.102564 , 2.930370
0.615385 , 0.128205 , 2.877885
0.615385 , 0.153846 , 2.814523
0.615385 , 0.179487 , 2.741180
0.615385 , 0.205128 , 2.658001
0.615385 , 0.230769 , 2.564504
0.615385 , 0.256410 , 2.460317
0.615385 , 0.282051 , 2.346646
0.615385 , 0.307692 , 2.223764
0.615385 , 0.333333 , 2.092220
0.615385 , 0.358974 , 1.952817
0.615385 , 0.384615 , 1.807114
0.615385 , 0.410256 , 1.656216
0.615385 , 0.435897 , 1.501629
0.615385 , 0.461538 , 1.344036
0.615385 , 0.487179 , 1.184014
0.615385 , 0.512821 , 1.022985
0.615385 , 0.538462 , 0.862807
0.615385 , 0.564103 , 0.704658
0.615385 , 0.589744 , 0.549973
0.615385 , 0.615385 , 0.401052
0.615385 , 0.641026 , 0.257779
0.615385 , 0.666667 , 0.120547
0.615385 , 0.692308 , -0.008845
0.615385 , 0.717949 , -0.129972
0.615385 , 0.743590 , -0.241885
0.615385 , 0.769231 , -0.344256
0.615385 , 0.794872 , -0.436961
0.615385 , 0.820513 , -0.520346
0.615385 , 0.846154 , -0.593804
0.615385 , 0.871795 , -0.655424
0.615385 , 0.897436 , -0.706057
0.615385 , 0.923077 , -0.745040
0.615385 , 0.948718 , -0.773852
0.615385 , 0.974359 , -0.791396
0.615385 , 1.000000 , -0.797070
0.641026 , 0.000000 , 3.279087
0.641026 , 0.025641 , 3.273096
0.641026 , 0.051282 , 3.254940
0.641026 , 0.076923 , 3.224089
0.641026 , 0.102564 , 3.183063
0.641026 , 0.128205 , 3.128612
0.641026 , 0.153846 , 3.062642
0.641026 , 0.179487 , 2.984929
0.641026 , 0.205128 , 2.896611
0.641026 , 0.230769 , 2.796719
0.641026 , 0.256410 , 2.684424
0.641026 , 0.282051 , 2.561039
0.641026 , 0.307692 , 2.427675
0.641026 , 0.333333 , 2.284914
0.641026 , 0.358974 , 2.133557
0.641026 , 0.384615 , 1.975102
0.641026 , 0.410256 , 1.810162
0.641026 , 0.435897 , 1.640668
0.641026 , 0.461538 , 1.467539
0.641026 , 0.487179 , 1.292558
0.641026 , 0.512821 , 1.117171
0.641026 , 0.538462 , 0.942118
0.641026 , 0.564103 , 0.769410
0.641026 , 0.589744 , 0.600697
0.641026 , 0.615385 , 0.438742
0.641026 , 0.641026 , 0.283889
0.641026 , 0.666667 , 0.136213
0.641026 , 0.692308 , -0.003239
0.641026 , 0.717949 , -0.132906
0.641026 , 0.743590 , -0.252308
0.641026 , 0.769231 , -0.361956
0.641026 , 0.794872 , -0.460826
0.641026 , 0.820513 , -0.547760
0.641026 , 0.846154 , -0.624482
0.641026 , 0.871795 , -0.690060
0.641026 , 0.897436 , -0.742989
0.641026 , 0.923077 , -0.784529
0.641026 , 0.948718 , -0.814054
0.641026 , 0.974359 , -0.831541
0.641026 , 1.000000 , -0.837181
0.666667 , 0.000000 , 3.539437
0.666667 , 0.025641 , 3.533183
0.666667 , 0.051282 , 3.514394
0.666667 , 0.076923 , 3.482297
0.666667 , 0.102564 , 3.439838
0.666667 , 0.128205 , 3.384385
0.666667 , 0.153846 , 3.316013
0.666667 , 0.179487 , 3.234097
0.666667 , 0.205128 , 3.139378
0.666667 , 0.230769 , 3.033064
0.666667 , 0.256410 , 2.912762
0.666667 , 0.282051 , 2.779595
0.666667 , 0.307692 , 2.635123
0.666667 , 0.333333 , 2.480068
0.666667 , 0.358974 , 2.315653
0.666667 , 0.384615 , 2.142987
0.666667 , 0.410256 , 1.962724
0.666667 , 0.435897 , 1.777113
0.666667 , 0.461538 , 1.587090
0.666667 , 0.487179 , 1.394460
0.666667 , 0.512821 , 1.201675
0.666667 , 0.538462 , 1.010489
0.666667 , 0.564103 , 0.822368
0.666667 , 0.589744 , 0.638751
0.666667 , 0.615385 , 0.462336
0.666667 , 0.641026 , 0.293992
0.666667 , 0.666667 , 0.134147
0.666667 , 0.692308 , -0.016603
0.666667 , 0.717949 , -0.156241
0.666667 , 0.743590 , -0.284187
0.666667 , 0.769231 , -0.400344
0.666667 , 0.794872 , -0.505389
0.666667 , 0.820513 , -0.596590
0.666667 , 0.846154 , -0.675902
0.666667 , 0.871795 , -0.744072
0.666667 , 0.897436 , -0.799437
0.666667 , 0.923077 , -0.841934
0.666667 , 0.948718 , -0.873013
0.666667 , 0.974359 , -0.890989
0.666667 , 1.000000 , -0.896496
0.692308 , 0.000000 , 3.804735
0.692308 , 0.025641 , 3.798559
0.692308 , 0.051282 , 3.779114
0.692308 , 0.076923 , 3.746254
0.692308 , 0.102564 , 3.701971
0.692308 , 0.128205 , 3.644753
0.692308 , 0.153846 , 3.573620
0.692308 , 0.179487 , 3.488296
0.692308 , 0.205128 , 3.388280
0.692308 , 0.230769 , 3.274727
0.692308 , 0.256410 , 3.145803
0.692308 , 0.282051 , 3.002145
0.692308 , 0.307692 , 2.846807
0.692308 , 0.333333 , 2.679218
0.692308 , 0.358974 , 2.500369
0.692308 , 0.384615 , 2.311878
0.692308 , 0.410256 , 2.115246
0.692308 , 0.435897 , 1.911536
0.692308 , 0.461538 , 1.702899
0.692308 , 0.487179 , 1.490811
0.692308 , 0.512821 , 1.278602
0.692308 , 0.538462 , 1.068192
0.692308 , 0.564103 , 0.861592
0.692308 , 0.589744 , 0.661064
0.692308 , 0.615385 , 0.468446
0.692308 , 0.641026 , 0.285306
0.692308 , 0.666667 , 0.111840
0.692308 , 0.692308 , -0.051001
0.692308 , 0.717949 , -0.201705
0.692308 , 0.743590 , -0.338972
0.692308 , 0.769231 , -0.461613
0.692308 , 0.794872 , -0.571217
0.692308 , 0.820513 , -0.666812
0.692308 , 0.846154 , -0.749673
0.692308 , 0.871795 , -0.819953
0.692308 , 0.897436 , -0.876672
0.692308 , 0.923077 , -0.920882
0.692308 , 0.948718 , -0.951791
0.692308 , 0.974359 , -0.969767
0.692308 , 1.000000 , -0.975430
0.717949 , 0.000000 , 4.075585
0.717949 , 0.025641 , 4.069003
0.717949 , 0.051282 , 4.049205
0.717949 , 0.076923 , 4.016706
0.717949 , 0.102564 , 3.970887
0.717949 , 0.128205 , 3.912390
0.717949 , 0.153846 , 3.838598
0.717949 , 0.179487 , 3.750235
0.717949 , 0.205128 , 3.645657
0.717949 , 0.230769 , 3.524373
0.717949 , 0.256410 , 3.386773
0.717949 , 0.282051 , 3.232963
0.717949 , 0.307692 , 3.065306
0.717949 , 0.333333 , 2.883655
0.717949 , 0.358974 , 2.689675
0.717949 , 0.384615 , 2.484003
0.717949 , 0.410256 , 2.268620
0.717949 , 0.435897 , 2.044735
0.717949 , 0.461538 , 1.814910
0.717949 , 0.487179 , 1.581435
0.717949 , 0.512821 , 1.347116
0.717949 , 0.538462 , 1.114987
0.717949 , 0.564103 , 0.887471
0.717949 , 0.589744 , 0.667231
0.717949 , 0.615385 , 0.456149
0.717949 , 0.641026 , 0.256578
0.717949 , 0.666667 , 0.068028
0.717949 , 0.692308 , -0.108135
0.717949 , 0.717949 , -0.270430
0.717949 , 0.743590 , -0.417423
0.717949 , 0.769231 , -0.547621
0.717949 , 0.794872 , -0.662406
0.717949 , 0.820513 , -0.761005
0.717949 , 0.846154 , -0.846241
0.717949 , 0.871795 , -0.917881
0.717949 , 0.897436 , -0.975349
0.717949 , 0.923077 , -1.020121
0.717949 , 0.948718 , -1.051298
0.717949 , 0.974359 , -1.070022
0.717949 , 1.000000 , -1.075745
0.743590 , 0.000000 , 4.351065
0.743590 , 0.025641 , 4.345137
0.743590 , 0.051282 , 4.325883
0.743590 , 0.076923 , 4.293643
0.743590 , 0.102564 , 4.247675
0.743590 , 0.128205 , 4.188337
0.743590 , 0.153846 , 4.112795
0.743590 , 0.179487 , 4.021502
0.743590 , 0.205128 , 3.912525
0.743590 , 0.230769 , 3.784043
0.743590 , 0.256410 , 3.638321
0.743590 , 0.282051 , 3.474492
0.743590 , 0.307692 , 3.294084
0.743590 , 0.333333 , 3.096278
0.743590 , 0.358974 , 2.883962
0.743590 , 0.384615 , 2.659353
0.743590 , 0.410256 , 2.422143
0.743590 , 0.435897 , 2.175567
0.743590 , 0.461538 , 1.922799
0.743590 , 0.487179 , 1.665358
0.743590 , 0.512821 , 1.406174
0.743590 , 0.538462 , 1.149831
0.743590 , 0.564103 , 0.899038
0.743590 , 0.589744 , 0.656655
0.743590 , 0.615385 , 0.424526
0.743590 , 0.641026 , 0.205423
0.743590 , 0.666667 , 0.000132
0.743590 , 0.692308 , -0.189832
0.743590 , 0.717949 , -0.363430
0.743590 , 0.743590 , -0.519953
0.743590 , 0.769231 , -0.658310
0.743590 , 0.794872 , -0.778611
0.743590 , 0.820513 , -0.881580
0.743590 , 0.846154 , -0.968629
0.743590 , 0.871795 , -1.040476
0.743590 , 0.897436 , -1.097071
0.743590 , 0.923077 , -1.140926
0.743590 , 0.948718 , -1.171055
0.743590 , 0.974359 , -1.189980
0.743590 , 1.000000 , -1.196392
0.769231 , 0.000000 , 4.632213
0.769231 , 0.025641 , 4.626346
0.769231 , 0.051282 , 4.608439
0.769231 , 0.076923 , 4.577913
0.769231 , 0.102564 , 4.533262
0.769231 , 0.128205 , 4.474049
0.769231 , 0.153846 , 4.398762
0.769231 , 0.179487 , 4.304958
0.769231 , 0.205128 , 4.192207
0.769231 , 0.230769 , 4.057506
0.769231 , 0.256410 , 3.903135
0.769231 , 0.282051 , 3.728481
0.769231 , 0.307692 , 3.534215
0.769231 , 0.333333 , 3.320239
0.769231 , 0.358974 , 3.088037
0.769231 , 0.384615 , 2.840246
0.769231 , 0.410256 , 2.578885
0.769231 , 0.435897 , 2.306317
0.769231 , 0.461538 , 2.027076
0.769231 , 0.487179 , 1.742385
0.769231 , 0.512821 , 1.455759
0.769231 , 0.538462 , 1.172107
0.769231 , 0.564103 , 0.895233
0.769231 , 0.589744 , 0.627691
0.769231 , 0.615385 , 0.372231
0.769231 , 0.641026 , 0.131602
0.769231 , 0.666667 , -0.092739
0.769231 , 0.692308 , -0.297944
0.769231 , 0.717949 , -0.483244
0.769231 , 0.743590 , -0.649545
0.769231 , 0.769231 , -0.795913
0.769231 , 0.794872 , -0.921165
0.769231 , 0.820513 , -1.026918
0.769231 , 0.846154 , -1.115444
0.769231 , 0.871795 , -1.186930
0.769231 , 0.897436 , -1.242407
0.769231 , 0.923077 , -1.284305
0.769231 , 0.948718 , -1.313365
0.769231 , 0.974359 , -1.330861
0.769231 , 1.000000 , -1.336921
0.794872 , 0.000000 , 4.917625
0.794872 , 0.025641 , 4.912231
0.794872 , 0.051282 , 4.896201
0.794872 , 0.076923 , 4.868579
0.794872 , 0.102564 , 4.827233
0.794872 , 0.128205 , 4.769587
0.794872 , 0.153846 , 4.695471
0.794872 , 0.179487 , 4.601630
0.794872 , 0.205128 , 4.485671
0.794872 , 0.230769 , 4.346569
0.794872 , 0.256410 , 4.184236
0.794872 , 0.282051 , 3.997492
0.794872 , 0.307692 , 3.787784
0.794872 , 0.333333 , 3.556607
0.794872 , 0.358974 , 3.303604
0.794872 , 0.384615 , 3.030145
0.794872 , 0.410256 , 2.740649
0.794872 , 0.435897 , 2.439590
0.794872 , 0.461538 , 2.130352
0.794872 , 0.487179 , 1.814384
0.794872 , 0.512821 , 1.497120
0.794872 , 0.538462 , 1.182608
0.794872 , 0.564103 , 0.876118
0.794872 , 0.589744 , 0.579972
0.794872 , 0.615385 , 0.297772
0.794872 , 0.641026 , 0.033051
0.794872 , 0.666667 , -0.212318
0.794872 , 0.692308 , -0.435439
0.794872 , 0.717949 , -0.634426
0.794872 , 0.743590 , -0.810986
0.794872 , 0.769231 , -0.965328
0.794872 , 0.794872 , -1.095313
0.794872 , 0.820513 , -1.202202
0.794872 , 0.846154 , -1.289628
0.794872 , 0.871795 , -1.358251
0.794872 , 0.897436 , -1.410780
0.794872 , 0.923077 , -1.450137
0.794872 , 0.948718 , -1.477038
0.794872 , 0.974359 , -1.492531
0.794872 , 1.000000 , -1.497726
0.820513 , 0.000000 , 5.206929
0.820513 , 0.025641 , 5.202866
0.820513 , 0.051282 , 5.189359
0.820513 , 0.076923 , 5.166602
0.820513 , 0.102564 , 5.130280
0.820513 , 0.128205 , 5.077941
0.820513 , 0.153846 , 5.007177
0.820513 , 0.179487 , 4.914803
0.820513 , 0.205128 , 4.798374
0.820513 , 0.230769 , 4.655120
0.820513 , 0.256410 , 4.484756
0.820513 , 0.282051 , 4.285081
0.820513 , 0.307692 , 4.058954
0.820513 , 0.333333 , 3.807093
0.820513 , 0.358974 , 3.530630
0.820513 , 0.384615 , 3.230016
0.820513 , 0.410256 , 2.910595
0.820513 , 0.435897 , 2.577503
0.820513 , 0.461538 , 2.233241
0.820513 , 0.487179 , 1.882249
0.820513 , 0.512821 , 1.529515
0.820513 , 0.538462 , 1.180557
0.820513 , 0.564103 , 0.839266
0.820513 , 0.589744 , 0.510519
0.820513 , 0.615385 , 0.198877
0.820513 , 0.641026 , -0.093038
0.820513 , 0.666667 , -0.362249
0.820513 , 0.692308 , -0.605152
0.820513 , 0.717949 , -0.819553
0.820513 , 0.743590 , -1.006162
0.820513 , 0.769231 , -1.166627
0.820513 , 0.794872 , -1.300419
0.820513 , 0.820513 , -1.407917
0.820513 , 0.846154 , -1.493145
0.820513 , 0.871795 , -1.557612
0.820513 , 0.897436 , -1.603747
0.820513 , 0.923077 , -1.637211
0.820513 , 0.948718 , -1.659775
0.820513 , 0.974359 , -1.672327
0.820513 , 1.000000 , -1.677121
0.846154 , 0.000000 , 5.498246
0.846154 , 0.025641 , 5.495506
0.846154 , 0.051282 , 5.486997
0.846154 , 0.076923 , 5.470815
0.846154 , 0.102564 , 5.442345
0.846154 , 0.128205 , 5.397529
0.846154 , 0.153846 , 5.333440
0.846154 , 0.179487 , 5.245627
0.846154 , 0.205128 , 5.131112
0.846154 , 0.230769 , 4.985087
0.846154 , 0.256410 , 4.806090
0.846154 , 0.282051 , 4.594370
0.846154 , 0.307692 , 4.350896
0.846154 , 0.333333 , 4.076866
0.846154 , 0.358974 , 3.773913
0.846154 , 0.384615 , 3.443529
0.846154 , 0.410256 , 3.090774
0.846154 , 0.435897 , 2.721207
0.846154 , 0.461538 , 2.337552
0.846154 , 0.487179 , 1.946385
0.846154 , 0.512821 , 1.553371
0.846154 , 0.538462 , 1.164444
0.846154 , 0.564103 , 0.785095
0.846154 , 0.589744 , 0.419606
0.846154 , 0.615385 , 0.073947
0.846154 , 0.641026 , -0.249042
0.846154 , 0.666667 , -0.544742
0.846154 , 0.692308 , -0.809485
0.846154 , 0.717949 , -1.041439
0.846154 , 0.743590 , -1.240191
0.846154 , 0.769231 , -1.406525
0.846154 , 0.794872 , -1.542073
0.846154 , 0.820513 , -1.647611
0.846154 , 0.846154 , -1.727466
0.846154 , 0.871795 , -1.784274
0.846154 , 0.897436 , -1.822489
0.846154 , 0.923077 , -1.847390
0.846154 , 0.948718 , -1.862277
0.846154 , 0.974359 , -1.869558
0.846154 , 1.000000 , -1.872861
0.871795 , 0.000000 , 5.787178
0.871795 , 0.025641 , 5.787257
0.871795 , 0.051282 , 5.785785
0.871795 , 0.076923 , 5.780007
0.871795 , 0.102564 , 5.763972
0.871795 , 0.128205 , 5.731893
0.871795 , 0.153846 , 5.678178
0.871795 , 0.179487 , 5.598095
0.871795 , 0.205128 , 5.487137
0.871795 , 0.230769 , 5.340985
0.871795 , 0.256410 , 5.155243
0.871795 , 0.282051 , 4.930808
0.871795 , 0.307692 , 4.669327
0.871795 , 0.333333 , 4.370862
0.871795 , 0.358974 , 4.038612
0.871795 , 0.384615 , 3.674561
0.871795 , 0.410256 , 3.283553
0.871795 , 0.435897 , 2.871413
0.871795 , 0.461538 , 2.443880
0.871795 , 0.487179 , 2.007617
0.871795 , 0.512821 , 1.568973
0.871795 , 0.538462 , 1.134286
0.871795 , 0.564103 , 0.710389
0.871795 , 0.589744 , 0.303264
0.871795 , 0.615385 , -0.081527
0.871795 , 0.641026 , -0.440086
0.871795 , 0.666667 , -0.764928
0.871795 , 0.692308 , -1.053644
0.871795 , 0.717949 , -1.303839
0.871795 , 0.743590 , -1.514898
0.871795 , 0.769231 , -1.687576
0.871795 , 0.794872 , -1.823432
0.871795 , 0.820513 , -1.924267
0.871795 , 0.846154 , -1.995606
0.871795 , 0.871795 , -2.041145
0.871795 , 0.897436 , -2.066143
0.871795 , 0.923077 , -2.078812
0.871795 , 0.948718 , -2.083223
0.871795 , 0.974359 , -2.083033
0.871795 , 1.000000 , -2.083301
0.897436 , 0.000000 , 6.069618
0.897436 , 0.025641 , 6.073546
0.897436 , 0.051282 , 6.083157
0.897436 , 0.076923 , 6.092405
0.897436 , 0.102564 , 6.094479
0.897436 , 0.128205 , 6.081122
0.897436 , 0.153846 , 6.043784
0.897436 , 0.179487 , 5.976588
0.897436 , 0.205128 , 5.873093
0.897436 , 0.230769 , 5.727682
0.897436 , 0.256410 , 5.537302
0.897436 , 0.282051 , 5.301234
0.897436 , 0.307692 , 5.020213
0.897436 , 0.333333 , 4.695971
0.897436 , 0.358974 , 4.330114
0.897436 , 0.384615 , 3.927143
0.897436 , 0.410256 , 3.492686
0.897436 , 0.435897 , 3.032851
0.897436 , 0.461538 , 2.554199
0.897436 , 0.487179 , 2.064994
0.897436 , 0.512821 , 1.573281
0.897436 , 0.538462 , 1.086532
0.897436 , 0.564103 , 0.612115
0.897436 , 0.589744 , 0.157265
0.897436 , 0.615385 , -0.271739
0.897436 , 0.641026 , -0.668861
0.897436 , 0.666667 , -1.027535
0.897436 , 0.692308 , -1.342883
0.897436 , 0.717949 , -1.612037
0.897436 , 0.743590 , -1.835019
0.897436 , 0.769231 , -2.013398
0.897436 , 0.794872 , -2.147686
0.897436 , 0.820513 , -2.241006
0.897436 , 0.846154 , -2.299131
0.897436 , 0.871795 , -2.328021
0.897436 , 0.897436 , -2.334780
0.897436 , 0.923077 , -2.329001
0.897436 , 0.948718 , -2.317889
0.897436 , 0.974359 , -2.307133
0.897436 , 1.000000 , -2.302575
0.923077 , 0.000000 , 6.337883
0.923077 , 0.025641 , 6.347550
0.923077 , 0.051282 , 6.373258
0.923077 , 0.076923 , 6.406777
0.923077 , 0.102564 , 6.435274
0.923077 , 0.128205 , 6.447863
0.923077 , 0.153846 , 6.434020
0.923077 , 0.179487 , 6.384950
0.923077 , 0.205128 , 6.293729
0.923077 , 0.230769 , 6.153209
0.923077 , 0.256410 , 5.959872
0.923077 , 0.282051 , 5.711990
0.923077 , 0.307692 , 5.410038
0.923077 , 0.333333 , 5.056223
0.923077 , 0.358974 , 4.653822
0.923077 , 0.384615 , 4.206773
0.923077 , 0.410256 , 3.722426
0.923077 , 0.435897 , 3.207310
0.923077 , 0.461538 , 2.669890
0.923077 , 0.487179 , 2.119977
0.923077 , 0.512821 , 1.566735
0.923077 , 0.538462 , 1.019608
0.923077 , 0.564103 , 0.486645
0.923077 , 0.589744 , -0.023397
0.923077 , 0.615385 , -0.502120
0.923077 , 0.641026 , -0.943458
0.923077 , 0.666667 , -1.339167
0.923077 , 0.692308 , -1.683958
0.923077 , 0.717949 , -1.974633
0.923077 , 0.743590 , -2.208792
0.923077 , 0.769231 , -2.390385
0.923077 , 0.794872 , -2.520730
0.923077 , 0.820513 , -2.602394
0.923077 , 0.846154 , -2.642417
0.923077 , 0.871795 , -2.648311
0.923077 , 0.897436 , -2.628777
0.923077 , 0.923077 , -2.595412
0.923077 , 0.948718 , -2.559537
0.923077 , 0.974359 , -2.532642
0.923077 , 1.000000 , -2.522023
0.948718 , 0.000000 , 6.579275
0.948718 , 0.025641 , 6.599096
0.948718 , 0.051282 , 6.651033
0.948718 , 0.076923 , 6.718894
0.948718 , 0.102564 , 6.786167
0.948718 , 0.128205 , 6.835575
0.948718 , 0.153846 , 6.854549
0.948718 , 0.179487 , 6.831616
0.948718 , 0.205128 , 6.757217
0.948718 , 0.230769 , 6.624751
0.948718 , 0.256410 , 6.429881
0.948718 , 0.282051 , 6.169970
0.948718 , 0.307692 , 5.846299
0.948718 , 0.333333 , 5.459739
0.948718 , 0.358974 , 5.015573
0.948718 , 0.384615 , 4.519175
0.948718 , 0.410256 , 3.976439
0.948718 , 0.435897 , 3.398151
0.948718 , 0.461538 , 2.793461
0.948718 , 0.487179 , 2.173446
0.948718 , 0.512821 , 1.549186
0.948718 , 0.538462 , 0.930995
0.948718 , 0.564103 , 0.330410
0.948718 , 0.589744 , -0.242655
0.948718 , 0.615385 , -0.778930
0.948718 , 0.641026 , -1.269752
0.948718 , 0.666667 , -1.707274
0.948718 , 0.692308 , -2.084682
0.948718 , 0.717949 , -2.397854
0.948718 , 0.743590 , -2.645601
0.948718 , 0.769231 , -2.829032
0.948718 , 0.794872 , -2.950514
0.948718 , 0.820513 , -3.014806
0.948718 , 0.846154 , -3.028753
0.948718 , 0.871795 , -3.002225
0.948718 , 0.897436 , -2.946144
0.948718 , 0.923077 , -2.874762
0.948718 , 0.948718 , -2.802994
0.948718 , 0.974359 , -2.749379
0.948718 , 1.000000 , -2.728676
0.974359 , 0.000000 , 6.774368
0.974359 , 0.025641 , 6.812180
0.974359 , 0.051282 , 6.906210
0.974359 , 0.076923 , 7.026602
0.974359 , 0.102564 , 7.147229
0.974359 , 0.128205 , 7.247370
0.974359 , 0.153846 , 7.310565
0.974359 , 0.179487 , 7.323208
0.974359 , 0.205128 , 7.273600
0.974359 , 0.230769 , 7.153433
0.974359 , 0.256410 , 6.958496
0.974359 , 0.282051 , 6.686453
0.974359 , 0.307692 , 6.338149
0.974359 , 0.333333 , 5.915337
0.974359 , 0.358974 , 5.423499
0.974359 , 0.384615 , 4.869666
0.974359 , 0.410256 , 4.261435
0.974359 , 0.435897 , 3.609551
0.974359 , 0.461538 , 2.926433
0.974359 , 0.487179 , 2.224909
0.974359 , 0.512821 , 1.518492
0.974359 , 0.538462 , 0.819114
0.974359 , 0.564103 , 0.139848
0.974359 , 0.589744 , -0.506612
0.974359 , 0.615385 , -1.108649
0.974359 , 0.641026 , -1.656710
0.974359 , 0.666667 , -2.141323
0.974359 , 0.692308 , -2.555361
0.974359 , 0.717949 , -2.894329
0.974359 , 0.743590 , -3.154713
0.974359 , 0.769231 , -3.337665
0.974359 , 0.794872 , -3.446475
0.974359 , 0.820513 , -3.486150
0.974359 , 0.846154 , -3.465512
0.974359 , 0.871795 , -3.395037
0.974359 , 0.897436 , -3.288665
0.974359 , 0.923077 , -3.163116
0.974359 , 0.948718 , -3.038864
0.974359 , 0.974359 , -2.942509
0.974359 , 1.000000 , -2.903660
1.000000 , 0.000000 , 6.887321
1.000000 , 0.025641 , 6.963368
1.000000 , 0.051282 , 7.128633
1.000000 , 0.076923 , 7.327205
1.000000 , 0.102564 , 7.522623
1.000000 , 0.128205 , 7.690121
1.000000 , 0.153846 , 7.810950
1.000000 , 0.179487 , 7.869840
1.000000 , 0.205128 , 7.852239
1.000000 , 0.230769 , 7.750153
1.000000 , 0.256410 , 7.558335
1.000000 , 0.282051 , 7.274132
1.000000 , 0.307692 , 6.898762
1.000000 , 0.333333 , 6.434765
1.000000 , 0.358974 , 5.887852
1.000000 , 0.384615 , 5.267310
1.000000 , 0.410256 , 4.582741
1.000000 , 0.435897 , 3.846263
1.000000 , 0.461538 , 3.072127
1.000000 , 0.487179 , 2.275809
1.000000 , 0.512821 , 1.473415
1.000000 , 0.538462 , 0.679595
1.000000 , 0.564103 , -0.090073
1.000000 , 0.589744 , -0.821483
1.000000 , 0.615385 , -1.499998
1.000000 , 0.641026 , -2.114279
1.000000 , 0.666667 , -2.653187
1.000000 , 0.692308 , -3.108651
1.000000 , 0.717949 , -3.474606
1.000000 , 0.743590 , -3.748057
1.000000 , 0.769231 , -3.928850
1.000000 , 0.794872 , -4.019365
1.000000 , 0.820513 , -4.026735
1.000000 , 0.846154 , -3.959668
1.000000 , 0.871795 , -3.831802
1.000000 , 0.897436 , -3.658042
1.000000 , 0.923077 , -3.457802
1.000000 , 0.948718 , -3.255863
1.000000 , 0.974359 , -3.087110
1.000000 , 1.000000 , -3.009898
