0.000000 , 0.000000 , -0.749527
0.000000 , 0.025641 , -0.749527
0.000000 , 0.051282 , -0.749527
0.000000 , 0.076923 , -0.749527
0.000000 , 0.102564 , -0.749527
0.000000 , 0.128205 , -0.749527
0.000000 , 0.153846 , -0.749527
0.000000 , 0.179487 , -0.749527
0.000000 , 0.205128 , -0.749527
0.000000 , 0.230769 , -0.749527
0.000000 , 0.256410 , -0.749527
0.000000 , 0.282051 , -0.749527
0.000000 , 0.307692 , -0.749527
0.000000 , 0.333333 , -0.749527
0.000000 , 0.358974 , -0.749527
0.000000 , 0.384615 , -0.749527
0.000000 , 0.410256 , -0.749527
0.000000 , 0.435897 , -0.749527
0.000000 , 0.461538 , -0.749527
0.000000 , 0.487179 , -0.749527
0.000000 , 0.512821 , -0.749527
0.000000 , 0.538462 , -0.749527
0.000000 , 0.564103 , -0.749527
0.000000 , 0.589744 , -0.749527
0.000000 , 0.615385 , -0.749527
0.000000 , 0.641026 , -0.749527
0.000000 , 0.666667 , -0.749527
0.000000 , 0.692308 , -0.749527
0.000000 , 0.717949 , -0.749527
0.000000 , 0.743590 , -0.749527
0.000000 , 0.769231 , -0.749527
0.000000 , 0.794872 , -0.749527
0.000000 , 0.820513 , -0.749527
0.000000 , 0.846154 , -0.749527
0.000000 , 0.871795 , -0.749527
0.000000 , 0.897436 , -0.749527
0.000000 , 0.923077 , -0.749527
0.000000 , 0.948718 , -0.749527
0.000000 , 0.974359 , -0.749527
0.000000 , 1.000000 , -0.749527
0.025641 , 0.000000 , -0.517228
0.025641 , 0.025641 , -0.516998
0.025641 , 0.051282 , -0.516932
0.025641 , 0.076923 , -0.515553
0.025641 , 0.102564 , -0.514445
0.025641 , 0.128205 , -0.513679
0.025641 , 0.153846 , -0.512831
0.025641 , 0.179487 , -0.512922
0.025641 , 0.205128 , -0.513809
0.025641 , 0.230769 , -0.514943
0.025641 , 0.256410 , -0.516516
0.025641 , 0.282051 , -0.518576
0.025641 , 0.307692 , -0.520805
0.025641 , 0.333333 , -0.523269
0.025641 , 0.358974 , -0.524859
0.025641 , 0.384615 , -0.526465
0.025641 , 0.410256 , -0.529271
0.025641 , 0.435897 , -0.531844
0.025641 , 0.461538 , -0.534136
0.025641 , 0.487179 , -0.536042
0.025641 , 0.512821 , -0.538325
0.025641 , 0.538462 , -0.541129
0.025641 , 0.564103 , -0.543861
0.025641 , 0.589744 , -0.546312
0.025641 , 0.615385 , -0.548454
0.025641 , 0.641026 , -0.549747
0.025641 , 0.666667 , -0.551749
0.025641 , 0.692308 , -0.553609
0.025641 , 0.717949 , -0.555312
0.025641 , 0.743590 , -0.556762
0.025641 , 0.769231 , -0.558004
0.025641 , 0.794872 , -0.559153
0.025641 , 0.820513 , -0.560232
0.025641 , 0.846154 , -0.560632
0.025641 , 0.871795 , -0.560147
0.025641 , 0.897436 , -0.560122
0.025641 , 0.923077 , -0.559534
0.025641 , 0.948718 , -0.559681
0.025641 , 0.974359 , -0.559509
0.025641 , 1.000000 , -0.559474
0.051282 , 0.000000 , -0.299221
0.051282 , 0.025641 , -0.299791
0.051282 , 0.051282 , -0.299294
0.051282 , 0.076923 , -0.297688
0.051282 , 0.102564 , -0.296027
0.051282 , 0.128205 , -0.294686
0.051282 , 0.153846 , -0.293857
0.051282 , 0.179487 , -0.294150
0.051282 , 0.205128 , -0.296142
0.051282 , 0.230769 , -0.298551
0.051282 , 0.256410 , -0.300435
0.051282 , 0.282051 , -0.303567
0.051282 , 0.307692 , -0.307645
0.051282 , 0.333333 , -0.311532
0.051282 , 0.358974 , -0.315754
0.051282 , 0.384615 , -0.319612
0.051282 , 0.410256 , -0.324892
0.051282 , 0.435897 , -0.330241
0.051282 , 0.461538 , -0.335520
0.051282 , 0.487179 , -0.339875
0.051282 , 0.512821 , -0.344120
0.051282 , 0.538462 , -0.349683
0.051282 , 0.564103 , -0.354709
0.051282 , 0.589744 , -0.359703
0.051282 , 0.615385 , -0.363682
0.051282 , 0.641026 , -0.366962
0.051282 , 0.666667 , -0.370273
0.051282 , 0.692308 , -0.373205
0.051282 , 0.717949 , -0.376517
0.051282 , 0.743590 , -0.379131
0.051282 , 0.769231 , -0.382213
0.051282 , 0.794872 , -0.384522
0.051282 , 0.820513 , -0.385436
0.051282 , 0.846154 , -0.386055
0.051282 , 0.871795 , -0.386434
0.051282 , 0.897436 , -0.385861
0.051282 , 0.923077 , -0.385405
0.051282 , 0.948718 , -0.384993
0.051282 , 0.974359 , -0.384826
0.051282 , 1.000000 , -0.384120
0.076923 , 0.000000 , -0.098008
0.076923 , 0.025641 , -0.097873
0.076923 , 0.051282 , -0.097432
0.076923 , 0.076923 , -0.095515
0.076923 , 0.102564 , -0.094093
0.076923 , 0.128205 , -0.093477
0.076923 , 0.153846 , -0.092941
0.076923 , 0.179487 , -0.092830
0.076923 , 0.205128 , -0.094981
0.076923 , 0.230769 , -0.099010
0.076923 , 0.256410 , -0.102282
0.076923 , 0.282051 , -0.105841
0.076923 , 0.307692 , -0.110828
0.076923 , 0.333333 , -0.116434
0.076923 , 0.358974 , -0.122005
0.076923 , 0.384615 , -0.128597
0.076923 , 0.410256 , -0.136721
0.076923 , 0.435897 , -0.144547
0.076923 , 0.461538 , -0.152226
0.076923 , 0.487179 , -0.159116
0.076923 , 0.512821 , -0.164645
0.076923 , 0.538462 , -0.172000
0.076923 , 0.564103 , -0.180201
0.076923 , 0.589744 , -0.187406
0.076923 , 0.615385 , -0.193705
0.076923 , 0.641026 , -0.198489
0.076923 , 0.666667 , -0.203167
0.076923 , 0.692308 , -0.207918
0.076923 , 0.717949 , -0.212543
0.076923 , 0.743590 , -0.216675
0.076923 , 0.769231 , -0.220501
0.076923 , 0.794872 , -0.223929
0.076923 , 0.820513 , -0.225089
0.076923 , 0.846154 , -0.226186
0.076923 , 0.871795 , -0.226266
0.076923 , 0.897436 , -0.226188
0.076923 , 0.923077 , -0.225231
0.076923 , 0.948718 , -0.224836
0.076923 , 0.974359 , -0.224998
0.076923 , 1.000000 , -0.224383
0.102564 , 0.000000 , 0.085281
0.102564 , 0.025641 , 0.086020
0.102564 , 0.051282 , 0.087364
0.102564 , 0.076923 , 0.089278
0.102564 , 0.102564 , 0.090967
0.102564 , 0.128205 , 0.092089
0.102564 , 0.153846 , 0.092329
0.102564 , 0.179487 , 0.091940
0.102564 , 0.205128 , 0.089991
0.102564 , 0.230769 , 0.085972
0.102564 , 0.256410 , 0.081134
0.102564 , 0.282051 , 0.076027
0.102564 , 0.307692 , 0.070186
0.102564 , 0.333333 , 0.063906
0.102564 , 0.358974 , 0.055817
0.102564 , 0.384615 , 0.046762
0.102564 , 0.410256 , 0.037124
0.102564 , 0.435897 , 0.027171
0.102564 , 0.461538 , 0.017843
0.102564 , 0.487179 , 0.008788
0.102564 , 0.512821 , 0.000072
0.102564 , 0.538462 , -0.009325
0.102564 , 0.564103 , -0.019775
0.102564 , 0.589744 , -0.028996
0.102564 , 0.615385 , -0.036782
0.102564 , 0.641026 , -0.043935
0.102564 , 0.666667 , -0.050531
0.102564 , 0.692308 , -0.057042
0.102564 , 0.717949 , -0.063109
0.102564 , 0.743590 , -0.068546
0.102564 , 0.769231 , -0.072135
0.102564 , 0.794872 , -0.075551
0.102564 , 0.820513 , -0.077406
0.102564 , 0.846154 , -0.078943
0.102564 , 0.871795 , -0.079932
0.102564 , 0.897436 , -0.079416
0.102564 , 0.923077 , -0.078613
0.102564 , 0.948718 , -0.077810
0.102564 , 0.974359 , -0.077783
0.102564 , 1.000000 , -0.078201
0.128205 , 0.000000 , 0.252457
0.128205 , 0.025641 , 0.253139
0.128205 , 0.051282 , 0.255226
0.128205 , 0.076923 , 0.257554
0.128205 , 0.102564 , 0.259289
0.128205 , 0.128205 , 0.260887
0.128205 , 0.153846 , 0.261292
0.128205 , 0.179487 , 0.260565
0.128205 , 0.205128 , 0.258772
0.128205 , 0.230769 , 0.255384
0.128205 , 0.256410 , 0.250498
0.128205 , 0.282051 , 0.243822
0.128205 , 0.307692 , 0.236075
0.128205 , 0.333333 , 0.228567
0.128205 , 0.358974 , 0.219733
0.128205 , 0.384615 , 0.208944
0.128205 , 0.410256 , 0.197361
0.128205 , 0.435897 , 0.186312
0.128205 , 0.461538 , 0.174125
0.128205 , 0.487179 , 0.163124
0.128205 , 0.512821 , 0.151398
0.128205 , 0.538462 , 0.139609
0.128205 , 0.564103 , 0.127232
0.128205 , 0.589744 , 0.116637
0.128205 , 0.615385 , 0.107156
0.128205 , 0.641026 , 0.097758
0.128205 , 0.666667 , 0.089097
0.128205 , 0.692308 , 0.081451
0.128205 , 0.717949 , 0.074417
0.128205 , 0.743590 , 0.068469
0.128205 , 0.769231 , 0.063927
0.128205 , 0.794872 , 0.060203
0.128205 , 0.820513 , 0.057783
0.128205 , 0.846154 , 0.055564
0.128205 , 0.871795 , 0.054749
0.128205 , 0.897436 , 0.055232
0.128205 , 0.923077 , 0.056151
0.128205 , 0.948718 , 0.056419
0.128205 , 0.974359 , 0.056765
0.128205 , 1.000000 , 0.056389
0.153846 , 0.000000 , 0.405509
0.153846 , 0.025641 , 0.406078
0.153846 , 0.051282 , 0.407986
0.153846 , 0.076923 , 0.410446
0.153846 , 0.102564 , 0.412504
0.153846 , 0.128205 , 0.414177
0.153846 , 0.153846 , 0.414729
0.153846 , 0.179487 , 0.413938
0.153846 , 0.205128 , 0.412145
0.153846 , 0.230769 , 0.408791
0.153846 , 0.256410 , 0.403766
0.153846 , 0.282051 , 0.397541
0.153846 , 0.307692 , 0.389291
0.153846 , 0.333333 , 0.379875
0.153846 , 0.358974 , 0.369596
0.153846 , 0.384615 , 0.357473
0.153846 , 0.410256 , 0.343967
0.153846 , 0.435897 , 0.331100
0.153846 , 0.461538 , 0.317312
0.153846 , 0.487179 , 0.304060
0.153846 , 0.512821 , 0.290286
0.153846 , 0.538462 , 0.276881
0.153846 , 0.564103 , 0.263202
0.153846 , 0.589744 , 0.250540
0.153846 , 0.615385 , 0.238606
0.153846 , 0.641026 , 0.226880
0.153846 , 0.666667 , 0.216777
0.153846 , 0.692308 , 0.208418
0.153846 , 0.717949 , 0.200776
0.153846 , 0.743590 , 0.193540
0.153846 , 0.769231 , 0.188183
0.153846 , 0.794872 , 0.184811
0.153846 , 0.820513 , 0.182533
0.153846 , 0.846154 , 0.179680
0.153846 , 0.871795 , 0.177956
0.153846 , 0.897436 , 0.177530
0.153846 , 0.923077 , 0.178330
0.153846 , 0.948718 , 0.179257
0.153846 , 0.974359 , 0.180460
0.153846 , 1.000000 , 0.180555
0.179487 , 0.000000 , 0.543655
0.179487 , 0.025641 , 0.544516
0.179487 , 0.051282 , 0.546024
0.179487 , 0.076923 , 0.548640
0.179487 , 0.102564 , 0.550920
0.179487 , 0.128205 , 0.552776
0.179487 , 0.153846 , 0.552910
0.179487 , 0.179487 , 0.552272
0.179487 , 0.205128 , 0.550747
0.179487 , 0.230769 , 0.547523
0.179487 , 0.256410 , 0.542387
0.179487 , 0.282051 , 0.535580
0.179487 , 0.307692 , 0.527440
0.179487 , 0.333333 , 0.517559
0.179487 , 0.358974 , 0.505787
0.179487 , 0.384615 , 0.492774
0.179487 , 0.410256 , 0.477863
0.179487 , 0.435897 , 0.462867
0.179487 , 0.461538 , 0.447604
0.179487 , 0.487179 , 0.432281
0.179487 , 0.512821 , 0.416693
0.179487 , 0.538462 , 0.402157
0.179487 , 0.564103 , 0.387486
0.179487 , 0.589744 , 0.373349
0.179487 , 0.615385 , 0.359390
0.179487 , 0.641026 , 0.346030
0.179487 , 0.666667 , 0.334623
0.179487 , 0.692308 , 0.324331
0.179487 , 0.717949 , 0.316077
0.179487 , 0.743590 , 0.308029
0.179487 , 0.769231 , 0.301477
0.179487 , 0.794872 , 0.297625
0.179487 , 0.820513 , 0.295436
0.179487 , 0.846154 , 0.291949
0.179487 , 0.871795 , 0.289855
0.179487 , 0.897436 , 0.288417
0.179487 , 0.923077 , 0.288442
0.179487 , 0.948718 , 0.289484
0.179487 , 0.974359 , 0.291399
0.179487 , 1.000000 , 0.292777
0.205128 , 0.000000 , 0.666813
0.205128 , 0.025641 , 0.667244
0.205128 , 0.051282 , 0.669359
0.205128 , 0.076923 , 0.671744
0.205128 , 0.102564 , 0.674106
0.205128 , 0.128205 , 0.676280
0.205128 , 0.153846 , 0.677037
0.205128 , 0.179487 , 0.676099
0.205128 , 0.205128 , 0.673974
0.205128 , 0.230769 , 0.670363
0.205128 , 0.256410 , 0.665093
0.205128 , 0.282051 , 0.658012
0.205128 , 0.307692 , 0.649761
0.205128 , 0.333333 , 0.639789
0.205128 , 0.358974 , 0.627898
0.205128 , 0.384615 , 0.614142
0.205128 , 0.410256 , 0.598147
0.205128 , 0.435897 , 0.581660
0.205128 , 0.461538 , 0.565248
0.205128 , 0.487179 , 0.548821
0.205128 , 0.512821 , 0.532340
0.205128 , 0.538462 , 0.516462
0.205128 , 0.564103 , 0.500877
0.205128 , 0.589744 , 0.485496
0.205128 , 0.615385 , 0.470024
0.205128 , 0.641026 , 0.455658
0.205128 , 0.666667 , 0.442893
0.205128 , 0.692308 , 0.431045
0.205128 , 0.717949 , 0.421139
0.205128 , 0.743590 , 0.412944
0.205128 , 0.769231 , 0.405749
0.205128 , 0.794872 , 0.400502
0.205128 , 0.820513 , 0.397831
0.205128 , 0.846154 , 0.394654
0.205128 , 0.871795 , 0.392157
0.205128 , 0.897436 , 0.390018
0.205128 , 0.923077 , 0.389950
0.205128 , 0.948718 , 0.390595
0.205128 , 0.974359 , 0.391300
0.205128 , 1.000000 , 0.392548
0.230769 , 0.000000 , 0.776945
0.230769 , 0.025641 , 0.777098
0.230769 , 0.051282 , 0.778984
0.230769 , 0.076923 , 0.781690
0.230769 , 0.102564 , 0.783445
0.230769 , 0.128205 , 0.785383
0.230769 , 0.153846 , 0.786508
0.230769 , 0.179487 , 0.785754
0.230769 , 0.205128 , 0.782383
0.230769 , 0.230769 , 0.777982
0.230769 , 0.256410 , 0.772905
0.230769 , 0.282051 , 0.765399
0.230769 , 0.307692 , 0.757059
0.230769 , 0.333333 , 0.747365
0.230769 , 0.358974 , 0.735394
0.230769 , 0.384615 , 0.721568
0.230769 , 0.410256 , 0.705430
0.230769 , 0.435897 , 0.688265
0.230769 , 0.461538 , 0.671501
0.230769 , 0.487179 , 0.654339
0.230769 , 0.512821 , 0.637118
0.230769 , 0.538462 , 0.619841
0.230769 , 0.564103 , 0.603134
0.230769 , 0.589744 , 0.587157
0.230769 , 0.615385 , 0.571492
0.230769 , 0.641026 , 0.556180
0.230769 , 0.666667 , 0.541895
0.230769 , 0.692308 , 0.529342
0.230769 , 0.717949 , 0.518772
0.230769 , 0.743590 , 0.509857
0.230769 , 0.769231 , 0.502760
0.230769 , 0.794872 , 0.496466
0.230769 , 0.820513 , 0.492068
0.230769 , 0.846154 , 0.488305
0.230769 , 0.871795 , 0.485717
0.230769 , 0.897436 , 0.482667
0.230769 , 0.923077 , 0.482368
0.230769 , 0.948718 , 0.483027
0.230769 , 0.974359 , 0.483779
0.230769 , 1.000000 , 0.484260
0.256410 , 0.000000 , 0.874049
0.256410 , 0.025641 , 0.874319
0.256410 , 0.051282 , 0.875687
0.256410 , 0.076923 , 0.878273
0.256410 , 0.102564 , 0.880319
0.256410 , 0.128205 , 0.881733
0.256410 , 0.153846 , 0.882254
0.256410 , 0.179487 , 0.881291
0.256410 , 0.205128 , 0.877781
0.256410 , 0.230769 , 0.872400
0.256410 , 0.256410 , 0.867542
0.256410 , 0.282051 , 0.860228
0.256410 , 0.307692 , 0.851579
0.256410 , 0.333333 , 0.841708
0.256410 , 0.358974 , 0.829582
0.256410 , 0.384615 , 0.815178
0.256410 , 0.410256 , 0.799794
0.256410 , 0.435897 , 0.782717
0.256410 , 0.461538 , 0.766217
0.256410 , 0.487179 , 0.748644
0.256410 , 0.512821 , 0.730596
0.256410 , 0.538462 , 0.712338
0.256410 , 0.564103 , 0.695134
0.256410 , 0.589744 , 0.678037
0.256410 , 0.615385 , 0.662400
0.256410 , 0.641026 , 0.646987
0.256410 , 0.666667 , 0.631871
0.256410 , 0.692308 , 0.618687
0.256410 , 0.717949 , 0.608054
0.256410 , 0.743590 , 0.598666
0.256410 , 0.769231 , 0.590860
0.256410 , 0.794872 , 0.584680
0.256410 , 0.820513 , 0.578668
0.256410 , 0.846154 , 0.573678
0.256410 , 0.871795 , 0.570822
0.256410 , 0.897436 , 0.568414
0.256410 , 0.923077 , 0.567483
0.256410 , 0.948718 , 0.567134
0.256410 , 0.974359 , 0.567031
0.256410 , 1.000000 , 0.567550
0.282051 , 0.000000 , 0.959165
0.282051 , 0.025641 , 0.959291
0.282051 , 0.051282 , 0.960530
0.282051 , 0.076923 , 0.962846
0.282051 , 0.102564 , 0.965037
0.282051 , 0.128205 , 0.965864
0.282051 , 0.153846 , 0.965716
0.282051 , 0.179487 , 0.964532
0.282051 , 0.205128 , 0.961230
0.282051 , 0.230769 , 0.955118
0.282051 , 0.256410 , 0.949492
0.282051 , 0.282051 , 0.942122
0.282051 , 0.307692 , 0.933187
0.282051 , 0.333333 , 0.923079
0.282051 , 0.358974 , 0.910829
0.282051 , 0.384615 , 0.896541
0.282051 , 0.410256 , 0.882037
0.282051 , 0.435897 , 0.865390
0.282051 , 0.461538 , 0.848889
0.282051 , 0.487179 , 0.831880
0.282051 , 0.512821 , 0.813832
0.282051 , 0.538462 , 0.795777
0.282051 , 0.564103 , 0.777597
0.282051 , 0.589744 , 0.760522
0.282051 , 0.615385 , 0.744567
0.282051 , 0.641026 , 0.729343
0.282051 , 0.666667 , 0.714398
0.282051 , 0.692308 , 0.700780
0.282051 , 0.717949 , 0.689394
0.282051 , 0.743590 , 0.680211
0.282051 , 0.769231 , 0.671286
0.282051 , 0.794872 , 0.663366
0.282051 , 0.820513 , 0.656761
0.282051 , 0.846154 , 0.651189
0.282051 , 0.871795 , 0.648131
0.282051 , 0.897436 , 0.646253
0.282051 , 0.923077 , 0.645619
0.282051 , 0.948718 , 0.644477
0.282051 , 0.974359 , 0.643684
0.282051 , 1.000000 , 0.643214
0.307692 , 0.000000 , 1.032811
0.307692 , 0.025641 , 1.033239
0.307692 , 0.051282 , 1.034760
0.307692 , 0.076923 , 1.036576
0.307692 , 0.102564 , 1.038369
0.307692 , 0.128205 , 1.038814
0.307692 , 0.153846 , 1.037467
0.307692 , 0.179487 , 1.035853
0.307692 , 0.205128 , 1.032983
0.307692 , 0.230769 , 1.027220
0.307692 , 0.256410 , 1.020228
0.307692 , 0.282051 , 1.012658
0.307692 , 0.307692 , 1.003370
0.307692 , 0.333333 , 0.992746
0.307692 , 0.358974 , 0.981028
0.307692 , 0.384615 , 0.967166
0.307692 , 0.410256 , 0.953760
0.307692 , 0.435897 , 0.938364
0.307692 , 0.461538 , 0.921856
0.307692 , 0.487179 , 0.905023
0.307692 , 0.512821 , 0.887827
0.307692 , 0.538462 , 0.869989
0.307692 , 0.564103 , 0.852231
0.307692 , 0.589744 , 0.835193
0.307692 , 0.615385 , 0.818844
0.307692 , 0.641026 , 0.803588
0.307692 , 0.666667 , 0.789333
0.307692 , 0.692308 , 0.776378
0.307692 , 0.717949 , 0.764336
0.307692 , 0.743590 , 0.754472
0.307692 , 0.769231 , 0.744490
0.307692 , 0.794872 , 0.735438
0.307692 , 0.820513 , 0.727824
0.307692 , 0.846154 , 0.721884
0.307692 , 0.871795 , 0.718362
0.307692 , 0.897436 , 0.716636
0.307692 , 0.923077 , 0.716221
0.307692 , 0.948718 , 0.715144
0.307692 , 0.974359 , 0.713750
0.307692 , 1.000000 , 0.712849
0.333333 , 0.000000 , 1.096265
0.333333 , 0.025641 , 1.097481
0.333333 , 0.051282 , 1.098259
0.333333 , 0.076923 , 1.099529
0.333333 , 0.102564 , 1.100772
0.333333 , 0.128205 , 1.100893
0.333333 , 0.153846 , 1.099244
0.333333 , 0.179487 , 1.096444
0.333333 , 0.205128 , 1.092858
0.333333 , 0.230769 , 1.087393
0.333333 , 0.256410 , 1.080874
0.333333 , 0.282051 , 1.072701
0.333333 , 0.307692 , 1.063523
0.333333 , 0.333333 , 1.053610
0.333333 , 0.358974 , 1.042451
0.333333 , 0.384615 , 1.029251
0.333333 , 0.410256 , 1.015753
0.333333 , 0.435897 , 1.000772
0.333333 , 0.461538 , 0.985755
0.333333 , 0.487179 , 0.969460
0.333333 , 0.512821 , 0.953141
0.333333 , 0.538462 , 0.936164
0.333333 , 0.564103 , 0.918964
0.333333 , 0.589744 , 0.902654
0.333333 , 0.615385 , 0.886096
0.333333 , 0.641026 , 0.871063
0.333333 , 0.666667 , 0.856788
0.333333 , 0.692308 , 0.844100
0.333333 , 0.717949 , 0.832493
0.333333 , 0.743590 , 0.821918
0.333333 , 0.769231 , 0.811105
0.333333 , 0.794872 , 0.801307
0.333333 , 0.820513 , 0.793137
0.333333 , 0.846154 , 0.787061
0.333333 , 0.871795 , 0.782634
0.333333 , 0.897436 , 0.780425
0.333333 , 0.923077 , 0.779404
0.333333 , 0.948718 , 0.777986
0.333333 , 0.974359 , 0.776615
0.333333 , 1.000000 , 0.775944
0.358974 , 0.000000 , 1.151101
0.358974 , 0.025641 , 1.151672
0.358974 , 0.051282 , 1.152400
0.358974 , 0.076923 , 1.152547
0.358974 , 0.102564 , 1.153224
0.358974 , 0.128205 , 1.152664
0.358974 , 0.153846 , 1.150367
0.358974 , 0.179487 , 1.146676
0.358974 , 0.205128 , 1.142647
0.358974 , 0.230769 , 1.136615
0.358974 , 0.256410 , 1.130314
0.358974 , 0.282051 , 1.123208
0.358974 , 0.307692 , 1.114212
0.358974 , 0.333333 , 1.105449
0.358974 , 0.358974 , 1.095270
0.358974 , 0.384615 , 1.082492
0.358974 , 0.410256 , 1.069206
0.358974 , 0.435897 , 1.055122
0.358974 , 0.461538 , 1.040873
0.358974 , 0.487179 , 1.025633
0.358974 , 0.512821 , 1.010283
0.358974 , 0.538462 , 0.994154
0.358974 , 0.564103 , 0.978093
0.358974 , 0.589744 , 0.962187
0.358974 , 0.615385 , 0.946690
0.358974 , 0.641026 , 0.932376
0.358974 , 0.666667 , 0.919048
0.358974 , 0.692308 , 0.905503
0.358974 , 0.717949 , 0.893561
0.358974 , 0.743590 , 0.883530
0.358974 , 0.769231 , 0.873153
0.358974 , 0.794872 , 0.862854
0.358974 , 0.820513 , 0.853594
0.358974 , 0.846154 , 0.846951
0.358974 , 0.871795 , 0.841816
0.358974 , 0.897436 , 0.838427
0.358974 , 0.923077 , 0.836155
0.358974 , 0.948718 , 0.834266
0.358974 , 0.974359 , 0.833187
0.358974 , 1.000000 , 0.832835
0.384615 , 0.000000 , 1.195688
0.384615 , 0.025641 , 1.196683
0.384615 , 0.051282 , 1.197563
0.384615 , 0.076923 , 1.197488
0.384615 , 0.102564 , 1.197101
0.384615 , 0.128205 , 1.196230
0.384615 , 0.153846 , 1.193249
0.384615 , 0.179487 , 1.188539
0.384615 , 0.205128 , 1.183778
0.384615 , 0.230769 , 1.177773
0.384615 , 0.256410 , 1.171634
0.384615 , 0.282051 , 1.164717
0.384615 , 0.307692 , 1.155851
0.384615 , 0.333333 , 1.147588
0.384615 , 0.358974 , 1.138140
0.384615 , 0.384615 , 1.126770
0.384615 , 0.410256 , 1.114175
0.384615 , 0.435897 , 1.101725
0.384615 , 0.461538 , 1.088264
0.384615 , 0.487179 , 1.074082
0.384615 , 0.512821 , 1.059263
0.384615 , 0.538462 , 1.044203
0.384615 , 0.564103 , 1.029678
0.384615 , 0.589744 , 1.014819
0.384615 , 0.615385 , 1.000626
0.384615 , 0.641026 , 0.987043
0.384615 , 0.666667 , 0.973806
0.384615 , 0.692308 , 0.960550
0.384615 , 0.717949 , 0.948647
0.384615 , 0.743590 , 0.939024
0.384615 , 0.769231 , 0.928839
0.384615 , 0.794872 , 0.918387
0.384615 , 0.820513 , 0.908451
0.384615 , 0.846154 , 0.900906
0.384615 , 0.871795 , 0.894993
0.384615 , 0.897436 , 0.890834
0.384615 , 0.923077 , 0.887826
0.384615 , 0.948718 , 0.885521
0.384615 , 0.974359 , 0.884036
0.384615 , 1.000000 , 0.883676
0.410256 , 0.000000 , 1.234230
0.410256 , 0.025641 , 1.234195
0.410256 , 0.051282 , 1.234610
0.410256 , 0.076923 , 1.233949
0.410256 , 0.102564 , 1.232689
0.410256 , 0.128205 , 1.231372
0.410256 , 0.153846 , 1.228123
0.410256 , 0.179487 , 1.223029
0.410256 , 0.205128 , 1.217651
0.410256 , 0.230769 , 1.211735
0.410256 , 0.256410 , 1.204875
0.410256 , 0.282051 , 1.197708
0.410256 , 0.307692 , 1.189655
0.410256 , 0.333333 , 1.181764
0.410256 , 0.358974 , 1.173126
0.410256 , 0.384615 , 1.162667
0.410256 , 0.410256 , 1.151593
0.410256 , 0.435897 , 1.140178
0.410256 , 0.461538 , 1.127917
0.410256 , 0.487179 , 1.115253
0.410256 , 0.512821 , 1.101595
0.410256 , 0.538462 , 1.088116
0.410256 , 0.564103 , 1.074446
0.410256 , 0.589744 , 1.061050
0.410256 , 0.615385 , 1.047953
0.410256 , 0.641026 , 1.035020
0.410256 , 0.666667 , 1.022539
0.410256 , 0.692308 , 1.009974
0.410256 , 0.717949 , 0.998127
0.410256 , 0.743590 , 0.988194
0.410256 , 0.769231 , 0.977878
0.410256 , 0.794872 , 0.967637
0.410256 , 0.820513 , 0.957876
0.410256 , 0.846154 , 0.949467
0.410256 , 0.871795 , 0.942997
0.410256 , 0.897436 , 0.938143
0.410256 , 0.923077 , 0.934627
0.410256 , 0.948718 , 0.932192
0.410256 , 0.974359 , 0.930492
0.410256 , 1.000000 , 0.929824
0.435897 , 0.000000 , 1.265726
0.435897 , 0.025641 , 1.265494
0.435897 , 0.051282 , 1.264567
0.435897 , 0.076923 , 1.263517
0.435897 , 0.102564 , 1.261242
0.435897 , 0.128205 , 1.259099
0.435897 , 0.153846 , 1.255586
0.435897 , 0.179487 , 1.250616
0.435897 , 0.205128 , 1.244899
0.435897 , 0.230769 , 1.239522
0.435897 , 0.256410 , 1.232231
0.435897 , 0.282051 , 1.224391
0.435897 , 0.307692 , 1.216366
0.435897 , 0.333333 , 1.209032
0.435897 , 0.358974 , 1.200827
0.435897 , 0.384615 , 1.191477
0.435897 , 0.410256 , 1.181378
0.435897 , 0.435897 , 1.171117
0.435897 , 0.461538 , 1.160454
0.435897 , 0.487179 , 1.149133
0.435897 , 0.512821 , 1.137304
0.435897 , 0.538462 , 1.125381
0.435897 , 0.564103 , 1.112936
0.435897 , 0.589744 , 1.100566
0.435897 , 0.615385 , 1.088955
0.435897 , 0.641026 , 1.076891
0.435897 , 0.666667 , 1.065296
0.435897 , 0.692308 , 1.054302
0.435897 , 0.717949 , 1.043052
0.435897 , 0.743590 , 1.031989
0.435897 , 0.769231 , 1.021141
0.435897 , 0.794872 , 1.011064
0.435897 , 0.820513 , 1.001931
0.435897 , 0.846154 , 0.994104
0.435897 , 0.871795 , 0.987371
0.435897 , 0.897436 , 0.981802
0.435897 , 0.923077 , 0.977983
0.435897 , 0.948718 , 0.974982
0.435897 , 0.974359 , 0.973180
0.435897 , 1.000000 , 0.972496
0.461538 , 0.000000 , 1.289838
0.461538 , 0.025641 , 1.289818
0.461538 , 0.051282 , 1.288320
0.461538 , 0.076923 , 1.285975
0.461538 , 0.102564 , 1.282930
0.461538 , 0.128205 , 1.280122
0.461538 , 0.153846 , 1.276345
0.461538 , 0.179487 , 1.270855
0.461538 , 0.205128 , 1.264932
0.461538 , 0.230769 , 1.259648
0.461538 , 0.256410 , 1.253022
0.461538 , 0.282051 , 1.245369
0.461538 , 0.307692 , 1.237456
0.461538 , 0.333333 , 1.230173
0.461538 , 0.358974 , 1.222400
0.461538 , 0.384615 , 1.213901
0.461538 , 0.410256 , 1.204943
0.461538 , 0.435897 , 1.195853
0.461538 , 0.461538 , 1.186432
0.461538 , 0.487179 , 1.177007
0.461538 , 0.512821 , 1.166891
0.461538 , 0.538462 , 1.156724
0.461538 , 0.564103 , 1.145571
0.461538 , 0.589744 , 1.134520
0.461538 , 0.615385 , 1.124527
0.461538 , 0.641026 , 1.113277
0.461538 , 0.666667 , 1.102317
0.461538 , 0.692308 , 1.092203
0.461538 , 0.717949 , 1.082206
0.461538 , 0.743590 , 1.071428
0.461538 , 0.769231 , 1.060638
0.461538 , 0.794872 , 1.050605
0.461538 , 0.820513 , 1.041945
0.461538 , 0.846154 , 1.034525
0.461538 , 0.871795 , 1.028044
0.461538 , 0.897436 , 1.022039
0.461538 , 0.923077 , 1.017782
0.461538 , 0.948718 , 1.014614
0.461538 , 0.974359 , 1.012415
0.461538 , 1.000000 , 1.012126
0.487179 , 0.000000 , 1.308050
0.487179 , 0.025641 , 1.307635
0.487179 , 0.051282 , 1.305615
0.487179 , 0.076923 , 1.302897
0.487179 , 0.102564 , 1.299664
0.487179 , 0.128205 , 1.296095
0.487179 , 0.153846 , 1.291687
0.487179 , 0.179487 , 1.286228
0.487179 , 0.205128 , 1.279886
0.487179 , 0.230769 , 1.274086
0.487179 , 0.256410 , 1.267293
0.487179 , 0.282051 , 1.259961
0.487179 , 0.307692 , 1.252822
0.487179 , 0.333333 , 1.245434
0.487179 , 0.358974 , 1.238236
0.487179 , 0.384615 , 1.230254
0.487179 , 0.410256 , 1.222639
0.487179 , 0.435897 , 1.214730
0.487179 , 0.461538 , 1.207123
0.487179 , 0.487179 , 1.199007
0.487179 , 0.512821 , 1.190764
0.487179 , 0.538462 , 1.182438
0.487179 , 0.564103 , 1.173654
0.487179 , 0.589744 , 1.163878
0.487179 , 0.615385 , 1.155102
0.487179 , 0.641026 , 1.145444
0.487179 , 0.666667 , 1.135280
0.487179 , 0.692308 , 1.126224
0.487179 , 0.717949 , 1.116533
0.487179 , 0.743590 , 1.106439
0.487179 , 0.769231 , 1.096407
0.487179 , 0.794872 , 1.086690
0.487179 , 0.820513 , 1.078072
0.487179 , 0.846154 , 1.070806
0.487179 , 0.871795 , 1.064530
0.487179 , 0.897436 , 1.058804
0.487179 , 0.923077 , 1.054522
0.487179 , 0.948718 , 1.051061
0.487179 , 0.974359 , 1.049101
0.487179 , 1.000000 , 1.048705
0.512821 , 0.000000 , 1.320445
0.512821 , 0.025641 , 1.319937
0.512821 , 0.051282 , 1.317896
0.512821 , 0.076923 , 1.314915
0.512821 , 0.102564 , 1.310964
0.512821 , 0.128205 , 1.306747
0.512821 , 0.153846 , 1.301267
0.512821 , 0.179487 , 1.296063
0.512821 , 0.205128 , 1.289847
0.512821 , 0.230769 , 1.283203
0.512821 , 0.256410 , 1.276566
0.512821 , 0.282051 , 1.269160
0.512821 , 0.307692 , 1.262068
0.512821 , 0.333333 , 1.255194
0.512821 , 0.358974 , 1.248818
0.512821 , 0.384615 , 1.241684
0.512821 , 0.410256 , 1.235304
0.512821 , 0.435897 , 1.229093
0.512821 , 0.461538 , 1.222945
0.512821 , 0.487179 , 1.216782
0.512821 , 0.512821 , 1.210166
0.512821 , 0.538462 , 1.202786
0.512821 , 0.564103 , 1.196248
0.512821 , 0.589744 , 1.188929
0.512821 , 0.615385 , 1.180736
0.512821 , 0.641026 , 1.172379
0.512821 , 0.666667 , 1.163845
0.512821 , 0.692308 , 1.156246
0.512821 , 0.717949 , 1.147625
0.512821 , 0.743590 , 1.137797
0.512821 , 0.769231 , 1.128289
0.512821 , 0.794872 , 1.119197
0.512821 , 0.820513 , 1.110345
0.512821 , 0.846154 , 1.103095
0.512821 , 0.871795 , 1.096900
0.512821 , 0.897436 , 1.090997
0.512821 , 0.923077 , 1.087199
0.512821 , 0.948718 , 1.084443
0.512821 , 0.974359 , 1.082853
0.512821 , 1.000000 , 1.083185
0.538462 , 0.000000 , 1.328007
0.538462 , 0.025641 , 1.327188
0.538462 , 0.051282 , 1.325263
0.538462 , 0.076923 , 1.322017
0.538462 , 0.102564 , 1.317455
0.538462 , 0.128205 , 1.312763
0.538462 , 0.153846 , 1.306434
0.538462 , 0.179487 , 1.301202
0.538462 , 0.205128 , 1.295269
0.538462 , 0.230769 , 1.288678
0.538462 , 0.256410 , 1.282265
0.538462 , 0.282051 , 1.274882
0.538462 , 0.307692 , 1.267895
0.538462 , 0.333333 , 1.261293
0.538462 , 0.358974 , 1.255085
0.538462 , 0.384615 , 1.249072
0.538462 , 0.410256 , 1.243891
0.538462 , 0.435897 , 1.238983
0.538462 , 0.461538 , 1.234328
0.538462 , 0.487179 , 1.229580
0.538462 , 0.512821 , 1.224800
0.538462 , 0.538462 , 1.219289
0.538462 , 0.564103 , 1.214504
0.538462 , 0.589744 , 1.209236
0.538462 , 0.615385 , 1.202232
0.538462 , 0.641026 , 1.194924
0.538462 , 0.666667 , 1.188479
0.538462 , 0.692308 , 1.181841
0.538462 , 0.717949 , 1.174567
0.538462 , 0.743590 , 1.165775
0.538462 , 0.769231 , 1.156788
0.538462 , 0.794872 , 1.148574
0.538462 , 0.820513 , 1.140132
0.538462 , 0.846154 , 1.132331
0.538462 , 0.871795 , 1.126683
0.538462 , 0.897436 , 1.120944
0.538462 , 0.923077 , 1.116407
0.538462 , 0.948718 , 1.114151
0.538462 , 0.974359 , 1.113277
0.538462 , 1.000000 , 1.113217
0.564103 , 0.000000 , 1.331483
0.564103 , 0.025641 , 1.330626
0.564103 , 0.051282 , 1.328266
0.564103 , 0.076923 , 1.324846
0.564103 , 0.102564 , 1.320288
0.564103 , 0.128205 , 1.315342
0.564103 , 0.153846 , 1.308894
0.564103 , 0.179487 , 1.302876
0.564103 , 0.205128 , 1.297048
0.564103 , 0.230769 , 1.290791
0.564103 , 0.256410 , 1.284036
0.564103 , 0.282051 , 1.277194
0.564103 , 0.307692 , 1.270255
0.564103 , 0.333333 , 1.263423
0.564103 , 0.358974 , 1.257589
0.564103 , 0.384615 , 1.252348
0.564103 , 0.410256 , 1.248123
0.564103 , 0.435897 , 1.244752
0.564103 , 0.461538 , 1.241164
0.564103 , 0.487179 , 1.238158
0.564103 , 0.512821 , 1.235138
0.564103 , 0.538462 , 1.231620
0.564103 , 0.564103 , 1.228264
0.564103 , 0.589744 , 1.224145
0.564103 , 0.615385 , 1.218928
0.564103 , 0.641026 , 1.213425
0.564103 , 0.666667 , 1.208523
0.564103 , 0.692308 , 1.202950
0.564103 , 0.717949 , 1.196877
0.564103 , 0.743590 , 1.189674
0.564103 , 0.769231 , 1.182435
0.564103 , 0.794872 , 1.174966
0.564103 , 0.820513 , 1.167207
0.564103 , 0.846154 , 1.160308
0.564103 , 0.871795 , 1.154326
0.564103 , 0.897436 , 1.148384
0.564103 , 0.923077 , 1.143881
0.564103 , 0.948718 , 1.140817
0.564103 , 0.974359 , 1.139622
0.564103 , 1.000000 , 1.139717
0.589744 , 0.000000 , 1.332026
0.589744 , 0.025641 , 1.330963
0.589744 , 0.051282 , 1.328521
0.589744 , 0.076923 , 1.324785
0.589744 , 0.102564 , 1.319952
0.589744 , 0.128205 , 1.314853
0.589744 , 0.153846 , 1.308927
0.589744 , 0.179487 , 1.302837
0.589744 , 0.205128 , 1.296533
0.589744 , 0.230769 , 1.289438
0.589744 , 0.256410 , 1.282893
0.589744 , 0.282051 , 1.276558
0.589744 , 0.307692 , 1.269767
0.589744 , 0.333333 , 1.263021
0.589744 , 0.358974 , 1.257323
0.589744 , 0.384615 , 1.252701
0.589744 , 0.410256 , 1.249433
0.589744 , 0.435897 , 1.246914
0.589744 , 0.461538 , 1.244888
0.589744 , 0.487179 , 1.243636
0.589744 , 0.512821 , 1.242044
0.589744 , 0.538462 , 1.240311
0.589744 , 0.564103 , 1.238502
0.589744 , 0.589744 , 1.235762
0.589744 , 0.615385 , 1.232045
0.589744 , 0.641026 , 1.228655
0.589744 , 0.666667 , 1.225042
0.589744 , 0.692308 , 1.220573
0.589744 , 0.717949 , 1.215990
0.589744 , 0.743590 , 1.210347
0.589744 , 0.769231 , 1.204604
0.589744 , 0.794872 , 1.198391
0.589744 , 0.820513 , 1.191617
0.589744 , 0.846154 , 1.185117
0.589744 , 0.871795 , 1.179571
0.589744 , 0.897436 , 1.173152
0.589744 , 0.923077 , 1.167869
0.589744 , 0.948718 , 1.164179
0.589744 , 0.974359 , 1.162666
0.589744 , 1.000000 , 1.162656
0.615385 , 0.000000 , 1.329897
0.615385 , 0.025641 , 1.329053
0.615385 , 0.051282 , 1.326476
0.615385 , 0.076923 , 1.322430
0.615385 , 0.102564 , 1.317519
0.615385 , 0.128205 , 1.312030
0.615385 , 0.153846 , 1.305761
0.615385 , 0.179487 , 1.299135
0.615385 , 0.205128 , 1.292954
0.615385 , 0.230769 , 1.285515
0.615385 , 0.256410 , 1.279364
0.615385 , 0.282051 , 1.273654
0.615385 , 0.307692 , 1.267258
0.615385 , 0.333333 , 1.260740
0.615385 , 0.358974 , 1.255500
0.615385 , 0.384615 , 1.251018
0.615385 , 0.410256 , 1.248576
0.615385 , 0.435897 , 1.247178
0.615385 , 0.461538 , 1.246028
0.615385 , 0.487179 , 1.246259
0.615385 , 0.512821 , 1.246537
0.615385 , 0.538462 , 1.246127
0.615385 , 0.564103 , 1.245696
0.615385 , 0.589744 , 1.244517
0.615385 , 0.615385 , 1.242752
0.615385 , 0.641026 , 1.241096
0.615385 , 0.666667 , 1.238706
0.615385 , 0.692308 , 1.235183
0.615385 , 0.717949 , 1.231645
0.615385 , 0.743590 , 1.227494
0.615385 , 0.769231 , 1.223358
0.615385 , 0.794872 , 1.218258
0.615385 , 0.820513 , 1.212289
0.615385 , 0.846154 , 1.206648
0.615385 , 0.871795 , 1.201411
0.615385 , 0.897436 , 1.195467
0.615385 , 0.923077 , 1.189622
0.615385 , 0.948718 , 1.185745
0.615385 , 0.974359 , 1.184076
0.615385 , 1.000000 , 1.183911
0.641026 , 0.000000 , 1.325318
0.641026 , 0.025641 , 1.324799
0.641026 , 0.051282 , 1.322098
0.641026 , 0.076923 , 1.318180
0.641026 , 0.102564 , 1.313017
0.641026 , 0.128205 , 1.307446
0.641026 , 0.153846 , 1.301070
0.641026 , 0.179487 , 1.294294
0.641026 , 0.205128 , 1.287454
0.641026 , 0.230769 , 1.280676
0.641026 , 0.256410 , 1.274545
0.641026 , 0.282051 , 1.268380
0.641026 , 0.307692 , 1.262258
0.641026 , 0.333333 , 1.256566
0.641026 , 0.358974 , 1.252052
0.641026 , 0.384615 , 1.248562
0.641026 , 0.410256 , 1.246648
0.641026 , 0.435897 , 1.246285
0.641026 , 0.461538 , 1.246031
0.641026 , 0.487179 , 1.246572
0.641026 , 0.512821 , 1.247917
0.641026 , 0.538462 , 1.249273
0.641026 , 0.564103 , 1.249718
0.641026 , 0.589744 , 1.250110
0.641026 , 0.615385 , 1.250157
0.641026 , 0.641026 , 1.250023
0.641026 , 0.666667 , 1.248625
0.641026 , 0.692308 , 1.247289
0.641026 , 0.717949 , 1.245307
0.641026 , 0.743590 , 1.241932
0.641026 , 0.769231 , 1.238728
0.641026 , 0.794872 , 1.235605
0.641026 , 0.820513 , 1.230230
0.641026 , 0.846154 , 1.225462
0.641026 , 0.871795 , 1.219709
0.641026 , 0.897436 , 1.214067
0.641026 , 0.923077 , 1.208735
0.641026 , 0.948718 , 1.205354
0.641026 , 0.974359 , 1.203409
0.641026 , 1.000000 , 1.202666
0.666667 , 0.000000 , 1.319041
0.666667 , 0.025641 , 1.318710
0.666667 , 0.051282 , 1.316313
0.666667 , 0.076923 , 1.312285
0.666667 , 0.102564 , 1.306908
0.666667 , 0.128205 , 1.300951
0.666667 , 0.153846 , 1.294754
0.666667 , 0.179487 , 1.288727
0.666667 , 0.205128 , 1.281250
0.666667 , 0.230769 , 1.274514
0.666667 , 0.256410 , 1.268640
0.666667 , 0.282051 , 1.262964
0.666667 , 0.307692 , 1.256341
0.666667 , 0.333333 , 1.251043
0.666667 , 0.358974 , 1.247229
0.666667 , 0.384615 , 1.244756
0.666667 , 0.410256 , 1.243760
0.666667 , 0.435897 , 1.243269
0.666667 , 0.461538 , 1.243869
0.666667 , 0.487179 , 1.245111
0.666667 , 0.512821 , 1.247156
0.666667 , 0.538462 , 1.248960
0.666667 , 0.564103 , 1.250416
0.666667 , 0.589744 , 1.252340
0.666667 , 0.615385 , 1.254197
0.666667 , 0.641026 , 1.255629
0.666667 , 0.666667 , 1.256365
0.666667 , 0.692308 , 1.256290
0.666667 , 0.717949 , 1.255198
0.666667 , 0.743590 , 1.252551
0.666667 , 0.769231 , 1.250118
0.666667 , 0.794872 , 1.247811
0.666667 , 0.820513 , 1.244388
0.666667 , 0.846154 , 1.240988
0.666667 , 0.871795 , 1.235766
0.666667 , 0.897436 , 1.230502
0.666667 , 0.923077 , 1.225568
0.666667 , 0.948718 , 1.222085
0.666667 , 0.974359 , 1.219974
0.666667 , 1.000000 , 1.219068
0.692308 , 0.000000 , 1.311757
0.692308 , 0.025641 , 1.311259
0.692308 , 0.051282 , 1.309552
0.692308 , 0.076923 , 1.305400
0.692308 , 0.102564 , 1.299665
0.692308 , 0.128205 , 1.293983
0.692308 , 0.153846 , 1.287193
0.692308 , 0.179487 , 1.281463
0.692308 , 0.205128 , 1.274159
0.692308 , 0.230769 , 1.267144
0.692308 , 0.256410 , 1.261153
0.692308 , 0.282051 , 1.255619
0.692308 , 0.307692 , 1.249575
0.692308 , 0.333333 , 1.244551
0.692308 , 0.358974 , 1.241620
0.692308 , 0.384615 , 1.240342
0.692308 , 0.410256 , 1.239571
0.692308 , 0.435897 , 1.239556
0.692308 , 0.461538 , 1.240163
0.692308 , 0.487179 , 1.241430
0.692308 , 0.512821 , 1.244003
0.692308 , 0.538462 , 1.246755
0.692308 , 0.564103 , 1.249586
0.692308 , 0.589744 , 1.253444
0.692308 , 0.615385 , 1.256267
0.692308 , 0.641026 , 1.258700
0.692308 , 0.666667 , 1.261109
0.692308 , 0.692308 , 1.262677
0.692308 , 0.717949 , 1.262486
0.692308 , 0.743590 , 1.260685
0.692308 , 0.769231 , 1.258295
0.692308 , 0.794872 , 1.256577
0.692308 , 0.820513 , 1.254380
0.692308 , 0.846154 , 1.252396
0.692308 , 0.871795 , 1.249277
0.692308 , 0.897436 , 1.244272
0.692308 , 0.923077 , 1.239844
0.692308 , 0.948718 , 1.236657
0.692308 , 0.974359 , 1.234389
0.692308 , 1.000000 , 1.233105
0.717949 , 0.000000 , 1.304143
0.717949 , 0.025641 , 1.303518
0.717949 , 0.051282 , 1.301478
0.717949 , 0.076923 , 1.297626
0.717949 , 0.102564 , 1.292248
0.717949 , 0.128205 , 1.287096
0.717949 , 0.153846 , 1.280159
0.717949 , 0.179487 , 1.273403
0.717949 , 0.205128 , 1.266504
0.717949 , 0.230769 , 1.258847
0.717949 , 0.256410 , 1.252859
0.717949 , 0.282051 , 1.247002
0.717949 , 0.307692 , 1.241861
0.717949 , 0.333333 , 1.237582
0.717949 , 0.358974 , 1.235349
0.717949 , 0.384615 , 1.234939
0.717949 , 0.410256 , 1.234526
0.717949 , 0.435897 , 1.234827
0.717949 , 0.461538 , 1.236017
0.717949 , 0.487179 , 1.237583
0.717949 , 0.512821 , 1.240397
0.717949 , 0.538462 , 1.243819
0.717949 , 0.564103 , 1.247740
0.717949 , 0.589744 , 1.252618
0.717949 , 0.615385 , 1.256472
0.717949 , 0.641026 , 1.260069
0.717949 , 0.666667 , 1.264175
0.717949 , 0.692308 , 1.266824
0.717949 , 0.717949 , 1.267139
0.717949 , 0.743590 , 1.265900
0.717949 , 0.769231 , 1.264407
0.717949 , 0.794872 , 1.263218
0.717949 , 0.820513 , 1.262762
0.717949 , 0.846154 , 1.260993
0.717949 , 0.871795 , 1.259555
0.717949 , 0.897436 , 1.255654
0.717949 , 0.923077 , 1.251570
0.717949 , 0.948718 , 1.248689
0.717949 , 0.974359 , 1.246602
0.717949 , 1.000000 , 1.245768
0.743590 , 0.000000 , 1.296099
0.743590 , 0.025641 , 1.295662
0.743590 , 0.051282 , 1.293258
0.743590 , 0.076923 , 1.289632
0.743590 , 0.102564 , 1.284440
0.743590 , 0.128205 , 1.279761
0.743590 , 0.153846 , 1.273172
0.743590 , 0.179487 , 1.266266
0.743590 , 0.205128 , 1.258697
0.743590 , 0.230769 , 1.251593
0.743590 , 0.256410 , 1.245190
0.743590 , 0.282051 , 1.239016
0.743590 , 0.307692 , 1.234395
0.743590 , 0.333333 , 1.231133
0.743590 , 0.358974 , 1.229230
0.743590 , 0.384615 , 1.228691
0.743590 , 0.410256 , 1.228698
0.743590 , 0.435897 , 1.228858
0.743590 , 0.461538 , 1.230970
0.743590 , 0.487179 , 1.233129
0.743590 , 0.512821 , 1.235746
0.743590 , 0.538462 , 1.239373
0.743590 , 0.564103 , 1.243890
0.743590 , 0.589744 , 1.249490
0.743590 , 0.615385 , 1.254660
0.743590 , 0.641026 , 1.259181
0.743590 , 0.666667 , 1.264073
0.743590 , 0.692308 , 1.267614
0.743590 , 0.717949 , 1.269303
0.743590 , 0.743590 , 1.269525
0.743590 , 0.769231 , 1.269427
0.743590 , 0.794872 , 1.269487
0.743590 , 0.820513 , 1.270312
0.743590 , 0.846154 , 1.269772
0.743590 , 0.871795 , 1.267880
0.743590 , 0.897436 , 1.265184
0.743590 , 0.923077 , 1.261960
0.743590 , 0.948718 , 1.259135
0.743590 , 0.974359 , 1.257033
0.743590 , 1.000000 , 1.256335
0.769231 , 0.000000 , 1.287661
0.769231 , 0.025641 , 1.287309
0.769231 , 0.051282 , 1.284720
0.769231 , 0.076923 , 1.281530
0.769231 , 0.102564 , 1.277090
0.769231 , 0.128205 , 1.272428
0.769231 , 0.153846 , 1.265876
0.769231 , 0.179487 , 1.258995
0.769231 , 0.205128 , 1.251218
0.769231 , 0.230769 , 1.243882
0.769231 , 0.256410 , 1.237038
0.769231 , 0.282051 , 1.231114
0.769231 , 0.307692 , 1.228005
0.769231 , 0.333333 , 1.225997
0.769231 , 0.358974 , 1.224636
0.769231 , 0.384615 , 1.223705
0.769231 , 0.410256 , 1.223650
0.769231 , 0.435897 , 1.223432
0.769231 , 0.461538 , 1.225188
0.769231 , 0.487179 , 1.227888
0.769231 , 0.512821 , 1.231434
0.769231 , 0.538462 , 1.235273
0.769231 , 0.564103 , 1.240004
0.769231 , 0.589744 , 1.246194
0.769231 , 0.615385 , 1.252936
0.769231 , 0.641026 , 1.258819
0.769231 , 0.666667 , 1.262740
0.769231 , 0.692308 , 1.265634
0.769231 , 0.717949 , 1.267930
0.769231 , 0.743590 , 1.270627
0.769231 , 0.769231 , 1.272962
0.769231 , 0.794872 , 1.274617
0.769231 , 0.820513 , 1.276238
0.769231 , 0.846154 , 1.276076
0.769231 , 0.871795 , 1.274173
0.769231 , 0.897436 , 1.272333
0.769231 , 0.923077 , 1.270873
0.769231 , 0.948718 , 1.268473
0.769231 , 0.974359 , 1.266276
0.769231 , 1.000000 , 1.265411
0.794872 , 0.000000 , 1.279128
0.794872 , 0.025641 , 1.278847
0.794872 , 0.051282 , 1.276483
0.794872 , 0.076923 , 1.273594
0.794872 , 0.102564 , 1.270049
0.794872 , 0.128205 , 1.265597
0.794872 , 0.153846 , 1.258997
0.794872 , 0.179487 , 1.252121
0.794872 , 0.205128 , 1.244277
0.794872 , 0.230769 , 1.236270
0.794872 , 0.256410 , 1.229783
0.794872 , 0.282051 , 1.224346
0.794872 , 0.307692 , 1.221665
0.794872 , 0.333333 , 1.220252
0.794872 , 0.358974 , 1.219649
0.794872 , 0.384615 , 1.218720
0.794872 , 0.410256 , 1.218869
0.794872 , 0.435897 , 1.219187
0.794872 , 0.461538 , 1.221143
0.794872 , 0.487179 , 1.223279
0.794872 , 0.512821 , 1.227055
0.794872 , 0.538462 , 1.231768
0.794872 , 0.564103 , 1.236797
0.794872 , 0.589744 , 1.243782
0.794872 , 0.615385 , 1.250803
0.794872 , 0.641026 , 1.256632
0.794872 , 0.666667 , 1.260079
0.794872 , 0.692308 , 1.262502
0.794872 , 0.717949 , 1.266105
0.794872 , 0.743590 , 1.270051
0.794872 , 0.769231 , 1.274726
0.794872 , 0.794872 , 1.277995
0.794872 , 0.820513 , 1.280420
0.794872 , 0.846154 , 1.280584
0.794872 , 0.871795 , 1.278457
0.794872 , 0.897436 , 1.277045
0.794872 , 0.923077 , 1.277043
0.794872 , 0.948718 , 1.275606
0.794872 , 0.974359 , 1.273646
0.794872 , 1.000000 , 1.272917
0.820513 , 0.000000 , 1.271276
0.820513 , 0.025641 , 1.270540
0.820513 , 0.051282 , 1.268626
0.820513 , 0.076923 , 1.266202
0.820513 , 0.102564 , 1.262651
0.820513 , 0.128205 , 1.258460
0.820513 , 0.153846 , 1.253420
0.820513 , 0.179487 , 1.246640
0.820513 , 0.205128 , 1.239645
0.820513 , 0.230769 , 1.231883
0.820513 , 0.256410 , 1.225140
0.820513 , 0.282051 , 1.220301
0.820513 , 0.307692 , 1.217609
0.820513 , 0.333333 , 1.216475
0.820513 , 0.358974 , 1.215082
0.820513 , 0.384615 , 1.214368
0.820513 , 0.410256 , 1.214142
0.820513 , 0.435897 , 1.215399
0.820513 , 0.461538 , 1.217446
0.820513 , 0.487179 , 1.219696
0.820513 , 0.512821 , 1.222943
0.820513 , 0.538462 , 1.227610
0.820513 , 0.564103 , 1.233267
0.820513 , 0.589744 , 1.239845
0.820513 , 0.615385 , 1.247073
0.820513 , 0.641026 , 1.252608
0.820513 , 0.666667 , 1.256559
0.820513 , 0.692308 , 1.260545
0.820513 , 0.717949 , 1.265072
0.820513 , 0.743590 , 1.270510
0.820513 , 0.769231 , 1.275180
0.820513 , 0.794872 , 1.279263
0.820513 , 0.820513 , 1.282038
0.820513 , 0.846154 , 1.283588
0.820513 , 0.871795 , 1.282480
0.820513 , 0.897436 , 1.281718
0.820513 , 0.923077 , 1.281868
0.820513 , 0.948718 , 1.281207
0.820513 , 0.974359 , 1.279486
0.820513 , 1.000000 , 1.278401
0.846154 , 0.000000 , 1.263356
0.846154 , 0.025641 , 1.262919
0.846154 , 0.051282 , 1.261685
0.846154 , 0.076923 , 1.259929
0.846154 , 0.102564 , 1.256339
0.846154 , 0.128205 , 1.252188
0.846154 , 0.153846 , 1.248159
0.846154 , 0.179487 , 1.242565
0.846154 , 0.205128 , 1.235431
0.846154 , 0.230769 , 1.228694
0.846154 , 0.256410 , 1.222122
0.846154 , 0.282051 , 1.217124
0.846154 , 0.307692 , 1.214353
0.846154 , 0.333333 , 1.213261
0.846154 , 0.358974 , 1.212039
0.846154 , 0.384615 , 1.211125
0.846154 , 0.410256 , 1.211403
0.846154 , 0.435897 , 1.212461
0.846154 , 0.461538 , 1.214586
0.846154 , 0.487179 , 1.216166
0.846154 , 0.512821 , 1.219061
0.846154 , 0.538462 , 1.223543
0.846154 , 0.564103 , 1.229179
0.846154 , 0.589744 , 1.235374
0.846154 , 0.615385 , 1.242049
0.846154 , 0.641026 , 1.247410
0.846154 , 0.666667 , 1.252158
0.846154 , 0.692308 , 1.257366
0.846154 , 0.717949 , 1.262766
0.846154 , 0.743590 , 1.268818
0.846154 , 0.769231 , 1.275034
0.846154 , 0.794872 , 1.279580
0.846154 , 0.820513 , 1.283041
0.846154 , 0.846154 , 1.285184
0.846154 , 0.871795 , 1.285093
0.846154 , 0.897436 , 1.285421
0.846154 , 0.923077 , 1.285660
0.846154 , 0.948718 , 1.285057
0.846154 , 0.974359 , 1.283987
0.846154 , 1.000000 , 1.282988
0.871795 , 0.000000 , 1.257227
0.871795 , 0.025641 , 1.256607
0.871795 , 0.051282 , 1.255419
0.871795 , 0.076923 , 1.254465
0.871795 , 0.102564 , 1.251155
0.871795 , 0.128205 , 1.247270
0.871795 , 0.153846 , 1.243249
0.871795 , 0.179487 , 1.237735
0.871795 , 0.205128 , 1.231707
0.871795 , 0.230769 , 1.226227
0.871795 , 0.256410 , 1.220982
0.871795 , 0.282051 , 1.215671
0.871795 , 0.307692 , 1.212923
0.871795 , 0.333333 , 1.211783
0.871795 , 0.358974 , 1.210353
0.871795 , 0.384615 , 1.208807
0.871795 , 0.410256 , 1.208721
0.871795 , 0.435897 , 1.209352
0.871795 , 0.461538 , 1.210672
0.871795 , 0.487179 , 1.212596
0.871795 , 0.512821 , 1.215464
0.871795 , 0.538462 , 1.219866
0.871795 , 0.564103 , 1.224736
0.871795 , 0.589744 , 1.230234
0.871795 , 0.615385 , 1.237126
0.871795 , 0.641026 , 1.242771
0.871795 , 0.666667 , 1.247618
0.871795 , 0.692308 , 1.252484
0.871795 , 0.717949 , 1.259150
0.871795 , 0.743590 , 1.265631
0.871795 , 0.769231 , 1.272294
0.871795 , 0.794872 , 1.277992
0.871795 , 0.820513 , 1.283120
0.871795 , 0.846154 , 1.286638
0.871795 , 0.871795 , 1.287564
0.871795 , 0.897436 , 1.288272
0.871795 , 0.923077 , 1.288395
0.871795 , 0.948718 , 1.287810
0.871795 , 0.974359 , 1.286712
0.871795 , 1.000000 , 1.286565
0.897436 , 0.000000 , 1.252129
0.897436 , 0.025641 , 1.251608
0.897436 , 0.051282 , 1.250883
0.897436 , 0.076923 , 1.249439
0.897436 , 0.102564 , 1.246912
0.897436 , 0.128205 , 1.243439
0.897436 , 0.153846 , 1.239214
0.897436 , 0.179487 , 1.234258
0.897436 , 0.205128 , 1.228826
0.897436 , 0.230769 , 1.224642
0.897436 , 0.256410 , 1.220154
0.897436 , 0.282051 , 1.215157
0.897436 , 0.307692 , 1.211913
0.897436 , 0.333333 , 1.209977
0.897436 , 0.358974 , 1.208209
0.897436 , 0.384615 , 1.206621
0.897436 , 0.410256 , 1.205790
0.897436 , 0.435897 , 1.206528
0.897436 , 0.461538 , 1.207443
0.897436 , 0.487179 , 1.209310
0.897436 , 0.512821 , 1.211982
0.897436 , 0.538462 , 1.216093
0.897436 , 0.564103 , 1.221332
0.897436 , 0.589744 , 1.226278
0.897436 , 0.615385 , 1.232660
0.897436 , 0.641026 , 1.238606
0.897436 , 0.666667 , 1.243178
0.897436 , 0.692308 , 1.248874
0.897436 , 0.717949 , 1.255533
0.897436 , 0.743590 , 1.262580
0.897436 , 0.769231 , 1.269506
0.897436 , 0.794872 , 1.275969
0.897436 , 0.820513 , 1.281968
0.897436 , 0.846154 , 1.286164
0.897436 , 0.871795 , 1.287743
0.897436 , 0.897436 , 1.288930
0.897436 , 0.923077 , 1.289573
0.897436 , 0.948718 , 1.289411
0.897436 , 0.974359 , 1.288403
0.897436 , 1.000000 , 1.288348
0.923077 , 0.000000 , 1.248390
0.923077 , 0.025641 , 1.248180
0.923077 , 0.051282 , 1.247475
0.923077 , 0.076923 , 1.246260
0.923077 , 0.102564 , 1.243589
0.923077 , 0.128205 , 1.240600
0.923077 , 0.153846 , 1.236756
0.923077 , 0.179487 , 1.231503
0.923077 , 0.205128 , 1.226395
0.923077 , 0.230769 , 1.222251
0.923077 , 0.256410 , 1.218355
0.923077 , 0.282051 , 1.214355
0.923077 , 0.307692 , 1.210963
0.923077 , 0.333333 , 1.207953
0.923077 , 0.358974 , 1.205532
0.923077 , 0.384615 , 1.204037
0.923077 , 0.410256 , 1.203584
0.923077 , 0.435897 , 1.203999
0.923077 , 0.461538 , 1.205244
0.923077 , 0.487179 , 1.207253
0.923077 , 0.512821 , 1.209936
0.923077 , 0.538462 , 1.213866
0.923077 , 0.564103 , 1.218741
0.923077 , 0.589744 , 1.223727
0.923077 , 0.615385 , 1.229308
0.923077 , 0.641026 , 1.234808
0.923077 , 0.666667 , 1.239903
0.923077 , 0.692308 , 1.245305
0.923077 , 0.717949 , 1.251975
0.923077 , 0.743590 , 1.259095
0.923077 , 0.769231 , 1.266974
0.923077 , 0.794872 , 1.273595
0.923077 , 0.820513 , 1.279336
0.923077 , 0.846154 , 1.283885
0.923077 , 0.871795 , 1.286517
0.923077 , 0.897436 , 1.288216
0.923077 , 0.923077 , 1.289033
0.923077 , 0.948718 , 1.289136
0.923077 , 0.974359 , 1.288785
0.923077 , 1.000000 , 1.288824
0.948718 , 0.000000 , 1.246291
0.948718 , 0.025641 , 1.245864
0.948718 , 0.051282 , 1.244946
0.948718 , 0.076923 , 1.244318
0.948718 , 0.102564 , 1.242457
0.948718 , 0.128205 , 1.239086
0.948718 , 0.153846 , 1.235066
0.948718 , 0.179487 , 1.229931
0.948718 , 0.205128 , 1.225168
0.948718 , 0.230769 , 1.221620
0.948718 , 0.256410 , 1.217703
0.948718 , 0.282051 , 1.213369
0.948718 , 0.307692 , 1.210072
0.948718 , 0.333333 , 1.206806
0.948718 , 0.358974 , 1.204273
0.948718 , 0.384615 , 1.202851
0.948718 , 0.410256 , 1.202587
0.948718 , 0.435897 , 1.203062
0.948718 , 0.461538 , 1.204425
0.948718 , 0.487179 , 1.206341
0.948718 , 0.512821 , 1.208705
0.948718 , 0.538462 , 1.212163
0.948718 , 0.564103 , 1.216582
0.948718 , 0.589744 , 1.221503
0.948718 , 0.615385 , 1.227148
0.948718 , 0.641026 , 1.232941
0.948718 , 0.666667 , 1.238010
0.948718 , 0.692308 , 1.243461
0.948718 , 0.717949 , 1.249637
0.948718 , 0.743590 , 1.256098
0.948718 , 0.769231 , 1.263283
0.948718 , 0.794872 , 1.270344
0.948718 , 0.820513 , 1.276465
0.948718 , 0.846154 , 1.281013
0.948718 , 0.871795 , 1.284438
0.948718 , 0.897436 , 1.286661
0.948718 , 0.923077 , 1.287873
0.948718 , 0.948718 , 1.288469
0.948718 , 0.974359 , 1.288469
0.948718 , 1.000000 , 1.288787
0.974359 , 0.000000 , 1.245479
0.974359 , 0.025641 , 1.245032
0.974359 , 0.051282 , 1.243662
0.974359 , 0.076923 , 1.242727
0.974359 , 0.102564 , 1.241543
0.974359 , 0.128205 , 1.238552
0.974359 , 0.153846 , 1.234376
0.974359 , 0.179487 , 1.229158
0.974359 , 0.205128 , 1.224239
0.974359 , 0.230769 , 1.220297
0.974359 , 0.256410 , 1.216855
0.974359 , 0.282051 , 1.212910
0.974359 , 0.307692 , 1.208774
0.974359 , 0.333333 , 1.205230
0.974359 , 0.358974 , 1.203411
0.974359 , 0.384615 , 1.202775
0.974359 , 0.410256 , 1.202267
0.974359 , 0.435897 , 1.202435
0.974359 , 0.461538 , 1.203556
0.974359 , 0.487179 , 1.205823
0.974359 , 0.512821 , 1.208296
0.974359 , 0.538462 , 1.211536
0.974359 , 0.564103 , 1.215563
0.974359 , 0.589744 , 1.220081
0.974359 , 0.615385 , 1.225662
0.974359 , 0.641026 , 1.231517
0.974359 , 0.666667 , 1.237075
0.974359 , 0.692308 , 1.242280
0.974359 , 0.717949 , 1.248076
0.974359 , 0.743590 , 1.254052
0.974359 , 0.769231 , 1.260772
0.974359 , 0.794872 , 1.267521
0.974359 , 0.820513 , 1.273906
0.974359 , 0.846154 , 1.278802
0.974359 , 0.871795 , 1.282486
0.974359 , 0.897436 , 1.285451
0.974359 , 0.923077 , 1.287121
0.974359 , 0.948718 , 1.287829
0.974359 , 0.974359 , 1.288211
0.974359 , 1.000000 , 1.288210
1.000000 , 0.000000 , 1.244949
1.000000 , 0.025641 , 1.244173
1.000000 , 0.051282 , 1.243262
1.000000 , 0.076923 , 1.242064
1.000000 , 0.102564 , 1.241101
1.000000 , 0.128205 , 1.238061
1.000000 , 0.153846 , 1.233839
1.000000 , 0.179487 , 1.228940
1.000000 , 0.205128 , 1.223992
1.000000 , 0.230769 , 1.220228
1.000000 , 0.256410 , 1.216923
1.000000 , 0.282051 , 1.212919
1.000000 , 0.307692 , 1.208487
1.000000 , 0.333333 , 1.205147
1.000000 , 0.358974 , 1.203063
1.000000 , 0.384615 , 1.202517
1.000000 , 0.410256 , 1.202277
1.000000 , 0.435897 , 1.202310
1.000000 , 0.461538 , 1.203538
1.000000 , 0.487179 , 1.205757
1.000000 , 0.512821 , 1.208128
1.000000 , 0.538462 , 1.211287
1.000000 , 0.564103 , 1.215367
1.000000 , 0.589744 , 1.220072
1.000000 , 0.615385 , 1.225386
1.000000 , 0.641026 , 1.230702
1.000000 , 0.666667 , 1.236130
1.000000 , 0.692308 , 1.241105
1.000000 , 0.717949 , 1.246895
1.000000 , 0.743590 , 1.252896
1.000000 , 0.769231 , 1.259781
1.000000 , 0.794872 , 1.266751
1.000000 , 0.820513 , 1.272498
1.000000 , 0.846154 , 1.277996
1.000000 , 0.871795 , 1.281577
1.000000 , 0.897436 , 1.284575
1.000000 , 0.923077 , 1.286630
1.000000 , 0.948718 , 1.287241
1.000000 , 0.974359 , 1.287847
1.000000 , 1.000000 , 1.288832
