0.000000 , 0.000000 , -2.143309
0.000000 , 0.025641 , -2.143309
0.000000 , 0.051282 , -2.143309
0.000000 , 0.076923 , -2.143309
0.000000 , 0.102564 , -2.143309
0.000000 , 0.128205 , -2.143309
0.000000 , 0.153846 , -2.143309
0.000000 , 0.179487 , -2.143309
0.000000 , 0.205128 , -2.143309
0.000000 , 0.230769 , -2.143309
0.000000 , 0.256410 , -2.143309
0.000000 , 0.282051 , -2.143309
0.000000 , 0.307692 , -2.143309
0.000000 , 0.333333 , -2.143309
0.000000 , 0.358974 , -2.143309
0.000000 , 0.384615 , -2.143309
0.000000 , 0.410256 , -2.143309
0.000000 , 0.435897 , -2.143309
0.000000 , 0.461538 , -2.143309
0.000000 , 0.487179 , -2.143309
0.000000 , 0.512821 , -2.143309
0.000000 , 0.538462 , -2.143309
0.000000 , 0.564103 , -2.143309
0.000000 , 0.589744 , -2.143309
0.000000 , 0.615385 , -2.143309
0.000000 , 0.641026 , -2.143309
0.000000 , 0.666667 , -2.143309
0.000000 , 0.692308 , -2.143309
0.000000 , 0.717949 , -2.143309
0.000000 , 0.743590 , -2.143309
0.000000 , 0.769231 , -2.143309
0.000000 , 0.794872 , -2.143309
0.000000 , 0.820513 , -2.143309
0.000000 , 0.846154 , -2.143309
0.000000 , 0.871795 , -2.143309
0.000000 , 0.897436 , -2.143309
0.000000 , 0.923077 , -2.143309
0.000000 , 0.948718 , -2.143309
0.000000 , 0.974359 , -2.143309
0.000000 , 1.000000 , -2.143309
0.025641 , 0.000000 , -1.868116
0.025641 , 0.025641 , -1.867277
0.025641 , 0.051282 , -1.866668
0.025641 , 0.076923 , -1.866045
0.025641 , 0.102564 , -1.865314
0.025641 , 0.128205 , -1.864674
0.025641 , 0.153846 , -1.864470
0.025641 , 0.179487 , -1.864445
0.025641 , 0.205128 , -1.865044
0.025641 , 0.230769 , -1.866195
0.025641 , 0.256410 , -1.867524
0.025641 , 0.282051 , -1.868796
0.025641 , 0.307692 , -1.870347
0.025641 , 0.333333 , -1.871988
0.025641 , 0.358974 , -1.874516
0.025641 , 0.384615 , -1.877304
0.025641 , 0.410256 , -1.879664
0.025641 , 0.435897 , -1.881735
0.025641 , 0.461538 , -1.883261
0.025641 , 0.487179 , -1.885635
0.025641 , 0.512821 , -1.888376
0.025641 , 0.538462 , -1.890720
0.025641 , 0.564103 , -1.893368
0.025641 , 0.589744 , -1.895185
0.025641 , 0.615385 , -1.896764
0.025641 , 0.641026 , -1.898458
0.025641 , 0.666667 , -1.899764
0.025641 , 0.692308 , -1.900875
0.025641 , 0.717949 , -1.902321
0.025641 , 0.743590 , -1.904035
0.025641 , 0.769231 , -1.905422
0.025641 , 0.794872 , -1.906664
0.025641 , 0.820513 , -1.907760
0.025641 , 0.846154 , -1.908522
0.025641 , 0.871795 , -1.908796
0.025641 , 0.897436 , -1.908884
0.025641 , 0.923077 , -1.908698
0.025641 , 0.948718 , -1.908219
0.025641 , 0.974359 , -1.907901
0.025641 , 1.000000 , -1.908330
0.051282 , 0.000000 , -1.607283
0.051282 , 0.025641 , -1.606659
0.051282 , 0.051282 , -1.605147
0.051282 , 0.076923 , -1.603793
0.051282 , 0.102564 , -1.602225
0.051282 , 0.128205 , -1.600960
0.051282 , 0.153846 , -1.600567
0.051282 , 0.179487 , -1.601238
0.051282 , 0.205128 , -1.602206
0.051282 , 0.230769 , -1.604008
0.051282 , 0.256410 , -1.606525
0.051282 , 0.282051 , -1.609762
0.051282 , 0.307692 , -1.612992
0.051282 , 0.333333 , -1.616583
0.051282 , 0.358974 , -1.620412
0.051282 , 0.384615 , -1.625165
0.051282 , 0.410256 , -1.629739
0.051282 , 0.435897 , -1.633841
0.051282 , 0.461538 , -1.637319
0.051282 , 0.487179 , -1.641537
0.051282 , 0.512821 , -1.647157
0.051282 , 0.538462 , -1.652311
0.051282 , 0.564103 , -1.657447
0.051282 , 0.589744 , -1.661508
0.051282 , 0.615385 , -1.665171
0.051282 , 0.641026 , -1.668579
0.051282 , 0.666667 , -1.671014
0.051282 , 0.692308 , -1.673585
0.051282 , 0.717949 , -1.675914
0.051282 , 0.743590 , -1.678736
0.051282 , 0.769231 , -1.681381
0.051282 , 0.794872 , -1.683290
0.051282 , 0.820513 , -1.685200
0.051282 , 0.846154 , -1.686114
0.051282 , 0.871795 , -1.686842
0.051282 , 0.897436 , -1.687029
0.051282 , 0.923077 , -1.686794
0.051282 , 0.948718 , -1.686580
0.051282 , 0.974359 , -1.686509
0.051282 , 1.000000 , -1.686648
0.076923 , 0.000000 , -1.360975
0.076923 , 0.025641 , -1.360710
0.076923 , 0.051282 , -1.359373
0.076923 , 0.076923 , -1.358021
0.076923 , 0.102564 , -1.355301
0.076923 , 0.128205 , -1.353421
0.076923 , 0.153846 , -1.352402
0.076923 , 0.179487 , -1.352273
0.076923 , 0.205128 , -1.354022
0.076923 , 0.230769 , -1.356555
0.076923 , 0.256410 , -1.359902
0.076923 , 0.282051 , -1.364681
0.076923 , 0.307692 , -1.369834
0.076923 , 0.333333 , -1.375503
0.076923 , 0.358974 , -1.381328
0.076923 , 0.384615 , -1.387121
0.076923 , 0.410256 , -1.393038
0.076923 , 0.435897 , -1.399144
0.076923 , 0.461538 , -1.405215
0.076923 , 0.487179 , -1.412402
0.076923 , 0.512821 , -1.419589
0.076923 , 0.538462 , -1.427247
0.076923 , 0.564103 , -1.434340
0.076923 , 0.589744 , -1.440919
0.076923 , 0.615385 , -1.446574
0.076923 , 0.641026 , -1.452115
0.076923 , 0.666667 , -1.456224
0.076923 , 0.692308 , -1.459609
0.076923 , 0.717949 , -1.463295
0.076923 , 0.743590 , -1.467086
0.076923 , 0.769231 , -1.470237
0.076923 , 0.794872 , -1.473396
0.076923 , 0.820513 , -1.475363
0.076923 , 0.846154 , -1.477467
0.076923 , 0.871795 , -1.478950
0.076923 , 0.897436 , -1.478627
0.076923 , 0.923077 , -1.478714
0.076923 , 0.948718 , -1.479081
0.076923 , 0.974359 , -1.478985
0.076923 , 1.000000 , -1.478933
0.102564 , 0.000000 , -1.131491
0.102564 , 0.025641 , -1.130910
0.102564 , 0.051282 , -1.129856
0.102564 , 0.076923 , -1.127607
0.102564 , 0.102564 , -1.124405
0.102564 , 0.128205 , -1.121644
0.102564 , 0.153846 , -1.120220
0.102564 , 0.179487 , -1.119808
0.102564 , 0.205128 , -1.121457
0.102564 , 0.230769 , -1.124353
0.102564 , 0.256410 , -1.128773
0.102564 , 0.282051 , -1.134730
0.102564 , 0.307692 , -1.140897
0.102564 , 0.333333 , -1.147188
0.102564 , 0.358974 , -1.154689
0.102564 , 0.384615 , -1.162306
0.102564 , 0.410256 , -1.170472
0.102564 , 0.435897 , -1.178901
0.102564 , 0.461538 , -1.186871
0.102564 , 0.487179 , -1.196744
0.102564 , 0.512821 , -1.205881
0.102564 , 0.538462 , -1.214406
0.102564 , 0.564103 , -1.223512
0.102564 , 0.589744 , -1.232413
0.102564 , 0.615385 , -1.240614
0.102564 , 0.641026 , -1.247877
0.102564 , 0.666667 , -1.253751
0.102564 , 0.692308 , -1.258029
0.102564 , 0.717949 , -1.262699
0.102564 , 0.743590 , -1.267243
0.102564 , 0.769231 , -1.271395
0.102564 , 0.794872 , -1.275344
0.102564 , 0.820513 , -1.277698
0.102564 , 0.846154 , -1.280626
0.102564 , 0.871795 , -1.282950
0.102564 , 0.897436 , -1.283581
0.102564 , 0.923077 , -1.283089
0.102564 , 0.948718 , -1.283154
0.102564 , 0.974359 , -1.282985
0.102564 , 1.000000 , -1.283023
0.128205 , 0.000000 , -0.915884
0.128205 , 0.025641 , -0.915495
0.128205 , 0.051282 , -0.914541
0.128205 , 0.076923 , -0.912130
0.128205 , 0.102564 , -0.908580
0.128205 , 0.128205 , -0.905409
0.128205 , 0.153846 , -0.903656
0.128205 , 0.179487 , -0.903013
0.128205 , 0.205128 , -0.904742
0.128205 , 0.230769 , -0.907775
0.128205 , 0.256410 , -0.912091
0.128205 , 0.282051 , -0.918324
0.128205 , 0.307692 , -0.925053
0.128205 , 0.333333 , -0.932902
0.128205 , 0.358974 , -0.941866
0.128205 , 0.384615 , -0.950665
0.128205 , 0.410256 , -0.960874
0.128205 , 0.435897 , -0.971734
0.128205 , 0.461538 , -0.982141
0.128205 , 0.487179 , -0.993185
0.128205 , 0.512821 , -1.004716
0.128205 , 0.538462 , -1.015037
0.128205 , 0.564103 , -1.026251
0.128205 , 0.589744 , -1.037604
0.128205 , 0.615385 , -1.047853
0.128205 , 0.641026 , -1.056518
0.128205 , 0.666667 , -1.063856
0.128205 , 0.692308 , -1.069912
0.128205 , 0.717949 , -1.074889
0.128205 , 0.743590 , -1.079738
0.128205 , 0.769231 , -1.084051
0.128205 , 0.794872 , -1.089241
0.128205 , 0.820513 , -1.092707
0.128205 , 0.846154 , -1.095632
0.128205 , 0.871795 , -1.097731
0.128205 , 0.897436 , -1.098618
0.128205 , 0.923077 , -1.098288
0.128205 , 0.948718 , -1.097791
0.128205 , 0.974359 , -1.097590
0.128205 , 1.000000 , -1.097528
0.153846 , 0.000000 , -0.715731
0.153846 , 0.025641 , -0.714790
0.153846 , 0.051282 , -0.713000
0.153846 , 0.076923 , -0.710575
0.153846 , 0.102564 , -0.707244
0.153846 , 0.128205 , -0.704146
0.153846 , 0.153846 , -0.701815
0.153846 , 0.179487 , -0.700992
0.153846 , 0.205128 , -0.702165
0.153846 , 0.230769 , -0.705275
0.153846 , 0.256410 , -0.709705
0.153846 , 0.282051 , -0.715897
0.153846 , 0.307692 , -0.723465
0.153846 , 0.333333 , -0.732677
0.153846 , 0.358974 , -0.743487
0.153846 , 0.384615 , -0.753492
0.153846 , 0.410256 , -0.765180
0.153846 , 0.435897 , -0.778398
0.153846 , 0.461538 , -0.791312
0.153846 , 0.487179 , -0.803586
0.153846 , 0.512821 , -0.816334
0.153846 , 0.538462 , -0.828581
0.153846 , 0.564103 , -0.841513
0.153846 , 0.589744 , -0.854216
0.153846 , 0.615385 , -0.865405
0.153846 , 0.641026 , -0.875343
0.153846 , 0.666667 , -0.884215
0.153846 , 0.692308 , -0.892324
0.153846 , 0.717949 , -0.898894
0.153846 , 0.743590 , -0.903492
0.153846 , 0.769231 , -0.907503
0.153846 , 0.794872 , -0.913422
0.153846 , 0.820513 , -0.918529
0.153846 , 0.846154 , -0.921560
0.153846 , 0.871795 , -0.923540
0.153846 , 0.897436 , -0.924382
0.153846 , 0.923077 , -0.923488
0.153846 , 0.948718 , -0.923678
0.153846 , 0.974359 , -0.923768
0.153846 , 1.000000 , -0.923459
0.179487 , 0.000000 , -0.528491
0.179487 , 0.025641 , -0.528301
0.179487 , 0.051282 , -0.526701
0.179487 , 0.076923 , -0.524322
0.179487 , 0.102564 , -0.521144
0.179487 , 0.128205 , -0.517738
0.179487 , 0.153846 , -0.515254
0.179487 , 0.179487 , -0.514472
0.179487 , 0.205128 , -0.515403
0.179487 , 0.230769 , -0.517825
0.179487 , 0.256410 , -0.522465
0.179487 , 0.282051 , -0.529153
0.179487 , 0.307692 , -0.537018
0.179487 , 0.333333 , -0.547116
0.179487 , 0.358974 , -0.559088
0.179487 , 0.384615 , -0.570959
0.179487 , 0.410256 , -0.582833
0.179487 , 0.435897 , -0.597065
0.179487 , 0.461538 , -0.611844
0.179487 , 0.487179 , -0.625521
0.179487 , 0.512821 , -0.639561
0.179487 , 0.538462 , -0.653814
0.179487 , 0.564103 , -0.668219
0.179487 , 0.589744 , -0.681346
0.179487 , 0.615385 , -0.693436
0.179487 , 0.641026 , -0.704990
0.179487 , 0.666667 , -0.715632
0.179487 , 0.692308 , -0.725268
0.179487 , 0.717949 , -0.732953
0.179487 , 0.743590 , -0.737908
0.179487 , 0.769231 , -0.742734
0.179487 , 0.794872 , -0.748485
0.179487 , 0.820513 , -0.754099
0.179487 , 0.846154 , -0.756850
0.179487 , 0.871795 , -0.758994
0.179487 , 0.897436 , -0.759750
0.179487 , 0.923077 , -0.759504
0.179487 , 0.948718 , -0.759953
0.179487 , 0.974359 , -0.760386
0.179487 , 1.000000 , -0.760523
0.205128 , 0.000000 , -0.357011
0.205128 , 0.025641 , -0.356181
0.205128 , 0.051282 , -0.354384
0.205128 , 0.076923 , -0.352326
0.205128 , 0.102564 , -0.349842
0.205128 , 0.128205 , -0.346541
0.205128 , 0.153846 , -0.343796
0.205128 , 0.179487 , -0.343081
0.205128 , 0.205128 , -0.343807
0.205128 , 0.230769 , -0.345966
0.205128 , 0.256410 , -0.350452
0.205128 , 0.282051 , -0.357550
0.205128 , 0.307692 , -0.365096
0.205128 , 0.333333 , -0.375169
0.205128 , 0.358974 , -0.387417
0.205128 , 0.384615 , -0.400331
0.205128 , 0.410256 , -0.413957
0.205128 , 0.435897 , -0.428672
0.205128 , 0.461538 , -0.444050
0.205128 , 0.487179 , -0.459173
0.205128 , 0.512821 , -0.474143
0.205128 , 0.538462 , -0.489469
0.205128 , 0.564103 , -0.504830
0.205128 , 0.589744 , -0.519330
0.205128 , 0.615385 , -0.533066
0.205128 , 0.641026 , -0.545953
0.205128 , 0.666667 , -0.557939
0.205128 , 0.692308 , -0.567971
0.205128 , 0.717949 , -0.575556
0.205128 , 0.743590 , -0.582314
0.205128 , 0.769231 , -0.588469
0.205128 , 0.794872 , -0.594452
0.205128 , 0.820513 , -0.599463
0.205128 , 0.846154 , -0.602461
0.205128 , 0.871795 , -0.604281
0.205128 , 0.897436 , -0.605347
0.205128 , 0.923077 , -0.605768
0.205128 , 0.948718 , -0.606380
0.205128 , 0.974359 , -0.606609
0.205128 , 1.000000 , -0.606998
0.230769 , 0.000000 , -0.198799
0.230769 , 0.025641 , -0.198140
0.230769 , 0.051282 , -0.196019
0.230769 , 0.076923 , -0.194013
0.230769 , 0.102564 , -0.192387
0.230769 , 0.128205 , -0.189562
0.230769 , 0.153846 , -0.186940
0.230769 , 0.179487 , -0.186334
0.230769 , 0.205128 , -0.187103
0.230769 , 0.230769 , -0.189330
0.230769 , 0.256410 , -0.193368
0.230769 , 0.282051 , -0.199831
0.230769 , 0.307692 , -0.207753
0.230769 , 0.333333 , -0.217313
0.230769 , 0.358974 , -0.229590
0.230769 , 0.384615 , -0.242532
0.230769 , 0.410256 , -0.257252
0.230769 , 0.435897 , -0.272587
0.230769 , 0.461538 , -0.288475
0.230769 , 0.487179 , -0.303980
0.230769 , 0.512821 , -0.319595
0.230769 , 0.538462 , -0.335636
0.230769 , 0.564103 , -0.351992
0.230769 , 0.589744 , -0.368137
0.230769 , 0.615385 , -0.383108
0.230769 , 0.641026 , -0.396348
0.230769 , 0.666667 , -0.408310
0.230769 , 0.692308 , -0.419041
0.230769 , 0.717949 , -0.427926
0.230769 , 0.743590 , -0.435656
0.230769 , 0.769231 , -0.442355
0.230769 , 0.794872 , -0.447862
0.230769 , 0.820513 , -0.453330
0.230769 , 0.846154 , -0.457698
0.230769 , 0.871795 , -0.460305
0.230769 , 0.897436 , -0.460809
0.230769 , 0.923077 , -0.460877
0.230769 , 0.948718 , -0.461556
0.230769 , 0.974359 , -0.461577
0.230769 , 1.000000 , -0.461839
0.256410 , 0.000000 , -0.052944
0.256410 , 0.025641 , -0.052508
0.256410 , 0.051282 , -0.051054
0.256410 , 0.076923 , -0.049275
0.256410 , 0.102564 , -0.047833
0.256410 , 0.128205 , -0.045827
0.256410 , 0.153846 , -0.043669
0.256410 , 0.179487 , -0.043157
0.256410 , 0.205128 , -0.043914
0.256410 , 0.230769 , -0.046444
0.256410 , 0.256410 , -0.050464
0.256410 , 0.282051 , -0.056318
0.256410 , 0.307692 , -0.064135
0.256410 , 0.333333 , -0.073612
0.256410 , 0.358974 , -0.085687
0.256410 , 0.384615 , -0.098575
0.256410 , 0.410256 , -0.112680
0.256410 , 0.435897 , -0.128107
0.256410 , 0.461538 , -0.144246
0.256410 , 0.487179 , -0.160807
0.256410 , 0.512821 , -0.177175
0.256410 , 0.538462 , -0.193164
0.256410 , 0.564103 , -0.209497
0.256410 , 0.589744 , -0.226224
0.256410 , 0.615385 , -0.241672
0.256410 , 0.641026 , -0.255318
0.256410 , 0.666667 , -0.268271
0.256410 , 0.692308 , -0.279767
0.256410 , 0.717949 , -0.289093
0.256410 , 0.743590 , -0.298057
0.256410 , 0.769231 , -0.304983
0.256410 , 0.794872 , -0.309880
0.256410 , 0.820513 , -0.315366
0.256410 , 0.846154 , -0.321455
0.256410 , 0.871795 , -0.325105
0.256410 , 0.897436 , -0.325814
0.256410 , 0.923077 , -0.325352
0.256410 , 0.948718 , -0.326498
0.256410 , 0.974359 , -0.326143
0.256410 , 1.000000 , -0.326532
0.282051 , 0.000000 , 0.080399
0.282051 , 0.025641 , 0.080540
0.282051 , 0.051282 , 0.081185
0.282051 , 0.076923 , 0.082871
0.282051 , 0.102564 , 0.084583
0.282051 , 0.128205 , 0.085841
0.282051 , 0.153846 , 0.087108
0.282051 , 0.179487 , 0.086825
0.282051 , 0.205128 , 0.085647
0.282051 , 0.230769 , 0.083101
0.282051 , 0.256410 , 0.079841
0.282051 , 0.282051 , 0.074433
0.282051 , 0.307692 , 0.066715
0.282051 , 0.333333 , 0.056624
0.282051 , 0.358974 , 0.045138
0.282051 , 0.384615 , 0.032205
0.282051 , 0.410256 , 0.018937
0.282051 , 0.435897 , 0.003994
0.282051 , 0.461538 , -0.011767
0.282051 , 0.487179 , -0.028536
0.282051 , 0.512821 , -0.044715
0.282051 , 0.538462 , -0.060383
0.282051 , 0.564103 , -0.076803
0.282051 , 0.589744 , -0.093411
0.282051 , 0.615385 , -0.109266
0.282051 , 0.641026 , -0.123523
0.282051 , 0.666667 , -0.137002
0.282051 , 0.692308 , -0.149211
0.282051 , 0.717949 , -0.159167
0.282051 , 0.743590 , -0.167651
0.282051 , 0.769231 , -0.174802
0.282051 , 0.794872 , -0.180421
0.282051 , 0.820513 , -0.185680
0.282051 , 0.846154 , -0.192292
0.282051 , 0.871795 , -0.197180
0.282051 , 0.897436 , -0.198543
0.282051 , 0.923077 , -0.198039
0.282051 , 0.948718 , -0.199164
0.282051 , 0.974359 , -0.198922
0.282051 , 1.000000 , -0.198970
0.307692 , 0.000000 , 0.201466
0.307692 , 0.025641 , 0.201752
0.307692 , 0.051282 , 0.202138
0.307692 , 0.076923 , 0.203206
0.307692 , 0.102564 , 0.205169
0.307692 , 0.128205 , 0.205866
0.307692 , 0.153846 , 0.205385
0.307692 , 0.179487 , 0.204516
0.307692 , 0.205128 , 0.203027
0.307692 , 0.230769 , 0.200195
0.307692 , 0.256410 , 0.197432
0.307692 , 0.282051 , 0.192737
0.307692 , 0.307692 , 0.185308
0.307692 , 0.333333 , 0.175534
0.307692 , 0.358974 , 0.164052
0.307692 , 0.384615 , 0.152459
0.307692 , 0.410256 , 0.139416
0.307692 , 0.435897 , 0.124906
0.307692 , 0.461538 , 0.109272
0.307692 , 0.487179 , 0.093519
0.307692 , 0.512821 , 0.077554
0.307692 , 0.538462 , 0.062579
0.307692 , 0.564103 , 0.046374
0.307692 , 0.589744 , 0.029749
0.307692 , 0.615385 , 0.014186
0.307692 , 0.641026 , -0.000414
0.307692 , 0.666667 , -0.014315
0.307692 , 0.692308 , -0.026495
0.307692 , 0.717949 , -0.036555
0.307692 , 0.743590 , -0.044952
0.307692 , 0.769231 , -0.052832
0.307692 , 0.794872 , -0.059263
0.307692 , 0.820513 , -0.064946
0.307692 , 0.846154 , -0.071643
0.307692 , 0.871795 , -0.076312
0.307692 , 0.897436 , -0.078530
0.307692 , 0.923077 , -0.078727
0.307692 , 0.948718 , -0.079512
0.307692 , 0.974359 , -0.079792
0.307692 , 1.000000 , -0.079232
0.333333 , 0.000000 , 0.312035
0.333333 , 0.025641 , 0.311819
0.333333 , 0.051282 , 0.312022
0.333333 , 0.076923 , 0.312612
0.333333 , 0.102564 , 0.313737
0.333333 , 0.128205 , 0.313742
0.333333 , 0.153846 , 0.312288
0.333333 , 0.179487 , 0.310683
0.333333 , 0.205128 , 0.308986
0.333333 , 0.230769 , 0.306054
0.333333 , 0.256410 , 0.302947
0.333333 , 0.282051 , 0.298468
0.333333 , 0.307692 , 0.291088
0.333333 , 0.333333 , 0.281864
0.333333 , 0.358974 , 0.271102
0.333333 , 0.384615 , 0.259996
0.333333 , 0.410256 , 0.248788
0.333333 , 0.435897 , 0.235420
0.333333 , 0.461538 , 0.220335
0.333333 , 0.487179 , 0.205508
0.333333 , 0.512821 , 0.190204
0.333333 , 0.538462 , 0.174991
0.333333 , 0.564103 , 0.159424
0.333333 , 0.589744 , 0.143462
0.333333 , 0.615385 , 0.128638
0.333333 , 0.641026 , 0.114951
0.333333 , 0.666667 , 0.101185
0.333333 , 0.692308 , 0.089410
0.333333 , 0.717949 , 0.079095
0.333333 , 0.743590 , 0.069814
0.333333 , 0.769231 , 0.061432
0.333333 , 0.794872 , 0.054209
0.333333 , 0.820513 , 0.048180
0.333333 , 0.846154 , 0.041440
0.333333 , 0.871795 , 0.036929
0.333333 , 0.897436 , 0.034187
0.333333 , 0.923077 , 0.032908
0.333333 , 0.948718 , 0.031824
0.333333 , 0.974359 , 0.031173
0.333333 , 1.000000 , 0.031541
0.358974 , 0.000000 , 0.411323
0.358974 , 0.025641 , 0.411072
0.358974 , 0.051282 , 0.411106
0.358974 , 0.076923 , 0.411274
0.358974 , 0.102564 , 0.411475
0.358974 , 0.128205 , 0.410643
0.358974 , 0.153846 , 0.408572
0.358974 , 0.179487 , 0.407007
0.358974 , 0.205128 , 0.404524
0.358974 , 0.230769 , 0.400895
0.358974 , 0.256410 , 0.397581
0.358974 , 0.282051 , 0.393245
0.358974 , 0.307692 , 0.386379
0.358974 , 0.333333 , 0.377069
0.358974 , 0.358974 , 0.367330
0.358974 , 0.384615 , 0.357135
0.358974 , 0.410256 , 0.346982
0.358974 , 0.435897 , 0.335310
0.358974 , 0.461538 , 0.321717
0.358974 , 0.487179 , 0.307637
0.358974 , 0.512821 , 0.293337
0.358974 , 0.538462 , 0.279061
0.358974 , 0.564103 , 0.264128
0.358974 , 0.589744 , 0.249558
0.358974 , 0.615385 , 0.235731
0.358974 , 0.641026 , 0.222896
0.358974 , 0.666667 , 0.209742
0.358974 , 0.692308 , 0.197346
0.358974 , 0.717949 , 0.187488
0.358974 , 0.743590 , 0.177637
0.358974 , 0.769231 , 0.168490
0.358974 , 0.794872 , 0.160394
0.358974 , 0.820513 , 0.153562
0.358974 , 0.846154 , 0.147088
0.358974 , 0.871795 , 0.142650
0.358974 , 0.897436 , 0.139480
0.358974 , 0.923077 , 0.137592
0.358974 , 0.948718 , 0.136633
0.358974 , 0.974359 , 0.135603
0.358974 , 1.000000 , 0.135640
0.384615 , 0.000000 , 0.500335
0.384615 , 0.025641 , 0.500603
0.384615 , 0.051282 , 0.500065
0.384615 , 0.076923 , 0.499707
0.384615 , 0.102564 , 0.499107
0.384615 , 0.128205 , 0.497684
0.384615 , 0.153846 , 0.495500
0.384615 , 0.179487 , 0.493083
0.384615 , 0.205128 , 0.490224
0.384615 , 0.230769 , 0.486110
0.384615 , 0.256410 , 0.481558
0.384615 , 0.282051 , 0.477172
0.384615 , 0.307692 , 0.471173
0.384615 , 0.333333 , 0.462655
0.384615 , 0.358974 , 0.453994
0.384615 , 0.384615 , 0.445265
0.384615 , 0.410256 , 0.436272
0.384615 , 0.435897 , 0.425550
0.384615 , 0.461538 , 0.413313
0.384615 , 0.487179 , 0.400376
0.384615 , 0.512821 , 0.387640
0.384615 , 0.538462 , 0.374633
0.384615 , 0.564103 , 0.361155
0.384615 , 0.589744 , 0.347843
0.384615 , 0.615385 , 0.335049
0.384615 , 0.641026 , 0.322470
0.384615 , 0.666667 , 0.310411
0.384615 , 0.692308 , 0.298903
0.384615 , 0.717949 , 0.288026
0.384615 , 0.743590 , 0.278243
0.384615 , 0.769231 , 0.269012
0.384615 , 0.794872 , 0.260753
0.384615 , 0.820513 , 0.253891
0.384615 , 0.846154 , 0.247634
0.384615 , 0.871795 , 0.242911
0.384615 , 0.897436 , 0.239576
0.384615 , 0.923077 , 0.237180
0.384615 , 0.948718 , 0.235858
0.384615 , 0.974359 , 0.234418
0.384615 , 1.000000 , 0.234104
0.410256 , 0.000000 , 0.580625
0.410256 , 0.025641 , 0.580444
0.410256 , 0.051282 , 0.579825
0.410256 , 0.076923 , 0.579053
0.410256 , 0.102564 , 0.577791
0.410256 , 0.128205 , 0.575427
0.410256 , 0.153846 , 0.572803
0.410256 , 0.179487 , 0.569642
0.410256 , 0.205128 , 0.565919
0.410256 , 0.230769 , 0.561679
0.410256 , 0.256410 , 0.555833
0.410256 , 0.282051 , 0.550904
0.410256 , 0.307692 , 0.546365
0.410256 , 0.333333 , 0.539512
0.410256 , 0.358974 , 0.531583
0.410256 , 0.384615 , 0.523661
0.410256 , 0.410256 , 0.515554
0.410256 , 0.435897 , 0.506157
0.410256 , 0.461538 , 0.495682
0.410256 , 0.487179 , 0.484514
0.410256 , 0.512821 , 0.473228
0.410256 , 0.538462 , 0.461683
0.410256 , 0.564103 , 0.450494
0.410256 , 0.589744 , 0.438802
0.410256 , 0.615385 , 0.427245
0.410256 , 0.641026 , 0.415534
0.410256 , 0.666667 , 0.403815
0.410256 , 0.692308 , 0.393329
0.410256 , 0.717949 , 0.383085
0.410256 , 0.743590 , 0.372740
0.410256 , 0.769231 , 0.363688
0.410256 , 0.794872 , 0.355788
0.410256 , 0.820513 , 0.349232
0.410256 , 0.846154 , 0.342750
0.410256 , 0.871795 , 0.337585
0.410256 , 0.897436 , 0.333800
0.410256 , 0.923077 , 0.331047
0.410256 , 0.948718 , 0.329296
0.410256 , 0.974359 , 0.327983
0.410256 , 1.000000 , 0.328150
0.435897 , 0.000000 , 0.651569
0.435897 , 0.025641 , 0.651138
0.435897 , 0.051282 , 0.650062
0.435897 , 0.076923 , 0.649463
0.435897 , 0.102564 , 0.647893
0.435897 , 0.128205 , 0.644902
0.435897 , 0.153846 , 0.641076
0.435897 , 0.179487 , 0.636864
0.435897 , 0.205128 , 0.632833
0.435897 , 0.230769 , 0.628870
0.435897 , 0.256410 , 0.623219
0.435897 , 0.282051 , 0.617825
0.435897 , 0.307692 , 0.613394
0.435897 , 0.333333 , 0.607885
0.435897 , 0.358974 , 0.601020
0.435897 , 0.384615 , 0.594413
0.435897 , 0.410256 , 0.587174
0.435897 , 0.435897 , 0.579154
0.435897 , 0.461538 , 0.570416
0.435897 , 0.487179 , 0.561110
0.435897 , 0.512821 , 0.551484
0.435897 , 0.538462 , 0.541685
0.435897 , 0.564103 , 0.531774
0.435897 , 0.589744 , 0.522290
0.435897 , 0.615385 , 0.512625
0.435897 , 0.641026 , 0.502393
0.435897 , 0.666667 , 0.491053
0.435897 , 0.692308 , 0.480989
0.435897 , 0.717949 , 0.471474
0.435897 , 0.743590 , 0.461996
0.435897 , 0.769231 , 0.453314
0.435897 , 0.794872 , 0.446041
0.435897 , 0.820513 , 0.439392
0.435897 , 0.846154 , 0.432785
0.435897 , 0.871795 , 0.427290
0.435897 , 0.897436 , 0.422878
0.435897 , 0.923077 , 0.420051
0.435897 , 0.948718 , 0.417855
0.435897 , 0.974359 , 0.416508
0.435897 , 1.000000 , 0.416863
0.461538 , 0.000000 , 0.713119
0.461538 , 0.025641 , 0.712931
0.461538 , 0.051282 , 0.711646
0.461538 , 0.076923 , 0.710255
0.461538 , 0.102564 , 0.708395
0.461538 , 0.128205 , 0.705503
0.461538 , 0.153846 , 0.701307
0.461538 , 0.179487 , 0.696537
0.461538 , 0.205128 , 0.692560
0.461538 , 0.230769 , 0.688640
0.461538 , 0.256410 , 0.683033
0.461538 , 0.282051 , 0.677726
0.461538 , 0.307692 , 0.673701
0.461538 , 0.333333 , 0.668414
0.461538 , 0.358974 , 0.662632
0.461538 , 0.384615 , 0.656892
0.461538 , 0.410256 , 0.650912
0.461538 , 0.435897 , 0.644474
0.461538 , 0.461538 , 0.637601
0.461538 , 0.487179 , 0.629967
0.461538 , 0.512821 , 0.622353
0.461538 , 0.538462 , 0.614480
0.461538 , 0.564103 , 0.606352
0.461538 , 0.589744 , 0.598926
0.461538 , 0.615385 , 0.590584
0.461538 , 0.641026 , 0.582177
0.461538 , 0.666667 , 0.572555
0.461538 , 0.692308 , 0.563167
0.461538 , 0.717949 , 0.554405
0.461538 , 0.743590 , 0.545465
0.461538 , 0.769231 , 0.537214
0.461538 , 0.794872 , 0.530804
0.461538 , 0.820513 , 0.524182
0.461538 , 0.846154 , 0.517426
0.461538 , 0.871795 , 0.511572
0.461538 , 0.897436 , 0.507296
0.461538 , 0.923077 , 0.504053
0.461538 , 0.948718 , 0.501931
0.461538 , 0.974359 , 0.500300
0.461538 , 1.000000 , 0.500023
0.487179 , 0.000000 , 0.767830
0.487179 , 0.025641 , 0.767409
0.487179 , 0.051282 , 0.766003
0.487179 , 0.076923 , 0.764160
0.487179 , 0.102564 , 0.761461
0.487179 , 0.128205 , 0.758354
0.487179 , 0.153846 , 0.753489
0.487179 , 0.179487 , 0.749235
0.487179 , 0.205128 , 0.744911
0.487179 , 0.230769 , 0.740672
0.487179 , 0.256410 , 0.736067
0.487179 , 0.282051 , 0.731193
0.487179 , 0.307692 , 0.727244
0.487179 , 0.333333 , 0.722316
0.487179 , 0.358974 , 0.717358
0.487179 , 0.384615 , 0.712650
0.487179 , 0.410256 , 0.707777
0.487179 , 0.435897 , 0.702827
0.487179 , 0.461538 , 0.697403
0.487179 , 0.487179 , 0.691577
0.487179 , 0.512821 , 0.685372
0.487179 , 0.538462 , 0.679575
0.487179 , 0.564103 , 0.673730
0.487179 , 0.589744 , 0.668067
0.487179 , 0.615385 , 0.661834
0.487179 , 0.641026 , 0.654563
0.487179 , 0.666667 , 0.646538
0.487179 , 0.692308 , 0.638564
0.487179 , 0.717949 , 0.631009
0.487179 , 0.743590 , 0.622596
0.487179 , 0.769231 , 0.614481
0.487179 , 0.794872 , 0.608501
0.487179 , 0.820513 , 0.602556
0.487179 , 0.846154 , 0.596862
0.487179 , 0.871795 , 0.591522
0.487179 , 0.897436 , 0.586801
0.487179 , 0.923077 , 0.582806
0.487179 , 0.948718 , 0.580474
0.487179 , 0.974359 , 0.578614
0.487179 , 1.000000 , 0.578210
0.512821 , 0.000000 , 0.815471
0.512821 , 0.025641 , 0.814855
0.512821 , 0.051282 , 0.813535
0.512821 , 0.076923 , 0.811180
0.512821 , 0.102564 , 0.807840
0.512821 , 0.128205 , 0.803893
0.512821 , 0.153846 , 0.798871
0.512821 , 0.179487 , 0.794573
0.512821 , 0.205128 , 0.790385
0.512821 , 0.230769 , 0.785850
0.512821 , 0.256410 , 0.781723
0.512821 , 0.282051 , 0.777591
0.512821 , 0.307692 , 0.773528
0.512821 , 0.333333 , 0.769050
0.512821 , 0.358974 , 0.764843
0.512821 , 0.384615 , 0.761209
0.512821 , 0.410256 , 0.758010
0.512821 , 0.435897 , 0.754564
0.512821 , 0.461538 , 0.751108
0.512821 , 0.487179 , 0.747077
0.512821 , 0.512821 , 0.742837
0.512821 , 0.538462 , 0.738594
0.512821 , 0.564103 , 0.735179
0.512821 , 0.589744 , 0.730910
0.512821 , 0.615385 , 0.725975
0.512821 , 0.641026 , 0.720400
0.512821 , 0.666667 , 0.713998
0.512821 , 0.692308 , 0.707863
0.512821 , 0.717949 , 0.701332
0.512821 , 0.743590 , 0.693789
0.512821 , 0.769231 , 0.686590
0.512821 , 0.794872 , 0.681002
0.512821 , 0.820513 , 0.675754
0.512821 , 0.846154 , 0.670783
0.512821 , 0.871795 , 0.665523
0.512821 , 0.897436 , 0.660856
0.512821 , 0.923077 , 0.656991
0.512821 , 0.948718 , 0.654306
0.512821 , 0.974359 , 0.652582
0.512821 , 1.000000 , 0.651509
0.538462 , 0.000000 , 0.856986
0.538462 , 0.025641 , 0.856292
0.538462 , 0.051282 , 0.854814
0.538462 , 0.076923 , 0.851927
0.538462 , 0.102564 , 0.847564
0.538462 , 0.128205 , 0.843346
0.538462 , 0.153846 , 0.838679
0.538462 , 0.179487 , 0.834310
0.538462 , 0.205128 , 0.829377
0.538462 , 0.230769 , 0.824819
0.538462 , 0.256410 , 0.820645
0.538462 , 0.282051 , 0.817103
0.538462 , 0.307692 , 0.813612
0.538462 , 0.333333 , 0.809648
0.538462 , 0.358974 , 0.806220
0.538462 , 0.384615 , 0.803924
0.538462 , 0.410256 , 0.802169
0.538462 , 0.435897 , 0.800692
0.538462 , 0.461538 , 0.799088
0.538462 , 0.487179 , 0.797000
0.538462 , 0.512821 , 0.794651
0.538462 , 0.538462 , 0.792744
0.538462 , 0.564103 , 0.790802
0.538462 , 0.589744 , 0.788258
0.538462 , 0.615385 , 0.784865
0.538462 , 0.641026 , 0.780693
0.538462 , 0.666667 , 0.775692
0.538462 , 0.692308 , 0.771147
0.538462 , 0.717949 , 0.766187
0.538462 , 0.743590 , 0.759866
0.538462 , 0.769231 , 0.754043
0.538462 , 0.794872 , 0.748950
0.538462 , 0.820513 , 0.743929
0.538462 , 0.846154 , 0.739764
0.538462 , 0.871795 , 0.734726
0.538462 , 0.897436 , 0.730535
0.538462 , 0.923077 , 0.727323
0.538462 , 0.948718 , 0.724198
0.538462 , 0.974359 , 0.722086
0.538462 , 1.000000 , 0.721023
0.564103 , 0.000000 , 0.893763
0.564103 , 0.025641 , 0.893100
0.564103 , 0.051282 , 0.890715
0.564103 , 0.076923 , 0.887684
0.564103 , 0.102564 , 0.882894
0.564103 , 0.128205 , 0.877898
0.564103 , 0.153846 , 0.873739
0.564103 , 0.179487 , 0.869146
0.564103 , 0.205128 , 0.863938
0.564103 , 0.230769 , 0.858790
0.564103 , 0.256410 , 0.854724
0.564103 , 0.282051 , 0.851222
0.564103 , 0.307692 , 0.847960
0.564103 , 0.333333 , 0.844761
0.564103 , 0.358974 , 0.842515
0.564103 , 0.384615 , 0.841283
0.564103 , 0.410256 , 0.840889
0.564103 , 0.435897 , 0.840947
0.564103 , 0.461538 , 0.840856
0.564103 , 0.487179 , 0.840932
0.564103 , 0.512821 , 0.840800
0.564103 , 0.538462 , 0.840875
0.564103 , 0.564103 , 0.840363
0.564103 , 0.589744 , 0.839475
0.564103 , 0.615385 , 0.837993
0.564103 , 0.641026 , 0.835537
0.564103 , 0.666667 , 0.832327
0.564103 , 0.692308 , 0.829100
0.564103 , 0.717949 , 0.825745
0.564103 , 0.743590 , 0.820951
0.564103 , 0.769231 , 0.816348
0.564103 , 0.794872 , 0.812514
0.564103 , 0.820513 , 0.807765
0.564103 , 0.846154 , 0.804317
0.564103 , 0.871795 , 0.799818
0.564103 , 0.897436 , 0.796446
0.564103 , 0.923077 , 0.793369
0.564103 , 0.948718 , 0.789892
0.564103 , 0.974359 , 0.787369
0.564103 , 1.000000 , 0.786383
0.589744 , 0.000000 , 0.926080
0.589744 , 0.025641 , 0.924770
0.589744 , 0.051282 , 0.921709
0.589744 , 0.076923 , 0.918516
0.589744 , 0.102564 , 0.914417
0.589744 , 0.128205 , 0.909135
0.589744 , 0.153846 , 0.904563
0.589744 , 0.179487 , 0.899055
0.589744 , 0.205128 , 0.894418
0.589744 , 0.230769 , 0.889023
0.589744 , 0.256410 , 0.884436
0.589744 , 0.282051 , 0.880558
0.589744 , 0.307692 , 0.877264
0.589744 , 0.333333 , 0.874908
0.589744 , 0.358974 , 0.873350
0.589744 , 0.384615 , 0.873705
0.589744 , 0.410256 , 0.874606
0.589744 , 0.435897 , 0.876045
0.589744 , 0.461538 , 0.877141
0.589744 , 0.487179 , 0.878435
0.589744 , 0.512821 , 0.880250
0.589744 , 0.538462 , 0.882525
0.589744 , 0.564103 , 0.884202
0.589744 , 0.589744 , 0.885261
0.589744 , 0.615385 , 0.885666
0.589744 , 0.641026 , 0.885191
0.589744 , 0.666667 , 0.884140
0.589744 , 0.692308 , 0.882678
0.589744 , 0.717949 , 0.880450
0.589744 , 0.743590 , 0.876728
0.589744 , 0.769231 , 0.873544
0.589744 , 0.794872 , 0.871235
0.589744 , 0.820513 , 0.867832
0.589744 , 0.846154 , 0.864440
0.589744 , 0.871795 , 0.861176
0.589744 , 0.897436 , 0.858069
0.589744 , 0.923077 , 0.854342
0.589744 , 0.948718 , 0.850795
0.589744 , 0.974359 , 0.848360
0.589744 , 1.000000 , 0.847403
0.615385 , 0.000000 , 0.953640
0.615385 , 0.025641 , 0.951957
0.615385 , 0.051282 , 0.948167
0.615385 , 0.076923 , 0.944329
0.615385 , 0.102564 , 0.940225
0.615385 , 0.128205 , 0.935646
0.615385 , 0.153846 , 0.930980
0.615385 , 0.179487 , 0.925278
0.615385 , 0.205128 , 0.919962
0.615385 , 0.230769 , 0.914617
0.615385 , 0.256410 , 0.910174
0.615385 , 0.282051 , 0.905946
0.615385 , 0.307692 , 0.902767
0.615385 , 0.333333 , 0.900573
0.615385 , 0.358974 , 0.899819
0.615385 , 0.384615 , 0.900973
0.615385 , 0.410256 , 0.903549
0.615385 , 0.435897 , 0.906395
0.615385 , 0.461538 , 0.909249
0.615385 , 0.487179 , 0.911503
0.615385 , 0.512821 , 0.915181
0.615385 , 0.538462 , 0.918515
0.615385 , 0.564103 , 0.922087
0.615385 , 0.589744 , 0.925991
0.615385 , 0.615385 , 0.928776
0.615385 , 0.641026 , 0.930187
0.615385 , 0.666667 , 0.931697
0.615385 , 0.692308 , 0.931884
0.615385 , 0.717949 , 0.931006
0.615385 , 0.743590 , 0.928952
0.615385 , 0.769231 , 0.927164
0.615385 , 0.794872 , 0.925031
0.615385 , 0.820513 , 0.922875
0.615385 , 0.846154 , 0.919560
0.615385 , 0.871795 , 0.917033
0.615385 , 0.897436 , 0.914197
0.615385 , 0.923077 , 0.910218
0.615385 , 0.948718 , 0.906699
0.615385 , 0.974359 , 0.904787
0.615385 , 1.000000 , 0.904029
0.641026 , 0.000000 , 0.975211
0.641026 , 0.025641 , 0.974219
0.641026 , 0.051282 , 0.971126
0.641026 , 0.076923 , 0.967503
0.641026 , 0.102564 , 0.963063
0.641026 , 0.128205 , 0.958065
0.641026 , 0.153846 , 0.953041
0.641026 , 0.179487 , 0.947309
0.641026 , 0.205128 , 0.941451
0.641026 , 0.230769 , 0.935379
0.641026 , 0.256410 , 0.931185
0.641026 , 0.282051 , 0.926944
0.641026 , 0.307692 , 0.925052
0.641026 , 0.333333 , 0.923681
0.641026 , 0.358974 , 0.923675
0.641026 , 0.384615 , 0.925218
0.641026 , 0.410256 , 0.928878
0.641026 , 0.435897 , 0.932793
0.641026 , 0.461538 , 0.936836
0.641026 , 0.487179 , 0.941031
0.641026 , 0.512821 , 0.946608
0.641026 , 0.538462 , 0.951574
0.641026 , 0.564103 , 0.956132
0.641026 , 0.589744 , 0.961425
0.641026 , 0.615385 , 0.966380
0.641026 , 0.641026 , 0.970126
0.641026 , 0.666667 , 0.973620
0.641026 , 0.692308 , 0.975063
0.641026 , 0.717949 , 0.976026
0.641026 , 0.743590 , 0.976301
0.641026 , 0.769231 , 0.976054
0.641026 , 0.794872 , 0.974696
0.641026 , 0.820513 , 0.973051
0.641026 , 0.846154 , 0.970737
0.641026 , 0.871795 , 0.968290
0.641026 , 0.897436 , 0.965377
0.641026 , 0.923077 , 0.961292
0.641026 , 0.948718 , 0.958663
0.641026 , 0.974359 , 0.956903
0.641026 , 1.000000 , 0.955955
0.666667 , 0.000000 , 0.993259
0.666667 , 0.025641 , 0.992665
0.666667 , 0.051282 , 0.990258
0.666667 , 0.076923 , 0.986895
0.666667 , 0.102564 , 0.982503
0.666667 , 0.128205 , 0.977415
0.666667 , 0.153846 , 0.972559
0.666667 , 0.179487 , 0.967336
0.666667 , 0.205128 , 0.961009
0.666667 , 0.230769 , 0.954615
0.666667 , 0.256410 , 0.949818
0.666667 , 0.282051 , 0.946249
0.666667 , 0.307692 , 0.944577
0.666667 , 0.333333 , 0.944936
0.666667 , 0.358974 , 0.945501
0.666667 , 0.384615 , 0.947384
0.666667 , 0.410256 , 0.951535
0.666667 , 0.435897 , 0.955822
0.666667 , 0.461538 , 0.961002
0.666667 , 0.487179 , 0.966981
0.666667 , 0.512821 , 0.973656
0.666667 , 0.538462 , 0.980551
0.666667 , 0.564103 , 0.986652
0.666667 , 0.589744 , 0.992680
0.666667 , 0.615385 , 0.999023
0.666667 , 0.641026 , 1.004940
0.666667 , 0.666667 , 1.010408
0.666667 , 0.692308 , 1.013078
0.666667 , 0.717949 , 1.015184
0.666667 , 0.743590 , 1.018043
0.666667 , 0.769231 , 1.019379
0.666667 , 0.794872 , 1.019619
0.666667 , 0.820513 , 1.018258
0.666667 , 0.846154 , 1.016313
0.666667 , 0.871795 , 1.014040
0.666667 , 0.897436 , 1.010953
0.666667 , 0.923077 , 1.007626
0.666667 , 0.948718 , 1.006409
0.666667 , 0.974359 , 1.005126
0.666667 , 1.000000 , 1.004065
0.692308 , 0.000000 , 1.009704
0.692308 , 0.025641 , 1.009129
0.692308 , 0.051282 , 1.006902
0.692308 , 0.076923 , 1.003153
0.692308 , 0.102564 , 0.998959
0.692308 , 0.128205 , 0.994292
0.692308 , 0.153846 , 0.988989
0.692308 , 0.179487 , 0.983842
0.692308 , 0.205128 , 0.978134
0.692308 , 0.230769 , 0.972109
0.692308 , 0.256410 , 0.967298
0.692308 , 0.282051 , 0.964381
0.692308 , 0.307692 , 0.962774
0.692308 , 0.333333 , 0.963742
0.692308 , 0.358974 , 0.965735
0.692308 , 0.384615 , 0.967449
0.692308 , 0.410256 , 0.971745
0.692308 , 0.435897 , 0.976722
0.692308 , 0.461538 , 0.982550
0.692308 , 0.487179 , 0.989621
0.692308 , 0.512821 , 0.997054
0.692308 , 0.538462 , 1.005502
0.692308 , 0.564103 , 1.013031
0.692308 , 0.589744 , 1.020000
0.692308 , 0.615385 , 1.027394
0.692308 , 0.641026 , 1.034555
0.692308 , 0.666667 , 1.041448
0.692308 , 0.692308 , 1.046836
0.692308 , 0.717949 , 1.049932
0.692308 , 0.743590 , 1.053833
0.692308 , 0.769231 , 1.057072
0.692308 , 0.794872 , 1.058471
0.692308 , 0.820513 , 1.058334
0.692308 , 0.846154 , 1.056655
0.692308 , 0.871795 , 1.054704
0.692308 , 0.897436 , 1.052054
0.692308 , 0.923077 , 1.049712
0.692308 , 0.948718 , 1.049008
0.692308 , 0.974359 , 1.048661
0.692308 , 1.000000 , 1.047481
0.717949 , 0.000000 , 1.023912
0.717949 , 0.025641 , 1.023720
0.717949 , 0.051282 , 1.021460
0.717949 , 0.076923 , 1.017545
0.717949 , 0.102564 , 1.012811
0.717949 , 0.128205 , 1.007648
0.717949 , 0.153846 , 1.002855
0.717949 , 0.179487 , 0.998094
0.717949 , 0.205128 , 0.992366
0.717949 , 0.230769 , 0.988195
0.717949 , 0.256410 , 0.984930
0.717949 , 0.282051 , 0.981979
0.717949 , 0.307692 , 0.980311
0.717949 , 0.333333 , 0.981325
0.717949 , 0.358974 , 0.983946
0.717949 , 0.384615 , 0.985765
0.717949 , 0.410256 , 0.989274
0.717949 , 0.435897 , 0.995069
0.717949 , 0.461538 , 1.001874
0.717949 , 0.487179 , 1.009709
0.717949 , 0.512821 , 1.017933
0.717949 , 0.538462 , 1.026392
0.717949 , 0.564103 , 1.034448
0.717949 , 0.589744 , 1.042724
0.717949 , 0.615385 , 1.051743
0.717949 , 0.641026 , 1.060215
0.717949 , 0.666667 , 1.068293
0.717949 , 0.692308 , 1.075766
0.717949 , 0.717949 , 1.080850
0.717949 , 0.743590 , 1.085282
0.717949 , 0.769231 , 1.089833
0.717949 , 0.794872 , 1.091867
0.717949 , 0.820513 , 1.092738
0.717949 , 0.846154 , 1.092434
0.717949 , 0.871795 , 1.090236
0.717949 , 0.897436 , 1.089112
0.717949 , 0.923077 , 1.088451
0.717949 , 0.948718 , 1.087680
0.717949 , 0.974359 , 1.087173
0.717949 , 1.000000 , 1.086729
0.743590 , 0.000000 , 1.035956
0.743590 , 0.025641 , 1.035567
0.743590 , 0.051282 , 1.033311
0.743590 , 0.076923 , 1.029385
0.743590 , 0.102564 , 1.024645
0.743590 , 0.128205 , 1.019753
0.743590 , 0.153846 , 1.015334
0.743590 , 0.179487 , 1.010467
0.743590 , 0.205128 , 1.005782
0.743590 , 0.230769 , 1.002204
0.743590 , 0.256410 , 0.999899
0.743590 , 0.282051 , 0.997180
0.743590 , 0.307692 , 0.995916
0.743590 , 0.333333 , 0.997527
0.743590 , 0.358974 , 1.000161
0.743590 , 0.384615 , 1.002995
0.743590 , 0.410256 , 1.006758
0.743590 , 0.435897 , 1.011800
0.743590 , 0.461538 , 1.018878
0.743590 , 0.487179 , 1.026979
0.743590 , 0.512821 , 1.035610
0.743590 , 0.538462 , 1.044205
0.743590 , 0.564103 , 1.052989
0.743590 , 0.589744 , 1.062875
0.743590 , 0.615385 , 1.072836
0.743590 , 0.641026 , 1.082148
0.743590 , 0.666667 , 1.091832
0.743590 , 0.692308 , 1.100147
0.743590 , 0.717949 , 1.106510
0.743590 , 0.743590 , 1.112307
0.743590 , 0.769231 , 1.117033
0.743590 , 0.794872 , 1.119867
0.743590 , 0.820513 , 1.121733
0.743590 , 0.846154 , 1.123510
0.743590 , 0.871795 , 1.122738
0.743590 , 0.897436 , 1.122314
0.743590 , 0.923077 , 1.122414
0.743590 , 0.948718 , 1.121976
0.743590 , 0.974359 , 1.121280
0.743590 , 1.000000 , 1.121168
0.769231 , 0.000000 , 1.045388
0.769231 , 0.025641 , 1.044829
0.769231 , 0.051282 , 1.042896
0.769231 , 0.076923 , 1.039129
0.769231 , 0.102564 , 1.035007
0.769231 , 0.128205 , 1.031107
0.769231 , 0.153846 , 1.027030
0.769231 , 0.179487 , 1.021580
0.769231 , 0.205128 , 1.017633
0.769231 , 0.230769 , 1.015464
0.769231 , 0.256410 , 1.013121
0.769231 , 0.282051 , 1.011045
0.769231 , 0.307692 , 1.009287
0.769231 , 0.333333 , 1.011675
0.769231 , 0.358974 , 1.014377
0.769231 , 0.384615 , 1.017279
0.769231 , 0.410256 , 1.021800
0.769231 , 0.435897 , 1.026825
0.769231 , 0.461538 , 1.033653
0.769231 , 0.487179 , 1.042020
0.769231 , 0.512821 , 1.051140
0.769231 , 0.538462 , 1.060123
0.769231 , 0.564103 , 1.069014
0.769231 , 0.589744 , 1.079932
0.769231 , 0.615385 , 1.090676
0.769231 , 0.641026 , 1.100027
0.769231 , 0.666667 , 1.110239
0.769231 , 0.692308 , 1.119381
0.769231 , 0.717949 , 1.127419
0.769231 , 0.743590 , 1.134280
0.769231 , 0.769231 , 1.139718
0.769231 , 0.794872 , 1.143441
0.769231 , 0.820513 , 1.146581
0.769231 , 0.846154 , 1.149001
0.769231 , 0.871795 , 1.150012
0.769231 , 0.897436 , 1.150821
0.769231 , 0.923077 , 1.150485
0.769231 , 0.948718 , 1.150396
0.769231 , 0.974359 , 1.150440
0.769231 , 1.000000 , 1.150774
0.794872 , 0.000000 , 1.053096
0.794872 , 0.025641 , 1.052464
0.794872 , 0.051282 , 1.050696
0.794872 , 0.076923 , 1.047859
0.794872 , 0.102564 , 1.044918
0.794872 , 0.128205 , 1.041285
0.794872 , 0.153846 , 1.036869
0.794872 , 0.179487 , 1.032603
0.794872 , 0.205128 , 1.028305
0.794872 , 0.230769 , 1.025368
0.794872 , 0.256410 , 1.023101
0.794872 , 0.282051 , 1.022156
0.794872 , 0.307692 , 1.022092
0.794872 , 0.333333 , 1.023515
0.794872 , 0.358974 , 1.026376
0.794872 , 0.384615 , 1.029823
0.794872 , 0.410256 , 1.034682
0.794872 , 0.435897 , 1.039630
0.794872 , 0.461538 , 1.046021
0.794872 , 0.487179 , 1.054466
0.794872 , 0.512821 , 1.063505
0.794872 , 0.538462 , 1.073230
0.794872 , 0.564103 , 1.083235
0.794872 , 0.589744 , 1.093962
0.794872 , 0.615385 , 1.105800
0.794872 , 0.641026 , 1.116249
0.794872 , 0.666667 , 1.126839
0.794872 , 0.692308 , 1.136672
0.794872 , 0.717949 , 1.145131
0.794872 , 0.743590 , 1.152330
0.794872 , 0.769231 , 1.157973
0.794872 , 0.794872 , 1.162904
0.794872 , 0.820513 , 1.167542
0.794872 , 0.846154 , 1.171107
0.794872 , 0.871795 , 1.173420
0.794872 , 0.897436 , 1.175473
0.794872 , 0.923077 , 1.174892
0.794872 , 0.948718 , 1.174525
0.794872 , 0.974359 , 1.174201
0.794872 , 1.000000 , 1.174164
0.820513 , 0.000000 , 1.058737
0.820513 , 0.025641 , 1.058665
0.820513 , 0.051282 , 1.057450
0.820513 , 0.076923 , 1.055299
0.820513 , 0.102564 , 1.053383
0.820513 , 0.128205 , 1.049992
0.820513 , 0.153846 , 1.045555
0.820513 , 0.179487 , 1.041797
0.820513 , 0.205128 , 1.038380
0.820513 , 0.230769 , 1.035043
0.820513 , 0.256410 , 1.033105
0.820513 , 0.282051 , 1.032395
0.820513 , 0.307692 , 1.033006
0.820513 , 0.333333 , 1.033829
0.820513 , 0.358974 , 1.036101
0.820513 , 0.384615 , 1.040276
0.820513 , 0.410256 , 1.045754
0.820513 , 0.435897 , 1.050809
0.820513 , 0.461538 , 1.056830
0.820513 , 0.487179 , 1.065379
0.820513 , 0.512821 , 1.074378
0.820513 , 0.538462 , 1.084347
0.820513 , 0.564103 , 1.095436
0.820513 , 0.589744 , 1.106492
0.820513 , 0.615385 , 1.118623
0.820513 , 0.641026 , 1.130073
0.820513 , 0.666667 , 1.140323
0.820513 , 0.692308 , 1.149840
0.820513 , 0.717949 , 1.158653
0.820513 , 0.743590 , 1.166861
0.820513 , 0.769231 , 1.173727
0.820513 , 0.794872 , 1.179099
0.820513 , 0.820513 , 1.184145
0.820513 , 0.846154 , 1.189061
0.820513 , 0.871795 , 1.192978
0.820513 , 0.897436 , 1.195325
0.820513 , 0.923077 , 1.195861
0.820513 , 0.948718 , 1.195772
0.820513 , 0.974359 , 1.194996
0.820513 , 1.000000 , 1.194006
0.846154 , 0.000000 , 1.063378
0.846154 , 0.025641 , 1.063505
0.846154 , 0.051282 , 1.062823
0.846154 , 0.076923 , 1.061142
0.846154 , 0.102564 , 1.059582
0.846154 , 0.128205 , 1.056601
0.846154 , 0.153846 , 1.053417
0.846154 , 0.179487 , 1.050092
0.846154 , 0.205128 , 1.046603
0.846154 , 0.230769 , 1.043273
0.846154 , 0.256410 , 1.041609
0.846154 , 0.282051 , 1.040957
0.846154 , 0.307692 , 1.042261
0.846154 , 0.333333 , 1.043548
0.846154 , 0.358974 , 1.044885
0.846154 , 0.384615 , 1.048775
0.846154 , 0.410256 , 1.054161
0.846154 , 0.435897 , 1.060194
0.846154 , 0.461538 , 1.066762
0.846154 , 0.487179 , 1.074522
0.846154 , 0.512821 , 1.083878
0.846154 , 0.538462 , 1.094770
0.846154 , 0.564103 , 1.106316
0.846154 , 0.589744 , 1.117148
0.846154 , 0.615385 , 1.128786
0.846154 , 0.641026 , 1.140518
0.846154 , 0.666667 , 1.151163
0.846154 , 0.692308 , 1.161285
0.846154 , 0.717949 , 1.169725
0.846154 , 0.743590 , 1.177897
0.846154 , 0.769231 , 1.185510
0.846154 , 0.794872 , 1.192579
0.846154 , 0.820513 , 1.198765
0.846154 , 0.846154 , 1.204148
0.846154 , 0.871795 , 1.208770
0.846154 , 0.897436 , 1.211068
0.846154 , 0.923077 , 1.212492
0.846154 , 0.948718 , 1.213101
0.846154 , 0.974359 , 1.212693
0.846154 , 1.000000 , 1.211813
0.871795 , 0.000000 , 1.067028
0.871795 , 0.025641 , 1.067480
0.871795 , 0.051282 , 1.067388
0.871795 , 0.076923 , 1.066128
0.871795 , 0.102564 , 1.064331
0.871795 , 0.128205 , 1.061663
0.871795 , 0.153846 , 1.058627
0.871795 , 0.179487 , 1.055742
0.871795 , 0.205128 , 1.052864
0.871795 , 0.230769 , 1.050719
0.871795 , 0.256410 , 1.048929
0.871795 , 0.282051 , 1.048185
0.871795 , 0.307692 , 1.049015
0.871795 , 0.333333 , 1.051183
0.871795 , 0.358974 , 1.052951
0.871795 , 0.384615 , 1.056963
0.871795 , 0.410256 , 1.061525
0.871795 , 0.435897 , 1.067813
0.871795 , 0.461538 , 1.074839
0.871795 , 0.487179 , 1.082980
0.871795 , 0.512821 , 1.092290
0.871795 , 0.538462 , 1.103236
0.871795 , 0.564103 , 1.114359
0.871795 , 0.589744 , 1.125311
0.871795 , 0.615385 , 1.136991
0.871795 , 0.641026 , 1.148237
0.871795 , 0.666667 , 1.158520
0.871795 , 0.692308 , 1.168663
0.871795 , 0.717949 , 1.177876
0.871795 , 0.743590 , 1.186333
0.871795 , 0.769231 , 1.194833
0.871795 , 0.794872 , 1.203013
0.871795 , 0.820513 , 1.210293
0.871795 , 0.846154 , 1.215732
0.871795 , 0.871795 , 1.220342
0.871795 , 0.897436 , 1.223471
0.871795 , 0.923077 , 1.225682
0.871795 , 0.948718 , 1.226500
0.871795 , 0.974359 , 1.225815
0.871795 , 1.000000 , 1.225726
0.897436 , 0.000000 , 1.070083
0.897436 , 0.025641 , 1.070648
0.897436 , 0.051282 , 1.071109
0.897436 , 0.076923 , 1.069938
0.897436 , 0.102564 , 1.068328
0.897436 , 0.128205 , 1.066205
0.897436 , 0.153846 , 1.063548
0.897436 , 0.179487 , 1.061042
0.897436 , 0.205128 , 1.058440
0.897436 , 0.230769 , 1.056609
0.897436 , 0.256410 , 1.055124
0.897436 , 0.282051 , 1.054154
0.897436 , 0.307692 , 1.055606
0.897436 , 0.333333 , 1.058378
0.897436 , 0.358974 , 1.060203
0.897436 , 0.384615 , 1.063509
0.897436 , 0.410256 , 1.068197
0.897436 , 0.435897 , 1.074503
0.897436 , 0.461538 , 1.081230
0.897436 , 0.487179 , 1.089223
0.897436 , 0.512821 , 1.099151
0.897436 , 0.538462 , 1.109971
0.897436 , 0.564103 , 1.120569
0.897436 , 0.589744 , 1.130958
0.897436 , 0.615385 , 1.143031
0.897436 , 0.641026 , 1.153893
0.897436 , 0.666667 , 1.164069
0.897436 , 0.692308 , 1.173693
0.897436 , 0.717949 , 1.183908
0.897436 , 0.743590 , 1.192808
0.897436 , 0.769231 , 1.201781
0.897436 , 0.794872 , 1.210756
0.897436 , 0.820513 , 1.218367
0.897436 , 0.846154 , 1.223587
0.897436 , 0.871795 , 1.228042
0.897436 , 0.897436 , 1.231760
0.897436 , 0.923077 , 1.234742
0.897436 , 0.948718 , 1.235877
0.897436 , 0.974359 , 1.235976
0.897436 , 1.000000 , 1.235834
0.923077 , 0.000000 , 1.073177
0.923077 , 0.025641 , 1.073333
0.923077 , 0.051282 , 1.073576
0.923077 , 0.076923 , 1.072531
0.923077 , 0.102564 , 1.071835
0.923077 , 0.128205 , 1.070399
0.923077 , 0.153846 , 1.067899
0.923077 , 0.179487 , 1.065521
0.923077 , 0.205128 , 1.063749
0.923077 , 0.230769 , 1.061246
0.923077 , 0.256410 , 1.059812
0.923077 , 0.282051 , 1.058941
0.923077 , 0.307692 , 1.060729
0.923077 , 0.333333 , 1.063603
0.923077 , 0.358974 , 1.065827
0.923077 , 0.384615 , 1.068636
0.923077 , 0.410256 , 1.073445
0.923077 , 0.435897 , 1.080050
0.923077 , 0.461538 , 1.086926
0.923077 , 0.487179 , 1.094520
0.923077 , 0.512821 , 1.104233
0.923077 , 0.538462 , 1.114885
0.923077 , 0.564103 , 1.125029
0.923077 , 0.589744 , 1.135669
0.923077 , 0.615385 , 1.147316
0.923077 , 0.641026 , 1.157958
0.923077 , 0.666667 , 1.168250
0.923077 , 0.692308 , 1.178191
0.923077 , 0.717949 , 1.187841
0.923077 , 0.743590 , 1.197300
0.923077 , 0.769231 , 1.206274
0.923077 , 0.794872 , 1.215273
0.923077 , 0.820513 , 1.222921
0.923077 , 0.846154 , 1.229002
0.923077 , 0.871795 , 1.233747
0.923077 , 0.897436 , 1.237943
0.923077 , 0.923077 , 1.240807
0.923077 , 0.948718 , 1.242598
0.923077 , 0.974359 , 1.243360
0.923077 , 1.000000 , 1.243200
0.948718 , 0.000000 , 1.074295
0.948718 , 0.025641 , 1.074917
0.948718 , 0.051282 , 1.075497
0.948718 , 0.076923 , 1.074430
0.948718 , 0.102564 , 1.073503
0.948718 , 0.128205 , 1.073056
0.948718 , 0.153846 , 1.070943
0.948718 , 0.179487 , 1.068873
0.948718 , 0.205128 , 1.067379
0.948718 , 0.230769 , 1.065370
0.948718 , 0.256410 , 1.063651
0.948718 , 0.282051 , 1.062985
0.948718 , 0.307692 , 1.064535
0.948718 , 0.333333 , 1.067042
0.948718 , 0.358974 , 1.069675
0.948718 , 0.384615 , 1.073017
0.948718 , 0.410256 , 1.077362
0.948718 , 0.435897 , 1.083010
0.948718 , 0.461538 , 1.090075
0.948718 , 0.487179 , 1.098426
0.948718 , 0.512821 , 1.108007
0.948718 , 0.538462 , 1.118131
0.948718 , 0.564103 , 1.128445
0.948718 , 0.589744 , 1.139175
0.948718 , 0.615385 , 1.150557
0.948718 , 0.641026 , 1.161115
0.948718 , 0.666667 , 1.170714
0.948718 , 0.692308 , 1.180623
0.948718 , 0.717949 , 1.190303
0.948718 , 0.743590 , 1.200297
0.948718 , 0.769231 , 1.209725
0.948718 , 0.794872 , 1.218411
0.948718 , 0.820513 , 1.225485
0.948718 , 0.846154 , 1.231465
0.948718 , 0.871795 , 1.236513
0.948718 , 0.897436 , 1.240783
0.948718 , 0.923077 , 1.243989
0.948718 , 0.948718 , 1.246324
0.948718 , 0.974359 , 1.247553
0.948718 , 1.000000 , 1.247729
0.974359 , 0.000000 , 1.074604
0.974359 , 0.025641 , 1.075573
0.974359 , 0.051282 , 1.076324
0.974359 , 0.076923 , 1.076180
0.974359 , 0.102564 , 1.074550
0.974359 , 0.128205 , 1.073820
0.974359 , 0.153846 , 1.072790
0.974359 , 0.179487 , 1.070909
0.974359 , 0.205128 , 1.069449
0.974359 , 0.230769 , 1.067218
0.974359 , 0.256410 , 1.066387
0.974359 , 0.282051 , 1.066355
0.974359 , 0.307692 , 1.067633
0.974359 , 0.333333 , 1.069845
0.974359 , 0.358974 , 1.072901
0.974359 , 0.384615 , 1.076025
0.974359 , 0.410256 , 1.080291
0.974359 , 0.435897 , 1.085741
0.974359 , 0.461538 , 1.092388
0.974359 , 0.487179 , 1.100685
0.974359 , 0.512821 , 1.110088
0.974359 , 0.538462 , 1.120168
0.974359 , 0.564103 , 1.130442
0.974359 , 0.589744 , 1.140845
0.974359 , 0.615385 , 1.151932
0.974359 , 0.641026 , 1.161963
0.974359 , 0.666667 , 1.172112
0.974359 , 0.692308 , 1.182160
0.974359 , 0.717949 , 1.192047
0.974359 , 0.743590 , 1.201793
0.974359 , 0.769231 , 1.211035
0.974359 , 0.794872 , 1.219393
0.974359 , 0.820513 , 1.226784
0.974359 , 0.846154 , 1.232815
0.974359 , 0.871795 , 1.237848
0.974359 , 0.897436 , 1.242231
0.974359 , 0.923077 , 1.245362
0.974359 , 0.948718 , 1.247872
0.974359 , 0.974359 , 1.249175
0.974359 , 1.000000 , 1.249636
1.000000 , 0.000000 , 1.075607
1.000000 , 0.025641 , 1.075768
1.000000 , 0.051282 , 1.076585
1.000000 , 0.076923 , 1.076605
1.000000 , 0.102564 , 1.075824
1.000000 , 0.128205 , 1.073910
1.000000 , 0.153846 , 1.073158
1.000000 , 0.179487 , 1.071977
1.000000 , 0.205128 , 1.069745
1.000000 , 0.230769 , 1.068154
1.000000 , 0.256410 , 1.067055
1.000000 , 0.282051 , 1.067643
1.000000 , 0.307692 , 1.068916
1.000000 , 0.333333 , 1.071160
1.000000 , 0.358974 , 1.073968
1.000000 , 0.384615 , 1.077038
1.000000 , 0.410256 , 1.081149
1.000000 , 0.435897 , 1.086593
1.000000 , 0.461538 , 1.093383
1.000000 , 0.487179 , 1.101889
1.000000 , 0.512821 , 1.110953
1.000000 , 0.538462 , 1.121104
1.000000 , 0.564103 , 1.131042
1.000000 , 0.589744 , 1.141645
1.000000 , 0.615385 , 1.152136
1.000000 , 0.641026 , 1.162585
1.000000 , 0.666667 , 1.172605
1.000000 , 0.692308 , 1.182293
1.000000 , 0.717949 , 1.192669
1.000000 , 0.743590 , 1.202061
1.000000 , 0.769231 , 1.211138
1.000000 , 0.794872 , 1.219588
1.000000 , 0.820513 , 1.226606
1.000000 , 0.846154 , 1.232658
1.000000 , 0.871795 , 1.238491
1.000000 , 0.897436 , 1.242646
1.000000 , 0.923077 , 1.246001
1.000000 , 0.948718 , 1.248266
1.000000 , 0.974359 , 1.249388
1.000000 , 1.000000 , 1.249582
