0.000000 , 0.000000 , 3.082053
0.000000 , 0.025641 , 3.082053
0.000000 , 0.051282 , 3.082053
0.000000 , 0.076923 , 3.082053
0.000000 , 0.102564 , 3.082053
0.000000 , 0.128205 , 3.082053
0.000000 , 0.153846 , 3.082053
0.000000 , 0.179487 , 3.082053
0.000000 , 0.205128 , 3.082053
0.000000 , 0.230769 , 3.082053
0.000000 , 0.256410 , 3.082053
0.000000 , 0.282051 , 3.082053
0.000000 , 0.307692 , 3.082053
0.000000 , 0.333333 , 3.082053
0.000000 , 0.358974 , 3.082053
0.000000 , 0.384615 , 3.082053
0.000000 , 0.410256 , 3.082053
0.000000 , 0.435897 , 3.082053
0.000000 , 0.461538 , 3.082053
0.000000 , 0.487179 , 3.082053
0.000000 , 0.512821 , 3.082053
0.000000 , 0.538462 , 3.082053
0.000000 , 0.564103 , 3.082053
0.000000 , 0.589744 , 3.082053
0.000000 , 0.615385 , 3.082053
0.000000 , 0.641026 , 3.082053
0.000000 , 0.666667 , 3.082053
0.000000 , 0.692308 , 3.082053
0.000000 , 0.717949 , 3.082053
0.000000 , 0.743590 , 3.082053
0.000000 , 0.769231 , 3.082053
0.000000 , 0.794872 , 3.082053
0.000000 , 0.820513 , 3.082053
0.000000 , 0.846154 , 3.082053
0.000000 , 0.871795 , 3.082053
0.000000 , 0.897436 , 3.082053
0.000000 , 0.923077 , 3.082053
0.000000 , 0.948718 , 3.082053
0.000000 , 0.974359 , 3.082053
0.000000 , 1.000000 , 3.082053
0.025641 , 0.000000 , 2.902962
0.025641 , 0.025641 , 2.903353
0.025641 , 0.051282 , 2.904478
0.025641 , 0.076923 , 2.904954
0.025641 , 0.102564 , 2.904763
0.025641 , 0.128205 , 2.903552
0.025641 , 0.153846 , 2.901313
0.025641 , 0.179487 , 2.898604
0.025641 , 0.205128 , 2.895522
0.025641 , 0.230769 , 2.891818
0.025641 , 0.256410 , 2.888418
0.025641 , 0.282051 , 2.884910
0.025641 , 0.307692 , 2.880673
0.025641 , 0.333333 , 2.875793
0.025641 , 0.358974 , 2.870164
0.025641 , 0.384615 , 2.864270
0.025641 , 0.410256 , 2.858416
0.025641 , 0.435897 , 2.852883
0.025641 , 0.461538 , 2.847024
0.025641 , 0.487179 , 2.841061
0.025641 , 0.512821 , 2.835821
0.025641 , 0.538462 , 2.829978
0.025641 , 0.564103 , 2.824098
0.025641 , 0.589744 , 2.818365
0.025641 , 0.615385 , 2.813669
0.025641 , 0.641026 , 2.808851
0.025641 , 0.666667 , 2.804125
0.025641 , 0.692308 , 2.799454
0.025641 , 0.717949 , 2.795364
0.025641 , 0.743590 , 2.791703
0.025641 , 0.769231 , 2.788234
0.025641 , 0.794872 , 2.784810
0.025641 , 0.820513 , 2.782326
0.025641 , 0.846154 , 2.780521
0.025641 , 0.871795 , 2.778868
0.025641 , 0.897436 , 2.777806
0.025641 , 0.923077 , 2.776415
0.025641 , 0.948718 , 2.775317
0.025641 , 0.974359 , 2.774846
0.025641 , 1.000000 , 2.775262
0.051282 , 0.000000 , 2.735129
0.051282 , 0.025641 , 2.735489
0.051282 , 0.051282 , 2.736083
0.051282 , 0.076923 , 2.736205
0.051282 , 0.102564 , 2.735638
0.051282 , 0.128205 , 2.733470
0.051282 , 0.153846 , 2.729483
0.051282 , 0.179487 , 2.723963
0.051282 , 0.205128 , 2.717959
0.051282 , 0.230769 , 2.711572
0.051282 , 0.256410 , 2.705400
0.051282 , 0.282051 , 2.698120
0.051282 , 0.307692 , 2.689442
0.051282 , 0.333333 , 2.679400
0.051282 , 0.358974 , 2.668460
0.051282 , 0.384615 , 2.657200
0.051282 , 0.410256 , 2.646260
0.051282 , 0.435897 , 2.634705
0.051282 , 0.461538 , 2.622284
0.051282 , 0.487179 , 2.610169
0.051282 , 0.512821 , 2.599547
0.051282 , 0.538462 , 2.588967
0.051282 , 0.564103 , 2.576520
0.051282 , 0.589744 , 2.565517
0.051282 , 0.615385 , 2.556304
0.051282 , 0.641026 , 2.546515
0.051282 , 0.666667 , 2.536813
0.051282 , 0.692308 , 2.528035
0.051282 , 0.717949 , 2.519739
0.051282 , 0.743590 , 2.512295
0.051282 , 0.769231 , 2.505326
0.051282 , 0.794872 , 2.499844
0.051282 , 0.820513 , 2.494599
0.051282 , 0.846154 , 2.490047
0.051282 , 0.871795 , 2.487097
0.051282 , 0.897436 , 2.484514
0.051282 , 0.923077 , 2.482527
0.051282 , 0.948718 , 2.480961
0.051282 , 0.974359 , 2.479808
0.051282 , 1.000000 , 2.479098
0.076923 , 0.000000 , 2.576590
0.076923 , 0.025641 , 2.576446
0.076923 , 0.051282 , 2.577023
0.076923 , 0.076923 , 2.577004
0.076923 , 0.102564 , 2.575575
0.076923 , 0.128205 , 2.572068
0.076923 , 0.153846 , 2.566368
0.076923 , 0.179487 , 2.559089
0.076923 , 0.205128 , 2.550797
0.076923 , 0.230769 , 2.541897
0.076923 , 0.256410 , 2.532267
0.076923 , 0.282051 , 2.520825
0.076923 , 0.307692 , 2.507603
0.076923 , 0.333333 , 2.493295
0.076923 , 0.358974 , 2.477857
0.076923 , 0.384615 , 2.461273
0.076923 , 0.410256 , 2.444621
0.076923 , 0.435897 , 2.426642
0.076923 , 0.461538 , 2.408460
0.076923 , 0.487179 , 2.390273
0.076923 , 0.512821 , 2.373248
0.076923 , 0.538462 , 2.357187
0.076923 , 0.564103 , 2.340412
0.076923 , 0.589744 , 2.324060
0.076923 , 0.615385 , 2.309487
0.076923 , 0.641026 , 2.294375
0.076923 , 0.666667 , 2.279824
0.076923 , 0.692308 , 2.266400
0.076923 , 0.717949 , 2.254306
0.076923 , 0.743590 , 2.243289
0.076923 , 0.769231 , 2.233264
0.076923 , 0.794872 , 2.224744
0.076923 , 0.820513 , 2.216941
0.076923 , 0.846154 , 2.210639
0.076923 , 0.871795 , 2.205241
0.076923 , 0.897436 , 2.202012
0.076923 , 0.923077 , 2.199581
0.076923 , 0.948718 , 2.197435
0.076923 , 0.974359 , 2.196232
0.076923 , 1.000000 , 2.195314
0.102564 , 0.000000 , 2.425720
0.102564 , 0.025641 , 2.426547
0.102564 , 0.051282 , 2.426563
0.102564 , 0.076923 , 2.426120
0.102564 , 0.102564 , 2.423821
0.102564 , 0.128205 , 2.419193
0.102564 , 0.153846 , 2.411702
0.102564 , 0.179487 , 2.402805
0.102564 , 0.205128 , 2.392947
0.102564 , 0.230769 , 2.382073
0.102564 , 0.256410 , 2.368749
0.102564 , 0.282051 , 2.352702
0.102564 , 0.307692 , 2.334699
0.102564 , 0.333333 , 2.316480
0.102564 , 0.358974 , 2.296861
0.102564 , 0.384615 , 2.275752
0.102564 , 0.410256 , 2.252725
0.102564 , 0.435897 , 2.229234
0.102564 , 0.461538 , 2.205597
0.102564 , 0.487179 , 2.181731
0.102564 , 0.512821 , 2.157953
0.102564 , 0.538462 , 2.135313
0.102564 , 0.564103 , 2.113659
0.102564 , 0.589744 , 2.092778
0.102564 , 0.615385 , 2.073023
0.102564 , 0.641026 , 2.053251
0.102564 , 0.666667 , 2.033946
0.102564 , 0.692308 , 2.015281
0.102564 , 0.717949 , 1.999129
0.102564 , 0.743590 , 1.985235
0.102564 , 0.769231 , 1.972123
0.102564 , 0.794872 , 1.960760
0.102564 , 0.820513 , 1.950940
0.102564 , 0.846154 , 1.942075
0.102564 , 0.871795 , 1.934649
0.102564 , 0.897436 , 1.929217
0.102564 , 0.923077 , 1.926400
0.102564 , 0.948718 , 1.923728
0.102564 , 0.974359 , 1.922554
0.102564 , 1.000000 , 1.921620
0.128205 , 0.000000 , 2.285903
0.128205 , 0.025641 , 2.285694
0.128205 , 0.051282 , 2.285681
0.128205 , 0.076923 , 2.284263
0.128205 , 0.102564 , 2.281044
0.128205 , 0.128205 , 2.275398
0.128205 , 0.153846 , 2.266606
0.128205 , 0.179487 , 2.255751
0.128205 , 0.205128 , 2.243745
0.128205 , 0.230769 , 2.230287
0.128205 , 0.256410 , 2.213680
0.128205 , 0.282051 , 2.194229
0.128205 , 0.307692 , 2.171884
0.128205 , 0.333333 , 2.148952
0.128205 , 0.358974 , 2.124906
0.128205 , 0.384615 , 2.099291
0.128205 , 0.410256 , 2.071191
0.128205 , 0.435897 , 2.042140
0.128205 , 0.461538 , 2.012848
0.128205 , 0.487179 , 1.983141
0.128205 , 0.512821 , 1.953304
0.128205 , 0.538462 , 1.924814
0.128205 , 0.564103 , 1.898000
0.128205 , 0.589744 , 1.872021
0.128205 , 0.615385 , 1.846251
0.128205 , 0.641026 , 1.821370
0.128205 , 0.666667 , 1.797852
0.128205 , 0.692308 , 1.774769
0.128205 , 0.717949 , 1.754519
0.128205 , 0.743590 , 1.737711
0.128205 , 0.769231 , 1.722134
0.128205 , 0.794872 , 1.708922
0.128205 , 0.820513 , 1.696660
0.128205 , 0.846154 , 1.684906
0.128205 , 0.871795 , 1.675787
0.128205 , 0.897436 , 1.668372
0.128205 , 0.923077 , 1.663779
0.128205 , 0.948718 , 1.660668
0.128205 , 0.974359 , 1.658744
0.128205 , 1.000000 , 1.657795
0.153846 , 0.000000 , 2.157671
0.153846 , 0.025641 , 2.156253
0.153846 , 0.051282 , 2.154544
0.153846 , 0.076923 , 2.152049
0.153846 , 0.102564 , 2.147362
0.153846 , 0.128205 , 2.140629
0.153846 , 0.153846 , 2.131110
0.153846 , 0.179487 , 2.118684
0.153846 , 0.205128 , 2.104009
0.153846 , 0.230769 , 2.086652
0.153846 , 0.256410 , 2.066707
0.153846 , 0.282051 , 2.044134
0.153846 , 0.307692 , 2.018543
0.153846 , 0.333333 , 1.991155
0.153846 , 0.358974 , 1.961688
0.153846 , 0.384615 , 1.931510
0.153846 , 0.410256 , 1.899034
0.153846 , 0.435897 , 1.864841
0.153846 , 0.461538 , 1.829966
0.153846 , 0.487179 , 1.794843
0.153846 , 0.512821 , 1.759309
0.153846 , 0.538462 , 1.724623
0.153846 , 0.564103 , 1.692341
0.153846 , 0.589744 , 1.660631
0.153846 , 0.615385 , 1.629869
0.153846 , 0.641026 , 1.600636
0.153846 , 0.666667 , 1.572384
0.153846 , 0.692308 , 1.545396
0.153846 , 0.717949 , 1.520959
0.153846 , 0.743590 , 1.500032
0.153846 , 0.769231 , 1.482139
0.153846 , 0.794872 , 1.466462
0.153846 , 0.820513 , 1.451638
0.153846 , 0.846154 , 1.438404
0.153846 , 0.871795 , 1.426857
0.153846 , 0.897436 , 1.418241
0.153846 , 0.923077 , 1.411880
0.153846 , 0.948718 , 1.407522
0.153846 , 0.974359 , 1.405514
0.153846 , 1.000000 , 1.404811
0.179487 , 0.000000 , 2.036824
0.179487 , 0.025641 , 2.035829
0.179487 , 0.051282 , 2.032920
0.179487 , 0.076923 , 2.029054
0.179487 , 0.102564 , 2.023047
0.179487 , 0.128205 , 2.014074
0.179487 , 0.153846 , 2.002428
0.179487 , 0.179487 , 1.988443
0.179487 , 0.205128 , 1.971682
0.179487 , 0.230769 , 1.950573
0.179487 , 0.256410 , 1.927633
0.179487 , 0.282051 , 1.902361
0.179487 , 0.307692 , 1.873602
0.179487 , 0.333333 , 1.842493
0.179487 , 0.358974 , 1.808731
0.179487 , 0.384615 , 1.773542
0.179487 , 0.410256 , 1.736188
0.179487 , 0.435897 , 1.696643
0.179487 , 0.461538 , 1.655777
0.179487 , 0.487179 , 1.614729
0.179487 , 0.512821 , 1.574078
0.179487 , 0.538462 , 1.534109
0.179487 , 0.564103 , 1.496630
0.179487 , 0.589744 , 1.459496
0.179487 , 0.615385 , 1.423750
0.179487 , 0.641026 , 1.390260
0.179487 , 0.666667 , 1.357930
0.179487 , 0.692308 , 1.327245
0.179487 , 0.717949 , 1.298406
0.179487 , 0.743590 , 1.273222
0.179487 , 0.769231 , 1.251781
0.179487 , 0.794872 , 1.233466
0.179487 , 0.820513 , 1.215567
0.179487 , 0.846154 , 1.200566
0.179487 , 0.871795 , 1.187222
0.179487 , 0.897436 , 1.176733
0.179487 , 0.923077 , 1.169018
0.179487 , 0.948718 , 1.164305
0.179487 , 0.974359 , 1.161637
0.179487 , 1.000000 , 1.160577
0.205128 , 0.000000 , 1.925060
0.205128 , 0.025641 , 1.924233
0.205128 , 0.051282 , 1.920625
0.205128 , 0.076923 , 1.915560
0.205128 , 0.102564 , 1.908275
0.205128 , 0.128205 , 1.897837
0.205128 , 0.153846 , 1.884069
0.205128 , 0.179487 , 1.867536
0.205128 , 0.205128 , 1.847603
0.205128 , 0.230769 , 1.823264
0.205128 , 0.256410 , 1.797219
0.205128 , 0.282051 , 1.769142
0.205128 , 0.307692 , 1.736771
0.205128 , 0.333333 , 1.701867
0.205128 , 0.358974 , 1.664828
0.205128 , 0.384615 , 1.625072
0.205128 , 0.410256 , 1.582226
0.205128 , 0.435897 , 1.537944
0.205128 , 0.461538 , 1.492146
0.205128 , 0.487179 , 1.445471
0.205128 , 0.512821 , 1.399238
0.205128 , 0.538462 , 1.353981
0.205128 , 0.564103 , 1.311136
0.205128 , 0.589744 , 1.268917
0.205128 , 0.615385 , 1.227788
0.205128 , 0.641026 , 1.189447
0.205128 , 0.666667 , 1.152632
0.205128 , 0.692308 , 1.117671
0.205128 , 0.717949 , 1.084376
0.205128 , 0.743590 , 1.055318
0.205128 , 0.769231 , 1.030068
0.205128 , 0.794872 , 1.008152
0.205128 , 0.820513 , 0.987854
0.205128 , 0.846154 , 0.971010
0.205128 , 0.871795 , 0.955640
0.205128 , 0.897436 , 0.943561
0.205128 , 0.923077 , 0.934389
0.205128 , 0.948718 , 0.929559
0.205128 , 0.974359 , 0.926228
0.205128 , 1.000000 , 0.924365
0.230769 , 0.000000 , 1.822614
0.230769 , 0.025641 , 1.821754
0.230769 , 0.051282 , 1.818151
0.230769 , 0.076923 , 1.811648
0.230769 , 0.102564 , 1.802804
0.230769 , 0.128205 , 1.790788
0.230769 , 0.153846 , 1.774534
0.230769 , 0.179487 , 1.756094
0.230769 , 0.205128 , 1.733721
0.230769 , 0.230769 , 1.707129
0.230769 , 0.256410 , 1.677559
0.230769 , 0.282051 , 1.645122
0.230769 , 0.307692 , 1.608682
0.230769 , 0.333333 , 1.569615
0.230769 , 0.358974 , 1.529206
0.230769 , 0.384615 , 1.485355
0.230769 , 0.410256 , 1.437751
0.230769 , 0.435897 , 1.388524
0.230769 , 0.461538 , 1.338132
0.230769 , 0.487179 , 1.286282
0.230769 , 0.512821 , 1.234905
0.230769 , 0.538462 , 1.184119
0.230769 , 0.564103 , 1.135594
0.230769 , 0.589744 , 1.088273
0.230769 , 0.615385 , 1.041750
0.230769 , 0.641026 , 0.997952
0.230769 , 0.666667 , 0.956096
0.230769 , 0.692308 , 0.916497
0.230769 , 0.717949 , 0.879169
0.230769 , 0.743590 , 0.846182
0.230769 , 0.769231 , 0.817417
0.230769 , 0.794872 , 0.791645
0.230769 , 0.820513 , 0.769114
0.230769 , 0.846154 , 0.749583
0.230769 , 0.871795 , 0.732343
0.230769 , 0.897436 , 0.718707
0.230769 , 0.923077 , 0.709256
0.230769 , 0.948718 , 0.703583
0.230769 , 0.974359 , 0.699374
0.230769 , 1.000000 , 0.697409
0.256410 , 0.000000 , 1.729578
0.256410 , 0.025641 , 1.728684
0.256410 , 0.051282 , 1.724788
0.256410 , 0.076923 , 1.717405
0.256410 , 0.102564 , 1.707132
0.256410 , 0.128205 , 1.693064
0.256410 , 0.153846 , 1.674143
0.256410 , 0.179487 , 1.652881
0.256410 , 0.205128 , 1.628034
0.256410 , 0.230769 , 1.599673
0.256410 , 0.256410 , 1.567435
0.256410 , 0.282051 , 1.530816
0.256410 , 0.307692 , 1.490597
0.256410 , 0.333333 , 1.447192
0.256410 , 0.358974 , 1.401571
0.256410 , 0.384615 , 1.353335
0.256410 , 0.410256 , 1.301778
0.256410 , 0.435897 , 1.248260
0.256410 , 0.461538 , 1.193676
0.256410 , 0.487179 , 1.137268
0.256410 , 0.512821 , 1.080801
0.256410 , 0.538462 , 1.024885
0.256410 , 0.564103 , 0.970375
0.256410 , 0.589744 , 0.916881
0.256410 , 0.615385 , 0.865214
0.256410 , 0.641026 , 0.815971
0.256410 , 0.666667 , 0.768893
0.256410 , 0.692308 , 0.724627
0.256410 , 0.717949 , 0.683558
0.256410 , 0.743590 , 0.646573
0.256410 , 0.769231 , 0.614383
0.256410 , 0.794872 , 0.584891
0.256410 , 0.820513 , 0.558499
0.256410 , 0.846154 , 0.536064
0.256410 , 0.871795 , 0.516581
0.256410 , 0.897436 , 0.501916
0.256410 , 0.923077 , 0.492410
0.256410 , 0.948718 , 0.485254
0.256410 , 0.974359 , 0.480390
0.256410 , 1.000000 , 0.478742
0.282051 , 0.000000 , 1.646761
0.282051 , 0.025641 , 1.645713
0.282051 , 0.051282 , 1.641518
0.282051 , 0.076923 , 1.633442
0.282051 , 0.102564 , 1.621770
0.282051 , 0.128205 , 1.605931
0.282051 , 0.153846 , 1.585042
0.282051 , 0.179487 , 1.560533
0.282051 , 0.205128 , 1.533019
0.282051 , 0.230769 , 1.501599
0.282051 , 0.256410 , 1.466411
0.282051 , 0.282051 , 1.426095
0.282051 , 0.307692 , 1.381409
0.282051 , 0.333333 , 1.334219
0.282051 , 0.358974 , 1.283463
0.282051 , 0.384615 , 1.230678
0.282051 , 0.410256 , 1.174730
0.282051 , 0.435897 , 1.116616
0.282051 , 0.461538 , 1.057335
0.282051 , 0.487179 , 0.996488
0.282051 , 0.512821 , 0.935511
0.282051 , 0.538462 , 0.874542
0.282051 , 0.564103 , 0.814294
0.282051 , 0.589744 , 0.755745
0.282051 , 0.615385 , 0.699164
0.282051 , 0.641026 , 0.644638
0.282051 , 0.666667 , 0.591974
0.282051 , 0.692308 , 0.542270
0.282051 , 0.717949 , 0.496536
0.282051 , 0.743590 , 0.455812
0.282051 , 0.769231 , 0.419795
0.282051 , 0.794872 , 0.386620
0.282051 , 0.820513 , 0.356688
0.282051 , 0.846154 , 0.330984
0.282051 , 0.871795 , 0.309166
0.282051 , 0.897436 , 0.292819
0.282051 , 0.923077 , 0.281451
0.282051 , 0.948718 , 0.273170
0.282051 , 0.974359 , 0.268292
0.282051 , 1.000000 , 0.266593
0.307692 , 0.000000 , 1.574248
0.307692 , 0.025641 , 1.573073
0.307692 , 0.051282 , 1.568375
0.307692 , 0.076923 , 1.559200
0.307692 , 0.102564 , 1.545909
0.307692 , 0.128205 , 1.527963
0.307692 , 0.153846 , 1.505227
0.307692 , 0.179487 , 1.478414
0.307692 , 0.205128 , 1.447424
0.307692 , 0.230769 , 1.412746
0.307692 , 0.256410 , 1.373495
0.307692 , 0.282051 , 1.329392
0.307692 , 0.307692 , 1.280530
0.307692 , 0.333333 , 1.228598
0.307692 , 0.358974 , 1.174363
0.307692 , 0.384615 , 1.116846
0.307692 , 0.410256 , 1.056430
0.307692 , 0.435897 , 0.993353
0.307692 , 0.461538 , 0.928776
0.307692 , 0.487179 , 0.863333
0.307692 , 0.512821 , 0.797645
0.307692 , 0.538462 , 0.732099
0.307692 , 0.564103 , 0.667279
0.307692 , 0.589744 , 0.602880
0.307692 , 0.615385 , 0.540692
0.307692 , 0.641026 , 0.481043
0.307692 , 0.666667 , 0.423238
0.307692 , 0.692308 , 0.368690
0.307692 , 0.717949 , 0.318336
0.307692 , 0.743590 , 0.272754
0.307692 , 0.769231 , 0.232103
0.307692 , 0.794872 , 0.195307
0.307692 , 0.820513 , 0.162960
0.307692 , 0.846154 , 0.134437
0.307692 , 0.871795 , 0.110499
0.307692 , 0.897436 , 0.091480
0.307692 , 0.923077 , 0.077984
0.307692 , 0.948718 , 0.068162
0.307692 , 0.974359 , 0.062913
0.307692 , 1.000000 , 0.060941
0.333333 , 0.000000 , 1.512354
0.333333 , 0.025641 , 1.510894
0.333333 , 0.051282 , 1.505448
0.333333 , 0.076923 , 1.495213
0.333333 , 0.102564 , 1.479985
0.333333 , 0.128205 , 1.459704
0.333333 , 0.153846 , 1.434825
0.333333 , 0.179487 , 1.405583
0.333333 , 0.205128 , 1.371270
0.333333 , 0.230769 , 1.332539
0.333333 , 0.256410 , 1.288905
0.333333 , 0.282051 , 1.240650
0.333333 , 0.307692 , 1.187956
0.333333 , 0.333333 , 1.131950
0.333333 , 0.358974 , 1.073024
0.333333 , 0.384615 , 1.011000
0.333333 , 0.410256 , 0.945720
0.333333 , 0.435897 , 0.877933
0.333333 , 0.461538 , 0.808561
0.333333 , 0.487179 , 0.738607
0.333333 , 0.512821 , 0.667878
0.333333 , 0.538462 , 0.597196
0.333333 , 0.564103 , 0.526692
0.333333 , 0.589744 , 0.457230
0.333333 , 0.615385 , 0.389769
0.333333 , 0.641026 , 0.324694
0.333333 , 0.666667 , 0.261998
0.333333 , 0.692308 , 0.202524
0.333333 , 0.717949 , 0.147717
0.333333 , 0.743590 , 0.097192
0.333333 , 0.769231 , 0.051854
0.333333 , 0.794872 , 0.010939
0.333333 , 0.820513 , -0.024883
0.333333 , 0.846154 , -0.056366
0.333333 , 0.871795 , -0.082204
0.333333 , 0.897436 , -0.104189
0.333333 , 0.923077 , -0.119809
0.333333 , 0.948718 , -0.130490
0.333333 , 0.974359 , -0.137228
0.333333 , 1.000000 , -0.139289
0.358974 , 0.000000 , 1.463283
0.358974 , 0.025641 , 1.460994
0.358974 , 0.051282 , 1.454235
0.358974 , 0.076923 , 1.442560
0.358974 , 0.102564 , 1.424862
0.358974 , 0.128205 , 1.401984
0.358974 , 0.153846 , 1.374228
0.358974 , 0.179487 , 1.342475
0.358974 , 0.205128 , 1.305290
0.358974 , 0.230769 , 1.262180
0.358974 , 0.256410 , 1.213978
0.358974 , 0.282051 , 1.161639
0.358974 , 0.307692 , 1.104439
0.358974 , 0.333333 , 1.043628
0.358974 , 0.358974 , 0.980334
0.358974 , 0.384615 , 0.913117
0.358974 , 0.410256 , 0.843366
0.358974 , 0.435897 , 0.771063
0.358974 , 0.461538 , 0.696730
0.358974 , 0.487179 , 0.621476
0.358974 , 0.512821 , 0.545507
0.358974 , 0.538462 , 0.469234
0.358974 , 0.564103 , 0.393134
0.358974 , 0.589744 , 0.318607
0.358974 , 0.615385 , 0.246312
0.358974 , 0.641026 , 0.176293
0.358974 , 0.666667 , 0.108496
0.358974 , 0.692308 , 0.044040
0.358974 , 0.717949 , -0.016654
0.358974 , 0.743590 , -0.072423
0.358974 , 0.769231 , -0.122413
0.358974 , 0.794872 , -0.166977
0.358974 , 0.820513 , -0.207083
0.358974 , 0.846154 , -0.241482
0.358974 , 0.871795 , -0.269723
0.358974 , 0.897436 , -0.293095
0.358974 , 0.923077 , -0.311242
0.358974 , 0.948718 , -0.324334
0.358974 , 0.974359 , -0.332192
0.358974 , 1.000000 , -0.334415
0.384615 , 0.000000 , 1.426878
0.384615 , 0.025641 , 1.423739
0.384615 , 0.051282 , 1.415463
0.384615 , 0.076923 , 1.401493
0.384615 , 0.102564 , 1.381112
0.384615 , 0.128205 , 1.354878
0.384615 , 0.153846 , 1.324332
0.384615 , 0.179487 , 1.289550
0.384615 , 0.205128 , 1.248911
0.384615 , 0.230769 , 1.202080
0.384615 , 0.256410 , 1.148749
0.384615 , 0.282051 , 1.091951
0.384615 , 0.307692 , 1.030677
0.384615 , 0.333333 , 0.965166
0.384615 , 0.358974 , 0.896972
0.384615 , 0.384615 , 0.825050
0.384615 , 0.410256 , 0.749254
0.384615 , 0.435897 , 0.671760
0.384615 , 0.461538 , 0.592212
0.384615 , 0.487179 , 0.511332
0.384615 , 0.512821 , 0.429768
0.384615 , 0.538462 , 0.347892
0.384615 , 0.564103 , 0.266729
0.384615 , 0.589744 , 0.186411
0.384615 , 0.615385 , 0.108640
0.384615 , 0.641026 , 0.032932
0.384615 , 0.666667 , -0.040260
0.384615 , 0.692308 , -0.109907
0.384615 , 0.717949 , -0.175410
0.384615 , 0.743590 , -0.236268
0.384615 , 0.769231 , -0.291400
0.384615 , 0.794872 , -0.340418
0.384615 , 0.820513 , -0.383959
0.384615 , 0.846154 , -0.421577
0.384615 , 0.871795 , -0.453251
0.384615 , 0.897436 , -0.478703
0.384615 , 0.923077 , -0.498372
0.384615 , 0.948718 , -0.513042
0.384615 , 0.974359 , -0.522479
0.384615 , 1.000000 , -0.525226
0.410256 , 0.000000 , 1.401565
0.410256 , 0.025641 , 1.398023
0.410256 , 0.051282 , 1.388461
0.410256 , 0.076923 , 1.372575
0.410256 , 0.102564 , 1.349891
0.410256 , 0.128205 , 1.320131
0.410256 , 0.153846 , 1.286378
0.410256 , 0.179487 , 1.246877
0.410256 , 0.205128 , 1.201896
0.410256 , 0.230769 , 1.151461
0.410256 , 0.256410 , 1.094679
0.410256 , 0.282051 , 1.032368
0.410256 , 0.307692 , 0.966477
0.410256 , 0.333333 , 0.896560
0.410256 , 0.358974 , 0.822358
0.410256 , 0.384615 , 0.744758
0.410256 , 0.410256 , 0.663354
0.410256 , 0.435897 , 0.579621
0.410256 , 0.461538 , 0.494213
0.410256 , 0.487179 , 0.407401
0.410256 , 0.512821 , 0.320377
0.410256 , 0.538462 , 0.233043
0.410256 , 0.564103 , 0.145818
0.410256 , 0.589744 , 0.059806
0.410256 , 0.615385 , -0.024178
0.410256 , 0.641026 , -0.105754
0.410256 , 0.666667 , -0.184458
0.410256 , 0.692308 , -0.259859
0.410256 , 0.717949 , -0.330551
0.410256 , 0.743590 , -0.395989
0.410256 , 0.769231 , -0.455596
0.410256 , 0.794872 , -0.509161
0.410256 , 0.820513 , -0.556525
0.410256 , 0.846154 , -0.597509
0.410256 , 0.871795 , -0.631997
0.410256 , 0.897436 , -0.660452
0.410256 , 0.923077 , -0.682663
0.410256 , 0.948718 , -0.699142
0.410256 , 0.974359 , -0.709098
0.410256 , 1.000000 , -0.712769
0.435897 , 0.000000 , 1.387435
0.435897 , 0.025641 , 1.383319
0.435897 , 0.051282 , 1.372907
0.435897 , 0.076923 , 1.354901
0.435897 , 0.102564 , 1.329970
0.435897 , 0.128205 , 1.297765
0.435897 , 0.153846 , 1.260579
0.435897 , 0.179487 , 1.216665
0.435897 , 0.205128 , 1.166481
0.435897 , 0.230769 , 1.111270
0.435897 , 0.256410 , 1.050486
0.435897 , 0.282051 , 0.983440
0.435897 , 0.307692 , 0.912073
0.435897 , 0.333333 , 0.836723
0.435897 , 0.358974 , 0.756124
0.435897 , 0.384615 , 0.672066
0.435897 , 0.410256 , 0.584965
0.435897 , 0.435897 , 0.495218
0.435897 , 0.461538 , 0.403646
0.435897 , 0.487179 , 0.310366
0.435897 , 0.512821 , 0.216691
0.435897 , 0.538462 , 0.123117
0.435897 , 0.564103 , 0.030091
0.435897 , 0.589744 , -0.062275
0.435897 , 0.615385 , -0.152526
0.435897 , 0.641026 , -0.240067
0.435897 , 0.666667 , -0.324569
0.435897 , 0.692308 , -0.405199
0.435897 , 0.717949 , -0.480876
0.435897 , 0.743590 , -0.551113
0.435897 , 0.769231 , -0.615530
0.435897 , 0.794872 , -0.673393
0.435897 , 0.820513 , -0.725150
0.435897 , 0.846154 , -0.770672
0.435897 , 0.871795 , -0.808657
0.435897 , 0.897436 , -0.839237
0.435897 , 0.923077 , -0.864024
0.435897 , 0.948718 , -0.882268
0.435897 , 0.974359 , -0.893030
0.435897 , 1.000000 , -0.896889
0.461538 , 0.000000 , 1.385425
0.461538 , 0.025641 , 1.381155
0.461538 , 0.051282 , 1.369858
0.461538 , 0.076923 , 1.349970
0.461538 , 0.102564 , 1.322205
0.461538 , 0.128205 , 1.287454
0.461538 , 0.153846 , 1.245762
0.461538 , 0.179487 , 1.197620
0.461538 , 0.205128 , 1.143386
0.461538 , 0.230769 , 1.083395
0.461538 , 0.256410 , 1.017481
0.461538 , 0.282051 , 0.944851
0.461538 , 0.307692 , 0.867433
0.461538 , 0.333333 , 0.786499
0.461538 , 0.358974 , 0.699751
0.461538 , 0.384615 , 0.608802
0.461538 , 0.410256 , 0.515217
0.461538 , 0.435897 , 0.418738
0.461538 , 0.461538 , 0.320260
0.461538 , 0.487179 , 0.219651
0.461538 , 0.512821 , 0.118681
0.461538 , 0.538462 , 0.018144
0.461538 , 0.564103 , -0.081221
0.461538 , 0.589744 , -0.179875
0.461538 , 0.615385 , -0.276832
0.461538 , 0.641026 , -0.370491
0.461538 , 0.666667 , -0.460660
0.461538 , 0.692308 , -0.547064
0.461538 , 0.717949 , -0.628060
0.461538 , 0.743590 , -0.703357
0.461538 , 0.769231 , -0.772711
0.461538 , 0.794872 , -0.835388
0.461538 , 0.820513 , -0.891467
0.461538 , 0.846154 , -0.941038
0.461538 , 0.871795 , -0.983303
0.461538 , 0.897436 , -1.016748
0.461538 , 0.923077 , -1.043336
0.461538 , 0.948718 , -1.063089
0.461538 , 0.974359 , -1.074047
0.461538 , 1.000000 , -1.078069
0.487179 , 0.000000 , 1.395755
0.487179 , 0.025641 , 1.391552
0.487179 , 0.051282 , 1.379307
0.487179 , 0.076923 , 1.358079
0.487179 , 0.102564 , 1.328457
0.487179 , 0.128205 , 1.290428
0.487179 , 0.153846 , 1.243945
0.487179 , 0.179487 , 1.191093
0.487179 , 0.205128 , 1.132690
0.487179 , 0.230769 , 1.067642
0.487179 , 0.256410 , 0.996444
0.487179 , 0.282051 , 0.918156
0.487179 , 0.307692 , 0.834293
0.487179 , 0.333333 , 0.746153
0.487179 , 0.358974 , 0.653138
0.487179 , 0.384615 , 0.555206
0.487179 , 0.410256 , 0.453914
0.487179 , 0.435897 , 0.349654
0.487179 , 0.461538 , 0.243562
0.487179 , 0.487179 , 0.135186
0.487179 , 0.512821 , 0.026322
0.487179 , 0.538462 , -0.081698
0.487179 , 0.564103 , -0.188503
0.487179 , 0.589744 , -0.293502
0.487179 , 0.615385 , -0.397041
0.487179 , 0.641026 , -0.497619
0.487179 , 0.666667 , -0.594053
0.487179 , 0.692308 , -0.686533
0.487179 , 0.717949 , -0.773999
0.487179 , 0.743590 , -0.855105
0.487179 , 0.769231 , -0.929730
0.487179 , 0.794872 , -0.996998
0.487179 , 0.820513 , -1.057288
0.487179 , 0.846154 , -1.110679
0.487179 , 0.871795 , -1.156225
0.487179 , 0.897436 , -1.193778
0.487179 , 0.923077 , -1.222343
0.487179 , 0.948718 , -1.242942
0.487179 , 0.974359 , -1.254694
0.487179 , 1.000000 , -1.258218
0.512821 , 0.000000 , 1.419522
0.512821 , 0.025641 , 1.414645
0.512821 , 0.051282 , 1.401118
0.512821 , 0.076923 , 1.378406
0.512821 , 0.102564 , 1.346417
0.512821 , 0.128205 , 1.305347
0.512821 , 0.153846 , 1.255912
0.512821 , 0.179487 , 1.198555
0.512821 , 0.205128 , 1.135416
0.512821 , 0.230769 , 1.064496
0.512821 , 0.256410 , 0.987006
0.512821 , 0.282051 , 0.902360
0.512821 , 0.307692 , 0.811844
0.512821 , 0.333333 , 0.716413
0.512821 , 0.358974 , 0.615776
0.512821 , 0.384615 , 0.510235
0.512821 , 0.410256 , 0.400881
0.512821 , 0.435897 , 0.288469
0.512821 , 0.461538 , 0.173960
0.512821 , 0.487179 , 0.057489
0.512821 , 0.512821 , -0.059632
0.512821 , 0.538462 , -0.176363
0.512821 , 0.564103 , -0.291554
0.512821 , 0.589744 , -0.404258
0.512821 , 0.615385 , -0.514880
0.512821 , 0.641026 , -0.622726
0.512821 , 0.666667 , -0.726649
0.512821 , 0.692308 , -0.825526
0.512821 , 0.717949 , -0.919396
0.512821 , 0.743590 , -1.006600
0.512821 , 0.769231 , -1.087102
0.512821 , 0.794872 , -1.159409
0.512821 , 0.820513 , -1.223698
0.512821 , 0.846154 , -1.280192
0.512821 , 0.871795 , -1.328876
0.512821 , 0.897436 , -1.369148
0.512821 , 0.923077 , -1.400523
0.512821 , 0.948718 , -1.422905
0.512821 , 0.974359 , -1.435356
0.512821 , 1.000000 , -1.439344
0.538462 , 0.000000 , 1.458048
0.538462 , 0.025641 , 1.452628
0.538462 , 0.051282 , 1.437306
0.538462 , 0.076923 , 1.412135
0.538462 , 0.102564 , 1.377882
0.538462 , 0.128205 , 1.333861
0.538462 , 0.153846 , 1.280899
0.538462 , 0.179487 , 1.219905
0.538462 , 0.205128 , 1.151338
0.538462 , 0.230769 , 1.075189
0.538462 , 0.256410 , 0.990955
0.538462 , 0.282051 , 0.898980
0.538462 , 0.307692 , 0.800725
0.538462 , 0.333333 , 0.697301
0.538462 , 0.358974 , 0.588527
0.538462 , 0.384615 , 0.474659
0.538462 , 0.410256 , 0.356587
0.538462 , 0.435897 , 0.235054
0.538462 , 0.461538 , 0.110747
0.538462 , 0.487179 , -0.014871
0.538462 , 0.512821 , -0.140947
0.538462 , 0.538462 , -0.266923
0.538462 , 0.564103 , -0.391020
0.538462 , 0.589744 , -0.512290
0.538462 , 0.615385 , -0.631171
0.538462 , 0.641026 , -0.746983
0.538462 , 0.666667 , -0.858697
0.538462 , 0.692308 , -0.964739
0.538462 , 0.717949 , -1.064942
0.538462 , 0.743590 , -1.158192
0.538462 , 0.769231 , -1.244506
0.538462 , 0.794872 , -1.322004
0.538462 , 0.820513 , -1.390384
0.538462 , 0.846154 , -1.450514
0.538462 , 0.871795 , -1.502275
0.538462 , 0.897436 , -1.545381
0.538462 , 0.923077 , -1.579529
0.538462 , 0.948718 , -1.604203
0.538462 , 0.974359 , -1.618663
0.538462 , 1.000000 , -1.622863
0.564103 , 0.000000 , 1.510949
0.564103 , 0.025641 , 1.505270
0.564103 , 0.051282 , 1.488715
0.564103 , 0.076923 , 1.461261
0.564103 , 0.102564 , 1.424232
0.564103 , 0.128205 , 1.378350
0.564103 , 0.153846 , 1.321761
0.564103 , 0.179487 , 1.256403
0.564103 , 0.205128 , 1.182446
0.564103 , 0.230769 , 1.099957
0.564103 , 0.256410 , 1.008545
0.564103 , 0.282051 , 0.908919
0.564103 , 0.307692 , 0.802568
0.564103 , 0.333333 , 0.690484
0.564103 , 0.358974 , 0.572325
0.564103 , 0.384615 , 0.448706
0.564103 , 0.410256 , 0.320742
0.564103 , 0.435897 , 0.189179
0.564103 , 0.461538 , 0.054623
0.564103 , 0.487179 , -0.081384
0.564103 , 0.512821 , -0.217566
0.564103 , 0.538462 , -0.353736
0.564103 , 0.564103 , -0.488455
0.564103 , 0.589744 , -0.620415
0.564103 , 0.615385 , -0.748476
0.564103 , 0.641026 , -0.872533
0.564103 , 0.666667 , -0.992079
0.564103 , 0.692308 , -1.105693
0.564103 , 0.717949 , -1.212593
0.564103 , 0.743590 , -1.312228
0.564103 , 0.769231 , -1.403772
0.564103 , 0.794872 , -1.486728
0.564103 , 0.820513 , -1.559853
0.564103 , 0.846154 , -1.623846
0.564103 , 0.871795 , -1.679226
0.564103 , 0.897436 , -1.725179
0.564103 , 0.923077 , -1.761511
0.564103 , 0.948718 , -1.787492
0.564103 , 0.974359 , -1.803056
0.564103 , 1.000000 , -1.808701
0.589744 , 0.000000 , 1.580007
0.589744 , 0.025641 , 1.573267
0.589744 , 0.051282 , 1.554838
0.589744 , 0.076923 , 1.525625
0.589744 , 0.102564 , 1.486180
0.589744 , 0.128205 , 1.437391
0.589744 , 0.153846 , 1.378679
0.589744 , 0.179487 , 1.308056
0.589744 , 0.205128 , 1.228181
0.589744 , 0.230769 , 1.139071
0.589744 , 0.256410 , 1.040791
0.589744 , 0.282051 , 0.933281
0.589744 , 0.307692 , 0.818125
0.589744 , 0.333333 , 0.696908
0.589744 , 0.358974 , 0.568217
0.589744 , 0.384615 , 0.433500
0.589744 , 0.410256 , 0.293982
0.589744 , 0.435897 , 0.151292
0.589744 , 0.461538 , 0.005018
0.589744 , 0.487179 , -0.143371
0.589744 , 0.512821 , -0.290697
0.589744 , 0.538462 , -0.438040
0.589744 , 0.564103 , -0.583838
0.589744 , 0.589744 , -0.726743
0.589744 , 0.615385 , -0.865792
0.589744 , 0.641026 , -0.999649
0.589744 , 0.666667 , -1.127970
0.589744 , 0.692308 , -1.249636
0.589744 , 0.717949 , -1.363587
0.589744 , 0.743590 , -1.469079
0.589744 , 0.769231 , -1.566546
0.589744 , 0.794872 , -1.654797
0.589744 , 0.820513 , -1.733737
0.589744 , 0.846154 , -1.802125
0.589744 , 0.871795 , -1.860869
0.589744 , 0.897436 , -1.909653
0.589744 , 0.923077 , -1.947356
0.589744 , 0.948718 , -1.974514
0.589744 , 0.974359 , -1.990586
0.589744 , 1.000000 , -1.996383
0.615385 , 0.000000 , 1.663217
0.615385 , 0.025641 , 1.656445
0.615385 , 0.051282 , 1.637093
0.615385 , 0.076923 , 1.606283
0.615385 , 0.102564 , 1.564675
0.615385 , 0.128205 , 1.512553
0.615385 , 0.153846 , 1.450139
0.615385 , 0.179487 , 1.375206
0.615385 , 0.205128 , 1.289847
0.615385 , 0.230769 , 1.194196
0.615385 , 0.256410 , 1.088875
0.615385 , 0.282051 , 0.972916
0.615385 , 0.307692 , 0.848220
0.615385 , 0.333333 , 0.716489
0.615385 , 0.358974 , 0.576394
0.615385 , 0.384615 , 0.429680
0.615385 , 0.410256 , 0.277684
0.615385 , 0.435897 , 0.121778
0.615385 , 0.461538 , -0.037937
0.615385 , 0.487179 , -0.199339
0.615385 , 0.512821 , -0.360800
0.615385 , 0.538462 , -0.520492
0.615385 , 0.564103 , -0.678311
0.615385 , 0.589744 , -0.833085
0.615385 , 0.615385 , -0.984031
0.615385 , 0.641026 , -1.128894
0.615385 , 0.666667 , -1.267079
0.615385 , 0.692308 , -1.397364
0.615385 , 0.717949 , -1.519337
0.615385 , 0.743590 , -1.631158
0.615385 , 0.769231 , -1.734377
0.615385 , 0.794872 , -1.828223
0.615385 , 0.820513 , -1.912363
0.615385 , 0.846154 , -1.984437
0.615385 , 0.871795 , -2.046908
0.615385 , 0.897436 , -2.099138
0.615385 , 0.923077 , -2.138663
0.615385 , 0.948718 , -2.166955
0.615385 , 0.974359 , -2.184005
0.615385 , 1.000000 , -2.189616
0.641026 , 0.000000 , 1.761729
0.641026 , 0.025641 , 1.754987
0.641026 , 0.051282 , 1.735561
0.641026 , 0.076923 , 1.703386
0.641026 , 0.102564 , 1.659633
0.641026 , 0.128205 , 1.605201
0.641026 , 0.153846 , 1.538688
0.641026 , 0.179487 , 1.459135
0.641026 , 0.205128 , 1.369106
0.641026 , 0.230769 , 1.267226
0.641026 , 0.256410 , 1.154279
0.641026 , 0.282051 , 1.029172
0.641026 , 0.307692 , 0.893963
0.641026 , 0.333333 , 0.750184
0.641026 , 0.358974 , 0.597749
0.641026 , 0.384615 , 0.437642
0.641026 , 0.410256 , 0.271797
0.641026 , 0.435897 , 0.101456
0.641026 , 0.461538 , -0.073026
0.641026 , 0.487179 , -0.249124
0.641026 , 0.512821 , -0.425606
0.641026 , 0.538462 , -0.600656
0.641026 , 0.564103 , -0.772624
0.641026 , 0.589744 , -0.940815
0.641026 , 0.615385 , -1.104475
0.641026 , 0.641026 , -1.261621
0.641026 , 0.666667 , -1.411012
0.641026 , 0.692308 , -1.550495
0.641026 , 0.717949 , -1.680905
0.641026 , 0.743590 , -1.800426
0.641026 , 0.769231 , -1.909491
0.641026 , 0.794872 , -2.008978
0.641026 , 0.820513 , -2.097759
0.641026 , 0.846154 , -2.174094
0.641026 , 0.871795 , -2.239363
0.641026 , 0.897436 , -2.294277
0.641026 , 0.923077 , -2.336090
0.641026 , 0.948718 , -2.365971
0.641026 , 0.974359 , -2.383827
0.641026 , 1.000000 , -2.389396
0.666667 , 0.000000 , 1.876717
0.666667 , 0.025641 , 1.869357
0.666667 , 0.051282 , 1.849523
0.666667 , 0.076923 , 1.817217
0.666667 , 0.102564 , 1.771254
0.666667 , 0.128205 , 1.713732
0.666667 , 0.153846 , 1.644293
0.666667 , 0.179487 , 1.561159
0.666667 , 0.205128 , 1.465927
0.666667 , 0.230769 , 1.357773
0.666667 , 0.256410 , 1.236331
0.666667 , 0.282051 , 1.101986
0.666667 , 0.307692 , 0.955907
0.666667 , 0.333333 , 0.799111
0.666667 , 0.358974 , 0.632990
0.666667 , 0.384615 , 0.458600
0.666667 , 0.410256 , 0.276934
0.666667 , 0.435897 , 0.090438
0.666667 , 0.461538 , -0.099929
0.666667 , 0.487179 , -0.292669
0.666667 , 0.512821 , -0.486349
0.666667 , 0.538462 , -0.678796
0.666667 , 0.564103 , -0.867417
0.666667 , 0.589744 , -1.051141
0.666667 , 0.615385 , -1.229180
0.666667 , 0.641026 , -1.399122
0.666667 , 0.666667 , -1.560317
0.666667 , 0.692308 , -1.710792
0.666667 , 0.717949 , -1.850596
0.666667 , 0.743590 , -1.978866
0.666667 , 0.769231 , -2.094735
0.666667 , 0.794872 , -2.199514
0.666667 , 0.820513 , -2.292316
0.666667 , 0.846154 , -2.372791
0.666667 , 0.871795 , -2.440815
0.666667 , 0.897436 , -2.497833
0.666667 , 0.923077 , -2.541286
0.666667 , 0.948718 , -2.571840
0.666667 , 0.974359 , -2.590040
0.666667 , 1.000000 , -2.595579
0.692308 , 0.000000 , 2.007649
0.692308 , 0.025641 , 2.000640
0.692308 , 0.051282 , 1.980146
0.692308 , 0.076923 , 1.947046
0.692308 , 0.102564 , 1.900608
0.692308 , 0.128205 , 1.840388
0.692308 , 0.153846 , 1.768679
0.692308 , 0.179487 , 1.682008
0.692308 , 0.205128 , 1.581704
0.692308 , 0.230769 , 1.466439
0.692308 , 0.256410 , 1.336435
0.692308 , 0.282051 , 1.192272
0.692308 , 0.307692 , 1.034955
0.692308 , 0.333333 , 0.865205
0.692308 , 0.358974 , 0.684118
0.692308 , 0.384615 , 0.493746
0.692308 , 0.410256 , 0.295000
0.692308 , 0.435897 , 0.090308
0.692308 , 0.461538 , -0.118605
0.692308 , 0.487179 , -0.330477
0.692308 , 0.512821 , -0.543877
0.692308 , 0.538462 , -0.755572
0.692308 , 0.564103 , -0.962874
0.692308 , 0.589744 , -1.163459
0.692308 , 0.615385 , -1.357605
0.692308 , 0.641026 , -1.542392
0.692308 , 0.666667 , -1.716998
0.692308 , 0.692308 , -1.879058
0.692308 , 0.717949 , -2.029292
0.692308 , 0.743590 , -2.167129
0.692308 , 0.769231 , -2.290333
0.692308 , 0.794872 , -2.400424
0.692308 , 0.820513 , -2.497880
0.692308 , 0.846154 , -2.582130
0.692308 , 0.871795 , -2.652904
0.692308 , 0.897436 , -2.711572
0.692308 , 0.923077 , -2.755773
0.692308 , 0.948718 , -2.786140
0.692308 , 0.974359 , -2.803841
0.692308 , 1.000000 , -2.809550
0.717949 , 0.000000 , 2.154922
0.717949 , 0.025641 , 2.148380
0.717949 , 0.051282 , 2.128217
0.717949 , 0.076923 , 2.094773
0.717949 , 0.102564 , 2.048154
0.717949 , 0.128205 , 1.987050
0.717949 , 0.153846 , 1.912755
0.717949 , 0.179487 , 1.821856
0.717949 , 0.205128 , 1.715929
0.717949 , 0.230769 , 1.594560
0.717949 , 0.256410 , 1.456335
0.717949 , 0.282051 , 1.302159
0.717949 , 0.307692 , 1.132896
0.717949 , 0.333333 , 0.949332
0.717949 , 0.358974 , 0.752070
0.717949 , 0.384615 , 0.543539
0.717949 , 0.410256 , 0.325858
0.717949 , 0.435897 , 0.101097
0.717949 , 0.461538 , -0.129144
0.717949 , 0.487179 , -0.362833
0.717949 , 0.512821 , -0.597781
0.717949 , 0.538462 , -0.831234
0.717949 , 0.564103 , -1.059428
0.717949 , 0.589744 , -1.279427
0.717949 , 0.615385 , -1.491730
0.717949 , 0.641026 , -1.693364
0.717949 , 0.666667 , -1.883068
0.717949 , 0.692308 , -2.058331
0.717949 , 0.717949 , -2.219108
0.717949 , 0.743590 , -2.366997
0.717949 , 0.769231 , -2.498318
0.717949 , 0.794872 , -2.614105
0.717949 , 0.820513 , -2.715214
0.717949 , 0.846154 , -2.802356
0.717949 , 0.871795 , -2.875633
0.717949 , 0.897436 , -2.934533
0.717949 , 0.923077 , -2.979258
0.717949 , 0.948718 , -3.009290
0.717949 , 0.974359 , -3.026952
0.717949 , 1.000000 , -3.033027
0.743590 , 0.000000 , 2.320294
0.743590 , 0.025641 , 2.313667
0.743590 , 0.051282 , 2.294153
0.743590 , 0.076923 , 2.261014
0.743590 , 0.102564 , 2.214989
0.743590 , 0.128205 , 2.153992
0.743590 , 0.153846 , 2.077591
0.743590 , 0.179487 , 1.983437
0.743590 , 0.205128 , 1.873137
0.743590 , 0.230769 , 1.745133
0.743590 , 0.256410 , 1.598034
0.743590 , 0.282051 , 1.432631
0.743590 , 0.307692 , 1.250244
0.743590 , 0.333333 , 1.051414
0.743590 , 0.358974 , 0.837082
0.743590 , 0.384615 , 0.608810
0.743590 , 0.410256 , 0.369740
0.743590 , 0.435897 , 0.122440
0.743590 , 0.461538 , -0.131502
0.743590 , 0.487179 , -0.389476
0.743590 , 0.512821 , -0.648765
0.743590 , 0.538462 , -0.906307
0.743590 , 0.564103 , -1.158151
0.743590 , 0.589744 , -1.400986
0.743590 , 0.615385 , -1.633433
0.743590 , 0.641026 , -1.853828
0.743590 , 0.666667 , -2.060275
0.743590 , 0.692308 , -2.250271
0.743590 , 0.717949 , -2.422934
0.743590 , 0.743590 , -2.580022
0.743590 , 0.769231 , -2.720119
0.743590 , 0.794872 , -2.841835
0.743590 , 0.820513 , -2.946631
0.743590 , 0.846154 , -3.035214
0.743590 , 0.871795 , -3.109035
0.743590 , 0.897436 , -3.167804
0.743590 , 0.923077 , -3.212110
0.743590 , 0.948718 , -3.241995
0.743590 , 0.974359 , -3.259116
0.743590 , 1.000000 , -3.264789
0.769231 , 0.000000 , 2.501652
0.769231 , 0.025641 , 2.495576
0.769231 , 0.051282 , 2.477334
0.769231 , 0.076923 , 2.445606
0.769231 , 0.102564 , 2.400449
0.769231 , 0.128205 , 2.340447
0.769231 , 0.153846 , 2.263900
0.769231 , 0.179487 , 2.169249
0.769231 , 0.205128 , 2.054832
0.769231 , 0.230769 , 1.920122
0.769231 , 0.256410 , 1.763404
0.769231 , 0.282051 , 1.586628
0.769231 , 0.307692 , 1.390258
0.769231 , 0.333333 , 1.174366
0.769231 , 0.358974 , 0.941616
0.769231 , 0.384615 , 0.692559
0.769231 , 0.410256 , 0.429203
0.769231 , 0.435897 , 0.155758
0.769231 , 0.461538 , -0.125639
0.769231 , 0.487179 , -0.410872
0.769231 , 0.512821 , -0.696959
0.769231 , 0.538462 , -0.981234
0.769231 , 0.564103 , -1.259743
0.769231 , 0.589744 , -1.528599
0.769231 , 0.615385 , -1.785041
0.769231 , 0.641026 , -2.026132
0.769231 , 0.666667 , -2.250724
0.769231 , 0.692308 , -2.456748
0.769231 , 0.717949 , -2.643732
0.769231 , 0.743590 , -2.809695
0.769231 , 0.769231 , -2.956805
0.769231 , 0.794872 , -3.084594
0.769231 , 0.820513 , -3.193407
0.769231 , 0.846154 , -3.283754
0.769231 , 0.871795 , -3.356215
0.769231 , 0.897436 , -3.412969
0.769231 , 0.923077 , -3.455677
0.769231 , 0.948718 , -3.484620
0.769231 , 0.974359 , -3.500131
0.769231 , 1.000000 , -3.504735
0.794872 , 0.000000 , 2.698508
0.794872 , 0.025641 , 2.693771
0.794872 , 0.051282 , 2.676751
0.794872 , 0.076923 , 2.648070
0.794872 , 0.102564 , 2.605668
0.794872 , 0.128205 , 2.547935
0.794872 , 0.153846 , 2.473072
0.794872 , 0.179487 , 2.378554
0.794872 , 0.205128 , 2.262003
0.794872 , 0.230769 , 2.120771
0.794872 , 0.256410 , 1.955533
0.794872 , 0.282051 , 1.767172
0.794872 , 0.307692 , 1.555995
0.794872 , 0.333333 , 1.322256
0.794872 , 0.358974 , 1.067757
0.794872 , 0.384615 , 0.794976
0.794872 , 0.410256 , 0.505001
0.794872 , 0.435897 , 0.202424
0.794872 , 0.461538 , -0.109792
0.794872 , 0.487179 , -0.426482
0.794872 , 0.512821 , -0.742982
0.794872 , 0.538462 , -1.057857
0.794872 , 0.564103 , -1.366065
0.794872 , 0.589744 , -1.663367
0.794872 , 0.615385 , -1.946254
0.794872 , 0.641026 , -2.211899
0.794872 , 0.666667 , -2.457127
0.794872 , 0.692308 , -2.680571
0.794872 , 0.717949 , -2.881997
0.794872 , 0.743590 , -3.059789
0.794872 , 0.769231 , -3.213680
0.794872 , 0.794872 , -3.346262
0.794872 , 0.820513 , -3.457858
0.794872 , 0.846154 , -3.548391
0.794872 , 0.871795 , -3.618058
0.794872 , 0.897436 , -3.670635
0.794872 , 0.923077 , -3.709927
0.794872 , 0.948718 , -3.735434
0.794872 , 0.974359 , -3.749260
0.794872 , 1.000000 , -3.753570
0.820513 , 0.000000 , 2.910499
0.820513 , 0.025641 , 2.906469
0.820513 , 0.051282 , 2.893048
0.820513 , 0.076923 , 2.868634
0.820513 , 0.102564 , 2.831416
0.820513 , 0.128205 , 2.778403
0.820513 , 0.153846 , 2.706719
0.820513 , 0.179487 , 2.613609
0.820513 , 0.205128 , 2.496034
0.820513 , 0.230769 , 2.351217
0.820513 , 0.256410 , 2.177900
0.820513 , 0.282051 , 1.977749
0.820513 , 0.307692 , 1.749662
0.820513 , 0.333333 , 1.496004
0.820513 , 0.358974 , 1.218771
0.820513 , 0.384615 , 0.918010
0.820513 , 0.410256 , 0.598105
0.820513 , 0.435897 , 0.262761
0.820513 , 0.461538 , -0.083679
0.820513 , 0.487179 , -0.435206
0.820513 , 0.512821 , -0.788100
0.820513 , 0.538462 , -1.137401
0.820513 , 0.564103 , -1.479067
0.820513 , 0.589744 , -1.808501
0.820513 , 0.615385 , -2.120994
0.820513 , 0.641026 , -2.413882
0.820513 , 0.666667 , -2.683356
0.820513 , 0.692308 , -2.926843
0.820513 , 0.717949 , -3.143928
0.820513 , 0.743590 , -3.333775
0.820513 , 0.769231 , -3.495194
0.820513 , 0.794872 , -3.630705
0.820513 , 0.820513 , -3.742028
0.820513 , 0.846154 , -3.829992
0.820513 , 0.871795 , -3.895816
0.820513 , 0.897436 , -3.942332
0.820513 , 0.923077 , -3.975119
0.820513 , 0.948718 , -3.995754
0.820513 , 0.974359 , -4.007090
0.820513 , 1.000000 , -4.010708
0.846154 , 0.000000 , 3.134805
0.846154 , 0.025641 , 3.132264
0.846154 , 0.051282 , 3.123839
0.846154 , 0.076923 , 3.106671
0.846154 , 0.102564 , 3.077470
0.846154 , 0.128205 , 3.032534
0.846154 , 0.153846 , 2.966722
0.846154 , 0.179487 , 2.877303
0.846154 , 0.205128 , 2.760853
0.846154 , 0.230769 , 2.614147
0.846154 , 0.256410 , 2.433793
0.846154 , 0.282051 , 2.221347
0.846154 , 0.307692 , 1.976563
0.846154 , 0.333333 , 1.701309
0.846154 , 0.358974 , 1.397688
0.846154 , 0.384615 , 1.066109
0.846154 , 0.410256 , 0.711804
0.846154 , 0.435897 , 0.339516
0.846154 , 0.461538 , -0.045737
0.846154 , 0.487179 , -0.437545
0.846154 , 0.512821 , -0.831129
0.846154 , 0.538462 , -1.220471
0.846154 , 0.564103 , -1.601032
0.846154 , 0.589744 , -1.966782
0.846154 , 0.615385 , -2.313288
0.846154 , 0.641026 , -2.636188
0.846154 , 0.666667 , -2.932609
0.846154 , 0.692308 , -3.199093
0.846154 , 0.717949 , -3.432509
0.846154 , 0.743590 , -3.634549
0.846154 , 0.769231 , -3.803149
0.846154 , 0.794872 , -3.939943
0.846154 , 0.820513 , -4.048315
0.846154 , 0.846154 , -4.130655
0.846154 , 0.871795 , -4.189755
0.846154 , 0.897436 , -4.228486
0.846154 , 0.923077 , -4.252501
0.846154 , 0.948718 , -4.266156
0.846154 , 0.974359 , -4.273580
0.846154 , 1.000000 , -4.275992
0.871795 , 0.000000 , 3.368566
0.871795 , 0.025641 , 3.368154
0.871795 , 0.051282 , 3.367214
0.871795 , 0.076923 , 3.360589
0.871795 , 0.102564 , 3.343573
0.871795 , 0.128205 , 3.310463
0.871795 , 0.153846 , 3.255362
0.871795 , 0.179487 , 3.173524
0.871795 , 0.205128 , 3.061103
0.871795 , 0.230769 , 2.913822
0.871795 , 0.256410 , 2.727579
0.871795 , 0.282051 , 2.502655
0.871795 , 0.307692 , 2.240004
0.871795 , 0.333333 , 1.940898
0.871795 , 0.358974 , 1.606313
0.871795 , 0.384615 , 1.240802
0.871795 , 0.410256 , 0.848380
0.871795 , 0.435897 , 0.434361
0.871795 , 0.461538 , 0.005222
0.871795 , 0.487179 , -0.432890
0.871795 , 0.512821 , -0.872963
0.871795 , 0.538462 , -1.308321
0.871795 , 0.564103 , -1.734124
0.871795 , 0.589744 , -2.141917
0.871795 , 0.615385 , -2.527197
0.871795 , 0.641026 , -2.883889
0.871795 , 0.666667 , -3.209305
0.871795 , 0.692308 , -3.499038
0.871795 , 0.717949 , -3.750648
0.871795 , 0.743590 , -3.964565
0.871795 , 0.769231 , -4.139975
0.871795 , 0.794872 , -4.276925
0.871795 , 0.820513 , -4.380129
0.871795 , 0.846154 , -4.453581
0.871795 , 0.871795 , -4.501726
0.871795 , 0.897436 , -4.528745
0.871795 , 0.923077 , -4.540702
0.871795 , 0.948718 , -4.543686
0.871795 , 0.974359 , -4.543891
0.871795 , 1.000000 , -4.543704
0.897436 , 0.000000 , 3.606343
0.897436 , 0.025641 , 3.609991
0.897436 , 0.051282 , 3.618649
0.897436 , 0.076923 , 3.627884
0.897436 , 0.102564 , 3.628872
0.897436 , 0.128205 , 3.614209
0.897436 , 0.153846 , 3.575532
0.897436 , 0.179487 , 3.506649
0.897436 , 0.205128 , 3.401981
0.897436 , 0.230769 , 3.256409
0.897436 , 0.256410 , 3.064459
0.897436 , 0.282051 , 2.827486
0.897436 , 0.307692 , 2.545660
0.897436 , 0.333333 , 2.219268
0.897436 , 0.358974 , 1.851426
0.897436 , 0.384615 , 1.447043
0.897436 , 0.410256 , 1.011396
0.897436 , 0.435897 , 0.550361
0.897436 , 0.461538 , 0.070214
0.897436 , 0.487179 , -0.421416
0.897436 , 0.512821 , -0.915403
0.897436 , 0.538462 , -1.403907
0.897436 , 0.564103 , -1.879801
0.897436 , 0.589744 , -2.335418
0.897436 , 0.615385 , -2.763829
0.897436 , 0.641026 , -3.159364
0.897436 , 0.666667 , -3.517983
0.897436 , 0.692308 , -3.833936
0.897436 , 0.717949 , -4.105505
0.897436 , 0.743590 , -4.331467
0.897436 , 0.769231 , -4.512191
0.897436 , 0.794872 , -4.648580
0.897436 , 0.820513 , -4.744337
0.897436 , 0.846154 , -4.804043
0.897436 , 0.871795 , -4.834829
0.897436 , 0.897436 , -4.843224
0.897436 , 0.923077 , -4.836824
0.897436 , 0.948718 , -4.823867
0.897436 , 0.974359 , -4.813067
0.897436 , 1.000000 , -4.808586
0.923077 , 0.000000 , 3.839927
0.923077 , 0.025641 , 3.849543
0.923077 , 0.051282 , 3.874837
0.923077 , 0.076923 , 3.906764
0.923077 , 0.102564 , 3.934514
0.923077 , 0.128205 , 3.945853
0.923077 , 0.153846 , 3.930879
0.923077 , 0.179487 , 3.880229
0.923077 , 0.205128 , 3.786774
0.923077 , 0.230769 , 3.646238
0.923077 , 0.256410 , 3.451027
0.923077 , 0.282051 , 3.201451
0.923077 , 0.307692 , 2.898908
0.923077 , 0.333333 , 2.543503
0.923077 , 0.358974 , 2.138772
0.923077 , 0.384615 , 1.690722
0.923077 , 0.410256 , 1.204892
0.923077 , 0.435897 , 0.689025
0.923077 , 0.461538 , 0.150665
0.923077 , 0.487179 , -0.401214
0.923077 , 0.512821 , -0.957268
0.923077 , 0.538462 , -1.507428
0.923077 , 0.564103 , -2.041803
0.923077 , 0.589744 , -2.552136
0.923077 , 0.615385 , -3.030436
0.923077 , 0.641026 , -3.470010
0.923077 , 0.666667 , -3.865227
0.923077 , 0.692308 , -4.209858
0.923077 , 0.717949 , -4.502523
0.923077 , 0.743590 , -4.741493
0.923077 , 0.769231 , -4.926394
0.923077 , 0.794872 , -5.058676
0.923077 , 0.820513 , -5.142951
0.923077 , 0.846154 , -5.183820
0.923077 , 0.871795 , -5.190667
0.923077 , 0.897436 , -5.172034
0.923077 , 0.923077 , -5.138613
0.923077 , 0.948718 , -5.101663
0.923077 , 0.974359 , -5.074190
0.923077 , 1.000000 , -5.063992
0.948718 , 0.000000 , 4.056283
0.948718 , 0.025641 , 4.076504
0.948718 , 0.051282 , 4.127739
0.948718 , 0.076923 , 4.194832
0.948718 , 0.102564 , 4.260365
0.948718 , 0.128205 , 4.308513
0.948718 , 0.153846 , 4.325501
0.948718 , 0.179487 , 4.300782
0.948718 , 0.205128 , 4.224993
0.948718 , 0.230769 , 4.092569
0.948718 , 0.256410 , 3.896928
0.948718 , 0.282051 , 3.635088
0.948718 , 0.307692 , 3.309398
0.948718 , 0.333333 , 2.921560
0.948718 , 0.358974 , 2.475274
0.948718 , 0.384615 , 1.977022
0.948718 , 0.410256 , 1.433579
0.948718 , 0.435897 , 0.854232
0.948718 , 0.461538 , 0.248918
0.948718 , 0.487179 , -0.373445
0.948718 , 0.512821 , -1.000504
0.948718 , 0.538462 , -1.620577
0.948718 , 0.564103 , -2.223029
0.948718 , 0.589744 , -2.796533
0.948718 , 0.615385 , -3.332648
0.948718 , 0.641026 , -3.822367
0.948718 , 0.666667 , -4.259260
0.948718 , 0.692308 , -4.637015
0.948718 , 0.717949 , -4.951919
0.948718 , 0.743590 , -5.202953
0.948718 , 0.769231 , -5.389446
0.948718 , 0.794872 , -5.513839
0.948718 , 0.820513 , -5.580436
0.948718 , 0.846154 , -5.595836
0.948718 , 0.871795 , -5.570052
0.948718 , 0.897436 , -5.514418
0.948718 , 0.923077 , -5.442777
0.948718 , 0.948718 , -5.371112
0.948718 , 0.974359 , -5.317409
0.948718 , 1.000000 , -5.296893
0.974359 , 0.000000 , 4.237301
0.974359 , 0.025641 , 4.274639
0.974359 , 0.051282 , 4.367976
0.974359 , 0.076923 , 4.487537
0.974359 , 0.102564 , 4.607331
0.974359 , 0.128205 , 4.705806
0.974359 , 0.153846 , 4.766409
0.974359 , 0.179487 , 4.775969
0.974359 , 0.205128 , 4.724983
0.974359 , 0.230769 , 4.605241
0.974359 , 0.256410 , 4.410442
0.974359 , 0.282051 , 4.137773
0.974359 , 0.307692 , 3.787435
0.974359 , 0.333333 , 3.362933
0.974359 , 0.358974 , 2.868913
0.974359 , 0.384615 , 2.312665
0.974359 , 0.410256 , 1.702734
0.974359 , 0.435897 , 1.050257
0.974359 , 0.461538 , 0.366103
0.974359 , 0.487179 , -0.337325
0.974359 , 0.512821 , -1.046505
0.974359 , 0.538462 , -1.747742
0.974359 , 0.564103 , -2.427684
0.974359 , 0.589744 , -3.074473
0.974359 , 0.615385 , -3.677122
0.974359 , 0.641026 , -4.224971
0.974359 , 0.666667 , -4.709389
0.974359 , 0.692308 , -5.123605
0.974359 , 0.717949 , -5.463636
0.974359 , 0.743590 , -5.726733
0.974359 , 0.769231 , -5.912507
0.974359 , 0.794872 , -6.023509
0.974359 , 0.820513 , -6.065495
0.974359 , 0.846154 , -6.046384
0.974359 , 0.871795 , -5.976606
0.974359 , 0.897436 , -5.870485
0.974359 , 0.923077 , -5.744985
0.974359 , 0.948718 , -5.621617
0.974359 , 0.974359 , -5.525938
0.974359 , 1.000000 , -5.487526
1.000000 , 0.000000 , 4.346102
1.000000 , 0.025641 , 4.421251
1.000000 , 0.051282 , 4.585906
1.000000 , 0.076923 , 4.783012
1.000000 , 0.102564 , 4.977537
1.000000 , 0.128205 , 5.143503
1.000000 , 0.153846 , 5.261899
1.000000 , 0.179487 , 5.316773
1.000000 , 0.205128 , 5.298026
1.000000 , 0.230769 , 5.196275
1.000000 , 0.256410 , 5.004824
1.000000 , 0.282051 , 4.720499
1.000000 , 0.307692 , 4.343764
1.000000 , 0.333333 , 3.877323
1.000000 , 0.358974 , 3.328385
1.000000 , 0.384615 , 2.705352
1.000000 , 0.410256 , 2.018630
1.000000 , 0.435897 , 1.281779
1.000000 , 0.461538 , 0.506702
1.000000 , 0.487179 , -0.291190
1.000000 , 0.512821 , -1.095885
1.000000 , 0.538462 , -1.891854
1.000000 , 0.564103 , -2.661780
1.000000 , 0.589744 , -3.393605
1.000000 , 0.615385 , -4.073500
1.000000 , 0.641026 , -4.687488
1.000000 , 0.666667 , -5.226206
1.000000 , 0.692308 , -5.681839
1.000000 , 0.717949 , -6.048843
1.000000 , 0.743590 , -6.324220
1.000000 , 0.769231 , -6.506955
1.000000 , 0.794872 , -6.600184
1.000000 , 0.820513 , -6.609862
1.000000 , 0.846154 , -6.545420
1.000000 , 0.871795 , -6.418398
1.000000 , 0.897436 , -6.244427
1.000000 , 0.923077 , -6.044407
1.000000 , 0.948718 , -5.842995
1.000000 , 0.974359 , -5.675420
1.000000 , 1.000000 , -5.599435
