0.000000 , 0.000000 , 2.351143
0.000000 , 0.025641 , 2.351143
0.000000 , 0.051282 , 2.351143
0.000000 , 0.076923 , 2.351143
0.000000 , 0.102564 , 2.351143
0.000000 , 0.128205 , 2.351143
0.000000 , 0.153846 , 2.351143
0.000000 , 0.179487 , 2.351143
0.000000 , 0.205128 , 2.351143
0.000000 , 0.230769 , 2.351143
0.000000 , 0.256410 , 2.351143
0.000000 , 0.282051 , 2.351143
0.000000 , 0.307692 , 2.351143
0.000000 , 0.333333 , 2.351143
0.000000 , 0.358974 , 2.351143
0.000000 , 0.384615 , 2.351143
0.000000 , 0.410256 , 2.351143
0.000000 , 0.435897 , 2.351143
0.000000 , 0.461538 , 2.351143
0.000000 , 0.487179 , 2.351143
0.000000 , 0.512821 , 2.351143
0.000000 , 0.538462 , 2.351143
0.000000 , 0.564103 , 2.351143
0.000000 , 0.589744 , 2.351143
0.000000 , 0.615385 , 2.351143
0.000000 , 0.641026 , 2.351143
0.000000 , 0.666667 , 2.351143
0.000000 , 0.692308 , 2.351143
0.000000 , 0.717949 , 2.351143
0.000000 , 0.743590 , 2.351143
0.000000 , 0.769231 , 2.351143
0.000000 , 0.794872 , 2.351143
0.000000 , 0.820513 , 2.351143
0.000000 , 0.846154 , 2.351143
0.000000 , 0.871795 , 2.351143
0.000000 , 0.897436 , 2.351143
0.000000 , 0.923077 , 2.351143
0.000000 , 0.948718 , 2.351143
0.000000 , 0.974359 , 2.351143
0.000000 , 1.000000 , 2.351143
0.025641 , 0.000000 , 2.110627
0.025641 , 0.025641 , 2.111374
0.025641 , 0.051282 , 2.111939
0.025641 , 0.076923 , 2.112165
0.025641 , 0.102564 , 2.112830
0.025641 , 0.128205 , 2.113125
0.025641 , 0.153846 , 2.113020
0.025641 , 0.179487 , 2.113609
0.025641 , 0.205128 , 2.113954
0.025641 , 0.230769 , 2.113277
0.025641 , 0.256410 , 2.112393
0.025641 , 0.282051 , 2.110522
0.025641 , 0.307692 , 2.109502
0.025641 , 0.333333 , 2.108438
0.025641 , 0.358974 , 2.107481
0.025641 , 0.384615 , 2.105794
0.025641 , 0.410256 , 2.103457
0.025641 , 0.435897 , 2.100697
0.025641 , 0.461538 , 2.097577
0.025641 , 0.487179 , 2.095216
0.025641 , 0.512821 , 2.092895
0.025641 , 0.538462 , 2.090985
0.025641 , 0.564103 , 2.089257
0.025641 , 0.589744 , 2.086850
0.025641 , 0.615385 , 2.084440
0.025641 , 0.641026 , 2.082950
0.025641 , 0.666667 , 2.082187
0.025641 , 0.692308 , 2.080813
0.025641 , 0.717949 , 2.079875
0.025641 , 0.743590 , 2.078910
0.025641 , 0.769231 , 2.077726
0.025641 , 0.794872 , 2.077248
0.025641 , 0.820513 , 2.076952
0.025641 , 0.846154 , 2.076344
0.025641 , 0.871795 , 2.075936
0.025641 , 0.897436 , 2.075487
0.025641 , 0.923077 , 2.075861
0.025641 , 0.948718 , 2.075571
0.025641 , 0.974359 , 2.075768
0.025641 , 1.000000 , 2.075389
0.051282 , 0.000000 , 1.883288
0.051282 , 0.025641 , 1.884201
0.051282 , 0.051282 , 1.885763
0.051282 , 0.076923 , 1.886758
0.051282 , 0.102564 , 1.887431
0.051282 , 0.128205 , 1.887703
0.051282 , 0.153846 , 1.887614
0.051282 , 0.179487 , 1.887725
0.051282 , 0.205128 , 1.887404
0.051282 , 0.230769 , 1.886252
0.051282 , 0.256410 , 1.884909
0.051282 , 0.282051 , 1.882255
0.051282 , 0.307692 , 1.879781
0.051282 , 0.333333 , 1.877902
0.051282 , 0.358974 , 1.875119
0.051282 , 0.384615 , 1.871317
0.051282 , 0.410256 , 1.866765
0.051282 , 0.435897 , 1.862150
0.051282 , 0.461538 , 1.856387
0.051282 , 0.487179 , 1.851280
0.051282 , 0.512821 , 1.846853
0.051282 , 0.538462 , 1.842974
0.051282 , 0.564103 , 1.839323
0.051282 , 0.589744 , 1.835412
0.051282 , 0.615385 , 1.831438
0.051282 , 0.641026 , 1.828408
0.051282 , 0.666667 , 1.825906
0.051282 , 0.692308 , 1.822942
0.051282 , 0.717949 , 1.820787
0.051282 , 0.743590 , 1.819317
0.051282 , 0.769231 , 1.818086
0.051282 , 0.794872 , 1.817035
0.051282 , 0.820513 , 1.816156
0.051282 , 0.846154 , 1.815256
0.051282 , 0.871795 , 1.814583
0.051282 , 0.897436 , 1.814505
0.051282 , 0.923077 , 1.814596
0.051282 , 0.948718 , 1.814357
0.051282 , 0.974359 , 1.814295
0.051282 , 1.000000 , 1.814440
0.076923 , 0.000000 , 1.669213
0.076923 , 0.025641 , 1.669737
0.076923 , 0.051282 , 1.671240
0.076923 , 0.076923 , 1.672380
0.076923 , 0.102564 , 1.673262
0.076923 , 0.128205 , 1.674193
0.076923 , 0.153846 , 1.674564
0.076923 , 0.179487 , 1.674103
0.076923 , 0.205128 , 1.673402
0.076923 , 0.230769 , 1.671642
0.076923 , 0.256410 , 1.669403
0.076923 , 0.282051 , 1.667002
0.076923 , 0.307692 , 1.663372
0.076923 , 0.333333 , 1.659291
0.076923 , 0.358974 , 1.654560
0.076923 , 0.384615 , 1.649104
0.076923 , 0.410256 , 1.643246
0.076923 , 0.435897 , 1.636823
0.076923 , 0.461538 , 1.628499
0.076923 , 0.487179 , 1.621036
0.076923 , 0.512821 , 1.614650
0.076923 , 0.538462 , 1.608461
0.076923 , 0.564103 , 1.602603
0.076923 , 0.589744 , 1.596828
0.076923 , 0.615385 , 1.591360
0.076923 , 0.641026 , 1.586817
0.076923 , 0.666667 , 1.582568
0.076923 , 0.692308 , 1.579027
0.076923 , 0.717949 , 1.575470
0.076923 , 0.743590 , 1.573938
0.076923 , 0.769231 , 1.572725
0.076923 , 0.794872 , 1.571022
0.076923 , 0.820513 , 1.569297
0.076923 , 0.846154 , 1.568155
0.076923 , 0.871795 , 1.567453
0.076923 , 0.897436 , 1.567152
0.076923 , 0.923077 , 1.567282
0.076923 , 0.948718 , 1.566974
0.076923 , 0.974359 , 1.566875
0.076923 , 1.000000 , 1.566788
0.102564 , 0.000000 , 1.465710
0.102564 , 0.025641 , 1.466214
0.102564 , 0.051282 , 1.467352
0.102564 , 0.076923 , 1.468645
0.102564 , 0.102564 , 1.469325
0.102564 , 0.128205 , 1.470587
0.102564 , 0.153846 , 1.470841
0.102564 , 0.179487 , 1.470993
0.102564 , 0.205128 , 1.470446
0.102564 , 0.230769 , 1.468437
0.102564 , 0.256410 , 1.465883
0.102564 , 0.282051 , 1.462570
0.102564 , 0.307692 , 1.457986
0.102564 , 0.333333 , 1.451816
0.102564 , 0.358974 , 1.445611
0.102564 , 0.384615 , 1.438682
0.102564 , 0.410256 , 1.431360
0.102564 , 0.435897 , 1.422805
0.102564 , 0.461538 , 1.412098
0.102564 , 0.487179 , 1.402570
0.102564 , 0.512821 , 1.394632
0.102564 , 0.538462 , 1.386673
0.102564 , 0.564103 , 1.378466
0.102564 , 0.589744 , 1.371029
0.102564 , 0.615385 , 1.363834
0.102564 , 0.641026 , 1.357763
0.102564 , 0.666667 , 1.352375
0.102564 , 0.692308 , 1.348145
0.102564 , 0.717949 , 1.343916
0.102564 , 0.743590 , 1.341694
0.102564 , 0.769231 , 1.340675
0.102564 , 0.794872 , 1.338128
0.102564 , 0.820513 , 1.335474
0.102564 , 0.846154 , 1.334180
0.102564 , 0.871795 , 1.334315
0.102564 , 0.897436 , 1.333568
0.102564 , 0.923077 , 1.333725
0.102564 , 0.948718 , 1.332245
0.102564 , 0.974359 , 1.331951
0.102564 , 1.000000 , 1.331495
0.128205 , 0.000000 , 1.270392
0.128205 , 0.025641 , 1.271415
0.128205 , 0.051282 , 1.273020
0.128205 , 0.076923 , 1.274242
0.128205 , 0.102564 , 1.275464
0.128205 , 0.128205 , 1.276860
0.128205 , 0.153846 , 1.277571
0.128205 , 0.179487 , 1.277276
0.128205 , 0.205128 , 1.276822
0.128205 , 0.230769 , 1.274703
0.128205 , 0.256410 , 1.271503
0.128205 , 0.282051 , 1.267780
0.128205 , 0.307692 , 1.262534
0.128205 , 0.333333 , 1.254953
0.128205 , 0.358974 , 1.247554
0.128205 , 0.384615 , 1.239800
0.128205 , 0.410256 , 1.231107
0.128205 , 0.435897 , 1.220935
0.128205 , 0.461538 , 1.208963
0.128205 , 0.487179 , 1.196958
0.128205 , 0.512821 , 1.186881
0.128205 , 0.538462 , 1.177041
0.128205 , 0.564103 , 1.167190
0.128205 , 0.589744 , 1.158287
0.128205 , 0.615385 , 1.149690
0.128205 , 0.641026 , 1.141711
0.128205 , 0.666667 , 1.135789
0.128205 , 0.692308 , 1.131572
0.128205 , 0.717949 , 1.126378
0.128205 , 0.743590 , 1.122459
0.128205 , 0.769231 , 1.120866
0.128205 , 0.794872 , 1.118169
0.128205 , 0.820513 , 1.115905
0.128205 , 0.846154 , 1.114905
0.128205 , 0.871795 , 1.114209
0.128205 , 0.897436 , 1.113286
0.128205 , 0.923077 , 1.112883
0.128205 , 0.948718 , 1.111962
0.128205 , 0.974359 , 1.110860
0.128205 , 1.000000 , 1.110260
0.153846 , 0.000000 , 1.085597
0.153846 , 0.025641 , 1.085874
0.153846 , 0.051282 , 1.087524
0.153846 , 0.076923 , 1.088728
0.153846 , 0.102564 , 1.090547
0.153846 , 0.128205 , 1.092269
0.153846 , 0.153846 , 1.093495
0.153846 , 0.179487 , 1.093511
0.153846 , 0.205128 , 1.092478
0.153846 , 0.230769 , 1.090313
0.153846 , 0.256410 , 1.086448
0.153846 , 0.282051 , 1.082069
0.153846 , 0.307692 , 1.076282
0.153846 , 0.333333 , 1.068774
0.153846 , 0.358974 , 1.060186
0.153846 , 0.384615 , 1.051050
0.153846 , 0.410256 , 1.040724
0.153846 , 0.435897 , 1.029275
0.153846 , 0.461538 , 1.016425
0.153846 , 0.487179 , 1.002933
0.153846 , 0.512821 , 0.990252
0.153846 , 0.538462 , 0.978748
0.153846 , 0.564103 , 0.967843
0.153846 , 0.589744 , 0.957867
0.153846 , 0.615385 , 0.947805
0.153846 , 0.641026 , 0.938765
0.153846 , 0.666667 , 0.931857
0.153846 , 0.692308 , 0.925684
0.153846 , 0.717949 , 0.920232
0.153846 , 0.743590 , 0.915779
0.153846 , 0.769231 , 0.913628
0.153846 , 0.794872 , 0.911237
0.153846 , 0.820513 , 0.909873
0.153846 , 0.846154 , 0.908145
0.153846 , 0.871795 , 0.907142
0.153846 , 0.897436 , 0.905959
0.153846 , 0.923077 , 0.904919
0.153846 , 0.948718 , 0.904073
0.153846 , 0.974359 , 0.903747
0.153846 , 1.000000 , 0.903291
0.179487 , 0.000000 , 0.909804
0.179487 , 0.025641 , 0.909842
0.179487 , 0.051282 , 0.910970
0.179487 , 0.076923 , 0.912118
0.179487 , 0.102564 , 0.914255
0.179487 , 0.128205 , 0.916174
0.179487 , 0.153846 , 0.917714
0.179487 , 0.179487 , 0.917630
0.179487 , 0.205128 , 0.916122
0.179487 , 0.230769 , 0.913362
0.179487 , 0.256410 , 0.909482
0.179487 , 0.282051 , 0.904708
0.179487 , 0.307692 , 0.898314
0.179487 , 0.333333 , 0.890622
0.179487 , 0.358974 , 0.881943
0.179487 , 0.384615 , 0.871862
0.179487 , 0.410256 , 0.860298
0.179487 , 0.435897 , 0.848313
0.179487 , 0.461538 , 0.834802
0.179487 , 0.487179 , 0.819856
0.179487 , 0.512821 , 0.805776
0.179487 , 0.538462 , 0.793432
0.179487 , 0.564103 , 0.781323
0.179487 , 0.589744 , 0.770332
0.179487 , 0.615385 , 0.759294
0.179487 , 0.641026 , 0.748535
0.179487 , 0.666667 , 0.739993
0.179487 , 0.692308 , 0.732319
0.179487 , 0.717949 , 0.725899
0.179487 , 0.743590 , 0.721445
0.179487 , 0.769231 , 0.718984
0.179487 , 0.794872 , 0.717109
0.179487 , 0.820513 , 0.715574
0.179487 , 0.846154 , 0.713378
0.179487 , 0.871795 , 0.711388
0.179487 , 0.897436 , 0.711720
0.179487 , 0.923077 , 0.711261
0.179487 , 0.948718 , 0.709885
0.179487 , 0.974359 , 0.709085
0.179487 , 1.000000 , 0.708850
0.205128 , 0.000000 , 0.742167
0.205128 , 0.025641 , 0.742083
0.205128 , 0.051282 , 0.742689
0.205128 , 0.076923 , 0.744385
0.205128 , 0.102564 , 0.746311
0.205128 , 0.128205 , 0.748294
0.205128 , 0.153846 , 0.749597
0.205128 , 0.179487 , 0.749307
0.205128 , 0.205128 , 0.747880
0.205128 , 0.230769 , 0.744909
0.205128 , 0.256410 , 0.740761
0.205128 , 0.282051 , 0.735979
0.205128 , 0.307692 , 0.729578
0.205128 , 0.333333 , 0.721617
0.205128 , 0.358974 , 0.712116
0.205128 , 0.384615 , 0.701718
0.205128 , 0.410256 , 0.689791
0.205128 , 0.435897 , 0.677059
0.205128 , 0.461538 , 0.662929
0.205128 , 0.487179 , 0.648050
0.205128 , 0.512821 , 0.632511
0.205128 , 0.538462 , 0.619179
0.205128 , 0.564103 , 0.606429
0.205128 , 0.589744 , 0.594005
0.205128 , 0.615385 , 0.582509
0.205128 , 0.641026 , 0.571035
0.205128 , 0.666667 , 0.561227
0.205128 , 0.692308 , 0.553235
0.205128 , 0.717949 , 0.546796
0.205128 , 0.743590 , 0.541998
0.205128 , 0.769231 , 0.538817
0.205128 , 0.794872 , 0.535968
0.205128 , 0.820513 , 0.533856
0.205128 , 0.846154 , 0.531322
0.205128 , 0.871795 , 0.528736
0.205128 , 0.897436 , 0.528696
0.205128 , 0.923077 , 0.529653
0.205128 , 0.948718 , 0.528653
0.205128 , 0.974359 , 0.527114
0.205128 , 1.000000 , 0.526690
0.230769 , 0.000000 , 0.581648
0.230769 , 0.025641 , 0.581658
0.230769 , 0.051282 , 0.582288
0.230769 , 0.076923 , 0.584292
0.230769 , 0.102564 , 0.585963
0.230769 , 0.128205 , 0.587633
0.230769 , 0.153846 , 0.588539
0.230769 , 0.179487 , 0.588525
0.230769 , 0.205128 , 0.587094
0.230769 , 0.230769 , 0.584599
0.230769 , 0.256410 , 0.580455
0.230769 , 0.282051 , 0.575113
0.230769 , 0.307692 , 0.568753
0.230769 , 0.333333 , 0.560965
0.230769 , 0.358974 , 0.550627
0.230769 , 0.384615 , 0.539413
0.230769 , 0.410256 , 0.528135
0.230769 , 0.435897 , 0.515160
0.230769 , 0.461538 , 0.500588
0.230769 , 0.487179 , 0.485231
0.230769 , 0.512821 , 0.470399
0.230769 , 0.538462 , 0.456035
0.230769 , 0.564103 , 0.442228
0.230769 , 0.589744 , 0.429109
0.230769 , 0.615385 , 0.416931
0.230769 , 0.641026 , 0.405144
0.230769 , 0.666667 , 0.394705
0.230769 , 0.692308 , 0.386406
0.230769 , 0.717949 , 0.379943
0.230769 , 0.743590 , 0.374040
0.230769 , 0.769231 , 0.369749
0.230769 , 0.794872 , 0.366166
0.230769 , 0.820513 , 0.363280
0.230769 , 0.846154 , 0.361775
0.230769 , 0.871795 , 0.359828
0.230769 , 0.897436 , 0.358899
0.230769 , 0.923077 , 0.359402
0.230769 , 0.948718 , 0.358883
0.230769 , 0.974359 , 0.358006
0.230769 , 1.000000 , 0.357056
0.256410 , 0.000000 , 0.428758
0.256410 , 0.025641 , 0.428506
0.256410 , 0.051282 , 0.429403
0.256410 , 0.076923 , 0.431141
0.256410 , 0.102564 , 0.432594
0.256410 , 0.128205 , 0.433546
0.256410 , 0.153846 , 0.434341
0.256410 , 0.179487 , 0.434098
0.256410 , 0.205128 , 0.433087
0.256410 , 0.230769 , 0.430131
0.256410 , 0.256410 , 0.426284
0.256410 , 0.282051 , 0.421456
0.256410 , 0.307692 , 0.415204
0.256410 , 0.333333 , 0.407227
0.256410 , 0.358974 , 0.396948
0.256410 , 0.384615 , 0.385319
0.256410 , 0.410256 , 0.373628
0.256410 , 0.435897 , 0.361341
0.256410 , 0.461538 , 0.347357
0.256410 , 0.487179 , 0.332068
0.256410 , 0.512821 , 0.317729
0.256410 , 0.538462 , 0.303616
0.256410 , 0.564103 , 0.289616
0.256410 , 0.589744 , 0.276320
0.256410 , 0.615385 , 0.263336
0.256410 , 0.641026 , 0.251386
0.256410 , 0.666667 , 0.240524
0.256410 , 0.692308 , 0.231577
0.256410 , 0.717949 , 0.224420
0.256410 , 0.743590 , 0.217778
0.256410 , 0.769231 , 0.212270
0.256410 , 0.794872 , 0.208842
0.256410 , 0.820513 , 0.205984
0.256410 , 0.846154 , 0.203840
0.256410 , 0.871795 , 0.202383
0.256410 , 0.897436 , 0.201077
0.256410 , 0.923077 , 0.200638
0.256410 , 0.948718 , 0.200901
0.256410 , 0.974359 , 0.200470
0.256410 , 1.000000 , 0.199971
0.282051 , 0.000000 , 0.283110
0.282051 , 0.025641 , 0.283032
0.282051 , 0.051282 , 0.283834
0.282051 , 0.076923 , 0.285069
0.282051 , 0.102564 , 0.286378
0.282051 , 0.128205 , 0.286684
0.282051 , 0.153846 , 0.286684
0.282051 , 0.179487 , 0.286396
0.282051 , 0.205128 , 0.285130
0.282051 , 0.230769 , 0.282339
0.282051 , 0.256410 , 0.278265
0.282051 , 0.282051 , 0.274148
0.282051 , 0.307692 , 0.268467
0.282051 , 0.333333 , 0.260481
0.282051 , 0.358974 , 0.250724
0.282051 , 0.384615 , 0.239573
0.282051 , 0.410256 , 0.227838
0.282051 , 0.435897 , 0.215747
0.282051 , 0.461538 , 0.202648
0.282051 , 0.487179 , 0.188659
0.282051 , 0.512821 , 0.174556
0.282051 , 0.538462 , 0.160963
0.282051 , 0.564103 , 0.147172
0.282051 , 0.589744 , 0.133871
0.282051 , 0.615385 , 0.120846
0.282051 , 0.641026 , 0.108688
0.282051 , 0.666667 , 0.098057
0.282051 , 0.692308 , 0.088875
0.282051 , 0.717949 , 0.081028
0.282051 , 0.743590 , 0.074129
0.282051 , 0.769231 , 0.068460
0.282051 , 0.794872 , 0.064628
0.282051 , 0.820513 , 0.061388
0.282051 , 0.846154 , 0.058751
0.282051 , 0.871795 , 0.057105
0.282051 , 0.897436 , 0.055852
0.282051 , 0.923077 , 0.055137
0.282051 , 0.948718 , 0.055268
0.282051 , 0.974359 , 0.055754
0.282051 , 1.000000 , 0.055731
0.307692 , 0.000000 , 0.143844
0.307692 , 0.025641 , 0.144224
0.307692 , 0.051282 , 0.144928
0.307692 , 0.076923 , 0.146046
0.307692 , 0.102564 , 0.147086
0.307692 , 0.128205 , 0.147349
0.307692 , 0.153846 , 0.146307
0.307692 , 0.179487 , 0.146072
0.307692 , 0.205128 , 0.144266
0.307692 , 0.230769 , 0.141278
0.307692 , 0.256410 , 0.137282
0.307692 , 0.282051 , 0.133707
0.307692 , 0.307692 , 0.128810
0.307692 , 0.333333 , 0.121041
0.307692 , 0.358974 , 0.111964
0.307692 , 0.384615 , 0.101234
0.307692 , 0.410256 , 0.090928
0.307692 , 0.435897 , 0.079548
0.307692 , 0.461538 , 0.066923
0.307692 , 0.487179 , 0.054146
0.307692 , 0.512821 , 0.041016
0.307692 , 0.538462 , 0.027807
0.307692 , 0.564103 , 0.014391
0.307692 , 0.589744 , 0.001403
0.307692 , 0.615385 , -0.011217
0.307692 , 0.641026 , -0.023293
0.307692 , 0.666667 , -0.033851
0.307692 , 0.692308 , -0.043066
0.307692 , 0.717949 , -0.050874
0.307692 , 0.743590 , -0.057806
0.307692 , 0.769231 , -0.063503
0.307692 , 0.794872 , -0.067138
0.307692 , 0.820513 , -0.069722
0.307692 , 0.846154 , -0.073702
0.307692 , 0.871795 , -0.075749
0.307692 , 0.897436 , -0.077386
0.307692 , 0.923077 , -0.077868
0.307692 , 0.948718 , -0.078999
0.307692 , 0.974359 , -0.078966
0.307692 , 1.000000 , -0.078725
0.333333 , 0.000000 , 0.012719
0.333333 , 0.025641 , 0.012563
0.333333 , 0.051282 , 0.013147
0.333333 , 0.076923 , 0.013860
0.333333 , 0.102564 , 0.014490
0.333333 , 0.128205 , 0.013972
0.333333 , 0.153846 , 0.012982
0.333333 , 0.179487 , 0.012296
0.333333 , 0.205128 , 0.010319
0.333333 , 0.230769 , 0.006386
0.333333 , 0.256410 , 0.002634
0.333333 , 0.282051 , -0.000676
0.333333 , 0.307692 , -0.004866
0.333333 , 0.333333 , -0.011264
0.333333 , 0.358974 , -0.019236
0.333333 , 0.384615 , -0.028760
0.333333 , 0.410256 , -0.038334
0.333333 , 0.435897 , -0.048590
0.333333 , 0.461538 , -0.060256
0.333333 , 0.487179 , -0.072266
0.333333 , 0.512821 , -0.084154
0.333333 , 0.538462 , -0.096563
0.333333 , 0.564103 , -0.109281
0.333333 , 0.589744 , -0.121985
0.333333 , 0.615385 , -0.134327
0.333333 , 0.641026 , -0.146072
0.333333 , 0.666667 , -0.156184
0.333333 , 0.692308 , -0.164753
0.333333 , 0.717949 , -0.172261
0.333333 , 0.743590 , -0.178666
0.333333 , 0.769231 , -0.184794
0.333333 , 0.794872 , -0.188791
0.333333 , 0.820513 , -0.191395
0.333333 , 0.846154 , -0.195281
0.333333 , 0.871795 , -0.198247
0.333333 , 0.897436 , -0.199749
0.333333 , 0.923077 , -0.200441
0.333333 , 0.948718 , -0.201821
0.333333 , 0.974359 , -0.202256
0.333333 , 1.000000 , -0.202815
0.358974 , 0.000000 , -0.111811
0.358974 , 0.025641 , -0.111800
0.358974 , 0.051282 , -0.111836
0.358974 , 0.076923 , -0.111511
0.358974 , 0.102564 , -0.111868
0.358974 , 0.128205 , -0.113402
0.358974 , 0.153846 , -0.114430
0.358974 , 0.179487 , -0.115503
0.358974 , 0.205128 , -0.117293
0.358974 , 0.230769 , -0.120505
0.358974 , 0.256410 , -0.124260
0.358974 , 0.282051 , -0.127431
0.358974 , 0.307692 , -0.131740
0.358974 , 0.333333 , -0.136839
0.358974 , 0.358974 , -0.143747
0.358974 , 0.384615 , -0.151658
0.358974 , 0.410256 , -0.160399
0.358974 , 0.435897 , -0.169316
0.358974 , 0.461538 , -0.179636
0.358974 , 0.487179 , -0.190234
0.358974 , 0.512821 , -0.201089
0.358974 , 0.538462 , -0.212541
0.358974 , 0.564103 , -0.224051
0.358974 , 0.589744 , -0.235921
0.358974 , 0.615385 , -0.247538
0.358974 , 0.641026 , -0.258157
0.358974 , 0.666667 , -0.267437
0.358974 , 0.692308 , -0.275849
0.358974 , 0.717949 , -0.282724
0.358974 , 0.743590 , -0.289268
0.358974 , 0.769231 , -0.295069
0.358974 , 0.794872 , -0.299373
0.358974 , 0.820513 , -0.302431
0.358974 , 0.846154 , -0.306646
0.358974 , 0.871795 , -0.310850
0.358974 , 0.897436 , -0.312863
0.358974 , 0.923077 , -0.312979
0.358974 , 0.948718 , -0.314444
0.358974 , 0.974359 , -0.314850
0.358974 , 1.000000 , -0.315535
0.384615 , 0.000000 , -0.229315
0.384615 , 0.025641 , -0.229101
0.384615 , 0.051282 , -0.230135
0.384615 , 0.076923 , -0.231402
0.384615 , 0.102564 , -0.232103
0.384615 , 0.128205 , -0.233276
0.384615 , 0.153846 , -0.234594
0.384615 , 0.179487 , -0.236459
0.384615 , 0.205128 , -0.239126
0.384615 , 0.230769 , -0.241634
0.384615 , 0.256410 , -0.243988
0.384615 , 0.282051 , -0.246666
0.384615 , 0.307692 , -0.250599
0.384615 , 0.333333 , -0.255432
0.384615 , 0.358974 , -0.261012
0.384615 , 0.384615 , -0.267765
0.384615 , 0.410256 , -0.275096
0.384615 , 0.435897 , -0.282931
0.384615 , 0.461538 , -0.291605
0.384615 , 0.487179 , -0.301112
0.384615 , 0.512821 , -0.310850
0.384615 , 0.538462 , -0.320786
0.384615 , 0.564103 , -0.330964
0.384615 , 0.589744 , -0.341347
0.384615 , 0.615385 , -0.351810
0.384615 , 0.641026 , -0.361727
0.384615 , 0.666667 , -0.370351
0.384615 , 0.692308 , -0.378232
0.384615 , 0.717949 , -0.384407
0.384615 , 0.743590 , -0.390324
0.384615 , 0.769231 , -0.395494
0.384615 , 0.794872 , -0.400450
0.384615 , 0.820513 , -0.404813
0.384615 , 0.846154 , -0.408677
0.384615 , 0.871795 , -0.412919
0.384615 , 0.897436 , -0.415503
0.384615 , 0.923077 , -0.416538
0.384615 , 0.948718 , -0.417286
0.384615 , 0.974359 , -0.417879
0.384615 , 1.000000 , -0.418293
0.410256 , 0.000000 , -0.339750
0.410256 , 0.025641 , -0.340212
0.410256 , 0.051282 , -0.341753
0.410256 , 0.076923 , -0.344033
0.410256 , 0.102564 , -0.346145
0.410256 , 0.128205 , -0.347289
0.410256 , 0.153846 , -0.348984
0.410256 , 0.179487 , -0.350706
0.410256 , 0.205128 , -0.353735
0.410256 , 0.230769 , -0.357130
0.410256 , 0.256410 , -0.359343
0.410256 , 0.282051 , -0.360876
0.410256 , 0.307692 , -0.363069
0.410256 , 0.333333 , -0.367120
0.410256 , 0.358974 , -0.372073
0.410256 , 0.384615 , -0.377789
0.410256 , 0.410256 , -0.383656
0.410256 , 0.435897 , -0.390333
0.410256 , 0.461538 , -0.397259
0.410256 , 0.487179 , -0.405281
0.410256 , 0.512821 , -0.413416
0.410256 , 0.538462 , -0.421760
0.410256 , 0.564103 , -0.430784
0.410256 , 0.589744 , -0.439501
0.410256 , 0.615385 , -0.448013
0.410256 , 0.641026 , -0.456640
0.410256 , 0.666667 , -0.464786
0.410256 , 0.692308 , -0.471723
0.410256 , 0.717949 , -0.477527
0.410256 , 0.743590 , -0.483505
0.410256 , 0.769231 , -0.488068
0.410256 , 0.794872 , -0.492429
0.410256 , 0.820513 , -0.497569
0.410256 , 0.846154 , -0.501697
0.410256 , 0.871795 , -0.505162
0.410256 , 0.897436 , -0.508287
0.410256 , 0.923077 , -0.509940
0.410256 , 0.948718 , -0.510829
0.410256 , 0.974359 , -0.511295
0.410256 , 1.000000 , -0.511535
0.435897 , 0.000000 , -0.444896
0.435897 , 0.025641 , -0.445175
0.435897 , 0.051282 , -0.446857
0.435897 , 0.076923 , -0.449191
0.435897 , 0.102564 , -0.451914
0.435897 , 0.128205 , -0.453994
0.435897 , 0.153846 , -0.456853
0.435897 , 0.179487 , -0.458950
0.435897 , 0.205128 , -0.461962
0.435897 , 0.230769 , -0.465462
0.435897 , 0.256410 , -0.468001
0.435897 , 0.282051 , -0.468873
0.435897 , 0.307692 , -0.469989
0.435897 , 0.333333 , -0.472331
0.435897 , 0.358974 , -0.476088
0.435897 , 0.384615 , -0.480892
0.435897 , 0.410256 , -0.485851
0.435897 , 0.435897 , -0.491592
0.435897 , 0.461538 , -0.497076
0.435897 , 0.487179 , -0.503311
0.435897 , 0.512821 , -0.509526
0.435897 , 0.538462 , -0.515889
0.435897 , 0.564103 , -0.523050
0.435897 , 0.589744 , -0.530060
0.435897 , 0.615385 , -0.536493
0.435897 , 0.641026 , -0.543422
0.435897 , 0.666667 , -0.550173
0.435897 , 0.692308 , -0.556273
0.435897 , 0.717949 , -0.561994
0.435897 , 0.743590 , -0.567514
0.435897 , 0.769231 , -0.572585
0.435897 , 0.794872 , -0.576171
0.435897 , 0.820513 , -0.580786
0.435897 , 0.846154 , -0.585090
0.435897 , 0.871795 , -0.588485
0.435897 , 0.897436 , -0.591710
0.435897 , 0.923077 , -0.593779
0.435897 , 0.948718 , -0.594906
0.435897 , 0.974359 , -0.595419
0.435897 , 1.000000 , -0.594947
0.461538 , 0.000000 , -0.545092
0.461538 , 0.025641 , -0.544804
0.461538 , 0.051282 , -0.545985
0.461538 , 0.076923 , -0.548109
0.461538 , 0.102564 , -0.550797
0.461538 , 0.128205 , -0.554097
0.461538 , 0.153846 , -0.557786
0.461538 , 0.179487 , -0.560657
0.461538 , 0.205128 , -0.563538
0.461538 , 0.230769 , -0.566489
0.461538 , 0.256410 , -0.568687
0.461538 , 0.282051 , -0.570085
0.461538 , 0.307692 , -0.570717
0.461538 , 0.333333 , -0.572380
0.461538 , 0.358974 , -0.574923
0.461538 , 0.384615 , -0.578353
0.461538 , 0.410256 , -0.581896
0.461538 , 0.435897 , -0.586338
0.461538 , 0.461538 , -0.590535
0.461538 , 0.487179 , -0.594792
0.461538 , 0.512821 , -0.599143
0.461538 , 0.538462 , -0.603887
0.461538 , 0.564103 , -0.608783
0.461538 , 0.589744 , -0.613766
0.461538 , 0.615385 , -0.618581
0.461538 , 0.641026 , -0.623722
0.461538 , 0.666667 , -0.628617
0.461538 , 0.692308 , -0.633510
0.461538 , 0.717949 , -0.639081
0.461538 , 0.743590 , -0.644284
0.461538 , 0.769231 , -0.649014
0.461538 , 0.794872 , -0.652366
0.461538 , 0.820513 , -0.656263
0.461538 , 0.846154 , -0.660385
0.461538 , 0.871795 , -0.664166
0.461538 , 0.897436 , -0.667788
0.461538 , 0.923077 , -0.669776
0.461538 , 0.948718 , -0.670560
0.461538 , 0.974359 , -0.670197
0.461538 , 1.000000 , -0.669995
0.487179 , 0.000000 , -0.639044
0.487179 , 0.025641 , -0.638942
0.487179 , 0.051282 , -0.639742
0.487179 , 0.076923 , -0.642296
0.487179 , 0.102564 , -0.645779
0.487179 , 0.128205 , -0.649452
0.487179 , 0.153846 , -0.653340
0.487179 , 0.179487 , -0.657137
0.487179 , 0.205128 , -0.660593
0.487179 , 0.230769 , -0.662776
0.487179 , 0.256410 , -0.663453
0.487179 , 0.282051 , -0.664991
0.487179 , 0.307692 , -0.665796
0.487179 , 0.333333 , -0.666755
0.487179 , 0.358974 , -0.668415
0.487179 , 0.384615 , -0.670590
0.487179 , 0.410256 , -0.672435
0.487179 , 0.435897 , -0.674958
0.487179 , 0.461538 , -0.677349
0.487179 , 0.487179 , -0.679539
0.487179 , 0.512821 , -0.682496
0.487179 , 0.538462 , -0.685247
0.487179 , 0.564103 , -0.688199
0.487179 , 0.589744 , -0.691404
0.487179 , 0.615385 , -0.694038
0.487179 , 0.641026 , -0.697256
0.487179 , 0.666667 , -0.700642
0.487179 , 0.692308 , -0.704394
0.487179 , 0.717949 , -0.708996
0.487179 , 0.743590 , -0.713819
0.487179 , 0.769231 , -0.717859
0.487179 , 0.794872 , -0.721326
0.487179 , 0.820513 , -0.724993
0.487179 , 0.846154 , -0.728685
0.487179 , 0.871795 , -0.732066
0.487179 , 0.897436 , -0.735556
0.487179 , 0.923077 , -0.737258
0.487179 , 0.948718 , -0.737723
0.487179 , 0.974359 , -0.737970
0.487179 , 1.000000 , -0.738072
0.512821 , 0.000000 , -0.727473
0.512821 , 0.025641 , -0.727498
0.512821 , 0.051282 , -0.728713
0.512821 , 0.076923 , -0.731312
0.512821 , 0.102564 , -0.735760
0.512821 , 0.128205 , -0.740170
0.512821 , 0.153846 , -0.743574
0.512821 , 0.179487 , -0.747144
0.512821 , 0.205128 , -0.750538
0.512821 , 0.230769 , -0.752635
0.512821 , 0.256410 , -0.753163
0.512821 , 0.282051 , -0.753913
0.512821 , 0.307692 , -0.754519
0.512821 , 0.333333 , -0.755313
0.512821 , 0.358974 , -0.756433
0.512821 , 0.384615 , -0.756962
0.512821 , 0.410256 , -0.757517
0.512821 , 0.435897 , -0.758282
0.512821 , 0.461538 , -0.758535
0.512821 , 0.487179 , -0.758624
0.512821 , 0.512821 , -0.759657
0.512821 , 0.538462 , -0.760795
0.512821 , 0.564103 , -0.761577
0.512821 , 0.589744 , -0.762988
0.512821 , 0.615385 , -0.764157
0.512821 , 0.641026 , -0.765246
0.512821 , 0.666667 , -0.767234
0.512821 , 0.692308 , -0.769662
0.512821 , 0.717949 , -0.772900
0.512821 , 0.743590 , -0.776688
0.512821 , 0.769231 , -0.779486
0.512821 , 0.794872 , -0.782523
0.512821 , 0.820513 , -0.786814
0.512821 , 0.846154 , -0.790227
0.512821 , 0.871795 , -0.792846
0.512821 , 0.897436 , -0.795734
0.512821 , 0.923077 , -0.797304
0.512821 , 0.948718 , -0.797538
0.512821 , 0.974359 , -0.798051
0.512821 , 1.000000 , -0.798724
0.538462 , 0.000000 , -0.809869
0.538462 , 0.025641 , -0.810396
0.538462 , 0.051282 , -0.812709
0.538462 , 0.076923 , -0.815749
0.538462 , 0.102564 , -0.819954
0.538462 , 0.128205 , -0.824779
0.538462 , 0.153846 , -0.828979
0.538462 , 0.179487 , -0.831942
0.538462 , 0.205128 , -0.834875
0.538462 , 0.230769 , -0.836839
0.538462 , 0.256410 , -0.837223
0.538462 , 0.282051 , -0.837474
0.538462 , 0.307692 , -0.837465
0.538462 , 0.333333 , -0.837820
0.538462 , 0.358974 , -0.837845
0.538462 , 0.384615 , -0.837057
0.538462 , 0.410256 , -0.836110
0.538462 , 0.435897 , -0.834984
0.538462 , 0.461538 , -0.833332
0.538462 , 0.487179 , -0.831656
0.538462 , 0.512821 , -0.830486
0.538462 , 0.538462 , -0.829925
0.538462 , 0.564103 , -0.828938
0.538462 , 0.589744 , -0.828581
0.538462 , 0.615385 , -0.827954
0.538462 , 0.641026 , -0.827336
0.538462 , 0.666667 , -0.827469
0.538462 , 0.692308 , -0.828615
0.538462 , 0.717949 , -0.830279
0.538462 , 0.743590 , -0.832376
0.538462 , 0.769231 , -0.834611
0.538462 , 0.794872 , -0.836456
0.538462 , 0.820513 , -0.840328
0.538462 , 0.846154 , -0.844115
0.538462 , 0.871795 , -0.846596
0.538462 , 0.897436 , -0.848929
0.538462 , 0.923077 , -0.850527
0.538462 , 0.948718 , -0.850923
0.538462 , 0.974359 , -0.851442
0.538462 , 1.000000 , -0.852054
0.564103 , 0.000000 , -0.887356
0.564103 , 0.025641 , -0.888050
0.564103 , 0.051282 , -0.890734
0.564103 , 0.076923 , -0.894101
0.564103 , 0.102564 , -0.898079
0.564103 , 0.128205 , -0.902435
0.564103 , 0.153846 , -0.907157
0.564103 , 0.179487 , -0.910879
0.564103 , 0.205128 , -0.913635
0.564103 , 0.230769 , -0.915428
0.564103 , 0.256410 , -0.915458
0.564103 , 0.282051 , -0.914893
0.564103 , 0.307692 , -0.914642
0.564103 , 0.333333 , -0.914073
0.564103 , 0.358974 , -0.913022
0.564103 , 0.384615 , -0.911173
0.564103 , 0.410256 , -0.908837
0.564103 , 0.435897 , -0.906142
0.564103 , 0.461538 , -0.902505
0.564103 , 0.487179 , -0.899112
0.564103 , 0.512821 , -0.896060
0.564103 , 0.538462 , -0.893275
0.564103 , 0.564103 , -0.890944
0.564103 , 0.589744 , -0.888493
0.564103 , 0.615385 , -0.886268
0.564103 , 0.641026 , -0.883752
0.564103 , 0.666667 , -0.882470
0.564103 , 0.692308 , -0.882492
0.564103 , 0.717949 , -0.882404
0.564103 , 0.743590 , -0.882548
0.564103 , 0.769231 , -0.883983
0.564103 , 0.794872 , -0.885147
0.564103 , 0.820513 , -0.887785
0.564103 , 0.846154 , -0.890983
0.564103 , 0.871795 , -0.893596
0.564103 , 0.897436 , -0.896063
0.564103 , 0.923077 , -0.897495
0.564103 , 0.948718 , -0.898404
0.564103 , 0.974359 , -0.898479
0.564103 , 1.000000 , -0.898594
0.589744 , 0.000000 , -0.959864
0.589744 , 0.025641 , -0.960687
0.589744 , 0.051282 , -0.963242
0.589744 , 0.076923 , -0.966829
0.589744 , 0.102564 , -0.970819
0.589744 , 0.128205 , -0.974699
0.589744 , 0.153846 , -0.979393
0.589744 , 0.179487 , -0.982985
0.589744 , 0.205128 , -0.986123
0.589744 , 0.230769 , -0.987393
0.589744 , 0.256410 , -0.987821
0.589744 , 0.282051 , -0.987417
0.589744 , 0.307692 , -0.986015
0.589744 , 0.333333 , -0.984552
0.589744 , 0.358974 , -0.982556
0.589744 , 0.384615 , -0.980197
0.589744 , 0.410256 , -0.976486
0.589744 , 0.435897 , -0.972110
0.589744 , 0.461538 , -0.967357
0.589744 , 0.487179 , -0.962122
0.589744 , 0.512821 , -0.956978
0.589744 , 0.538462 , -0.952482
0.589744 , 0.564103 , -0.948207
0.589744 , 0.589744 , -0.944393
0.589744 , 0.615385 , -0.940712
0.589744 , 0.641026 , -0.936804
0.589744 , 0.666667 , -0.933106
0.589744 , 0.692308 , -0.931251
0.589744 , 0.717949 , -0.929391
0.589744 , 0.743590 , -0.928357
0.589744 , 0.769231 , -0.928008
0.589744 , 0.794872 , -0.928258
0.589744 , 0.820513 , -0.929560
0.589744 , 0.846154 , -0.932164
0.589744 , 0.871795 , -0.934389
0.589744 , 0.897436 , -0.936568
0.589744 , 0.923077 , -0.937939
0.589744 , 0.948718 , -0.939036
0.589744 , 0.974359 , -0.939278
0.589744 , 1.000000 , -0.939357
0.615385 , 0.000000 , -1.028000
0.615385 , 0.025641 , -1.028643
0.615385 , 0.051282 , -1.030656
0.615385 , 0.076923 , -1.034048
0.615385 , 0.102564 , -1.038230
0.615385 , 0.128205 , -1.042576
0.615385 , 0.153846 , -1.046991
0.615385 , 0.179487 , -1.050406
0.615385 , 0.205128 , -1.053322
0.615385 , 0.230769 , -1.053776
0.615385 , 0.256410 , -1.054284
0.615385 , 0.282051 , -1.053856
0.615385 , 0.307692 , -1.051738
0.615385 , 0.333333 , -1.049850
0.615385 , 0.358974 , -1.047192
0.615385 , 0.384615 , -1.043923
0.615385 , 0.410256 , -1.039402
0.615385 , 0.435897 , -1.033672
0.615385 , 0.461538 , -1.027124
0.615385 , 0.487179 , -1.020914
0.615385 , 0.512821 , -1.014340
0.615385 , 0.538462 , -1.008064
0.615385 , 0.564103 , -1.001562
0.615385 , 0.589744 , -0.995681
0.615385 , 0.615385 , -0.990626
0.615385 , 0.641026 , -0.984914
0.615385 , 0.666667 , -0.979520
0.615385 , 0.692308 , -0.975719
0.615385 , 0.717949 , -0.972812
0.615385 , 0.743590 , -0.970480
0.615385 , 0.769231 , -0.968339
0.615385 , 0.794872 , -0.967391
0.615385 , 0.820513 , -0.967586
0.615385 , 0.846154 , -0.968670
0.615385 , 0.871795 , -0.969614
0.615385 , 0.897436 , -0.971935
0.615385 , 0.923077 , -0.973372
0.615385 , 0.948718 , -0.974465
0.615385 , 0.974359 , -0.975059
0.615385 , 1.000000 , -0.975820
0.641026 , 0.000000 , -1.091097
0.641026 , 0.025641 , -1.091428
0.641026 , 0.051282 , -1.093677
0.641026 , 0.076923 , -1.096318
0.641026 , 0.102564 , -1.100169
0.641026 , 0.128205 , -1.104807
0.641026 , 0.153846 , -1.108724
0.641026 , 0.179487 , -1.111697
0.641026 , 0.205128 , -1.114751
0.641026 , 0.230769 , -1.115019
0.641026 , 0.256410 , -1.114583
0.641026 , 0.282051 , -1.113652
0.641026 , 0.307692 , -1.111576
0.641026 , 0.333333 , -1.109280
0.641026 , 0.358974 , -1.106008
0.641026 , 0.384615 , -1.101855
0.641026 , 0.410256 , -1.096547
0.641026 , 0.435897 , -1.089852
0.641026 , 0.461538 , -1.082381
0.641026 , 0.487179 , -1.074616
0.641026 , 0.512821 , -1.066772
0.641026 , 0.538462 , -1.058798
0.641026 , 0.564103 , -1.050807
0.641026 , 0.589744 , -1.042525
0.641026 , 0.615385 , -1.035512
0.641026 , 0.641026 , -1.028324
0.641026 , 0.666667 , -1.021990
0.641026 , 0.692308 , -1.016873
0.641026 , 0.717949 , -1.012709
0.641026 , 0.743590 , -1.008501
0.641026 , 0.769231 , -1.004869
0.641026 , 0.794872 , -1.002935
0.641026 , 0.820513 , -1.002440
0.641026 , 0.846154 , -1.001775
0.641026 , 0.871795 , -1.001228
0.641026 , 0.897436 , -1.002387
0.641026 , 0.923077 , -1.003961
0.641026 , 0.948718 , -1.005497
0.641026 , 0.974359 , -1.006435
0.641026 , 1.000000 , -1.007291
0.666667 , 0.000000 , -1.148014
0.666667 , 0.025641 , -1.148413
0.666667 , 0.051282 , -1.150998
0.666667 , 0.076923 , -1.153444
0.666667 , 0.102564 , -1.156767
0.666667 , 0.128205 , -1.160849
0.666667 , 0.153846 , -1.164612
0.666667 , 0.179487 , -1.167020
0.666667 , 0.205128 , -1.169601
0.666667 , 0.230769 , -1.170700
0.666667 , 0.256410 , -1.170192
0.666667 , 0.282051 , -1.168425
0.666667 , 0.307692 , -1.166468
0.666667 , 0.333333 , -1.163789
0.666667 , 0.358974 , -1.159812
0.666667 , 0.384615 , -1.154656
0.666667 , 0.410256 , -1.148559
0.666667 , 0.435897 , -1.140998
0.666667 , 0.461538 , -1.132075
0.666667 , 0.487179 , -1.123227
0.666667 , 0.512821 , -1.114457
0.666667 , 0.538462 , -1.104948
0.666667 , 0.564103 , -1.095319
0.666667 , 0.589744 , -1.085484
0.666667 , 0.615385 , -1.076469
0.666667 , 0.641026 , -1.068086
0.666667 , 0.666667 , -1.059883
0.666667 , 0.692308 , -1.053182
0.666667 , 0.717949 , -1.048156
0.666667 , 0.743590 , -1.043393
0.666667 , 0.769231 , -1.038475
0.666667 , 0.794872 , -1.034512
0.666667 , 0.820513 , -1.032985
0.666667 , 0.846154 , -1.030860
0.666667 , 0.871795 , -1.029872
0.666667 , 0.897436 , -1.029857
0.666667 , 0.923077 , -1.030878
0.666667 , 0.948718 , -1.032767
0.666667 , 0.974359 , -1.033651
0.666667 , 1.000000 , -1.034616
0.692308 , 0.000000 , -1.199627
0.692308 , 0.025641 , -1.200534
0.692308 , 0.051282 , -1.202232
0.692308 , 0.076923 , -1.204735
0.692308 , 0.102564 , -1.207861
0.692308 , 0.128205 , -1.211156
0.692308 , 0.153846 , -1.214683
0.692308 , 0.179487 , -1.217704
0.692308 , 0.205128 , -1.219909
0.692308 , 0.230769 , -1.221059
0.692308 , 0.256410 , -1.220686
0.692308 , 0.282051 , -1.218712
0.692308 , 0.307692 , -1.216533
0.692308 , 0.333333 , -1.213448
0.692308 , 0.358974 , -1.208876
0.692308 , 0.384615 , -1.203050
0.692308 , 0.410256 , -1.195902
0.692308 , 0.435897 , -1.187386
0.692308 , 0.461538 , -1.177255
0.692308 , 0.487179 , -1.167336
0.692308 , 0.512821 , -1.157209
0.692308 , 0.538462 , -1.146757
0.692308 , 0.564103 , -1.135866
0.692308 , 0.589744 , -1.124457
0.692308 , 0.615385 , -1.113849
0.692308 , 0.641026 , -1.104081
0.692308 , 0.666667 , -1.094841
0.692308 , 0.692308 , -1.086756
0.692308 , 0.717949 , -1.080444
0.692308 , 0.743590 , -1.074823
0.692308 , 0.769231 , -1.069212
0.692308 , 0.794872 , -1.064630
0.692308 , 0.820513 , -1.061628
0.692308 , 0.846154 , -1.058107
0.692308 , 0.871795 , -1.056197
0.692308 , 0.897436 , -1.055503
0.692308 , 0.923077 , -1.056239
0.692308 , 0.948718 , -1.057552
0.692308 , 0.974359 , -1.057968
0.692308 , 1.000000 , -1.059270
0.717949 , 0.000000 , -1.246875
0.717949 , 0.025641 , -1.247541
0.717949 , 0.051282 , -1.249148
0.717949 , 0.076923 , -1.251399
0.717949 , 0.102564 , -1.254145
0.717949 , 0.128205 , -1.256794
0.717949 , 0.153846 , -1.259492
0.717949 , 0.179487 , -1.262722
0.717949 , 0.205128 , -1.264823
0.717949 , 0.230769 , -1.266058
0.717949 , 0.256410 , -1.265621
0.717949 , 0.282051 , -1.262243
0.717949 , 0.307692 , -1.260034
0.717949 , 0.333333 , -1.256787
0.717949 , 0.358974 , -1.252395
0.717949 , 0.384615 , -1.245814
0.717949 , 0.410256 , -1.238114
0.717949 , 0.435897 , -1.228539
0.717949 , 0.461538 , -1.217524
0.717949 , 0.487179 , -1.207101
0.717949 , 0.512821 , -1.195412
0.717949 , 0.538462 , -1.183918
0.717949 , 0.564103 , -1.172301
0.717949 , 0.589744 , -1.159947
0.717949 , 0.615385 , -1.148484
0.717949 , 0.641026 , -1.137713
0.717949 , 0.666667 , -1.127366
0.717949 , 0.692308 , -1.118445
0.717949 , 0.717949 , -1.111200
0.717949 , 0.743590 , -1.103614
0.717949 , 0.769231 , -1.096210
0.717949 , 0.794872 , -1.091392
0.717949 , 0.820513 , -1.087446
0.717949 , 0.846154 , -1.082817
0.717949 , 0.871795 , -1.079985
0.717949 , 0.897436 , -1.078222
0.717949 , 0.923077 , -1.078415
0.717949 , 0.948718 , -1.079088
0.717949 , 0.974359 , -1.079733
0.717949 , 1.000000 , -1.080257
0.743590 , 0.000000 , -1.289556
0.743590 , 0.025641 , -1.290084
0.743590 , 0.051282 , -1.291682
0.743590 , 0.076923 , -1.293672
0.743590 , 0.102564 , -1.295536
0.743590 , 0.128205 , -1.297985
0.743590 , 0.153846 , -1.299852
0.743590 , 0.179487 , -1.302417
0.743590 , 0.205128 , -1.304896
0.743590 , 0.230769 , -1.305924
0.743590 , 0.256410 , -1.304263
0.743590 , 0.282051 , -1.301189
0.743590 , 0.307692 , -1.298831
0.743590 , 0.333333 , -1.295058
0.743590 , 0.358974 , -1.289920
0.743590 , 0.384615 , -1.282986
0.743590 , 0.410256 , -1.275228
0.743590 , 0.435897 , -1.265151
0.743590 , 0.461538 , -1.253707
0.743590 , 0.487179 , -1.242114
0.743590 , 0.512821 , -1.229503
0.743590 , 0.538462 , -1.217302
0.743590 , 0.564103 , -1.204916
0.743590 , 0.589744 , -1.191858
0.743590 , 0.615385 , -1.179545
0.743590 , 0.641026 , -1.167964
0.743590 , 0.666667 , -1.156017
0.743590 , 0.692308 , -1.146180
0.743590 , 0.717949 , -1.137565
0.743590 , 0.743590 , -1.128742
0.743590 , 0.769231 , -1.120287
0.743590 , 0.794872 , -1.113955
0.743590 , 0.820513 , -1.109360
0.743590 , 0.846154 , -1.104371
0.743590 , 0.871795 , -1.101254
0.743590 , 0.897436 , -1.099383
0.743590 , 0.923077 , -1.098482
0.743590 , 0.948718 , -1.098536
0.743590 , 0.974359 , -1.099200
0.743590 , 1.000000 , -1.099664
0.769231 , 0.000000 , -1.327916
0.769231 , 0.025641 , -1.328287
0.769231 , 0.051282 , -1.329153
0.769231 , 0.076923 , -1.330799
0.769231 , 0.102564 , -1.331949
0.769231 , 0.128205 , -1.333459
0.769231 , 0.153846 , -1.335659
0.769231 , 0.179487 , -1.337471
0.769231 , 0.205128 , -1.339467
0.769231 , 0.230769 , -1.340692
0.769231 , 0.256410 , -1.338739
0.769231 , 0.282051 , -1.334776
0.769231 , 0.307692 , -1.332447
0.769231 , 0.333333 , -1.328819
0.769231 , 0.358974 , -1.322620
0.769231 , 0.384615 , -1.314981
0.769231 , 0.410256 , -1.306735
0.769231 , 0.435897 , -1.296670
0.769231 , 0.461538 , -1.285131
0.769231 , 0.487179 , -1.272969
0.769231 , 0.512821 , -1.260330
0.769231 , 0.538462 , -1.247675
0.769231 , 0.564103 , -1.233535
0.769231 , 0.589744 , -1.219773
0.769231 , 0.615385 , -1.207285
0.769231 , 0.641026 , -1.194919
0.769231 , 0.666667 , -1.181859
0.769231 , 0.692308 , -1.170716
0.769231 , 0.717949 , -1.159617
0.769231 , 0.743590 , -1.150569
0.769231 , 0.769231 , -1.141828
0.769231 , 0.794872 , -1.133733
0.769231 , 0.820513 , -1.127589
0.769231 , 0.846154 , -1.122367
0.769231 , 0.871795 , -1.119713
0.769231 , 0.897436 , -1.117530
0.769231 , 0.923077 , -1.116340
0.769231 , 0.948718 , -1.115865
0.769231 , 0.974359 , -1.116139
0.769231 , 1.000000 , -1.116635
0.794872 , 0.000000 , -1.361733
0.794872 , 0.025641 , -1.361951
0.794872 , 0.051282 , -1.362568
0.794872 , 0.076923 , -1.363332
0.794872 , 0.102564 , -1.364356
0.794872 , 0.128205 , -1.365468
0.794872 , 0.153846 , -1.367447
0.794872 , 0.179487 , -1.368983
0.794872 , 0.205128 , -1.369597
0.794872 , 0.230769 , -1.370071
0.794872 , 0.256410 , -1.368742
0.794872 , 0.282051 , -1.364690
0.794872 , 0.307692 , -1.360878
0.794872 , 0.333333 , -1.356733
0.794872 , 0.358974 , -1.351012
0.794872 , 0.384615 , -1.343377
0.794872 , 0.410256 , -1.334478
0.794872 , 0.435897 , -1.324330
0.794872 , 0.461538 , -1.312617
0.794872 , 0.487179 , -1.300316
0.794872 , 0.512821 , -1.287733
0.794872 , 0.538462 , -1.274731
0.794872 , 0.564103 , -1.259825
0.794872 , 0.589744 , -1.244639
0.794872 , 0.615385 , -1.231867
0.794872 , 0.641026 , -1.219302
0.794872 , 0.666667 , -1.205601
0.794872 , 0.692308 , -1.192768
0.794872 , 0.717949 , -1.180530
0.794872 , 0.743590 , -1.170179
0.794872 , 0.769231 , -1.160537
0.794872 , 0.794872 , -1.150774
0.794872 , 0.820513 , -1.143874
0.794872 , 0.846154 , -1.138997
0.794872 , 0.871795 , -1.135848
0.794872 , 0.897436 , -1.133237
0.794872 , 0.923077 , -1.132241
0.794872 , 0.948718 , -1.131477
0.794872 , 0.974359 , -1.131241
0.794872 , 1.000000 , -1.131563
0.820513 , 0.000000 , -1.391377
0.820513 , 0.025641 , -1.391093
0.820513 , 0.051282 , -1.391289
0.820513 , 0.076923 , -1.392014
0.820513 , 0.102564 , -1.392812
0.820513 , 0.128205 , -1.394045
0.820513 , 0.153846 , -1.395429
0.820513 , 0.179487 , -1.395834
0.820513 , 0.205128 , -1.395985
0.820513 , 0.230769 , -1.395775
0.820513 , 0.256410 , -1.394951
0.820513 , 0.282051 , -1.391318
0.820513 , 0.307692 , -1.386513
0.820513 , 0.333333 , -1.381725
0.820513 , 0.358974 , -1.375278
0.820513 , 0.384615 , -1.367591
0.820513 , 0.410256 , -1.358864
0.820513 , 0.435897 , -1.348452
0.820513 , 0.461538 , -1.336178
0.820513 , 0.487179 , -1.323965
0.820513 , 0.512821 , -1.311149
0.820513 , 0.538462 , -1.297900
0.820513 , 0.564103 , -1.282946
0.820513 , 0.589744 , -1.267034
0.820513 , 0.615385 , -1.252715
0.820513 , 0.641026 , -1.240184
0.820513 , 0.666667 , -1.226707
0.820513 , 0.692308 , -1.212694
0.820513 , 0.717949 , -1.199902
0.820513 , 0.743590 , -1.188116
0.820513 , 0.769231 , -1.177837
0.820513 , 0.794872 , -1.167488
0.820513 , 0.820513 , -1.159722
0.820513 , 0.846154 , -1.154778
0.820513 , 0.871795 , -1.150071
0.820513 , 0.897436 , -1.146992
0.820513 , 0.923077 , -1.145924
0.820513 , 0.948718 , -1.145082
0.820513 , 0.974359 , -1.144666
0.820513 , 1.000000 , -1.144310
0.846154 , 0.000000 , -1.415746
0.846154 , 0.025641 , -1.415623
0.846154 , 0.051282 , -1.415705
0.846154 , 0.076923 , -1.416049
0.846154 , 0.102564 , -1.416942
0.846154 , 0.128205 , -1.417975
0.846154 , 0.153846 , -1.418761
0.846154 , 0.179487 , -1.418188
0.846154 , 0.205128 , -1.417713
0.846154 , 0.230769 , -1.417095
0.846154 , 0.256410 , -1.416555
0.846154 , 0.282051 , -1.413563
0.846154 , 0.307692 , -1.408380
0.846154 , 0.333333 , -1.402859
0.846154 , 0.358974 , -1.397055
0.846154 , 0.384615 , -1.389143
0.846154 , 0.410256 , -1.379496
0.846154 , 0.435897 , -1.369231
0.846154 , 0.461538 , -1.356655
0.846154 , 0.487179 , -1.344235
0.846154 , 0.512821 , -1.330913
0.846154 , 0.538462 , -1.316903
0.846154 , 0.564103 , -1.302182
0.846154 , 0.589744 , -1.286271
0.846154 , 0.615385 , -1.271225
0.846154 , 0.641026 , -1.258136
0.846154 , 0.666667 , -1.244506
0.846154 , 0.692308 , -1.229602
0.846154 , 0.717949 , -1.216371
0.846154 , 0.743590 , -1.203879
0.846154 , 0.769231 , -1.192046
0.846154 , 0.794872 , -1.182369
0.846154 , 0.820513 , -1.173443
0.846154 , 0.846154 , -1.166932
0.846154 , 0.871795 , -1.161477
0.846154 , 0.897436 , -1.158421
0.846154 , 0.923077 , -1.157240
0.846154 , 0.948718 , -1.155724
0.846154 , 0.974359 , -1.155069
0.846154 , 1.000000 , -1.154406
0.871795 , 0.000000 , -1.434740
0.871795 , 0.025641 , -1.435164
0.871795 , 0.051282 , -1.435557
0.871795 , 0.076923 , -1.435893
0.871795 , 0.102564 , -1.436837
0.871795 , 0.128205 , -1.437360
0.871795 , 0.153846 , -1.437696
0.871795 , 0.179487 , -1.437087
0.871795 , 0.205128 , -1.436295
0.871795 , 0.230769 , -1.435941
0.871795 , 0.256410 , -1.434955
0.871795 , 0.282051 , -1.431126
0.871795 , 0.307692 , -1.426223
0.871795 , 0.333333 , -1.420949
0.871795 , 0.358974 , -1.414797
0.871795 , 0.384615 , -1.407169
0.871795 , 0.410256 , -1.397429
0.871795 , 0.435897 , -1.386528
0.871795 , 0.461538 , -1.373974
0.871795 , 0.487179 , -1.361676
0.871795 , 0.512821 , -1.348133
0.871795 , 0.538462 , -1.333888
0.871795 , 0.564103 , -1.318663
0.871795 , 0.589744 , -1.302812
0.871795 , 0.615385 , -1.287468
0.871795 , 0.641026 , -1.273458
0.871795 , 0.666667 , -1.260170
0.871795 , 0.692308 , -1.245276
0.871795 , 0.717949 , -1.231021
0.871795 , 0.743590 , -1.217944
0.871795 , 0.769231 , -1.205188
0.871795 , 0.794872 , -1.194781
0.871795 , 0.820513 , -1.185599
0.871795 , 0.846154 , -1.178633
0.871795 , 0.871795 , -1.172659
0.871795 , 0.897436 , -1.169027
0.871795 , 0.923077 , -1.167238
0.871795 , 0.948718 , -1.164964
0.871795 , 0.974359 , -1.163842
0.871795 , 1.000000 , -1.163033
0.897436 , 0.000000 , -1.450846
0.897436 , 0.025641 , -1.451072
0.897436 , 0.051282 , -1.451604
0.897436 , 0.076923 , -1.451651
0.897436 , 0.102564 , -1.452079
0.897436 , 0.128205 , -1.452380
0.897436 , 0.153846 , -1.452547
0.897436 , 0.179487 , -1.452546
0.897436 , 0.205128 , -1.452059
0.897436 , 0.230769 , -1.450838
0.897436 , 0.256410 , -1.448533
0.897436 , 0.282051 , -1.444346
0.897436 , 0.307692 , -1.439607
0.897436 , 0.333333 , -1.434996
0.897436 , 0.358974 , -1.428812
0.897436 , 0.384615 , -1.420976
0.897436 , 0.410256 , -1.411155
0.897436 , 0.435897 , -1.399722
0.897436 , 0.461538 , -1.387715
0.897436 , 0.487179 , -1.375900
0.897436 , 0.512821 , -1.362573
0.897436 , 0.538462 , -1.347250
0.897436 , 0.564103 , -1.331772
0.897436 , 0.589744 , -1.316813
0.897436 , 0.615385 , -1.302299
0.897436 , 0.641026 , -1.287618
0.897436 , 0.666667 , -1.272795
0.897436 , 0.692308 , -1.258058
0.897436 , 0.717949 , -1.243285
0.897436 , 0.743590 , -1.229724
0.897436 , 0.769231 , -1.217287
0.897436 , 0.794872 , -1.206201
0.897436 , 0.820513 , -1.196703
0.897436 , 0.846154 , -1.189439
0.897436 , 0.871795 , -1.183962
0.897436 , 0.897436 , -1.179346
0.897436 , 0.923077 , -1.175902
0.897436 , 0.948718 , -1.173252
0.897436 , 0.974359 , -1.171545
0.897436 , 1.000000 , -1.170783
0.923077 , 0.000000 , -1.463211
0.923077 , 0.025641 , -1.463174
0.923077 , 0.051282 , -1.463696
0.923077 , 0.076923 , -1.463815
0.923077 , 0.102564 , -1.463770
0.923077 , 0.128205 , -1.464136
0.923077 , 0.153846 , -1.464211
0.923077 , 0.179487 , -1.464111
0.923077 , 0.205128 , -1.463512
0.923077 , 0.230769 , -1.461400
0.923077 , 0.256410 , -1.458533
0.923077 , 0.282051 , -1.455447
0.923077 , 0.307692 , -1.451171
0.923077 , 0.333333 , -1.445873
0.923077 , 0.358974 , -1.439006
0.923077 , 0.384615 , -1.430865
0.923077 , 0.410256 , -1.421395
0.923077 , 0.435897 , -1.410323
0.923077 , 0.461538 , -1.398061
0.923077 , 0.487179 , -1.385868
0.923077 , 0.512821 , -1.372468
0.923077 , 0.538462 , -1.357859
0.923077 , 0.564103 , -1.342705
0.923077 , 0.589744 , -1.327771
0.923077 , 0.615385 , -1.313602
0.923077 , 0.641026 , -1.298721
0.923077 , 0.666667 , -1.283295
0.923077 , 0.692308 , -1.267907
0.923077 , 0.717949 , -1.253168
0.923077 , 0.743590 , -1.239459
0.923077 , 0.769231 , -1.227025
0.923077 , 0.794872 , -1.216070
0.923077 , 0.820513 , -1.206871
0.923077 , 0.846154 , -1.199158
0.923077 , 0.871795 , -1.192855
0.923077 , 0.897436 , -1.187605
0.923077 , 0.923077 , -1.183629
0.923077 , 0.948718 , -1.180358
0.923077 , 0.974359 , -1.178427
0.923077 , 1.000000 , -1.178012
0.948718 , 0.000000 , -1.471864
0.948718 , 0.025641 , -1.471679
0.948718 , 0.051282 , -1.472037
0.948718 , 0.076923 , -1.472509
0.948718 , 0.102564 , -1.472441
0.948718 , 0.128205 , -1.472607
0.948718 , 0.153846 , -1.472596
0.948718 , 0.179487 , -1.472196
0.948718 , 0.205128 , -1.471156
0.948718 , 0.230769 , -1.468864
0.948718 , 0.256410 , -1.466131
0.948718 , 0.282051 , -1.462912
0.948718 , 0.307692 , -1.459075
0.948718 , 0.333333 , -1.453113
0.948718 , 0.358974 , -1.445691
0.948718 , 0.384615 , -1.437532
0.948718 , 0.410256 , -1.427961
0.948718 , 0.435897 , -1.417162
0.948718 , 0.461538 , -1.405330
0.948718 , 0.487179 , -1.392569
0.948718 , 0.512821 , -1.379376
0.948718 , 0.538462 , -1.365199
0.948718 , 0.564103 , -1.350359
0.948718 , 0.589744 , -1.335594
0.948718 , 0.615385 , -1.321291
0.948718 , 0.641026 , -1.306365
0.948718 , 0.666667 , -1.291332
0.948718 , 0.692308 , -1.276258
0.948718 , 0.717949 , -1.261084
0.948718 , 0.743590 , -1.247466
0.948718 , 0.769231 , -1.234880
0.948718 , 0.794872 , -1.223758
0.948718 , 0.820513 , -1.214570
0.948718 , 0.846154 , -1.206863
0.948718 , 0.871795 , -1.200580
0.948718 , 0.897436 , -1.193854
0.948718 , 0.923077 , -1.189076
0.948718 , 0.948718 , -1.185818
0.948718 , 0.974359 , -1.183695
0.948718 , 1.000000 , -1.182911
0.974359 , 0.000000 , -1.477099
0.974359 , 0.025641 , -1.477190
0.974359 , 0.051282 , -1.477326
0.974359 , 0.076923 , -1.477622
0.974359 , 0.102564 , -1.477721
0.974359 , 0.128205 , -1.477183
0.974359 , 0.153846 , -1.477541
0.974359 , 0.179487 , -1.476982
0.974359 , 0.205128 , -1.475289
0.974359 , 0.230769 , -1.473277
0.974359 , 0.256410 , -1.471125
0.974359 , 0.282051 , -1.467964
0.974359 , 0.307692 , -1.463836
0.974359 , 0.333333 , -1.457914
0.974359 , 0.358974 , -1.450328
0.974359 , 0.384615 , -1.441508
0.974359 , 0.410256 , -1.431895
0.974359 , 0.435897 , -1.421209
0.974359 , 0.461538 , -1.409684
0.974359 , 0.487179 , -1.396846
0.974359 , 0.512821 , -1.383224
0.974359 , 0.538462 , -1.368747
0.974359 , 0.564103 , -1.354261
0.974359 , 0.589744 , -1.340165
0.974359 , 0.615385 , -1.325764
0.974359 , 0.641026 , -1.310888
0.974359 , 0.666667 , -1.295799
0.974359 , 0.692308 , -1.280561
0.974359 , 0.717949 , -1.266030
0.974359 , 0.743590 , -1.252275
0.974359 , 0.769231 , -1.239722
0.974359 , 0.794872 , -1.228532
0.974359 , 0.820513 , -1.219153
0.974359 , 0.846154 , -1.211043
0.974359 , 0.871795 , -1.204309
0.974359 , 0.897436 , -1.198154
0.974359 , 0.923077 , -1.192752
0.974359 , 0.948718 , -1.189311
0.974359 , 0.974359 , -1.186747
0.974359 , 1.000000 , -1.185655
1.000000 , 0.000000 , -1.478445
1.000000 , 0.025641 , -1.479021
1.000000 , 0.051282 , -1.479400
1.000000 , 0.076923 , -1.479915
1.000000 , 0.102564 , -1.479491
1.000000 , 0.128205 , -1.478640
1.000000 , 0.153846 , -1.478218
1.000000 , 0.179487 , -1.478208
1.000000 , 0.205128 , -1.476547
1.000000 , 0.230769 , -1.474158
1.000000 , 0.256410 , -1.472598
1.000000 , 0.282051 , -1.469227
1.000000 , 0.307692 , -1.464833
1.000000 , 0.333333 , -1.459504
1.000000 , 0.358974 , -1.451497
1.000000 , 0.384615 , -1.442398
1.000000 , 0.410256 , -1.432514
1.000000 , 0.435897 , -1.422463
1.000000 , 0.461538 , -1.410965
1.000000 , 0.487179 , -1.397924
1.000000 , 0.512821 , -1.384420
1.000000 , 0.538462 , -1.369886
1.000000 , 0.564103 , -1.355169
1.000000 , 0.589744 , -1.341436
1.000000 , 0.615385 , -1.327725
1.000000 , 0.641026 , -1.312615
1.000000 , 0.666667 , -1.297171
1.000000 , 0.692308 , -1.282249
1.000000 , 0.717949 , -1.267517
1.000000 , 0.743590 , -1.253923
1.000000 , 0.769231 , -1.241206
1.000000 , 0.794872 , -1.230355
1.000000 , 0.820513 , -1.220677
1.000000 , 0.846154 , -1.212313
1.000000 , 0.871795 , -1.205081
1.000000 , 0.897436 , -1.199070
1.000000 , 0.923077 , -1.194051
1.000000 , 0.948718 , -1.190379
1.000000 , 0.974359 , -1.188009
1.000000 , 1.000000 , -1.186244
