0.000000 , 0.000000 , -2.915873
0.000000 , 0.025641 , -2.915873
0.000000 , 0.051282 , -2.915873
0.000000 , 0.076923 , -2.915873
0.000000 , 0.102564 , -2.915873
0.000000 , 0.128205 , -2.915873
0.000000 , 0.153846 , -2.915873
0.000000 , 0.179487 , -2.915873
0.000000 , 0.205128 , -2.915873
0.000000 , 0.230769 , -2.915873
0.000000 , 0.256410 , -2.915873
0.000000 , 0.282051 , -2.915873
0.000000 , 0.307692 , -2.915873
0.000000 , 0.333333 , -2.915873
0.000000 , 0.358974 , -2.915873
0.000000 , 0.384615 , -2.915873
0.000000 , 0.410256 , -2.915873
0.000000 , 0.435897 , -2.915873
0.000000 , 0.461538 , -2.915873
0.000000 , 0.487179 , -2.915873
0.000000 , 0.512821 , -2.915873
0.000000 , 0.538462 , -2.915873
0.000000 , 0.564103 , -2.915873
0.000000 , 0.589744 , -2.915873
0.000000 , 0.615385 , -2.915873
0.000000 , 0.641026 , -2.915873
0.000000 , 0.666667 , -2.915873
0.000000 , 0.692308 , -2.915873
0.000000 , 0.717949 , -2.915873
0.000000 , 0.743590 , -2.915873
0.000000 , 0.769231 , -2.915873
0.000000 , 0.794872 , -2.915873
0.000000 , 0.820513 , -2.915873
0.000000 , 0.846154 , -2.915873
0.000000 , 0.871795 , -2.915873
0.000000 , 0.897436 , -2.915873
0.000000 , 0.923077 , -2.915873
0.000000 , 0.948718 , -2.915873
0.000000 , 0.974359 , -2.915873
0.000000 , 1.000000 , -2.915873
0.025641 , 0.000000 , -2.873759
0.025641 , 0.025641 , -2.872906
0.025641 , 0.051282 , -2.871875
0.025641 , 0.076923 , -2.871048
0.025641 , 0.102564 , -2.870901
0.025641 , 0.128205 , -2.871081
0.025641 , 0.153846 , -2.871004
0.025641 , 0.179487 , -2.871212
0.025641 , 0.205128 , -2.871978
0.025641 , 0.230769 , -2.872712
0.025641 , 0.256410 , -2.874173
0.025641 , 0.282051 , -2.876207
0.025641 , 0.307692 , -2.876919
0.025641 , 0.333333 , -2.877823
0.025641 , 0.358974 , -2.879721
0.025641 , 0.384615 , -2.881713
0.025641 , 0.410256 , -2.884008
0.025641 , 0.435897 , -2.886138
0.025641 , 0.461538 , -2.888432
0.025641 , 0.487179 , -2.889976
0.025641 , 0.512821 , -2.892505
0.025641 , 0.538462 , -2.895318
0.025641 , 0.564103 , -2.897368
0.025641 , 0.589744 , -2.899482
0.025641 , 0.615385 , -2.901663
0.025641 , 0.641026 , -2.903258
0.025641 , 0.666667 , -2.904552
0.025641 , 0.692308 , -2.905929
0.025641 , 0.717949 , -2.907465
0.025641 , 0.743590 , -2.909282
0.025641 , 0.769231 , -2.910494
0.025641 , 0.794872 , -2.910629
0.025641 , 0.820513 , -2.910842
0.025641 , 0.846154 , -2.910871
0.025641 , 0.871795 , -2.911102
0.025641 , 0.897436 , -2.912140
0.025641 , 0.923077 , -2.912830
0.025641 , 0.948718 , -2.912916
0.025641 , 0.974359 , -2.913145
0.025641 , 1.000000 , -2.913437
0.051282 , 0.000000 , -2.822313
0.051282 , 0.025641 , -2.822034
0.051282 , 0.051282 , -2.820199
0.051282 , 0.076923 , -2.818369
0.051282 , 0.102564 , -2.817473
0.051282 , 0.128205 , -2.817160
0.051282 , 0.153846 , -2.817946
0.051282 , 0.179487 , -2.819357
0.051282 , 0.205128 , -2.821045
0.051282 , 0.230769 , -2.821979
0.051282 , 0.256410 , -2.823701
0.051282 , 0.282051 , -2.826995
0.051282 , 0.307692 , -2.829633
0.051282 , 0.333333 , -2.831355
0.051282 , 0.358974 , -2.834764
0.051282 , 0.384615 , -2.838850
0.051282 , 0.410256 , -2.842847
0.051282 , 0.435897 , -2.846747
0.051282 , 0.461538 , -2.850872
0.051282 , 0.487179 , -2.855568
0.051282 , 0.512821 , -2.859343
0.051282 , 0.538462 , -2.864177
0.051282 , 0.564103 , -2.868470
0.051282 , 0.589744 , -2.872685
0.051282 , 0.615385 , -2.877103
0.051282 , 0.641026 , -2.880366
0.051282 , 0.666667 , -2.883052
0.051282 , 0.692308 , -2.885715
0.051282 , 0.717949 , -2.888221
0.051282 , 0.743590 , -2.891086
0.051282 , 0.769231 , -2.893337
0.051282 , 0.794872 , -2.894701
0.051282 , 0.820513 , -2.896224
0.051282 , 0.846154 , -2.896790
0.051282 , 0.871795 , -2.897060
0.051282 , 0.897436 , -2.898178
0.051282 , 0.923077 , -2.898749
0.051282 , 0.948718 , -2.898497
0.051282 , 0.974359 , -2.898241
0.051282 , 1.000000 , -2.898668
0.076923 , 0.000000 , -2.764358
0.076923 , 0.025641 , -2.763916
0.076923 , 0.051282 , -2.762246
0.076923 , 0.076923 , -2.760120
0.076923 , 0.102564 , -2.758390
0.076923 , 0.128205 , -2.757452
0.076923 , 0.153846 , -2.757733
0.076923 , 0.179487 , -2.759407
0.076923 , 0.205128 , -2.761819
0.076923 , 0.230769 , -2.763745
0.076923 , 0.256410 , -2.766278
0.076923 , 0.282051 , -2.769681
0.076923 , 0.307692 , -2.774670
0.076923 , 0.333333 , -2.778218
0.076923 , 0.358974 , -2.782934
0.076923 , 0.384615 , -2.788349
0.076923 , 0.410256 , -2.793517
0.076923 , 0.435897 , -2.799183
0.076923 , 0.461538 , -2.805298
0.076923 , 0.487179 , -2.812297
0.076923 , 0.512821 , -2.818416
0.076923 , 0.538462 , -2.824982
0.076923 , 0.564103 , -2.831355
0.076923 , 0.589744 , -2.837295
0.076923 , 0.615385 , -2.843111
0.076923 , 0.641026 , -2.848071
0.076923 , 0.666667 , -2.852340
0.076923 , 0.692308 , -2.856289
0.076923 , 0.717949 , -2.860175
0.076923 , 0.743590 , -2.863838
0.076923 , 0.769231 , -2.866877
0.076923 , 0.794872 , -2.868856
0.076923 , 0.820513 , -2.870680
0.076923 , 0.846154 , -2.872374
0.076923 , 0.871795 , -2.872755
0.076923 , 0.897436 , -2.873386
0.076923 , 0.923077 , -2.874058
0.076923 , 0.948718 , -2.874601
0.076923 , 0.974359 , -2.874175
0.076923 , 1.000000 , -2.874264
0.102564 , 0.000000 , -2.701789
0.102564 , 0.025641 , -2.700947
0.102564 , 0.051282 , -2.699012
0.102564 , 0.076923 , -2.696775
0.102564 , 0.102564 , -2.694517
0.102564 , 0.128205 , -2.692819
0.102564 , 0.153846 , -2.692528
0.102564 , 0.179487 , -2.693312
0.102564 , 0.205128 , -2.695208
0.102564 , 0.230769 , -2.697801
0.102564 , 0.256410 , -2.701414
0.102564 , 0.282051 , -2.705977
0.102564 , 0.307692 , -2.712121
0.102564 , 0.333333 , -2.717933
0.102564 , 0.358974 , -2.723337
0.102564 , 0.384615 , -2.730187
0.102564 , 0.410256 , -2.736716
0.102564 , 0.435897 , -2.744353
0.102564 , 0.461538 , -2.752779
0.102564 , 0.487179 , -2.761256
0.102564 , 0.512821 , -2.769178
0.102564 , 0.538462 , -2.777859
0.102564 , 0.564103 , -2.786173
0.102564 , 0.589744 , -2.793780
0.102564 , 0.615385 , -2.801162
0.102564 , 0.641026 , -2.807394
0.102564 , 0.666667 , -2.813971
0.102564 , 0.692308 , -2.819299
0.102564 , 0.717949 , -2.824683
0.102564 , 0.743590 , -2.829109
0.102564 , 0.769231 , -2.833439
0.102564 , 0.794872 , -2.836396
0.102564 , 0.820513 , -2.837783
0.102564 , 0.846154 , -2.838776
0.102564 , 0.871795 , -2.839276
0.102564 , 0.897436 , -2.839920
0.102564 , 0.923077 , -2.840884
0.102564 , 0.948718 , -2.841004
0.102564 , 0.974359 , -2.841476
0.102564 , 1.000000 , -2.841915
0.128205 , 0.000000 , -2.634735
0.128205 , 0.025641 , -2.634063
0.128205 , 0.051282 , -2.631914
0.128205 , 0.076923 , -2.629454
0.128205 , 0.102564 , -2.626786
0.128205 , 0.128205 , -2.624234
0.128205 , 0.153846 , -2.623161
0.128205 , 0.179487 , -2.623356
0.128205 , 0.205128 , -2.624719
0.128205 , 0.230769 , -2.627371
0.128205 , 0.256410 , -2.631104
0.128205 , 0.282051 , -2.636146
0.128205 , 0.307692 , -2.642439
0.128205 , 0.333333 , -2.649679
0.128205 , 0.358974 , -2.656968
0.128205 , 0.384615 , -2.665174
0.128205 , 0.410256 , -2.673845
0.128205 , 0.435897 , -2.683643
0.128205 , 0.461538 , -2.694214
0.128205 , 0.487179 , -2.704742
0.128205 , 0.512821 , -2.713989
0.128205 , 0.538462 , -2.723823
0.128205 , 0.564103 , -2.733027
0.128205 , 0.589744 , -2.742347
0.128205 , 0.615385 , -2.751806
0.128205 , 0.641026 , -2.759710
0.128205 , 0.666667 , -2.767412
0.128205 , 0.692308 , -2.773939
0.128205 , 0.717949 , -2.780384
0.128205 , 0.743590 , -2.786147
0.128205 , 0.769231 , -2.791087
0.128205 , 0.794872 , -2.794821
0.128205 , 0.820513 , -2.796456
0.128205 , 0.846154 , -2.796604
0.128205 , 0.871795 , -2.798130
0.128205 , 0.897436 , -2.799482
0.128205 , 0.923077 , -2.800630
0.128205 , 0.948718 , -2.801050
0.128205 , 0.974359 , -2.801168
0.128205 , 1.000000 , -2.801817
0.153846 , 0.000000 , -2.564031
0.153846 , 0.025641 , -2.563580
0.153846 , 0.051282 , -2.561765
0.153846 , 0.076923 , -2.558846
0.153846 , 0.102564 , -2.555631
0.153846 , 0.128205 , -2.552646
0.153846 , 0.153846 , -2.550987
0.153846 , 0.179487 , -2.550549
0.153846 , 0.205128 , -2.551787
0.153846 , 0.230769 , -2.554367
0.153846 , 0.256410 , -2.558371
0.153846 , 0.282051 , -2.563130
0.153846 , 0.307692 , -2.569074
0.153846 , 0.333333 , -2.576721
0.153846 , 0.358974 , -2.585481
0.153846 , 0.384615 , -2.594946
0.153846 , 0.410256 , -2.605716
0.153846 , 0.435897 , -2.617995
0.153846 , 0.461538 , -2.630145
0.153846 , 0.487179 , -2.642363
0.153846 , 0.512821 , -2.653384
0.153846 , 0.538462 , -2.664737
0.153846 , 0.564103 , -2.675407
0.153846 , 0.589744 , -2.685447
0.153846 , 0.615385 , -2.695605
0.153846 , 0.641026 , -2.704799
0.153846 , 0.666667 , -2.713402
0.153846 , 0.692308 , -2.721657
0.153846 , 0.717949 , -2.728907
0.153846 , 0.743590 , -2.735465
0.153846 , 0.769231 , -2.741606
0.153846 , 0.794872 , -2.745519
0.153846 , 0.820513 , -2.747770
0.153846 , 0.846154 , -2.748833
0.153846 , 0.871795 , -2.750408
0.153846 , 0.897436 , -2.751944
0.153846 , 0.923077 , -2.752190
0.153846 , 0.948718 , -2.752546
0.153846 , 0.974359 , -2.752820
0.153846 , 1.000000 , -2.753364
0.179487 , 0.000000 , -2.490186
0.179487 , 0.025641 , -2.490267
0.179487 , 0.051282 , -2.488306
0.179487 , 0.076923 , -2.485177
0.179487 , 0.102564 , -2.481761
0.179487 , 0.128205 , -2.478887
0.179487 , 0.153846 , -2.476910
0.179487 , 0.179487 , -2.476344
0.179487 , 0.205128 , -2.477388
0.179487 , 0.230769 , -2.479938
0.179487 , 0.256410 , -2.484058
0.179487 , 0.282051 , -2.488329
0.179487 , 0.307692 , -2.494163
0.179487 , 0.333333 , -2.502106
0.179487 , 0.358974 , -2.511808
0.179487 , 0.384615 , -2.522357
0.179487 , 0.410256 , -2.534380
0.179487 , 0.435897 , -2.548007
0.179487 , 0.461538 , -2.561313
0.179487 , 0.487179 , -2.574760
0.179487 , 0.512821 , -2.588022
0.179487 , 0.538462 , -2.600391
0.179487 , 0.564103 , -2.612361
0.179487 , 0.589744 , -2.623418
0.179487 , 0.615385 , -2.633970
0.179487 , 0.641026 , -2.643355
0.179487 , 0.666667 , -2.653026
0.179487 , 0.692308 , -2.661851
0.179487 , 0.717949 , -2.669853
0.179487 , 0.743590 , -2.677205
0.179487 , 0.769231 , -2.683943
0.179487 , 0.794872 , -2.688951
0.179487 , 0.820513 , -2.692118
0.179487 , 0.846154 , -2.694323
0.179487 , 0.871795 , -2.696247
0.179487 , 0.897436 , -2.696919
0.179487 , 0.923077 , -2.696409
0.179487 , 0.948718 , -2.696363
0.179487 , 0.974359 , -2.696432
0.179487 , 1.000000 , -2.696942
0.205128 , 0.000000 , -2.413347
0.205128 , 0.025641 , -2.413413
0.205128 , 0.051282 , -2.411987
0.205128 , 0.076923 , -2.409116
0.205128 , 0.102564 , -2.406444
0.205128 , 0.128205 , -2.404155
0.205128 , 0.153846 , -2.401801
0.205128 , 0.179487 , -2.400864
0.205128 , 0.205128 , -2.401976
0.205128 , 0.230769 , -2.404204
0.205128 , 0.256410 , -2.407513
0.205128 , 0.282051 , -2.411687
0.205128 , 0.307692 , -2.418157
0.205128 , 0.333333 , -2.426198
0.205128 , 0.358974 , -2.436217
0.205128 , 0.384615 , -2.447257
0.205128 , 0.410256 , -2.460208
0.205128 , 0.435897 , -2.474848
0.205128 , 0.461538 , -2.488157
0.205128 , 0.487179 , -2.502171
0.205128 , 0.512821 , -2.517024
0.205128 , 0.538462 , -2.531070
0.205128 , 0.564103 , -2.544232
0.205128 , 0.589744 , -2.556308
0.205128 , 0.615385 , -2.568022
0.205128 , 0.641026 , -2.578578
0.205128 , 0.666667 , -2.588017
0.205128 , 0.692308 , -2.596907
0.205128 , 0.717949 , -2.605606
0.205128 , 0.743590 , -2.613615
0.205128 , 0.769231 , -2.620349
0.205128 , 0.794872 , -2.626192
0.205128 , 0.820513 , -2.631364
0.205128 , 0.846154 , -2.634661
0.205128 , 0.871795 , -2.636447
0.205128 , 0.897436 , -2.636543
0.205128 , 0.923077 , -2.634907
0.205128 , 0.948718 , -2.634495
0.205128 , 0.974359 , -2.633843
0.205128 , 1.000000 , -2.633810
0.230769 , 0.000000 , -2.336742
0.230769 , 0.025641 , -2.336168
0.230769 , 0.051282 , -2.334551
0.230769 , 0.076923 , -2.332512
0.230769 , 0.102564 , -2.330091
0.230769 , 0.128205 , -2.328275
0.230769 , 0.153846 , -2.326647
0.230769 , 0.179487 , -2.325126
0.230769 , 0.205128 , -2.325366
0.230769 , 0.230769 , -2.327411
0.230769 , 0.256410 , -2.330033
0.230769 , 0.282051 , -2.334587
0.230769 , 0.307692 , -2.341898
0.230769 , 0.333333 , -2.349902
0.230769 , 0.358974 , -2.359709
0.230769 , 0.384615 , -2.370602
0.230769 , 0.410256 , -2.383083
0.230769 , 0.435897 , -2.397512
0.230769 , 0.461538 , -2.411802
0.230769 , 0.487179 , -2.426835
0.230769 , 0.512821 , -2.442648
0.230769 , 0.538462 , -2.457666
0.230769 , 0.564103 , -2.471529
0.230769 , 0.589744 , -2.484574
0.230769 , 0.615385 , -2.497091
0.230769 , 0.641026 , -2.508328
0.230769 , 0.666667 , -2.518016
0.230769 , 0.692308 , -2.526721
0.230769 , 0.717949 , -2.535536
0.230769 , 0.743590 , -2.544095
0.230769 , 0.769231 , -2.551900
0.230769 , 0.794872 , -2.558964
0.230769 , 0.820513 , -2.564296
0.230769 , 0.846154 , -2.568128
0.230769 , 0.871795 , -2.570488
0.230769 , 0.897436 , -2.570338
0.230769 , 0.923077 , -2.568125
0.230769 , 0.948718 , -2.566678
0.230769 , 0.974359 , -2.566027
0.230769 , 1.000000 , -2.566041
0.256410 , 0.000000 , -2.260260
0.256410 , 0.025641 , -2.259930
0.256410 , 0.051282 , -2.257985
0.256410 , 0.076923 , -2.255954
0.256410 , 0.102564 , -2.253317
0.256410 , 0.128205 , -2.251388
0.256410 , 0.153846 , -2.249908
0.256410 , 0.179487 , -2.248955
0.256410 , 0.205128 , -2.248711
0.256410 , 0.230769 , -2.250117
0.256410 , 0.256410 , -2.252678
0.256410 , 0.282051 , -2.257679
0.256410 , 0.307692 , -2.265191
0.256410 , 0.333333 , -2.273791
0.256410 , 0.358974 , -2.282933
0.256410 , 0.384615 , -2.293672
0.256410 , 0.410256 , -2.306312
0.256410 , 0.435897 , -2.320098
0.256410 , 0.461538 , -2.334407
0.256410 , 0.487179 , -2.350006
0.256410 , 0.512821 , -2.366381
0.256410 , 0.538462 , -2.381669
0.256410 , 0.564103 , -2.396053
0.256410 , 0.589744 , -2.409601
0.256410 , 0.615385 , -2.422758
0.256410 , 0.641026 , -2.434041
0.256410 , 0.666667 , -2.444105
0.256410 , 0.692308 , -2.453235
0.256410 , 0.717949 , -2.462135
0.256410 , 0.743590 , -2.470596
0.256410 , 0.769231 , -2.477886
0.256410 , 0.794872 , -2.484967
0.256410 , 0.820513 , -2.490988
0.256410 , 0.846154 , -2.495962
0.256410 , 0.871795 , -2.498769
0.256410 , 0.897436 , -2.498594
0.256410 , 0.923077 , -2.497378
0.256410 , 0.948718 , -2.495797
0.256410 , 0.974359 , -2.494699
0.256410 , 1.000000 , -2.494553
0.282051 , 0.000000 , -2.183162
0.282051 , 0.025641 , -2.183051
0.282051 , 0.051282 , -2.181054
0.282051 , 0.076923 , -2.179459
0.282051 , 0.102564 , -2.177060
0.282051 , 0.128205 , -2.174804
0.282051 , 0.153846 , -2.173559
0.282051 , 0.179487 , -2.172801
0.282051 , 0.205128 , -2.172955
0.282051 , 0.230769 , -2.174160
0.282051 , 0.256410 , -2.176942
0.282051 , 0.282051 , -2.181709
0.282051 , 0.307692 , -2.188781
0.282051 , 0.333333 , -2.197692
0.282051 , 0.358974 , -2.207251
0.282051 , 0.384615 , -2.217204
0.282051 , 0.410256 , -2.229508
0.282051 , 0.435897 , -2.242728
0.282051 , 0.461538 , -2.256931
0.282051 , 0.487179 , -2.272096
0.282051 , 0.512821 , -2.288088
0.282051 , 0.538462 , -2.303150
0.282051 , 0.564103 , -2.317625
0.282051 , 0.589744 , -2.331430
0.282051 , 0.615385 , -2.344334
0.282051 , 0.641026 , -2.355429
0.282051 , 0.666667 , -2.366831
0.282051 , 0.692308 , -2.376955
0.282051 , 0.717949 , -2.385333
0.282051 , 0.743590 , -2.393540
0.282051 , 0.769231 , -2.400872
0.282051 , 0.794872 , -2.407554
0.282051 , 0.820513 , -2.413431
0.282051 , 0.846154 , -2.418160
0.282051 , 0.871795 , -2.421694
0.282051 , 0.897436 , -2.422309
0.282051 , 0.923077 , -2.421644
0.282051 , 0.948718 , -2.420344
0.282051 , 0.974359 , -2.419408
0.282051 , 1.000000 , -2.419613
0.307692 , 0.000000 , -2.106621
0.307692 , 0.025641 , -2.106344
0.307692 , 0.051282 , -2.104939
0.307692 , 0.076923 , -2.103162
0.307692 , 0.102564 , -2.101547
0.307692 , 0.128205 , -2.099860
0.307692 , 0.153846 , -2.098880
0.307692 , 0.179487 , -2.098642
0.307692 , 0.205128 , -2.099546
0.307692 , 0.230769 , -2.101211
0.307692 , 0.256410 , -2.103167
0.307692 , 0.282051 , -2.107408
0.307692 , 0.307692 , -2.114110
0.307692 , 0.333333 , -2.122354
0.307692 , 0.358974 , -2.131957
0.307692 , 0.384615 , -2.141913
0.307692 , 0.410256 , -2.153716
0.307692 , 0.435897 , -2.165825
0.307692 , 0.461538 , -2.179121
0.307692 , 0.487179 , -2.193489
0.307692 , 0.512821 , -2.208576
0.307692 , 0.538462 , -2.223059
0.307692 , 0.564103 , -2.236982
0.307692 , 0.589744 , -2.250368
0.307692 , 0.615385 , -2.263001
0.307692 , 0.641026 , -2.274417
0.307692 , 0.666667 , -2.285968
0.307692 , 0.692308 , -2.297040
0.307692 , 0.717949 , -2.305596
0.307692 , 0.743590 , -2.313373
0.307692 , 0.769231 , -2.320685
0.307692 , 0.794872 , -2.327262
0.307692 , 0.820513 , -2.332762
0.307692 , 0.846154 , -2.337592
0.307692 , 0.871795 , -2.340391
0.307692 , 0.897436 , -2.341770
0.307692 , 0.923077 , -2.342080
0.307692 , 0.948718 , -2.340965
0.307692 , 0.974359 , -2.340582
0.307692 , 1.000000 , -2.341408
0.333333 , 0.000000 , -2.031786
0.333333 , 0.025641 , -2.031247
0.333333 , 0.051282 , -2.029950
0.333333 , 0.076923 , -2.028732
0.333333 , 0.102564 , -2.027611
0.333333 , 0.128205 , -2.026328
0.333333 , 0.153846 , -2.026160
0.333333 , 0.179487 , -2.026291
0.333333 , 0.205128 , -2.027575
0.333333 , 0.230769 , -2.029983
0.333333 , 0.256410 , -2.032124
0.333333 , 0.282051 , -2.035464
0.333333 , 0.307692 , -2.041439
0.333333 , 0.333333 , -2.049087
0.333333 , 0.358974 , -2.057702
0.333333 , 0.384615 , -2.066992
0.333333 , 0.410256 , -2.077885
0.333333 , 0.435897 , -2.089226
0.333333 , 0.461538 , -2.101440
0.333333 , 0.487179 , -2.114998
0.333333 , 0.512821 , -2.128871
0.333333 , 0.538462 , -2.142430
0.333333 , 0.564103 , -2.155750
0.333333 , 0.589744 , -2.168648
0.333333 , 0.615385 , -2.180303
0.333333 , 0.641026 , -2.191666
0.333333 , 0.666667 , -2.202996
0.333333 , 0.692308 , -2.213557
0.333333 , 0.717949 , -2.222583
0.333333 , 0.743590 , -2.230002
0.333333 , 0.769231 , -2.237152
0.333333 , 0.794872 , -2.243697
0.333333 , 0.820513 , -2.248746
0.333333 , 0.846154 , -2.252897
0.333333 , 0.871795 , -2.256562
0.333333 , 0.897436 , -2.258221
0.333333 , 0.923077 , -2.259275
0.333333 , 0.948718 , -2.259262
0.333333 , 0.974359 , -2.259693
0.333333 , 1.000000 , -2.260706
0.358974 , 0.000000 , -1.958025
0.358974 , 0.025641 , -1.957961
0.358974 , 0.051282 , -1.956842
0.358974 , 0.076923 , -1.956270
0.358974 , 0.102564 , -1.956215
0.358974 , 0.128205 , -1.955736
0.358974 , 0.153846 , -1.955223
0.358974 , 0.179487 , -1.955992
0.358974 , 0.205128 , -1.957315
0.358974 , 0.230769 , -1.960123
0.358974 , 0.256410 , -1.962728
0.358974 , 0.282051 , -1.965286
0.358974 , 0.307692 , -1.970320
0.358974 , 0.333333 , -1.977641
0.358974 , 0.358974 , -1.985563
0.358974 , 0.384615 , -1.993847
0.358974 , 0.410256 , -2.003084
0.358974 , 0.435897 , -2.012966
0.358974 , 0.461538 , -2.023953
0.358974 , 0.487179 , -2.036520
0.358974 , 0.512821 , -2.049196
0.358974 , 0.538462 , -2.061626
0.358974 , 0.564103 , -2.073772
0.358974 , 0.589744 , -2.085468
0.358974 , 0.615385 , -2.096967
0.358974 , 0.641026 , -2.107603
0.358974 , 0.666667 , -2.117850
0.358974 , 0.692308 , -2.127840
0.358974 , 0.717949 , -2.137165
0.358974 , 0.743590 , -2.144475
0.358974 , 0.769231 , -2.151081
0.358974 , 0.794872 , -2.157765
0.358974 , 0.820513 , -2.162986
0.358974 , 0.846154 , -2.167219
0.358974 , 0.871795 , -2.170404
0.358974 , 0.897436 , -2.173014
0.358974 , 0.923077 , -2.174409
0.358974 , 0.948718 , -2.175217
0.358974 , 0.974359 , -2.176651
0.358974 , 1.000000 , -2.177416
0.384615 , 0.000000 , -1.885920
0.384615 , 0.025641 , -1.886124
0.384615 , 0.051282 , -1.885992
0.384615 , 0.076923 , -1.885926
0.384615 , 0.102564 , -1.886439
0.384615 , 0.128205 , -1.886853
0.384615 , 0.153846 , -1.887115
0.384615 , 0.179487 , -1.887956
0.384615 , 0.205128 , -1.889715
0.384615 , 0.230769 , -1.892141
0.384615 , 0.256410 , -1.894655
0.384615 , 0.282051 , -1.897609
0.384615 , 0.307692 , -1.901673
0.384615 , 0.333333 , -1.907794
0.384615 , 0.358974 , -1.915266
0.384615 , 0.384615 , -1.922677
0.384615 , 0.410256 , -1.930177
0.384615 , 0.435897 , -1.938688
0.384615 , 0.461538 , -1.948187
0.384615 , 0.487179 , -1.959050
0.384615 , 0.512821 , -1.969990
0.384615 , 0.538462 , -1.980820
0.384615 , 0.564103 , -1.991849
0.384615 , 0.589744 , -2.002694
0.384615 , 0.615385 , -2.012622
0.384615 , 0.641026 , -2.022812
0.384615 , 0.666667 , -2.031747
0.384615 , 0.692308 , -2.040805
0.384615 , 0.717949 , -2.049072
0.384615 , 0.743590 , -2.056527
0.384615 , 0.769231 , -2.062881
0.384615 , 0.794872 , -2.069483
0.384615 , 0.820513 , -2.075116
0.384615 , 0.846154 , -2.079829
0.384615 , 0.871795 , -2.083261
0.384615 , 0.897436 , -2.085799
0.384615 , 0.923077 , -2.087949
0.384615 , 0.948718 , -2.089051
0.384615 , 0.974359 , -2.090440
0.384615 , 1.000000 , -2.091215
0.410256 , 0.000000 , -1.817580
0.410256 , 0.025641 , -1.817487
0.410256 , 0.051282 , -1.817876
0.410256 , 0.076923 , -1.818775
0.410256 , 0.102564 , -1.819400
0.410256 , 0.128205 , -1.820401
0.410256 , 0.153846 , -1.821542
0.410256 , 0.179487 , -1.822553
0.410256 , 0.205128 , -1.824544
0.410256 , 0.230769 , -1.827273
0.410256 , 0.256410 , -1.829953
0.410256 , 0.282051 , -1.832344
0.410256 , 0.307692 , -1.835713
0.410256 , 0.333333 , -1.840762
0.410256 , 0.358974 , -1.847014
0.410256 , 0.384615 , -1.853132
0.410256 , 0.410256 , -1.859212
0.410256 , 0.435897 , -1.866505
0.410256 , 0.461538 , -1.874364
0.410256 , 0.487179 , -1.883070
0.410256 , 0.512821 , -1.892222
0.410256 , 0.538462 , -1.901733
0.410256 , 0.564103 , -1.911019
0.410256 , 0.589744 , -1.920791
0.410256 , 0.615385 , -1.928919
0.410256 , 0.641026 , -1.937806
0.410256 , 0.666667 , -1.946233
0.410256 , 0.692308 , -1.954009
0.410256 , 0.717949 , -1.961158
0.410256 , 0.743590 , -1.968147
0.410256 , 0.769231 , -1.974248
0.410256 , 0.794872 , -1.980367
0.410256 , 0.820513 , -1.986171
0.410256 , 0.846154 , -1.991605
0.410256 , 0.871795 , -1.995610
0.410256 , 0.897436 , -1.997888
0.410256 , 0.923077 , -1.999571
0.410256 , 0.948718 , -2.000931
0.410256 , 0.974359 , -2.002472
0.410256 , 1.000000 , -2.003338
0.435897 , 0.000000 , -1.752082
0.435897 , 0.025641 , -1.752241
0.435897 , 0.051282 , -1.752399
0.435897 , 0.076923 , -1.753322
0.435897 , 0.102564 , -1.754442
0.435897 , 0.128205 , -1.756457
0.435897 , 0.153846 , -1.757952
0.435897 , 0.179487 , -1.759048
0.435897 , 0.205128 , -1.761954
0.435897 , 0.230769 , -1.764785
0.435897 , 0.256410 , -1.767032
0.435897 , 0.282051 , -1.768936
0.435897 , 0.307692 , -1.771670
0.435897 , 0.333333 , -1.775559
0.435897 , 0.358974 , -1.780379
0.435897 , 0.384615 , -1.785004
0.435897 , 0.410256 , -1.789791
0.435897 , 0.435897 , -1.795464
0.435897 , 0.461538 , -1.802131
0.435897 , 0.487179 , -1.809170
0.435897 , 0.512821 , -1.816083
0.435897 , 0.538462 , -1.823283
0.435897 , 0.564103 , -1.830893
0.435897 , 0.589744 , -1.839016
0.435897 , 0.615385 , -1.846118
0.435897 , 0.641026 , -1.853212
0.435897 , 0.666667 , -1.860670
0.435897 , 0.692308 , -1.867658
0.435897 , 0.717949 , -1.873578
0.435897 , 0.743590 , -1.879088
0.435897 , 0.769231 , -1.884684
0.435897 , 0.794872 , -1.890465
0.435897 , 0.820513 , -1.896174
0.435897 , 0.846154 , -1.901230
0.435897 , 0.871795 , -1.905525
0.435897 , 0.897436 , -1.908743
0.435897 , 0.923077 , -1.911074
0.435897 , 0.948718 , -1.912593
0.435897 , 0.974359 , -1.913865
0.435897 , 1.000000 , -1.914501
0.461538 , 0.000000 , -1.688897
0.461538 , 0.025641 , -1.689020
0.461538 , 0.051282 , -1.688961
0.461538 , 0.076923 , -1.689563
0.461538 , 0.102564 , -1.691243
0.461538 , 0.128205 , -1.693960
0.461538 , 0.153846 , -1.695964
0.461538 , 0.179487 , -1.697182
0.461538 , 0.205128 , -1.699937
0.461538 , 0.230769 , -1.703369
0.461538 , 0.256410 , -1.705200
0.461538 , 0.282051 , -1.707323
0.461538 , 0.307692 , -1.710060
0.461538 , 0.333333 , -1.712190
0.461538 , 0.358974 , -1.715190
0.461538 , 0.384615 , -1.718955
0.461538 , 0.410256 , -1.722925
0.461538 , 0.435897 , -1.727072
0.461538 , 0.461538 , -1.731630
0.461538 , 0.487179 , -1.736579
0.461538 , 0.512821 , -1.741762
0.461538 , 0.538462 , -1.746976
0.461538 , 0.564103 , -1.752026
0.461538 , 0.589744 , -1.758166
0.461538 , 0.615385 , -1.764266
0.461538 , 0.641026 , -1.770074
0.461538 , 0.666667 , -1.776000
0.461538 , 0.692308 , -1.782130
0.461538 , 0.717949 , -1.787035
0.461538 , 0.743590 , -1.791879
0.461538 , 0.769231 , -1.796121
0.461538 , 0.794872 , -1.800363
0.461538 , 0.820513 , -1.806043
0.461538 , 0.846154 , -1.811309
0.461538 , 0.871795 , -1.815582
0.461538 , 0.897436 , -1.819086
0.461538 , 0.923077 , -1.821574
0.461538 , 0.948718 , -1.823203
0.461538 , 0.974359 , -1.824316
0.461538 , 1.000000 , -1.824732
0.487179 , 0.000000 , -1.627746
0.487179 , 0.025641 , -1.627820
0.487179 , 0.051282 , -1.628215
0.487179 , 0.076923 , -1.628743
0.487179 , 0.102564 , -1.630409
0.487179 , 0.128205 , -1.633104
0.487179 , 0.153846 , -1.635236
0.487179 , 0.179487 , -1.637267
0.487179 , 0.205128 , -1.640386
0.487179 , 0.230769 , -1.644178
0.487179 , 0.256410 , -1.646374
0.487179 , 0.282051 , -1.648171
0.487179 , 0.307692 , -1.650013
0.487179 , 0.333333 , -1.651227
0.487179 , 0.358974 , -1.652881
0.487179 , 0.384615 , -1.655148
0.487179 , 0.410256 , -1.657953
0.487179 , 0.435897 , -1.660574
0.487179 , 0.461538 , -1.662852
0.487179 , 0.487179 , -1.665590
0.487179 , 0.512821 , -1.668769
0.487179 , 0.538462 , -1.671813
0.487179 , 0.564103 , -1.674953
0.487179 , 0.589744 , -1.679305
0.487179 , 0.615385 , -1.683907
0.487179 , 0.641026 , -1.688479
0.487179 , 0.666667 , -1.692804
0.487179 , 0.692308 , -1.697501
0.487179 , 0.717949 , -1.701457
0.487179 , 0.743590 , -1.705603
0.487179 , 0.769231 , -1.709590
0.487179 , 0.794872 , -1.712973
0.487179 , 0.820513 , -1.717497
0.487179 , 0.846154 , -1.722645
0.487179 , 0.871795 , -1.726653
0.487179 , 0.897436 , -1.730062
0.487179 , 0.923077 , -1.732485
0.487179 , 0.948718 , -1.733780
0.487179 , 0.974359 , -1.734665
0.487179 , 1.000000 , -1.734609
0.512821 , 0.000000 , -1.568412
0.512821 , 0.025641 , -1.569007
0.512821 , 0.051282 , -1.569957
0.512821 , 0.076923 , -1.570991
0.512821 , 0.102564 , -1.572648
0.512821 , 0.128205 , -1.575235
0.512821 , 0.153846 , -1.577905
0.512821 , 0.179487 , -1.580824
0.512821 , 0.205128 , -1.583713
0.512821 , 0.230769 , -1.587335
0.512821 , 0.256410 , -1.590113
0.512821 , 0.282051 , -1.591406
0.512821 , 0.307692 , -1.592222
0.512821 , 0.333333 , -1.592618
0.512821 , 0.358974 , -1.593243
0.512821 , 0.384615 , -1.594010
0.512821 , 0.410256 , -1.594802
0.512821 , 0.435897 , -1.595865
0.512821 , 0.461538 , -1.596758
0.512821 , 0.487179 , -1.597456
0.512821 , 0.512821 , -1.598459
0.512821 , 0.538462 , -1.599335
0.512821 , 0.564103 , -1.600469
0.512821 , 0.589744 , -1.602736
0.512821 , 0.615385 , -1.605472
0.512821 , 0.641026 , -1.608532
0.512821 , 0.666667 , -1.611462
0.512821 , 0.692308 , -1.614717
0.512821 , 0.717949 , -1.617814
0.512821 , 0.743590 , -1.620836
0.512821 , 0.769231 , -1.624107
0.512821 , 0.794872 , -1.627326
0.512821 , 0.820513 , -1.631620
0.512821 , 0.846154 , -1.635923
0.512821 , 0.871795 , -1.639108
0.512821 , 0.897436 , -1.641947
0.512821 , 0.923077 , -1.644672
0.512821 , 0.948718 , -1.646437
0.512821 , 0.974359 , -1.646686
0.512821 , 1.000000 , -1.646281
0.538462 , 0.000000 , -1.511853
0.538462 , 0.025641 , -1.512703
0.538462 , 0.051282 , -1.514187
0.538462 , 0.076923 , -1.515628
0.538462 , 0.102564 , -1.517468
0.538462 , 0.128205 , -1.520309
0.538462 , 0.153846 , -1.524296
0.538462 , 0.179487 , -1.527495
0.538462 , 0.205128 , -1.530545
0.538462 , 0.230769 , -1.532972
0.538462 , 0.256410 , -1.535776
0.538462 , 0.282051 , -1.536798
0.538462 , 0.307692 , -1.537084
0.538462 , 0.333333 , -1.536599
0.538462 , 0.358974 , -1.535866
0.538462 , 0.384615 , -1.535321
0.538462 , 0.410256 , -1.534567
0.538462 , 0.435897 , -1.533802
0.538462 , 0.461538 , -1.532673
0.538462 , 0.487179 , -1.531953
0.538462 , 0.512821 , -1.530915
0.538462 , 0.538462 , -1.529712
0.538462 , 0.564103 , -1.528847
0.538462 , 0.589744 , -1.529478
0.538462 , 0.615385 , -1.530031
0.538462 , 0.641026 , -1.530706
0.538462 , 0.666667 , -1.532162
0.538462 , 0.692308 , -1.534350
0.538462 , 0.717949 , -1.536057
0.538462 , 0.743590 , -1.538023
0.538462 , 0.769231 , -1.540227
0.538462 , 0.794872 , -1.542461
0.538462 , 0.820513 , -1.545902
0.538462 , 0.846154 , -1.549718
0.538462 , 0.871795 , -1.552975
0.538462 , 0.897436 , -1.555907
0.538462 , 0.923077 , -1.558477
0.538462 , 0.948718 , -1.560847
0.538462 , 0.974359 , -1.561048
0.538462 , 1.000000 , -1.561279
0.564103 , 0.000000 , -1.458954
0.564103 , 0.025641 , -1.459411
0.564103 , 0.051282 , -1.460557
0.564103 , 0.076923 , -1.462367
0.564103 , 0.102564 , -1.464691
0.564103 , 0.128205 , -1.467786
0.564103 , 0.153846 , -1.472167
0.564103 , 0.179487 , -1.475936
0.564103 , 0.205128 , -1.479001
0.564103 , 0.230769 , -1.481008
0.564103 , 0.256410 , -1.483457
0.564103 , 0.282051 , -1.484206
0.564103 , 0.307692 , -1.484411
0.564103 , 0.333333 , -1.483170
0.564103 , 0.358974 , -1.481127
0.564103 , 0.384615 , -1.478979
0.564103 , 0.410256 , -1.476891
0.564103 , 0.435897 , -1.474557
0.564103 , 0.461538 , -1.471979
0.564103 , 0.487179 , -1.469188
0.564103 , 0.512821 , -1.466572
0.564103 , 0.538462 , -1.463487
0.564103 , 0.564103 , -1.460614
0.564103 , 0.589744 , -1.458839
0.564103 , 0.615385 , -1.457523
0.564103 , 0.641026 , -1.456317
0.564103 , 0.666667 , -1.455537
0.564103 , 0.692308 , -1.456683
0.564103 , 0.717949 , -1.457007
0.564103 , 0.743590 , -1.457000
0.564103 , 0.769231 , -1.458198
0.564103 , 0.794872 , -1.459688
0.564103 , 0.820513 , -1.461846
0.564103 , 0.846154 , -1.465205
0.564103 , 0.871795 , -1.467984
0.564103 , 0.897436 , -1.471148
0.564103 , 0.923077 , -1.473806
0.564103 , 0.948718 , -1.476334
0.564103 , 0.974359 , -1.477712
0.564103 , 1.000000 , -1.478431
0.589744 , 0.000000 , -1.408129
0.589744 , 0.025641 , -1.408192
0.589744 , 0.051282 , -1.409284
0.589744 , 0.076923 , -1.411762
0.589744 , 0.102564 , -1.414422
0.589744 , 0.128205 , -1.418103
0.589744 , 0.153846 , -1.422197
0.589744 , 0.179487 , -1.425979
0.589744 , 0.205128 , -1.429022
0.589744 , 0.230769 , -1.431330
0.589744 , 0.256410 , -1.433018
0.589744 , 0.282051 , -1.433989
0.589744 , 0.307692 , -1.433625
0.589744 , 0.333333 , -1.431659
0.589744 , 0.358974 , -1.428716
0.589744 , 0.384615 , -1.425229
0.589744 , 0.410256 , -1.422104
0.589744 , 0.435897 , -1.418093
0.589744 , 0.461538 , -1.413938
0.589744 , 0.487179 , -1.409747
0.589744 , 0.512821 , -1.405179
0.589744 , 0.538462 , -1.400488
0.589744 , 0.564103 , -1.395492
0.589744 , 0.589744 , -1.391835
0.589744 , 0.615385 , -1.388828
0.589744 , 0.641026 , -1.386204
0.589744 , 0.666667 , -1.383092
0.589744 , 0.692308 , -1.381387
0.589744 , 0.717949 , -1.380685
0.589744 , 0.743590 , -1.379227
0.589744 , 0.769231 , -1.378340
0.589744 , 0.794872 , -1.379251
0.589744 , 0.820513 , -1.380500
0.589744 , 0.846154 , -1.382749
0.589744 , 0.871795 , -1.385479
0.589744 , 0.897436 , -1.388690
0.589744 , 0.923077 , -1.391321
0.589744 , 0.948718 , -1.394096
0.589744 , 0.974359 , -1.395941
0.589744 , 1.000000 , -1.396797
0.615385 , 0.000000 , -1.359638
0.615385 , 0.025641 , -1.359876
0.615385 , 0.051282 , -1.361373
0.615385 , 0.076923 , -1.364733
0.615385 , 0.102564 , -1.367786
0.615385 , 0.128205 , -1.371283
0.615385 , 0.153846 , -1.374972
0.615385 , 0.179487 , -1.378580
0.615385 , 0.205128 , -1.380860
0.615385 , 0.230769 , -1.383275
0.615385 , 0.256410 , -1.384849
0.615385 , 0.282051 , -1.385350
0.615385 , 0.307692 , -1.384400
0.615385 , 0.333333 , -1.381571
0.615385 , 0.358974 , -1.378136
0.615385 , 0.384615 , -1.373777
0.615385 , 0.410256 , -1.369525
0.615385 , 0.435897 , -1.364719
0.615385 , 0.461538 , -1.359176
0.615385 , 0.487179 , -1.353726
0.615385 , 0.512821 , -1.347306
0.615385 , 0.538462 , -1.340629
0.615385 , 0.564103 , -1.334582
0.615385 , 0.589744 , -1.328924
0.615385 , 0.615385 , -1.324450
0.615385 , 0.641026 , -1.319880
0.615385 , 0.666667 , -1.314859
0.615385 , 0.692308 , -1.310804
0.615385 , 0.717949 , -1.307896
0.615385 , 0.743590 , -1.305171
0.615385 , 0.769231 , -1.302760
0.615385 , 0.794872 , -1.302557
0.615385 , 0.820513 , -1.303040
0.615385 , 0.846154 , -1.304033
0.615385 , 0.871795 , -1.305807
0.615385 , 0.897436 , -1.308418
0.615385 , 0.923077 , -1.311079
0.615385 , 0.948718 , -1.314102
0.615385 , 0.974359 , -1.316569
0.615385 , 1.000000 , -1.317512
0.641026 , 0.000000 , -1.313934
0.641026 , 0.025641 , -1.314243
0.641026 , 0.051282 , -1.316460
0.641026 , 0.076923 , -1.320010
0.641026 , 0.102564 , -1.323504
0.641026 , 0.128205 , -1.326691
0.641026 , 0.153846 , -1.330022
0.641026 , 0.179487 , -1.333359
0.641026 , 0.205128 , -1.335614
0.641026 , 0.230769 , -1.336707
0.641026 , 0.256410 , -1.338598
0.641026 , 0.282051 , -1.338746
0.641026 , 0.307692 , -1.337433
0.641026 , 0.333333 , -1.334226
0.641026 , 0.358974 , -1.330529
0.641026 , 0.384615 , -1.325080
0.641026 , 0.410256 , -1.320046
0.641026 , 0.435897 , -1.314038
0.641026 , 0.461538 , -1.307497
0.641026 , 0.487179 , -1.301107
0.641026 , 0.512821 , -1.293177
0.641026 , 0.538462 , -1.284539
0.641026 , 0.564103 , -1.276977
0.641026 , 0.589744 , -1.269902
0.641026 , 0.615385 , -1.263887
0.641026 , 0.641026 , -1.256936
0.641026 , 0.666667 , -1.249811
0.641026 , 0.692308 , -1.243738
0.641026 , 0.717949 , -1.239181
0.641026 , 0.743590 , -1.234218
0.641026 , 0.769231 , -1.230723
0.641026 , 0.794872 , -1.229771
0.641026 , 0.820513 , -1.228707
0.641026 , 0.846154 , -1.229511
0.641026 , 0.871795 , -1.230526
0.641026 , 0.897436 , -1.232303
0.641026 , 0.923077 , -1.234480
0.641026 , 0.948718 , -1.237373
0.641026 , 0.974359 , -1.239635
0.641026 , 1.000000 , -1.241184
0.666667 , 0.000000 , -1.270143
0.666667 , 0.025641 , -1.270975
0.666667 , 0.051282 , -1.273318
0.666667 , 0.076923 , -1.276936
0.666667 , 0.102564 , -1.280203
0.666667 , 0.128205 , -1.283680
0.666667 , 0.153846 , -1.287113
0.666667 , 0.179487 , -1.290271
0.666667 , 0.205128 , -1.292426
0.666667 , 0.230769 , -1.292687
0.666667 , 0.256410 , -1.294001
0.666667 , 0.282051 , -1.294139
0.666667 , 0.307692 , -1.292387
0.666667 , 0.333333 , -1.289389
0.666667 , 0.358974 , -1.285640
0.666667 , 0.384615 , -1.280149
0.666667 , 0.410256 , -1.273660
0.666667 , 0.435897 , -1.266366
0.666667 , 0.461538 , -1.258668
0.666667 , 0.487179 , -1.251345
0.666667 , 0.512821 , -1.242430
0.666667 , 0.538462 , -1.232211
0.666667 , 0.564103 , -1.222789
0.666667 , 0.589744 , -1.214279
0.666667 , 0.615385 , -1.205468
0.666667 , 0.641026 , -1.197228
0.666667 , 0.666667 , -1.189049
0.666667 , 0.692308 , -1.181093
0.666667 , 0.717949 , -1.174369
0.666667 , 0.743590 , -1.167582
0.666667 , 0.769231 , -1.162715
0.666667 , 0.794872 , -1.160072
0.666667 , 0.820513 , -1.158560
0.666667 , 0.846154 , -1.158794
0.666667 , 0.871795 , -1.159533
0.666667 , 0.897436 , -1.160958
0.666667 , 0.923077 , -1.162715
0.666667 , 0.948718 , -1.164861
0.666667 , 0.974359 , -1.167549
0.666667 , 1.000000 , -1.169001
0.692308 , 0.000000 , -1.228700
0.692308 , 0.025641 , -1.229637
0.692308 , 0.051282 , -1.232182
0.692308 , 0.076923 , -1.235883
0.692308 , 0.102564 , -1.238452
0.692308 , 0.128205 , -1.242114
0.692308 , 0.153846 , -1.245736
0.692308 , 0.179487 , -1.249268
0.692308 , 0.205128 , -1.250869
0.692308 , 0.230769 , -1.250832
0.692308 , 0.256410 , -1.252079
0.692308 , 0.282051 , -1.252135
0.692308 , 0.307692 , -1.250120
0.692308 , 0.333333 , -1.246736
0.692308 , 0.358974 , -1.242687
0.692308 , 0.384615 , -1.237253
0.692308 , 0.410256 , -1.230227
0.692308 , 0.435897 , -1.222031
0.692308 , 0.461538 , -1.212972
0.692308 , 0.487179 , -1.204351
0.692308 , 0.512821 , -1.194299
0.692308 , 0.538462 , -1.183269
0.692308 , 0.564103 , -1.172139
0.692308 , 0.589744 , -1.161291
0.692308 , 0.615385 , -1.150503
0.692308 , 0.641026 , -1.140841
0.692308 , 0.666667 , -1.131819
0.692308 , 0.692308 , -1.122520
0.692308 , 0.717949 , -1.114481
0.692308 , 0.743590 , -1.106484
0.692308 , 0.769231 , -1.100864
0.692308 , 0.794872 , -1.096841
0.692308 , 0.820513 , -1.093658
0.692308 , 0.846154 , -1.092758
0.692308 , 0.871795 , -1.093676
0.692308 , 0.897436 , -1.094398
0.692308 , 0.923077 , -1.095507
0.692308 , 0.948718 , -1.097155
0.692308 , 0.974359 , -1.099876
0.692308 , 1.000000 , -1.101602
0.717949 , 0.000000 , -1.190845
0.717949 , 0.025641 , -1.191483
0.717949 , 0.051282 , -1.193849
0.717949 , 0.076923 , -1.197364
0.717949 , 0.102564 , -1.200101
0.717949 , 0.128205 , -1.203673
0.717949 , 0.153846 , -1.206964
0.717949 , 0.179487 , -1.210338
0.717949 , 0.205128 , -1.211556
0.717949 , 0.230769 , -1.212088
0.717949 , 0.256410 , -1.213703
0.717949 , 0.282051 , -1.213146
0.717949 , 0.307692 , -1.211024
0.717949 , 0.333333 , -1.207131
0.717949 , 0.358974 , -1.202328
0.717949 , 0.384615 , -1.196467
0.717949 , 0.410256 , -1.189304
0.717949 , 0.435897 , -1.180781
0.717949 , 0.461538 , -1.170742
0.717949 , 0.487179 , -1.160814
0.717949 , 0.512821 , -1.149457
0.717949 , 0.538462 , -1.137898
0.717949 , 0.564103 , -1.125821
0.717949 , 0.589744 , -1.112841
0.717949 , 0.615385 , -1.099946
0.717949 , 0.641026 , -1.089468
0.717949 , 0.666667 , -1.078565
0.717949 , 0.692308 , -1.067629
0.717949 , 0.717949 , -1.058689
0.717949 , 0.743590 , -1.050786
0.717949 , 0.769231 , -1.044424
0.717949 , 0.794872 , -1.039283
0.717949 , 0.820513 , -1.035865
0.717949 , 0.846154 , -1.033415
0.717949 , 0.871795 , -1.032988
0.717949 , 0.897436 , -1.032861
0.717949 , 0.923077 , -1.033392
0.717949 , 0.948718 , -1.033987
0.717949 , 0.974359 , -1.035695
0.717949 , 1.000000 , -1.037405
0.743590 , 0.000000 , -1.157347
0.743590 , 0.025641 , -1.158115
0.743590 , 0.051282 , -1.159910
0.743590 , 0.076923 , -1.162227
0.743590 , 0.102564 , -1.164957
0.743590 , 0.128205 , -1.168147
0.743590 , 0.153846 , -1.171742
0.743590 , 0.179487 , -1.174769
0.743590 , 0.205128 , -1.176125
0.743590 , 0.230769 , -1.176609
0.743590 , 0.256410 , -1.177050
0.743590 , 0.282051 , -1.176025
0.743590 , 0.307692 , -1.174635
0.743590 , 0.333333 , -1.171134
0.743590 , 0.358974 , -1.165632
0.743590 , 0.384615 , -1.159265
0.743590 , 0.410256 , -1.150913
0.743590 , 0.435897 , -1.141854
0.743590 , 0.461538 , -1.130744
0.743590 , 0.487179 , -1.119499
0.743590 , 0.512821 , -1.107758
0.743590 , 0.538462 , -1.095775
0.743590 , 0.564103 , -1.082930
0.743590 , 0.589744 , -1.069019
0.743590 , 0.615385 , -1.054785
0.743590 , 0.641026 , -1.042864
0.743590 , 0.666667 , -1.030744
0.743590 , 0.692308 , -1.018137
0.743590 , 0.717949 , -1.008107
0.743590 , 0.743590 , -0.999391
0.743590 , 0.769231 , -0.992213
0.743590 , 0.794872 , -0.986062
0.743590 , 0.820513 , -0.982634
0.743590 , 0.846154 , -0.979514
0.743590 , 0.871795 , -0.976883
0.743590 , 0.897436 , -0.976020
0.743590 , 0.923077 , -0.976350
0.743590 , 0.948718 , -0.975753
0.743590 , 0.974359 , -0.976398
0.743590 , 1.000000 , -0.976842
0.769231 , 0.000000 , -1.127318
0.769231 , 0.025641 , -1.127560
0.769231 , 0.051282 , -1.129139
0.769231 , 0.076923 , -1.130744
0.769231 , 0.102564 , -1.132886
0.769231 , 0.128205 , -1.136052
0.769231 , 0.153846 , -1.139327
0.769231 , 0.179487 , -1.141337
0.769231 , 0.205128 , -1.143219
0.769231 , 0.230769 , -1.144314
0.769231 , 0.256410 , -1.144197
0.769231 , 0.282051 , -1.143027
0.769231 , 0.307692 , -1.141366
0.769231 , 0.333333 , -1.137676
0.769231 , 0.358974 , -1.132010
0.769231 , 0.384615 , -1.124535
0.769231 , 0.410256 , -1.114883
0.769231 , 0.435897 , -1.104644
0.769231 , 0.461538 , -1.093664
0.769231 , 0.487179 , -1.081611
0.769231 , 0.512821 , -1.069502
0.769231 , 0.538462 , -1.056661
0.769231 , 0.564103 , -1.043144
0.769231 , 0.589744 , -1.028891
0.769231 , 0.615385 , -1.014332
0.769231 , 0.641026 , -1.000740
0.769231 , 0.666667 , -0.988002
0.769231 , 0.692308 , -0.975123
0.769231 , 0.717949 , -0.964314
0.769231 , 0.743590 , -0.953790
0.769231 , 0.769231 , -0.945499
0.769231 , 0.794872 , -0.939027
0.769231 , 0.820513 , -0.933442
0.769231 , 0.846154 , -0.929157
0.769231 , 0.871795 , -0.925854
0.769231 , 0.897436 , -0.923596
0.769231 , 0.923077 , -0.923072
0.769231 , 0.948718 , -0.922700
0.769231 , 0.974359 , -0.922735
0.769231 , 1.000000 , -0.923555
0.794872 , 0.000000 , -1.099718
0.794872 , 0.025641 , -1.099875
0.794872 , 0.051282 , -1.100588
0.794872 , 0.076923 , -1.101885
0.794872 , 0.102564 , -1.103399
0.794872 , 0.128205 , -1.106381
0.794872 , 0.153846 , -1.109227
0.794872 , 0.179487 , -1.110388
0.794872 , 0.205128 , -1.112329
0.794872 , 0.230769 , -1.113173
0.794872 , 0.256410 , -1.113334
0.794872 , 0.282051 , -1.112604
0.794872 , 0.307692 , -1.110232
0.794872 , 0.333333 , -1.106293
0.794872 , 0.358974 , -1.100317
0.794872 , 0.384615 , -1.092444
0.794872 , 0.410256 , -1.082342
0.794872 , 0.435897 , -1.071506
0.794872 , 0.461538 , -1.059837
0.794872 , 0.487179 , -1.047423
0.794872 , 0.512821 , -1.035099
0.794872 , 0.538462 , -1.021984
0.794872 , 0.564103 , -1.007361
0.794872 , 0.589744 , -0.992568
0.794872 , 0.615385 , -0.977607
0.794872 , 0.641026 , -0.962631
0.794872 , 0.666667 , -0.949937
0.794872 , 0.692308 , -0.937152
0.794872 , 0.717949 , -0.926410
0.794872 , 0.743590 , -0.915718
0.794872 , 0.769231 , -0.906081
0.794872 , 0.794872 , -0.898570
0.794872 , 0.820513 , -0.890699
0.794872 , 0.846154 , -0.884462
0.794872 , 0.871795 , -0.880005
0.794872 , 0.897436 , -0.876769
0.794872 , 0.923077 , -0.875717
0.794872 , 0.948718 , -0.875593
0.794872 , 0.974359 , -0.875704
0.794872 , 1.000000 , -0.876239
0.820513 , 0.000000 , -1.074586
0.820513 , 0.025641 , -1.074852
0.820513 , 0.051282 , -1.075272
0.820513 , 0.076923 , -1.076028
0.820513 , 0.102564 , -1.077178
0.820513 , 0.128205 , -1.080077
0.820513 , 0.153846 , -1.082713
0.820513 , 0.179487 , -1.083213
0.820513 , 0.205128 , -1.084960
0.820513 , 0.230769 , -1.086425
0.820513 , 0.256410 , -1.086745
0.820513 , 0.282051 , -1.085576
0.820513 , 0.307692 , -1.082280
0.820513 , 0.333333 , -1.078060
0.820513 , 0.358974 , -1.072100
0.820513 , 0.384615 , -1.063453
0.820513 , 0.410256 , -1.053214
0.820513 , 0.435897 , -1.042075
0.820513 , 0.461538 , -1.029986
0.820513 , 0.487179 , -1.016694
0.820513 , 0.512821 , -1.004191
0.820513 , 0.538462 , -0.990882
0.820513 , 0.564103 , -0.975562
0.820513 , 0.589744 , -0.959662
0.820513 , 0.615385 , -0.944397
0.820513 , 0.641026 , -0.929421
0.820513 , 0.666667 , -0.916145
0.820513 , 0.692308 , -0.903123
0.820513 , 0.717949 , -0.892226
0.820513 , 0.743590 , -0.881817
0.820513 , 0.769231 , -0.871198
0.820513 , 0.794872 , -0.863279
0.820513 , 0.820513 , -0.854666
0.820513 , 0.846154 , -0.847617
0.820513 , 0.871795 , -0.841400
0.820513 , 0.897436 , -0.836825
0.820513 , 0.923077 , -0.834403
0.820513 , 0.948718 , -0.834550
0.820513 , 0.974359 , -0.834785
0.820513 , 1.000000 , -0.835233
0.846154 , 0.000000 , -1.052354
0.846154 , 0.025641 , -1.053242
0.846154 , 0.051282 , -1.053086
0.846154 , 0.076923 , -1.053706
0.846154 , 0.102564 , -1.055435
0.846154 , 0.128205 , -1.057399
0.846154 , 0.153846 , -1.060135
0.846154 , 0.179487 , -1.061296
0.846154 , 0.205128 , -1.061376
0.846154 , 0.230769 , -1.062667
0.846154 , 0.256410 , -1.062772
0.846154 , 0.282051 , -1.061452
0.846154 , 0.307692 , -1.058305
0.846154 , 0.333333 , -1.052895
0.846154 , 0.358974 , -1.046389
0.846154 , 0.384615 , -1.037880
0.846154 , 0.410256 , -1.027285
0.846154 , 0.435897 , -1.016393
0.846154 , 0.461538 , -1.004598
0.846154 , 0.487179 , -0.991445
0.846154 , 0.512821 , -0.977546
0.846154 , 0.538462 , -0.963305
0.846154 , 0.564103 , -0.947672
0.846154 , 0.589744 , -0.932111
0.846154 , 0.615385 , -0.917184
0.846154 , 0.641026 , -0.901593
0.846154 , 0.666667 , -0.887391
0.846154 , 0.692308 , -0.873606
0.846154 , 0.717949 , -0.862335
0.846154 , 0.743590 , -0.852684
0.846154 , 0.769231 , -0.842017
0.846154 , 0.794872 , -0.832747
0.846154 , 0.820513 , -0.823782
0.846154 , 0.846154 , -0.815999
0.846154 , 0.871795 , -0.808806
0.846154 , 0.897436 , -0.803614
0.846154 , 0.923077 , -0.800626
0.846154 , 0.948718 , -0.799823
0.846154 , 0.974359 , -0.799243
0.846154 , 1.000000 , -0.798929
0.871795 , 0.000000 , -1.033800
0.871795 , 0.025641 , -1.034269
0.871795 , 0.051282 , -1.034433
0.871795 , 0.076923 , -1.034541
0.871795 , 0.102564 , -1.036111
0.871795 , 0.128205 , -1.038007
0.871795 , 0.153846 , -1.039848
0.871795 , 0.179487 , -1.040255
0.871795 , 0.205128 , -1.040382
0.871795 , 0.230769 , -1.041087
0.871795 , 0.256410 , -1.041729
0.871795 , 0.282051 , -1.039961
0.871795 , 0.307692 , -1.036381
0.871795 , 0.333333 , -1.030286
0.871795 , 0.358974 , -1.023304
0.871795 , 0.384615 , -1.015647
0.871795 , 0.410256 , -1.004800
0.871795 , 0.435897 , -0.993821
0.871795 , 0.461538 , -0.982327
0.871795 , 0.487179 , -0.969658
0.871795 , 0.512821 , -0.955534
0.871795 , 0.538462 , -0.940847
0.871795 , 0.564103 , -0.924678
0.871795 , 0.589744 , -0.908838
0.871795 , 0.615385 , -0.893596
0.871795 , 0.641026 , -0.878298
0.871795 , 0.666667 , -0.863805
0.871795 , 0.692308 , -0.850021
0.871795 , 0.717949 , -0.838137
0.871795 , 0.743590 , -0.827699
0.871795 , 0.769231 , -0.817719
0.871795 , 0.794872 , -0.807130
0.871795 , 0.820513 , -0.797519
0.871795 , 0.846154 , -0.789431
0.871795 , 0.871795 , -0.782153
0.871795 , 0.897436 , -0.776588
0.871795 , 0.923077 , -0.773053
0.871795 , 0.948718 , -0.770957
0.871795 , 0.974359 , -0.769717
0.871795 , 1.000000 , -0.769347
0.897436 , 0.000000 , -1.018354
0.897436 , 0.025641 , -1.018654
0.897436 , 0.051282 , -1.018931
0.897436 , 0.076923 , -1.018841
0.897436 , 0.102564 , -1.020301
0.897436 , 0.128205 , -1.021998
0.897436 , 0.153846 , -1.023277
0.897436 , 0.179487 , -1.023234
0.897436 , 0.205128 , -1.024040
0.897436 , 0.230769 , -1.023379
0.897436 , 0.256410 , -1.023340
0.897436 , 0.282051 , -1.021764
0.897436 , 0.307692 , -1.017582
0.897436 , 0.333333 , -1.012080
0.897436 , 0.358974 , -1.005008
0.897436 , 0.384615 , -0.997043
0.897436 , 0.410256 , -0.986894
0.897436 , 0.435897 , -0.975882
0.897436 , 0.461538 , -0.963870
0.897436 , 0.487179 , -0.951338
0.897436 , 0.512821 , -0.937139
0.897436 , 0.538462 , -0.922211
0.897436 , 0.564103 , -0.906636
0.897436 , 0.589744 , -0.890698
0.897436 , 0.615385 , -0.875216
0.897436 , 0.641026 , -0.860272
0.897436 , 0.666667 , -0.845874
0.897436 , 0.692308 , -0.832901
0.897436 , 0.717949 , -0.820639
0.897436 , 0.743590 , -0.808777
0.897436 , 0.769231 , -0.797887
0.897436 , 0.794872 , -0.786655
0.897436 , 0.820513 , -0.776310
0.897436 , 0.846154 , -0.767977
0.897436 , 0.871795 , -0.760733
0.897436 , 0.897436 , -0.754651
0.897436 , 0.923077 , -0.750694
0.897436 , 0.948718 , -0.748177
0.897436 , 0.974359 , -0.746282
0.897436 , 1.000000 , -0.746089
0.923077 , 0.000000 , -1.006047
0.923077 , 0.025641 , -1.006410
0.923077 , 0.051282 , -1.006744
0.923077 , 0.076923 , -1.007035
0.923077 , 0.102564 , -1.007898
0.923077 , 0.128205 , -1.009755
0.923077 , 0.153846 , -1.010879
0.923077 , 0.179487 , -1.010503
0.923077 , 0.205128 , -1.009850
0.923077 , 0.230769 , -1.008965
0.923077 , 0.256410 , -1.008090
0.923077 , 0.282051 , -1.006364
0.923077 , 0.307692 , -1.002013
0.923077 , 0.333333 , -0.996538
0.923077 , 0.358974 , -0.990120
0.923077 , 0.384615 , -0.982001
0.923077 , 0.410256 , -0.972685
0.923077 , 0.435897 , -0.961624
0.923077 , 0.461538 , -0.949403
0.923077 , 0.487179 , -0.936763
0.923077 , 0.512821 , -0.923059
0.923077 , 0.538462 , -0.908137
0.923077 , 0.564103 , -0.892612
0.923077 , 0.589744 , -0.876925
0.923077 , 0.615385 , -0.861209
0.923077 , 0.641026 , -0.846598
0.923077 , 0.666667 , -0.832843
0.923077 , 0.692308 , -0.819890
0.923077 , 0.717949 , -0.807590
0.923077 , 0.743590 , -0.794848
0.923077 , 0.769231 , -0.782873
0.923077 , 0.794872 , -0.771715
0.923077 , 0.820513 , -0.761270
0.923077 , 0.846154 , -0.753113
0.923077 , 0.871795 , -0.745458
0.923077 , 0.897436 , -0.738568
0.923077 , 0.923077 , -0.733481
0.923077 , 0.948718 , -0.730419
0.923077 , 0.974359 , -0.728775
0.923077 , 1.000000 , -0.728281
0.948718 , 0.000000 , -0.997556
0.948718 , 0.025641 , -0.997541
0.948718 , 0.051282 , -0.997715
0.948718 , 0.076923 , -0.997936
0.948718 , 0.102564 , -0.998950
0.948718 , 0.128205 , -1.000529
0.948718 , 0.153846 , -1.001593
0.948718 , 0.179487 , -1.001443
0.948718 , 0.205128 , -0.999968
0.948718 , 0.230769 , -0.998652
0.948718 , 0.256410 , -0.997007
0.948718 , 0.282051 , -0.995027
0.948718 , 0.307692 , -0.991187
0.948718 , 0.333333 , -0.985646
0.948718 , 0.358974 , -0.979227
0.948718 , 0.384615 , -0.971241
0.948718 , 0.410256 , -0.961955
0.948718 , 0.435897 , -0.950963
0.948718 , 0.461538 , -0.939239
0.948718 , 0.487179 , -0.926601
0.948718 , 0.512821 , -0.913105
0.948718 , 0.538462 , -0.897998
0.948718 , 0.564103 , -0.883051
0.948718 , 0.589744 , -0.867627
0.948718 , 0.615385 , -0.852154
0.948718 , 0.641026 , -0.837639
0.948718 , 0.666667 , -0.823621
0.948718 , 0.692308 , -0.810273
0.948718 , 0.717949 , -0.797423
0.948718 , 0.743590 , -0.784977
0.948718 , 0.769231 , -0.772887
0.948718 , 0.794872 , -0.761701
0.948718 , 0.820513 , -0.751289
0.948718 , 0.846154 , -0.743006
0.948718 , 0.871795 , -0.735497
0.948718 , 0.897436 , -0.727901
0.948718 , 0.923077 , -0.722395
0.948718 , 0.948718 , -0.718972
0.948718 , 0.974359 , -0.716470
0.948718 , 1.000000 , -0.716161
0.974359 , 0.000000 , -0.991439
0.974359 , 0.025641 , -0.991751
0.974359 , 0.051282 , -0.992291
0.974359 , 0.076923 , -0.992641
0.974359 , 0.102564 , -0.993750
0.974359 , 0.128205 , -0.995251
0.974359 , 0.153846 , -0.996525
0.974359 , 0.179487 , -0.996009
0.974359 , 0.205128 , -0.994596
0.974359 , 0.230769 , -0.992353
0.974359 , 0.256410 , -0.990538
0.974359 , 0.282051 , -0.988277
0.974359 , 0.307692 , -0.984410
0.974359 , 0.333333 , -0.979040
0.974359 , 0.358974 , -0.972413
0.974359 , 0.384615 , -0.964235
0.974359 , 0.410256 , -0.955044
0.974359 , 0.435897 , -0.944545
0.974359 , 0.461538 , -0.932831
0.974359 , 0.487179 , -0.920184
0.974359 , 0.512821 , -0.906323
0.974359 , 0.538462 , -0.891940
0.974359 , 0.564103 , -0.876658
0.974359 , 0.589744 , -0.861241
0.974359 , 0.615385 , -0.846147
0.974359 , 0.641026 , -0.831495
0.974359 , 0.666667 , -0.817468
0.974359 , 0.692308 , -0.804043
0.974359 , 0.717949 , -0.791592
0.974359 , 0.743590 , -0.779289
0.974359 , 0.769231 , -0.767399
0.974359 , 0.794872 , -0.756071
0.974359 , 0.820513 , -0.745599
0.974359 , 0.846154 , -0.737200
0.974359 , 0.871795 , -0.729457
0.974359 , 0.897436 , -0.721830
0.974359 , 0.923077 , -0.716137
0.974359 , 0.948718 , -0.712083
0.974359 , 0.974359 , -0.709687
0.974359 , 1.000000 , -0.708521
1.000000 , 0.000000 , -0.989332
1.000000 , 0.025641 , -0.989411
1.000000 , 0.051282 , -0.990086
1.000000 , 0.076923 , -0.990616
1.000000 , 0.102564 , -0.992203
1.000000 , 0.128205 , -0.993776
1.000000 , 0.153846 , -0.994747
1.000000 , 0.179487 , -0.994333
1.000000 , 0.205128 , -0.992637
1.000000 , 0.230769 , -0.990271
1.000000 , 0.256410 , -0.987450
1.000000 , 0.282051 , -0.985450
1.000000 , 0.307692 , -0.981923
1.000000 , 0.333333 , -0.976327
1.000000 , 0.358974 , -0.969648
1.000000 , 0.384615 , -0.961579
1.000000 , 0.410256 , -0.952239
1.000000 , 0.435897 , -0.941688
1.000000 , 0.461538 , -0.929925
1.000000 , 0.487179 , -0.917507
1.000000 , 0.512821 , -0.903867
1.000000 , 0.538462 , -0.889447
1.000000 , 0.564103 , -0.874949
1.000000 , 0.589744 , -0.860147
1.000000 , 0.615385 , -0.844807
1.000000 , 0.641026 , -0.829627
1.000000 , 0.666667 , -0.815127
1.000000 , 0.692308 , -0.801751
1.000000 , 0.717949 , -0.789076
1.000000 , 0.743590 , -0.777218
1.000000 , 0.769231 , -0.765819
1.000000 , 0.794872 , -0.754517
1.000000 , 0.820513 , -0.743975
1.000000 , 0.846154 , -0.735368
1.000000 , 0.871795 , -0.727496
1.000000 , 0.897436 , -0.720148
1.000000 , 0.923077 , -0.714122
1.000000 , 0.948718 , -0.710053
1.000000 , 0.974359 , -0.707421
1.000000 , 1.000000 , -0.705687
