0.000000 , 0.000000 , 3.719106
0.000000 , 0.025641 , 3.719106
0.000000 , 0.051282 , 3.719106
0.000000 , 0.076923 , 3.719106
0.000000 , 0.102564 , 3.719106
0.000000 , 0.128205 , 3.719106
0.000000 , 0.153846 , 3.719106
0.000000 , 0.179487 , 3.719106
0.000000 , 0.205128 , 3.719106
0.000000 , 0.230769 , 3.719106
0.000000 , 0.256410 , 3.719106
0.000000 , 0.282051 , 3.719106
0.000000 , 0.307692 , 3.719106
0.000000 , 0.333333 , 3.719106
0.000000 , 0.358974 , 3.719106
0.000000 , 0.384615 , 3.719106
0.000000 , 0.410256 , 3.719106
0.000000 , 0.435897 , 3.719106
0.000000 , 0.461538 , 3.719106
0.000000 , 0.487179 , 3.719106
0.000000 , 0.512821 , 3.719106
0.000000 , 0.538462 , 3.719106
0.000000 , 0.564103 , 3.719106
0.000000 , 0.589744 , 3.719106
0.000000 , 0.615385 , 3.719106
0.000000 , 0.641026 , 3.719106
0.000000 , 0.666667 , 3.719106
0.000000 , 0.692308 , 3.719106
0.000000 , 0.717949 , 3.719106
0.000000 , 0.743590 , 3.719106
0.000000 , 0.769231 , 3.719106
0.000000 , 0.794872 , 3.719106
0.000000 , 0.820513 , 3.719106
0.000000 , 0.846154 , 3.719106
0.000000 , 0.871795 , 3.719106
0.000000 , 0.897436 , 3.719106
0.000000 , 0.923077 , 3.719106
0.000000 , 0.948718 , 3.719106
0.000000 , 0.974359 , 3.719106
0.000000 , 1.000000 , 3.719106
0.025641 , 0.000000 , 3.556517
0.025641 , 0.025641 , 3.556356
0.025641 , 0.051282 , 3.555803
0.025641 , 0.076923 , 3.555181
0.025641 , 0.102564 , 3.554378
0.025641 , 0.128205 , 3.553715
0.025641 , 0.153846 , 3.552001
0.025641 , 0.179487 , 3.549831
0.025641 , 0.205128 , 3.546507
0.025641 , 0.230769 , 3.542746
0.025641 , 0.256410 , 3.539166
0.025641 , 0.282051 , 3.535313
0.025641 , 0.307692 , 3.531053
0.025641 , 0.333333 , 3.525924
0.025641 , 0.358974 , 3.520807
0.025641 , 0.384615 , 3.515721
0.025641 , 0.410256 , 3.509913
0.025641 , 0.435897 , 3.503876
0.025641 , 0.461538 , 3.497679
0.025641 , 0.487179 , 3.491380
0.025641 , 0.512821 , 3.485463
0.025641 , 0.538462 , 3.480099
0.025641 , 0.564103 , 3.474705
0.025641 , 0.589744 , 3.469243
0.025641 , 0.615385 , 3.464105
0.025641 , 0.641026 , 3.459843
0.025641 , 0.666667 , 3.455652
0.025641 , 0.692308 , 3.451214
0.025641 , 0.717949 , 3.447096
0.025641 , 0.743590 , 3.443392
0.025641 , 0.769231 , 3.439813
0.025641 , 0.794872 , 3.436840
0.025641 , 0.820513 , 3.434647
0.025641 , 0.846154 , 3.431960
0.025641 , 0.871795 , 3.430321
0.025641 , 0.897436 , 3.429109
0.025641 , 0.923077 , 3.427846
0.025641 , 0.948718 , 3.427179
0.025641 , 0.974359 , 3.426996
0.025641 , 1.000000 , 3.427254
0.051282 , 0.000000 , 3.398345
0.051282 , 0.025641 , 3.398133
0.051282 , 0.051282 , 3.397028
0.051282 , 0.076923 , 3.395553
0.051282 , 0.102564 , 3.394569
0.051282 , 0.128205 , 3.393218
0.051282 , 0.153846 , 3.390128
0.051282 , 0.179487 , 3.385989
0.051282 , 0.205128 , 3.380550
0.051282 , 0.230769 , 3.373710
0.051282 , 0.256410 , 3.366555
0.051282 , 0.282051 , 3.357871
0.051282 , 0.307692 , 3.349239
0.051282 , 0.333333 , 3.339811
0.051282 , 0.358974 , 3.329116
0.051282 , 0.384615 , 3.317853
0.051282 , 0.410256 , 3.306833
0.051282 , 0.435897 , 3.294893
0.051282 , 0.461538 , 3.282405
0.051282 , 0.487179 , 3.270491
0.051282 , 0.512821 , 3.258436
0.051282 , 0.538462 , 3.247287
0.051282 , 0.564103 , 3.236651
0.051282 , 0.589744 , 3.225822
0.051282 , 0.615385 , 3.215547
0.051282 , 0.641026 , 3.206425
0.051282 , 0.666667 , 3.198244
0.051282 , 0.692308 , 3.189549
0.051282 , 0.717949 , 3.181749
0.051282 , 0.743590 , 3.174914
0.051282 , 0.769231 , 3.167733
0.051282 , 0.794872 , 3.161575
0.051282 , 0.820513 , 3.157080
0.051282 , 0.846154 , 3.152609
0.051282 , 0.871795 , 3.148831
0.051282 , 0.897436 , 3.145873
0.051282 , 0.923077 , 3.143474
0.051282 , 0.948718 , 3.142390
0.051282 , 0.974359 , 3.141977
0.051282 , 1.000000 , 3.142273
0.076923 , 0.000000 , 3.245236
0.076923 , 0.025641 , 3.244949
0.076923 , 0.051282 , 3.243758
0.076923 , 0.076923 , 3.242120
0.076923 , 0.102564 , 3.240364
0.076923 , 0.128205 , 3.237967
0.076923 , 0.153846 , 3.233868
0.076923 , 0.179487 , 3.227910
0.076923 , 0.205128 , 3.219641
0.076923 , 0.230769 , 3.209457
0.076923 , 0.256410 , 3.199383
0.076923 , 0.282051 , 3.187238
0.076923 , 0.307692 , 3.173803
0.076923 , 0.333333 , 3.159268
0.076923 , 0.358974 , 3.143372
0.076923 , 0.384615 , 3.127310
0.076923 , 0.410256 , 3.110165
0.076923 , 0.435897 , 3.092047
0.076923 , 0.461538 , 3.073468
0.076923 , 0.487179 , 3.056156
0.076923 , 0.512821 , 3.039016
0.076923 , 0.538462 , 3.022029
0.076923 , 0.564103 , 3.005719
0.076923 , 0.589744 , 2.989880
0.076923 , 0.615385 , 2.974918
0.076923 , 0.641026 , 2.960748
0.076923 , 0.666667 , 2.947249
0.076923 , 0.692308 , 2.934899
0.076923 , 0.717949 , 2.923272
0.076923 , 0.743590 , 2.912331
0.076923 , 0.769231 , 2.902488
0.076923 , 0.794872 , 2.893311
0.076923 , 0.820513 , 2.886599
0.076923 , 0.846154 , 2.879538
0.076923 , 0.871795 , 2.874216
0.076923 , 0.897436 , 2.869845
0.076923 , 0.923077 , 2.867134
0.076923 , 0.948718 , 2.864432
0.076923 , 0.974359 , 2.863637
0.076923 , 1.000000 , 2.863821
0.102564 , 0.000000 , 3.097122
0.102564 , 0.025641 , 3.097455
0.102564 , 0.051282 , 3.096499
0.102564 , 0.076923 , 3.094429
0.102564 , 0.102564 , 3.092060
0.102564 , 0.128205 , 3.088330
0.102564 , 0.153846 , 3.082694
0.102564 , 0.179487 , 3.075195
0.102564 , 0.205128 , 3.065063
0.102564 , 0.230769 , 3.051623
0.102564 , 0.256410 , 3.037821
0.102564 , 0.282051 , 3.022191
0.102564 , 0.307692 , 3.004548
0.102564 , 0.333333 , 2.985324
0.102564 , 0.358974 , 2.964381
0.102564 , 0.384615 , 2.943082
0.102564 , 0.410256 , 2.920878
0.102564 , 0.435897 , 2.896787
0.102564 , 0.461538 , 2.872947
0.102564 , 0.487179 , 2.849752
0.102564 , 0.512821 , 2.827094
0.102564 , 0.538462 , 2.804142
0.102564 , 0.564103 , 2.782392
0.102564 , 0.589744 , 2.761030
0.102564 , 0.615385 , 2.741196
0.102564 , 0.641026 , 2.722396
0.102564 , 0.666667 , 2.703291
0.102564 , 0.692308 , 2.686357
0.102564 , 0.717949 , 2.671013
0.102564 , 0.743590 , 2.656971
0.102564 , 0.769231 , 2.644090
0.102564 , 0.794872 , 2.632211
0.102564 , 0.820513 , 2.622787
0.102564 , 0.846154 , 2.614068
0.102564 , 0.871795 , 2.606527
0.102564 , 0.897436 , 2.601043
0.102564 , 0.923077 , 2.596704
0.102564 , 0.948718 , 2.593877
0.102564 , 0.974359 , 2.591981
0.102564 , 1.000000 , 2.592029
0.128205 , 0.000000 , 2.955867
0.128205 , 0.025641 , 2.955751
0.128205 , 0.051282 , 2.955115
0.128205 , 0.076923 , 2.952787
0.128205 , 0.102564 , 2.949075
0.128205 , 0.128205 , 2.944201
0.128205 , 0.153846 , 2.937606
0.128205 , 0.179487 , 2.928386
0.128205 , 0.205128 , 2.916272
0.128205 , 0.230769 , 2.900664
0.128205 , 0.256410 , 2.883252
0.128205 , 0.282051 , 2.863867
0.128205 , 0.307692 , 2.842448
0.128205 , 0.333333 , 2.819119
0.128205 , 0.358974 , 2.793288
0.128205 , 0.384615 , 2.765962
0.128205 , 0.410256 , 2.737916
0.128205 , 0.435897 , 2.709053
0.128205 , 0.461538 , 2.680399
0.128205 , 0.487179 , 2.651688
0.128205 , 0.512821 , 2.623243
0.128205 , 0.538462 , 2.594111
0.128205 , 0.564103 , 2.566512
0.128205 , 0.589744 , 2.539494
0.128205 , 0.615385 , 2.514649
0.128205 , 0.641026 , 2.491263
0.128205 , 0.666667 , 2.467635
0.128205 , 0.692308 , 2.446288
0.128205 , 0.717949 , 2.426763
0.128205 , 0.743590 , 2.409096
0.128205 , 0.769231 , 2.392573
0.128205 , 0.794872 , 2.377557
0.128205 , 0.820513 , 2.366033
0.128205 , 0.846154 , 2.355443
0.128205 , 0.871795 , 2.346067
0.128205 , 0.897436 , 2.338915
0.128205 , 0.923077 , 2.334002
0.128205 , 0.948718 , 2.330524
0.128205 , 0.974359 , 2.328541
0.128205 , 1.000000 , 2.327563
0.153846 , 0.000000 , 2.821141
0.153846 , 0.025641 , 2.820842
0.153846 , 0.051282 , 2.819664
0.153846 , 0.076923 , 2.817339
0.153846 , 0.102564 , 2.812169
0.153846 , 0.128205 , 2.805855
0.153846 , 0.153846 , 2.798282
0.153846 , 0.179487 , 2.787346
0.153846 , 0.205128 , 2.773090
0.153846 , 0.230769 , 2.755346
0.153846 , 0.256410 , 2.734648
0.153846 , 0.282051 , 2.711919
0.153846 , 0.307692 , 2.686564
0.153846 , 0.333333 , 2.658809
0.153846 , 0.358974 , 2.628537
0.153846 , 0.384615 , 2.596879
0.153846 , 0.410256 , 2.563793
0.153846 , 0.435897 , 2.529357
0.153846 , 0.461538 , 2.495052
0.153846 , 0.487179 , 2.460548
0.153846 , 0.512821 , 2.426075
0.153846 , 0.538462 , 2.391322
0.153846 , 0.564103 , 2.358311
0.153846 , 0.589744 , 2.325728
0.153846 , 0.615385 , 2.295163
0.153846 , 0.641026 , 2.266453
0.153846 , 0.666667 , 2.238867
0.153846 , 0.692308 , 2.213437
0.153846 , 0.717949 , 2.189974
0.153846 , 0.743590 , 2.168065
0.153846 , 0.769231 , 2.148442
0.153846 , 0.794872 , 2.131290
0.153846 , 0.820513 , 2.116541
0.153846 , 0.846154 , 2.104184
0.153846 , 0.871795 , 2.092402
0.153846 , 0.897436 , 2.084345
0.153846 , 0.923077 , 2.078459
0.153846 , 0.948718 , 2.074711
0.153846 , 0.974359 , 2.072181
0.153846 , 1.000000 , 2.070523
0.179487 , 0.000000 , 2.694099
0.179487 , 0.025641 , 2.693397
0.179487 , 0.051282 , 2.691691
0.179487 , 0.076923 , 2.688783
0.179487 , 0.102564 , 2.683002
0.179487 , 0.128205 , 2.674777
0.179487 , 0.153846 , 2.665098
0.179487 , 0.179487 , 2.652559
0.179487 , 0.205128 , 2.636297
0.179487 , 0.230769 , 2.616197
0.179487 , 0.256410 , 2.592739
0.179487 , 0.282051 , 2.566309
0.179487 , 0.307692 , 2.536927
0.179487 , 0.333333 , 2.504984
0.179487 , 0.358974 , 2.470361
0.179487 , 0.384615 , 2.433946
0.179487 , 0.410256 , 2.396982
0.179487 , 0.435897 , 2.358123
0.179487 , 0.461538 , 2.317745
0.179487 , 0.487179 , 2.276919
0.179487 , 0.512821 , 2.236684
0.179487 , 0.538462 , 2.196622
0.179487 , 0.564103 , 2.157908
0.179487 , 0.589744 , 2.119561
0.179487 , 0.615385 , 2.082710
0.179487 , 0.641026 , 2.048396
0.179487 , 0.666667 , 2.016973
0.179487 , 0.692308 , 1.987713
0.179487 , 0.717949 , 1.960446
0.179487 , 0.743590 , 1.934336
0.179487 , 0.769231 , 1.910766
0.179487 , 0.794872 , 1.890837
0.179487 , 0.820513 , 1.873351
0.179487 , 0.846154 , 1.859682
0.179487 , 0.871795 , 1.846545
0.179487 , 0.897436 , 1.836133
0.179487 , 0.923077 , 1.829311
0.179487 , 0.948718 , 1.825051
0.179487 , 0.974359 , 1.821854
0.179487 , 1.000000 , 1.819913
0.205128 , 0.000000 , 2.574484
0.205128 , 0.025641 , 2.573903
0.205128 , 0.051282 , 2.571470
0.205128 , 0.076923 , 2.567383
0.205128 , 0.102564 , 2.560968
0.205128 , 0.128205 , 2.551525
0.205128 , 0.153846 , 2.538983
0.205128 , 0.179487 , 2.523343
0.205128 , 0.205128 , 2.505013
0.205128 , 0.230769 , 2.482596
0.205128 , 0.256410 , 2.456466
0.205128 , 0.282051 , 2.426353
0.205128 , 0.307692 , 2.393261
0.205128 , 0.333333 , 2.357895
0.205128 , 0.358974 , 2.320059
0.205128 , 0.384615 , 2.279539
0.205128 , 0.410256 , 2.237414
0.205128 , 0.435897 , 2.193479
0.205128 , 0.461538 , 2.147462
0.205128 , 0.487179 , 2.101038
0.205128 , 0.512821 , 2.054770
0.205128 , 0.538462 , 2.009542
0.205128 , 0.564103 , 1.965127
0.205128 , 0.589744 , 1.921187
0.205128 , 0.615385 , 1.878773
0.205128 , 0.641026 , 1.839198
0.205128 , 0.666667 , 1.803281
0.205128 , 0.692308 , 1.769550
0.205128 , 0.717949 , 1.737951
0.205128 , 0.743590 , 1.708439
0.205128 , 0.769231 , 1.680595
0.205128 , 0.794872 , 1.657586
0.205128 , 0.820513 , 1.638104
0.205128 , 0.846154 , 1.622344
0.205128 , 0.871795 , 1.606974
0.205128 , 0.897436 , 1.594911
0.205128 , 0.923077 , 1.585377
0.205128 , 0.948718 , 1.580015
0.205128 , 0.974359 , 1.576292
0.205128 , 1.000000 , 1.574495
0.230769 , 0.000000 , 2.462797
0.230769 , 0.025641 , 2.461672
0.230769 , 0.051282 , 2.458714
0.230769 , 0.076923 , 2.453204
0.230769 , 0.102564 , 2.445310
0.230769 , 0.128205 , 2.434600
0.230769 , 0.153846 , 2.420057
0.230769 , 0.179487 , 2.401547
0.230769 , 0.205128 , 2.380388
0.230769 , 0.230769 , 2.355723
0.230769 , 0.256410 , 2.326700
0.230769 , 0.282051 , 2.293158
0.230769 , 0.307692 , 2.256701
0.230769 , 0.333333 , 2.217719
0.230769 , 0.358974 , 2.175462
0.230769 , 0.384615 , 2.130964
0.230769 , 0.410256 , 2.084326
0.230769 , 0.435897 , 2.034880
0.230769 , 0.461538 , 1.983626
0.230769 , 0.487179 , 1.932113
0.230769 , 0.512821 , 1.880150
0.230769 , 0.538462 , 1.829425
0.230769 , 0.564103 , 1.779743
0.230769 , 0.589744 , 1.730573
0.230769 , 0.615385 , 1.683476
0.230769 , 0.641026 , 1.638884
0.230769 , 0.666667 , 1.598047
0.230769 , 0.692308 , 1.560176
0.230769 , 0.717949 , 1.523836
0.230769 , 0.743590 , 1.490184
0.230769 , 0.769231 , 1.458385
0.230769 , 0.794872 , 1.431631
0.230769 , 0.820513 , 1.409132
0.230769 , 0.846154 , 1.391726
0.230769 , 0.871795 , 1.375200
0.230769 , 0.897436 , 1.360454
0.230769 , 0.923077 , 1.349543
0.230769 , 0.948718 , 1.341127
0.230769 , 0.974359 , 1.336337
0.230769 , 1.000000 , 1.334480
0.256410 , 0.000000 , 2.359845
0.256410 , 0.025641 , 2.358395
0.256410 , 0.051282 , 2.354105
0.256410 , 0.076923 , 2.347243
0.256410 , 0.102564 , 2.337462
0.256410 , 0.128205 , 2.324549
0.256410 , 0.153846 , 2.308032
0.256410 , 0.179487 , 2.287479
0.256410 , 0.205128 , 2.263494
0.256410 , 0.230769 , 2.236562
0.256410 , 0.256410 , 2.204634
0.256410 , 0.282051 , 2.167676
0.256410 , 0.307692 , 2.127125
0.256410 , 0.333333 , 2.084332
0.256410 , 0.358974 , 2.037470
0.256410 , 0.384615 , 1.988697
0.256410 , 0.410256 , 1.937343
0.256410 , 0.435897 , 1.882525
0.256410 , 0.461538 , 1.826332
0.256410 , 0.487179 , 1.769532
0.256410 , 0.512821 , 1.712334
0.256410 , 0.538462 , 1.656052
0.256410 , 0.564103 , 1.601874
0.256410 , 0.589744 , 1.548073
0.256410 , 0.615385 , 1.495828
0.256410 , 0.641026 , 1.446355
0.256410 , 0.666667 , 1.399925
0.256410 , 0.692308 , 1.357360
0.256410 , 0.717949 , 1.317055
0.256410 , 0.743590 , 1.279049
0.256410 , 0.769231 , 1.243872
0.256410 , 0.794872 , 1.213673
0.256410 , 0.820513 , 1.187723
0.256410 , 0.846154 , 1.166558
0.256410 , 0.871795 , 1.148748
0.256410 , 0.897436 , 1.132389
0.256410 , 0.923077 , 1.120392
0.256410 , 0.948718 , 1.110470
0.256410 , 0.974359 , 1.104529
0.256410 , 1.000000 , 1.102528
0.282051 , 0.000000 , 2.264992
0.282051 , 0.025641 , 2.263746
0.282051 , 0.051282 , 2.258776
0.282051 , 0.076923 , 2.250088
0.282051 , 0.102564 , 2.237887
0.282051 , 0.128205 , 2.222477
0.282051 , 0.153846 , 2.203305
0.282051 , 0.179487 , 2.180347
0.282051 , 0.205128 , 2.153590
0.282051 , 0.230769 , 2.123312
0.282051 , 0.256410 , 2.088162
0.282051 , 0.282051 , 2.048116
0.282051 , 0.307692 , 2.004147
0.282051 , 0.333333 , 1.957146
0.282051 , 0.358974 , 1.907043
0.282051 , 0.384615 , 1.853507
0.282051 , 0.410256 , 1.796875
0.282051 , 0.435897 , 1.737399
0.282051 , 0.461538 , 1.676069
0.282051 , 0.487179 , 1.614248
0.282051 , 0.512821 , 1.552203
0.282051 , 0.538462 , 1.490840
0.282051 , 0.564103 , 1.430992
0.282051 , 0.589744 , 1.372858
0.282051 , 0.615385 , 1.315407
0.282051 , 0.641026 , 1.260581
0.282051 , 0.666667 , 1.209218
0.282051 , 0.692308 , 1.161631
0.282051 , 0.717949 , 1.117073
0.282051 , 0.743590 , 1.075001
0.282051 , 0.769231 , 1.036714
0.282051 , 0.794872 , 1.003356
0.282051 , 0.820513 , 0.974814
0.282051 , 0.846154 , 0.949232
0.282051 , 0.871795 , 0.927949
0.282051 , 0.897436 , 0.910230
0.282051 , 0.923077 , 0.896775
0.282051 , 0.948718 , 0.885635
0.282051 , 0.974359 , 0.879378
0.282051 , 1.000000 , 0.877575
0.307692 , 0.000000 , 2.179251
0.307692 , 0.025641 , 2.177605
0.307692 , 0.051282 , 2.172028
0.307692 , 0.076923 , 2.161788
0.307692 , 0.102564 , 2.147991
0.307692 , 0.128205 , 2.129948
0.307692 , 0.153846 , 2.108190
0.307692 , 0.179487 , 2.081879
0.307692 , 0.205128 , 2.051595
0.307692 , 0.230769 , 2.017584
0.307692 , 0.256410 , 1.978844
0.307692 , 0.282051 , 1.935048
0.307692 , 0.307692 , 1.888311
0.307692 , 0.333333 , 1.837635
0.307692 , 0.358974 , 1.783264
0.307692 , 0.384615 , 1.725313
0.307692 , 0.410256 , 1.663480
0.307692 , 0.435897 , 1.598850
0.307692 , 0.461538 , 1.533052
0.307692 , 0.487179 , 1.467012
0.307692 , 0.512821 , 1.399947
0.307692 , 0.538462 , 1.333695
0.307692 , 0.564103 , 1.268574
0.307692 , 0.589744 , 1.204799
0.307692 , 0.615385 , 1.142168
0.307692 , 0.641026 , 1.082739
0.307692 , 0.666667 , 1.026243
0.307692 , 0.692308 , 0.972989
0.307692 , 0.717949 , 0.923245
0.307692 , 0.743590 , 0.876803
0.307692 , 0.769231 , 0.835158
0.307692 , 0.794872 , 0.798669
0.307692 , 0.820513 , 0.766849
0.307692 , 0.846154 , 0.738566
0.307692 , 0.871795 , 0.713402
0.307692 , 0.897436 , 0.693354
0.307692 , 0.923077 , 0.677542
0.307692 , 0.948718 , 0.666479
0.307692 , 0.974359 , 0.660068
0.307692 , 1.000000 , 0.657487
0.333333 , 0.000000 , 2.103946
0.333333 , 0.025641 , 2.101703
0.333333 , 0.051282 , 2.095290
0.333333 , 0.076923 , 2.083808
0.333333 , 0.102564 , 2.067899
0.333333 , 0.128205 , 2.047305
0.333333 , 0.153846 , 2.022239
0.333333 , 0.179487 , 1.992402
0.333333 , 0.205128 , 1.958298
0.333333 , 0.230769 , 1.920400
0.333333 , 0.256410 , 1.878425
0.333333 , 0.282051 , 1.831401
0.333333 , 0.307692 , 1.780640
0.333333 , 0.333333 , 1.725765
0.333333 , 0.358974 , 1.666841
0.333333 , 0.384615 , 1.603956
0.333333 , 0.410256 , 1.537732
0.333333 , 0.435897 , 1.468499
0.333333 , 0.461538 , 1.397766
0.333333 , 0.487179 , 1.326809
0.333333 , 0.512821 , 1.254958
0.333333 , 0.538462 , 1.183046
0.333333 , 0.564103 , 1.112382
0.333333 , 0.589744 , 1.043101
0.333333 , 0.615385 , 0.975429
0.333333 , 0.641026 , 0.910319
0.333333 , 0.666667 , 0.848972
0.333333 , 0.692308 , 0.790854
0.333333 , 0.717949 , 0.736184
0.333333 , 0.743590 , 0.685119
0.333333 , 0.769231 , 0.639458
0.333333 , 0.794872 , 0.599718
0.333333 , 0.820513 , 0.563846
0.333333 , 0.846154 , 0.531805
0.333333 , 0.871795 , 0.503853
0.333333 , 0.897436 , 0.481105
0.333333 , 0.923077 , 0.463819
0.333333 , 0.948718 , 0.451554
0.333333 , 0.974359 , 0.444692
0.333333 , 1.000000 , 0.442833
0.358974 , 0.000000 , 2.038248
0.358974 , 0.025641 , 2.035612
0.358974 , 0.051282 , 2.028443
0.358974 , 0.076923 , 2.015700
0.358974 , 0.102564 , 1.997108
0.358974 , 0.128205 , 1.973163
0.358974 , 0.153846 , 1.944253
0.358974 , 0.179487 , 1.911246
0.358974 , 0.205128 , 1.873741
0.358974 , 0.230769 , 1.832772
0.358974 , 0.256410 , 1.787121
0.358974 , 0.282051 , 1.735833
0.358974 , 0.307692 , 1.680773
0.358974 , 0.333333 , 1.621788
0.358974 , 0.358974 , 1.557976
0.358974 , 0.384615 , 1.490363
0.358974 , 0.410256 , 1.419099
0.358974 , 0.435897 , 1.345290
0.358974 , 0.461538 , 1.269614
0.358974 , 0.487179 , 1.193016
0.358974 , 0.512821 , 1.115952
0.358974 , 0.538462 , 1.038365
0.358974 , 0.564103 , 0.962466
0.358974 , 0.589744 , 0.887479
0.358974 , 0.615385 , 0.814664
0.358974 , 0.641026 , 0.744098
0.358974 , 0.666667 , 0.677183
0.358974 , 0.692308 , 0.614090
0.358974 , 0.717949 , 0.554684
0.358974 , 0.743590 , 0.499442
0.358974 , 0.769231 , 0.448960
0.358974 , 0.794872 , 0.405017
0.358974 , 0.820513 , 0.365510
0.358974 , 0.846154 , 0.329723
0.358974 , 0.871795 , 0.299192
0.358974 , 0.897436 , 0.274322
0.358974 , 0.923077 , 0.255470
0.358974 , 0.948718 , 0.241998
0.358974 , 0.974359 , 0.233993
0.358974 , 1.000000 , 0.231730
0.384615 , 0.000000 , 1.982381
0.384615 , 0.025641 , 1.979572
0.384615 , 0.051282 , 1.971421
0.384615 , 0.076923 , 1.956703
0.384615 , 0.102564 , 1.936284
0.384615 , 0.128205 , 1.909560
0.384615 , 0.153846 , 1.877102
0.384615 , 0.179487 , 1.840372
0.384615 , 0.205128 , 1.799338
0.384615 , 0.230769 , 1.754008
0.384615 , 0.256410 , 1.704689
0.384615 , 0.282051 , 1.649738
0.384615 , 0.307692 , 1.589181
0.384615 , 0.333333 , 1.525156
0.384615 , 0.358974 , 1.456522
0.384615 , 0.384615 , 1.384111
0.384615 , 0.410256 , 1.308256
0.384615 , 0.435897 , 1.228872
0.384615 , 0.461538 , 1.147936
0.384615 , 0.487179 , 1.065757
0.384615 , 0.512821 , 0.982760
0.384615 , 0.538462 , 0.899893
0.384615 , 0.564103 , 0.818187
0.384615 , 0.589744 , 0.737953
0.384615 , 0.615385 , 0.660098
0.384615 , 0.641026 , 0.584038
0.384615 , 0.666667 , 0.511671
0.384615 , 0.692308 , 0.443569
0.384615 , 0.717949 , 0.379659
0.384615 , 0.743590 , 0.319256
0.384615 , 0.769231 , 0.264110
0.384615 , 0.794872 , 0.215243
0.384615 , 0.820513 , 0.171499
0.384615 , 0.846154 , 0.131803
0.384615 , 0.871795 , 0.098655
0.384615 , 0.897436 , 0.071513
0.384615 , 0.923077 , 0.050586
0.384615 , 0.948718 , 0.036250
0.384615 , 0.974359 , 0.027567
0.384615 , 1.000000 , 0.024615
0.410256 , 0.000000 , 1.937490
0.410256 , 0.025641 , 1.934111
0.410256 , 0.051282 , 1.925320
0.410256 , 0.076923 , 1.909042
0.410256 , 0.102564 , 1.886376
0.410256 , 0.128205 , 1.857275
0.410256 , 0.153846 , 1.821893
0.410256 , 0.179487 , 1.781986
0.410256 , 0.205128 , 1.736855
0.410256 , 0.230769 , 1.686389
0.410256 , 0.256410 , 1.631741
0.410256 , 0.282051 , 1.572483
0.410256 , 0.307692 , 1.507667
0.410256 , 0.333333 , 1.437596
0.410256 , 0.358974 , 1.363365
0.410256 , 0.384615 , 1.285344
0.410256 , 0.410256 , 1.203802
0.410256 , 0.435897 , 1.119013
0.410256 , 0.461538 , 1.032262
0.410256 , 0.487179 , 0.944354
0.410256 , 0.512821 , 0.855421
0.410256 , 0.538462 , 0.766926
0.410256 , 0.564103 , 0.679314
0.410256 , 0.589744 , 0.593327
0.410256 , 0.615385 , 0.509851
0.410256 , 0.641026 , 0.428688
0.410256 , 0.666667 , 0.350191
0.410256 , 0.692308 , 0.276241
0.410256 , 0.717949 , 0.207061
0.410256 , 0.743590 , 0.142232
0.410256 , 0.769231 , 0.082572
0.410256 , 0.794872 , 0.029071
0.410256 , 0.820513 , -0.019133
0.410256 , 0.846154 , -0.061786
0.410256 , 0.871795 , -0.097867
0.410256 , 0.897436 , -0.127534
0.410256 , 0.923077 , -0.150717
0.410256 , 0.948718 , -0.166706
0.410256 , 0.974359 , -0.176025
0.410256 , 1.000000 , -0.178682
0.435897 , 0.000000 , 1.904128
0.435897 , 0.025641 , 1.900007
0.435897 , 0.051282 , 1.890135
0.435897 , 0.076923 , 1.872515
0.435897 , 0.102564 , 1.847739
0.435897 , 0.128205 , 1.815477
0.435897 , 0.153846 , 1.777295
0.435897 , 0.179487 , 1.734396
0.435897 , 0.205128 , 1.685580
0.435897 , 0.230769 , 1.630250
0.435897 , 0.256410 , 1.570439
0.435897 , 0.282051 , 1.505555
0.435897 , 0.307692 , 1.434937
0.435897 , 0.333333 , 1.359369
0.435897 , 0.358974 , 1.279593
0.435897 , 0.384615 , 1.195335
0.435897 , 0.410256 , 1.107241
0.435897 , 0.435897 , 1.016133
0.435897 , 0.461538 , 0.923174
0.435897 , 0.487179 , 0.828943
0.435897 , 0.512821 , 0.733923
0.435897 , 0.538462 , 0.639439
0.435897 , 0.564103 , 0.545993
0.435897 , 0.589744 , 0.453765
0.435897 , 0.615385 , 0.363876
0.435897 , 0.641026 , 0.276412
0.435897 , 0.666667 , 0.192041
0.435897 , 0.692308 , 0.112414
0.435897 , 0.717949 , 0.037287
0.435897 , 0.743590 , -0.032028
0.435897 , 0.769231 , -0.096179
0.435897 , 0.794872 , -0.154597
0.435897 , 0.820513 , -0.207439
0.435897 , 0.846154 , -0.253429
0.435897 , 0.871795 , -0.292261
0.435897 , 0.897436 , -0.324355
0.435897 , 0.923077 , -0.349074
0.435897 , 0.948718 , -0.367020
0.435897 , 0.974359 , -0.377593
0.435897 , 1.000000 , -0.380716
0.461538 , 0.000000 , 1.882824
0.461538 , 0.025641 , 1.878217
0.461538 , 0.051282 , 1.867063
0.461538 , 0.076923 , 1.848527
0.461538 , 0.102564 , 1.821823
0.461538 , 0.128205 , 1.786297
0.461538 , 0.153846 , 1.744680
0.461538 , 0.179487 , 1.698254
0.461538 , 0.205128 , 1.645289
0.461538 , 0.230769 , 1.585540
0.461538 , 0.256410 , 1.520012
0.461538 , 0.282051 , 1.448814
0.461538 , 0.307692 , 1.372270
0.461538 , 0.333333 , 1.290948
0.461538 , 0.358974 , 1.204944
0.461538 , 0.384615 , 1.113857
0.461538 , 0.410256 , 1.018926
0.461538 , 0.435897 , 0.921084
0.461538 , 0.461538 , 0.820814
0.461538 , 0.487179 , 0.720088
0.461538 , 0.512821 , 0.619069
0.461538 , 0.538462 , 0.517476
0.461538 , 0.564103 , 0.417373
0.461538 , 0.589744 , 0.318423
0.461538 , 0.615385 , 0.221971
0.461538 , 0.641026 , 0.128174
0.461538 , 0.666667 , 0.037546
0.461538 , 0.692308 , -0.048316
0.461538 , 0.717949 , -0.129297
0.461538 , 0.743590 , -0.203506
0.461538 , 0.769231 , -0.272668
0.461538 , 0.794872 , -0.335978
0.461538 , 0.820513 , -0.393195
0.461538 , 0.846154 , -0.442668
0.461538 , 0.871795 , -0.484616
0.461538 , 0.897436 , -0.519224
0.461538 , 0.923077 , -0.546017
0.461538 , 0.948718 , -0.565446
0.461538 , 0.974359 , -0.576777
0.461538 , 1.000000 , -0.580478
0.487179 , 0.000000 , 1.874166
0.487179 , 0.025641 , 1.869576
0.487179 , 0.051282 , 1.857039
0.487179 , 0.076923 , 1.836883
0.487179 , 0.102564 , 1.808124
0.487179 , 0.128205 , 1.770814
0.487179 , 0.153846 , 1.725609
0.487179 , 0.179487 , 1.674478
0.487179 , 0.205128 , 1.616397
0.487179 , 0.230769 , 1.551669
0.487179 , 0.256410 , 1.480628
0.487179 , 0.282051 , 1.402920
0.487179 , 0.307692 , 1.319928
0.487179 , 0.333333 , 1.232189
0.487179 , 0.358974 , 1.139455
0.487179 , 0.384615 , 1.041432
0.487179 , 0.410256 , 0.939044
0.487179 , 0.435897 , 0.833830
0.487179 , 0.461538 , 0.726357
0.487179 , 0.487179 , 0.617999
0.487179 , 0.512821 , 0.509675
0.487179 , 0.538462 , 0.401237
0.487179 , 0.564103 , 0.293425
0.487179 , 0.589744 , 0.187256
0.487179 , 0.615385 , 0.083567
0.487179 , 0.641026 , -0.017238
0.487179 , 0.666667 , -0.114397
0.487179 , 0.692308 , -0.206330
0.487179 , 0.717949 , -0.293502
0.487179 , 0.743590 , -0.373901
0.487179 , 0.769231 , -0.448503
0.487179 , 0.794872 , -0.516161
0.487179 , 0.820513 , -0.577849
0.487179 , 0.846154 , -0.631599
0.487179 , 0.871795 , -0.677004
0.487179 , 0.897436 , -0.713909
0.487179 , 0.923077 , -0.742594
0.487179 , 0.948718 , -0.763387
0.487179 , 0.974359 , -0.775848
0.487179 , 1.000000 , -0.779665
0.512821 , 0.000000 , 1.879572
0.512821 , 0.025641 , 1.874972
0.512821 , 0.051282 , 1.860933
0.512821 , 0.076923 , 1.838705
0.512821 , 0.102564 , 1.807890
0.512821 , 0.128205 , 1.767934
0.512821 , 0.153846 , 1.719520
0.512821 , 0.179487 , 1.663132
0.512821 , 0.205128 , 1.599694
0.512821 , 0.230769 , 1.529586
0.512821 , 0.256410 , 1.452331
0.512821 , 0.282051 , 1.368466
0.512821 , 0.307692 , 1.278600
0.512821 , 0.333333 , 1.183422
0.512821 , 0.358974 , 1.082664
0.512821 , 0.384615 , 0.977053
0.512821 , 0.410256 , 0.867287
0.512821 , 0.435897 , 0.754181
0.512821 , 0.461538 , 0.639365
0.512821 , 0.487179 , 0.522723
0.512821 , 0.512821 , 0.405569
0.512821 , 0.538462 , 0.288468
0.512821 , 0.564103 , 0.172663
0.512821 , 0.589744 , 0.058701
0.512821 , 0.615385 , -0.053007
0.512821 , 0.641026 , -0.160856
0.512821 , 0.666667 , -0.265000
0.512821 , 0.692308 , -0.363898
0.512821 , 0.717949 , -0.456884
0.512821 , 0.743590 , -0.543390
0.512821 , 0.769231 , -0.623623
0.512821 , 0.794872 , -0.696850
0.512821 , 0.820513 , -0.763049
0.512821 , 0.846154 , -0.820888
0.512821 , 0.871795 , -0.869553
0.512821 , 0.897436 , -0.909722
0.512821 , 0.923077 , -0.940119
0.512821 , 0.948718 , -0.961669
0.512821 , 0.974359 , -0.974954
0.512821 , 1.000000 , -0.979145
0.538462 , 0.000000 , 1.898887
0.538462 , 0.025641 , 1.894582
0.538462 , 0.051282 , 1.879564
0.538462 , 0.076923 , 1.855166
0.538462 , 0.102564 , 1.821901
0.538462 , 0.128205 , 1.779098
0.538462 , 0.153846 , 1.727025
0.538462 , 0.179487 , 1.666006
0.538462 , 0.205128 , 1.596959
0.538462 , 0.230769 , 1.520766
0.538462 , 0.256410 , 1.437067
0.538462 , 0.282051 , 1.346511
0.538462 , 0.307692 , 1.249803
0.538462 , 0.333333 , 1.146754
0.538462 , 0.358974 , 1.037797
0.538462 , 0.384615 , 0.923489
0.538462 , 0.410256 , 0.804573
0.538462 , 0.435897 , 0.682679
0.538462 , 0.461538 , 0.559028
0.538462 , 0.487179 , 0.433373
0.538462 , 0.512821 , 0.306836
0.538462 , 0.538462 , 0.180557
0.538462 , 0.564103 , 0.055283
0.538462 , 0.589744 , -0.067716
0.538462 , 0.615385 , -0.187330
0.538462 , 0.641026 , -0.303413
0.538462 , 0.666667 , -0.414884
0.538462 , 0.692308 , -0.521404
0.538462 , 0.717949 , -0.620812
0.538462 , 0.743590 , -0.713084
0.538462 , 0.769231 , -0.798778
0.538462 , 0.794872 , -0.877815
0.538462 , 0.820513 , -0.949220
0.538462 , 0.846154 , -1.011671
0.538462 , 0.871795 , -1.062943
0.538462 , 0.897436 , -1.105259
0.538462 , 0.923077 , -1.137881
0.538462 , 0.948718 , -1.161165
0.538462 , 0.974359 , -1.175109
0.538462 , 1.000000 , -1.179371
0.564103 , 0.000000 , 1.932822
0.564103 , 0.025641 , 1.927848
0.564103 , 0.051282 , 1.912571
0.564103 , 0.076923 , 1.886673
0.564103 , 0.102564 , 1.850418
0.564103 , 0.128205 , 1.804085
0.564103 , 0.153846 , 1.748572
0.564103 , 0.179487 , 1.683185
0.564103 , 0.205128 , 1.609129
0.564103 , 0.230769 , 1.526616
0.564103 , 0.256410 , 1.436103
0.564103 , 0.282051 , 1.338905
0.564103 , 0.307692 , 1.234242
0.564103 , 0.333333 , 1.122794
0.564103 , 0.358974 , 1.004520
0.564103 , 0.384615 , 0.880709
0.564103 , 0.410256 , 0.752066
0.564103 , 0.435897 , 0.619860
0.564103 , 0.461538 , 0.485003
0.564103 , 0.487179 , 0.349106
0.564103 , 0.512821 , 0.211977
0.564103 , 0.538462 , 0.075741
0.564103 , 0.564103 , -0.059169
0.564103 , 0.589744 , -0.191785
0.564103 , 0.615385 , -0.320576
0.564103 , 0.641026 , -0.445541
0.564103 , 0.666667 , -0.565159
0.564103 , 0.692308 , -0.679615
0.564103 , 0.717949 , -0.786895
0.564103 , 0.743590 , -0.885778
0.564103 , 0.769231 , -0.976537
0.564103 , 0.794872 , -1.060559
0.564103 , 0.820513 , -1.136298
0.564103 , 0.846154 , -1.202568
0.564103 , 0.871795 , -1.257230
0.564103 , 0.897436 , -1.302221
0.564103 , 0.923077 , -1.336779
0.564103 , 0.948718 , -1.361617
0.564103 , 0.974359 , -1.376488
0.564103 , 1.000000 , -1.381299
0.589744 , 0.000000 , 1.982384
0.589744 , 0.025641 , 1.976947
0.589744 , 0.051282 , 1.960866
0.589744 , 0.076923 , 1.933579
0.589744 , 0.102564 , 1.894774
0.589744 , 0.128205 , 1.845444
0.589744 , 0.153846 , 1.785977
0.589744 , 0.179487 , 1.716870
0.589744 , 0.205128 , 1.637703
0.589744 , 0.230769 , 1.548545
0.589744 , 0.256410 , 1.451363
0.589744 , 0.282051 , 1.346611
0.589744 , 0.307692 , 1.232938
0.589744 , 0.333333 , 1.111872
0.589744 , 0.358974 , 0.984101
0.589744 , 0.384615 , 0.849534
0.589744 , 0.410256 , 0.709783
0.589744 , 0.435897 , 0.566102
0.589744 , 0.461538 , 0.419339
0.589744 , 0.487179 , 0.270651
0.589744 , 0.512821 , 0.122374
0.589744 , 0.538462 , -0.025485
0.589744 , 0.564103 , -0.171168
0.589744 , 0.589744 , -0.314930
0.589744 , 0.615385 , -0.454108
0.589744 , 0.641026 , -0.589068
0.589744 , 0.666667 , -0.717816
0.589744 , 0.692308 , -0.840317
0.589744 , 0.717949 , -0.955364
0.589744 , 0.743590 , -1.061845
0.589744 , 0.769231 , -1.158828
0.589744 , 0.794872 , -1.247663
0.589744 , 0.820513 , -1.327049
0.589744 , 0.846154 , -1.396459
0.589744 , 0.871795 , -1.454627
0.589744 , 0.897436 , -1.502349
0.589744 , 0.923077 , -1.538584
0.589744 , 0.948718 , -1.564795
0.589744 , 0.974359 , -1.580494
0.589744 , 1.000000 , -1.586053
0.615385 , 0.000000 , 2.048786
0.615385 , 0.025641 , 2.042721
0.615385 , 0.051282 , 2.025532
0.615385 , 0.076923 , 1.996436
0.615385 , 0.102564 , 1.955730
0.615385 , 0.128205 , 1.903489
0.615385 , 0.153846 , 1.840656
0.615385 , 0.179487 , 1.767246
0.615385 , 0.205128 , 1.683610
0.615385 , 0.230769 , 1.588199
0.615385 , 0.256410 , 1.483252
0.615385 , 0.282051 , 1.369568
0.615385 , 0.307692 , 1.247044
0.615385 , 0.333333 , 1.115248
0.615385 , 0.358974 , 0.975847
0.615385 , 0.384615 , 0.829485
0.615385 , 0.410256 , 0.677522
0.615385 , 0.435897 , 0.521164
0.615385 , 0.461538 , 0.361046
0.615385 , 0.487179 , 0.199159
0.615385 , 0.512821 , 0.037599
0.615385 , 0.538462 , -0.123162
0.615385 , 0.564103 , -0.281472
0.615385 , 0.589744 , -0.437031
0.615385 , 0.615385 , -0.588445
0.615385 , 0.641026 , -0.733989
0.615385 , 0.666667 , -0.872377
0.615385 , 0.692308 , -1.003686
0.615385 , 0.717949 , -1.126893
0.615385 , 0.743590 , -1.241144
0.615385 , 0.769231 , -1.345262
0.615385 , 0.794872 , -1.439599
0.615385 , 0.820513 , -1.523329
0.615385 , 0.846154 , -1.595874
0.615385 , 0.871795 , -1.656357
0.615385 , 0.897436 , -1.705864
0.615385 , 0.923077 , -1.744702
0.615385 , 0.948718 , -1.772802
0.615385 , 0.974359 , -1.789225
0.615385 , 1.000000 , -1.794692
0.641026 , 0.000000 , 2.132394
0.641026 , 0.025641 , 2.125497
0.641026 , 0.051282 , 2.107275
0.641026 , 0.076923 , 2.076399
0.641026 , 0.102564 , 2.034645
0.641026 , 0.128205 , 1.980213
0.641026 , 0.153846 , 1.913256
0.641026 , 0.179487 , 1.835163
0.641026 , 0.205128 , 1.745957
0.641026 , 0.230769 , 1.645097
0.641026 , 0.256410 , 1.532837
0.641026 , 0.282051 , 1.409486
0.641026 , 0.307692 , 1.276772
0.641026 , 0.333333 , 1.133483
0.641026 , 0.358974 , 0.981224
0.641026 , 0.384615 , 0.821637
0.641026 , 0.410256 , 0.656247
0.641026 , 0.435897 , 0.485232
0.641026 , 0.461538 , 0.310981
0.641026 , 0.487179 , 0.134017
0.641026 , 0.512821 , -0.042414
0.641026 , 0.538462 , -0.217240
0.641026 , 0.564103 , -0.390106
0.641026 , 0.589744 , -0.559433
0.641026 , 0.615385 , -0.723985
0.641026 , 0.641026 , -0.881826
0.641026 , 0.666667 , -1.030864
0.641026 , 0.692308 , -1.171721
0.641026 , 0.717949 , -1.303486
0.641026 , 0.743590 , -1.426204
0.641026 , 0.769231 , -1.537795
0.641026 , 0.794872 , -1.637505
0.641026 , 0.820513 , -1.725324
0.641026 , 0.846154 , -1.800620
0.641026 , 0.871795 , -1.863425
0.641026 , 0.897436 , -1.915358
0.641026 , 0.923077 , -1.956193
0.641026 , 0.948718 , -1.986072
0.641026 , 0.974359 , -2.003855
0.641026 , 1.000000 , -2.009426
0.666667 , 0.000000 , 2.232837
0.666667 , 0.025641 , 2.226242
0.666667 , 0.051282 , 2.206863
0.666667 , 0.076923 , 2.175124
0.666667 , 0.102564 , 2.131433
0.666667 , 0.128205 , 2.075742
0.666667 , 0.153846 , 2.005365
0.666667 , 0.179487 , 1.922616
0.666667 , 0.205128 , 1.827558
0.666667 , 0.230769 , 1.720431
0.666667 , 0.256410 , 1.600444
0.666667 , 0.282051 , 1.466892
0.666667 , 0.307692 , 1.322751
0.666667 , 0.333333 , 1.167212
0.666667 , 0.358974 , 1.001062
0.666667 , 0.384615 , 0.826967
0.666667 , 0.410256 , 0.646897
0.666667 , 0.435897 , 0.459820
0.666667 , 0.461538 , 0.268843
0.666667 , 0.487179 , 0.075654
0.666667 , 0.512821 , -0.117909
0.666667 , 0.538462 , -0.309764
0.666667 , 0.564103 , -0.498666
0.666667 , 0.589744 , -0.683216
0.666667 , 0.615385 , -0.861830
0.666667 , 0.641026 , -1.032970
0.666667 , 0.666667 , -1.194689
0.666667 , 0.692308 , -1.346784
0.666667 , 0.717949 , -1.487597
0.666667 , 0.743590 , -1.617828
0.666667 , 0.769231 , -1.736482
0.666667 , 0.794872 , -1.842004
0.666667 , 0.820513 , -1.934224
0.666667 , 0.846154 , -2.012718
0.666667 , 0.871795 , -2.078198
0.666667 , 0.897436 , -2.132189
0.666667 , 0.923077 , -2.174857
0.666667 , 0.948718 , -2.205730
0.666667 , 0.974359 , -2.224535
0.666667 , 1.000000 , -2.230574
0.692308 , 0.000000 , 2.350105
0.692308 , 0.025641 , 2.343634
0.692308 , 0.051282 , 2.324123
0.692308 , 0.076923 , 2.292313
0.692308 , 0.102564 , 2.247149
0.692308 , 0.128205 , 2.189201
0.692308 , 0.153846 , 2.116786
0.692308 , 0.179487 , 2.029610
0.692308 , 0.205128 , 1.929118
0.692308 , 0.230769 , 1.815758
0.692308 , 0.256410 , 1.686768
0.692308 , 0.282051 , 1.543482
0.692308 , 0.307692 , 1.387317
0.692308 , 0.333333 , 1.218904
0.692308 , 0.358974 , 1.039001
0.692308 , 0.384615 , 0.848656
0.692308 , 0.410256 , 0.650741
0.692308 , 0.435897 , 0.446009
0.692308 , 0.461538 , 0.236116
0.692308 , 0.487179 , 0.023429
0.692308 , 0.512821 , -0.188974
0.692308 , 0.538462 , -0.400148
0.692308 , 0.564103 , -0.607514
0.692308 , 0.589744 , -0.809215
0.692308 , 0.615385 , -1.003366
0.692308 , 0.641026 , -1.188728
0.692308 , 0.666667 , -1.364271
0.692308 , 0.692308 , -1.528578
0.692308 , 0.717949 , -1.680657
0.692308 , 0.743590 , -1.819467
0.692308 , 0.769231 , -1.945264
0.692308 , 0.794872 , -2.055966
0.692308 , 0.820513 , -2.151337
0.692308 , 0.846154 , -2.233068
0.692308 , 0.871795 , -2.301554
0.692308 , 0.897436 , -2.357652
0.692308 , 0.923077 , -2.401482
0.692308 , 0.948718 , -2.433234
0.692308 , 0.974359 , -2.452874
0.692308 , 1.000000 , -2.459509
0.717949 , 0.000000 , 2.485525
0.717949 , 0.025641 , 2.479046
0.717949 , 0.051282 , 2.459309
0.717949 , 0.076923 , 2.427353
0.717949 , 0.102564 , 2.381163
0.717949 , 0.128205 , 2.321602
0.717949 , 0.153846 , 2.247267
0.717949 , 0.179487 , 2.156757
0.717949 , 0.205128 , 2.051380
0.717949 , 0.230769 , 1.931484
0.717949 , 0.256410 , 1.794104
0.717949 , 0.282051 , 1.641016
0.717949 , 0.307692 , 1.472665
0.717949 , 0.333333 , 1.289721
0.717949 , 0.358974 , 1.093907
0.717949 , 0.384615 , 0.886251
0.717949 , 0.410256 , 0.668135
0.717949 , 0.435897 , 0.442519
0.717949 , 0.461538 , 0.212421
0.717949 , 0.487179 , -0.021832
0.717949 , 0.512821 , -0.256222
0.717949 , 0.538462 , -0.488723
0.717949 , 0.564103 , -0.716462
0.717949 , 0.589744 , -0.937392
0.717949 , 0.615385 , -1.150138
0.717949 , 0.641026 , -1.351983
0.717949 , 0.666667 , -1.542416
0.717949 , 0.692308 , -1.719789
0.717949 , 0.717949 , -1.883861
0.717949 , 0.743590 , -2.032209
0.717949 , 0.769231 , -2.164446
0.717949 , 0.794872 , -2.280601
0.717949 , 0.820513 , -2.380435
0.717949 , 0.846154 , -2.464973
0.717949 , 0.871795 , -2.535024
0.717949 , 0.897436 , -2.591804
0.717949 , 0.923077 , -2.636860
0.717949 , 0.948718 , -2.669165
0.717949 , 0.974359 , -2.689507
0.717949 , 1.000000 , -2.696369
0.743590 , 0.000000 , 2.639280
0.743590 , 0.025641 , 2.632886
0.743590 , 0.051282 , 2.613593
0.743590 , 0.076923 , 2.581346
0.743590 , 0.102564 , 2.534618
0.743590 , 0.128205 , 2.473689
0.743590 , 0.153846 , 2.398687
0.743590 , 0.179487 , 2.306578
0.743590 , 0.205128 , 2.197536
0.743590 , 0.230769 , 2.071223
0.743590 , 0.256410 , 1.925591
0.743590 , 0.282051 , 1.761064
0.743590 , 0.307692 , 1.579638
0.743590 , 0.333333 , 1.381301
0.743590 , 0.358974 , 1.166766
0.743590 , 0.384615 , 0.938428
0.743590 , 0.410256 , 0.699219
0.743590 , 0.435897 , 0.451434
0.743590 , 0.461538 , 0.198099
0.743590 , 0.487179 , -0.060059
0.743590 , 0.512821 , -0.318796
0.743590 , 0.538462 , -0.575478
0.743590 , 0.564103 , -0.826489
0.743590 , 0.589744 , -1.069027
0.743590 , 0.615385 , -1.302270
0.743590 , 0.641026 , -1.524061
0.743590 , 0.666667 , -1.732057
0.743590 , 0.692308 , -1.924451
0.743590 , 0.717949 , -2.099523
0.743590 , 0.743590 , -2.257439
0.743590 , 0.769231 , -2.397270
0.743590 , 0.794872 , -2.518147
0.743590 , 0.820513 , -2.621240
0.743590 , 0.846154 , -2.709089
0.743590 , 0.871795 , -2.779738
0.743590 , 0.897436 , -2.837294
0.743590 , 0.923077 , -2.882207
0.743590 , 0.948718 , -2.914497
0.743590 , 0.974359 , -2.934211
0.743590 , 1.000000 , -2.940708
0.769231 , 0.000000 , 2.810140
0.769231 , 0.025641 , 2.804126
0.769231 , 0.051282 , 2.785674
0.769231 , 0.076923 , 2.754538
0.769231 , 0.102564 , 2.709053
0.769231 , 0.128205 , 2.649090
0.769231 , 0.153846 , 2.573528
0.769231 , 0.179487 , 2.481331
0.769231 , 0.205128 , 2.368771
0.769231 , 0.230769 , 2.235492
0.769231 , 0.256410 , 2.080843
0.769231 , 0.282051 , 1.904876
0.769231 , 0.307692 , 1.709104
0.769231 , 0.333333 , 1.493643
0.769231 , 0.358974 , 1.259188
0.769231 , 0.384615 , 1.008854
0.769231 , 0.410256 , 0.745998
0.769231 , 0.435897 , 0.472766
0.769231 , 0.461538 , 0.192712
0.769231 , 0.487179 , -0.091569
0.769231 , 0.512821 , -0.377586
0.769231 , 0.538462 , -0.661200
0.769231 , 0.564103 , -0.938315
0.769231 , 0.589744 , -1.206201
0.769231 , 0.615385 , -1.462984
0.769231 , 0.641026 , -1.706820
0.769231 , 0.666667 , -1.934585
0.769231 , 0.692308 , -2.142898
0.769231 , 0.717949 , -2.330276
0.769231 , 0.743590 , -2.497200
0.769231 , 0.769231 , -2.645259
0.769231 , 0.794872 , -2.771150
0.769231 , 0.820513 , -2.876926
0.769231 , 0.846154 , -2.965445
0.769231 , 0.871795 , -3.036757
0.769231 , 0.897436 , -3.093802
0.769231 , 0.923077 , -3.137867
0.769231 , 0.948718 , -3.168848
0.769231 , 0.974359 , -3.186966
0.769231 , 1.000000 , -3.192896
0.794872 , 0.000000 , 2.997316
0.794872 , 0.025641 , 2.992026
0.794872 , 0.051282 , 2.975401
0.794872 , 0.076923 , 2.947035
0.794872 , 0.102564 , 2.904312
0.794872 , 0.128205 , 2.847657
0.794872 , 0.153846 , 2.773271
0.794872 , 0.179487 , 2.680608
0.794872 , 0.205128 , 2.565416
0.794872 , 0.230769 , 2.425747
0.794872 , 0.256410 , 2.262073
0.794872 , 0.282051 , 2.074806
0.794872 , 0.307692 , 1.864089
0.794872 , 0.333333 , 1.630277
0.794872 , 0.358974 , 1.374925
0.794872 , 0.384615 , 1.100937
0.794872 , 0.410256 , 0.811265
0.794872 , 0.435897 , 0.509436
0.794872 , 0.461538 , 0.198321
0.794872 , 0.487179 , -0.117110
0.794872 , 0.512821 , -0.434695
0.794872 , 0.538462 , -0.748257
0.794872 , 0.564103 , -1.055256
0.794872 , 0.589744 , -1.352071
0.794872 , 0.615385 , -1.635225
0.794872 , 0.641026 , -1.902646
0.794872 , 0.666667 , -2.151104
0.794872 , 0.692308 , -2.377257
0.794872 , 0.717949 , -2.579081
0.794872 , 0.743590 , -2.756282
0.794872 , 0.769231 , -2.911148
0.794872 , 0.794872 , -3.041902
0.794872 , 0.820513 , -3.150267
0.794872 , 0.846154 , -3.238051
0.794872 , 0.871795 , -3.307777
0.794872 , 0.897436 , -3.362407
0.794872 , 0.923077 , -3.403025
0.794872 , 0.948718 , -3.431646
0.794872 , 0.974359 , -3.447857
0.794872 , 1.000000 , -3.452774
0.820513 , 0.000000 , 3.200219
0.820513 , 0.025641 , 3.196208
0.820513 , 0.051282 , 3.182400
0.820513 , 0.076923 , 3.158353
0.820513 , 0.102564 , 3.120867
0.820513 , 0.128205 , 3.069414
0.820513 , 0.153846 , 2.998488
0.820513 , 0.179487 , 2.906788
0.820513 , 0.205128 , 2.790236
0.820513 , 0.230769 , 2.646394
0.820513 , 0.256410 , 2.475418
0.820513 , 0.282051 , 2.275351
0.820513 , 0.307692 , 2.048478
0.820513 , 0.333333 , 1.795256
0.820513 , 0.358974 , 1.516553
0.820513 , 0.384615 , 1.215970
0.820513 , 0.410256 , 0.895895
0.820513 , 0.435897 , 0.561302
0.820513 , 0.461538 , 0.215664
0.820513 , 0.487179 , -0.135584
0.820513 , 0.512821 , -0.488632
0.820513 , 0.538462 , -0.837058
0.820513 , 0.564103 , -1.178180
0.820513 , 0.589744 , -1.508093
0.820513 , 0.615385 , -1.820136
0.820513 , 0.641026 , -2.114157
0.820513 , 0.666667 , -2.385806
0.820513 , 0.692308 , -2.631182
0.820513 , 0.717949 , -2.848910
0.820513 , 0.743590 , -3.037802
0.820513 , 0.769231 , -3.199932
0.820513 , 0.794872 , -3.334054
0.820513 , 0.820513 , -3.443399
0.820513 , 0.846154 , -3.528481
0.820513 , 0.871795 , -3.593784
0.820513 , 0.897436 , -3.643144
0.820513 , 0.923077 , -3.678304
0.820513 , 0.948718 , -3.701679
0.820513 , 0.974359 , -3.714517
0.820513 , 1.000000 , -3.718760
0.846154 , 0.000000 , 3.416686
0.846154 , 0.025641 , 3.414208
0.846154 , 0.051282 , 3.405457
0.846154 , 0.076923 , 3.387976
0.846154 , 0.102564 , 3.359389
0.846154 , 0.128205 , 3.315081
0.846154 , 0.153846 , 3.250777
0.846154 , 0.179487 , 3.162853
0.846154 , 0.205128 , 3.047057
0.846154 , 0.230769 , 2.901564
0.846154 , 0.256410 , 2.723598
0.846154 , 0.282051 , 2.511262
0.846154 , 0.307692 , 2.266462
0.846154 , 0.333333 , 1.991533
0.846154 , 0.358974 , 1.687548
0.846154 , 0.384615 , 1.356184
0.846154 , 0.410256 , 1.001890
0.846154 , 0.435897 , 0.629884
0.846154 , 0.461538 , 0.244763
0.846154 , 0.487179 , -0.146899
0.846154 , 0.512821 , -0.540027
0.846154 , 0.538462 , -0.928471
0.846154 , 0.564103 , -1.308041
0.846154 , 0.589744 , -1.674080
0.846154 , 0.615385 , -2.020142
0.846154 , 0.641026 , -2.343716
0.846154 , 0.666667 , -2.641505
0.846154 , 0.692308 , -2.908746
0.846154 , 0.717949 , -3.143155
0.846154 , 0.743590 , -3.344216
0.846154 , 0.769231 , -3.512218
0.846154 , 0.794872 , -3.648787
0.846154 , 0.820513 , -3.756358
0.846154 , 0.846154 , -3.836990
0.846154 , 0.871795 , -3.895405
0.846154 , 0.897436 , -3.936639
0.846154 , 0.923077 , -3.963003
0.846154 , 0.948718 , -3.978554
0.846154 , 0.974359 , -3.986187
0.846154 , 1.000000 , -3.988091
0.871795 , 0.000000 , 3.642890
0.871795 , 0.025641 , 3.642868
0.871795 , 0.051282 , 3.641631
0.871795 , 0.076923 , 3.635198
0.871795 , 0.102564 , 3.619309
0.871795 , 0.128205 , 3.586904
0.871795 , 0.153846 , 3.533241
0.871795 , 0.179487 , 3.452654
0.871795 , 0.205128 , 3.340391
0.871795 , 0.230769 , 3.193491
0.871795 , 0.256410 , 3.008958
0.871795 , 0.282051 , 2.784087
0.871795 , 0.307692 , 2.521676
0.871795 , 0.333333 , 2.223274
0.871795 , 0.358974 , 1.889807
0.871795 , 0.384615 , 1.524425
0.871795 , 0.410256 , 1.131700
0.871795 , 0.435897 , 0.717207
0.871795 , 0.461538 , 0.288003
0.871795 , 0.487179 , -0.149622
0.871795 , 0.512821 , -0.588971
0.871795 , 0.538462 , -1.023501
0.871795 , 0.564103 , -1.447535
0.871795 , 0.589744 , -1.854688
0.871795 , 0.615385 , -2.239516
0.871795 , 0.641026 , -2.597301
0.871795 , 0.666667 , -2.923364
0.871795 , 0.692308 , -3.213792
0.871795 , 0.717949 , -3.466039
0.871795 , 0.743590 , -3.679934
0.871795 , 0.769231 , -3.854201
0.871795 , 0.794872 , -3.992114
0.871795 , 0.820513 , -4.095361
0.871795 , 0.846154 , -4.167426
0.871795 , 0.871795 , -4.214166
0.871795 , 0.897436 , -4.242557
0.871795 , 0.923077 , -4.256128
0.871795 , 0.948718 , -4.260868
0.871795 , 0.974359 , -4.260887
0.871795 , 1.000000 , -4.260100
0.897436 , 0.000000 , 3.874869
0.897436 , 0.025641 , 3.878628
0.897436 , 0.051282 , 3.888110
0.897436 , 0.076923 , 3.897825
0.897436 , 0.102564 , 3.899583
0.897436 , 0.128205 , 3.885790
0.897436 , 0.153846 , 3.848322
0.897436 , 0.179487 , 3.779961
0.897436 , 0.205128 , 3.675125
0.897436 , 0.230769 , 3.529327
0.897436 , 0.256410 , 3.338595
0.897436 , 0.282051 , 3.101688
0.897436 , 0.307692 , 2.820083
0.897436 , 0.333333 , 2.495733
0.897436 , 0.358974 , 2.130197
0.897436 , 0.384615 , 1.726054
0.897436 , 0.410256 , 1.289795
0.897436 , 0.435897 , 0.827344
0.897436 , 0.461538 , 0.346984
0.897436 , 0.487179 , -0.143445
0.897436 , 0.512821 , -0.636069
0.897436 , 0.538462 , -1.123475
0.897436 , 0.564103 , -1.598324
0.897436 , 0.589744 , -2.053847
0.897436 , 0.615385 , -2.482927
0.897436 , 0.641026 , -2.879586
0.897436 , 0.666667 , -3.237951
0.897436 , 0.692308 , -3.553974
0.897436 , 0.717949 , -3.824610
0.897436 , 0.743590 , -4.049653
0.897436 , 0.769231 , -4.229656
0.897436 , 0.794872 , -4.367029
0.897436 , 0.820513 , -4.462928
0.897436 , 0.846154 , -4.522910
0.897436 , 0.871795 , -4.553598
0.897436 , 0.897436 , -4.562681
0.897436 , 0.923077 , -4.557295
0.897436 , 0.948718 , -4.545524
0.897436 , 0.974359 , -4.534181
0.897436 , 1.000000 , -4.529527
0.923077 , 0.000000 , 4.104443
0.923077 , 0.025641 , 4.114010
0.923077 , 0.051282 , 4.139735
0.923077 , 0.076923 , 4.173414
0.923077 , 0.102564 , 4.201476
0.923077 , 0.128205 , 4.213527
0.923077 , 0.153846 , 4.199674
0.923077 , 0.179487 , 4.149731
0.923077 , 0.205128 , 4.057041
0.923077 , 0.230769 , 3.915024
0.923077 , 0.256410 , 3.720543
0.923077 , 0.282051 , 3.471822
0.923077 , 0.307692 , 3.169544
0.923077 , 0.333333 , 2.815879
0.923077 , 0.358974 , 2.412800
0.923077 , 0.384615 , 1.964788
0.923077 , 0.410256 , 1.478382
0.923077 , 0.435897 , 0.961110
0.923077 , 0.461538 , 0.422805
0.923077 , 0.487179 , -0.128586
0.923077 , 0.512821 , -0.682441
0.923077 , 0.538462 , -1.231162
0.923077 , 0.564103 , -1.764727
0.923077 , 0.589744 , -2.275193
0.923077 , 0.615385 , -2.754012
0.923077 , 0.641026 , -3.193969
0.923077 , 0.666667 , -3.589008
0.923077 , 0.692308 , -3.933881
0.923077 , 0.717949 , -4.225453
0.923077 , 0.743590 , -4.463036
0.923077 , 0.769231 , -4.646573
0.923077 , 0.794872 , -4.779017
0.923077 , 0.820513 , -4.863364
0.923077 , 0.846154 , -4.905319
0.923077 , 0.871795 , -4.912945
0.923077 , 0.897436 , -4.895055
0.923077 , 0.923077 , -4.862396
0.923077 , 0.948718 , -4.826750
0.923077 , 0.974359 , -4.798285
0.923077 , 1.000000 , -4.787585
0.948718 , 0.000000 , 4.317576
0.948718 , 0.025641 , 4.337864
0.948718 , 0.051282 , 4.389584
0.948718 , 0.076923 , 4.457465
0.948718 , 0.102564 , 4.524046
0.948718 , 0.128205 , 4.573257
0.948718 , 0.153846 , 4.592141
0.948718 , 0.179487 , 4.567286
0.948718 , 0.205128 , 4.491286
0.948718 , 0.230769 , 4.357780
0.948718 , 0.256410 , 4.162148
0.948718 , 0.282051 , 3.902176
0.948718 , 0.307692 , 3.577451
0.948718 , 0.333333 , 3.190587
0.948718 , 0.358974 , 2.744815
0.948718 , 0.384615 , 2.246188
0.948718 , 0.410256 , 1.702521
0.948718 , 0.435897 , 1.123003
0.948718 , 0.461538 , 0.516956
0.948718 , 0.487179 , -0.103846
0.948718 , 0.512821 , -0.728894
0.948718 , 0.538462 , -1.348042
0.948718 , 0.564103 , -1.949673
0.948718 , 0.589744 , -2.523747
0.948718 , 0.615385 , -3.060192
0.948718 , 0.641026 , -3.550150
0.948718 , 0.666667 , -3.986859
0.948718 , 0.692308 , -4.363970
0.948718 , 0.717949 , -4.678021
0.948718 , 0.743590 , -4.927848
0.948718 , 0.769231 , -5.113188
0.948718 , 0.794872 , -5.236950
0.948718 , 0.820513 , -5.303414
0.948718 , 0.846154 , -5.319020
0.948718 , 0.871795 , -5.294276
0.948718 , 0.897436 , -5.239454
0.948718 , 0.923077 , -5.168366
0.948718 , 0.948718 , -5.097143
0.948718 , 0.974359 , -5.043230
0.948718 , 1.000000 , -5.022437
0.974359 , 0.000000 , 4.495804
0.974359 , 0.025641 , 4.533695
0.974359 , 0.051282 , 4.627792
0.974359 , 0.076923 , 4.748154
0.974359 , 0.102564 , 4.868133
0.974359 , 0.128205 , 4.968258
0.974359 , 0.153846 , 5.030720
0.974359 , 0.179487 , 5.041087
0.974359 , 0.205128 , 4.989700
0.974359 , 0.230769 , 4.868937
0.974359 , 0.256410 , 4.673513
0.974359 , 0.282051 , 4.401919
0.974359 , 0.307692 , 4.052773
0.974359 , 0.333333 , 3.628526
0.974359 , 0.358974 , 3.134600
0.974359 , 0.384615 , 2.578353
0.974359 , 0.410256 , 1.968651
0.974359 , 0.435897 , 1.316197
0.974359 , 0.461538 , 0.632952
0.974359 , 0.487179 , -0.068997
0.974359 , 0.512821 , -0.776299
0.974359 , 0.538462 , -1.477184
0.974359 , 0.564103 , -2.157187
0.974359 , 0.589744 , -2.804547
0.974359 , 0.615385 , -3.407106
0.974359 , 0.641026 , -3.954661
0.974359 , 0.666667 , -4.439038
0.974359 , 0.692308 , -4.852691
0.974359 , 0.717949 , -5.191576
0.974359 , 0.743590 , -5.453018
0.974359 , 0.769231 , -5.637809
0.974359 , 0.794872 , -5.748518
0.974359 , 0.820513 , -5.790631
0.974359 , 0.846154 , -5.771603
0.974359 , 0.871795 , -5.702732
0.974359 , 0.897436 , -5.597343
0.974359 , 0.923077 , -5.472588
0.974359 , 0.948718 , -5.349244
0.974359 , 0.974359 , -5.252997
0.974359 , 1.000000 , -5.214399
1.000000 , 0.000000 , 4.604080
1.000000 , 0.025641 , 4.679301
1.000000 , 0.051282 , 4.844591
1.000000 , 0.076923 , 5.042817
1.000000 , 0.102564 , 5.238183
1.000000 , 0.128205 , 5.405665
1.000000 , 0.153846 , 5.525865
1.000000 , 0.179487 , 5.581914
1.000000 , 0.205128 , 5.563061
1.000000 , 0.230769 , 5.460466
1.000000 , 0.256410 , 5.267681
1.000000 , 0.282051 , 4.983750
1.000000 , 0.307692 , 4.607537
1.000000 , 0.333333 , 4.141710
1.000000 , 0.358974 , 3.593087
1.000000 , 0.384615 , 2.970197
1.000000 , 0.410256 , 2.284023
1.000000 , 0.435897 , 1.546805
1.000000 , 0.461538 , 0.772518
1.000000 , 0.487179 , -0.023413
1.000000 , 0.512821 , -0.826059
1.000000 , 0.538462 , -1.621293
1.000000 , 0.564103 , -2.393145
1.000000 , 0.589744 , -3.125094
1.000000 , 0.615385 , -3.804375
1.000000 , 0.641026 , -4.418305
1.000000 , 0.666667 , -4.956537
1.000000 , 0.692308 , -5.411711
1.000000 , 0.717949 , -5.777609
1.000000 , 0.743590 , -6.051554
1.000000 , 0.769231 , -6.233530
1.000000 , 0.794872 , -6.326385
1.000000 , 0.820513 , -6.336105
1.000000 , 0.846154 , -6.271556
1.000000 , 0.871795 , -6.144992
1.000000 , 0.897436 , -5.972096
1.000000 , 0.923077 , -5.772119
1.000000 , 0.948718 , -5.571163
1.000000 , 0.974359 , -5.403396
1.000000 , 1.000000 , -5.326707
