0.000000 , 0.000000 , 3.619309
0.000000 , 0.025641 , 3.619309
0.000000 , 0.051282 , 3.619309
0.000000 , 0.076923 , 3.619309
0.000000 , 0.102564 , 3.619309
0.000000 , 0.128205 , 3.619309
0.000000 , 0.153846 , 3.619309
0.000000 , 0.179487 , 3.619309
0.000000 , 0.205128 , 3.619309
0.000000 , 0.230769 , 3.619309
0.000000 , 0.256410 , 3.619309
0.000000 , 0.282051 , 3.619309
0.000000 , 0.307692 , 3.619309
0.000000 , 0.333333 , 3.619309
0.000000 , 0.358974 , 3.619309
0.000000 , 0.384615 , 3.619309
0.000000 , 0.410256 , 3.619309
0.000000 , 0.435897 , 3.619309
0.000000 , 0.461538 , 3.619309
0.000000 , 0.487179 , 3.619309
0.000000 , 0.512821 , 3.619309
0.000000 , 0.538462 , 3.619309
0.000000 , 0.564103 , 3.619309
0.000000 , 0.589744 , 3.619309
0.000000 , 0.615385 , 3.619309
0.000000 , 0.641026 , 3.619309
0.000000 , 0.666667 , 3.619309
0.000000 , 0.692308 , 3.619309
0.000000 , 0.717949 , 3.619309
0.000000 , 0.743590 , 3.619309
0.000000 , 0.769231 , 3.619309
0.000000 , 0.794872 , 3.619309
0.000000 , 0.820513 , 3.619309
0.000000 , 0.846154 , 3.619309
0.000000 , 0.871795 , 3.619309
0.000000 , 0.897436 , 3.619309
0.000000 , 0.923077 , 3.619309
0.000000 , 0.948718 , 3.619309
0.000000 , 0.974359 , 3.619309
0.000000 , 1.000000 , 3.619309
0.025641 , 0.000000 , 3.431189
0.025641 , 0.025641 , 3.431991
0.025641 , 0.051282 , 3.432508
0.025641 , 0.076923 , 3.433245
0.025641 , 0.102564 , 3.433397
0.025641 , 0.128205 , 3.432396
0.025641 , 0.153846 , 3.430752
0.025641 , 0.179487 , 3.428574
0.025641 , 0.205128 , 3.425748
0.025641 , 0.230769 , 3.422173
0.025641 , 0.256410 , 3.419019
0.025641 , 0.282051 , 3.414772
0.025641 , 0.307692 , 3.409951
0.025641 , 0.333333 , 3.404485
0.025641 , 0.358974 , 3.398721
0.025641 , 0.384615 , 3.393052
0.025641 , 0.410256 , 3.387418
0.025641 , 0.435897 , 3.382257
0.025641 , 0.461538 , 3.377144
0.025641 , 0.487179 , 3.371413
0.025641 , 0.512821 , 3.365395
0.025641 , 0.538462 , 3.359111
0.025641 , 0.564103 , 3.353723
0.025641 , 0.589744 , 3.348000
0.025641 , 0.615385 , 3.341831
0.025641 , 0.641026 , 3.336435
0.025641 , 0.666667 , 3.331526
0.025641 , 0.692308 , 3.327513
0.025641 , 0.717949 , 3.323744
0.025641 , 0.743590 , 3.320473
0.025641 , 0.769231 , 3.318025
0.025641 , 0.794872 , 3.314788
0.025641 , 0.820513 , 3.312097
0.025641 , 0.846154 , 3.309658
0.025641 , 0.871795 , 3.307710
0.025641 , 0.897436 , 3.305939
0.025641 , 0.923077 , 3.304604
0.025641 , 0.948718 , 3.304303
0.025641 , 0.974359 , 3.304184
0.025641 , 1.000000 , 3.303977
0.051282 , 0.000000 , 3.250790
0.051282 , 0.025641 , 3.251188
0.051282 , 0.051282 , 3.252129
0.051282 , 0.076923 , 3.252994
0.051282 , 0.102564 , 3.252635
0.051282 , 0.128205 , 3.250883
0.051282 , 0.153846 , 3.247476
0.051282 , 0.179487 , 3.243294
0.051282 , 0.205128 , 3.237698
0.051282 , 0.230769 , 3.231441
0.051282 , 0.256410 , 3.224278
0.051282 , 0.282051 , 3.215901
0.051282 , 0.307692 , 3.206465
0.051282 , 0.333333 , 3.196545
0.051282 , 0.358974 , 3.185641
0.051282 , 0.384615 , 3.175005
0.051282 , 0.410256 , 3.163672
0.051282 , 0.435897 , 3.152297
0.051282 , 0.461538 , 3.141435
0.051282 , 0.487179 , 3.130077
0.051282 , 0.512821 , 3.118377
0.051282 , 0.538462 , 3.106946
0.051282 , 0.564103 , 3.095207
0.051282 , 0.589744 , 3.084086
0.051282 , 0.615385 , 3.072179
0.051282 , 0.641026 , 3.061356
0.051282 , 0.666667 , 3.051937
0.051282 , 0.692308 , 3.043798
0.051282 , 0.717949 , 3.036311
0.051282 , 0.743590 , 3.029235
0.051282 , 0.769231 , 3.023361
0.051282 , 0.794872 , 3.018033
0.051282 , 0.820513 , 3.013415
0.051282 , 0.846154 , 3.008790
0.051282 , 0.871795 , 3.004621
0.051282 , 0.897436 , 3.001666
0.051282 , 0.923077 , 2.998686
0.051282 , 0.948718 , 2.997025
0.051282 , 0.974359 , 2.996238
0.051282 , 1.000000 , 2.996563
0.076923 , 0.000000 , 3.076600
0.076923 , 0.025641 , 3.077368
0.076923 , 0.051282 , 3.078229
0.076923 , 0.076923 , 3.078728
0.076923 , 0.102564 , 3.077864
0.076923 , 0.128205 , 3.075003
0.076923 , 0.153846 , 3.070287
0.076923 , 0.179487 , 3.063632
0.076923 , 0.205128 , 3.056045
0.076923 , 0.230769 , 3.046703
0.076923 , 0.256410 , 3.036348
0.076923 , 0.282051 , 3.024103
0.076923 , 0.307692 , 3.010388
0.076923 , 0.333333 , 2.995376
0.076923 , 0.358974 , 2.979448
0.076923 , 0.384615 , 2.963537
0.076923 , 0.410256 , 2.947118
0.076923 , 0.435897 , 2.930209
0.076923 , 0.461538 , 2.913079
0.076923 , 0.487179 , 2.896535
0.076923 , 0.512821 , 2.879469
0.076923 , 0.538462 , 2.861934
0.076923 , 0.564103 , 2.844035
0.076923 , 0.589744 , 2.826630
0.076923 , 0.615385 , 2.809844
0.076923 , 0.641026 , 2.794057
0.076923 , 0.666667 , 2.779976
0.076923 , 0.692308 , 2.767842
0.076923 , 0.717949 , 2.756590
0.076923 , 0.743590 , 2.746570
0.076923 , 0.769231 , 2.737884
0.076923 , 0.794872 , 2.729617
0.076923 , 0.820513 , 2.721928
0.076923 , 0.846154 , 2.715042
0.076923 , 0.871795 , 2.709352
0.076923 , 0.897436 , 2.704207
0.076923 , 0.923077 , 2.700917
0.076923 , 0.948718 , 2.698518
0.076923 , 0.974359 , 2.696669
0.076923 , 1.000000 , 2.696255
0.102564 , 0.000000 , 2.910023
0.102564 , 0.025641 , 2.909944
0.102564 , 0.051282 , 2.910352
0.102564 , 0.076923 , 2.911137
0.102564 , 0.102564 , 2.909650
0.102564 , 0.128205 , 2.905604
0.102564 , 0.153846 , 2.899368
0.102564 , 0.179487 , 2.890706
0.102564 , 0.205128 , 2.880575
0.102564 , 0.230769 , 2.868616
0.102564 , 0.256410 , 2.854744
0.102564 , 0.282051 , 2.838749
0.102564 , 0.307692 , 2.821913
0.102564 , 0.333333 , 2.802681
0.102564 , 0.358974 , 2.782474
0.102564 , 0.384615 , 2.761335
0.102564 , 0.410256 , 2.739197
0.102564 , 0.435897 , 2.716243
0.102564 , 0.461538 , 2.692386
0.102564 , 0.487179 , 2.669915
0.102564 , 0.512821 , 2.647732
0.102564 , 0.538462 , 2.624167
0.102564 , 0.564103 , 2.600551
0.102564 , 0.589744 , 2.577665
0.102564 , 0.615385 , 2.555935
0.102564 , 0.641026 , 2.535573
0.102564 , 0.666667 , 2.517110
0.102564 , 0.692308 , 2.500623
0.102564 , 0.717949 , 2.486191
0.102564 , 0.743590 , 2.472560
0.102564 , 0.769231 , 2.460143
0.102564 , 0.794872 , 2.448455
0.102564 , 0.820513 , 2.437950
0.102564 , 0.846154 , 2.427875
0.102564 , 0.871795 , 2.420677
0.102564 , 0.897436 , 2.414370
0.102564 , 0.923077 , 2.410697
0.102564 , 0.948718 , 2.407492
0.102564 , 0.974359 , 2.405365
0.102564 , 1.000000 , 2.404321
0.128205 , 0.000000 , 2.751858
0.128205 , 0.025641 , 2.750915
0.128205 , 0.051282 , 2.750459
0.128205 , 0.076923 , 2.750044
0.128205 , 0.102564 , 2.747964
0.128205 , 0.128205 , 2.743038
0.128205 , 0.153846 , 2.735424
0.128205 , 0.179487 , 2.724820
0.128205 , 0.205128 , 2.712110
0.128205 , 0.230769 , 2.697886
0.128205 , 0.256410 , 2.681089
0.128205 , 0.282051 , 2.661492
0.128205 , 0.307692 , 2.640540
0.128205 , 0.333333 , 2.617497
0.128205 , 0.358974 , 2.592187
0.128205 , 0.384615 , 2.566523
0.128205 , 0.410256 , 2.539476
0.128205 , 0.435897 , 2.510305
0.128205 , 0.461538 , 2.480809
0.128205 , 0.487179 , 2.452255
0.128205 , 0.512821 , 2.423072
0.128205 , 0.538462 , 2.393502
0.128205 , 0.564103 , 2.364778
0.128205 , 0.589744 , 2.337395
0.128205 , 0.615385 , 2.310581
0.128205 , 0.641026 , 2.285350
0.128205 , 0.666667 , 2.262561
0.128205 , 0.692308 , 2.241869
0.128205 , 0.717949 , 2.222687
0.128205 , 0.743590 , 2.205436
0.128205 , 0.769231 , 2.189982
0.128205 , 0.794872 , 2.175757
0.128205 , 0.820513 , 2.162043
0.128205 , 0.846154 , 2.149275
0.128205 , 0.871795 , 2.139400
0.128205 , 0.897436 , 2.132085
0.128205 , 0.923077 , 2.127675
0.128205 , 0.948718 , 2.124543
0.128205 , 0.974359 , 2.121801
0.128205 , 1.000000 , 2.120853
0.153846 , 0.000000 , 2.600378
0.153846 , 0.025641 , 2.599370
0.153846 , 0.051282 , 2.598577
0.153846 , 0.076923 , 2.597185
0.153846 , 0.102564 , 2.593946
0.153846 , 0.128205 , 2.587839
0.153846 , 0.153846 , 2.578403
0.153846 , 0.179487 , 2.566113
0.153846 , 0.205128 , 2.550858
0.153846 , 0.230769 , 2.534129
0.153846 , 0.256410 , 2.514970
0.153846 , 0.282051 , 2.491940
0.153846 , 0.307692 , 2.466144
0.153846 , 0.333333 , 2.438737
0.153846 , 0.358974 , 2.409332
0.153846 , 0.384615 , 2.379095
0.153846 , 0.410256 , 2.347271
0.153846 , 0.435897 , 2.313122
0.153846 , 0.461538 , 2.277576
0.153846 , 0.487179 , 2.243214
0.153846 , 0.512821 , 2.207830
0.153846 , 0.538462 , 2.172279
0.153846 , 0.564103 , 2.138322
0.153846 , 0.589744 , 2.105914
0.153846 , 0.615385 , 2.074697
0.153846 , 0.641026 , 2.045090
0.153846 , 0.666667 , 2.017673
0.153846 , 0.692308 , 1.992342
0.153846 , 0.717949 , 1.968886
0.153846 , 0.743590 , 1.946632
0.153846 , 0.769231 , 1.928075
0.153846 , 0.794872 , 1.911070
0.153846 , 0.820513 , 1.894596
0.153846 , 0.846154 , 1.879809
0.153846 , 0.871795 , 1.868233
0.153846 , 0.897436 , 1.859009
0.153846 , 0.923077 , 1.852471
0.153846 , 0.948718 , 1.848406
0.153846 , 0.974359 , 1.845348
0.153846 , 1.000000 , 1.844334
0.179487 , 0.000000 , 2.456948
0.179487 , 0.025641 , 2.456093
0.179487 , 0.051282 , 2.454777
0.179487 , 0.076923 , 2.452575
0.179487 , 0.102564 , 2.447866
0.179487 , 0.128205 , 2.440059
0.179487 , 0.153846 , 2.428746
0.179487 , 0.179487 , 2.414409
0.179487 , 0.205128 , 2.397338
0.179487 , 0.230769 , 2.377760
0.179487 , 0.256410 , 2.355131
0.179487 , 0.282051 , 2.328548
0.179487 , 0.307692 , 2.298695
0.179487 , 0.333333 , 2.267197
0.179487 , 0.358974 , 2.233861
0.179487 , 0.384615 , 2.199208
0.179487 , 0.410256 , 2.162115
0.179487 , 0.435897 , 2.123331
0.179487 , 0.461538 , 2.083080
0.179487 , 0.487179 , 2.042773
0.179487 , 0.512821 , 2.002168
0.179487 , 0.538462 , 1.961259
0.179487 , 0.564103 , 1.922017
0.179487 , 0.589744 , 1.884554
0.179487 , 0.615385 , 1.847955
0.179487 , 0.641026 , 1.813585
0.179487 , 0.666667 , 1.781773
0.179487 , 0.692308 , 1.751337
0.179487 , 0.717949 , 1.723468
0.179487 , 0.743590 , 1.696938
0.179487 , 0.769231 , 1.673918
0.179487 , 0.794872 , 1.653505
0.179487 , 0.820513 , 1.634934
0.179487 , 0.846154 , 1.618109
0.179487 , 0.871795 , 1.604701
0.179487 , 0.897436 , 1.594445
0.179487 , 0.923077 , 1.585823
0.179487 , 0.948718 , 1.580316
0.179487 , 0.974359 , 1.576924
0.179487 , 1.000000 , 1.575684
0.205128 , 0.000000 , 2.321723
0.205128 , 0.025641 , 2.321402
0.205128 , 0.051282 , 2.319330
0.205128 , 0.076923 , 2.315604
0.205128 , 0.102564 , 2.309142
0.205128 , 0.128205 , 2.299699
0.205128 , 0.153846 , 2.286449
0.205128 , 0.179487 , 2.270220
0.205128 , 0.205128 , 2.250448
0.205128 , 0.230769 , 2.228230
0.205128 , 0.256410 , 2.202983
0.205128 , 0.282051 , 2.172386
0.205128 , 0.307692 , 2.138928
0.205128 , 0.333333 , 2.103869
0.205128 , 0.358974 , 2.066629
0.205128 , 0.384615 , 2.026670
0.205128 , 0.410256 , 1.984592
0.205128 , 0.435897 , 1.940933
0.205128 , 0.461538 , 1.895997
0.205128 , 0.487179 , 1.850667
0.205128 , 0.512821 , 1.804977
0.205128 , 0.538462 , 1.758795
0.205128 , 0.564103 , 1.714001
0.205128 , 0.589744 , 1.670695
0.205128 , 0.615385 , 1.629132
0.205128 , 0.641026 , 1.589533
0.205128 , 0.666667 , 1.552964
0.205128 , 0.692308 , 1.517597
0.205128 , 0.717949 , 1.485097
0.205128 , 0.743590 , 1.455050
0.205128 , 0.769231 , 1.427929
0.205128 , 0.794872 , 1.403957
0.205128 , 0.820513 , 1.382206
0.205128 , 0.846154 , 1.363657
0.205128 , 0.871795 , 1.349289
0.205128 , 0.897436 , 1.337775
0.205128 , 0.923077 , 1.327385
0.205128 , 0.948718 , 1.320679
0.205128 , 0.974359 , 1.317606
0.205128 , 1.000000 , 1.316109
0.230769 , 0.000000 , 2.194998
0.230769 , 0.025641 , 2.194316
0.230769 , 0.051282 , 2.191913
0.230769 , 0.076923 , 2.187121
0.230769 , 0.102564 , 2.178799
0.230769 , 0.128205 , 2.167438
0.230769 , 0.153846 , 2.152526
0.230769 , 0.179487 , 2.134429
0.230769 , 0.205128 , 2.112487
0.230769 , 0.230769 , 2.086489
0.230769 , 0.256410 , 2.057969
0.230769 , 0.282051 , 2.024729
0.230769 , 0.307692 , 1.987127
0.230769 , 0.333333 , 1.947823
0.230769 , 0.358974 , 1.906289
0.230769 , 0.384615 , 1.861189
0.230769 , 0.410256 , 1.814118
0.230769 , 0.435897 , 1.766081
0.230769 , 0.461538 , 1.715625
0.230769 , 0.487179 , 1.665363
0.230769 , 0.512821 , 1.615095
0.230769 , 0.538462 , 1.563787
0.230769 , 0.564103 , 1.513425
0.230769 , 0.589744 , 1.464685
0.230769 , 0.615385 , 1.417798
0.230769 , 0.641026 , 1.373270
0.230769 , 0.666667 , 1.331446
0.230769 , 0.692308 , 1.291858
0.230769 , 0.717949 , 1.255464
0.230769 , 0.743590 , 1.221762
0.230769 , 0.769231 , 1.189657
0.230769 , 0.794872 , 1.162003
0.230769 , 0.820513 , 1.137582
0.230769 , 0.846154 , 1.116883
0.230769 , 0.871795 , 1.100535
0.230769 , 0.897436 , 1.087677
0.230769 , 0.923077 , 1.076435
0.230769 , 0.948718 , 1.069190
0.230769 , 0.974359 , 1.066065
0.230769 , 1.000000 , 1.065388
0.256410 , 0.000000 , 2.076739
0.256410 , 0.025641 , 2.075807
0.256410 , 0.051282 , 2.072805
0.256410 , 0.076923 , 2.067299
0.256410 , 0.102564 , 2.057825
0.256410 , 0.128205 , 2.044449
0.256410 , 0.153846 , 2.026922
0.256410 , 0.179487 , 2.006045
0.256410 , 0.205128 , 1.981151
0.256410 , 0.230769 , 1.952420
0.256410 , 0.256410 , 1.920161
0.256410 , 0.282051 , 1.883644
0.256410 , 0.307692 , 1.842597
0.256410 , 0.333333 , 1.798548
0.256410 , 0.358974 , 1.752694
0.256410 , 0.384615 , 1.702908
0.256410 , 0.410256 , 1.650708
0.256410 , 0.435897 , 1.598098
0.256410 , 0.461538 , 1.543189
0.256410 , 0.487179 , 1.487653
0.256410 , 0.512821 , 1.432149
0.256410 , 0.538462 , 1.376435
0.256410 , 0.564103 , 1.321249
0.256410 , 0.589744 , 1.267465
0.256410 , 0.615385 , 1.215095
0.256410 , 0.641026 , 1.165344
0.256410 , 0.666667 , 1.119320
0.256410 , 0.692308 , 1.075440
0.256410 , 0.717949 , 1.033771
0.256410 , 0.743590 , 0.995340
0.256410 , 0.769231 , 0.959384
0.256410 , 0.794872 , 0.927914
0.256410 , 0.820513 , 0.901388
0.256410 , 0.846154 , 0.878578
0.256410 , 0.871795 , 0.860100
0.256410 , 0.897436 , 0.843902
0.256410 , 0.923077 , 0.831509
0.256410 , 0.948718 , 0.823680
0.256410 , 0.974359 , 0.819660
0.256410 , 1.000000 , 0.818761
0.282051 , 0.000000 , 1.969014
0.282051 , 0.025641 , 1.967515
0.282051 , 0.051282 , 1.963573
0.282051 , 0.076923 , 1.956588
0.282051 , 0.102564 , 1.945566
0.282051 , 0.128205 , 1.930095
0.282051 , 0.153846 , 1.910098
0.282051 , 0.179487 , 1.886207
0.282051 , 0.205128 , 1.858663
0.282051 , 0.230769 , 1.827012
0.282051 , 0.256410 , 1.790708
0.282051 , 0.282051 , 1.749864
0.282051 , 0.307692 , 1.704770
0.282051 , 0.333333 , 1.656237
0.282051 , 0.358974 , 1.605871
0.282051 , 0.384615 , 1.551831
0.282051 , 0.410256 , 1.494862
0.282051 , 0.435897 , 1.437099
0.282051 , 0.461538 , 1.377911
0.282051 , 0.487179 , 1.318174
0.282051 , 0.512821 , 1.257413
0.282051 , 0.538462 , 1.196826
0.282051 , 0.564103 , 1.136152
0.282051 , 0.589744 , 1.077142
0.282051 , 0.615385 , 1.020039
0.282051 , 0.641026 , 0.965764
0.282051 , 0.666667 , 0.914751
0.282051 , 0.692308 , 0.866196
0.282051 , 0.717949 , 0.819936
0.282051 , 0.743590 , 0.776509
0.282051 , 0.769231 , 0.737339
0.282051 , 0.794872 , 0.702341
0.282051 , 0.820513 , 0.672540
0.282051 , 0.846154 , 0.647620
0.282051 , 0.871795 , 0.626208
0.282051 , 0.897436 , 0.607674
0.282051 , 0.923077 , 0.593291
0.282051 , 0.948718 , 0.584520
0.282051 , 0.974359 , 0.579227
0.282051 , 1.000000 , 0.577660
0.307692 , 0.000000 , 1.870880
0.307692 , 0.025641 , 1.869293
0.307692 , 0.051282 , 1.864099
0.307692 , 0.076923 , 1.855038
0.307692 , 0.102564 , 1.841772
0.307692 , 0.128205 , 1.825032
0.307692 , 0.153846 , 1.803064
0.307692 , 0.179487 , 1.776096
0.307692 , 0.205128 , 1.744637
0.307692 , 0.230769 , 1.708909
0.307692 , 0.256410 , 1.668089
0.307692 , 0.282051 , 1.622905
0.307692 , 0.307692 , 1.573389
0.307692 , 0.333333 , 1.521137
0.307692 , 0.358974 , 1.466478
0.307692 , 0.384615 , 1.408328
0.307692 , 0.410256 , 1.346696
0.307692 , 0.435897 , 1.284035
0.307692 , 0.461538 , 1.220455
0.307692 , 0.487179 , 1.156017
0.307692 , 0.512821 , 1.090021
0.307692 , 0.538462 , 1.024330
0.307692 , 0.564103 , 0.958634
0.307692 , 0.589744 , 0.894484
0.307692 , 0.615385 , 0.832804
0.307692 , 0.641026 , 0.773707
0.307692 , 0.666667 , 0.717410
0.307692 , 0.692308 , 0.663293
0.307692 , 0.717949 , 0.612815
0.307692 , 0.743590 , 0.565547
0.307692 , 0.769231 , 0.522734
0.307692 , 0.794872 , 0.484843
0.307692 , 0.820513 , 0.451506
0.307692 , 0.846154 , 0.422561
0.307692 , 0.871795 , 0.398046
0.307692 , 0.897436 , 0.377560
0.307692 , 0.923077 , 0.361753
0.307692 , 0.948718 , 0.351716
0.307692 , 0.974359 , 0.345553
0.307692 , 1.000000 , 0.343701
0.333333 , 0.000000 , 1.782382
0.333333 , 0.025641 , 1.780655
0.333333 , 0.051282 , 1.774714
0.333333 , 0.076923 , 1.763967
0.333333 , 0.102564 , 1.748346
0.333333 , 0.128205 , 1.728779
0.333333 , 0.153846 , 1.704637
0.333333 , 0.179487 , 1.674700
0.333333 , 0.205128 , 1.638939
0.333333 , 0.230769 , 1.598442
0.333333 , 0.256410 , 1.553163
0.333333 , 0.282051 , 1.505155
0.333333 , 0.307692 , 1.452284
0.333333 , 0.333333 , 1.395073
0.333333 , 0.358974 , 1.335706
0.333333 , 0.384615 , 1.273411
0.333333 , 0.410256 , 1.207605
0.333333 , 0.435897 , 1.140384
0.333333 , 0.461538 , 1.071804
0.333333 , 0.487179 , 1.001917
0.333333 , 0.512821 , 0.930987
0.333333 , 0.538462 , 0.860027
0.333333 , 0.564103 , 0.789353
0.333333 , 0.589744 , 0.719834
0.333333 , 0.615385 , 0.652443
0.333333 , 0.641026 , 0.588132
0.333333 , 0.666667 , 0.526195
0.333333 , 0.692308 , 0.467456
0.333333 , 0.717949 , 0.412531
0.333333 , 0.743590 , 0.361329
0.333333 , 0.769231 , 0.314414
0.333333 , 0.794872 , 0.272779
0.333333 , 0.820513 , 0.235548
0.333333 , 0.846154 , 0.202821
0.333333 , 0.871795 , 0.175085
0.333333 , 0.897436 , 0.153063
0.333333 , 0.923077 , 0.135725
0.333333 , 0.948718 , 0.124551
0.333333 , 0.974359 , 0.117758
0.333333 , 1.000000 , 0.115001
0.358974 , 0.000000 , 1.705537
0.358974 , 0.025641 , 1.703210
0.358974 , 0.051282 , 1.696105
0.358974 , 0.076923 , 1.683979
0.358974 , 0.102564 , 1.665473
0.358974 , 0.128205 , 1.642448
0.358974 , 0.153846 , 1.615383
0.358974 , 0.179487 , 1.582184
0.358974 , 0.205128 , 1.542704
0.358974 , 0.230769 , 1.497476
0.358974 , 0.256410 , 1.447874
0.358974 , 0.282051 , 1.396145
0.358974 , 0.307692 , 1.340369
0.358974 , 0.333333 , 1.278893
0.358974 , 0.358974 , 1.214442
0.358974 , 0.384615 , 1.147656
0.358974 , 0.410256 , 1.077431
0.358974 , 0.435897 , 1.004715
0.358974 , 0.461538 , 0.930555
0.358974 , 0.487179 , 0.855587
0.358974 , 0.512821 , 0.779235
0.358974 , 0.538462 , 0.702352
0.358974 , 0.564103 , 0.626409
0.358974 , 0.589744 , 0.551924
0.358974 , 0.615385 , 0.478956
0.358974 , 0.641026 , 0.408716
0.358974 , 0.666667 , 0.342121
0.358974 , 0.692308 , 0.279026
0.358974 , 0.717949 , 0.219987
0.358974 , 0.743590 , 0.164181
0.358974 , 0.769231 , 0.112662
0.358974 , 0.794872 , 0.066532
0.358974 , 0.820513 , 0.025367
0.358974 , 0.846154 , -0.011248
0.358974 , 0.871795 , -0.042438
0.358974 , 0.897436 , -0.066875
0.358974 , 0.923077 , -0.085577
0.358974 , 0.948718 , -0.097804
0.358974 , 0.974359 , -0.105315
0.358974 , 1.000000 , -0.108256
0.384615 , 0.000000 , 1.640172
0.384615 , 0.025641 , 1.637133
0.384615 , 0.051282 , 1.628400
0.384615 , 0.076923 , 1.614496
0.384615 , 0.102564 , 1.593671
0.384615 , 0.128205 , 1.566696
0.384615 , 0.153846 , 1.535792
0.384615 , 0.179487 , 1.499820
0.384615 , 0.205128 , 1.456839
0.384615 , 0.230769 , 1.407399
0.384615 , 0.256410 , 1.353462
0.384615 , 0.282051 , 1.297566
0.384615 , 0.307692 , 1.236969
0.384615 , 0.333333 , 1.171525
0.384615 , 0.358974 , 1.102428
0.384615 , 0.384615 , 1.030141
0.384615 , 0.410256 , 0.954642
0.384615 , 0.435897 , 0.876434
0.384615 , 0.461538 , 0.796784
0.384615 , 0.487179 , 0.716064
0.384615 , 0.512821 , 0.634186
0.384615 , 0.538462 , 0.551629
0.384615 , 0.564103 , 0.469944
0.384615 , 0.589744 , 0.390249
0.384615 , 0.615385 , 0.312060
0.384615 , 0.641026 , 0.235431
0.384615 , 0.666667 , 0.163379
0.384615 , 0.692308 , 0.095125
0.384615 , 0.717949 , 0.031203
0.384615 , 0.743590 , -0.028953
0.384615 , 0.769231 , -0.084463
0.384615 , 0.794872 , -0.134920
0.384615 , 0.820513 , -0.180064
0.384615 , 0.846154 , -0.219866
0.384615 , 0.871795 , -0.253921
0.384615 , 0.897436 , -0.280970
0.384615 , 0.923077 , -0.301510
0.384615 , 0.948718 , -0.315550
0.384615 , 0.974359 , -0.323960
0.384615 , 1.000000 , -0.327129
0.410256 , 0.000000 , 1.585339
0.410256 , 0.025641 , 1.581947
0.410256 , 0.051282 , 1.571648
0.410256 , 0.076923 , 1.555853
0.410256 , 0.102564 , 1.532656
0.410256 , 0.128205 , 1.503396
0.410256 , 0.153846 , 1.468723
0.410256 , 0.179487 , 1.428028
0.410256 , 0.205128 , 1.381777
0.410256 , 0.230769 , 1.328864
0.410256 , 0.256410 , 1.270602
0.410256 , 0.282051 , 1.209712
0.410256 , 0.307692 , 1.143781
0.410256 , 0.333333 , 1.073126
0.410256 , 0.358974 , 0.999186
0.410256 , 0.384615 , 0.920934
0.410256 , 0.410256 , 0.839376
0.410256 , 0.435897 , 0.755458
0.410256 , 0.461538 , 0.669784
0.410256 , 0.487179 , 0.583061
0.410256 , 0.512821 , 0.495340
0.410256 , 0.538462 , 0.407460
0.410256 , 0.564103 , 0.320141
0.410256 , 0.589744 , 0.234225
0.410256 , 0.615385 , 0.150777
0.410256 , 0.641026 , 0.068122
0.410256 , 0.666667 , -0.010140
0.410256 , 0.692308 , -0.084299
0.410256 , 0.717949 , -0.153925
0.410256 , 0.743590 , -0.218874
0.410256 , 0.769231 , -0.278531
0.410256 , 0.794872 , -0.332649
0.410256 , 0.820513 , -0.381448
0.410256 , 0.846154 , -0.424327
0.410256 , 0.871795 , -0.460789
0.410256 , 0.897436 , -0.490486
0.410256 , 0.923077 , -0.512923
0.410256 , 0.948718 , -0.528473
0.410256 , 0.974359 , -0.537828
0.410256 , 1.000000 , -0.541076
0.435897 , 0.000000 , 1.541721
0.435897 , 0.025641 , 1.537570
0.435897 , 0.051282 , 1.526619
0.435897 , 0.076923 , 1.508871
0.435897 , 0.102564 , 1.483776
0.435897 , 0.128205 , 1.451523
0.435897 , 0.153846 , 1.413937
0.435897 , 0.179487 , 1.369332
0.435897 , 0.205128 , 1.318512
0.435897 , 0.230769 , 1.261373
0.435897 , 0.256410 , 1.198598
0.435897 , 0.282051 , 1.131794
0.435897 , 0.307692 , 1.060357
0.435897 , 0.333333 , 0.984025
0.435897 , 0.358974 , 0.904260
0.435897 , 0.384615 , 0.820431
0.435897 , 0.410256 , 0.732413
0.435897 , 0.435897 , 0.641922
0.435897 , 0.461538 , 0.549915
0.435897 , 0.487179 , 0.456460
0.435897 , 0.512821 , 0.362445
0.435897 , 0.538462 , 0.268335
0.435897 , 0.564103 , 0.175224
0.435897 , 0.589744 , 0.083430
0.435897 , 0.615385 , -0.006237
0.435897 , 0.641026 , -0.094597
0.435897 , 0.666667 , -0.179232
0.435897 , 0.692308 , -0.259393
0.435897 , 0.717949 , -0.334492
0.435897 , 0.743590 , -0.404423
0.435897 , 0.769231 , -0.468116
0.435897 , 0.794872 , -0.526121
0.435897 , 0.820513 , -0.578741
0.435897 , 0.846154 , -0.624915
0.435897 , 0.871795 , -0.664378
0.435897 , 0.897436 , -0.696944
0.435897 , 0.923077 , -0.721580
0.435897 , 0.948718 , -0.738527
0.435897 , 0.974359 , -0.748067
0.435897 , 1.000000 , -0.751405
0.461538 , 0.000000 , 1.510802
0.461538 , 0.025641 , 1.506064
0.461538 , 0.051282 , 1.494042
0.461538 , 0.076923 , 1.474656
0.461538 , 0.102564 , 1.447583
0.461538 , 0.128205 , 1.412653
0.461538 , 0.153846 , 1.371174
0.461538 , 0.179487 , 1.322468
0.461538 , 0.205128 , 1.267409
0.461538 , 0.230769 , 1.205370
0.461538 , 0.256410 , 1.138217
0.461538 , 0.282051 , 1.065328
0.461538 , 0.307692 , 0.987647
0.461538 , 0.333333 , 0.905417
0.461538 , 0.358974 , 0.818801
0.461538 , 0.384615 , 0.728054
0.461538 , 0.410256 , 0.633336
0.461538 , 0.435897 , 0.536107
0.461538 , 0.461538 , 0.437226
0.461538 , 0.487179 , 0.336614
0.461538 , 0.512821 , 0.235095
0.461538 , 0.538462 , 0.134476
0.461538 , 0.564103 , 0.034388
0.461538 , 0.589744 , -0.063702
0.461538 , 0.615385 , -0.159672
0.461538 , 0.641026 , -0.253863
0.461538 , 0.666667 , -0.344888
0.461538 , 0.692308 , -0.431254
0.461538 , 0.717949 , -0.511656
0.461538 , 0.743590 , -0.586395
0.461538 , 0.769231 , -0.655280
0.461538 , 0.794872 , -0.717316
0.461538 , 0.820513 , -0.773275
0.461538 , 0.846154 , -0.822831
0.461538 , 0.871795 , -0.865480
0.461538 , 0.897436 , -0.900779
0.461538 , 0.923077 , -0.927801
0.461538 , 0.948718 , -0.946790
0.461538 , 0.974359 , -0.957889
0.461538 , 1.000000 , -0.961073
0.487179 , 0.000000 , 1.492175
0.487179 , 0.025641 , 1.487639
0.487179 , 0.051282 , 1.474593
0.487179 , 0.076923 , 1.453533
0.487179 , 0.102564 , 1.424199
0.487179 , 0.128205 , 1.386354
0.487179 , 0.153846 , 1.340699
0.487179 , 0.179487 , 1.287813
0.487179 , 0.205128 , 1.228596
0.487179 , 0.230769 , 1.161827
0.487179 , 0.256410 , 1.088952
0.487179 , 0.282051 , 1.010555
0.487179 , 0.307692 , 0.926082
0.487179 , 0.333333 , 0.836445
0.487179 , 0.358974 , 0.742697
0.487179 , 0.384615 , 0.645008
0.487179 , 0.410256 , 0.543092
0.487179 , 0.435897 , 0.438437
0.487179 , 0.461538 , 0.331490
0.487179 , 0.487179 , 0.223179
0.487179 , 0.512821 , 0.114587
0.487179 , 0.538462 , 0.006556
0.487179 , 0.564103 , -0.100591
0.487179 , 0.589744 , -0.206222
0.487179 , 0.615385 , -0.309966
0.487179 , 0.641026 , -0.410550
0.487179 , 0.666667 , -0.507962
0.487179 , 0.692308 , -0.600271
0.487179 , 0.717949 , -0.686592
0.487179 , 0.743590 , -0.766467
0.487179 , 0.769231 , -0.840053
0.487179 , 0.794872 , -0.907229
0.487179 , 0.820513 , -0.967064
0.487179 , 0.846154 , -1.020291
0.487179 , 0.871795 , -1.066615
0.487179 , 0.897436 , -1.104432
0.487179 , 0.923077 , -1.133269
0.487179 , 0.948718 , -1.154388
0.487179 , 0.974359 , -1.166683
0.487179 , 1.000000 , -1.170806
0.512821 , 0.000000 , 1.488424
0.512821 , 0.025641 , 1.483253
0.512821 , 0.051282 , 1.468807
0.512821 , 0.076923 , 1.446302
0.512821 , 0.102564 , 1.414445
0.512821 , 0.128205 , 1.373671
0.512821 , 0.153846 , 1.323821
0.512821 , 0.179487 , 1.266101
0.512821 , 0.205128 , 1.202055
0.512821 , 0.230769 , 1.130361
0.512821 , 0.256410 , 1.051362
0.512821 , 0.282051 , 0.966867
0.512821 , 0.307692 , 0.876278
0.512821 , 0.333333 , 0.779161
0.512821 , 0.358974 , 0.677191
0.512821 , 0.384615 , 0.571402
0.512821 , 0.410256 , 0.461514
0.512821 , 0.435897 , 0.348553
0.512821 , 0.461538 , 0.233667
0.512821 , 0.487179 , 0.117164
0.512821 , 0.512821 , 0.000457
0.512821 , 0.538462 , -0.115176
0.512821 , 0.564103 , -0.230922
0.512821 , 0.589744 , -0.344658
0.512821 , 0.615385 , -0.456255
0.512821 , 0.641026 , -0.564667
0.512821 , 0.666667 , -0.668640
0.512821 , 0.692308 , -0.767037
0.512821 , 0.717949 , -0.859594
0.512821 , 0.743590 , -0.945295
0.512821 , 0.769231 , -1.023790
0.512821 , 0.794872 , -1.096253
0.512821 , 0.820513 , -1.161071
0.512821 , 0.846154 , -1.217961
0.512821 , 0.871795 , -1.267089
0.512821 , 0.897436 , -1.307777
0.512821 , 0.923077 , -1.339151
0.512821 , 0.948718 , -1.362348
0.512821 , 0.974359 , -1.375969
0.512821 , 1.000000 , -1.380461
0.538462 , 0.000000 , 1.498589
0.538462 , 0.025641 , 1.493379
0.538462 , 0.051282 , 1.477600
0.538462 , 0.076923 , 1.452787
0.538462 , 0.102564 , 1.419026
0.538462 , 0.128205 , 1.375184
0.538462 , 0.153846 , 1.321752
0.538462 , 0.179487 , 1.259837
0.538462 , 0.205128 , 1.189876
0.538462 , 0.230769 , 1.112644
0.538462 , 0.256410 , 1.028168
0.538462 , 0.282051 , 0.937222
0.538462 , 0.307692 , 0.839169
0.538462 , 0.333333 , 0.734166
0.538462 , 0.358974 , 0.623888
0.538462 , 0.384615 , 0.509258
0.538462 , 0.410256 , 0.390137
0.538462 , 0.435897 , 0.267901
0.538462 , 0.461538 , 0.143691
0.538462 , 0.487179 , 0.018219
0.538462 , 0.512821 , -0.107798
0.538462 , 0.538462 , -0.233005
0.538462 , 0.564103 , -0.357140
0.538462 , 0.589744 , -0.479867
0.538462 , 0.615385 , -0.599908
0.538462 , 0.641026 , -0.716334
0.538462 , 0.666667 , -0.827918
0.538462 , 0.692308 , -0.933263
0.538462 , 0.717949 , -1.032758
0.538462 , 0.743590 , -1.124615
0.538462 , 0.769231 , -1.208688
0.538462 , 0.794872 , -1.286282
0.538462 , 0.820513 , -1.356083
0.538462 , 0.846154 , -1.416490
0.538462 , 0.871795 , -1.468371
0.538462 , 0.897436 , -1.511528
0.538462 , 0.923077 , -1.546131
0.538462 , 0.948718 , -1.571037
0.538462 , 0.974359 , -1.586070
0.538462 , 1.000000 , -1.590862
0.564103 , 0.000000 , 1.523682
0.564103 , 0.025641 , 1.518039
0.564103 , 0.051282 , 1.501667
0.564103 , 0.076923 , 1.474866
0.564103 , 0.102564 , 1.438680
0.564103 , 0.128205 , 1.392197
0.564103 , 0.153846 , 1.335036
0.564103 , 0.179487 , 1.268716
0.564103 , 0.205128 , 1.193458
0.564103 , 0.230769 , 1.110333
0.564103 , 0.256410 , 1.019660
0.564103 , 0.282051 , 0.921762
0.564103 , 0.307692 , 0.815322
0.564103 , 0.333333 , 0.701575
0.564103 , 0.358974 , 0.582289
0.564103 , 0.384615 , 0.458118
0.564103 , 0.410256 , 0.329451
0.564103 , 0.435897 , 0.196852
0.564103 , 0.461538 , 0.062089
0.564103 , 0.487179 , -0.074159
0.564103 , 0.512821 , -0.210787
0.564103 , 0.538462 , -0.346621
0.564103 , 0.564103 , -0.481427
0.564103 , 0.589744 , -0.613318
0.564103 , 0.615385 , -0.741973
0.564103 , 0.641026 , -0.867190
0.564103 , 0.666667 , -0.986811
0.564103 , 0.692308 , -1.100055
0.564103 , 0.717949 , -1.207302
0.564103 , 0.743590 , -1.306187
0.564103 , 0.769231 , -1.396285
0.564103 , 0.794872 , -1.478704
0.564103 , 0.820513 , -1.552131
0.564103 , 0.846154 , -1.616672
0.564103 , 0.871795 , -1.672294
0.564103 , 0.897436 , -1.718272
0.564103 , 0.923077 , -1.755010
0.564103 , 0.948718 , -1.781655
0.564103 , 0.974359 , -1.797799
0.564103 , 1.000000 , -1.803164
0.589744 , 0.000000 , 1.563848
0.589744 , 0.025641 , 1.558476
0.589744 , 0.051282 , 1.541302
0.589744 , 0.076923 , 1.512213
0.589744 , 0.102564 , 1.473649
0.589744 , 0.128205 , 1.424892
0.589744 , 0.153846 , 1.364125
0.589744 , 0.179487 , 1.293556
0.589744 , 0.205128 , 1.213649
0.589744 , 0.230769 , 1.124267
0.589744 , 0.256410 , 1.026050
0.589744 , 0.282051 , 0.919793
0.589744 , 0.307692 , 0.804952
0.589744 , 0.333333 , 0.682268
0.589744 , 0.358974 , 0.553039
0.589744 , 0.384615 , 0.418101
0.589744 , 0.410256 , 0.278228
0.589744 , 0.435897 , 0.134419
0.589744 , 0.461538 , -0.012149
0.589744 , 0.487179 , -0.160328
0.589744 , 0.512821 , -0.308924
0.589744 , 0.538462 , -0.456236
0.589744 , 0.564103 , -0.602009
0.589744 , 0.589744 , -0.745079
0.589744 , 0.615385 , -0.883783
0.589744 , 0.641026 , -1.018246
0.589744 , 0.666667 , -1.147012
0.589744 , 0.692308 , -1.268976
0.589744 , 0.717949 , -1.383880
0.589744 , 0.743590 , -1.490197
0.589744 , 0.769231 , -1.586854
0.589744 , 0.794872 , -1.674415
0.589744 , 0.820513 , -1.751802
0.589744 , 0.846154 , -1.820266
0.589744 , 0.871795 , -1.879158
0.589744 , 0.897436 , -1.928015
0.589744 , 0.923077 , -1.966164
0.589744 , 0.948718 , -1.994126
0.589744 , 0.974359 , -2.011075
0.589744 , 1.000000 , -2.016770
0.615385 , 0.000000 , 1.621496
0.615385 , 0.025641 , 1.615198
0.615385 , 0.051282 , 1.597214
0.615385 , 0.076923 , 1.566268
0.615385 , 0.102564 , 1.525311
0.615385 , 0.128205 , 1.473968
0.615385 , 0.153846 , 1.409915
0.615385 , 0.179487 , 1.335231
0.615385 , 0.205128 , 1.250187
0.615385 , 0.230769 , 1.154388
0.615385 , 0.256410 , 1.049064
0.615385 , 0.282051 , 0.933690
0.615385 , 0.307692 , 0.809148
0.615385 , 0.333333 , 0.676244
0.615385 , 0.358974 , 0.536291
0.615385 , 0.384615 , 0.389826
0.615385 , 0.410256 , 0.238092
0.615385 , 0.435897 , 0.081492
0.615385 , 0.461538 , -0.078526
0.615385 , 0.487179 , -0.240242
0.615385 , 0.512821 , -0.401630
0.615385 , 0.538462 , -0.562036
0.615385 , 0.564103 , -0.720241
0.615385 , 0.589744 , -0.875407
0.615385 , 0.615385 , -1.025841
0.615385 , 0.641026 , -1.170434
0.615385 , 0.666667 , -1.309790
0.615385 , 0.692308 , -1.441738
0.615385 , 0.717949 , -1.565165
0.615385 , 0.743590 , -1.678566
0.615385 , 0.769231 , -1.782065
0.615385 , 0.794872 , -1.874957
0.615385 , 0.820513 , -1.956866
0.615385 , 0.846154 , -2.028962
0.615385 , 0.871795 , -2.090517
0.615385 , 0.897436 , -2.141234
0.615385 , 0.923077 , -2.181030
0.615385 , 0.948718 , -2.210281
0.615385 , 0.974359 , -2.227808
0.615385 , 1.000000 , -2.234003
0.641026 , 0.000000 , 1.696502
0.641026 , 0.025641 , 1.689413
0.641026 , 0.051282 , 1.669643
0.641026 , 0.076923 , 1.637499
0.641026 , 0.102564 , 1.594633
0.641026 , 0.128205 , 1.539677
0.641026 , 0.153846 , 1.472945
0.641026 , 0.179487 , 1.394471
0.641026 , 0.205128 , 1.303776
0.641026 , 0.230769 , 1.201719
0.641026 , 0.256410 , 1.088444
0.641026 , 0.282051 , 0.964386
0.641026 , 0.307692 , 0.829578
0.641026 , 0.333333 , 0.686146
0.641026 , 0.358974 , 0.534270
0.641026 , 0.384615 , 0.374870
0.641026 , 0.410256 , 0.209411
0.641026 , 0.435897 , 0.038620
0.641026 , 0.461538 , -0.136097
0.641026 , 0.487179 , -0.312738
0.641026 , 0.512821 , -0.488894
0.641026 , 0.538462 , -0.664216
0.641026 , 0.564103 , -0.837132
0.641026 , 0.589744 , -1.005984
0.641026 , 0.615385 , -1.169197
0.641026 , 0.641026 , -1.326128
0.641026 , 0.666667 , -1.476870
0.641026 , 0.692308 , -1.618972
0.641026 , 0.717949 , -1.751333
0.641026 , 0.743590 , -1.873079
0.641026 , 0.769231 , -1.983016
0.641026 , 0.794872 , -2.081545
0.641026 , 0.820513 , -2.167948
0.641026 , 0.846154 , -2.243541
0.641026 , 0.871795 , -2.307669
0.641026 , 0.897436 , -2.360686
0.641026 , 0.923077 , -2.401443
0.641026 , 0.948718 , -2.431013
0.641026 , 0.974359 , -2.449658
0.641026 , 1.000000 , -2.456444
0.666667 , 0.000000 , 1.787393
0.666667 , 0.025641 , 1.780476
0.666667 , 0.051282 , 1.760187
0.666667 , 0.076923 , 1.727202
0.666667 , 0.102564 , 1.682507
0.666667 , 0.128205 , 1.624782
0.666667 , 0.153846 , 1.555008
0.666667 , 0.179487 , 1.472130
0.666667 , 0.205128 , 1.376167
0.666667 , 0.230769 , 1.268354
0.666667 , 0.256410 , 1.147874
0.666667 , 0.282051 , 1.014234
0.666667 , 0.307692 , 0.868185
0.666667 , 0.333333 , 0.712489
0.666667 , 0.358974 , 0.547167
0.666667 , 0.384615 , 0.373140
0.666667 , 0.410256 , 0.192540
0.666667 , 0.435897 , 0.006412
0.666667 , 0.461538 , -0.184851
0.666667 , 0.487179 , -0.377785
0.666667 , 0.512821 , -0.571123
0.666667 , 0.538462 , -0.763159
0.666667 , 0.564103 , -0.952257
0.666667 , 0.589744 , -1.137096
0.666667 , 0.615385 , -1.314644
0.666667 , 0.641026 , -1.485058
0.666667 , 0.666667 , -1.648667
0.666667 , 0.692308 , -1.801523
0.666667 , 0.717949 , -1.942524
0.666667 , 0.743590 , -2.072536
0.666667 , 0.769231 , -2.189414
0.666667 , 0.794872 , -2.294148
0.666667 , 0.820513 , -2.385597
0.666667 , 0.846154 , -2.464880
0.666667 , 0.871795 , -2.531059
0.666667 , 0.897436 , -2.586163
0.666667 , 0.923077 , -2.628261
0.666667 , 0.948718 , -2.658049
0.666667 , 0.974359 , -2.676776
0.666667 , 1.000000 , -2.683786
0.692308 , 0.000000 , 1.896805
0.692308 , 0.025641 , 1.889623
0.692308 , 0.051282 , 1.869450
0.692308 , 0.076923 , 1.836307
0.692308 , 0.102564 , 1.789760
0.692308 , 0.128205 , 1.730458
0.692308 , 0.153846 , 1.657428
0.692308 , 0.179487 , 1.569959
0.692308 , 0.205128 , 1.469552
0.692308 , 0.230769 , 1.355456
0.692308 , 0.256410 , 1.227258
0.692308 , 0.282051 , 1.083533
0.692308 , 0.307692 , 0.926447
0.692308 , 0.333333 , 0.757324
0.692308 , 0.358974 , 0.577020
0.692308 , 0.384615 , 0.387034
0.692308 , 0.410256 , 0.189007
0.692308 , 0.435897 , -0.014657
0.692308 , 0.461538 , -0.223731
0.692308 , 0.487179 , -0.435724
0.692308 , 0.512821 , -0.648208
0.692308 , 0.538462 , -0.859981
0.692308 , 0.564103 , -1.067415
0.692308 , 0.589744 , -1.269682
0.692308 , 0.615385 , -1.464011
0.692308 , 0.641026 , -1.649012
0.692308 , 0.666667 , -1.825416
0.692308 , 0.692308 , -1.990939
0.692308 , 0.717949 , -2.142158
0.692308 , 0.743590 , -2.280296
0.692308 , 0.769231 , -2.404347
0.692308 , 0.794872 , -2.514624
0.692308 , 0.820513 , -2.611205
0.692308 , 0.846154 , -2.693404
0.692308 , 0.871795 , -2.761344
0.692308 , 0.897436 , -2.818049
0.692308 , 0.923077 , -2.862596
0.692308 , 0.948718 , -2.892843
0.692308 , 0.974359 , -2.911723
0.692308 , 1.000000 , -2.918822
0.717949 , 0.000000 , 2.024586
0.717949 , 0.025641 , 2.017506
0.717949 , 0.051282 , 1.997572
0.717949 , 0.076923 , 1.964687
0.717949 , 0.102564 , 1.917898
0.717949 , 0.128205 , 1.857653
0.717949 , 0.153846 , 1.782205
0.717949 , 0.179487 , 1.691600
0.717949 , 0.205128 , 1.585566
0.717949 , 0.230769 , 1.464268
0.717949 , 0.256410 , 1.327300
0.717949 , 0.282051 , 1.174632
0.717949 , 0.307692 , 1.006258
0.717949 , 0.333333 , 0.823242
0.717949 , 0.358974 , 0.626327
0.717949 , 0.384615 , 0.418475
0.717949 , 0.410256 , 0.201631
0.717949 , 0.435897 , -0.023181
0.717949 , 0.461538 , -0.253623
0.717949 , 0.487179 , -0.487324
0.717949 , 0.512821 , -0.721159
0.717949 , 0.538462 , -0.954120
0.717949 , 0.564103 , -1.182199
0.717949 , 0.589744 , -1.404036
0.717949 , 0.615385 , -1.616834
0.717949 , 0.641026 , -1.819132
0.717949 , 0.666667 , -2.010087
0.717949 , 0.692308 , -2.188190
0.717949 , 0.717949 , -2.351739
0.717949 , 0.743590 , -2.498875
0.717949 , 0.769231 , -2.629860
0.717949 , 0.794872 , -2.745551
0.717949 , 0.820513 , -2.846329
0.717949 , 0.846154 , -2.931410
0.717949 , 0.871795 , -3.001248
0.717949 , 0.897436 , -3.058826
0.717949 , 0.923077 , -3.104227
0.717949 , 0.948718 , -3.135798
0.717949 , 0.974359 , -3.154737
0.717949 , 1.000000 , -3.161292
0.743590 , 0.000000 , 2.171358
0.743590 , 0.025641 , 2.164287
0.743590 , 0.051282 , 2.144858
0.743590 , 0.076923 , 2.112817
0.743590 , 0.102564 , 2.066744
0.743590 , 0.128205 , 2.006455
0.743590 , 0.153846 , 1.929570
0.743590 , 0.179487 , 1.836196
0.743590 , 0.205128 , 1.725651
0.743590 , 0.230769 , 1.596618
0.743590 , 0.256410 , 1.450388
0.743590 , 0.282051 , 1.287544
0.743590 , 0.307692 , 1.106551
0.743590 , 0.333333 , 0.908378
0.743590 , 0.358974 , 0.694720
0.743590 , 0.384615 , 0.467518
0.743590 , 0.410256 , 0.229628
0.743590 , 0.435897 , -0.018431
0.743590 , 0.461538 , -0.272824
0.743590 , 0.487179 , -0.531311
0.743590 , 0.512821 , -0.789631
0.743590 , 0.538462 , -1.046318
0.743590 , 0.564103 , -1.297556
0.743590 , 0.589744 , -1.541759
0.743590 , 0.615385 , -1.775464
0.743590 , 0.641026 , -1.996677
0.743590 , 0.666667 , -2.204560
0.743590 , 0.692308 , -2.396955
0.743590 , 0.717949 , -2.572516
0.743590 , 0.743590 , -2.729127
0.743590 , 0.769231 , -2.867810
0.743590 , 0.794872 , -2.989705
0.743590 , 0.820513 , -3.094677
0.743590 , 0.846154 , -3.182389
0.743590 , 0.871795 , -3.253760
0.743590 , 0.897436 , -3.311184
0.743590 , 0.923077 , -3.354826
0.743590 , 0.948718 , -3.385920
0.743590 , 0.974359 , -3.404649
0.743590 , 1.000000 , -3.411323
0.769231 , 0.000000 , 2.336687
0.769231 , 0.025641 , 2.330270
0.769231 , 0.051282 , 2.312028
0.769231 , 0.076923 , 2.281090
0.769231 , 0.102564 , 2.235707
0.769231 , 0.128205 , 2.177069
0.769231 , 0.153846 , 2.100058
0.769231 , 0.179487 , 2.003981
0.769231 , 0.205128 , 1.890028
0.769231 , 0.230769 , 1.755229
0.769231 , 0.256410 , 1.599995
0.769231 , 0.282051 , 1.426250
0.769231 , 0.307692 , 1.231015
0.769231 , 0.333333 , 1.015700
0.769231 , 0.358974 , 0.782988
0.769231 , 0.384615 , 0.534929
0.769231 , 0.410256 , 0.272590
0.769231 , 0.435897 , -0.001260
0.769231 , 0.461538 , -0.281941
0.769231 , 0.487179 , -0.567685
0.769231 , 0.512821 , -0.853684
0.769231 , 0.538462 , -1.137164
0.769231 , 0.564103 , -1.414931
0.769231 , 0.589744 , -1.684161
0.769231 , 0.615385 , -1.941996
0.769231 , 0.641026 , -2.185631
0.769231 , 0.666667 , -2.411888
0.769231 , 0.692308 , -2.619282
0.769231 , 0.717949 , -2.807853
0.769231 , 0.743590 , -2.975586
0.769231 , 0.769231 , -3.121924
0.769231 , 0.794872 , -3.249448
0.769231 , 0.820513 , -3.357229
0.769231 , 0.846154 , -3.446716
0.769231 , 0.871795 , -3.518442
0.769231 , 0.897436 , -3.574063
0.769231 , 0.923077 , -3.615155
0.769231 , 0.948718 , -3.644259
0.769231 , 0.974359 , -3.662315
0.769231 , 1.000000 , -3.668516
0.794872 , 0.000000 , 2.519722
0.794872 , 0.025641 , 2.513981
0.794872 , 0.051282 , 2.497302
0.794872 , 0.076923 , 2.469281
0.794872 , 0.102564 , 2.426857
0.794872 , 0.128205 , 2.369554
0.794872 , 0.153846 , 2.294090
0.794872 , 0.179487 , 2.198047
0.794872 , 0.205128 , 2.081684
0.794872 , 0.230769 , 1.941843
0.794872 , 0.256410 , 1.777775
0.794872 , 0.282051 , 1.591536
0.794872 , 0.307692 , 1.382442
0.794872 , 0.333333 , 1.149249
0.794872 , 0.358974 , 0.893968
0.794872 , 0.384615 , 0.621718
0.794872 , 0.410256 , 0.332851
0.794872 , 0.435897 , 0.030906
0.794872 , 0.461538 , -0.280170
0.794872 , 0.487179 , -0.596445
0.794872 , 0.512821 , -0.913574
0.794872 , 0.538462 , -1.228241
0.794872 , 0.564103 , -1.535991
0.794872 , 0.589744 , -1.834306
0.794872 , 0.615385 , -2.118143
0.794872 , 0.641026 , -2.384866
0.794872 , 0.666667 , -2.631362
0.794872 , 0.692308 , -2.856211
0.794872 , 0.717949 , -3.059099
0.794872 , 0.743590 , -3.238327
0.794872 , 0.769231 , -3.392334
0.794872 , 0.794872 , -3.524944
0.794872 , 0.820513 , -3.635146
0.794872 , 0.846154 , -3.724520
0.794872 , 0.871795 , -3.794294
0.794872 , 0.897436 , -3.846681
0.794872 , 0.923077 , -3.884476
0.794872 , 0.948718 , -3.910665
0.794872 , 0.974359 , -3.927069
0.794872 , 1.000000 , -3.932280
0.820513 , 0.000000 , 2.718566
0.820513 , 0.025641 , 2.713943
0.820513 , 0.051282 , 2.700285
0.820513 , 0.076923 , 2.676578
0.820513 , 0.102564 , 2.639403
0.820513 , 0.128205 , 2.586222
0.820513 , 0.153846 , 2.514132
0.820513 , 0.179487 , 2.420689
0.820513 , 0.205128 , 2.304114
0.820513 , 0.230769 , 2.158691
0.820513 , 0.256410 , 1.986263
0.820513 , 0.282051 , 1.787539
0.820513 , 0.307692 , 1.562558
0.820513 , 0.333333 , 1.309918
0.820513 , 0.358974 , 1.031207
0.820513 , 0.384615 , 0.731238
0.820513 , 0.410256 , 0.412916
0.820513 , 0.435897 , 0.079116
0.820513 , 0.461538 , -0.266025
0.820513 , 0.487179 , -0.617422
0.820513 , 0.512821 , -0.970256
0.820513 , 0.538462 , -1.320317
0.820513 , 0.564103 , -1.662301
0.820513 , 0.589744 , -1.992350
0.820513 , 0.615385 , -2.305794
0.820513 , 0.641026 , -2.598052
0.820513 , 0.666667 , -2.867632
0.820513 , 0.692308 , -3.112132
0.820513 , 0.717949 , -3.331074
0.820513 , 0.743590 , -3.521725
0.820513 , 0.769231 , -3.683326
0.820513 , 0.794872 , -3.819396
0.820513 , 0.820513 , -3.929992
0.820513 , 0.846154 , -4.017343
0.820513 , 0.871795 , -4.082995
0.820513 , 0.897436 , -4.130699
0.820513 , 0.923077 , -4.164296
0.820513 , 0.948718 , -4.186248
0.820513 , 0.974359 , -4.198765
0.820513 , 1.000000 , -4.202496
0.846154 , 0.000000 , 2.930892
0.846154 , 0.025641 , 2.928202
0.846154 , 0.051282 , 2.919925
0.846154 , 0.076923 , 2.903021
0.846154 , 0.102564 , 2.873419
0.846154 , 0.128205 , 2.828273
0.846154 , 0.153846 , 2.762796
0.846154 , 0.179487 , 2.672950
0.846154 , 0.205128 , 2.557532
0.846154 , 0.230769 , 2.410275
0.846154 , 0.256410 , 2.230339
0.846154 , 0.282051 , 2.019305
0.846154 , 0.307692 , 1.777355
0.846154 , 0.333333 , 1.502383
0.846154 , 0.358974 , 1.197646
0.846154 , 0.384615 , 0.867229
0.846154 , 0.410256 , 0.515080
0.846154 , 0.435897 , 0.144566
0.846154 , 0.461538 , -0.239188
0.846154 , 0.487179 , -0.630275
0.846154 , 0.512821 , -1.024005
0.846154 , 0.538462 , -1.414827
0.846154 , 0.564103 , -1.795852
0.846154 , 0.589744 , -2.161791
0.846154 , 0.615385 , -2.508021
0.846154 , 0.641026 , -2.829926
0.846154 , 0.666667 , -3.125740
0.846154 , 0.692308 , -3.391924
0.846154 , 0.717949 , -3.626328
0.846154 , 0.743590 , -3.829077
0.846154 , 0.769231 , -3.999349
0.846154 , 0.794872 , -4.137498
0.846154 , 0.820513 , -4.246264
0.846154 , 0.846154 , -4.328511
0.846154 , 0.871795 , -4.387365
0.846154 , 0.897436 , -4.427485
0.846154 , 0.923077 , -4.453257
0.846154 , 0.948718 , -4.468200
0.846154 , 0.974359 , -4.475103
0.846154 , 1.000000 , -4.476754
0.871795 , 0.000000 , 3.154609
0.871795 , 0.025641 , 3.154185
0.871795 , 0.051282 , 3.152836
0.871795 , 0.076923 , 3.147005
0.871795 , 0.102564 , 3.129509
0.871795 , 0.128205 , 3.096379
0.871795 , 0.153846 , 3.041914
0.871795 , 0.179487 , 2.960463
0.871795 , 0.205128 , 2.847167
0.871795 , 0.230769 , 2.699250
0.871795 , 0.256410 , 2.513821
0.871795 , 0.282051 , 2.291019
0.871795 , 0.307692 , 2.030887
0.871795 , 0.333333 , 1.731775
0.871795 , 0.358974 , 1.398159
0.871795 , 0.384615 , 1.033854
0.871795 , 0.410256 , 0.643203
0.871795 , 0.435897 , 0.230840
0.871795 , 0.461538 , -0.197679
0.871795 , 0.487179 , -0.635084
0.871795 , 0.512821 , -1.075214
0.871795 , 0.538462 , -1.511756
0.871795 , 0.564103 , -1.937465
0.871795 , 0.589744 , -2.345530
0.871795 , 0.615385 , -2.729611
0.871795 , 0.641026 , -3.085356
0.871795 , 0.666667 , -3.410278
0.871795 , 0.692308 , -3.699942
0.871795 , 0.717949 , -3.951719
0.871795 , 0.743590 , -4.165877
0.871795 , 0.769231 , -4.343068
0.871795 , 0.794872 , -4.482671
0.871795 , 0.820513 , -4.587450
0.871795 , 0.846154 , -4.661151
0.871795 , 0.871795 , -4.708833
0.871795 , 0.897436 , -4.736037
0.871795 , 0.923077 , -4.749273
0.871795 , 0.948718 , -4.754050
0.871795 , 0.974359 , -4.753404
0.871795 , 1.000000 , -4.752434
0.897436 , 0.000000 , 3.383728
0.897436 , 0.025641 , 3.387325
0.897436 , 0.051282 , 3.396735
0.897436 , 0.076923 , 3.406616
0.897436 , 0.102564 , 3.407967
0.897436 , 0.128205 , 3.392449
0.897436 , 0.153846 , 3.353790
0.897436 , 0.179487 , 3.285459
0.897436 , 0.205128 , 3.179750
0.897436 , 0.230769 , 3.033333
0.897436 , 0.256410 , 2.842729
0.897436 , 0.282051 , 2.607728
0.897436 , 0.307692 , 2.327691
0.897436 , 0.333333 , 2.002290
0.897436 , 0.358974 , 1.636280
0.897436 , 0.384615 , 1.233576
0.897436 , 0.410256 , 0.799566
0.897436 , 0.435897 , 0.339144
0.897436 , 0.461538 , -0.140217
0.897436 , 0.487179 , -0.630982
0.897436 , 0.512821 , -1.124416
0.897436 , 0.538462 , -1.613463
0.897436 , 0.564103 , -2.089648
0.897436 , 0.589744 , -2.545788
0.897436 , 0.615385 , -2.973458
0.897436 , 0.641026 , -3.368114
0.897436 , 0.666667 , -3.725584
0.897436 , 0.692308 , -4.042199
0.897436 , 0.717949 , -4.313407
0.897436 , 0.743590 , -4.539421
0.897436 , 0.769231 , -4.721355
0.897436 , 0.794872 , -4.859461
0.897436 , 0.820513 , -4.956718
0.897436 , 0.846154 , -5.017729
0.897436 , 0.871795 , -5.048705
0.897436 , 0.897436 , -5.057278
0.897436 , 0.923077 , -5.051794
0.897436 , 0.948718 , -5.040003
0.897436 , 0.974359 , -5.028446
0.897436 , 1.000000 , -5.023967
0.923077 , 0.000000 , 3.610269
0.923077 , 0.025641 , 3.619883
0.923077 , 0.051282 , 3.646035
0.923077 , 0.076923 , 3.679017
0.923077 , 0.102564 , 3.707401
0.923077 , 0.128205 , 3.718874
0.923077 , 0.153846 , 3.703283
0.923077 , 0.179487 , 3.653560
0.923077 , 0.205128 , 3.560194
0.923077 , 0.230769 , 3.418027
0.923077 , 0.256410 , 3.223817
0.923077 , 0.282051 , 2.976257
0.923077 , 0.307692 , 2.675081
0.923077 , 0.333333 , 2.320709
0.923077 , 0.358974 , 1.917802
0.923077 , 0.384615 , 1.471162
0.923077 , 0.410256 , 0.986757
0.923077 , 0.435897 , 0.471976
0.923077 , 0.461538 , -0.066147
0.923077 , 0.487179 , -0.617448
0.923077 , 0.512821 , -1.172809
0.923077 , 0.538462 , -1.722779
0.923077 , 0.564103 , -2.257133
0.923077 , 0.589744 , -2.767141
0.923077 , 0.615385 , -3.245620
0.923077 , 0.641026 , -3.685328
0.923077 , 0.666667 , -4.079842
0.923077 , 0.692308 , -4.425008
0.923077 , 0.717949 , -4.717067
0.923077 , 0.743590 , -4.955478
0.923077 , 0.769231 , -5.139979
0.923077 , 0.794872 , -5.273093
0.923077 , 0.820513 , -5.358161
0.923077 , 0.846154 , -5.400863
0.923077 , 0.871795 , -5.408675
0.923077 , 0.897436 , -5.390700
0.923077 , 0.923077 , -5.357706
0.923077 , 0.948718 , -5.321958
0.923077 , 0.974359 , -5.293560
0.923077 , 1.000000 , -5.282665
0.948718 , 0.000000 , 3.821938
0.948718 , 0.025641 , 3.842160
0.948718 , 0.051282 , 3.893723
0.948718 , 0.076923 , 3.961298
0.948718 , 0.102564 , 4.027826
0.948718 , 0.128205 , 4.076955
0.948718 , 0.153846 , 4.094657
0.948718 , 0.179487 , 4.069374
0.948718 , 0.205128 , 3.993947
0.948718 , 0.230769 , 3.860332
0.948718 , 0.256410 , 3.664172
0.948718 , 0.282051 , 3.404944
0.948718 , 0.307692 , 3.081331
0.948718 , 0.333333 , 2.694739
0.948718 , 0.358974 , 2.250306
0.948718 , 0.384615 , 1.753095
0.948718 , 0.410256 , 1.210768
0.948718 , 0.435897 , 0.632943
0.948718 , 0.461538 , 0.027806
0.948718 , 0.487179 , -0.594439
0.948718 , 0.512821 , -1.221101
0.948718 , 0.538462 , -1.841214
0.948718 , 0.564103 , -2.443385
0.948718 , 0.589744 , -3.016473
0.948718 , 0.615385 , -3.552286
0.948718 , 0.641026 , -4.042353
0.948718 , 0.666667 , -4.478879
0.948718 , 0.692308 , -4.856515
0.948718 , 0.717949 , -5.171854
0.948718 , 0.743590 , -5.421830
0.948718 , 0.769231 , -5.607563
0.948718 , 0.794872 , -5.732059
0.948718 , 0.820513 , -5.799442
0.948718 , 0.846154 , -5.816041
0.948718 , 0.871795 , -5.791337
0.948718 , 0.897436 , -5.736207
0.948718 , 0.923077 , -5.664789
0.948718 , 0.948718 , -5.593596
0.948718 , 0.974359 , -5.539415
0.948718 , 1.000000 , -5.518593
0.974359 , 0.000000 , 3.999915
0.974359 , 0.025641 , 4.037857
0.974359 , 0.051282 , 4.132068
0.974359 , 0.076923 , 4.251640
0.974359 , 0.102564 , 4.371536
0.974359 , 0.128205 , 4.470669
0.974359 , 0.153846 , 4.532639
0.974359 , 0.179487 , 4.542389
0.974359 , 0.205128 , 4.490991
0.974359 , 0.230769 , 4.370613
0.974359 , 0.256410 , 4.175455
0.974359 , 0.282051 , 3.903149
0.974359 , 0.307692 , 3.554429
0.974359 , 0.333333 , 3.131745
0.974359 , 0.358974 , 2.639945
0.974359 , 0.384615 , 2.085472
0.974359 , 0.410256 , 1.476761
0.974359 , 0.435897 , 0.825428
0.974359 , 0.461538 , 0.142019
0.974359 , 0.487179 , -0.561157
0.974359 , 0.512821 , -1.270103
0.974359 , 0.538462 , -1.971429
0.974359 , 0.564103 , -2.651976
0.974359 , 0.589744 , -3.298862
0.974359 , 0.615385 , -3.900766
0.974359 , 0.641026 , -4.448021
0.974359 , 0.666667 , -4.931559
0.974359 , 0.692308 , -5.345708
0.974359 , 0.717949 , -5.686023
0.974359 , 0.743590 , -5.948598
0.974359 , 0.769231 , -6.133967
0.974359 , 0.794872 , -6.245384
0.974359 , 0.820513 , -6.288062
0.974359 , 0.846154 , -6.269469
0.974359 , 0.871795 , -6.200836
0.974359 , 0.897436 , -6.095631
0.974359 , 0.923077 , -5.970088
0.974359 , 0.948718 , -5.846432
0.974359 , 0.974359 , -5.749822
0.974359 , 1.000000 , -5.710893
1.000000 , 0.000000 , 4.108460
1.000000 , 0.025641 , 4.183351
1.000000 , 0.051282 , 4.349408
1.000000 , 0.076923 , 4.547514
1.000000 , 0.102564 , 4.741360
1.000000 , 0.128205 , 4.908049
1.000000 , 0.153846 , 5.027646
1.000000 , 0.179487 , 5.083325
1.000000 , 0.205128 , 5.063766
1.000000 , 0.230769 , 4.961821
1.000000 , 0.256410 , 4.769669
1.000000 , 0.282051 , 4.484483
1.000000 , 0.307692 , 4.108170
1.000000 , 0.333333 , 3.643781
1.000000 , 0.358974 , 3.097723
1.000000 , 0.384615 , 2.476696
1.000000 , 0.410256 , 1.791915
1.000000 , 0.435897 , 1.055452
1.000000 , 0.461538 , 0.281178
1.000000 , 0.487179 , -0.515865
1.000000 , 0.512821 , -1.320387
1.000000 , 0.538462 , -2.116259
1.000000 , 0.564103 , -2.887186
1.000000 , 0.589744 , -3.618893
1.000000 , 0.615385 , -4.297310
1.000000 , 0.641026 , -4.911107
1.000000 , 0.666667 , -5.449017
1.000000 , 0.692308 , -5.904561
1.000000 , 0.717949 , -6.271768
1.000000 , 0.743590 , -6.546994
1.000000 , 0.769231 , -6.729321
1.000000 , 0.794872 , -6.822661
1.000000 , 0.820513 , -6.833973
1.000000 , 0.846154 , -6.769876
1.000000 , 0.871795 , -6.642873
1.000000 , 0.897436 , -6.470204
1.000000 , 0.923077 , -6.270238
1.000000 , 0.948718 , -6.068511
1.000000 , 0.974359 , -5.900454
1.000000 , 1.000000 , -5.823100
