0.000000 , 0.000000 , 2.738187
0.000000 , 0.025641 , 2.738187
0.000000 , 0.051282 , 2.738187
0.000000 , 0.076923 , 2.738187
0.000000 , 0.102564 , 2.738187
0.000000 , 0.128205 , 2.738187
0.000000 , 0.153846 , 2.738187
0.000000 , 0.179487 , 2.738187
0.000000 , 0.205128 , 2.738187
0.000000 , 0.230769 , 2.738187
0.000000 , 0.256410 , 2.738187
0.000000 , 0.282051 , 2.738187
0.000000 , 0.307692 , 2.738187
0.000000 , 0.333333 , 2.738187
0.000000 , 0.358974 , 2.738187
0.000000 , 0.384615 , 2.738187
0.000000 , 0.410256 , 2.738187
0.000000 , 0.435897 , 2.738187
0.000000 , 0.461538 , 2.738187
0.000000 , 0.487179 , 2.738187
0.000000 , 0.512821 , 2.738187
0.000000 , 0.538462 , 2.738187
0.000000 , 0.564103 , 2.738187
0.000000 , 0.589744 , 2.738187
0.000000 , 0.615385 , 2.738187
0.000000 , 0.641026 , 2.738187
0.000000 , 0.666667 , 2.738187
0.000000 , 0.692308 , 2.738187
0.000000 , 0.717949 , 2.738187
0.000000 , 0.743590 , 2.738187
0.000000 , 0.769231 , 2.738187
0.000000 , 0.794872 , 2.738187
0.000000 , 0.820513 , 2.738187
0.000000 , 0.846154 , 2.738187
0.000000 , 0.871795 , 2.738187
0.000000 , 0.897436 , 2.738187
0.000000 , 0.923077 , 2.738187
0.000000 , 0.948718 , 2.738187
0.000000 , 0.974359 , 2.738187
0.000000 , 1.000000 , 2.738187
0.025641 , 0.000000 , 2.776984
0.025641 , 0.025641 , 2.776609
0.025641 , 0.051282 , 2.776972
0.025641 , 0.076923 , 2.777077
0.025641 , 0.102564 , 2.776901
0.025641 , 0.128205 , 2.776715
0.025641 , 0.153846 , 2.775974
0.025641 , 0.179487 , 2.774390
0.025641 , 0.205128 , 2.773501
0.025641 , 0.230769 , 2.771483
0.025641 , 0.256410 , 2.768459
0.025641 , 0.282051 , 2.764988
0.025641 , 0.307692 , 2.761900
0.025641 , 0.333333 , 2.758462
0.025641 , 0.358974 , 2.754831
0.025641 , 0.384615 , 2.751159
0.025641 , 0.410256 , 2.747403
0.025641 , 0.435897 , 2.743547
0.025641 , 0.461538 , 2.739567
0.025641 , 0.487179 , 2.735441
0.025641 , 0.512821 , 2.731459
0.025641 , 0.538462 , 2.728053
0.025641 , 0.564103 , 2.723849
0.025641 , 0.589744 , 2.720039
0.025641 , 0.615385 , 2.716688
0.025641 , 0.641026 , 2.713987
0.025641 , 0.666667 , 2.711056
0.025641 , 0.692308 , 2.708337
0.025641 , 0.717949 , 2.704887
0.025641 , 0.743590 , 2.701870
0.025641 , 0.769231 , 2.699938
0.025641 , 0.794872 , 2.698308
0.025641 , 0.820513 , 2.697205
0.025641 , 0.846154 , 2.695816
0.025641 , 0.871795 , 2.694418
0.025641 , 0.897436 , 2.692960
0.025641 , 0.923077 , 2.692138
0.025641 , 0.948718 , 2.691342
0.025641 , 0.974359 , 2.691486
0.025641 , 1.000000 , 2.691472
0.051282 , 0.000000 , 2.803159
0.051282 , 0.025641 , 2.803011
0.051282 , 0.051282 , 2.802973
0.051282 , 0.076923 , 2.803344
0.051282 , 0.102564 , 2.803552
0.051282 , 0.128205 , 2.802497
0.051282 , 0.153846 , 2.800997
0.051282 , 0.179487 , 2.798445
0.051282 , 0.205128 , 2.795804
0.051282 , 0.230769 , 2.791940
0.051282 , 0.256410 , 2.787008
0.051282 , 0.282051 , 2.780762
0.051282 , 0.307692 , 2.774335
0.051282 , 0.333333 , 2.767155
0.051282 , 0.358974 , 2.759760
0.051282 , 0.384615 , 2.753161
0.051282 , 0.410256 , 2.745855
0.051282 , 0.435897 , 2.737740
0.051282 , 0.461538 , 2.729503
0.051282 , 0.487179 , 2.721517
0.051282 , 0.512821 , 2.713514
0.051282 , 0.538462 , 2.706353
0.051282 , 0.564103 , 2.698952
0.051282 , 0.589744 , 2.691111
0.051282 , 0.615385 , 2.684864
0.051282 , 0.641026 , 2.679127
0.051282 , 0.666667 , 2.673108
0.051282 , 0.692308 , 2.667809
0.051282 , 0.717949 , 2.661287
0.051282 , 0.743590 , 2.656257
0.051282 , 0.769231 , 2.652298
0.051282 , 0.794872 , 2.648913
0.051282 , 0.820513 , 2.645662
0.051282 , 0.846154 , 2.642952
0.051282 , 0.871795 , 2.640456
0.051282 , 0.897436 , 2.638511
0.051282 , 0.923077 , 2.636504
0.051282 , 0.948718 , 2.635193
0.051282 , 0.974359 , 2.634541
0.051282 , 1.000000 , 2.634516
0.076923 , 0.000000 , 2.816951
0.076923 , 0.025641 , 2.816925
0.076923 , 0.051282 , 2.816582
0.076923 , 0.076923 , 2.817092
0.076923 , 0.102564 , 2.817580
0.076923 , 0.128205 , 2.816171
0.076923 , 0.153846 , 2.813557
0.076923 , 0.179487 , 2.810581
0.076923 , 0.205128 , 2.806265
0.076923 , 0.230769 , 2.800411
0.076923 , 0.256410 , 2.793615
0.076923 , 0.282051 , 2.785373
0.076923 , 0.307692 , 2.775923
0.076923 , 0.333333 , 2.765143
0.076923 , 0.358974 , 2.754117
0.076923 , 0.384615 , 2.744376
0.076923 , 0.410256 , 2.733249
0.076923 , 0.435897 , 2.722231
0.076923 , 0.461538 , 2.710368
0.076923 , 0.487179 , 2.698592
0.076923 , 0.512821 , 2.686840
0.076923 , 0.538462 , 2.675698
0.076923 , 0.564103 , 2.664452
0.076923 , 0.589744 , 2.652700
0.076923 , 0.615385 , 2.642722
0.076923 , 0.641026 , 2.634336
0.076923 , 0.666667 , 2.625430
0.076923 , 0.692308 , 2.616466
0.076923 , 0.717949 , 2.607760
0.076923 , 0.743590 , 2.600447
0.076923 , 0.769231 , 2.594939
0.076923 , 0.794872 , 2.590096
0.076923 , 0.820513 , 2.585286
0.076923 , 0.846154 , 2.580978
0.076923 , 0.871795 , 2.577942
0.076923 , 0.897436 , 2.574552
0.076923 , 0.923077 , 2.571945
0.076923 , 0.948718 , 2.570239
0.076923 , 0.974359 , 2.569212
0.076923 , 1.000000 , 2.569107
0.102564 , 0.000000 , 2.818735
0.102564 , 0.025641 , 2.819009
0.102564 , 0.051282 , 2.819116
0.102564 , 0.076923 , 2.819467
0.102564 , 0.102564 , 2.819339
0.102564 , 0.128205 , 2.817809
0.102564 , 0.153846 , 2.814719
0.102564 , 0.179487 , 2.810870
0.102564 , 0.205128 , 2.805425
0.102564 , 0.230769 , 2.798346
0.102564 , 0.256410 , 2.789521
0.102564 , 0.282051 , 2.779151
0.102564 , 0.307692 , 2.766870
0.102564 , 0.333333 , 2.752937
0.102564 , 0.358974 , 2.738788
0.102564 , 0.384615 , 2.726139
0.102564 , 0.410256 , 2.711795
0.102564 , 0.435897 , 2.697080
0.102564 , 0.461538 , 2.681858
0.102564 , 0.487179 , 2.666199
0.102564 , 0.512821 , 2.651016
0.102564 , 0.538462 , 2.635834
0.102564 , 0.564103 , 2.621107
0.102564 , 0.589744 , 2.606469
0.102564 , 0.615385 , 2.592444
0.102564 , 0.641026 , 2.580967
0.102564 , 0.666667 , 2.569386
0.102564 , 0.692308 , 2.558197
0.102564 , 0.717949 , 2.547003
0.102564 , 0.743590 , 2.537682
0.102564 , 0.769231 , 2.529248
0.102564 , 0.794872 , 2.523231
0.102564 , 0.820513 , 2.517399
0.102564 , 0.846154 , 2.511957
0.102564 , 0.871795 , 2.507620
0.102564 , 0.897436 , 2.502655
0.102564 , 0.923077 , 2.499503
0.102564 , 0.948718 , 2.497632
0.102564 , 0.974359 , 2.496532
0.102564 , 1.000000 , 2.495569
0.128205 , 0.000000 , 2.811001
0.128205 , 0.025641 , 2.810742
0.128205 , 0.051282 , 2.810572
0.128205 , 0.076923 , 2.810551
0.128205 , 0.102564 , 2.810224
0.128205 , 0.128205 , 2.808133
0.128205 , 0.153846 , 2.804607
0.128205 , 0.179487 , 2.799816
0.128205 , 0.205128 , 2.793872
0.128205 , 0.230769 , 2.785780
0.128205 , 0.256410 , 2.775975
0.128205 , 0.282051 , 2.763539
0.128205 , 0.307692 , 2.749403
0.128205 , 0.333333 , 2.733352
0.128205 , 0.358974 , 2.716247
0.128205 , 0.384615 , 2.699833
0.128205 , 0.410256 , 2.681994
0.128205 , 0.435897 , 2.663758
0.128205 , 0.461538 , 2.645366
0.128205 , 0.487179 , 2.626207
0.128205 , 0.512821 , 2.606695
0.128205 , 0.538462 , 2.588396
0.128205 , 0.564103 , 2.570249
0.128205 , 0.589744 , 2.552816
0.128205 , 0.615385 , 2.536025
0.128205 , 0.641026 , 2.521642
0.128205 , 0.666667 , 2.507238
0.128205 , 0.692308 , 2.493250
0.128205 , 0.717949 , 2.479987
0.128205 , 0.743590 , 2.468632
0.128205 , 0.769231 , 2.458879
0.128205 , 0.794872 , 2.450347
0.128205 , 0.820513 , 2.442976
0.128205 , 0.846154 , 2.435991
0.128205 , 0.871795 , 2.429992
0.128205 , 0.897436 , 2.424851
0.128205 , 0.923077 , 2.420790
0.128205 , 0.948718 , 2.418796
0.128205 , 0.974359 , 2.417046
0.128205 , 1.000000 , 2.416132
0.153846 , 0.000000 , 2.794120
0.153846 , 0.025641 , 2.793589
0.153846 , 0.051282 , 2.793074
0.153846 , 0.076923 , 2.792137
0.153846 , 0.102564 , 2.791213
0.153846 , 0.128205 , 2.788483
0.153846 , 0.153846 , 2.784088
0.153846 , 0.179487 , 2.778231
0.153846 , 0.205128 , 2.772098
0.153846 , 0.230769 , 2.763169
0.153846 , 0.256410 , 2.752362
0.153846 , 0.282051 , 2.738852
0.153846 , 0.307692 , 2.722926
0.153846 , 0.333333 , 2.705300
0.153846 , 0.358974 , 2.685644
0.153846 , 0.384615 , 2.665440
0.153846 , 0.410256 , 2.644225
0.153846 , 0.435897 , 2.622727
0.153846 , 0.461538 , 2.601114
0.153846 , 0.487179 , 2.579267
0.153846 , 0.512821 , 2.556405
0.153846 , 0.538462 , 2.534068
0.153846 , 0.564103 , 2.512574
0.153846 , 0.589744 , 2.491774
0.153846 , 0.615385 , 2.472864
0.153846 , 0.641026 , 2.455242
0.153846 , 0.666667 , 2.438526
0.153846 , 0.692308 , 2.422810
0.153846 , 0.717949 , 2.407091
0.153846 , 0.743590 , 2.393517
0.153846 , 0.769231 , 2.381299
0.153846 , 0.794872 , 2.370759
0.153846 , 0.820513 , 2.361676
0.153846 , 0.846154 , 2.354308
0.153846 , 0.871795 , 2.347263
0.153846 , 0.897436 , 2.341039
0.153846 , 0.923077 , 2.336340
0.153846 , 0.948718 , 2.334131
0.153846 , 0.974359 , 2.332509
0.153846 , 1.000000 , 2.331693
0.179487 , 0.000000 , 2.768159
0.179487 , 0.025641 , 2.768211
0.179487 , 0.051282 , 2.767355
0.179487 , 0.076923 , 2.766147
0.179487 , 0.102564 , 2.764103
0.179487 , 0.128205 , 2.761285
0.179487 , 0.153846 , 2.756742
0.179487 , 0.179487 , 2.749586
0.179487 , 0.205128 , 2.742062
0.179487 , 0.230769 , 2.732557
0.179487 , 0.256410 , 2.719831
0.179487 , 0.282051 , 2.704387
0.179487 , 0.307692 , 2.686622
0.179487 , 0.333333 , 2.667292
0.179487 , 0.358974 , 2.645712
0.179487 , 0.384615 , 2.623158
0.179487 , 0.410256 , 2.599172
0.179487 , 0.435897 , 2.574760
0.179487 , 0.461538 , 2.550100
0.179487 , 0.487179 , 2.525561
0.179487 , 0.512821 , 2.500139
0.179487 , 0.538462 , 2.474870
0.179487 , 0.564103 , 2.449895
0.179487 , 0.589744 , 2.426020
0.179487 , 0.615385 , 2.403570
0.179487 , 0.641026 , 2.383186
0.179487 , 0.666667 , 2.364152
0.179487 , 0.692308 , 2.346596
0.179487 , 0.717949 , 2.328635
0.179487 , 0.743590 , 2.312755
0.179487 , 0.769231 , 2.298538
0.179487 , 0.794872 , 2.285683
0.179487 , 0.820513 , 2.275299
0.179487 , 0.846154 , 2.266738
0.179487 , 0.871795 , 2.259854
0.179487 , 0.897436 , 2.252512
0.179487 , 0.923077 , 2.246986
0.179487 , 0.948718 , 2.244059
0.179487 , 0.974359 , 2.242905
0.179487 , 1.000000 , 2.241947
0.205128 , 0.000000 , 2.734205
0.205128 , 0.025641 , 2.734462
0.205128 , 0.051282 , 2.733740
0.205128 , 0.076923 , 2.732475
0.205128 , 0.102564 , 2.729811
0.205128 , 0.128205 , 2.726170
0.205128 , 0.153846 , 2.721397
0.205128 , 0.179487 , 2.714123
0.205128 , 0.205128 , 2.705017
0.205128 , 0.230769 , 2.693863
0.205128 , 0.256410 , 2.679722
0.205128 , 0.282051 , 2.662063
0.205128 , 0.307692 , 2.642276
0.205128 , 0.333333 , 2.620939
0.205128 , 0.358974 , 2.597184
0.205128 , 0.384615 , 2.572914
0.205128 , 0.410256 , 2.546977
0.205128 , 0.435897 , 2.519781
0.205128 , 0.461538 , 2.492219
0.205128 , 0.487179 , 2.465332
0.205128 , 0.512821 , 2.437992
0.205128 , 0.538462 , 2.410184
0.205128 , 0.564103 , 2.382219
0.205128 , 0.589744 , 2.355746
0.205128 , 0.615385 , 2.330293
0.205128 , 0.641026 , 2.306820
0.205128 , 0.666667 , 2.285593
0.205128 , 0.692308 , 2.265167
0.205128 , 0.717949 , 2.246646
0.205128 , 0.743590 , 2.228898
0.205128 , 0.769231 , 2.212628
0.205128 , 0.794872 , 2.198215
0.205128 , 0.820513 , 2.186030
0.205128 , 0.846154 , 2.175434
0.205128 , 0.871795 , 2.167151
0.205128 , 0.897436 , 2.160192
0.205128 , 0.923077 , 2.154733
0.205128 , 0.948718 , 2.151032
0.205128 , 0.974359 , 2.149701
0.205128 , 1.000000 , 2.149343
0.230769 , 0.000000 , 2.694768
0.230769 , 0.025641 , 2.694558
0.230769 , 0.051282 , 2.693185
0.230769 , 0.076923 , 2.691415
0.230769 , 0.102564 , 2.687847
0.230769 , 0.128205 , 2.683216
0.230769 , 0.153846 , 2.678313
0.230769 , 0.179487 , 2.670464
0.230769 , 0.205128 , 2.660075
0.230769 , 0.230769 , 2.647086
0.230769 , 0.256410 , 2.631374
0.230769 , 0.282051 , 2.612132
0.230769 , 0.307692 , 2.590961
0.230769 , 0.333333 , 2.567467
0.230769 , 0.358974 , 2.542311
0.230769 , 0.384615 , 2.516900
0.230769 , 0.410256 , 2.489378
0.230769 , 0.435897 , 2.460380
0.230769 , 0.461538 , 2.430419
0.230769 , 0.487179 , 2.401132
0.230769 , 0.512821 , 2.370945
0.230769 , 0.538462 , 2.341014
0.230769 , 0.564103 , 2.311117
0.230769 , 0.589744 , 2.282073
0.230769 , 0.615385 , 2.254633
0.230769 , 0.641026 , 2.228519
0.230769 , 0.666667 , 2.204045
0.230769 , 0.692308 , 2.182073
0.230769 , 0.717949 , 2.161301
0.230769 , 0.743590 , 2.141792
0.230769 , 0.769231 , 2.123810
0.230769 , 0.794872 , 2.107618
0.230769 , 0.820513 , 2.093699
0.230769 , 0.846154 , 2.081765
0.230769 , 0.871795 , 2.071273
0.230769 , 0.897436 , 2.063874
0.230769 , 0.923077 , 2.058986
0.230769 , 0.948718 , 2.055426
0.230769 , 0.974359 , 2.053807
0.230769 , 1.000000 , 2.053683
0.256410 , 0.000000 , 2.650769
0.256410 , 0.025641 , 2.649801
0.256410 , 0.051282 , 2.648093
0.256410 , 0.076923 , 2.645563
0.256410 , 0.102564 , 2.641099
0.256410 , 0.128205 , 2.635129
0.256410 , 0.153846 , 2.628605
0.256410 , 0.179487 , 2.619912
0.256410 , 0.205128 , 2.607994
0.256410 , 0.230769 , 2.592715
0.256410 , 0.256410 , 2.575459
0.256410 , 0.282051 , 2.556072
0.256410 , 0.307692 , 2.533665
0.256410 , 0.333333 , 2.508435
0.256410 , 0.358974 , 2.481879
0.256410 , 0.384615 , 2.455452
0.256410 , 0.410256 , 2.426959
0.256410 , 0.435897 , 2.397103
0.256410 , 0.461538 , 2.365373
0.256410 , 0.487179 , 2.333598
0.256410 , 0.512821 , 2.301361
0.256410 , 0.538462 , 2.269000
0.256410 , 0.564103 , 2.237540
0.256410 , 0.589744 , 2.206243
0.256410 , 0.615385 , 2.176411
0.256410 , 0.641026 , 2.148324
0.256410 , 0.666667 , 2.121166
0.256410 , 0.692308 , 2.096321
0.256410 , 0.717949 , 2.072987
0.256410 , 0.743590 , 2.051045
0.256410 , 0.769231 , 2.032002
0.256410 , 0.794872 , 2.014853
0.256410 , 0.820513 , 1.999794
0.256410 , 0.846154 , 1.986759
0.256410 , 0.871795 , 1.975620
0.256410 , 0.897436 , 1.967019
0.256410 , 0.923077 , 1.961703
0.256410 , 0.948718 , 1.958144
0.256410 , 0.974359 , 1.956556
0.256410 , 1.000000 , 1.955685
0.282051 , 0.000000 , 2.600669
0.282051 , 0.025641 , 2.599838
0.282051 , 0.051282 , 2.597407
0.282051 , 0.076923 , 2.594087
0.282051 , 0.102564 , 2.588897
0.282051 , 0.128205 , 2.581476
0.282051 , 0.153846 , 2.573721
0.282051 , 0.179487 , 2.563925
0.282051 , 0.205128 , 2.550504
0.282051 , 0.230769 , 2.533745
0.282051 , 0.256410 , 2.514617
0.282051 , 0.282051 , 2.493770
0.282051 , 0.307692 , 2.470862
0.282051 , 0.333333 , 2.445457
0.282051 , 0.358974 , 2.418293
0.282051 , 0.384615 , 2.390504
0.282051 , 0.410256 , 2.361116
0.282051 , 0.435897 , 2.329894
0.282051 , 0.461538 , 2.296808
0.282051 , 0.487179 , 2.262958
0.282051 , 0.512821 , 2.228909
0.282051 , 0.538462 , 2.194759
0.282051 , 0.564103 , 2.161219
0.282051 , 0.589744 , 2.128139
0.282051 , 0.615385 , 2.096126
0.282051 , 0.641026 , 2.065271
0.282051 , 0.666667 , 2.035881
0.282051 , 0.692308 , 2.008572
0.282051 , 0.717949 , 1.983473
0.282051 , 0.743590 , 1.959395
0.282051 , 0.769231 , 1.938008
0.282051 , 0.794872 , 1.919771
0.282051 , 0.820513 , 1.904469
0.282051 , 0.846154 , 1.890017
0.282051 , 0.871795 , 1.878785
0.282051 , 0.897436 , 1.869330
0.282051 , 0.923077 , 1.863765
0.282051 , 0.948718 , 1.860341
0.282051 , 0.974359 , 1.858397
0.282051 , 1.000000 , 1.857330
0.307692 , 0.000000 , 2.544958
0.307692 , 0.025641 , 2.543964
0.307692 , 0.051282 , 2.540914
0.307692 , 0.076923 , 2.536935
0.307692 , 0.102564 , 2.531156
0.307692 , 0.128205 , 2.522948
0.307692 , 0.153846 , 2.513268
0.307692 , 0.179487 , 2.502446
0.307692 , 0.205128 , 2.488080
0.307692 , 0.230769 , 2.470365
0.307692 , 0.256410 , 2.450319
0.307692 , 0.282051 , 2.428386
0.307692 , 0.307692 , 2.403902
0.307692 , 0.333333 , 2.378086
0.307692 , 0.358974 , 2.350671
0.307692 , 0.384615 , 2.321392
0.307692 , 0.410256 , 2.291063
0.307692 , 0.435897 , 2.258412
0.307692 , 0.461538 , 2.223985
0.307692 , 0.487179 , 2.189008
0.307692 , 0.512821 , 2.153561
0.307692 , 0.538462 , 2.117422
0.307692 , 0.564103 , 2.082189
0.307692 , 0.589744 , 2.047671
0.307692 , 0.615385 , 2.013648
0.307692 , 0.641026 , 1.980609
0.307692 , 0.666667 , 1.949605
0.307692 , 0.692308 , 1.920379
0.307692 , 0.717949 , 1.893365
0.307692 , 0.743590 , 1.867582
0.307692 , 0.769231 , 1.844840
0.307692 , 0.794872 , 1.825346
0.307692 , 0.820513 , 1.809496
0.307692 , 0.846154 , 1.793653
0.307692 , 0.871795 , 1.780551
0.307692 , 0.897436 , 1.770979
0.307692 , 0.923077 , 1.764681
0.307692 , 0.948718 , 1.760831
0.307692 , 0.974359 , 1.759385
0.307692 , 1.000000 , 1.758769
0.333333 , 0.000000 , 2.484409
0.333333 , 0.025641 , 2.483599
0.333333 , 0.051282 , 2.480211
0.333333 , 0.076923 , 2.476001
0.333333 , 0.102564 , 2.469188
0.333333 , 0.128205 , 2.460067
0.333333 , 0.153846 , 2.449526
0.333333 , 0.179487 , 2.437318
0.333333 , 0.205128 , 2.421866
0.333333 , 0.230769 , 2.403066
0.333333 , 0.256410 , 2.382329
0.333333 , 0.282051 , 2.359342
0.333333 , 0.307692 , 2.333881
0.333333 , 0.333333 , 2.306914
0.333333 , 0.358974 , 2.278767
0.333333 , 0.384615 , 2.248111
0.333333 , 0.410256 , 2.216432
0.333333 , 0.435897 , 2.182749
0.333333 , 0.461538 , 2.147544
0.333333 , 0.487179 , 2.112120
0.333333 , 0.512821 , 2.076084
0.333333 , 0.538462 , 2.039142
0.333333 , 0.564103 , 2.001897
0.333333 , 0.589744 , 1.965422
0.333333 , 0.615385 , 1.929947
0.333333 , 0.641026 , 1.895561
0.333333 , 0.666667 , 1.863535
0.333333 , 0.692308 , 1.833316
0.333333 , 0.717949 , 1.804527
0.333333 , 0.743590 , 1.777048
0.333333 , 0.769231 , 1.752819
0.333333 , 0.794872 , 1.731956
0.333333 , 0.820513 , 1.714118
0.333333 , 0.846154 , 1.697667
0.333333 , 0.871795 , 1.683370
0.333333 , 0.897436 , 1.672602
0.333333 , 0.923077 , 1.665287
0.333333 , 0.948718 , 1.660504
0.333333 , 0.974359 , 1.658592
0.333333 , 1.000000 , 1.658930
0.358974 , 0.000000 , 2.420657
0.358974 , 0.025641 , 2.419931
0.358974 , 0.051282 , 2.417029
0.358974 , 0.076923 , 2.412030
0.358974 , 0.102564 , 2.404539
0.358974 , 0.128205 , 2.394451
0.358974 , 0.153846 , 2.382596
0.358974 , 0.179487 , 2.368400
0.358974 , 0.205128 , 2.351163
0.358974 , 0.230769 , 2.331402
0.358974 , 0.256410 , 2.310024
0.358974 , 0.282051 , 2.286338
0.358974 , 0.307692 , 2.260224
0.358974 , 0.333333 , 2.232280
0.358974 , 0.358974 , 2.203251
0.358974 , 0.384615 , 2.171589
0.358974 , 0.410256 , 2.138585
0.358974 , 0.435897 , 2.104263
0.358974 , 0.461538 , 2.069105
0.358974 , 0.487179 , 2.032798
0.358974 , 0.512821 , 1.996468
0.358974 , 0.538462 , 1.959098
0.358974 , 0.564103 , 1.921104
0.358974 , 0.589744 , 1.883337
0.358974 , 0.615385 , 1.846721
0.358974 , 0.641026 , 1.811669
0.358974 , 0.666667 , 1.778282
0.358974 , 0.692308 , 1.747275
0.358974 , 0.717949 , 1.716967
0.358974 , 0.743590 , 1.687660
0.358974 , 0.769231 , 1.661985
0.358974 , 0.794872 , 1.639303
0.358974 , 0.820513 , 1.619198
0.358974 , 0.846154 , 1.601555
0.358974 , 0.871795 , 1.586406
0.358974 , 0.897436 , 1.575278
0.358974 , 0.923077 , 1.566709
0.358974 , 0.948718 , 1.561218
0.358974 , 0.974359 , 1.558306
0.358974 , 1.000000 , 1.557827
0.384615 , 0.000000 , 2.355044
0.384615 , 0.025641 , 2.354115
0.384615 , 0.051282 , 2.351418
0.384615 , 0.076923 , 2.345838
0.384615 , 0.102564 , 2.337377
0.384615 , 0.128205 , 2.326673
0.384615 , 0.153846 , 2.312744
0.384615 , 0.179487 , 2.296805
0.384615 , 0.205128 , 2.278004
0.384615 , 0.230769 , 2.258181
0.384615 , 0.256410 , 2.236349
0.384615 , 0.282051 , 2.211477
0.384615 , 0.307692 , 2.184323
0.384615 , 0.333333 , 2.155342
0.384615 , 0.358974 , 2.124635
0.384615 , 0.384615 , 2.092397
0.384615 , 0.410256 , 2.058460
0.384615 , 0.435897 , 2.023319
0.384615 , 0.461538 , 1.988342
0.384615 , 0.487179 , 1.952207
0.384615 , 0.512821 , 1.914709
0.384615 , 0.538462 , 1.877209
0.384615 , 0.564103 , 1.838752
0.384615 , 0.589744 , 1.800923
0.384615 , 0.615385 , 1.763573
0.384615 , 0.641026 , 1.728075
0.384615 , 0.666667 , 1.693301
0.384615 , 0.692308 , 1.660707
0.384615 , 0.717949 , 1.629629
0.384615 , 0.743590 , 1.599260
0.384615 , 0.769231 , 1.572555
0.384615 , 0.794872 , 1.548133
0.384615 , 0.820513 , 1.526098
0.384615 , 0.846154 , 1.507402
0.384615 , 0.871795 , 1.491642
0.384615 , 0.897436 , 1.479578
0.384615 , 0.923077 , 1.470209
0.384615 , 0.948718 , 1.463891
0.384615 , 0.974359 , 1.460347
0.384615 , 1.000000 , 1.459496
0.410256 , 0.000000 , 2.288378
0.410256 , 0.025641 , 2.287480
0.410256 , 0.051282 , 2.284071
0.410256 , 0.076923 , 2.278037
0.410256 , 0.102564 , 2.268630
0.410256 , 0.128205 , 2.256410
0.410256 , 0.153846 , 2.241310
0.410256 , 0.179487 , 2.224218
0.410256 , 0.205128 , 2.204509
0.410256 , 0.230769 , 2.183524
0.410256 , 0.256410 , 2.160640
0.410256 , 0.282051 , 2.134748
0.410256 , 0.307692 , 2.106692
0.410256 , 0.333333 , 2.077097
0.410256 , 0.358974 , 2.045260
0.410256 , 0.384615 , 2.011635
0.410256 , 0.410256 , 1.977402
0.410256 , 0.435897 , 1.942078
0.410256 , 0.461538 , 1.906735
0.410256 , 0.487179 , 1.870531
0.410256 , 0.512821 , 1.832526
0.410256 , 0.538462 , 1.794291
0.410256 , 0.564103 , 1.755569
0.410256 , 0.589744 , 1.717427
0.410256 , 0.615385 , 1.680445
0.410256 , 0.641026 , 1.644533
0.410256 , 0.666667 , 1.608847
0.410256 , 0.692308 , 1.575135
0.410256 , 0.717949 , 1.542363
0.410256 , 0.743590 , 1.510807
0.410256 , 0.769231 , 1.482432
0.410256 , 0.794872 , 1.457246
0.410256 , 0.820513 , 1.434871
0.410256 , 0.846154 , 1.415163
0.410256 , 0.871795 , 1.398396
0.410256 , 0.897436 , 1.385040
0.410256 , 0.923077 , 1.375016
0.410256 , 0.948718 , 1.368518
0.410256 , 0.974359 , 1.364556
0.410256 , 1.000000 , 1.363301
0.435897 , 0.000000 , 2.220550
0.435897 , 0.025641 , 2.220071
0.435897 , 0.051282 , 2.216226
0.435897 , 0.076923 , 2.209064
0.435897 , 0.102564 , 2.199036
0.435897 , 0.128205 , 2.185260
0.435897 , 0.153846 , 2.168664
0.435897 , 0.179487 , 2.150598
0.435897 , 0.205128 , 2.129788
0.435897 , 0.230769 , 2.107858
0.435897 , 0.256410 , 2.083046
0.435897 , 0.282051 , 2.056142
0.435897 , 0.307692 , 2.027083
0.435897 , 0.333333 , 1.996684
0.435897 , 0.358974 , 1.964854
0.435897 , 0.384615 , 1.931177
0.435897 , 0.410256 , 1.896324
0.435897 , 0.435897 , 1.860795
0.435897 , 0.461538 , 1.824940
0.435897 , 0.487179 , 1.788372
0.435897 , 0.512821 , 1.750060
0.435897 , 0.538462 , 1.711451
0.435897 , 0.564103 , 1.672633
0.435897 , 0.589744 , 1.634475
0.435897 , 0.615385 , 1.597524
0.435897 , 0.641026 , 1.561189
0.435897 , 0.666667 , 1.525251
0.435897 , 0.692308 , 1.490126
0.435897 , 0.717949 , 1.456751
0.435897 , 0.743590 , 1.424687
0.435897 , 0.769231 , 1.394858
0.435897 , 0.794872 , 1.368421
0.435897 , 0.820513 , 1.345375
0.435897 , 0.846154 , 1.325255
0.435897 , 0.871795 , 1.308336
0.435897 , 0.897436 , 1.294073
0.435897 , 0.923077 , 1.282880
0.435897 , 0.948718 , 1.275580
0.435897 , 0.974359 , 1.271390
0.435897 , 1.000000 , 1.269896
0.461538 , 0.000000 , 2.152922
0.461538 , 0.025641 , 2.151608
0.461538 , 0.051282 , 2.147456
0.461538 , 0.076923 , 2.139840
0.461538 , 0.102564 , 2.128733
0.461538 , 0.128205 , 2.113896
0.461538 , 0.153846 , 2.095569
0.461538 , 0.179487 , 2.076628
0.461538 , 0.205128 , 2.054580
0.461538 , 0.230769 , 2.031525
0.461538 , 0.256410 , 2.005716
0.461538 , 0.282051 , 1.977508
0.461538 , 0.307692 , 1.947608
0.461538 , 0.333333 , 1.915865
0.461538 , 0.358974 , 1.883397
0.461538 , 0.384615 , 1.850090
0.461538 , 0.410256 , 1.815269
0.461538 , 0.435897 , 1.779674
0.461538 , 0.461538 , 1.743548
0.461538 , 0.487179 , 1.705975
0.461538 , 0.512821 , 1.667886
0.461538 , 0.538462 , 1.629161
0.461538 , 0.564103 , 1.590825
0.461538 , 0.589744 , 1.552589
0.461538 , 0.615385 , 1.514804
0.461538 , 0.641026 , 1.478097
0.461538 , 0.666667 , 1.442310
0.461538 , 0.692308 , 1.406744
0.461538 , 0.717949 , 1.372335
0.461538 , 0.743590 , 1.340112
0.461538 , 0.769231 , 1.309764
0.461538 , 0.794872 , 1.282078
0.461538 , 0.820513 , 1.258087
0.461538 , 0.846154 , 1.237394
0.461538 , 0.871795 , 1.220022
0.461538 , 0.897436 , 1.205331
0.461538 , 0.923077 , 1.193216
0.461538 , 0.948718 , 1.185314
0.461538 , 0.974359 , 1.180647
0.461538 , 1.000000 , 1.179096
0.487179 , 0.000000 , 2.085284
0.487179 , 0.025641 , 2.083426
0.487179 , 0.051282 , 2.079031
0.487179 , 0.076923 , 2.070369
0.487179 , 0.102564 , 2.058329
0.487179 , 0.128205 , 2.042902
0.487179 , 0.153846 , 2.024247
0.487179 , 0.179487 , 2.003231
0.487179 , 0.205128 , 1.980202
0.487179 , 0.230769 , 1.955630
0.487179 , 0.256410 , 1.929069
0.487179 , 0.282051 , 1.899288
0.487179 , 0.307692 , 1.868414
0.487179 , 0.333333 , 1.836111
0.487179 , 0.358974 , 1.803180
0.487179 , 0.384615 , 1.769307
0.487179 , 0.410256 , 1.734621
0.487179 , 0.435897 , 1.698685
0.487179 , 0.461538 , 1.661926
0.487179 , 0.487179 , 1.624043
0.487179 , 0.512821 , 1.585872
0.487179 , 0.538462 , 1.547796
0.487179 , 0.564103 , 1.509891
0.487179 , 0.589744 , 1.471990
0.487179 , 0.615385 , 1.434024
0.487179 , 0.641026 , 1.396582
0.487179 , 0.666667 , 1.359894
0.487179 , 0.692308 , 1.324550
0.487179 , 0.717949 , 1.290346
0.487179 , 0.743590 , 1.257809
0.487179 , 0.769231 , 1.227199
0.487179 , 0.794872 , 1.198619
0.487179 , 0.820513 , 1.173657
0.487179 , 0.846154 , 1.152618
0.487179 , 0.871795 , 1.134352
0.487179 , 0.897436 , 1.118861
0.487179 , 0.923077 , 1.106344
0.487179 , 0.948718 , 1.098040
0.487179 , 0.974359 , 1.092344
0.487179 , 1.000000 , 1.090878
0.512821 , 0.000000 , 2.018449
0.512821 , 0.025641 , 2.016341
0.512821 , 0.051282 , 2.010915
0.512821 , 0.076923 , 2.000763
0.512821 , 0.102564 , 1.988270
0.512821 , 0.128205 , 1.971676
0.512821 , 0.153846 , 1.952638
0.512821 , 0.179487 , 1.930999
0.512821 , 0.205128 , 1.906368
0.512821 , 0.230769 , 1.880271
0.512821 , 0.256410 , 1.852231
0.512821 , 0.282051 , 1.822067
0.512821 , 0.307692 , 1.790388
0.512821 , 0.333333 , 1.757594
0.512821 , 0.358974 , 1.723852
0.512821 , 0.384615 , 1.689603
0.512821 , 0.410256 , 1.654571
0.512821 , 0.435897 , 1.618740
0.512821 , 0.461538 , 1.581860
0.512821 , 0.487179 , 1.544565
0.512821 , 0.512821 , 1.506319
0.512821 , 0.538462 , 1.467969
0.512821 , 0.564103 , 1.430491
0.512821 , 0.589744 , 1.392992
0.512821 , 0.615385 , 1.354911
0.512821 , 0.641026 , 1.317601
0.512821 , 0.666667 , 1.280498
0.512821 , 0.692308 , 1.244493
0.512821 , 0.717949 , 1.210453
0.512821 , 0.743590 , 1.177921
0.512821 , 0.769231 , 1.146992
0.512821 , 0.794872 , 1.118331
0.512821 , 0.820513 , 1.092625
0.512821 , 0.846154 , 1.070529
0.512821 , 0.871795 , 1.050639
0.512821 , 0.897436 , 1.034245
0.512821 , 0.923077 , 1.021701
0.512821 , 0.948718 , 1.012481
0.512821 , 0.974359 , 1.006861
0.512821 , 1.000000 , 1.005464
0.538462 , 0.000000 , 1.952486
0.538462 , 0.025641 , 1.949995
0.538462 , 0.051282 , 1.943986
0.538462 , 0.076923 , 1.933323
0.538462 , 0.102564 , 1.919766
0.538462 , 0.128205 , 1.901823
0.538462 , 0.153846 , 1.881450
0.538462 , 0.179487 , 1.858290
0.538462 , 0.205128 , 1.832846
0.538462 , 0.230769 , 1.805600
0.538462 , 0.256410 , 1.776655
0.538462 , 0.282051 , 1.745736
0.538462 , 0.307692 , 1.713425
0.538462 , 0.333333 , 1.680178
0.538462 , 0.358974 , 1.645954
0.538462 , 0.384615 , 1.611392
0.538462 , 0.410256 , 1.576044
0.538462 , 0.435897 , 1.540029
0.538462 , 0.461538 , 1.503199
0.538462 , 0.487179 , 1.465807
0.538462 , 0.512821 , 1.428275
0.538462 , 0.538462 , 1.389667
0.538462 , 0.564103 , 1.351834
0.538462 , 0.589744 , 1.314925
0.538462 , 0.615385 , 1.277594
0.538462 , 0.641026 , 1.240068
0.538462 , 0.666667 , 1.203637
0.538462 , 0.692308 , 1.167612
0.538462 , 0.717949 , 1.133334
0.538462 , 0.743590 , 1.100858
0.538462 , 0.769231 , 1.070248
0.538462 , 0.794872 , 1.041048
0.538462 , 0.820513 , 1.014155
0.538462 , 0.846154 , 0.990686
0.538462 , 0.871795 , 0.970310
0.538462 , 0.897436 , 0.952880
0.538462 , 0.923077 , 0.939988
0.538462 , 0.948718 , 0.930432
0.538462 , 0.974359 , 0.924390
0.538462 , 1.000000 , 0.922478
0.564103 , 0.000000 , 1.888002
0.564103 , 0.025641 , 1.885132
0.564103 , 0.051282 , 1.878328
0.564103 , 0.076923 , 1.867483
0.564103 , 0.102564 , 1.852971
0.564103 , 0.128205 , 1.834573
0.564103 , 0.153846 , 1.813350
0.564103 , 0.179487 , 1.789026
0.564103 , 0.205128 , 1.762406
0.564103 , 0.230769 , 1.734050
0.564103 , 0.256410 , 1.704031
0.564103 , 0.282051 , 1.672399
0.564103 , 0.307692 , 1.639489
0.564103 , 0.333333 , 1.605611
0.564103 , 0.358974 , 1.570682
0.564103 , 0.384615 , 1.535656
0.564103 , 0.410256 , 1.499725
0.564103 , 0.435897 , 1.463044
0.564103 , 0.461538 , 1.426033
0.564103 , 0.487179 , 1.388692
0.564103 , 0.512821 , 1.351020
0.564103 , 0.538462 , 1.312590
0.564103 , 0.564103 , 1.274712
0.564103 , 0.589744 , 1.238068
0.564103 , 0.615385 , 1.201462
0.564103 , 0.641026 , 1.164487
0.564103 , 0.666667 , 1.128362
0.564103 , 0.692308 , 1.093126
0.564103 , 0.717949 , 1.058977
0.564103 , 0.743590 , 1.026042
0.564103 , 0.769231 , 0.995689
0.564103 , 0.794872 , 0.967218
0.564103 , 0.820513 , 0.940098
0.564103 , 0.846154 , 0.915211
0.564103 , 0.871795 , 0.893985
0.564103 , 0.897436 , 0.875489
0.564103 , 0.923077 , 0.861724
0.564103 , 0.948718 , 0.851398
0.564103 , 0.974359 , 0.845078
0.564103 , 1.000000 , 0.842834
0.589744 , 0.000000 , 1.824994
0.589744 , 0.025641 , 1.822152
0.589744 , 0.051282 , 1.814645
0.589744 , 0.076923 , 1.803437
0.589744 , 0.102564 , 1.788531
0.589744 , 0.128205 , 1.769449
0.589744 , 0.153846 , 1.747239
0.589744 , 0.179487 , 1.721941
0.589744 , 0.205128 , 1.694646
0.589744 , 0.230769 , 1.666462
0.589744 , 0.256410 , 1.635298
0.589744 , 0.282051 , 1.603419
0.589744 , 0.307692 , 1.569695
0.589744 , 0.333333 , 1.534039
0.589744 , 0.358974 , 1.498384
0.589744 , 0.384615 , 1.463127
0.589744 , 0.410256 , 1.426653
0.589744 , 0.435897 , 1.388968
0.589744 , 0.461538 , 1.351235
0.589744 , 0.487179 , 1.313570
0.589744 , 0.512821 , 1.275861
0.589744 , 0.538462 , 1.237254
0.589744 , 0.564103 , 1.199807
0.589744 , 0.589744 , 1.163124
0.589744 , 0.615385 , 1.126428
0.589744 , 0.641026 , 1.090003
0.589744 , 0.666667 , 1.054255
0.589744 , 0.692308 , 1.020115
0.589744 , 0.717949 , 0.986706
0.589744 , 0.743590 , 0.953728
0.589744 , 0.769231 , 0.923157
0.589744 , 0.794872 , 0.894373
0.589744 , 0.820513 , 0.867814
0.589744 , 0.846154 , 0.842984
0.589744 , 0.871795 , 0.821323
0.589744 , 0.897436 , 0.802061
0.589744 , 0.923077 , 0.787922
0.589744 , 0.948718 , 0.777215
0.589744 , 0.974359 , 0.770650
0.589744 , 1.000000 , 0.768530
0.615385 , 0.000000 , 1.763529
0.615385 , 0.025641 , 1.761268
0.615385 , 0.051282 , 1.753805
0.615385 , 0.076923 , 1.742036
0.615385 , 0.102564 , 1.726406
0.615385 , 0.128205 , 1.706559
0.615385 , 0.153846 , 1.683363
0.615385 , 0.179487 , 1.657496
0.615385 , 0.205128 , 1.629519
0.615385 , 0.230769 , 1.601101
0.615385 , 0.256410 , 1.569912
0.615385 , 0.282051 , 1.537075
0.615385 , 0.307692 , 1.502919
0.615385 , 0.333333 , 1.466082
0.615385 , 0.358974 , 1.429915
0.615385 , 0.384615 , 1.393579
0.615385 , 0.410256 , 1.355853
0.615385 , 0.435897 , 1.317408
0.615385 , 0.461538 , 1.279191
0.615385 , 0.487179 , 1.240841
0.615385 , 0.512821 , 1.203136
0.615385 , 0.538462 , 1.165293
0.615385 , 0.564103 , 1.127441
0.615385 , 0.589744 , 1.090849
0.615385 , 0.615385 , 1.054255
0.615385 , 0.641026 , 1.018196
0.615385 , 0.666667 , 0.982831
0.615385 , 0.692308 , 0.949673
0.615385 , 0.717949 , 0.917345
0.615385 , 0.743590 , 0.884608
0.615385 , 0.769231 , 0.854180
0.615385 , 0.794872 , 0.825160
0.615385 , 0.820513 , 0.798317
0.615385 , 0.846154 , 0.773557
0.615385 , 0.871795 , 0.751616
0.615385 , 0.897436 , 0.732159
0.615385 , 0.923077 , 0.718214
0.615385 , 0.948718 , 0.707445
0.615385 , 0.974359 , 0.701166
0.615385 , 1.000000 , 0.698649
0.641026 , 0.000000 , 1.705355
0.641026 , 0.025641 , 1.702857
0.641026 , 0.051282 , 1.695630
0.641026 , 0.076923 , 1.683477
0.641026 , 0.102564 , 1.667584
0.641026 , 0.128205 , 1.646955
0.641026 , 0.153846 , 1.623188
0.641026 , 0.179487 , 1.596768
0.641026 , 0.205128 , 1.568554
0.641026 , 0.230769 , 1.538963
0.641026 , 0.256410 , 1.508276
0.641026 , 0.282051 , 1.474968
0.641026 , 0.307692 , 1.439940
0.641026 , 0.333333 , 1.402427
0.641026 , 0.358974 , 1.364955
0.641026 , 0.384615 , 1.327371
0.641026 , 0.410256 , 1.288484
0.641026 , 0.435897 , 1.248848
0.641026 , 0.461538 , 1.209995
0.641026 , 0.487179 , 1.171700
0.641026 , 0.512821 , 1.133603
0.641026 , 0.538462 , 1.095926
0.641026 , 0.564103 , 1.058177
0.641026 , 0.589744 , 1.021411
0.641026 , 0.615385 , 0.984928
0.641026 , 0.641026 , 0.949415
0.641026 , 0.666667 , 0.915155
0.641026 , 0.692308 , 0.882891
0.641026 , 0.717949 , 0.850897
0.641026 , 0.743590 , 0.818809
0.641026 , 0.769231 , 0.788286
0.641026 , 0.794872 , 0.759811
0.641026 , 0.820513 , 0.732492
0.641026 , 0.846154 , 0.706934
0.641026 , 0.871795 , 0.684579
0.641026 , 0.897436 , 0.666157
0.641026 , 0.923077 , 0.651448
0.641026 , 0.948718 , 0.641252
0.641026 , 0.974359 , 0.634946
0.641026 , 1.000000 , 0.632296
0.666667 , 0.000000 , 1.650464
0.666667 , 0.025641 , 1.647943
0.666667 , 0.051282 , 1.640238
0.666667 , 0.076923 , 1.627506
0.666667 , 0.102564 , 1.611931
0.666667 , 0.128205 , 1.591638
0.666667 , 0.153846 , 1.567452
0.666667 , 0.179487 , 1.540429
0.666667 , 0.205128 , 1.512294
0.666667 , 0.230769 , 1.481718
0.666667 , 0.256410 , 1.450504
0.666667 , 0.282051 , 1.416627
0.666667 , 0.307692 , 1.380531
0.666667 , 0.333333 , 1.342123
0.666667 , 0.358974 , 1.303379
0.666667 , 0.384615 , 1.264935
0.666667 , 0.410256 , 1.224635
0.666667 , 0.435897 , 1.184666
0.666667 , 0.461538 , 1.144728
0.666667 , 0.487179 , 1.106317
0.666667 , 0.512821 , 1.068112
0.666667 , 0.538462 , 1.030081
0.666667 , 0.564103 , 0.992051
0.666667 , 0.589744 , 0.955318
0.666667 , 0.615385 , 0.919192
0.666667 , 0.641026 , 0.884534
0.666667 , 0.666667 , 0.850590
0.666667 , 0.692308 , 0.818348
0.666667 , 0.717949 , 0.786536
0.666667 , 0.743590 , 0.754814
0.666667 , 0.769231 , 0.724209
0.666667 , 0.794872 , 0.695983
0.666667 , 0.820513 , 0.669431
0.666667 , 0.846154 , 0.644267
0.666667 , 0.871795 , 0.622451
0.666667 , 0.897436 , 0.604961
0.666667 , 0.923077 , 0.589379
0.666667 , 0.948718 , 0.578023
0.666667 , 0.974359 , 0.571779
0.666667 , 1.000000 , 0.569219
0.692308 , 0.000000 , 1.598938
0.692308 , 0.025641 , 1.596106
0.692308 , 0.051282 , 1.588063
0.692308 , 0.076923 , 1.575695
0.692308 , 0.102564 , 1.560052
0.692308 , 0.128205 , 1.540121
0.692308 , 0.153846 , 1.516369
0.692308 , 0.179487 , 1.488798
0.692308 , 0.205128 , 1.460256
0.692308 , 0.230769 , 1.428855
0.692308 , 0.256410 , 1.396564
0.692308 , 0.282051 , 1.361681
0.692308 , 0.307692 , 1.324928
0.692308 , 0.333333 , 1.285803
0.692308 , 0.358974 , 1.245648
0.692308 , 0.384615 , 1.205988
0.692308 , 0.410256 , 1.164904
0.692308 , 0.435897 , 1.124728
0.692308 , 0.461538 , 1.084383
0.692308 , 0.487179 , 1.044892
0.692308 , 0.512821 , 1.006460
0.692308 , 0.538462 , 0.968011
0.692308 , 0.564103 , 0.929875
0.692308 , 0.589744 , 0.892928
0.692308 , 0.615385 , 0.857546
0.692308 , 0.641026 , 0.823209
0.692308 , 0.666667 , 0.789518
0.692308 , 0.692308 , 0.756772
0.692308 , 0.717949 , 0.725161
0.692308 , 0.743590 , 0.693818
0.692308 , 0.769231 , 0.663575
0.692308 , 0.794872 , 0.635432
0.692308 , 0.820513 , 0.609594
0.692308 , 0.846154 , 0.586423
0.692308 , 0.871795 , 0.564575
0.692308 , 0.897436 , 0.546744
0.692308 , 0.923077 , 0.531091
0.692308 , 0.948718 , 0.519332
0.692308 , 0.974359 , 0.512396
0.692308 , 1.000000 , 0.510421
0.717949 , 0.000000 , 1.550239
0.717949 , 0.025641 , 1.547776
0.717949 , 0.051282 , 1.539619
0.717949 , 0.076923 , 1.527568
0.717949 , 0.102564 , 1.512121
0.717949 , 0.128205 , 1.492761
0.717949 , 0.153846 , 1.468478
0.717949 , 0.179487 , 1.441014
0.717949 , 0.205128 , 1.411365
0.717949 , 0.230769 , 1.380414
0.717949 , 0.256410 , 1.346952
0.717949 , 0.282051 , 1.310760
0.717949 , 0.307692 , 1.273535
0.717949 , 0.333333 , 1.233350
0.717949 , 0.358974 , 1.191782
0.717949 , 0.384615 , 1.151437
0.717949 , 0.410256 , 1.109804
0.717949 , 0.435897 , 1.068685
0.717949 , 0.461538 , 1.028024
0.717949 , 0.487179 , 0.987824
0.717949 , 0.512821 , 0.948965
0.717949 , 0.538462 , 0.910475
0.717949 , 0.564103 , 0.871835
0.717949 , 0.589744 , 0.833994
0.717949 , 0.615385 , 0.798627
0.717949 , 0.641026 , 0.764307
0.717949 , 0.666667 , 0.730516
0.717949 , 0.692308 , 0.697872
0.717949 , 0.717949 , 0.666709
0.717949 , 0.743590 , 0.636237
0.717949 , 0.769231 , 0.606363
0.717949 , 0.794872 , 0.578581
0.717949 , 0.820513 , 0.552794
0.717949 , 0.846154 , 0.531305
0.717949 , 0.871795 , 0.510787
0.717949 , 0.897436 , 0.491712
0.717949 , 0.923077 , 0.476479
0.717949 , 0.948718 , 0.465480
0.717949 , 0.974359 , 0.458568
0.717949 , 1.000000 , 0.456277
0.743590 , 0.000000 , 1.504528
0.743590 , 0.025641 , 1.502837
0.743590 , 0.051282 , 1.494889
0.743590 , 0.076923 , 1.483297
0.743590 , 0.102564 , 1.467563
0.743590 , 0.128205 , 1.448408
0.743590 , 0.153846 , 1.424345
0.743590 , 0.179487 , 1.397308
0.743590 , 0.205128 , 1.366880
0.743590 , 0.230769 , 1.334827
0.743590 , 0.256410 , 1.300349
0.743590 , 0.282051 , 1.264850
0.743590 , 0.307692 , 1.227321
0.743590 , 0.333333 , 1.186477
0.743590 , 0.358974 , 1.142643
0.743590 , 0.384615 , 1.101358
0.743590 , 0.410256 , 1.059878
0.743590 , 0.435897 , 1.017525
0.743590 , 0.461538 , 0.976024
0.743590 , 0.487179 , 0.935235
0.743590 , 0.512821 , 0.895626
0.743590 , 0.538462 , 0.856380
0.743590 , 0.564103 , 0.817796
0.743590 , 0.589744 , 0.780105
0.743590 , 0.615385 , 0.744777
0.743590 , 0.641026 , 0.710879
0.743590 , 0.666667 , 0.676568
0.743590 , 0.692308 , 0.643561
0.743590 , 0.717949 , 0.612398
0.743590 , 0.743590 , 0.582983
0.743590 , 0.769231 , 0.553621
0.743590 , 0.794872 , 0.526364
0.743590 , 0.820513 , 0.501237
0.743590 , 0.846154 , 0.479577
0.743590 , 0.871795 , 0.460252
0.743590 , 0.897436 , 0.441697
0.743590 , 0.923077 , 0.426166
0.743590 , 0.948718 , 0.415556
0.743590 , 0.974359 , 0.408860
0.743590 , 1.000000 , 0.406615
0.769231 , 0.000000 , 1.463574
0.769231 , 0.025641 , 1.461655
0.769231 , 0.051282 , 1.454647
0.769231 , 0.076923 , 1.443211
0.769231 , 0.102564 , 1.427502
0.769231 , 0.128205 , 1.408110
0.769231 , 0.153846 , 1.384260
0.769231 , 0.179487 , 1.355906
0.769231 , 0.205128 , 1.325249
0.769231 , 0.230769 , 1.292533
0.769231 , 0.256410 , 1.257687
0.769231 , 0.282051 , 1.221351
0.769231 , 0.307692 , 1.184058
0.769231 , 0.333333 , 1.143250
0.769231 , 0.358974 , 1.099162
0.769231 , 0.384615 , 1.056673
0.769231 , 0.410256 , 1.014331
0.769231 , 0.435897 , 0.971386
0.769231 , 0.461538 , 0.929190
0.769231 , 0.487179 , 0.887838
0.769231 , 0.512821 , 0.847255
0.769231 , 0.538462 , 0.807285
0.769231 , 0.564103 , 0.768018
0.769231 , 0.589744 , 0.730537
0.769231 , 0.615385 , 0.695346
0.769231 , 0.641026 , 0.660945
0.769231 , 0.666667 , 0.626066
0.769231 , 0.692308 , 0.592891
0.769231 , 0.717949 , 0.561492
0.769231 , 0.743590 , 0.531741
0.769231 , 0.769231 , 0.502919
0.769231 , 0.794872 , 0.476086
0.769231 , 0.820513 , 0.452288
0.769231 , 0.846154 , 0.430192
0.769231 , 0.871795 , 0.411697
0.769231 , 0.897436 , 0.394688
0.769231 , 0.923077 , 0.379699
0.769231 , 0.948718 , 0.368835
0.769231 , 0.974359 , 0.362272
0.769231 , 1.000000 , 0.360301
0.794872 , 0.000000 , 1.427526
0.794872 , 0.025641 , 1.424940
0.794872 , 0.051282 , 1.418569
0.794872 , 0.076923 , 1.407423
0.794872 , 0.102564 , 1.391534
0.794872 , 0.128205 , 1.371358
0.794872 , 0.153846 , 1.347184
0.794872 , 0.179487 , 1.318842
0.794872 , 0.205128 , 1.288413
0.794872 , 0.230769 , 1.256122
0.794872 , 0.256410 , 1.220145
0.794872 , 0.282051 , 1.182511
0.794872 , 0.307692 , 1.144772
0.794872 , 0.333333 , 1.104442
0.794872 , 0.358974 , 1.060843
0.794872 , 0.384615 , 1.017621
0.794872 , 0.410256 , 0.974258
0.794872 , 0.435897 , 0.930659
0.794872 , 0.461538 , 0.887688
0.794872 , 0.487179 , 0.845868
0.794872 , 0.512821 , 0.804338
0.794872 , 0.538462 , 0.763742
0.794872 , 0.564103 , 0.723685
0.794872 , 0.589744 , 0.685667
0.794872 , 0.615385 , 0.650307
0.794872 , 0.641026 , 0.615136
0.794872 , 0.666667 , 0.580138
0.794872 , 0.692308 , 0.546476
0.794872 , 0.717949 , 0.514847
0.794872 , 0.743590 , 0.484964
0.794872 , 0.769231 , 0.457360
0.794872 , 0.794872 , 0.430702
0.794872 , 0.820513 , 0.407419
0.794872 , 0.846154 , 0.385385
0.794872 , 0.871795 , 0.366327
0.794872 , 0.897436 , 0.350096
0.794872 , 0.923077 , 0.336628
0.794872 , 0.948718 , 0.326150
0.794872 , 0.974359 , 0.318714
0.794872 , 1.000000 , 0.317064
0.820513 , 0.000000 , 1.395513
0.820513 , 0.025641 , 1.392926
0.820513 , 0.051282 , 1.385918
0.820513 , 0.076923 , 1.375717
0.820513 , 0.102564 , 1.359467
0.820513 , 0.128205 , 1.339767
0.820513 , 0.153846 , 1.315116
0.820513 , 0.179487 , 1.286909
0.820513 , 0.205128 , 1.256401
0.820513 , 0.230769 , 1.222891
0.820513 , 0.256410 , 1.186563
0.820513 , 0.282051 , 1.148156
0.820513 , 0.307692 , 1.109216
0.820513 , 0.333333 , 1.068810
0.820513 , 0.358974 , 1.026853
0.820513 , 0.384615 , 0.983484
0.820513 , 0.410256 , 0.939200
0.820513 , 0.435897 , 0.895233
0.820513 , 0.461538 , 0.851347
0.820513 , 0.487179 , 0.808161
0.820513 , 0.512821 , 0.765599
0.820513 , 0.538462 , 0.724165
0.820513 , 0.564103 , 0.684166
0.820513 , 0.589744 , 0.646170
0.820513 , 0.615385 , 0.610393
0.820513 , 0.641026 , 0.574016
0.820513 , 0.666667 , 0.538595
0.820513 , 0.692308 , 0.505211
0.820513 , 0.717949 , 0.472824
0.820513 , 0.743590 , 0.442418
0.820513 , 0.769231 , 0.415571
0.820513 , 0.794872 , 0.390670
0.820513 , 0.820513 , 0.367489
0.820513 , 0.846154 , 0.346024
0.820513 , 0.871795 , 0.327635
0.820513 , 0.897436 , 0.311792
0.820513 , 0.923077 , 0.298956
0.820513 , 0.948718 , 0.288057
0.820513 , 0.974359 , 0.280306
0.820513 , 1.000000 , 0.278083
0.846154 , 0.000000 , 1.367556
0.846154 , 0.025641 , 1.364689
0.846154 , 0.051282 , 1.357932
0.846154 , 0.076923 , 1.347250
0.846154 , 0.102564 , 1.331974
0.846154 , 0.128205 , 1.312144
0.846154 , 0.153846 , 1.287933
0.846154 , 0.179487 , 1.260581
0.846154 , 0.205128 , 1.228686
0.846154 , 0.230769 , 1.193485
0.846154 , 0.256410 , 1.156528
0.846154 , 0.282051 , 1.118111
0.846154 , 0.307692 , 1.077972
0.846154 , 0.333333 , 1.036796
0.846154 , 0.358974 , 0.994999
0.846154 , 0.384615 , 0.952003
0.846154 , 0.410256 , 0.908189
0.846154 , 0.435897 , 0.863640
0.846154 , 0.461538 , 0.819264
0.846154 , 0.487179 , 0.775482
0.846154 , 0.512821 , 0.732661
0.846154 , 0.538462 , 0.690934
0.846154 , 0.564103 , 0.650212
0.846154 , 0.589744 , 0.611858
0.846154 , 0.615385 , 0.574474
0.846154 , 0.641026 , 0.537136
0.846154 , 0.666667 , 0.501449
0.846154 , 0.692308 , 0.468475
0.846154 , 0.717949 , 0.435974
0.846154 , 0.743590 , 0.406078
0.846154 , 0.769231 , 0.378902
0.846154 , 0.794872 , 0.353928
0.846154 , 0.820513 , 0.331503
0.846154 , 0.846154 , 0.310222
0.846154 , 0.871795 , 0.292685
0.846154 , 0.897436 , 0.277450
0.846154 , 0.923077 , 0.264898
0.846154 , 0.948718 , 0.253948
0.846154 , 0.974359 , 0.246421
0.846154 , 1.000000 , 0.243540
0.871795 , 0.000000 , 1.344053
0.871795 , 0.025641 , 1.341054
0.871795 , 0.051282 , 1.333992
0.871795 , 0.076923 , 1.323438
0.871795 , 0.102564 , 1.307868
0.871795 , 0.128205 , 1.287882
0.871795 , 0.153846 , 1.263868
0.871795 , 0.179487 , 1.236885
0.871795 , 0.205128 , 1.204985
0.871795 , 0.230769 , 1.169448
0.871795 , 0.256410 , 1.131922
0.871795 , 0.282051 , 1.092759
0.871795 , 0.307692 , 1.052058
0.871795 , 0.333333 , 1.010749
0.871795 , 0.358974 , 0.968755
0.871795 , 0.384615 , 0.925346
0.871795 , 0.410256 , 0.881190
0.871795 , 0.435897 , 0.836859
0.871795 , 0.461538 , 0.792140
0.871795 , 0.487179 , 0.748133
0.871795 , 0.512821 , 0.704976
0.871795 , 0.538462 , 0.662457
0.871795 , 0.564103 , 0.621068
0.871795 , 0.589744 , 0.581233
0.871795 , 0.615385 , 0.543236
0.871795 , 0.641026 , 0.505692
0.871795 , 0.666667 , 0.468808
0.871795 , 0.692308 , 0.436032
0.871795 , 0.717949 , 0.404015
0.871795 , 0.743590 , 0.374202
0.871795 , 0.769231 , 0.347377
0.871795 , 0.794872 , 0.322358
0.871795 , 0.820513 , 0.300230
0.871795 , 0.846154 , 0.279248
0.871795 , 0.871795 , 0.262066
0.871795 , 0.897436 , 0.247495
0.871795 , 0.923077 , 0.234515
0.871795 , 0.948718 , 0.224009
0.871795 , 0.974359 , 0.216855
0.871795 , 1.000000 , 0.214304
0.897436 , 0.000000 , 1.325108
0.897436 , 0.025641 , 1.322281
0.897436 , 0.051282 , 1.315159
0.897436 , 0.076923 , 1.304096
0.897436 , 0.102564 , 1.288287
0.897436 , 0.128205 , 1.268310
0.897436 , 0.153846 , 1.244427
0.897436 , 0.179487 , 1.217382
0.897436 , 0.205128 , 1.186316
0.897436 , 0.230769 , 1.150935
0.897436 , 0.256410 , 1.112976
0.897436 , 0.282051 , 1.073267
0.897436 , 0.307692 , 1.032589
0.897436 , 0.333333 , 0.990818
0.897436 , 0.358974 , 0.947903
0.897436 , 0.384615 , 0.904232
0.897436 , 0.410256 , 0.859653
0.897436 , 0.435897 , 0.815014
0.897436 , 0.461538 , 0.770601
0.897436 , 0.487179 , 0.726658
0.897436 , 0.512821 , 0.682294
0.897436 , 0.538462 , 0.639063
0.897436 , 0.564103 , 0.597032
0.897436 , 0.589744 , 0.556638
0.897436 , 0.615385 , 0.517398
0.897436 , 0.641026 , 0.479273
0.897436 , 0.666667 , 0.442354
0.897436 , 0.692308 , 0.408534
0.897436 , 0.717949 , 0.376816
0.897436 , 0.743590 , 0.347291
0.897436 , 0.769231 , 0.320476
0.897436 , 0.794872 , 0.295365
0.897436 , 0.820513 , 0.273194
0.897436 , 0.846154 , 0.252047
0.897436 , 0.871795 , 0.235221
0.897436 , 0.897436 , 0.220839
0.897436 , 0.923077 , 0.208044
0.897436 , 0.948718 , 0.198034
0.897436 , 0.974359 , 0.191343
0.897436 , 1.000000 , 0.189265
0.923077 , 0.000000 , 1.309700
0.923077 , 0.025641 , 1.307402
0.923077 , 0.051282 , 1.300381
0.923077 , 0.076923 , 1.289278
0.923077 , 0.102564 , 1.273587
0.923077 , 0.128205 , 1.253237
0.923077 , 0.153846 , 1.229461
0.923077 , 0.179487 , 1.202810
0.923077 , 0.205128 , 1.171860
0.923077 , 0.230769 , 1.136735
0.923077 , 0.256410 , 1.099297
0.923077 , 0.282051 , 1.059723
0.923077 , 0.307692 , 1.018678
0.923077 , 0.333333 , 0.976662
0.923077 , 0.358974 , 0.933332
0.923077 , 0.384615 , 0.888413
0.923077 , 0.410256 , 0.843513
0.923077 , 0.435897 , 0.798954
0.923077 , 0.461538 , 0.754062
0.923077 , 0.487179 , 0.709004
0.923077 , 0.512821 , 0.664784
0.923077 , 0.538462 , 0.621136
0.923077 , 0.564103 , 0.578591
0.923077 , 0.589744 , 0.537419
0.923077 , 0.615385 , 0.497669
0.923077 , 0.641026 , 0.458686
0.923077 , 0.666667 , 0.421235
0.923077 , 0.692308 , 0.386547
0.923077 , 0.717949 , 0.354697
0.923077 , 0.743590 , 0.325622
0.923077 , 0.769231 , 0.299136
0.923077 , 0.794872 , 0.274143
0.923077 , 0.820513 , 0.251576
0.923077 , 0.846154 , 0.230776
0.923077 , 0.871795 , 0.213449
0.923077 , 0.897436 , 0.199054
0.923077 , 0.923077 , 0.186831
0.923077 , 0.948718 , 0.176992
0.923077 , 0.974359 , 0.170958
0.923077 , 1.000000 , 0.168823
0.948718 , 0.000000 , 1.298820
0.948718 , 0.025641 , 1.296814
0.948718 , 0.051282 , 1.289759
0.948718 , 0.076923 , 1.279225
0.948718 , 0.102564 , 1.263548
0.948718 , 0.128205 , 1.243140
0.948718 , 0.153846 , 1.219094
0.948718 , 0.179487 , 1.192271
0.948718 , 0.205128 , 1.161881
0.948718 , 0.230769 , 1.127625
0.948718 , 0.256410 , 1.090222
0.948718 , 0.282051 , 1.051412
0.948718 , 0.307692 , 1.010149
0.948718 , 0.333333 , 0.967151
0.948718 , 0.358974 , 0.922779
0.948718 , 0.384615 , 0.878030
0.948718 , 0.410256 , 0.833053
0.948718 , 0.435897 , 0.787495
0.948718 , 0.461538 , 0.741950
0.948718 , 0.487179 , 0.696675
0.948718 , 0.512821 , 0.652020
0.948718 , 0.538462 , 0.608397
0.948718 , 0.564103 , 0.564871
0.948718 , 0.589744 , 0.522976
0.948718 , 0.615385 , 0.482489
0.948718 , 0.641026 , 0.443357
0.948718 , 0.666667 , 0.405899
0.948718 , 0.692308 , 0.370862
0.948718 , 0.717949 , 0.338790
0.948718 , 0.743590 , 0.309967
0.948718 , 0.769231 , 0.283045
0.948718 , 0.794872 , 0.257739
0.948718 , 0.820513 , 0.234723
0.948718 , 0.846154 , 0.214002
0.948718 , 0.871795 , 0.196647
0.948718 , 0.897436 , 0.182094
0.948718 , 0.923077 , 0.170290
0.948718 , 0.948718 , 0.161108
0.948718 , 0.974359 , 0.155859
0.948718 , 1.000000 , 0.153959
0.974359 , 0.000000 , 1.292686
0.974359 , 0.025641 , 1.290564
0.974359 , 0.051282 , 1.284018
0.974359 , 0.076923 , 1.273743
0.974359 , 0.102564 , 1.258033
0.974359 , 0.128205 , 1.237339
0.974359 , 0.153846 , 1.213143
0.974359 , 0.179487 , 1.185927
0.974359 , 0.205128 , 1.155527
0.974359 , 0.230769 , 1.121556
0.974359 , 0.256410 , 1.084889
0.974359 , 0.282051 , 1.046162
0.974359 , 0.307692 , 1.004940
0.974359 , 0.333333 , 0.961501
0.974359 , 0.358974 , 0.916957
0.974359 , 0.384615 , 0.871587
0.974359 , 0.410256 , 0.826417
0.974359 , 0.435897 , 0.780712
0.974359 , 0.461538 , 0.734828
0.974359 , 0.487179 , 0.689414
0.974359 , 0.512821 , 0.644841
0.974359 , 0.538462 , 0.600369
0.974359 , 0.564103 , 0.556499
0.974359 , 0.589744 , 0.514341
0.974359 , 0.615385 , 0.473607
0.974359 , 0.641026 , 0.434190
0.974359 , 0.666667 , 0.397074
0.974359 , 0.692308 , 0.361924
0.974359 , 0.717949 , 0.329423
0.974359 , 0.743590 , 0.299754
0.974359 , 0.769231 , 0.272715
0.974359 , 0.794872 , 0.247365
0.974359 , 0.820513 , 0.223869
0.974359 , 0.846154 , 0.203428
0.974359 , 0.871795 , 0.185955
0.974359 , 0.897436 , 0.171449
0.974359 , 0.923077 , 0.159898
0.974359 , 0.948718 , 0.151007
0.974359 , 0.974359 , 0.146081
0.974359 , 1.000000 , 0.144525
1.000000 , 0.000000 , 1.290909
1.000000 , 0.025641 , 1.288589
1.000000 , 0.051282 , 1.282295
1.000000 , 0.076923 , 1.271800
1.000000 , 0.102564 , 1.256877
1.000000 , 0.128205 , 1.235525
1.000000 , 0.153846 , 1.211241
1.000000 , 0.179487 , 1.184167
1.000000 , 0.205128 , 1.153783
1.000000 , 0.230769 , 1.119862
1.000000 , 0.256410 , 1.083367
1.000000 , 0.282051 , 1.044674
1.000000 , 0.307692 , 1.003588
1.000000 , 0.333333 , 0.960174
1.000000 , 0.358974 , 0.915439
1.000000 , 0.384615 , 0.869686
1.000000 , 0.410256 , 0.823902
1.000000 , 0.435897 , 0.778145
1.000000 , 0.461538 , 0.732361
1.000000 , 0.487179 , 0.687232
1.000000 , 0.512821 , 0.642287
1.000000 , 0.538462 , 0.597404
1.000000 , 0.564103 , 0.553344
1.000000 , 0.589744 , 0.511130
1.000000 , 0.615385 , 0.470544
1.000000 , 0.641026 , 0.431051
1.000000 , 0.666667 , 0.393565
1.000000 , 0.692308 , 0.358410
1.000000 , 0.717949 , 0.326302
1.000000 , 0.743590 , 0.296777
1.000000 , 0.769231 , 0.269301
1.000000 , 0.794872 , 0.244055
1.000000 , 0.820513 , 0.220771
1.000000 , 0.846154 , 0.200101
1.000000 , 0.871795 , 0.182770
1.000000 , 0.897436 , 0.168240
1.000000 , 0.923077 , 0.156623
1.000000 , 0.948718 , 0.148172
1.000000 , 0.974359 , 0.142539
1.000000 , 1.000000 , 0.140562
