0.000000 , 0.000000 , 3.719106
0.000000 , 0.025641 , 3.719106
0.000000 , 0.051282 , 3.719106
0.000000 , 0.076923 , 3.719106
0.000000 , 0.102564 , 3.719106
0.000000 , 0.128205 , 3.719106
0.000000 , 0.153846 , 3.719106
0.000000 , 0.179487 , 3.719106
0.000000 , 0.205128 , 3.719106
0.000000 , 0.230769 , 3.719106
0.000000 , 0.256410 , 3.719106
0.000000 , 0.282051 , 3.719106
0.000000 , 0.307692 , 3.719106
0.000000 , 0.333333 , 3.719106
0.000000 , 0.358974 , 3.719106
0.000000 , 0.384615 , 3.719106
0.000000 , 0.410256 , 3.719106
0.000000 , 0.435897 , 3.719106
0.000000 , 0.461538 , 3.719106
0.000000 , 0.487179 , 3.719106
0.000000 , 0.512821 , 3.719106
0.000000 , 0.538462 , 3.719106
0.000000 , 0.564103 , 3.719106
0.000000 , 0.589744 , 3.719106
0.000000 , 0.615385 , 3.719106
0.000000 , 0.641026 , 3.719106
0.000000 , 0.666667 , 3.719106
0.000000 , 0.692308 , 3.719106
0.000000 , 0.717949 , 3.719106
0.000000 , 0.743590 , 3.719106
0.000000 , 0.769231 , 3.719106
0.000000 , 0.794872 , 3.719106
0.000000 , 0.820513 , 3.719106
0.000000 , 0.846154 , 3.719106
0.000000 , 0.871795 , 3.719106
0.000000 , 0.897436 , 3.719106
0.000000 , 0.923077 , 3.719106
0.000000 , 0.948718 , 3.719106
0.000000 , 0.974359 , 3.719106
0.000000 , 1.000000 , 3.719106
0.025641 , 0.000000 , 3.783164
0.025641 , 0.025641 , 3.783929
0.025641 , 0.051282 , 3.784262
0.025641 , 0.076923 , 3.784072
0.025641 , 0.102564 , 3.784689
0.025641 , 0.128205 , 3.784850
0.025641 , 0.153846 , 3.784599
0.025641 , 0.179487 , 3.784160
0.025641 , 0.205128 , 3.783728
0.025641 , 0.230769 , 3.782047
0.025641 , 0.256410 , 3.780290
0.025641 , 0.282051 , 3.779526
0.025641 , 0.307692 , 3.777962
0.025641 , 0.333333 , 3.776181
0.025641 , 0.358974 , 3.774404
0.025641 , 0.384615 , 3.772236
0.025641 , 0.410256 , 3.769590
0.025641 , 0.435897 , 3.766639
0.025641 , 0.461538 , 3.764271
0.025641 , 0.487179 , 3.762001
0.025641 , 0.512821 , 3.759353
0.025641 , 0.538462 , 3.757406
0.025641 , 0.564103 , 3.755195
0.025641 , 0.589744 , 3.752705
0.025641 , 0.615385 , 3.750693
0.025641 , 0.641026 , 3.749014
0.025641 , 0.666667 , 3.747717
0.025641 , 0.692308 , 3.746222
0.025641 , 0.717949 , 3.744976
0.025641 , 0.743590 , 3.744243
0.025641 , 0.769231 , 3.743128
0.025641 , 0.794872 , 3.742024
0.025641 , 0.820513 , 3.741038
0.025641 , 0.846154 , 3.740114
0.025641 , 0.871795 , 3.740247
0.025641 , 0.897436 , 3.740425
0.025641 , 0.923077 , 3.739994
0.025641 , 0.948718 , 3.739714
0.025641 , 0.974359 , 3.739220
0.025641 , 1.000000 , 3.738927
0.051282 , 0.000000 , 3.840203
0.051282 , 0.025641 , 3.840622
0.051282 , 0.051282 , 3.841735
0.051282 , 0.076923 , 3.842380
0.051282 , 0.102564 , 3.842965
0.051282 , 0.128205 , 3.843121
0.051282 , 0.153846 , 3.843132
0.051282 , 0.179487 , 3.842791
0.051282 , 0.205128 , 3.841506
0.051282 , 0.230769 , 3.839212
0.051282 , 0.256410 , 3.835849
0.051282 , 0.282051 , 3.833348
0.051282 , 0.307692 , 3.830220
0.051282 , 0.333333 , 3.826937
0.051282 , 0.358974 , 3.823745
0.051282 , 0.384615 , 3.819292
0.051282 , 0.410256 , 3.814337
0.051282 , 0.435897 , 3.809124
0.051282 , 0.461538 , 3.804215
0.051282 , 0.487179 , 3.799045
0.051282 , 0.512821 , 3.794180
0.051282 , 0.538462 , 3.789851
0.051282 , 0.564103 , 3.785504
0.051282 , 0.589744 , 3.780595
0.051282 , 0.615385 , 3.776827
0.051282 , 0.641026 , 3.774059
0.051282 , 0.666667 , 3.770550
0.051282 , 0.692308 , 3.767527
0.051282 , 0.717949 , 3.765081
0.051282 , 0.743590 , 3.762867
0.051282 , 0.769231 , 3.761624
0.051282 , 0.794872 , 3.759508
0.051282 , 0.820513 , 3.757888
0.051282 , 0.846154 , 3.756398
0.051282 , 0.871795 , 3.755909
0.051282 , 0.897436 , 3.755474
0.051282 , 0.923077 , 3.754954
0.051282 , 0.948718 , 3.754775
0.051282 , 0.974359 , 3.755071
0.051282 , 1.000000 , 3.754796
0.076923 , 0.000000 , 3.892015
0.076923 , 0.025641 , 3.892440
0.076923 , 0.051282 , 3.893541
0.076923 , 0.076923 , 3.894312
0.076923 , 0.102564 , 3.894531
0.076923 , 0.128205 , 3.894528
0.076923 , 0.153846 , 3.895198
0.076923 , 0.179487 , 3.895610
0.076923 , 0.205128 , 3.894203
0.076923 , 0.230769 , 3.890969
0.076923 , 0.256410 , 3.886309
0.076923 , 0.282051 , 3.882900
0.076923 , 0.307692 , 3.878253
0.076923 , 0.333333 , 3.872858
0.076923 , 0.358974 , 3.867077
0.076923 , 0.384615 , 3.860592
0.076923 , 0.410256 , 3.853410
0.076923 , 0.435897 , 3.846466
0.076923 , 0.461538 , 3.839784
0.076923 , 0.487179 , 3.832596
0.076923 , 0.512821 , 3.824832
0.076923 , 0.538462 , 3.817940
0.076923 , 0.564103 , 3.811437
0.076923 , 0.589744 , 3.804437
0.076923 , 0.615385 , 3.798136
0.076923 , 0.641026 , 3.793530
0.076923 , 0.666667 , 3.788876
0.076923 , 0.692308 , 3.784397
0.076923 , 0.717949 , 3.781289
0.076923 , 0.743590 , 3.778090
0.076923 , 0.769231 , 3.775437
0.076923 , 0.794872 , 3.773170
0.076923 , 0.820513 , 3.771141
0.076923 , 0.846154 , 3.769084
0.076923 , 0.871795 , 3.767713
0.076923 , 0.897436 , 3.767290
0.076923 , 0.923077 , 3.766550
0.076923 , 0.948718 , 3.766501
0.076923 , 0.974359 , 3.767154
0.076923 , 1.000000 , 3.767541
0.102564 , 0.000000 , 3.936169
0.102564 , 0.025641 , 3.937492
0.102564 , 0.051282 , 3.939167
0.102564 , 0.076923 , 3.940133
0.102564 , 0.102564 , 3.941053
0.102564 , 0.128205 , 3.941564
0.102564 , 0.153846 , 3.942260
0.102564 , 0.179487 , 3.942715
0.102564 , 0.205128 , 3.940784
0.102564 , 0.230769 , 3.937419
0.102564 , 0.256410 , 3.932193
0.102564 , 0.282051 , 3.927694
0.102564 , 0.307692 , 3.922359
0.102564 , 0.333333 , 3.915062
0.102564 , 0.358974 , 3.905996
0.102564 , 0.384615 , 3.896719
0.102564 , 0.410256 , 3.888109
0.102564 , 0.435897 , 3.879851
0.102564 , 0.461538 , 3.870739
0.102564 , 0.487179 , 3.861353
0.102564 , 0.512821 , 3.851087
0.102564 , 0.538462 , 3.841513
0.102564 , 0.564103 , 3.832639
0.102564 , 0.589744 , 3.824231
0.102564 , 0.615385 , 3.816239
0.102564 , 0.641026 , 3.809202
0.102564 , 0.666667 , 3.802835
0.102564 , 0.692308 , 3.797561
0.102564 , 0.717949 , 3.792994
0.102564 , 0.743590 , 3.788610
0.102564 , 0.769231 , 3.785054
0.102564 , 0.794872 , 3.782030
0.102564 , 0.820513 , 3.780389
0.102564 , 0.846154 , 3.778085
0.102564 , 0.871795 , 3.775769
0.102564 , 0.897436 , 3.774685
0.102564 , 0.923077 , 3.774416
0.102564 , 0.948718 , 3.774181
0.102564 , 0.974359 , 3.775174
0.102564 , 1.000000 , 3.775874
0.128205 , 0.000000 , 3.976929
0.128205 , 0.025641 , 3.977361
0.128205 , 0.051282 , 3.979150
0.128205 , 0.076923 , 3.980659
0.128205 , 0.102564 , 3.982595
0.128205 , 0.128205 , 3.983719
0.128205 , 0.153846 , 3.984068
0.128205 , 0.179487 , 3.984368
0.128205 , 0.205128 , 3.982419
0.128205 , 0.230769 , 3.978772
0.128205 , 0.256410 , 3.974205
0.128205 , 0.282051 , 3.968826
0.128205 , 0.307692 , 3.961941
0.128205 , 0.333333 , 3.952908
0.128205 , 0.358974 , 3.942157
0.128205 , 0.384615 , 3.929949
0.128205 , 0.410256 , 3.919680
0.128205 , 0.435897 , 3.909992
0.128205 , 0.461538 , 3.898615
0.128205 , 0.487179 , 3.887235
0.128205 , 0.512821 , 3.874844
0.128205 , 0.538462 , 3.862359
0.128205 , 0.564103 , 3.850706
0.128205 , 0.589744 , 3.840331
0.128205 , 0.615385 , 3.831324
0.128205 , 0.641026 , 3.822463
0.128205 , 0.666667 , 3.814126
0.128205 , 0.692308 , 3.806651
0.128205 , 0.717949 , 3.801140
0.128205 , 0.743590 , 3.795822
0.128205 , 0.769231 , 3.792409
0.128205 , 0.794872 , 3.788730
0.128205 , 0.820513 , 3.786229
0.128205 , 0.846154 , 3.783260
0.128205 , 0.871795 , 3.780329
0.128205 , 0.897436 , 3.778814
0.128205 , 0.923077 , 3.778508
0.128205 , 0.948718 , 3.778945
0.128205 , 0.974359 , 3.779257
0.128205 , 1.000000 , 3.779757
0.153846 , 0.000000 , 4.012803
0.153846 , 0.025641 , 4.013352
0.153846 , 0.051282 , 4.014219
0.153846 , 0.076923 , 4.016554
0.153846 , 0.102564 , 4.018767
0.153846 , 0.128205 , 4.020096
0.153846 , 0.153846 , 4.020269
0.153846 , 0.179487 , 4.020483
0.153846 , 0.205128 , 4.019524
0.153846 , 0.230769 , 4.016204
0.153846 , 0.256410 , 4.011679
0.153846 , 0.282051 , 4.005682
0.153846 , 0.307692 , 3.997338
0.153846 , 0.333333 , 3.986884
0.153846 , 0.358974 , 3.975350
0.153846 , 0.384615 , 3.961340
0.153846 , 0.410256 , 3.947665
0.153846 , 0.435897 , 3.935541
0.153846 , 0.461538 , 3.922606
0.153846 , 0.487179 , 3.909484
0.153846 , 0.512821 , 3.895704
0.153846 , 0.538462 , 3.881285
0.153846 , 0.564103 , 3.867600
0.153846 , 0.589744 , 3.854527
0.153846 , 0.615385 , 3.843497
0.153846 , 0.641026 , 3.832309
0.153846 , 0.666667 , 3.822549
0.153846 , 0.692308 , 3.813814
0.153846 , 0.717949 , 3.806240
0.153846 , 0.743590 , 3.800125
0.153846 , 0.769231 , 3.796009
0.153846 , 0.794872 , 3.792389
0.153846 , 0.820513 , 3.789081
0.153846 , 0.846154 , 3.786055
0.153846 , 0.871795 , 3.783422
0.153846 , 0.897436 , 3.781455
0.153846 , 0.923077 , 3.781002
0.153846 , 0.948718 , 3.780385
0.153846 , 0.974359 , 3.780661
0.153846 , 1.000000 , 3.780640
0.179487 , 0.000000 , 4.044481
0.179487 , 0.025641 , 4.045491
0.179487 , 0.051282 , 4.045939
0.179487 , 0.076923 , 4.048622
0.179487 , 0.102564 , 4.050795
0.179487 , 0.128205 , 4.052234
0.179487 , 0.153846 , 4.052209
0.179487 , 0.179487 , 4.052944
0.179487 , 0.205128 , 4.052341
0.179487 , 0.230769 , 4.049265
0.179487 , 0.256410 , 4.044275
0.179487 , 0.282051 , 4.037048
0.179487 , 0.307692 , 4.027617
0.179487 , 0.333333 , 4.016736
0.179487 , 0.358974 , 4.004189
0.179487 , 0.384615 , 3.990015
0.179487 , 0.410256 , 3.974844
0.179487 , 0.435897 , 3.959597
0.179487 , 0.461538 , 3.943556
0.179487 , 0.487179 , 3.928197
0.179487 , 0.512821 , 3.913060
0.179487 , 0.538462 , 3.897368
0.179487 , 0.564103 , 3.882120
0.179487 , 0.589744 , 3.866922
0.179487 , 0.615385 , 3.853455
0.179487 , 0.641026 , 3.840361
0.179487 , 0.666667 , 3.828610
0.179487 , 0.692308 , 3.818644
0.179487 , 0.717949 , 3.809707
0.179487 , 0.743590 , 3.802836
0.179487 , 0.769231 , 3.797186
0.179487 , 0.794872 , 3.792562
0.179487 , 0.820513 , 3.789157
0.179487 , 0.846154 , 3.786666
0.179487 , 0.871795 , 3.784901
0.179487 , 0.897436 , 3.782610
0.179487 , 0.923077 , 3.780857
0.179487 , 0.948718 , 3.779970
0.179487 , 0.974359 , 3.779773
0.179487 , 1.000000 , 3.779593
0.205128 , 0.000000 , 4.074411
0.205128 , 0.025641 , 4.075059
0.205128 , 0.051282 , 4.075912
0.205128 , 0.076923 , 4.078492
0.205128 , 0.102564 , 4.080832
0.205128 , 0.128205 , 4.081569
0.205128 , 0.153846 , 4.080820
0.205128 , 0.179487 , 4.081062
0.205128 , 0.205128 , 4.080636
0.205128 , 0.230769 , 4.077639
0.205128 , 0.256410 , 4.072237
0.205128 , 0.282051 , 4.064166
0.205128 , 0.307692 , 4.053937
0.205128 , 0.333333 , 4.042198
0.205128 , 0.358974 , 4.028584
0.205128 , 0.384615 , 4.013167
0.205128 , 0.410256 , 3.997469
0.205128 , 0.435897 , 3.980606
0.205128 , 0.461538 , 3.963262
0.205128 , 0.487179 , 3.945818
0.205128 , 0.512821 , 3.928659
0.205128 , 0.538462 , 3.910934
0.205128 , 0.564103 , 3.893724
0.205128 , 0.589744 , 3.877253
0.205128 , 0.615385 , 3.861896
0.205128 , 0.641026 , 3.847148
0.205128 , 0.666667 , 3.834282
0.205128 , 0.692308 , 3.822488
0.205128 , 0.717949 , 3.812435
0.205128 , 0.743590 , 3.804478
0.205128 , 0.769231 , 3.798223
0.205128 , 0.794872 , 3.792122
0.205128 , 0.820513 , 3.787665
0.205128 , 0.846154 , 3.785412
0.205128 , 0.871795 , 3.782518
0.205128 , 0.897436 , 3.780478
0.205128 , 0.923077 , 3.778505
0.205128 , 0.948718 , 3.777305
0.205128 , 0.974359 , 3.776857
0.205128 , 1.000000 , 3.776688
0.230769 , 0.000000 , 4.102098
0.230769 , 0.025641 , 4.103521
0.230769 , 0.051282 , 4.104197
0.230769 , 0.076923 , 4.105875
0.230769 , 0.102564 , 4.108163
0.230769 , 0.128205 , 4.109202
0.230769 , 0.153846 , 4.108501
0.230769 , 0.179487 , 4.107694
0.230769 , 0.205128 , 4.106206
0.230769 , 0.230769 , 4.102342
0.230769 , 0.256410 , 4.096233
0.230769 , 0.282051 , 4.087149
0.230769 , 0.307692 , 4.076771
0.230769 , 0.333333 , 4.064335
0.230769 , 0.358974 , 4.049178
0.230769 , 0.384615 , 4.033097
0.230769 , 0.410256 , 4.016074
0.230769 , 0.435897 , 3.998031
0.230769 , 0.461538 , 3.979634
0.230769 , 0.487179 , 3.961128
0.230769 , 0.512821 , 3.942400
0.230769 , 0.538462 , 3.922846
0.230769 , 0.564103 , 3.903996
0.230769 , 0.589744 , 3.885724
0.230769 , 0.615385 , 3.868788
0.230769 , 0.641026 , 3.852630
0.230769 , 0.666667 , 3.838655
0.230769 , 0.692308 , 3.825519
0.230769 , 0.717949 , 3.813558
0.230769 , 0.743590 , 3.804296
0.230769 , 0.769231 , 3.797460
0.230769 , 0.794872 , 3.791670
0.230769 , 0.820513 , 3.786071
0.230769 , 0.846154 , 3.782731
0.230769 , 0.871795 , 3.779005
0.230769 , 0.897436 , 3.775100
0.230769 , 0.923077 , 3.773286
0.230769 , 0.948718 , 3.772499
0.230769 , 0.974359 , 3.771117
0.230769 , 1.000000 , 3.770912
0.256410 , 0.000000 , 4.128726
0.256410 , 0.025641 , 4.130105
0.256410 , 0.051282 , 4.131489
0.256410 , 0.076923 , 4.132173
0.256410 , 0.102564 , 4.133426
0.256410 , 0.128205 , 4.134278
0.256410 , 0.153846 , 4.133466
0.256410 , 0.179487 , 4.131745
0.256410 , 0.205128 , 4.128980
0.256410 , 0.230769 , 4.123760
0.256410 , 0.256410 , 4.116607
0.256410 , 0.282051 , 4.107072
0.256410 , 0.307692 , 4.096182
0.256410 , 0.333333 , 4.083369
0.256410 , 0.358974 , 4.067164
0.256410 , 0.384615 , 4.050750
0.256410 , 0.410256 , 4.032703
0.256410 , 0.435897 , 4.013489
0.256410 , 0.461538 , 3.993830
0.256410 , 0.487179 , 3.973972
0.256410 , 0.512821 , 3.953605
0.256410 , 0.538462 , 3.933014
0.256410 , 0.564103 , 3.912594
0.256410 , 0.589744 , 3.892513
0.256410 , 0.615385 , 3.874068
0.256410 , 0.641026 , 3.856497
0.256410 , 0.666667 , 3.841161
0.256410 , 0.692308 , 3.826872
0.256410 , 0.717949 , 3.813877
0.256410 , 0.743590 , 3.803176
0.256410 , 0.769231 , 3.795210
0.256410 , 0.794872 , 3.788397
0.256410 , 0.820513 , 3.781997
0.256410 , 0.846154 , 3.777151
0.256410 , 0.871795 , 3.772329
0.256410 , 0.897436 , 3.768357
0.256410 , 0.923077 , 3.766236
0.256410 , 0.948718 , 3.765113
0.256410 , 0.974359 , 3.763895
0.256410 , 1.000000 , 3.763128
0.282051 , 0.000000 , 4.154266
0.282051 , 0.025641 , 4.155382
0.282051 , 0.051282 , 4.156367
0.282051 , 0.076923 , 4.157188
0.282051 , 0.102564 , 4.157244
0.282051 , 0.128205 , 4.156979
0.282051 , 0.153846 , 4.155174
0.282051 , 0.179487 , 4.152357
0.282051 , 0.205128 , 4.148059
0.282051 , 0.230769 , 4.142177
0.282051 , 0.256410 , 4.134146
0.282051 , 0.282051 , 4.123985
0.282051 , 0.307692 , 4.113020
0.282051 , 0.333333 , 4.099827
0.282051 , 0.358974 , 4.083406
0.282051 , 0.384615 , 4.066120
0.282051 , 0.410256 , 4.047900
0.282051 , 0.435897 , 4.027621
0.282051 , 0.461538 , 4.006702
0.282051 , 0.487179 , 3.985278
0.282051 , 0.512821 , 3.962975
0.282051 , 0.538462 , 3.940885
0.282051 , 0.564103 , 3.919569
0.282051 , 0.589744 , 3.898779
0.282051 , 0.615385 , 3.878873
0.282051 , 0.641026 , 3.859275
0.282051 , 0.666667 , 3.841660
0.282051 , 0.692308 , 3.825774
0.282051 , 0.717949 , 3.811978
0.282051 , 0.743590 , 3.801004
0.282051 , 0.769231 , 3.791653
0.282051 , 0.794872 , 3.783202
0.282051 , 0.820513 , 3.775703
0.282051 , 0.846154 , 3.768872
0.282051 , 0.871795 , 3.763336
0.282051 , 0.897436 , 3.759856
0.282051 , 0.923077 , 3.758093
0.282051 , 0.948718 , 3.756752
0.282051 , 0.974359 , 3.755539
0.282051 , 1.000000 , 3.754880
0.307692 , 0.000000 , 4.178390
0.307692 , 0.025641 , 4.179425
0.307692 , 0.051282 , 4.179595
0.307692 , 0.076923 , 4.180309
0.307692 , 0.102564 , 4.179581
0.307692 , 0.128205 , 4.177826
0.307692 , 0.153846 , 4.174680
0.307692 , 0.179487 , 4.170231
0.307692 , 0.205128 , 4.164593
0.307692 , 0.230769 , 4.158081
0.307692 , 0.256410 , 4.149757
0.307692 , 0.282051 , 4.139066
0.307692 , 0.307692 , 4.128085
0.307692 , 0.333333 , 4.114757
0.307692 , 0.358974 , 4.098095
0.307692 , 0.384615 , 4.079119
0.307692 , 0.410256 , 4.059930
0.307692 , 0.435897 , 4.038937
0.307692 , 0.461538 , 4.017464
0.307692 , 0.487179 , 3.994758
0.307692 , 0.512821 , 3.971027
0.307692 , 0.538462 , 3.947595
0.307692 , 0.564103 , 3.925182
0.307692 , 0.589744 , 3.903093
0.307692 , 0.615385 , 3.881998
0.307692 , 0.641026 , 3.861361
0.307692 , 0.666667 , 3.841751
0.307692 , 0.692308 , 3.823834
0.307692 , 0.717949 , 3.808544
0.307692 , 0.743590 , 3.796532
0.307692 , 0.769231 , 3.786502
0.307692 , 0.794872 , 3.776481
0.307692 , 0.820513 , 3.768091
0.307692 , 0.846154 , 3.759856
0.307692 , 0.871795 , 3.753129
0.307692 , 0.897436 , 3.748601
0.307692 , 0.923077 , 3.746432
0.307692 , 0.948718 , 3.745675
0.307692 , 0.974359 , 3.745057
0.307692 , 1.000000 , 3.744867
0.333333 , 0.000000 , 4.202664
0.333333 , 0.025641 , 4.203274
0.333333 , 0.051282 , 4.202644
0.333333 , 0.076923 , 4.202181
0.333333 , 0.102564 , 4.201063
0.333333 , 0.128205 , 4.198607
0.333333 , 0.153846 , 4.194109
0.333333 , 0.179487 , 4.187686
0.333333 , 0.205128 , 4.181043
0.333333 , 0.230769 , 4.173986
0.333333 , 0.256410 , 4.164650
0.333333 , 0.282051 , 4.153331
0.333333 , 0.307692 , 4.141489
0.333333 , 0.333333 , 4.128040
0.333333 , 0.358974 , 4.110922
0.333333 , 0.384615 , 4.091066
0.333333 , 0.410256 , 4.070024
0.333333 , 0.435897 , 4.047913
0.333333 , 0.461538 , 4.024943
0.333333 , 0.487179 , 4.001502
0.333333 , 0.512821 , 3.977024
0.333333 , 0.538462 , 3.952758
0.333333 , 0.564103 , 3.929128
0.333333 , 0.589744 , 3.905944
0.333333 , 0.615385 , 3.883459
0.333333 , 0.641026 , 3.861363
0.333333 , 0.666667 , 3.840042
0.333333 , 0.692308 , 3.820633
0.333333 , 0.717949 , 3.803598
0.333333 , 0.743590 , 3.789478
0.333333 , 0.769231 , 3.777601
0.333333 , 0.794872 , 3.766627
0.333333 , 0.820513 , 3.756556
0.333333 , 0.846154 , 3.748274
0.333333 , 0.871795 , 3.740485
0.333333 , 0.897436 , 3.734726
0.333333 , 0.923077 , 3.731941
0.333333 , 0.948718 , 3.731089
0.333333 , 0.974359 , 3.730644
0.333333 , 1.000000 , 3.730855
0.358974 , 0.000000 , 4.228284
0.358974 , 0.025641 , 4.228058
0.358974 , 0.051282 , 4.226658
0.358974 , 0.076923 , 4.225032
0.358974 , 0.102564 , 4.222697
0.358974 , 0.128205 , 4.219738
0.358974 , 0.153846 , 4.214722
0.358974 , 0.179487 , 4.206842
0.358974 , 0.205128 , 4.198340
0.358974 , 0.230769 , 4.190294
0.358974 , 0.256410 , 4.179993
0.358974 , 0.282051 , 4.168158
0.358974 , 0.307692 , 4.154869
0.358974 , 0.333333 , 4.139463
0.358974 , 0.358974 , 4.121254
0.358974 , 0.384615 , 4.100784
0.358974 , 0.410256 , 4.078827
0.358974 , 0.435897 , 4.056270
0.358974 , 0.461538 , 4.031904
0.358974 , 0.487179 , 4.006662
0.358974 , 0.512821 , 3.981553
0.358974 , 0.538462 , 3.956328
0.358974 , 0.564103 , 3.931940
0.358974 , 0.589744 , 3.907636
0.358974 , 0.615385 , 3.883490
0.358974 , 0.641026 , 3.859987
0.358974 , 0.666667 , 3.837634
0.358974 , 0.692308 , 3.816377
0.358974 , 0.717949 , 3.797433
0.358974 , 0.743590 , 3.780952
0.358974 , 0.769231 , 3.766531
0.358974 , 0.794872 , 3.754044
0.358974 , 0.820513 , 3.743253
0.358974 , 0.846154 , 3.733851
0.358974 , 0.871795 , 3.725712
0.358974 , 0.897436 , 3.719561
0.358974 , 0.923077 , 3.716261
0.358974 , 0.948718 , 3.714545
0.358974 , 0.974359 , 3.713283
0.358974 , 1.000000 , 3.712896
0.384615 , 0.000000 , 4.255948
0.384615 , 0.025641 , 4.254877
0.384615 , 0.051282 , 4.252662
0.384615 , 0.076923 , 4.250021
0.384615 , 0.102564 , 4.246928
0.384615 , 0.128205 , 4.242473
0.384615 , 0.153846 , 4.236004
0.384615 , 0.179487 , 4.227879
0.384615 , 0.205128 , 4.217822
0.384615 , 0.230769 , 4.207772
0.384615 , 0.256410 , 4.196150
0.384615 , 0.282051 , 4.183009
0.384615 , 0.307692 , 4.167932
0.384615 , 0.333333 , 4.150478
0.384615 , 0.358974 , 4.130242
0.384615 , 0.384615 , 4.109046
0.384615 , 0.410256 , 4.086440
0.384615 , 0.435897 , 4.062934
0.384615 , 0.461538 , 4.037840
0.384615 , 0.487179 , 4.011214
0.384615 , 0.512821 , 3.984424
0.384615 , 0.538462 , 3.957980
0.384615 , 0.564103 , 3.932063
0.384615 , 0.589744 , 3.906904
0.384615 , 0.615385 , 3.881558
0.384615 , 0.641026 , 3.856879
0.384615 , 0.666667 , 3.832762
0.384615 , 0.692308 , 3.810109
0.384615 , 0.717949 , 3.789199
0.384615 , 0.743590 , 3.770591
0.384615 , 0.769231 , 3.753791
0.384615 , 0.794872 , 3.739527
0.384615 , 0.820513 , 3.726976
0.384615 , 0.846154 , 3.716307
0.384615 , 0.871795 , 3.707518
0.384615 , 0.897436 , 3.701115
0.384615 , 0.923077 , 3.697758
0.384615 , 0.948718 , 3.694630
0.384615 , 0.974359 , 3.692389
0.384615 , 1.000000 , 3.691779
0.410256 , 0.000000 , 4.286604
0.410256 , 0.025641 , 4.284891
0.410256 , 0.051282 , 4.281308
0.410256 , 0.076923 , 4.277446
0.410256 , 0.102564 , 4.274265
0.410256 , 0.128205 , 4.268720
0.410256 , 0.153846 , 4.260052
0.410256 , 0.179487 , 4.251078
0.410256 , 0.205128 , 4.240142
0.410256 , 0.230769 , 4.228283
0.410256 , 0.256410 , 4.214283
0.410256 , 0.282051 , 4.199118
0.410256 , 0.307692 , 4.181918
0.410256 , 0.333333 , 4.162480
0.410256 , 0.358974 , 4.140443
0.410256 , 0.384615 , 4.117287
0.410256 , 0.410256 , 4.093847
0.410256 , 0.435897 , 4.068353
0.410256 , 0.461538 , 4.041555
0.410256 , 0.487179 , 4.013811
0.410256 , 0.512821 , 3.985650
0.410256 , 0.538462 , 3.957613
0.410256 , 0.564103 , 3.929847
0.410256 , 0.589744 , 3.903016
0.410256 , 0.615385 , 3.876838
0.410256 , 0.641026 , 3.850666
0.410256 , 0.666667 , 3.824733
0.410256 , 0.692308 , 3.800542
0.410256 , 0.717949 , 3.778225
0.410256 , 0.743590 , 3.757700
0.410256 , 0.769231 , 3.738648
0.410256 , 0.794872 , 3.721913
0.410256 , 0.820513 , 3.707809
0.410256 , 0.846154 , 3.695825
0.410256 , 0.871795 , 3.685952
0.410256 , 0.897436 , 3.678524
0.410256 , 0.923077 , 3.674061
0.410256 , 0.948718 , 3.670073
0.410256 , 0.974359 , 3.667260
0.410256 , 1.000000 , 3.666484
0.435897 , 0.000000 , 4.319087
0.435897 , 0.025641 , 4.317720
0.435897 , 0.051282 , 4.313978
0.435897 , 0.076923 , 4.308868
0.435897 , 0.102564 , 4.304767
0.435897 , 0.128205 , 4.297939
0.435897 , 0.153846 , 4.287831
0.435897 , 0.179487 , 4.276836
0.435897 , 0.205128 , 4.264207
0.435897 , 0.230769 , 4.250350
0.435897 , 0.256410 , 4.234832
0.435897 , 0.282051 , 4.217037
0.435897 , 0.307692 , 4.197853
0.435897 , 0.333333 , 4.176454
0.435897 , 0.358974 , 4.152695
0.435897 , 0.384615 , 4.127314
0.435897 , 0.410256 , 4.101592
0.435897 , 0.435897 , 4.074169
0.435897 , 0.461538 , 4.045184
0.435897 , 0.487179 , 4.015561
0.435897 , 0.512821 , 3.985492
0.435897 , 0.538462 , 3.955428
0.435897 , 0.564103 , 3.925617
0.435897 , 0.589744 , 3.896583
0.435897 , 0.615385 , 3.868396
0.435897 , 0.641026 , 3.840537
0.435897 , 0.666667 , 3.813383
0.435897 , 0.692308 , 3.787361
0.435897 , 0.717949 , 3.763012
0.435897 , 0.743590 , 3.740137
0.435897 , 0.769231 , 3.719385
0.435897 , 0.794872 , 3.700423
0.435897 , 0.820513 , 3.684408
0.435897 , 0.846154 , 3.670570
0.435897 , 0.871795 , 3.659910
0.435897 , 0.897436 , 3.651700
0.435897 , 0.923077 , 3.645975
0.435897 , 0.948718 , 3.641131
0.435897 , 0.974359 , 3.638504
0.435897 , 1.000000 , 3.637749
0.461538 , 0.000000 , 4.355691
0.461538 , 0.025641 , 4.354988
0.461538 , 0.051282 , 4.350990
0.461538 , 0.076923 , 4.345675
0.461538 , 0.102564 , 4.339714
0.461538 , 0.128205 , 4.331373
0.461538 , 0.153846 , 4.320254
0.461538 , 0.179487 , 4.306794
0.461538 , 0.205128 , 4.291665
0.461538 , 0.230769 , 4.275011
0.461538 , 0.256410 , 4.256960
0.461538 , 0.282051 , 4.237198
0.461538 , 0.307692 , 4.215436
0.461538 , 0.333333 , 4.192214
0.461538 , 0.358974 , 4.166325
0.461538 , 0.384615 , 4.138784
0.461538 , 0.410256 , 4.110271
0.461538 , 0.435897 , 4.080395
0.461538 , 0.461538 , 4.048814
0.461538 , 0.487179 , 4.017337
0.461538 , 0.512821 , 3.985048
0.461538 , 0.538462 , 3.951897
0.461538 , 0.564103 , 3.919737
0.461538 , 0.589744 , 3.888174
0.461538 , 0.615385 , 3.857252
0.461538 , 0.641026 , 3.827020
0.461538 , 0.666667 , 3.797952
0.461538 , 0.692308 , 3.769861
0.461538 , 0.717949 , 3.743048
0.461538 , 0.743590 , 3.718059
0.461538 , 0.769231 , 3.695364
0.461538 , 0.794872 , 3.674882
0.461538 , 0.820513 , 3.657244
0.461538 , 0.846154 , 3.641719
0.461538 , 0.871795 , 3.629415
0.461538 , 0.897436 , 3.620381
0.461538 , 0.923077 , 3.613122
0.461538 , 0.948718 , 3.608251
0.461538 , 0.974359 , 3.606115
0.461538 , 1.000000 , 3.604674
0.487179 , 0.000000 , 4.397822
0.487179 , 0.025641 , 4.396720
0.487179 , 0.051282 , 4.392369
0.487179 , 0.076923 , 4.386777
0.487179 , 0.102564 , 4.379469
0.487179 , 0.128205 , 4.369312
0.487179 , 0.153846 , 4.356824
0.487179 , 0.179487 , 4.341261
0.487179 , 0.205128 , 4.323894
0.487179 , 0.230769 , 4.305064
0.487179 , 0.256410 , 4.283775
0.487179 , 0.282051 , 4.260958
0.487179 , 0.307692 , 4.236771
0.487179 , 0.333333 , 4.210550
0.487179 , 0.358974 , 4.182367
0.487179 , 0.384615 , 4.151686
0.487179 , 0.410256 , 4.119826
0.487179 , 0.435897 , 4.086588
0.487179 , 0.461538 , 4.052006
0.487179 , 0.487179 , 4.017963
0.487179 , 0.512821 , 3.982866
0.487179 , 0.538462 , 3.946435
0.487179 , 0.564103 , 3.910794
0.487179 , 0.589744 , 3.876416
0.487179 , 0.615385 , 3.842885
0.487179 , 0.641026 , 3.810024
0.487179 , 0.666667 , 3.778049
0.487179 , 0.692308 , 3.747223
0.487179 , 0.717949 , 3.718135
0.487179 , 0.743590 , 3.691064
0.487179 , 0.769231 , 3.666495
0.487179 , 0.794872 , 3.644185
0.487179 , 0.820513 , 3.625036
0.487179 , 0.846154 , 3.608024
0.487179 , 0.871795 , 3.594534
0.487179 , 0.897436 , 3.583760
0.487179 , 0.923077 , 3.575456
0.487179 , 0.948718 , 3.569831
0.487179 , 0.974359 , 3.567088
0.487179 , 1.000000 , 3.565949
0.512821 , 0.000000 , 4.446033
0.512821 , 0.025641 , 4.444582
0.512821 , 0.051282 , 4.439979
0.512821 , 0.076923 , 4.433576
0.512821 , 0.102564 , 4.425197
0.512821 , 0.128205 , 4.413506
0.512821 , 0.153846 , 4.399082
0.512821 , 0.179487 , 4.381632
0.512821 , 0.205128 , 4.361344
0.512821 , 0.230769 , 4.339561
0.512821 , 0.256410 , 4.315801
0.512821 , 0.282051 , 4.289864
0.512821 , 0.307692 , 4.262167
0.512821 , 0.333333 , 4.232904
0.512821 , 0.358974 , 4.201218
0.512821 , 0.384615 , 4.166710
0.512821 , 0.410256 , 4.130894
0.512821 , 0.435897 , 4.093829
0.512821 , 0.461538 , 4.055701
0.512821 , 0.487179 , 4.017725
0.512821 , 0.512821 , 3.979085
0.512821 , 0.538462 , 3.938961
0.512821 , 0.564103 , 3.899335
0.512821 , 0.589744 , 3.860888
0.512821 , 0.615385 , 3.823962
0.512821 , 0.641026 , 3.787855
0.512821 , 0.666667 , 3.752903
0.512821 , 0.692308 , 3.719655
0.512821 , 0.717949 , 3.687874
0.512821 , 0.743590 , 3.658138
0.512821 , 0.769231 , 3.631605
0.512821 , 0.794872 , 3.607497
0.512821 , 0.820513 , 3.586498
0.512821 , 0.846154 , 3.568374
0.512821 , 0.871795 , 3.552970
0.512821 , 0.897436 , 3.540831
0.512821 , 0.923077 , 3.531074
0.512821 , 0.948718 , 3.524964
0.512821 , 0.974359 , 3.521537
0.512821 , 1.000000 , 3.520335
0.538462 , 0.000000 , 4.501243
0.538462 , 0.025641 , 4.499716
0.538462 , 0.051282 , 4.494783
0.538462 , 0.076923 , 4.487484
0.538462 , 0.102564 , 4.477983
0.538462 , 0.128205 , 4.464849
0.538462 , 0.153846 , 4.448409
0.538462 , 0.179487 , 4.428495
0.538462 , 0.205128 , 4.405945
0.538462 , 0.230769 , 4.381074
0.538462 , 0.256410 , 4.353961
0.538462 , 0.282051 , 4.324766
0.538462 , 0.307692 , 4.292854
0.538462 , 0.333333 , 4.259270
0.538462 , 0.358974 , 4.223107
0.538462 , 0.384615 , 4.184752
0.538462 , 0.410256 , 4.144235
0.538462 , 0.435897 , 4.102162
0.538462 , 0.461538 , 4.059401
0.538462 , 0.487179 , 4.016966
0.538462 , 0.512821 , 3.974344
0.538462 , 0.538462 , 3.929470
0.538462 , 0.564103 , 3.885272
0.538462 , 0.589744 , 3.841998
0.538462 , 0.615385 , 3.800538
0.538462 , 0.641026 , 3.760281
0.538462 , 0.666667 , 3.721710
0.538462 , 0.692308 , 3.685228
0.538462 , 0.717949 , 3.650558
0.538462 , 0.743590 , 3.618171
0.538462 , 0.769231 , 3.589133
0.538462 , 0.794872 , 3.562885
0.538462 , 0.820513 , 3.539875
0.538462 , 0.846154 , 3.520469
0.538462 , 0.871795 , 3.503742
0.538462 , 0.897436 , 3.490387
0.538462 , 0.923077 , 3.479561
0.538462 , 0.948718 , 3.472467
0.538462 , 0.974359 , 3.468654
0.538462 , 1.000000 , 3.467489
0.564103 , 0.000000 , 4.565642
0.564103 , 0.025641 , 4.564191
0.564103 , 0.051282 , 4.559216
0.564103 , 0.076923 , 4.550817
0.564103 , 0.102564 , 4.539623
0.564103 , 0.128205 , 4.525022
0.564103 , 0.153846 , 4.505972
0.564103 , 0.179487 , 4.484443
0.564103 , 0.205128 , 4.459110
0.564103 , 0.230769 , 4.430979
0.564103 , 0.256410 , 4.400156
0.564103 , 0.282051 , 4.367287
0.564103 , 0.307692 , 4.330838
0.564103 , 0.333333 , 4.292093
0.564103 , 0.358974 , 4.250942
0.564103 , 0.384615 , 4.207215
0.564103 , 0.410256 , 4.161100
0.564103 , 0.435897 , 4.112975
0.564103 , 0.461538 , 4.063659
0.564103 , 0.487179 , 4.014646
0.564103 , 0.512821 , 3.966462
0.564103 , 0.538462 , 3.917604
0.564103 , 0.564103 , 3.868138
0.564103 , 0.589744 , 3.819726
0.564103 , 0.615385 , 3.773160
0.564103 , 0.641026 , 3.728092
0.564103 , 0.666667 , 3.685089
0.564103 , 0.692308 , 3.644281
0.564103 , 0.717949 , 3.606279
0.564103 , 0.743590 , 3.570659
0.564103 , 0.769231 , 3.538522
0.564103 , 0.794872 , 3.509733
0.564103 , 0.820513 , 3.485060
0.564103 , 0.846154 , 3.463483
0.564103 , 0.871795 , 3.445884
0.564103 , 0.897436 , 3.431308
0.564103 , 0.923077 , 3.419727
0.564103 , 0.948718 , 3.412201
0.564103 , 0.974359 , 3.407438
0.564103 , 1.000000 , 3.405727
0.589744 , 0.000000 , 4.640214
0.589744 , 0.025641 , 4.638327
0.589744 , 0.051282 , 4.633409
0.589744 , 0.076923 , 4.624234
0.589744 , 0.102564 , 4.610958
0.589744 , 0.128205 , 4.594611
0.589744 , 0.153846 , 4.573682
0.589744 , 0.179487 , 4.550082
0.589744 , 0.205128 , 4.522655
0.589744 , 0.230769 , 4.490702
0.589744 , 0.256410 , 4.456233
0.589744 , 0.282051 , 4.419004
0.589744 , 0.307692 , 4.377090
0.589744 , 0.333333 , 4.332234
0.589744 , 0.358974 , 4.285392
0.589744 , 0.384615 , 4.234916
0.589744 , 0.410256 , 4.182478
0.589744 , 0.435897 , 4.127328
0.589744 , 0.461538 , 4.070783
0.589744 , 0.487179 , 4.013973
0.589744 , 0.512821 , 3.958034
0.589744 , 0.538462 , 3.902484
0.589744 , 0.564103 , 3.846946
0.589744 , 0.589744 , 3.792102
0.589744 , 0.615385 , 3.739228
0.589744 , 0.641026 , 3.689108
0.589744 , 0.666667 , 3.640844
0.589744 , 0.692308 , 3.594907
0.589744 , 0.717949 , 3.552508
0.589744 , 0.743590 , 3.513653
0.589744 , 0.769231 , 3.478816
0.589744 , 0.794872 , 3.447301
0.589744 , 0.820513 , 3.420313
0.589744 , 0.846154 , 3.397582
0.589744 , 0.871795 , 3.378745
0.589744 , 0.897436 , 3.363166
0.589744 , 0.923077 , 3.350306
0.589744 , 0.948718 , 3.341527
0.589744 , 0.974359 , 3.336223
0.589744 , 1.000000 , 3.333964
0.615385 , 0.000000 , 4.725625
0.615385 , 0.025641 , 4.723421
0.615385 , 0.051282 , 4.717589
0.615385 , 0.076923 , 4.707773
0.615385 , 0.102564 , 4.693213
0.615385 , 0.128205 , 4.675039
0.615385 , 0.153846 , 4.652656
0.615385 , 0.179487 , 4.626456
0.615385 , 0.205128 , 4.597185
0.615385 , 0.230769 , 4.561423
0.615385 , 0.256410 , 4.522201
0.615385 , 0.282051 , 4.479744
0.615385 , 0.307692 , 4.431690
0.615385 , 0.333333 , 4.380394
0.615385 , 0.358974 , 4.326451
0.615385 , 0.384615 , 4.268289
0.615385 , 0.410256 , 4.207668
0.615385 , 0.435897 , 4.144777
0.615385 , 0.461538 , 4.080581
0.615385 , 0.487179 , 4.014926
0.615385 , 0.512821 , 3.949296
0.615385 , 0.538462 , 3.884549
0.615385 , 0.564103 , 3.820549
0.615385 , 0.589744 , 3.758224
0.615385 , 0.615385 , 3.698067
0.615385 , 0.641026 , 3.641266
0.615385 , 0.666667 , 3.587265
0.615385 , 0.692308 , 3.535587
0.615385 , 0.717949 , 3.488564
0.615385 , 0.743590 , 3.446409
0.615385 , 0.769231 , 3.408797
0.615385 , 0.794872 , 3.374736
0.615385 , 0.820513 , 3.345530
0.615385 , 0.846154 , 3.321711
0.615385 , 0.871795 , 3.301109
0.615385 , 0.897436 , 3.284134
0.615385 , 0.923077 , 3.270754
0.615385 , 0.948718 , 3.260860
0.615385 , 0.974359 , 3.254527
0.615385 , 1.000000 , 3.252467
0.641026 , 0.000000 , 4.822365
0.641026 , 0.025641 , 4.820654
0.641026 , 0.051282 , 4.814140
0.641026 , 0.076923 , 4.802910
0.641026 , 0.102564 , 4.787682
0.641026 , 0.128205 , 4.768527
0.641026 , 0.153846 , 4.744748
0.641026 , 0.179487 , 4.716177
0.641026 , 0.205128 , 4.683591
0.641026 , 0.230769 , 4.644524
0.641026 , 0.256410 , 4.600867
0.641026 , 0.282051 , 4.552391
0.641026 , 0.307692 , 4.497607
0.641026 , 0.333333 , 4.438457
0.641026 , 0.358974 , 4.375697
0.641026 , 0.384615 , 4.309129
0.641026 , 0.410256 , 4.238349
0.641026 , 0.435897 , 4.165396
0.641026 , 0.461538 , 4.091377
0.641026 , 0.487179 , 4.015627
0.641026 , 0.512821 , 3.939395
0.641026 , 0.538462 , 3.864251
0.641026 , 0.564103 , 3.790165
0.641026 , 0.589744 , 3.718147
0.641026 , 0.615385 , 3.649115
0.641026 , 0.641026 , 3.584256
0.641026 , 0.666667 , 3.523718
0.641026 , 0.692308 , 3.466309
0.641026 , 0.717949 , 3.414217
0.641026 , 0.743590 , 3.367756
0.641026 , 0.769231 , 3.326812
0.641026 , 0.794872 , 3.289765
0.641026 , 0.820513 , 3.258787
0.641026 , 0.846154 , 3.233225
0.641026 , 0.871795 , 3.210985
0.641026 , 0.897436 , 3.192273
0.641026 , 0.923077 , 3.178432
0.641026 , 0.948718 , 3.168553
0.641026 , 0.974359 , 3.162424
0.641026 , 1.000000 , 3.159968
0.666667 , 0.000000 , 4.932388
0.666667 , 0.025641 , 4.930281
0.666667 , 0.051282 , 4.922725
0.666667 , 0.076923 , 4.911753
0.666667 , 0.102564 , 4.895917
0.666667 , 0.128205 , 4.875637
0.666667 , 0.153846 , 4.850144
0.666667 , 0.179487 , 4.819743
0.666667 , 0.205128 , 4.784300
0.666667 , 0.230769 , 4.741292
0.666667 , 0.256410 , 4.693556
0.666667 , 0.282051 , 4.638386
0.666667 , 0.307692 , 4.575975
0.666667 , 0.333333 , 4.507465
0.666667 , 0.358974 , 4.434684
0.666667 , 0.384615 , 4.357593
0.666667 , 0.410256 , 4.276114
0.666667 , 0.435897 , 4.190982
0.666667 , 0.461538 , 4.104429
0.666667 , 0.487179 , 4.016484
0.666667 , 0.512821 , 3.928393
0.666667 , 0.538462 , 3.840897
0.666667 , 0.564103 , 3.755092
0.666667 , 0.589744 , 3.671766
0.666667 , 0.615385 , 3.592257
0.666667 , 0.641026 , 3.517227
0.666667 , 0.666667 , 3.448156
0.666667 , 0.692308 , 3.384133
0.666667 , 0.717949 , 3.326429
0.666667 , 0.743590 , 3.275084
0.666667 , 0.769231 , 3.230511
0.666667 , 0.794872 , 3.190929
0.666667 , 0.820513 , 3.157203
0.666667 , 0.846154 , 3.130096
0.666667 , 0.871795 , 3.107117
0.666667 , 0.897436 , 3.087819
0.666667 , 0.923077 , 3.073632
0.666667 , 0.948718 , 3.063435
0.666667 , 0.974359 , 3.057641
0.666667 , 1.000000 , 3.055457
0.692308 , 0.000000 , 5.055695
0.692308 , 0.025641 , 5.053260
0.692308 , 0.051282 , 5.045870
0.692308 , 0.076923 , 5.034258
0.692308 , 0.102564 , 5.018859
0.692308 , 0.128205 , 4.997845
0.692308 , 0.153846 , 4.971916
0.692308 , 0.179487 , 4.939834
0.692308 , 0.205128 , 4.900728
0.692308 , 0.230769 , 4.853978
0.692308 , 0.256410 , 4.800367
0.692308 , 0.282051 , 4.738517
0.692308 , 0.307692 , 4.668332
0.692308 , 0.333333 , 4.589891
0.692308 , 0.358974 , 4.505584
0.692308 , 0.384615 , 4.416192
0.692308 , 0.410256 , 4.322306
0.692308 , 0.435897 , 4.223347
0.692308 , 0.461538 , 4.121269
0.692308 , 0.487179 , 4.018544
0.692308 , 0.512821 , 3.916037
0.692308 , 0.538462 , 3.814407
0.692308 , 0.564103 , 3.714179
0.692308 , 0.589744 , 3.617304
0.692308 , 0.615385 , 3.525423
0.692308 , 0.641026 , 3.439685
0.692308 , 0.666667 , 3.360629
0.692308 , 0.692308 , 3.288548
0.692308 , 0.717949 , 3.223553
0.692308 , 0.743590 , 3.166466
0.692308 , 0.769231 , 3.116831
0.692308 , 0.794872 , 3.075059
0.692308 , 0.820513 , 3.039053
0.692308 , 0.846154 , 3.010804
0.692308 , 0.871795 , 2.987805
0.692308 , 0.897436 , 2.968696
0.692308 , 0.923077 , 2.954330
0.692308 , 0.948718 , 2.945079
0.692308 , 0.974359 , 2.939127
0.692308 , 1.000000 , 2.936601
0.717949 , 0.000000 , 5.192263
0.717949 , 0.025641 , 5.190492
0.717949 , 0.051282 , 5.183905
0.717949 , 0.076923 , 5.172984
0.717949 , 0.102564 , 5.157459
0.717949 , 0.128205 , 5.136303
0.717949 , 0.153846 , 5.110336
0.717949 , 0.179487 , 5.076705
0.717949 , 0.205128 , 5.034584
0.717949 , 0.230769 , 4.984287
0.717949 , 0.256410 , 4.924461
0.717949 , 0.282051 , 4.854557
0.717949 , 0.307692 , 4.774932
0.717949 , 0.333333 , 4.686565
0.717949 , 0.358974 , 4.589512
0.717949 , 0.384615 , 4.485701
0.717949 , 0.410256 , 4.376170
0.717949 , 0.435897 , 4.261655
0.717949 , 0.461538 , 4.142425
0.717949 , 0.487179 , 4.022082
0.717949 , 0.512821 , 3.902232
0.717949 , 0.538462 , 3.783598
0.717949 , 0.564103 , 3.667672
0.717949 , 0.589744 , 3.555080
0.717949 , 0.615385 , 3.448084
0.717949 , 0.641026 , 3.348856
0.717949 , 0.666667 , 3.258004
0.717949 , 0.692308 , 3.177085
0.717949 , 0.717949 , 3.104416
0.717949 , 0.743590 , 3.041325
0.717949 , 0.769231 , 2.986849
0.717949 , 0.794872 , 2.941291
0.717949 , 0.820513 , 2.903223
0.717949 , 0.846154 , 2.873769
0.717949 , 0.871795 , 2.850906
0.717949 , 0.897436 , 2.832213
0.717949 , 0.923077 , 2.818616
0.717949 , 0.948718 , 2.810480
0.717949 , 0.974359 , 2.804921
0.717949 , 1.000000 , 2.802742
0.743590 , 0.000000 , 5.343798
0.743590 , 0.025641 , 5.342689
0.743590 , 0.051282 , 5.337081
0.743590 , 0.076923 , 5.327298
0.743590 , 0.102564 , 5.312998
0.743590 , 0.128205 , 5.292515
0.743590 , 0.153846 , 5.266540
0.743590 , 0.179487 , 5.232447
0.743590 , 0.205128 , 5.187373
0.743590 , 0.230769 , 5.134156
0.743590 , 0.256410 , 5.067995
0.743590 , 0.282051 , 4.989464
0.743590 , 0.307692 , 4.899160
0.743590 , 0.333333 , 4.798664
0.743590 , 0.358974 , 4.687843
0.743590 , 0.384615 , 4.568025
0.743590 , 0.410256 , 4.440258
0.743590 , 0.435897 , 4.306550
0.743590 , 0.461538 , 4.168247
0.743590 , 0.487179 , 4.027420
0.743590 , 0.512821 , 3.886998
0.743590 , 0.538462 , 3.748459
0.743590 , 0.564103 , 3.612965
0.743590 , 0.589744 , 3.482715
0.743590 , 0.615385 , 3.359052
0.743590 , 0.641026 , 3.245201
0.743590 , 0.666667 , 3.140827
0.743590 , 0.692308 , 3.048305
0.743590 , 0.717949 , 2.966479
0.743590 , 0.743590 , 2.896460
0.743590 , 0.769231 , 2.836954
0.743590 , 0.794872 , 2.788198
0.743590 , 0.820513 , 2.748441
0.743590 , 0.846154 , 2.718001
0.743590 , 0.871795 , 2.695558
0.743590 , 0.897436 , 2.678621
0.743590 , 0.923077 , 2.666892
0.743590 , 0.948718 , 2.660065
0.743590 , 0.974359 , 2.655739
0.743590 , 1.000000 , 2.653935
0.769231 , 0.000000 , 5.511172
0.769231 , 0.025641 , 5.510523
0.769231 , 0.051282 , 5.506478
0.769231 , 0.076923 , 5.498649
0.769231 , 0.102564 , 5.486162
0.769231 , 0.128205 , 5.468253
0.769231 , 0.153846 , 5.442771
0.769231 , 0.179487 , 5.408993
0.769231 , 0.205128 , 5.362883
0.769231 , 0.230769 , 5.305225
0.769231 , 0.256410 , 5.232753
0.769231 , 0.282051 , 5.144682
0.769231 , 0.307692 , 5.042887
0.769231 , 0.333333 , 4.929503
0.769231 , 0.358974 , 4.803354
0.769231 , 0.384615 , 4.665339
0.769231 , 0.410256 , 4.517612
0.769231 , 0.435897 , 4.361755
0.769231 , 0.461538 , 4.200387
0.769231 , 0.487179 , 4.035756
0.769231 , 0.512821 , 3.870821
0.769231 , 0.538462 , 3.707979
0.769231 , 0.564103 , 3.549970
0.769231 , 0.589744 , 3.398135
0.769231 , 0.615385 , 3.255236
0.769231 , 0.641026 , 3.124417
0.769231 , 0.666667 , 3.005599
0.769231 , 0.692308 , 2.899835
0.769231 , 0.717949 , 2.807257
0.769231 , 0.743590 , 2.728530
0.769231 , 0.769231 , 2.664168
0.769231 , 0.794872 , 2.612071
0.769231 , 0.820513 , 2.572052
0.769231 , 0.846154 , 2.542230
0.769231 , 0.871795 , 2.521677
0.769231 , 0.897436 , 2.506737
0.769231 , 0.923077 , 2.498088
0.769231 , 0.948718 , 2.492848
0.769231 , 0.974359 , 2.489784
0.769231 , 1.000000 , 2.488864
0.794872 , 0.000000 , 5.694795
0.794872 , 0.025641 , 5.694608
0.794872 , 0.051282 , 5.692674
0.794872 , 0.076923 , 5.688556
0.794872 , 0.102564 , 5.680093
0.794872 , 0.128205 , 5.665378
0.794872 , 0.153846 , 5.642390
0.794872 , 0.179487 , 5.609861
0.794872 , 0.205128 , 5.563559
0.794872 , 0.230769 , 5.500832
0.794872 , 0.256410 , 5.421688
0.794872 , 0.282051 , 5.324240
0.794872 , 0.307692 , 5.210479
0.794872 , 0.333333 , 5.082048
0.794872 , 0.358974 , 4.938346
0.794872 , 0.384615 , 4.779052
0.794872 , 0.410256 , 4.608345
0.794872 , 0.435897 , 4.427893
0.794872 , 0.461538 , 4.239590
0.794872 , 0.487179 , 4.046816
0.794872 , 0.512821 , 3.853963
0.794872 , 0.538462 , 3.663574
0.794872 , 0.564103 , 3.478305
0.794872 , 0.589744 , 3.300916
0.794872 , 0.615385 , 3.135144
0.794872 , 0.641026 , 2.983992
0.794872 , 0.666667 , 2.847659
0.794872 , 0.692308 , 2.727066
0.794872 , 0.717949 , 2.622622
0.794872 , 0.743590 , 2.534703
0.794872 , 0.769231 , 2.465190
0.794872 , 0.794872 , 2.411308
0.794872 , 0.820513 , 2.371109
0.794872 , 0.846154 , 2.344179
0.794872 , 0.871795 , 2.327012
0.794872 , 0.897436 , 2.315891
0.794872 , 0.923077 , 2.311295
0.794872 , 0.948718 , 2.309202
0.794872 , 0.974359 , 2.307696
0.794872 , 1.000000 , 2.307232
0.820513 , 0.000000 , 5.893284
0.820513 , 0.025641 , 5.894231
0.820513 , 0.051282 , 5.895959
0.820513 , 0.076923 , 5.896296
0.820513 , 0.102564 , 5.893981
0.820513 , 0.128205 , 5.885551
0.820513 , 0.153846 , 5.866552
0.820513 , 0.179487 , 5.836539
0.820513 , 0.205128 , 5.790905
0.820513 , 0.230769 , 5.725456
0.820513 , 0.256410 , 5.639439
0.820513 , 0.282051 , 5.533032
0.820513 , 0.307692 , 5.406650
0.820513 , 0.333333 , 5.261456
0.820513 , 0.358974 , 5.096870
0.820513 , 0.384615 , 4.912994
0.820513 , 0.410256 , 4.714378
0.820513 , 0.435897 , 4.504199
0.820513 , 0.461538 , 4.285082
0.820513 , 0.487179 , 4.060817
0.820513 , 0.512821 , 3.835474
0.820513 , 0.538462 , 3.613635
0.820513 , 0.564103 , 3.396979
0.820513 , 0.589744 , 3.189405
0.820513 , 0.615385 , 2.996217
0.820513 , 0.641026 , 2.820657
0.820513 , 0.666667 , 2.663221
0.820513 , 0.692308 , 2.526253
0.820513 , 0.717949 , 2.408826
0.820513 , 0.743590 , 2.311866
0.820513 , 0.769231 , 2.237059
0.820513 , 0.794872 , 2.181505
0.820513 , 0.820513 , 2.142341
0.820513 , 0.846154 , 2.119279
0.820513 , 0.871795 , 2.107838
0.820513 , 0.897436 , 2.103681
0.820513 , 0.923077 , 2.104792
0.820513 , 0.948718 , 2.107385
0.820513 , 0.974359 , 2.109980
0.820513 , 1.000000 , 2.111408
0.846154 , 0.000000 , 6.105741
0.846154 , 0.025641 , 6.107703
0.846154 , 0.051282 , 6.114495
0.846154 , 0.076923 , 6.122257
0.846154 , 0.102564 , 6.128264
0.846154 , 0.128205 , 6.129062
0.846154 , 0.153846 , 6.118188
0.846154 , 0.179487 , 6.092382
0.846154 , 0.205128 , 6.048470
0.846154 , 0.230769 , 5.982309
0.846154 , 0.256410 , 5.890830
0.846154 , 0.282051 , 5.775278
0.846154 , 0.307692 , 5.634726
0.846154 , 0.333333 , 5.469827
0.846154 , 0.358974 , 5.281867
0.846154 , 0.384615 , 5.070400
0.846154 , 0.410256 , 4.839444
0.846154 , 0.435897 , 4.594243
0.846154 , 0.461538 , 4.338849
0.846154 , 0.487179 , 4.077257
0.846154 , 0.512821 , 3.813718
0.846154 , 0.538462 , 3.554773
0.846154 , 0.564103 , 3.302433
0.846154 , 0.589744 , 3.061362
0.846154 , 0.615385 , 2.836530
0.846154 , 0.641026 , 2.632747
0.846154 , 0.666667 , 2.450348
0.846154 , 0.692308 , 2.292541
0.846154 , 0.717949 , 2.160788
0.846154 , 0.743590 , 2.054517
0.846154 , 0.769231 , 1.975583
0.846154 , 0.794872 , 1.919486
0.846154 , 0.820513 , 1.884258
0.846154 , 0.846154 , 1.866916
0.846154 , 0.871795 , 1.863378
0.846154 , 0.897436 , 1.868780
0.846154 , 0.923077 , 1.878829
0.846154 , 0.948718 , 1.888954
0.846154 , 0.974359 , 1.896811
0.846154 , 1.000000 , 1.900252
0.871795 , 0.000000 , 6.327292
0.871795 , 0.025641 , 6.331612
0.871795 , 0.051282 , 6.345696
0.871795 , 0.076923 , 6.364939
0.871795 , 0.102564 , 6.383517
0.871795 , 0.128205 , 6.397406
0.871795 , 0.153846 , 6.399178
0.871795 , 0.179487 , 6.382011
0.871795 , 0.205128 , 6.342554
0.871795 , 0.230769 , 6.277305
0.871795 , 0.256410 , 6.181093
0.871795 , 0.282051 , 6.054708
0.871795 , 0.307692 , 5.898433
0.871795 , 0.333333 , 5.711709
0.871795 , 0.358974 , 5.495498
0.871795 , 0.384615 , 5.252726
0.871795 , 0.410256 , 4.985763
0.871795 , 0.435897 , 4.700437
0.871795 , 0.461538 , 4.403245
0.871795 , 0.487179 , 4.097884
0.871795 , 0.512821 , 3.790099
0.871795 , 0.538462 , 3.487044
0.871795 , 0.564103 , 3.192880
0.871795 , 0.589744 , 2.912304
0.871795 , 0.615385 , 2.651690
0.871795 , 0.641026 , 2.415023
0.871795 , 0.666667 , 2.205092
0.871795 , 0.692308 , 2.025186
0.871795 , 0.717949 , 1.877459
0.871795 , 0.743590 , 1.761444
0.871795 , 0.769231 , 1.677501
0.871795 , 0.794872 , 1.621890
0.871795 , 0.820513 , 1.592874
0.871795 , 0.846154 , 1.585234
0.871795 , 0.871795 , 1.593536
0.871795 , 0.897436 , 1.612741
0.871795 , 0.923077 , 1.636348
0.871795 , 0.948718 , 1.657940
0.871795 , 0.974359 , 1.673410
0.871795 , 1.000000 , 1.678931
0.897436 , 0.000000 , 6.553222
0.897436 , 0.025641 , 6.562157
0.897436 , 0.051282 , 6.587071
0.897436 , 0.076923 , 6.622806
0.897436 , 0.102564 , 6.660402
0.897436 , 0.128205 , 6.692640
0.897436 , 0.153846 , 6.711411
0.897436 , 0.179487 , 6.708136
0.897436 , 0.205128 , 6.676918
0.897436 , 0.230769 , 6.613416
0.897436 , 0.256410 , 6.514293
0.897436 , 0.282051 , 6.377391
0.897436 , 0.307692 , 6.202713
0.897436 , 0.333333 , 5.991530
0.897436 , 0.358974 , 5.744431
0.897436 , 0.384615 , 5.464283
0.897436 , 0.410256 , 5.155919
0.897436 , 0.435897 , 4.825018
0.897436 , 0.461538 , 4.478476
0.897436 , 0.487179 , 4.121683
0.897436 , 0.512821 , 3.762079
0.897436 , 0.538462 , 3.407568
0.897436 , 0.564103 , 3.065706
0.897436 , 0.589744 , 2.739967
0.897436 , 0.615385 , 2.436635
0.897436 , 0.641026 , 2.162484
0.897436 , 0.666667 , 1.921247
0.897436 , 0.692308 , 1.717594
0.897436 , 0.717949 , 1.552114
0.897436 , 0.743590 , 1.426109
0.897436 , 0.769231 , 1.338228
0.897436 , 0.794872 , 1.285680
0.897436 , 0.820513 , 1.265220
0.897436 , 0.846154 , 1.270195
0.897436 , 0.871795 , 1.295671
0.897436 , 0.897436 , 1.335231
0.897436 , 0.923077 , 1.378700
0.897436 , 0.948718 , 1.417000
0.897436 , 0.974359 , 1.443286
0.897436 , 1.000000 , 1.452817
0.923077 , 0.000000 , 6.777009
0.923077 , 0.025641 , 6.792213
0.923077 , 0.051282 , 6.834604
0.923077 , 0.076923 , 6.893925
0.923077 , 0.102564 , 6.958851
0.923077 , 0.128205 , 7.017786
0.923077 , 0.153846 , 7.060564
0.923077 , 0.179487 , 7.076551
0.923077 , 0.205128 , 7.058416
0.923077 , 0.230769 , 7.000575
0.923077 , 0.256410 , 6.898474
0.923077 , 0.282051 , 6.750432
0.923077 , 0.307692 , 6.555925
0.923077 , 0.333333 , 6.316212
0.923077 , 0.358974 , 6.034016
0.923077 , 0.384615 , 5.711631
0.923077 , 0.410256 , 5.354124
0.923077 , 0.435897 , 4.970390
0.923077 , 0.461538 , 4.566973
0.923077 , 0.487179 , 4.151091
0.923077 , 0.512821 , 3.731324
0.923077 , 0.538462 , 3.317354
0.923077 , 0.564103 , 2.917041
0.923077 , 0.589744 , 2.538395
0.923077 , 0.615385 , 2.187091
0.923077 , 0.641026 , 1.870111
0.923077 , 0.666667 , 1.594004
0.923077 , 0.692308 , 1.362134
0.923077 , 0.717949 , 1.176733
0.923077 , 0.743590 , 1.039009
0.923077 , 0.769231 , 0.948433
0.923077 , 0.794872 , 0.901798
0.923077 , 0.820513 , 0.894371
0.923077 , 0.846154 , 0.918833
0.923077 , 0.871795 , 0.969046
0.923077 , 0.897436 , 1.035659
0.923077 , 0.923077 , 1.106433
0.923077 , 0.948718 , 1.168993
0.923077 , 0.974359 , 1.212211
0.923077 , 1.000000 , 1.228065
0.948718 , 0.000000 , 6.987663
0.948718 , 0.025641 , 7.013021
0.948718 , 0.051282 , 7.081350
0.948718 , 0.076923 , 7.175893
0.948718 , 0.102564 , 7.278917
0.948718 , 0.128205 , 7.375532
0.948718 , 0.153846 , 7.450786
0.948718 , 0.179487 , 7.493519
0.948718 , 0.205128 , 7.493633
0.948718 , 0.230769 , 7.444373
0.948718 , 0.256410 , 7.341494
0.948718 , 0.282051 , 7.181946
0.948718 , 0.307692 , 6.965650
0.948718 , 0.333333 , 6.694288
0.948718 , 0.358974 , 6.370659
0.948718 , 0.384615 , 5.999364
0.948718 , 0.410256 , 5.586173
0.948718 , 0.435897 , 5.140258
0.948718 , 0.461538 , 4.671014
0.948718 , 0.487179 , 4.186114
0.948718 , 0.512821 , 3.695915
0.948718 , 0.538462 , 3.212470
0.948718 , 0.564103 , 2.745410
0.948718 , 0.589744 , 2.303889
0.948718 , 0.615385 , 1.896920
0.948718 , 0.641026 , 1.531542
0.948718 , 0.666667 , 1.214892
0.948718 , 0.692308 , 0.951346
0.948718 , 0.717949 , 0.743954
0.948718 , 0.743590 , 0.594594
0.948718 , 0.769231 , 0.502525
0.948718 , 0.794872 , 0.464215
0.948718 , 0.820513 , 0.474668
0.948718 , 0.846154 , 0.526421
0.948718 , 0.871795 , 0.609994
0.948718 , 0.897436 , 0.713818
0.948718 , 0.923077 , 0.822460
0.948718 , 0.948718 , 0.920529
0.948718 , 0.974359 , 0.990537
0.948718 , 1.000000 , 1.016593
0.974359 , 0.000000 , 7.165594
0.974359 , 0.025641 , 7.208220
0.974359 , 0.051282 , 7.318189
0.974359 , 0.076923 , 7.464801
0.974359 , 0.102564 , 7.622138
0.974359 , 0.128205 , 7.769203
0.974359 , 0.153846 , 7.888881
0.974359 , 0.179487 , 7.966570
0.974359 , 0.205128 , 7.991412
0.974359 , 0.230769 , 7.955435
0.974359 , 0.256410 , 7.853374
0.974359 , 0.282051 , 7.682840
0.974359 , 0.307692 , 7.442389
0.974359 , 0.333333 , 7.134647
0.974359 , 0.358974 , 6.763404
0.974359 , 0.384615 , 6.335112
0.974359 , 0.410256 , 5.856930
0.974359 , 0.435897 , 5.338844
0.974359 , 0.461538 , 4.791979
0.974359 , 0.487179 , 4.226792
0.974359 , 0.512821 , 3.655311
0.974359 , 0.538462 , 3.091364
0.974359 , 0.564103 , 2.546394
0.974359 , 0.589744 , 2.031892
0.974359 , 0.615385 , 1.558975
0.974359 , 0.641026 , 1.136797
0.974359 , 0.666667 , 0.773107
0.974359 , 0.692308 , 0.474089
0.974359 , 0.717949 , 0.243032
0.974359 , 0.743590 , 0.081812
0.974359 , 0.769231 , -0.009842
0.974359 , 0.794872 , -0.035479
0.974359 , 0.820513 , -0.000614
0.974359 , 0.846154 , 0.086541
0.974359 , 0.871795 , 0.214676
0.974359 , 0.897436 , 0.369093
0.974359 , 0.923077 , 0.532211
0.974359 , 0.948718 , 0.682912
0.974359 , 0.974359 , 0.795234
0.974359 , 1.000000 , 0.839456
1.000000 , 0.000000 , 7.274371
1.000000 , 0.025641 , 7.353924
1.000000 , 0.051282 , 7.534869
1.000000 , 0.076923 , 7.759312
1.000000 , 0.102564 , 7.991151
1.000000 , 0.128205 , 8.206032
1.000000 , 0.153846 , 8.383626
1.000000 , 0.179487 , 8.507263
1.000000 , 0.205128 , 8.564583
1.000000 , 0.230769 , 8.546485
1.000000 , 0.256410 , 8.447361
1.000000 , 0.282051 , 8.264467
1.000000 , 0.307692 , 7.997284
1.000000 , 0.333333 , 7.648179
1.000000 , 0.358974 , 7.222909
1.000000 , 0.384615 , 6.728158
1.000000 , 0.410256 , 6.173765
1.000000 , 0.435897 , 5.571641
1.000000 , 0.461538 , 4.934334
1.000000 , 0.487179 , 4.274537
1.000000 , 0.512821 , 3.607226
1.000000 , 0.538462 , 2.948729
1.000000 , 0.564103 , 2.313375
1.000000 , 0.589744 , 1.714884
1.000000 , 0.615385 , 1.165615
1.000000 , 0.641026 , 0.677444
1.000000 , 0.666667 , 0.259505
1.000000 , 0.692308 , -0.081138
1.000000 , 0.717949 , -0.338972
1.000000 , 0.743590 , -0.512410
1.000000 , 0.769231 , -0.601595
1.000000 , 0.794872 , -0.609399
1.000000 , 0.820513 , -0.542208
1.000000 , 0.846154 , -0.409093
1.000000 , 0.871795 , -0.223057
1.000000 , 0.897436 , -0.000691
1.000000 , 0.923077 , 0.237357
1.000000 , 0.948718 , 0.465697
1.000000 , 0.974359 , 0.650690
1.000000 , 1.000000 , 0.733969
