0.000000 , 0.000000 , -2.738190
0.000000 , 0.025641 , -2.738190
0.000000 , 0.051282 , -2.738190
0.000000 , 0.076923 , -2.738190
0.000000 , 0.102564 , -2.738190
0.000000 , 0.128205 , -2.738190
0.000000 , 0.153846 , -2.738190
0.000000 , 0.179487 , -2.738190
0.000000 , 0.205128 , -2.738190
0.000000 , 0.230769 , -2.738190
0.000000 , 0.256410 , -2.738190
0.000000 , 0.282051 , -2.738190
0.000000 , 0.307692 , -2.738190
0.000000 , 0.333333 , -2.738190
0.000000 , 0.358974 , -2.738190
0.000000 , 0.384615 , -2.738190
0.000000 , 0.410256 , -2.738190
0.000000 , 0.435897 , -2.738190
0.000000 , 0.461538 , -2.738190
0.000000 , 0.487179 , -2.738190
0.000000 , 0.512821 , -2.738190
0.000000 , 0.538462 , -2.738190
0.000000 , 0.564103 , -2.738190
0.000000 , 0.589744 , -2.738190
0.000000 , 0.615385 , -2.738190
0.000000 , 0.641026 , -2.738190
0.000000 , 0.666667 , -2.738190
0.000000 , 0.692308 , -2.738190
0.000000 , 0.717949 , -2.738190
0.000000 , 0.743590 , -2.738190
0.000000 , 0.769231 , -2.738190
0.000000 , 0.794872 , -2.738190
0.000000 , 0.820513 , -2.738190
0.000000 , 0.846154 , -2.738190
0.000000 , 0.871795 , -2.738190
0.000000 , 0.897436 , -2.738190
0.000000 , 0.923077 , -2.738190
0.000000 , 0.948718 , -2.738190
0.000000 , 0.974359 , -2.738190
0.000000 , 1.000000 , -2.738190
0.025641 , 0.000000 , -2.454086
0.025641 , 0.025641 , -2.454192
0.025641 , 0.051282 , -2.453768
0.025641 , 0.076923 , -2.453788
0.025641 , 0.102564 , -2.453111
0.025641 , 0.128205 , -2.453005
0.025641 , 0.153846 , -2.452575
0.025641 , 0.179487 , -2.452515
0.025641 , 0.205128 , -2.453412
0.025641 , 0.230769 , -2.454821
0.025641 , 0.256410 , -2.456005
0.025641 , 0.282051 , -2.457133
0.025641 , 0.307692 , -2.458380
0.025641 , 0.333333 , -2.459335
0.025641 , 0.358974 , -2.460731
0.025641 , 0.384615 , -2.463470
0.025641 , 0.410256 , -2.466811
0.025641 , 0.435897 , -2.469133
0.025641 , 0.461538 , -2.471442
0.025641 , 0.487179 , -2.474048
0.025641 , 0.512821 , -2.476432
0.025641 , 0.538462 , -2.478806
0.025641 , 0.564103 , -2.480613
0.025641 , 0.589744 , -2.481583
0.025641 , 0.615385 , -2.482941
0.025641 , 0.641026 , -2.484876
0.025641 , 0.666667 , -2.485947
0.025641 , 0.692308 , -2.486594
0.025641 , 0.717949 , -2.487703
0.025641 , 0.743590 , -2.489041
0.025641 , 0.769231 , -2.490436
0.025641 , 0.794872 , -2.491499
0.025641 , 0.820513 , -2.491570
0.025641 , 0.846154 , -2.491369
0.025641 , 0.871795 , -2.491091
0.025641 , 0.897436 , -2.491321
0.025641 , 0.923077 , -2.491362
0.025641 , 0.948718 , -2.491382
0.025641 , 0.974359 , -2.491115
0.025641 , 1.000000 , -2.491452
0.051282 , 0.000000 , -2.185017
0.051282 , 0.025641 , -2.184674
0.051282 , 0.051282 , -2.183839
0.051282 , 0.076923 , -2.183473
0.051282 , 0.102564 , -2.182553
0.051282 , 0.128205 , -2.181407
0.051282 , 0.153846 , -2.180959
0.051282 , 0.179487 , -2.181290
0.051282 , 0.205128 , -2.183158
0.051282 , 0.230769 , -2.186521
0.051282 , 0.256410 , -2.188633
0.051282 , 0.282051 , -2.189827
0.051282 , 0.307692 , -2.191871
0.051282 , 0.333333 , -2.194300
0.051282 , 0.358974 , -2.197580
0.051282 , 0.384615 , -2.202256
0.051282 , 0.410256 , -2.207844
0.051282 , 0.435897 , -2.212691
0.051282 , 0.461538 , -2.217020
0.051282 , 0.487179 , -2.221816
0.051282 , 0.512821 , -2.226821
0.051282 , 0.538462 , -2.230985
0.051282 , 0.564103 , -2.234631
0.051282 , 0.589744 , -2.237200
0.051282 , 0.615385 , -2.239742
0.051282 , 0.641026 , -2.242995
0.051282 , 0.666667 , -2.246169
0.051282 , 0.692308 , -2.247932
0.051282 , 0.717949 , -2.249883
0.051282 , 0.743590 , -2.252064
0.051282 , 0.769231 , -2.254142
0.051282 , 0.794872 , -2.256018
0.051282 , 0.820513 , -2.256645
0.051282 , 0.846154 , -2.256462
0.051282 , 0.871795 , -2.256051
0.051282 , 0.897436 , -2.255822
0.051282 , 0.923077 , -2.256729
0.051282 , 0.948718 , -2.256237
0.051282 , 0.974359 , -2.256239
0.051282 , 1.000000 , -2.256077
0.076923 , 0.000000 , -1.930300
0.076923 , 0.025641 , -1.929667
0.076923 , 0.051282 , -1.928598
0.076923 , 0.076923 , -1.927200
0.076923 , 0.102564 , -1.926351
0.076923 , 0.128205 , -1.925003
0.076923 , 0.153846 , -1.923908
0.076923 , 0.179487 , -1.924092
0.076923 , 0.205128 , -1.925870
0.076923 , 0.230769 , -1.930132
0.076923 , 0.256410 , -1.934480
0.076923 , 0.282051 , -1.936162
0.076923 , 0.307692 , -1.938183
0.076923 , 0.333333 , -1.941788
0.076923 , 0.358974 , -1.947103
0.076923 , 0.384615 , -1.953735
0.076923 , 0.410256 , -1.961672
0.076923 , 0.435897 , -1.969045
0.076923 , 0.461538 , -1.975277
0.076923 , 0.487179 , -1.981617
0.076923 , 0.512821 , -1.988527
0.076923 , 0.538462 , -1.994486
0.076923 , 0.564103 , -1.999494
0.076923 , 0.589744 , -2.004319
0.076923 , 0.615385 , -2.008615
0.076923 , 0.641026 , -2.013008
0.076923 , 0.666667 , -2.016829
0.076923 , 0.692308 , -2.019914
0.076923 , 0.717949 , -2.023726
0.076923 , 0.743590 , -2.026601
0.076923 , 0.769231 , -2.028230
0.076923 , 0.794872 , -2.030760
0.076923 , 0.820513 , -2.031759
0.076923 , 0.846154 , -2.031922
0.076923 , 0.871795 , -2.032199
0.076923 , 0.897436 , -2.032111
0.076923 , 0.923077 , -2.033120
0.076923 , 0.948718 , -2.033460
0.076923 , 0.974359 , -2.032880
0.076923 , 1.000000 , -2.032803
0.102564 , 0.000000 , -1.690465
0.102564 , 0.025641 , -1.689099
0.102564 , 0.051282 , -1.687513
0.102564 , 0.076923 , -1.686013
0.102564 , 0.102564 , -1.684273
0.102564 , 0.128205 , -1.682747
0.102564 , 0.153846 , -1.681575
0.102564 , 0.179487 , -1.681147
0.102564 , 0.205128 , -1.682386
0.102564 , 0.230769 , -1.685520
0.102564 , 0.256410 , -1.690493
0.102564 , 0.282051 , -1.694855
0.102564 , 0.307692 , -1.698485
0.102564 , 0.333333 , -1.703634
0.102564 , 0.358974 , -1.710949
0.102564 , 0.384615 , -1.719260
0.102564 , 0.410256 , -1.728551
0.102564 , 0.435897 , -1.737548
0.102564 , 0.461538 , -1.745873
0.102564 , 0.487179 , -1.753354
0.102564 , 0.512821 , -1.761676
0.102564 , 0.538462 , -1.769324
0.102564 , 0.564103 , -1.776807
0.102564 , 0.589744 , -1.783385
0.102564 , 0.615385 , -1.789809
0.102564 , 0.641026 , -1.795424
0.102564 , 0.666667 , -1.800055
0.102564 , 0.692308 , -1.804198
0.102564 , 0.717949 , -1.808613
0.102564 , 0.743590 , -1.812764
0.102564 , 0.769231 , -1.815468
0.102564 , 0.794872 , -1.817769
0.102564 , 0.820513 , -1.819067
0.102564 , 0.846154 , -1.819037
0.102564 , 0.871795 , -1.819894
0.102564 , 0.897436 , -1.819613
0.102564 , 0.923077 , -1.820279
0.102564 , 0.948718 , -1.821016
0.102564 , 0.974359 , -1.820245
0.102564 , 1.000000 , -1.819323
0.128205 , 0.000000 , -1.464673
0.128205 , 0.025641 , -1.463287
0.128205 , 0.051282 , -1.461168
0.128205 , 0.076923 , -1.458959
0.128205 , 0.102564 , -1.457017
0.128205 , 0.128205 , -1.454649
0.128205 , 0.153846 , -1.453000
0.128205 , 0.179487 , -1.452524
0.128205 , 0.205128 , -1.453361
0.128205 , 0.230769 , -1.455797
0.128205 , 0.256410 , -1.460244
0.128205 , 0.282051 , -1.465673
0.128205 , 0.307692 , -1.471536
0.128205 , 0.333333 , -1.478515
0.128205 , 0.358974 , -1.487301
0.128205 , 0.384615 , -1.497289
0.128205 , 0.410256 , -1.507233
0.128205 , 0.435897 , -1.517548
0.128205 , 0.461538 , -1.527924
0.128205 , 0.487179 , -1.536996
0.128205 , 0.512821 , -1.546338
0.128205 , 0.538462 , -1.555490
0.128205 , 0.564103 , -1.565348
0.128205 , 0.589744 , -1.573598
0.128205 , 0.615385 , -1.581429
0.128205 , 0.641026 , -1.588809
0.128205 , 0.666667 , -1.594137
0.128205 , 0.692308 , -1.599580
0.128205 , 0.717949 , -1.605099
0.128205 , 0.743590 , -1.610242
0.128205 , 0.769231 , -1.613019
0.128205 , 0.794872 , -1.615305
0.128205 , 0.820513 , -1.617019
0.128205 , 0.846154 , -1.617561
0.128205 , 0.871795 , -1.618053
0.128205 , 0.897436 , -1.617964
0.128205 , 0.923077 , -1.618206
0.128205 , 0.948718 , -1.618940
0.128205 , 0.974359 , -1.618094
0.128205 , 1.000000 , -1.617426
0.153846 , 0.000000 , -1.252689
0.153846 , 0.025641 , -1.251479
0.153846 , 0.051282 , -1.249385
0.153846 , 0.076923 , -1.246827
0.153846 , 0.102564 , -1.244026
0.153846 , 0.128205 , -1.241235
0.153846 , 0.153846 , -1.239235
0.153846 , 0.179487 , -1.238452
0.153846 , 0.205128 , -1.239117
0.153846 , 0.230769 , -1.241087
0.153846 , 0.256410 , -1.245537
0.153846 , 0.282051 , -1.251735
0.153846 , 0.307692 , -1.258264
0.153846 , 0.333333 , -1.266885
0.153846 , 0.358974 , -1.276130
0.153846 , 0.384615 , -1.287002
0.153846 , 0.410256 , -1.298302
0.153846 , 0.435897 , -1.309988
0.153846 , 0.461538 , -1.321489
0.153846 , 0.487179 , -1.332293
0.153846 , 0.512821 , -1.343625
0.153846 , 0.538462 , -1.354307
0.153846 , 0.564103 , -1.365141
0.153846 , 0.589744 , -1.374621
0.153846 , 0.615385 , -1.383382
0.153846 , 0.641026 , -1.392256
0.153846 , 0.666667 , -1.399359
0.153846 , 0.692308 , -1.406063
0.153846 , 0.717949 , -1.412189
0.153846 , 0.743590 , -1.416883
0.153846 , 0.769231 , -1.421086
0.153846 , 0.794872 , -1.423616
0.153846 , 0.820513 , -1.423960
0.153846 , 0.846154 , -1.425342
0.153846 , 0.871795 , -1.425415
0.153846 , 0.897436 , -1.425521
0.153846 , 0.923077 , -1.426302
0.153846 , 0.948718 , -1.427164
0.153846 , 0.974359 , -1.427316
0.153846 , 1.000000 , -1.426378
0.179487 , 0.000000 , -1.054670
0.179487 , 0.025641 , -1.053790
0.179487 , 0.051282 , -1.051322
0.179487 , 0.076923 , -1.048230
0.179487 , 0.102564 , -1.045141
0.179487 , 0.128205 , -1.042407
0.179487 , 0.153846 , -1.040442
0.179487 , 0.179487 , -1.039344
0.179487 , 0.205128 , -1.039752
0.179487 , 0.230769 , -1.041442
0.179487 , 0.256410 , -1.045789
0.179487 , 0.282051 , -1.052103
0.179487 , 0.307692 , -1.059186
0.179487 , 0.333333 , -1.068623
0.179487 , 0.358974 , -1.078290
0.179487 , 0.384615 , -1.089809
0.179487 , 0.410256 , -1.102050
0.179487 , 0.435897 , -1.114431
0.179487 , 0.461538 , -1.127308
0.179487 , 0.487179 , -1.139246
0.179487 , 0.512821 , -1.151757
0.179487 , 0.538462 , -1.163978
0.179487 , 0.564103 , -1.175582
0.179487 , 0.589744 , -1.186184
0.179487 , 0.615385 , -1.196980
0.179487 , 0.641026 , -1.207194
0.179487 , 0.666667 , -1.215589
0.179487 , 0.692308 , -1.222561
0.179487 , 0.717949 , -1.228998
0.179487 , 0.743590 , -1.234215
0.179487 , 0.769231 , -1.238346
0.179487 , 0.794872 , -1.241432
0.179487 , 0.820513 , -1.241577
0.179487 , 0.846154 , -1.241899
0.179487 , 0.871795 , -1.242422
0.179487 , 0.897436 , -1.242574
0.179487 , 0.923077 , -1.243589
0.179487 , 0.948718 , -1.245381
0.179487 , 0.974359 , -1.246051
0.179487 , 1.000000 , -1.245986
0.205128 , 0.000000 , -0.869575
0.205128 , 0.025641 , -0.868894
0.205128 , 0.051282 , -0.866363
0.205128 , 0.076923 , -0.863073
0.205128 , 0.102564 , -0.859838
0.205128 , 0.128205 , -0.857367
0.205128 , 0.153846 , -0.855590
0.205128 , 0.179487 , -0.854147
0.205128 , 0.205128 , -0.854783
0.205128 , 0.230769 , -0.856540
0.205128 , 0.256410 , -0.860508
0.205128 , 0.282051 , -0.866455
0.205128 , 0.307692 , -0.873457
0.205128 , 0.333333 , -0.882727
0.205128 , 0.358974 , -0.893266
0.205128 , 0.384615 , -0.904337
0.205128 , 0.410256 , -0.917391
0.205128 , 0.435897 , -0.930795
0.205128 , 0.461538 , -0.944738
0.205128 , 0.487179 , -0.957649
0.205128 , 0.512821 , -0.970338
0.205128 , 0.538462 , -0.983260
0.205128 , 0.564103 , -0.996480
0.205128 , 0.589744 , -1.008156
0.205128 , 0.615385 , -1.019685
0.205128 , 0.641026 , -1.030917
0.205128 , 0.666667 , -1.040155
0.205128 , 0.692308 , -1.047544
0.205128 , 0.717949 , -1.054522
0.205128 , 0.743590 , -1.060690
0.205128 , 0.769231 , -1.065140
0.205128 , 0.794872 , -1.067423
0.205128 , 0.820513 , -1.068513
0.205128 , 0.846154 , -1.069596
0.205128 , 0.871795 , -1.069855
0.205128 , 0.897436 , -1.070333
0.205128 , 0.923077 , -1.070636
0.205128 , 0.948718 , -1.072121
0.205128 , 0.974359 , -1.073084
0.205128 , 1.000000 , -1.073243
0.230769 , 0.000000 , -0.696871
0.230769 , 0.025641 , -0.696617
0.230769 , 0.051282 , -0.694798
0.230769 , 0.076923 , -0.691291
0.230769 , 0.102564 , -0.687950
0.230769 , 0.128205 , -0.684983
0.230769 , 0.153846 , -0.683255
0.230769 , 0.179487 , -0.682187
0.230769 , 0.205128 , -0.683113
0.230769 , 0.230769 , -0.685305
0.230769 , 0.256410 , -0.688794
0.230769 , 0.282051 , -0.694744
0.230769 , 0.307692 , -0.701556
0.230769 , 0.333333 , -0.709838
0.230769 , 0.358974 , -0.720711
0.230769 , 0.384615 , -0.731678
0.230769 , 0.410256 , -0.743834
0.230769 , 0.435897 , -0.757792
0.230769 , 0.461538 , -0.773061
0.230769 , 0.487179 , -0.787000
0.230769 , 0.512821 , -0.799905
0.230769 , 0.538462 , -0.813036
0.230769 , 0.564103 , -0.826416
0.230769 , 0.589744 , -0.839253
0.230769 , 0.615385 , -0.851318
0.230769 , 0.641026 , -0.863297
0.230769 , 0.666667 , -0.873615
0.230769 , 0.692308 , -0.881998
0.230769 , 0.717949 , -0.888415
0.230769 , 0.743590 , -0.894742
0.230769 , 0.769231 , -0.900145
0.230769 , 0.794872 , -0.902769
0.230769 , 0.820513 , -0.903681
0.230769 , 0.846154 , -0.905700
0.230769 , 0.871795 , -0.905586
0.230769 , 0.897436 , -0.905934
0.230769 , 0.923077 , -0.906716
0.230769 , 0.948718 , -0.908405
0.230769 , 0.974359 , -0.909235
0.230769 , 1.000000 , -0.909155
0.256410 , 0.000000 , -0.537023
0.256410 , 0.025641 , -0.536709
0.256410 , 0.051282 , -0.535570
0.256410 , 0.076923 , -0.532551
0.256410 , 0.102564 , -0.529389
0.256410 , 0.128205 , -0.525811
0.256410 , 0.153846 , -0.523430
0.256410 , 0.179487 , -0.522698
0.256410 , 0.205128 , -0.523743
0.256410 , 0.230769 , -0.526129
0.256410 , 0.256410 , -0.530136
0.256410 , 0.282051 , -0.535942
0.256410 , 0.307692 , -0.543371
0.256410 , 0.333333 , -0.550706
0.256410 , 0.358974 , -0.560155
0.256410 , 0.384615 , -0.571429
0.256410 , 0.410256 , -0.583277
0.256410 , 0.435897 , -0.597000
0.256410 , 0.461538 , -0.611440
0.256410 , 0.487179 , -0.625933
0.256410 , 0.512821 , -0.639330
0.256410 , 0.538462 , -0.653054
0.256410 , 0.564103 , -0.666569
0.256410 , 0.589744 , -0.679258
0.256410 , 0.615385 , -0.691408
0.256410 , 0.641026 , -0.703249
0.256410 , 0.666667 , -0.714672
0.256410 , 0.692308 , -0.723601
0.256410 , 0.717949 , -0.730903
0.256410 , 0.743590 , -0.737127
0.256410 , 0.769231 , -0.743079
0.256410 , 0.794872 , -0.746567
0.256410 , 0.820513 , -0.748358
0.256410 , 0.846154 , -0.749853
0.256410 , 0.871795 , -0.750109
0.256410 , 0.897436 , -0.750363
0.256410 , 0.923077 , -0.751140
0.256410 , 0.948718 , -0.752728
0.256410 , 0.974359 , -0.753263
0.256410 , 1.000000 , -0.753654
0.282051 , 0.000000 , -0.389524
0.282051 , 0.025641 , -0.389020
0.282051 , 0.051282 , -0.388449
0.282051 , 0.076923 , -0.385992
0.282051 , 0.102564 , -0.383168
0.282051 , 0.128205 , -0.379444
0.282051 , 0.153846 , -0.376901
0.282051 , 0.179487 , -0.376179
0.282051 , 0.205128 , -0.377155
0.282051 , 0.230769 , -0.379618
0.282051 , 0.256410 , -0.383608
0.282051 , 0.282051 , -0.389061
0.282051 , 0.307692 , -0.395952
0.282051 , 0.333333 , -0.404095
0.282051 , 0.358974 , -0.412630
0.282051 , 0.384615 , -0.422918
0.282051 , 0.410256 , -0.434561
0.282051 , 0.435897 , -0.447832
0.282051 , 0.461538 , -0.461149
0.282051 , 0.487179 , -0.474550
0.282051 , 0.512821 , -0.487957
0.282051 , 0.538462 , -0.501650
0.282051 , 0.564103 , -0.515597
0.282051 , 0.589744 , -0.528544
0.282051 , 0.615385 , -0.540724
0.282051 , 0.641026 , -0.552361
0.282051 , 0.666667 , -0.563294
0.282051 , 0.692308 , -0.572784
0.282051 , 0.717949 , -0.580134
0.282051 , 0.743590 , -0.587276
0.282051 , 0.769231 , -0.593296
0.282051 , 0.794872 , -0.597106
0.282051 , 0.820513 , -0.600168
0.282051 , 0.846154 , -0.602581
0.282051 , 0.871795 , -0.602828
0.282051 , 0.897436 , -0.603590
0.282051 , 0.923077 , -0.604125
0.282051 , 0.948718 , -0.604902
0.282051 , 0.974359 , -0.604961
0.282051 , 1.000000 , -0.605184
0.307692 , 0.000000 , -0.253393
0.307692 , 0.025641 , -0.252995
0.307692 , 0.051282 , -0.252779
0.307692 , 0.076923 , -0.250875
0.307692 , 0.102564 , -0.248100
0.307692 , 0.128205 , -0.244855
0.307692 , 0.153846 , -0.242729
0.307692 , 0.179487 , -0.242045
0.307692 , 0.205128 , -0.243006
0.307692 , 0.230769 , -0.245439
0.307692 , 0.256410 , -0.248809
0.307692 , 0.282051 , -0.253567
0.307692 , 0.307692 , -0.259925
0.307692 , 0.333333 , -0.268419
0.307692 , 0.358974 , -0.277432
0.307692 , 0.384615 , -0.286403
0.307692 , 0.410256 , -0.296163
0.307692 , 0.435897 , -0.308321
0.307692 , 0.461538 , -0.320870
0.307692 , 0.487179 , -0.333681
0.307692 , 0.512821 , -0.346707
0.307692 , 0.538462 , -0.360022
0.307692 , 0.564103 , -0.373501
0.307692 , 0.589744 , -0.386308
0.307692 , 0.615385 , -0.398404
0.307692 , 0.641026 , -0.409904
0.307692 , 0.666667 , -0.420990
0.307692 , 0.692308 , -0.430763
0.307692 , 0.717949 , -0.438798
0.307692 , 0.743590 , -0.445514
0.307692 , 0.769231 , -0.452140
0.307692 , 0.794872 , -0.456452
0.307692 , 0.820513 , -0.459637
0.307692 , 0.846154 , -0.463080
0.307692 , 0.871795 , -0.464547
0.307692 , 0.897436 , -0.465097
0.307692 , 0.923077 , -0.464976
0.307692 , 0.948718 , -0.464952
0.307692 , 0.974359 , -0.464971
0.307692 , 1.000000 , -0.464605
0.333333 , 0.000000 , -0.127460
0.333333 , 0.025641 , -0.127244
0.333333 , 0.051282 , -0.127150
0.333333 , 0.076923 , -0.126318
0.333333 , 0.102564 , -0.124286
0.333333 , 0.128205 , -0.121646
0.333333 , 0.153846 , -0.120636
0.333333 , 0.179487 , -0.120451
0.333333 , 0.205128 , -0.121502
0.333333 , 0.230769 , -0.123205
0.333333 , 0.256410 , -0.125625
0.333333 , 0.282051 , -0.130024
0.333333 , 0.307692 , -0.135972
0.333333 , 0.333333 , -0.143682
0.333333 , 0.358974 , -0.152380
0.333333 , 0.384615 , -0.160295
0.333333 , 0.410256 , -0.168613
0.333333 , 0.435897 , -0.178995
0.333333 , 0.461538 , -0.190818
0.333333 , 0.487179 , -0.202784
0.333333 , 0.512821 , -0.214738
0.333333 , 0.538462 , -0.227470
0.333333 , 0.564103 , -0.240336
0.333333 , 0.589744 , -0.252461
0.333333 , 0.615385 , -0.264105
0.333333 , 0.641026 , -0.275466
0.333333 , 0.666667 , -0.286438
0.333333 , 0.692308 , -0.296276
0.333333 , 0.717949 , -0.304767
0.333333 , 0.743590 , -0.312412
0.333333 , 0.769231 , -0.319118
0.333333 , 0.794872 , -0.324118
0.333333 , 0.820513 , -0.327727
0.333333 , 0.846154 , -0.330761
0.333333 , 0.871795 , -0.332762
0.333333 , 0.897436 , -0.333602
0.333333 , 0.923077 , -0.333436
0.333333 , 0.948718 , -0.332383
0.333333 , 0.974359 , -0.332163
0.333333 , 1.000000 , -0.331507
0.358974 , 0.000000 , -0.011886
0.358974 , 0.025641 , -0.011884
0.358974 , 0.051282 , -0.011636
0.358974 , 0.076923 , -0.010817
0.358974 , 0.102564 , -0.010282
0.358974 , 0.128205 , -0.009392
0.358974 , 0.153846 , -0.008904
0.358974 , 0.179487 , -0.008693
0.358974 , 0.205128 , -0.009936
0.358974 , 0.230769 , -0.011612
0.358974 , 0.256410 , -0.013090
0.358974 , 0.282051 , -0.016409
0.358974 , 0.307692 , -0.021801
0.358974 , 0.333333 , -0.028443
0.358974 , 0.358974 , -0.036032
0.358974 , 0.384615 , -0.043556
0.358974 , 0.410256 , -0.051163
0.358974 , 0.435897 , -0.060211
0.358974 , 0.461538 , -0.070519
0.358974 , 0.487179 , -0.081363
0.358974 , 0.512821 , -0.092269
0.358974 , 0.538462 , -0.104065
0.358974 , 0.564103 , -0.115712
0.358974 , 0.589744 , -0.127000
0.358974 , 0.615385 , -0.137691
0.358974 , 0.641026 , -0.148561
0.358974 , 0.666667 , -0.159708
0.358974 , 0.692308 , -0.169484
0.358974 , 0.717949 , -0.177820
0.358974 , 0.743590 , -0.185737
0.358974 , 0.769231 , -0.192460
0.358974 , 0.794872 , -0.197393
0.358974 , 0.820513 , -0.201675
0.358974 , 0.846154 , -0.205584
0.358974 , 0.871795 , -0.207420
0.358974 , 0.897436 , -0.208605
0.358974 , 0.923077 , -0.209584
0.358974 , 0.948718 , -0.209426
0.358974 , 0.974359 , -0.209421
0.358974 , 1.000000 , -0.208450
0.384615 , 0.000000 , 0.092196
0.384615 , 0.025641 , 0.092448
0.384615 , 0.051282 , 0.092593
0.384615 , 0.076923 , 0.093357
0.384615 , 0.102564 , 0.093464
0.384615 , 0.128205 , 0.093368
0.384615 , 0.153846 , 0.093177
0.384615 , 0.179487 , 0.093354
0.384615 , 0.205128 , 0.092263
0.384615 , 0.230769 , 0.090381
0.384615 , 0.256410 , 0.088941
0.384615 , 0.282051 , 0.086122
0.384615 , 0.307692 , 0.081548
0.384615 , 0.333333 , 0.075765
0.384615 , 0.358974 , 0.069853
0.384615 , 0.384615 , 0.063210
0.384615 , 0.410256 , 0.055992
0.384615 , 0.435897 , 0.048058
0.384615 , 0.461538 , 0.039584
0.384615 , 0.487179 , 0.030088
0.384615 , 0.512821 , 0.020638
0.384615 , 0.538462 , 0.010907
0.384615 , 0.564103 , 0.000308
0.384615 , 0.589744 , -0.010021
0.384615 , 0.615385 , -0.020079
0.384615 , 0.641026 , -0.029250
0.384615 , 0.666667 , -0.039320
0.384615 , 0.692308 , -0.048849
0.384615 , 0.717949 , -0.057676
0.384615 , 0.743590 , -0.065723
0.384615 , 0.769231 , -0.072379
0.384615 , 0.794872 , -0.077623
0.384615 , 0.820513 , -0.082156
0.384615 , 0.846154 , -0.086480
0.384615 , 0.871795 , -0.089157
0.384615 , 0.897436 , -0.090895
0.384615 , 0.923077 , -0.092085
0.384615 , 0.948718 , -0.092545
0.384615 , 0.974359 , -0.092932
0.384615 , 1.000000 , -0.092896
0.410256 , 0.000000 , 0.185551
0.410256 , 0.025641 , 0.186409
0.410256 , 0.051282 , 0.187282
0.410256 , 0.076923 , 0.187234
0.410256 , 0.102564 , 0.187226
0.410256 , 0.128205 , 0.186360
0.410256 , 0.153846 , 0.185482
0.410256 , 0.179487 , 0.185577
0.410256 , 0.205128 , 0.184985
0.410256 , 0.230769 , 0.182917
0.410256 , 0.256410 , 0.181020
0.410256 , 0.282051 , 0.178340
0.410256 , 0.307692 , 0.174140
0.410256 , 0.333333 , 0.168763
0.410256 , 0.358974 , 0.164537
0.410256 , 0.384615 , 0.159407
0.410256 , 0.410256 , 0.153323
0.410256 , 0.435897 , 0.146349
0.410256 , 0.461538 , 0.139447
0.410256 , 0.487179 , 0.132127
0.410256 , 0.512821 , 0.124135
0.410256 , 0.538462 , 0.116227
0.410256 , 0.564103 , 0.107304
0.410256 , 0.589744 , 0.098245
0.410256 , 0.615385 , 0.089344
0.410256 , 0.641026 , 0.081386
0.410256 , 0.666667 , 0.072471
0.410256 , 0.692308 , 0.064153
0.410256 , 0.717949 , 0.055586
0.410256 , 0.743590 , 0.047769
0.410256 , 0.769231 , 0.040819
0.410256 , 0.794872 , 0.035211
0.410256 , 0.820513 , 0.030130
0.410256 , 0.846154 , 0.025972
0.410256 , 0.871795 , 0.022891
0.410256 , 0.897436 , 0.020882
0.410256 , 0.923077 , 0.019741
0.410256 , 0.948718 , 0.018880
0.410256 , 0.974359 , 0.018280
0.410256 , 1.000000 , 0.017812
0.435897 , 0.000000 , 0.271408
0.435897 , 0.025641 , 0.271726
0.435897 , 0.051282 , 0.272415
0.435897 , 0.076923 , 0.272111
0.435897 , 0.102564 , 0.271685
0.435897 , 0.128205 , 0.270844
0.435897 , 0.153846 , 0.269601
0.435897 , 0.179487 , 0.268828
0.435897 , 0.205128 , 0.268642
0.435897 , 0.230769 , 0.266917
0.435897 , 0.256410 , 0.264293
0.435897 , 0.282051 , 0.261721
0.435897 , 0.307692 , 0.257923
0.435897 , 0.333333 , 0.253516
0.435897 , 0.358974 , 0.250073
0.435897 , 0.384615 , 0.246136
0.435897 , 0.410256 , 0.241648
0.435897 , 0.435897 , 0.236261
0.435897 , 0.461538 , 0.230538
0.435897 , 0.487179 , 0.224915
0.435897 , 0.512821 , 0.219233
0.435897 , 0.538462 , 0.213051
0.435897 , 0.564103 , 0.205546
0.435897 , 0.589744 , 0.198383
0.435897 , 0.615385 , 0.191168
0.435897 , 0.641026 , 0.184362
0.435897 , 0.666667 , 0.177052
0.435897 , 0.692308 , 0.169499
0.435897 , 0.717949 , 0.161929
0.435897 , 0.743590 , 0.154791
0.435897 , 0.769231 , 0.147796
0.435897 , 0.794872 , 0.141859
0.435897 , 0.820513 , 0.137132
0.435897 , 0.846154 , 0.133081
0.435897 , 0.871795 , 0.130390
0.435897 , 0.897436 , 0.127826
0.435897 , 0.923077 , 0.126224
0.435897 , 0.948718 , 0.125140
0.435897 , 0.974359 , 0.124276
0.435897 , 1.000000 , 0.124066
0.461538 , 0.000000 , 0.350106
0.461538 , 0.025641 , 0.349497
0.461538 , 0.051282 , 0.348772
0.461538 , 0.076923 , 0.348143
0.461538 , 0.102564 , 0.347237
0.461538 , 0.128205 , 0.346317
0.461538 , 0.153846 , 0.345301
0.461538 , 0.179487 , 0.343783
0.461538 , 0.205128 , 0.342897
0.461538 , 0.230769 , 0.341169
0.461538 , 0.256410 , 0.338715
0.461538 , 0.282051 , 0.336422
0.461538 , 0.307692 , 0.333570
0.461538 , 0.333333 , 0.330306
0.461538 , 0.358974 , 0.327748
0.461538 , 0.384615 , 0.324851
0.461538 , 0.410256 , 0.321842
0.461538 , 0.435897 , 0.317872
0.461538 , 0.461538 , 0.314228
0.461538 , 0.487179 , 0.310584
0.461538 , 0.512821 , 0.306221
0.461538 , 0.538462 , 0.301713
0.461538 , 0.564103 , 0.296342
0.461538 , 0.589744 , 0.291077
0.461538 , 0.615385 , 0.285748
0.461538 , 0.641026 , 0.279833
0.461538 , 0.666667 , 0.273460
0.461538 , 0.692308 , 0.267098
0.461538 , 0.717949 , 0.260976
0.461538 , 0.743590 , 0.254898
0.461538 , 0.769231 , 0.248926
0.461538 , 0.794872 , 0.242738
0.461538 , 0.820513 , 0.238366
0.461538 , 0.846154 , 0.234749
0.461538 , 0.871795 , 0.232173
0.461538 , 0.897436 , 0.229299
0.461538 , 0.923077 , 0.227875
0.461538 , 0.948718 , 0.226718
0.461538 , 0.974359 , 0.225835
0.461538 , 1.000000 , 0.225168
0.487179 , 0.000000 , 0.419769
0.487179 , 0.025641 , 0.418883
0.487179 , 0.051282 , 0.417458
0.487179 , 0.076923 , 0.416273
0.487179 , 0.102564 , 0.414629
0.487179 , 0.128205 , 0.413307
0.487179 , 0.153846 , 0.412398
0.487179 , 0.179487 , 0.410148
0.487179 , 0.205128 , 0.408577
0.487179 , 0.230769 , 0.406730
0.487179 , 0.256410 , 0.404385
0.487179 , 0.282051 , 0.402796
0.487179 , 0.307692 , 0.400568
0.487179 , 0.333333 , 0.398767
0.487179 , 0.358974 , 0.397385
0.487179 , 0.384615 , 0.396076
0.487179 , 0.410256 , 0.394551
0.487179 , 0.435897 , 0.392553
0.487179 , 0.461538 , 0.390113
0.487179 , 0.487179 , 0.388663
0.487179 , 0.512821 , 0.385851
0.487179 , 0.538462 , 0.383174
0.487179 , 0.564103 , 0.379898
0.487179 , 0.589744 , 0.376171
0.487179 , 0.615385 , 0.372676
0.487179 , 0.641026 , 0.368837
0.487179 , 0.666667 , 0.364063
0.487179 , 0.692308 , 0.359094
0.487179 , 0.717949 , 0.353999
0.487179 , 0.743590 , 0.348767
0.487179 , 0.769231 , 0.343912
0.487179 , 0.794872 , 0.338364
0.487179 , 0.820513 , 0.334131
0.487179 , 0.846154 , 0.330780
0.487179 , 0.871795 , 0.328434
0.487179 , 0.897436 , 0.325210
0.487179 , 0.923077 , 0.323949
0.487179 , 0.948718 , 0.322938
0.487179 , 0.974359 , 0.322330
0.487179 , 1.000000 , 0.321857
0.512821 , 0.000000 , 0.481877
0.512821 , 0.025641 , 0.480560
0.512821 , 0.051282 , 0.478931
0.512821 , 0.076923 , 0.477324
0.512821 , 0.102564 , 0.474518
0.512821 , 0.128205 , 0.472420
0.512821 , 0.153846 , 0.471636
0.512821 , 0.179487 , 0.469096
0.512821 , 0.205128 , 0.467018
0.512821 , 0.230769 , 0.465490
0.512821 , 0.256410 , 0.463640
0.512821 , 0.282051 , 0.462375
0.512821 , 0.307692 , 0.461042
0.512821 , 0.333333 , 0.459967
0.512821 , 0.358974 , 0.459841
0.512821 , 0.384615 , 0.460088
0.512821 , 0.410256 , 0.459915
0.512821 , 0.435897 , 0.459684
0.512821 , 0.461538 , 0.459184
0.512821 , 0.487179 , 0.458869
0.512821 , 0.512821 , 0.458417
0.512821 , 0.538462 , 0.457438
0.512821 , 0.564103 , 0.457051
0.512821 , 0.589744 , 0.455374
0.512821 , 0.615385 , 0.453072
0.512821 , 0.641026 , 0.451795
0.512821 , 0.666667 , 0.449148
0.512821 , 0.692308 , 0.445499
0.512821 , 0.717949 , 0.441614
0.512821 , 0.743590 , 0.437365
0.512821 , 0.769231 , 0.433255
0.512821 , 0.794872 , 0.427922
0.512821 , 0.820513 , 0.424137
0.512821 , 0.846154 , 0.420967
0.512821 , 0.871795 , 0.418448
0.512821 , 0.897436 , 0.415429
0.512821 , 0.923077 , 0.413924
0.512821 , 0.948718 , 0.412901
0.512821 , 0.974359 , 0.412887
0.512821 , 1.000000 , 0.412347
0.538462 , 0.000000 , 0.536732
0.538462 , 0.025641 , 0.535746
0.538462 , 0.051282 , 0.534025
0.538462 , 0.076923 , 0.531553
0.538462 , 0.102564 , 0.528615
0.538462 , 0.128205 , 0.525696
0.538462 , 0.153846 , 0.524209
0.538462 , 0.179487 , 0.521581
0.538462 , 0.205128 , 0.519201
0.538462 , 0.230769 , 0.517651
0.538462 , 0.256410 , 0.516838
0.538462 , 0.282051 , 0.515824
0.538462 , 0.307692 , 0.515616
0.538462 , 0.333333 , 0.515461
0.538462 , 0.358974 , 0.516158
0.538462 , 0.384615 , 0.517491
0.538462 , 0.410256 , 0.519142
0.538462 , 0.435897 , 0.520758
0.538462 , 0.461538 , 0.521953
0.538462 , 0.487179 , 0.523010
0.538462 , 0.512821 , 0.524210
0.538462 , 0.538462 , 0.525814
0.538462 , 0.564103 , 0.527418
0.538462 , 0.589744 , 0.528115
0.538462 , 0.615385 , 0.527816
0.538462 , 0.641026 , 0.527986
0.538462 , 0.666667 , 0.527224
0.538462 , 0.692308 , 0.524978
0.538462 , 0.717949 , 0.522578
0.538462 , 0.743590 , 0.519861
0.538462 , 0.769231 , 0.516403
0.538462 , 0.794872 , 0.511955
0.538462 , 0.820513 , 0.508134
0.538462 , 0.846154 , 0.505549
0.538462 , 0.871795 , 0.503462
0.538462 , 0.897436 , 0.501515
0.538462 , 0.923077 , 0.500220
0.538462 , 0.948718 , 0.498095
0.538462 , 0.974359 , 0.497471
0.538462 , 1.000000 , 0.496678
0.564103 , 0.000000 , 0.585457
0.564103 , 0.025641 , 0.584800
0.564103 , 0.051282 , 0.583251
0.564103 , 0.076923 , 0.580343
0.564103 , 0.102564 , 0.577343
0.564103 , 0.128205 , 0.574285
0.564103 , 0.153846 , 0.571280
0.564103 , 0.179487 , 0.568269
0.564103 , 0.205128 , 0.566030
0.564103 , 0.230769 , 0.564457
0.564103 , 0.256410 , 0.563564
0.564103 , 0.282051 , 0.563381
0.564103 , 0.307692 , 0.564243
0.564103 , 0.333333 , 0.565127
0.564103 , 0.358974 , 0.567015
0.564103 , 0.384615 , 0.569666
0.564103 , 0.410256 , 0.572718
0.564103 , 0.435897 , 0.575779
0.564103 , 0.461538 , 0.578462
0.564103 , 0.487179 , 0.581173
0.564103 , 0.512821 , 0.583864
0.564103 , 0.538462 , 0.587489
0.564103 , 0.564103 , 0.591331
0.564103 , 0.589744 , 0.593991
0.564103 , 0.615385 , 0.595687
0.564103 , 0.641026 , 0.597199
0.564103 , 0.666667 , 0.597742
0.564103 , 0.692308 , 0.597064
0.564103 , 0.717949 , 0.596358
0.564103 , 0.743590 , 0.595528
0.564103 , 0.769231 , 0.592970
0.564103 , 0.794872 , 0.589730
0.564103 , 0.820513 , 0.586539
0.564103 , 0.846154 , 0.584426
0.564103 , 0.871795 , 0.583143
0.564103 , 0.897436 , 0.582044
0.564103 , 0.923077 , 0.580433
0.564103 , 0.948718 , 0.577953
0.564103 , 0.974359 , 0.576324
0.564103 , 1.000000 , 0.575964
0.589744 , 0.000000 , 0.629177
0.589744 , 0.025641 , 0.628439
0.589744 , 0.051282 , 0.626648
0.589744 , 0.076923 , 0.623966
0.589744 , 0.102564 , 0.620485
0.589744 , 0.128205 , 0.617712
0.589744 , 0.153846 , 0.614479
0.589744 , 0.179487 , 0.611261
0.589744 , 0.205128 , 0.608754
0.589744 , 0.230769 , 0.607043
0.589744 , 0.256410 , 0.606419
0.589744 , 0.282051 , 0.606620
0.589744 , 0.307692 , 0.607891
0.589744 , 0.333333 , 0.609954
0.589744 , 0.358974 , 0.612753
0.589744 , 0.384615 , 0.616438
0.589744 , 0.410256 , 0.620307
0.589744 , 0.435897 , 0.624790
0.589744 , 0.461538 , 0.628806
0.589744 , 0.487179 , 0.633562
0.589744 , 0.512821 , 0.638185
0.589744 , 0.538462 , 0.643225
0.589744 , 0.564103 , 0.648749
0.589744 , 0.589744 , 0.653785
0.589744 , 0.615385 , 0.657747
0.589744 , 0.641026 , 0.660946
0.589744 , 0.666667 , 0.663333
0.589744 , 0.692308 , 0.663974
0.589744 , 0.717949 , 0.665138
0.589744 , 0.743590 , 0.664973
0.589744 , 0.769231 , 0.663720
0.589744 , 0.794872 , 0.661487
0.589744 , 0.820513 , 0.659533
0.589744 , 0.846154 , 0.657832
0.589744 , 0.871795 , 0.657206
0.589744 , 0.897436 , 0.656149
0.589744 , 0.923077 , 0.654614
0.589744 , 0.948718 , 0.652465
0.589744 , 0.974359 , 0.650562
0.589744 , 1.000000 , 0.650056
0.615385 , 0.000000 , 0.668833
0.615385 , 0.025641 , 0.667680
0.615385 , 0.051282 , 0.665877
0.615385 , 0.076923 , 0.662999
0.615385 , 0.102564 , 0.659322
0.615385 , 0.128205 , 0.656184
0.615385 , 0.153846 , 0.653486
0.615385 , 0.179487 , 0.651244
0.615385 , 0.205128 , 0.648691
0.615385 , 0.230769 , 0.646310
0.615385 , 0.256410 , 0.645056
0.615385 , 0.282051 , 0.645568
0.615385 , 0.307692 , 0.647375
0.615385 , 0.333333 , 0.650666
0.615385 , 0.358974 , 0.654347
0.615385 , 0.384615 , 0.658702
0.615385 , 0.410256 , 0.663454
0.615385 , 0.435897 , 0.668901
0.615385 , 0.461538 , 0.674327
0.615385 , 0.487179 , 0.680424
0.615385 , 0.512821 , 0.687216
0.615385 , 0.538462 , 0.694016
0.615385 , 0.564103 , 0.700880
0.615385 , 0.589744 , 0.707939
0.615385 , 0.615385 , 0.713934
0.615385 , 0.641026 , 0.718676
0.615385 , 0.666667 , 0.722617
0.615385 , 0.692308 , 0.725040
0.615385 , 0.717949 , 0.727993
0.615385 , 0.743590 , 0.728772
0.615385 , 0.769231 , 0.728593
0.615385 , 0.794872 , 0.727865
0.615385 , 0.820513 , 0.727214
0.615385 , 0.846154 , 0.726062
0.615385 , 0.871795 , 0.725458
0.615385 , 0.897436 , 0.724820
0.615385 , 0.923077 , 0.723172
0.615385 , 0.948718 , 0.721271
0.615385 , 0.974359 , 0.719786
0.615385 , 1.000000 , 0.719077
0.641026 , 0.000000 , 0.703811
0.641026 , 0.025641 , 0.702729
0.641026 , 0.051282 , 0.701097
0.641026 , 0.076923 , 0.698391
0.641026 , 0.102564 , 0.694239
0.641026 , 0.128205 , 0.690213
0.641026 , 0.153846 , 0.686946
0.641026 , 0.179487 , 0.685254
0.641026 , 0.205128 , 0.683382
0.641026 , 0.230769 , 0.682229
0.641026 , 0.256410 , 0.680314
0.641026 , 0.282051 , 0.680568
0.641026 , 0.307692 , 0.682263
0.641026 , 0.333333 , 0.686262
0.641026 , 0.358974 , 0.691182
0.641026 , 0.384615 , 0.696582
0.641026 , 0.410256 , 0.702237
0.641026 , 0.435897 , 0.709063
0.641026 , 0.461538 , 0.715885
0.641026 , 0.487179 , 0.723064
0.641026 , 0.512821 , 0.731396
0.641026 , 0.538462 , 0.739958
0.641026 , 0.564103 , 0.748043
0.641026 , 0.589744 , 0.756048
0.641026 , 0.615385 , 0.763990
0.641026 , 0.641026 , 0.771043
0.641026 , 0.666667 , 0.776463
0.641026 , 0.692308 , 0.780358
0.641026 , 0.717949 , 0.784757
0.641026 , 0.743590 , 0.787315
0.641026 , 0.769231 , 0.788158
0.641026 , 0.794872 , 0.788113
0.641026 , 0.820513 , 0.788913
0.641026 , 0.846154 , 0.788988
0.641026 , 0.871795 , 0.788915
0.641026 , 0.897436 , 0.788369
0.641026 , 0.923077 , 0.786731
0.641026 , 0.948718 , 0.785328
0.641026 , 0.974359 , 0.784138
0.641026 , 1.000000 , 0.783221
0.666667 , 0.000000 , 0.734431
0.666667 , 0.025641 , 0.733716
0.666667 , 0.051282 , 0.731958
0.666667 , 0.076923 , 0.729094
0.666667 , 0.102564 , 0.724858
0.666667 , 0.128205 , 0.720879
0.666667 , 0.153846 , 0.716945
0.666667 , 0.179487 , 0.715349
0.666667 , 0.205128 , 0.713702
0.666667 , 0.230769 , 0.712636
0.666667 , 0.256410 , 0.711198
0.666667 , 0.282051 , 0.711911
0.666667 , 0.307692 , 0.714108
0.666667 , 0.333333 , 0.717843
0.666667 , 0.358974 , 0.723690
0.666667 , 0.384615 , 0.729950
0.666667 , 0.410256 , 0.736223
0.666667 , 0.435897 , 0.743984
0.666667 , 0.461538 , 0.752660
0.666667 , 0.487179 , 0.761356
0.666667 , 0.512821 , 0.770301
0.666667 , 0.538462 , 0.780323
0.666667 , 0.564103 , 0.790136
0.666667 , 0.589744 , 0.799102
0.666667 , 0.615385 , 0.808170
0.666667 , 0.641026 , 0.817166
0.666667 , 0.666667 , 0.824548
0.666667 , 0.692308 , 0.830444
0.666667 , 0.717949 , 0.835752
0.666667 , 0.743590 , 0.840020
0.666667 , 0.769231 , 0.842320
0.666667 , 0.794872 , 0.844474
0.666667 , 0.820513 , 0.846034
0.666667 , 0.846154 , 0.847380
0.666667 , 0.871795 , 0.848047
0.666667 , 0.897436 , 0.847601
0.666667 , 0.923077 , 0.845095
0.666667 , 0.948718 , 0.843484
0.666667 , 0.974359 , 0.842823
0.666667 , 1.000000 , 0.842366
0.692308 , 0.000000 , 0.761916
0.692308 , 0.025641 , 0.761190
0.692308 , 0.051282 , 0.759392
0.692308 , 0.076923 , 0.756038
0.692308 , 0.102564 , 0.751707
0.692308 , 0.128205 , 0.748955
0.692308 , 0.153846 , 0.745150
0.692308 , 0.179487 , 0.742902
0.692308 , 0.205128 , 0.741656
0.692308 , 0.230769 , 0.740593
0.692308 , 0.256410 , 0.739586
0.692308 , 0.282051 , 0.740859
0.692308 , 0.307692 , 0.743432
0.692308 , 0.333333 , 0.746879
0.692308 , 0.358974 , 0.752748
0.692308 , 0.384615 , 0.759640
0.692308 , 0.410256 , 0.766801
0.692308 , 0.435897 , 0.774796
0.692308 , 0.461538 , 0.784336
0.692308 , 0.487179 , 0.794531
0.692308 , 0.512821 , 0.804807
0.692308 , 0.538462 , 0.815934
0.692308 , 0.564103 , 0.827153
0.692308 , 0.589744 , 0.838041
0.692308 , 0.615385 , 0.848870
0.692308 , 0.641026 , 0.858617
0.692308 , 0.666667 , 0.867666
0.692308 , 0.692308 , 0.875519
0.692308 , 0.717949 , 0.881673
0.692308 , 0.743590 , 0.887811
0.692308 , 0.769231 , 0.892157
0.692308 , 0.794872 , 0.895554
0.692308 , 0.820513 , 0.898550
0.692308 , 0.846154 , 0.899830
0.692308 , 0.871795 , 0.901470
0.692308 , 0.897436 , 0.901668
0.692308 , 0.923077 , 0.899235
0.692308 , 0.948718 , 0.896882
0.692308 , 0.974359 , 0.896171
0.692308 , 1.000000 , 0.895872
0.717949 , 0.000000 , 0.786027
0.717949 , 0.025641 , 0.785309
0.717949 , 0.051282 , 0.783658
0.717949 , 0.076923 , 0.780290
0.717949 , 0.102564 , 0.775989
0.717949 , 0.128205 , 0.773133
0.717949 , 0.153846 , 0.770662
0.717949 , 0.179487 , 0.768139
0.717949 , 0.205128 , 0.766321
0.717949 , 0.230769 , 0.765452
0.717949 , 0.256410 , 0.766102
0.717949 , 0.282051 , 0.768305
0.717949 , 0.307692 , 0.770914
0.717949 , 0.333333 , 0.774106
0.717949 , 0.358974 , 0.779540
0.717949 , 0.384615 , 0.786394
0.717949 , 0.410256 , 0.794411
0.717949 , 0.435897 , 0.802643
0.717949 , 0.461538 , 0.812257
0.717949 , 0.487179 , 0.823138
0.717949 , 0.512821 , 0.834392
0.717949 , 0.538462 , 0.846611
0.717949 , 0.564103 , 0.859276
0.717949 , 0.589744 , 0.871904
0.717949 , 0.615385 , 0.883613
0.717949 , 0.641026 , 0.894655
0.717949 , 0.666667 , 0.905187
0.717949 , 0.692308 , 0.914581
0.717949 , 0.717949 , 0.922328
0.717949 , 0.743590 , 0.929337
0.717949 , 0.769231 , 0.936077
0.717949 , 0.794872 , 0.940539
0.717949 , 0.820513 , 0.944791
0.717949 , 0.846154 , 0.946988
0.717949 , 0.871795 , 0.948241
0.717949 , 0.897436 , 0.948567
0.717949 , 0.923077 , 0.946965
0.717949 , 0.948718 , 0.945257
0.717949 , 0.974359 , 0.943932
0.717949 , 1.000000 , 0.943148
0.743590 , 0.000000 , 0.807347
0.743590 , 0.025641 , 0.806314
0.743590 , 0.051282 , 0.804226
0.743590 , 0.076923 , 0.801641
0.743590 , 0.102564 , 0.797850
0.743590 , 0.128205 , 0.794705
0.743590 , 0.153846 , 0.792696
0.743590 , 0.179487 , 0.791564
0.743590 , 0.205128 , 0.789963
0.743590 , 0.230769 , 0.789472
0.743590 , 0.256410 , 0.790115
0.743590 , 0.282051 , 0.793701
0.743590 , 0.307692 , 0.796074
0.743590 , 0.333333 , 0.799506
0.743590 , 0.358974 , 0.804089
0.743590 , 0.384615 , 0.811338
0.743590 , 0.410256 , 0.819255
0.743590 , 0.435897 , 0.827804
0.743590 , 0.461538 , 0.838048
0.743590 , 0.487179 , 0.849269
0.743590 , 0.512821 , 0.861360
0.743590 , 0.538462 , 0.873966
0.743590 , 0.564103 , 0.887178
0.743590 , 0.589744 , 0.900418
0.743590 , 0.615385 , 0.912644
0.743590 , 0.641026 , 0.924516
0.743590 , 0.666667 , 0.936546
0.743590 , 0.692308 , 0.948199
0.743590 , 0.717949 , 0.957429
0.743590 , 0.743590 , 0.965522
0.743590 , 0.769231 , 0.973491
0.743590 , 0.794872 , 0.980348
0.743590 , 0.820513 , 0.984760
0.743590 , 0.846154 , 0.987399
0.743590 , 0.871795 , 0.989487
0.743590 , 0.897436 , 0.989524
0.743590 , 0.923077 , 0.988592
0.743590 , 0.948718 , 0.987692
0.743590 , 0.974359 , 0.986324
0.743590 , 1.000000 , 0.985210
0.769231 , 0.000000 , 0.824089
0.769231 , 0.025641 , 0.823985
0.769231 , 0.051282 , 0.822859
0.769231 , 0.076923 , 0.820654
0.769231 , 0.102564 , 0.817605
0.769231 , 0.128205 , 0.814859
0.769231 , 0.153846 , 0.812584
0.769231 , 0.179487 , 0.811370
0.769231 , 0.205128 , 0.810320
0.769231 , 0.230769 , 0.811130
0.769231 , 0.256410 , 0.811424
0.769231 , 0.282051 , 0.814642
0.769231 , 0.307692 , 0.817417
0.769231 , 0.333333 , 0.821413
0.769231 , 0.358974 , 0.826325
0.769231 , 0.384615 , 0.832864
0.769231 , 0.410256 , 0.840783
0.769231 , 0.435897 , 0.850065
0.769231 , 0.461538 , 0.860523
0.769231 , 0.487179 , 0.872635
0.769231 , 0.512821 , 0.885643
0.769231 , 0.538462 , 0.898441
0.769231 , 0.564103 , 0.911613
0.769231 , 0.589744 , 0.924877
0.769231 , 0.615385 , 0.938404
0.769231 , 0.641026 , 0.951502
0.769231 , 0.666667 , 0.963665
0.769231 , 0.692308 , 0.975571
0.769231 , 0.717949 , 0.986493
0.769231 , 0.743590 , 0.995491
0.769231 , 0.769231 , 1.004583
0.769231 , 0.794872 , 1.012623
0.769231 , 0.820513 , 1.018603
0.769231 , 0.846154 , 1.022842
0.769231 , 0.871795 , 1.025378
0.769231 , 0.897436 , 1.025597
0.769231 , 0.923077 , 1.024912
0.769231 , 0.948718 , 1.024828
0.769231 , 0.974359 , 1.023592
0.769231 , 1.000000 , 1.022854
0.794872 , 0.000000 , 0.839345
0.794872 , 0.025641 , 0.839736
0.794872 , 0.051282 , 0.838803
0.794872 , 0.076923 , 0.837609
0.794872 , 0.102564 , 0.835198
0.794872 , 0.128205 , 0.833051
0.794872 , 0.153846 , 0.830697
0.794872 , 0.179487 , 0.829278
0.794872 , 0.205128 , 0.827561
0.794872 , 0.230769 , 0.828289
0.794872 , 0.256410 , 0.830653
0.794872 , 0.282051 , 0.833646
0.794872 , 0.307692 , 0.836336
0.794872 , 0.333333 , 0.839559
0.794872 , 0.358974 , 0.845007
0.794872 , 0.384615 , 0.851203
0.794872 , 0.410256 , 0.859288
0.794872 , 0.435897 , 0.869412
0.794872 , 0.461538 , 0.880099
0.794872 , 0.487179 , 0.892554
0.794872 , 0.512821 , 0.906410
0.794872 , 0.538462 , 0.919421
0.794872 , 0.564103 , 0.932930
0.794872 , 0.589744 , 0.945600
0.794872 , 0.615385 , 0.960130
0.794872 , 0.641026 , 0.974186
0.794872 , 0.666667 , 0.986677
0.794872 , 0.692308 , 0.998845
0.794872 , 0.717949 , 1.011009
0.794872 , 0.743590 , 1.021741
0.794872 , 0.769231 , 1.031301
0.794872 , 0.794872 , 1.039813
0.794872 , 0.820513 , 1.046842
0.794872 , 0.846154 , 1.051898
0.794872 , 0.871795 , 1.055007
0.794872 , 0.897436 , 1.056344
0.794872 , 0.923077 , 1.056774
0.794872 , 0.948718 , 1.057196
0.794872 , 0.974359 , 1.056600
0.794872 , 1.000000 , 1.055426
0.820513 , 0.000000 , 0.853487
0.820513 , 0.025641 , 0.853469
0.820513 , 0.051282 , 0.852886
0.820513 , 0.076923 , 0.851675
0.820513 , 0.102564 , 0.850374
0.820513 , 0.128205 , 0.848510
0.820513 , 0.153846 , 0.847420
0.820513 , 0.179487 , 0.846085
0.820513 , 0.205128 , 0.844657
0.820513 , 0.230769 , 0.843932
0.820513 , 0.256410 , 0.846209
0.820513 , 0.282051 , 0.850050
0.820513 , 0.307692 , 0.853361
0.820513 , 0.333333 , 0.856833
0.820513 , 0.358974 , 0.861784
0.820513 , 0.384615 , 0.868348
0.820513 , 0.410256 , 0.876342
0.820513 , 0.435897 , 0.885984
0.820513 , 0.461538 , 0.896704
0.820513 , 0.487179 , 0.909313
0.820513 , 0.512821 , 0.922849
0.820513 , 0.538462 , 0.936203
0.820513 , 0.564103 , 0.950442
0.820513 , 0.589744 , 0.964242
0.820513 , 0.615385 , 0.978253
0.820513 , 0.641026 , 0.992181
0.820513 , 0.666667 , 1.005754
0.820513 , 0.692308 , 1.019379
0.820513 , 0.717949 , 1.032715
0.820513 , 0.743590 , 1.043629
0.820513 , 0.769231 , 1.053337
0.820513 , 0.794872 , 1.062319
0.820513 , 0.820513 , 1.070545
0.820513 , 0.846154 , 1.075936
0.820513 , 0.871795 , 1.079173
0.820513 , 0.897436 , 1.081759
0.820513 , 0.923077 , 1.083152
0.820513 , 0.948718 , 1.084362
0.820513 , 0.974359 , 1.084412
0.820513 , 1.000000 , 1.083422
0.846154 , 0.000000 , 0.865710
0.846154 , 0.025641 , 0.865419
0.846154 , 0.051282 , 0.864717
0.846154 , 0.076923 , 0.864102
0.846154 , 0.102564 , 0.862900
0.846154 , 0.128205 , 0.861245
0.846154 , 0.153846 , 0.860366
0.846154 , 0.179487 , 0.860767
0.846154 , 0.205128 , 0.859342
0.846154 , 0.230769 , 0.858860
0.846154 , 0.256410 , 0.860814
0.846154 , 0.282051 , 0.863951
0.846154 , 0.307692 , 0.867640
0.846154 , 0.333333 , 0.871540
0.846154 , 0.358974 , 0.877061
0.846154 , 0.384615 , 0.883401
0.846154 , 0.410256 , 0.891744
0.846154 , 0.435897 , 0.900991
0.846154 , 0.461538 , 0.911724
0.846154 , 0.487179 , 0.924065
0.846154 , 0.512821 , 0.937482
0.846154 , 0.538462 , 0.950590
0.846154 , 0.564103 , 0.965186
0.846154 , 0.589744 , 0.980303
0.846154 , 0.615385 , 0.994878
0.846154 , 0.641026 , 1.009302
0.846154 , 0.666667 , 1.023051
0.846154 , 0.692308 , 1.036817
0.846154 , 0.717949 , 1.050376
0.846154 , 0.743590 , 1.061796
0.846154 , 0.769231 , 1.070982
0.846154 , 0.794872 , 1.080616
0.846154 , 0.820513 , 1.089290
0.846154 , 0.846154 , 1.095548
0.846154 , 0.871795 , 1.099263
0.846154 , 0.897436 , 1.102886
0.846154 , 0.923077 , 1.104906
0.846154 , 0.948718 , 1.106063
0.846154 , 0.974359 , 1.106784
0.846154 , 1.000000 , 1.106583
0.871795 , 0.000000 , 0.875516
0.871795 , 0.025641 , 0.875512
0.871795 , 0.051282 , 0.874978
0.871795 , 0.076923 , 0.874370
0.871795 , 0.102564 , 0.873424
0.871795 , 0.128205 , 0.872241
0.871795 , 0.153846 , 0.871394
0.871795 , 0.179487 , 0.872553
0.871795 , 0.205128 , 0.872356
0.871795 , 0.230769 , 0.871775
0.871795 , 0.256410 , 0.873188
0.871795 , 0.282051 , 0.876342
0.871795 , 0.307692 , 0.880396
0.871795 , 0.333333 , 0.884583
0.871795 , 0.358974 , 0.890107
0.871795 , 0.384615 , 0.896635
0.871795 , 0.410256 , 0.905360
0.871795 , 0.435897 , 0.914334
0.871795 , 0.461538 , 0.924380
0.871795 , 0.487179 , 0.936761
0.871795 , 0.512821 , 0.950595
0.871795 , 0.538462 , 0.964057
0.871795 , 0.564103 , 0.978401
0.871795 , 0.589744 , 0.992931
0.871795 , 0.615385 , 1.007272
0.871795 , 0.641026 , 1.022311
0.871795 , 0.666667 , 1.036971
0.871795 , 0.692308 , 1.049882
0.871795 , 0.717949 , 1.062722
0.871795 , 0.743590 , 1.075034
0.871795 , 0.769231 , 1.085044
0.871795 , 0.794872 , 1.094648
0.871795 , 0.820513 , 1.103641
0.871795 , 0.846154 , 1.110892
0.871795 , 0.871795 , 1.115419
0.871795 , 0.897436 , 1.119503
0.871795 , 0.923077 , 1.122234
0.871795 , 0.948718 , 1.123652
0.871795 , 0.974359 , 1.124333
0.871795 , 1.000000 , 1.124234
0.897436 , 0.000000 , 0.883395
0.897436 , 0.025641 , 0.883303
0.897436 , 0.051282 , 0.883512
0.897436 , 0.076923 , 0.883215
0.897436 , 0.102564 , 0.882412
0.897436 , 0.128205 , 0.882441
0.897436 , 0.153846 , 0.881475
0.897436 , 0.179487 , 0.881930
0.897436 , 0.205128 , 0.882413
0.897436 , 0.230769 , 0.882540
0.897436 , 0.256410 , 0.884293
0.897436 , 0.282051 , 0.887325
0.897436 , 0.307692 , 0.891398
0.897436 , 0.333333 , 0.896103
0.897436 , 0.358974 , 0.901272
0.897436 , 0.384615 , 0.907846
0.897436 , 0.410256 , 0.915878
0.897436 , 0.435897 , 0.925218
0.897436 , 0.461538 , 0.935487
0.897436 , 0.487179 , 0.947298
0.897436 , 0.512821 , 0.960885
0.897436 , 0.538462 , 0.974838
0.897436 , 0.564103 , 0.988803
0.897436 , 0.589744 , 1.003035
0.897436 , 0.615385 , 1.017729
0.897436 , 0.641026 , 1.032501
0.897436 , 0.666667 , 1.047225
0.897436 , 0.692308 , 1.059718
0.897436 , 0.717949 , 1.072103
0.897436 , 0.743590 , 1.084207
0.897436 , 0.769231 , 1.095003
0.897436 , 0.794872 , 1.105156
0.897436 , 0.820513 , 1.113785
0.897436 , 0.846154 , 1.122321
0.897436 , 0.871795 , 1.128174
0.897436 , 0.897436 , 1.132331
0.897436 , 0.923077 , 1.135303
0.897436 , 0.948718 , 1.137431
0.897436 , 0.974359 , 1.138629
0.897436 , 1.000000 , 1.138803
0.923077 , 0.000000 , 0.889056
0.923077 , 0.025641 , 0.889508
0.923077 , 0.051282 , 0.889545
0.923077 , 0.076923 , 0.889954
0.923077 , 0.102564 , 0.889615
0.923077 , 0.128205 , 0.889991
0.923077 , 0.153846 , 0.889944
0.923077 , 0.179487 , 0.889844
0.923077 , 0.205128 , 0.890474
0.923077 , 0.230769 , 0.890846
0.923077 , 0.256410 , 0.893203
0.923077 , 0.282051 , 0.896703
0.923077 , 0.307692 , 0.900447
0.923077 , 0.333333 , 0.905105
0.923077 , 0.358974 , 0.910846
0.923077 , 0.384615 , 0.917253
0.923077 , 0.410256 , 0.924883
0.923077 , 0.435897 , 0.934194
0.923077 , 0.461538 , 0.944773
0.923077 , 0.487179 , 0.956644
0.923077 , 0.512821 , 0.969589
0.923077 , 0.538462 , 0.983423
0.923077 , 0.564103 , 0.997353
0.923077 , 0.589744 , 1.011637
0.923077 , 0.615385 , 1.025926
0.923077 , 0.641026 , 1.040426
0.923077 , 0.666667 , 1.055059
0.923077 , 0.692308 , 1.068163
0.923077 , 0.717949 , 1.080431
0.923077 , 0.743590 , 1.092826
0.923077 , 0.769231 , 1.103574
0.923077 , 0.794872 , 1.113806
0.923077 , 0.820513 , 1.122829
0.923077 , 0.846154 , 1.130761
0.923077 , 0.871795 , 1.137824
0.923077 , 0.897436 , 1.141992
0.923077 , 0.923077 , 1.145043
0.923077 , 0.948718 , 1.147776
0.923077 , 0.974359 , 1.148895
0.923077 , 1.000000 , 1.149694
0.948718 , 0.000000 , 0.893353
0.948718 , 0.025641 , 0.893587
0.948718 , 0.051282 , 0.893967
0.948718 , 0.076923 , 0.894906
0.948718 , 0.102564 , 0.895090
0.948718 , 0.128205 , 0.894782
0.948718 , 0.153846 , 0.895291
0.948718 , 0.179487 , 0.895625
0.948718 , 0.205128 , 0.896095
0.948718 , 0.230769 , 0.896971
0.948718 , 0.256410 , 0.899479
0.948718 , 0.282051 , 0.903246
0.948718 , 0.307692 , 0.906954
0.948718 , 0.333333 , 0.911549
0.948718 , 0.358974 , 0.917060
0.948718 , 0.384615 , 0.923738
0.948718 , 0.410256 , 0.931767
0.948718 , 0.435897 , 0.941259
0.948718 , 0.461538 , 0.951756
0.948718 , 0.487179 , 0.962982
0.948718 , 0.512821 , 0.975699
0.948718 , 0.538462 , 0.989014
0.948718 , 0.564103 , 1.002858
0.948718 , 0.589744 , 1.017422
0.948718 , 0.615385 , 1.031918
0.948718 , 0.641026 , 1.046199
0.948718 , 0.666667 , 1.060452
0.948718 , 0.692308 , 1.073709
0.948718 , 0.717949 , 1.085783
0.948718 , 0.743590 , 1.097557
0.948718 , 0.769231 , 1.108828
0.948718 , 0.794872 , 1.119013
0.948718 , 0.820513 , 1.128216
0.948718 , 0.846154 , 1.136451
0.948718 , 0.871795 , 1.143769
0.948718 , 0.897436 , 1.148606
0.948718 , 0.923077 , 1.151499
0.948718 , 0.948718 , 1.154457
0.948718 , 0.974359 , 1.156108
0.948718 , 1.000000 , 1.156674
0.974359 , 0.000000 , 0.896481
0.974359 , 0.025641 , 0.896290
0.974359 , 0.051282 , 0.896736
0.974359 , 0.076923 , 0.897541
0.974359 , 0.102564 , 0.898518
0.974359 , 0.128205 , 0.898131
0.974359 , 0.153846 , 0.898592
0.974359 , 0.179487 , 0.899392
0.974359 , 0.205128 , 0.900018
0.974359 , 0.230769 , 0.901056
0.974359 , 0.256410 , 0.903301
0.974359 , 0.282051 , 0.906663
0.974359 , 0.307692 , 0.910471
0.974359 , 0.333333 , 0.915100
0.974359 , 0.358974 , 0.921151
0.974359 , 0.384615 , 0.928433
0.974359 , 0.410256 , 0.936955
0.974359 , 0.435897 , 0.946316
0.974359 , 0.461538 , 0.956600
0.974359 , 0.487179 , 0.967504
0.974359 , 0.512821 , 0.980143
0.974359 , 0.538462 , 0.993248
0.974359 , 0.564103 , 1.006889
0.974359 , 0.589744 , 1.021207
0.974359 , 0.615385 , 1.035232
0.974359 , 0.641026 , 1.049677
0.974359 , 0.666667 , 1.063652
0.974359 , 0.692308 , 1.076659
0.974359 , 0.717949 , 1.088935
0.974359 , 0.743590 , 1.100531
0.974359 , 0.769231 , 1.111410
0.974359 , 0.794872 , 1.122074
0.974359 , 0.820513 , 1.131085
0.974359 , 0.846154 , 1.139667
0.974359 , 0.871795 , 1.146704
0.974359 , 0.897436 , 1.151883
0.974359 , 0.923077 , 1.155677
0.974359 , 0.948718 , 1.158629
0.974359 , 0.974359 , 1.160765
0.974359 , 1.000000 , 1.161516
1.000000 , 0.000000 , 0.897436
1.000000 , 0.025641 , 0.897578
1.000000 , 0.051282 , 0.897852
1.000000 , 0.076923 , 0.898507
1.000000 , 0.102564 , 0.899572
1.000000 , 0.128205 , 0.899734
1.000000 , 0.153846 , 0.899498
1.000000 , 0.179487 , 0.900198
1.000000 , 0.205128 , 0.901494
1.000000 , 0.230769 , 0.902883
1.000000 , 0.256410 , 0.905058
1.000000 , 0.282051 , 0.908076
1.000000 , 0.307692 , 0.911603
1.000000 , 0.333333 , 0.916350
1.000000 , 0.358974 , 0.922525
1.000000 , 0.384615 , 0.930041
1.000000 , 0.410256 , 0.938637
1.000000 , 0.435897 , 0.948356
1.000000 , 0.461538 , 0.958286
1.000000 , 0.487179 , 0.969141
1.000000 , 0.512821 , 0.981826
1.000000 , 0.538462 , 0.994872
1.000000 , 0.564103 , 1.008159
1.000000 , 0.589744 , 1.022100
1.000000 , 0.615385 , 1.036090
1.000000 , 0.641026 , 1.050390
1.000000 , 0.666667 , 1.064664
1.000000 , 0.692308 , 1.077730
1.000000 , 0.717949 , 1.089999
1.000000 , 0.743590 , 1.101733
1.000000 , 0.769231 , 1.112656
1.000000 , 0.794872 , 1.122914
1.000000 , 0.820513 , 1.132493
1.000000 , 0.846154 , 1.140444
1.000000 , 0.871795 , 1.147883
1.000000 , 0.897436 , 1.152844
1.000000 , 0.923077 , 1.156952
1.000000 , 0.948718 , 1.160152
1.000000 , 0.974359 , 1.162335
1.000000 , 1.000000 , 1.163570
