0.000000 , 0.000000 , -2.738188
0.000000 , 0.025641 , -2.738188
0.000000 , 0.051282 , -2.738188
0.000000 , 0.076923 , -2.738188
0.000000 , 0.102564 , -2.738188
0.000000 , 0.128205 , -2.738188
0.000000 , 0.153846 , -2.738188
0.000000 , 0.179487 , -2.738188
0.000000 , 0.205128 , -2.738188
0.000000 , 0.230769 , -2.738188
0.000000 , 0.256410 , -2.738188
0.000000 , 0.282051 , -2.738188
0.000000 , 0.307692 , -2.738188
0.000000 , 0.333333 , -2.738188
0.000000 , 0.358974 , -2.738188
0.000000 , 0.384615 , -2.738188
0.000000 , 0.410256 , -2.738188
0.000000 , 0.435897 , -2.738188
0.000000 , 0.461538 , -2.738188
0.000000 , 0.487179 , -2.738188
0.000000 , 0.512821 , -2.738188
0.000000 , 0.538462 , -2.738188
0.000000 , 0.564103 , -2.738188
0.000000 , 0.589744 , -2.738188
0.000000 , 0.615385 , -2.738188
0.000000 , 0.641026 , -2.738188
0.000000 , 0.666667 , -2.738188
0.000000 , 0.692308 , -2.738188
0.000000 , 0.717949 , -2.738188
0.000000 , 0.743590 , -2.738188
0.000000 , 0.769231 , -2.738188
0.000000 , 0.794872 , -2.738188
0.000000 , 0.820513 , -2.738188
0.000000 , 0.846154 , -2.738188
0.000000 , 0.871795 , -2.738188
0.000000 , 0.897436 , -2.738188
0.000000 , 0.923077 , -2.738188
0.000000 , 0.948718 , -2.738188
0.000000 , 0.974359 , -2.738188
0.000000 , 1.000000 , -2.738188
0.025641 , 0.000000 , -2.662200
0.025641 , 0.025641 , -2.662436
0.025641 , 0.051282 , -2.662117
0.025641 , 0.076923 , -2.662148
0.025641 , 0.102564 , -2.662910
0.025641 , 0.128205 , -2.664436
0.025641 , 0.153846 , -2.666318
0.025641 , 0.179487 , -2.668290
0.025641 , 0.205128 , -2.671068
0.025641 , 0.230769 , -2.675337
0.025641 , 0.256410 , -2.679223
0.025641 , 0.282051 , -2.682803
0.025641 , 0.307692 , -2.687207
0.025641 , 0.333333 , -2.691471
0.025641 , 0.358974 , -2.696224
0.025641 , 0.384615 , -2.701324
0.025641 , 0.410256 , -2.707339
0.025641 , 0.435897 , -2.713481
0.025641 , 0.461538 , -2.720007
0.025641 , 0.487179 , -2.726115
0.025641 , 0.512821 , -2.731878
0.025641 , 0.538462 , -2.737451
0.025641 , 0.564103 , -2.742306
0.025641 , 0.589744 , -2.747309
0.025641 , 0.615385 , -2.752641
0.025641 , 0.641026 , -2.757770
0.025641 , 0.666667 , -2.762771
0.025641 , 0.692308 , -2.768138
0.025641 , 0.717949 , -2.772935
0.025641 , 0.743590 , -2.776541
0.025641 , 0.769231 , -2.779585
0.025641 , 0.794872 , -2.782065
0.025641 , 0.820513 , -2.784443
0.025641 , 0.846154 , -2.786649
0.025641 , 0.871795 , -2.788285
0.025641 , 0.897436 , -2.789817
0.025641 , 0.923077 , -2.790971
0.025641 , 0.948718 , -2.791949
0.025641 , 0.974359 , -2.792313
0.025641 , 1.000000 , -2.792562
0.051282 , 0.000000 , -2.576891
0.051282 , 0.025641 , -2.577184
0.051282 , 0.051282 , -2.577157
0.051282 , 0.076923 , -2.577016
0.051282 , 0.102564 , -2.578572
0.051282 , 0.128205 , -2.581270
0.051282 , 0.153846 , -2.585140
0.051282 , 0.179487 , -2.589645
0.051282 , 0.205128 , -2.594429
0.051282 , 0.230769 , -2.600986
0.051282 , 0.256410 , -2.608486
0.051282 , 0.282051 , -2.615921
0.051282 , 0.307692 , -2.624878
0.051282 , 0.333333 , -2.634889
0.051282 , 0.358974 , -2.644363
0.051282 , 0.384615 , -2.654985
0.051282 , 0.410256 , -2.667115
0.051282 , 0.435897 , -2.679267
0.051282 , 0.461538 , -2.691296
0.051282 , 0.487179 , -2.703528
0.051282 , 0.512821 , -2.714699
0.051282 , 0.538462 , -2.725658
0.051282 , 0.564103 , -2.736097
0.051282 , 0.589744 , -2.745940
0.051282 , 0.615385 , -2.756322
0.051282 , 0.641026 , -2.767035
0.051282 , 0.666667 , -2.777114
0.051282 , 0.692308 , -2.786937
0.051282 , 0.717949 , -2.796096
0.051282 , 0.743590 , -2.803867
0.051282 , 0.769231 , -2.810271
0.051282 , 0.794872 , -2.815880
0.051282 , 0.820513 , -2.820523
0.051282 , 0.846154 , -2.823787
0.051282 , 0.871795 , -2.826871
0.051282 , 0.897436 , -2.830610
0.051282 , 0.923077 , -2.833047
0.051282 , 0.948718 , -2.834119
0.051282 , 0.974359 , -2.835042
0.051282 , 1.000000 , -2.834923
0.076923 , 0.000000 , -2.483019
0.076923 , 0.025641 , -2.483646
0.076923 , 0.051282 , -2.484330
0.076923 , 0.076923 , -2.484738
0.076923 , 0.102564 , -2.486658
0.076923 , 0.128205 , -2.490794
0.076923 , 0.153846 , -2.496058
0.076923 , 0.179487 , -2.502670
0.076923 , 0.205128 , -2.509453
0.076923 , 0.230769 , -2.518044
0.076923 , 0.256410 , -2.528302
0.076923 , 0.282051 , -2.540160
0.076923 , 0.307692 , -2.554072
0.076923 , 0.333333 , -2.569401
0.076923 , 0.358974 , -2.584492
0.076923 , 0.384615 , -2.600469
0.076923 , 0.410256 , -2.618029
0.076923 , 0.435897 , -2.636018
0.076923 , 0.461538 , -2.652995
0.076923 , 0.487179 , -2.670355
0.076923 , 0.512821 , -2.687724
0.076923 , 0.538462 , -2.704106
0.076923 , 0.564103 , -2.720191
0.076923 , 0.589744 , -2.735433
0.076923 , 0.615385 , -2.751487
0.076923 , 0.641026 , -2.767199
0.076923 , 0.666667 , -2.782631
0.076923 , 0.692308 , -2.796337
0.076923 , 0.717949 , -2.809189
0.076923 , 0.743590 , -2.820955
0.076923 , 0.769231 , -2.830933
0.076923 , 0.794872 , -2.839042
0.076923 , 0.820513 , -2.845159
0.076923 , 0.846154 , -2.850937
0.076923 , 0.871795 , -2.855913
0.076923 , 0.897436 , -2.861000
0.076923 , 0.923077 , -2.864324
0.076923 , 0.948718 , -2.866634
0.076923 , 0.974359 , -2.867699
0.076923 , 1.000000 , -2.867445
0.102564 , 0.000000 , -2.382732
0.102564 , 0.025641 , -2.383122
0.102564 , 0.051282 , -2.385074
0.102564 , 0.076923 , -2.386335
0.102564 , 0.102564 , -2.388177
0.102564 , 0.128205 , -2.392804
0.102564 , 0.153846 , -2.399727
0.102564 , 0.179487 , -2.408078
0.102564 , 0.205128 , -2.417223
0.102564 , 0.230769 , -2.428441
0.102564 , 0.256410 , -2.441993
0.102564 , 0.282051 , -2.457882
0.102564 , 0.307692 , -2.476069
0.102564 , 0.333333 , -2.495877
0.102564 , 0.358974 , -2.515872
0.102564 , 0.384615 , -2.537272
0.102564 , 0.410256 , -2.560242
0.102564 , 0.435897 , -2.583305
0.102564 , 0.461538 , -2.606134
0.102564 , 0.487179 , -2.629128
0.102564 , 0.512821 , -2.652412
0.102564 , 0.538462 , -2.674655
0.102564 , 0.564103 , -2.696471
0.102564 , 0.589744 , -2.717456
0.102564 , 0.615385 , -2.738263
0.102564 , 0.641026 , -2.758700
0.102564 , 0.666667 , -2.778102
0.102564 , 0.692308 , -2.796496
0.102564 , 0.717949 , -2.812996
0.102564 , 0.743590 , -2.828250
0.102564 , 0.769231 , -2.841832
0.102564 , 0.794872 , -2.853108
0.102564 , 0.820513 , -2.862298
0.102564 , 0.846154 , -2.869730
0.102564 , 0.871795 , -2.876614
0.102564 , 0.897436 , -2.882903
0.102564 , 0.923077 , -2.887317
0.102564 , 0.948718 , -2.890442
0.102564 , 0.974359 , -2.892570
0.102564 , 1.000000 , -2.892674
0.128205 , 0.000000 , -2.275490
0.128205 , 0.025641 , -2.276776
0.128205 , 0.051282 , -2.279653
0.128205 , 0.076923 , -2.282165
0.128205 , 0.102564 , -2.284463
0.128205 , 0.128205 , -2.289393
0.128205 , 0.153846 , -2.296915
0.128205 , 0.179487 , -2.306728
0.128205 , 0.205128 , -2.318699
0.128205 , 0.230769 , -2.333104
0.128205 , 0.256410 , -2.350109
0.128205 , 0.282051 , -2.369565
0.128205 , 0.307692 , -2.391017
0.128205 , 0.333333 , -2.415215
0.128205 , 0.358974 , -2.439944
0.128205 , 0.384615 , -2.466780
0.128205 , 0.410256 , -2.495034
0.128205 , 0.435897 , -2.523231
0.128205 , 0.461538 , -2.551571
0.128205 , 0.487179 , -2.580692
0.128205 , 0.512821 , -2.609898
0.128205 , 0.538462 , -2.637748
0.128205 , 0.564103 , -2.664848
0.128205 , 0.589744 , -2.691831
0.128205 , 0.615385 , -2.718188
0.128205 , 0.641026 , -2.742758
0.128205 , 0.666667 , -2.766590
0.128205 , 0.692308 , -2.789260
0.128205 , 0.717949 , -2.809845
0.128205 , 0.743590 , -2.828373
0.128205 , 0.769231 , -2.845053
0.128205 , 0.794872 , -2.858905
0.128205 , 0.820513 , -2.871150
0.128205 , 0.846154 , -2.881741
0.128205 , 0.871795 , -2.890538
0.128205 , 0.897436 , -2.896906
0.128205 , 0.923077 , -2.902967
0.128205 , 0.948718 , -2.907982
0.128205 , 0.974359 , -2.910863
0.128205 , 1.000000 , -2.911545
0.153846 , 0.000000 , -2.163199
0.153846 , 0.025641 , -2.164662
0.153846 , 0.051282 , -2.167763
0.153846 , 0.076923 , -2.172114
0.153846 , 0.102564 , -2.175440
0.153846 , 0.128205 , -2.181031
0.153846 , 0.153846 , -2.189563
0.153846 , 0.179487 , -2.201192
0.153846 , 0.205128 , -2.215779
0.153846 , 0.230769 , -2.233577
0.153846 , 0.256410 , -2.253078
0.153846 , 0.282051 , -2.275747
0.153846 , 0.307692 , -2.300679
0.153846 , 0.333333 , -2.328194
0.153846 , 0.358974 , -2.358303
0.153846 , 0.384615 , -2.390200
0.153846 , 0.410256 , -2.423496
0.153846 , 0.435897 , -2.456889
0.153846 , 0.461538 , -2.491214
0.153846 , 0.487179 , -2.526390
0.153846 , 0.512821 , -2.560747
0.153846 , 0.538462 , -2.594085
0.153846 , 0.564103 , -2.626736
0.153846 , 0.589744 , -2.659157
0.153846 , 0.615385 , -2.691038
0.153846 , 0.641026 , -2.720718
0.153846 , 0.666667 , -2.749472
0.153846 , 0.692308 , -2.776550
0.153846 , 0.717949 , -2.800792
0.153846 , 0.743590 , -2.823104
0.153846 , 0.769231 , -2.843097
0.153846 , 0.794872 , -2.859678
0.153846 , 0.820513 , -2.873781
0.153846 , 0.846154 , -2.886659
0.153846 , 0.871795 , -2.897494
0.153846 , 0.897436 , -2.906317
0.153846 , 0.923077 , -2.912500
0.153846 , 0.948718 , -2.919294
0.153846 , 0.974359 , -2.923127
0.153846 , 1.000000 , -2.924226
0.179487 , 0.000000 , -2.045737
0.179487 , 0.025641 , -2.047292
0.179487 , 0.051282 , -2.050437
0.179487 , 0.076923 , -2.055338
0.179487 , 0.102564 , -2.060440
0.179487 , 0.128205 , -2.067403
0.179487 , 0.153846 , -2.077921
0.179487 , 0.179487 , -2.091745
0.179487 , 0.205128 , -2.108546
0.179487 , 0.230769 , -2.129199
0.179487 , 0.256410 , -2.151971
0.179487 , 0.282051 , -2.177492
0.179487 , 0.307692 , -2.206190
0.179487 , 0.333333 , -2.237724
0.179487 , 0.358974 , -2.272036
0.179487 , 0.384615 , -2.308574
0.179487 , 0.410256 , -2.346027
0.179487 , 0.435897 , -2.384498
0.179487 , 0.461538 , -2.424908
0.179487 , 0.487179 , -2.466477
0.179487 , 0.512821 , -2.506948
0.179487 , 0.538462 , -2.544923
0.179487 , 0.564103 , -2.582990
0.179487 , 0.589744 , -2.620529
0.179487 , 0.615385 , -2.657456
0.179487 , 0.641026 , -2.692963
0.179487 , 0.666667 , -2.726663
0.179487 , 0.692308 , -2.757883
0.179487 , 0.717949 , -2.786027
0.179487 , 0.743590 , -2.812033
0.179487 , 0.769231 , -2.835402
0.179487 , 0.794872 , -2.855232
0.179487 , 0.820513 , -2.871453
0.179487 , 0.846154 , -2.886394
0.179487 , 0.871795 , -2.899437
0.179487 , 0.897436 , -2.910111
0.179487 , 0.923077 , -2.918225
0.179487 , 0.948718 , -2.924282
0.179487 , 0.974359 , -2.928299
0.179487 , 1.000000 , -2.930205
0.205128 , 0.000000 , -1.923881
0.205128 , 0.025641 , -1.925369
0.205128 , 0.051282 , -1.928625
0.205128 , 0.076923 , -1.933648
0.205128 , 0.102564 , -1.940104
0.205128 , 0.128205 , -1.949604
0.205128 , 0.153846 , -1.962154
0.205128 , 0.179487 , -1.978157
0.205128 , 0.205128 , -1.997444
0.205128 , 0.230769 , -2.020095
0.205128 , 0.256410 , -2.046354
0.205128 , 0.282051 , -2.075923
0.205128 , 0.307692 , -2.108200
0.205128 , 0.333333 , -2.143406
0.205128 , 0.358974 , -2.181655
0.205128 , 0.384615 , -2.222133
0.205128 , 0.410256 , -2.264582
0.205128 , 0.435897 , -2.308622
0.205128 , 0.461538 , -2.353992
0.205128 , 0.487179 , -2.400256
0.205128 , 0.512821 , -2.446458
0.205128 , 0.538462 , -2.490843
0.205128 , 0.564103 , -2.534170
0.205128 , 0.589744 , -2.576975
0.205128 , 0.615385 , -2.619001
0.205128 , 0.641026 , -2.660298
0.205128 , 0.666667 , -2.699056
0.205128 , 0.692308 , -2.734117
0.205128 , 0.717949 , -2.766454
0.205128 , 0.743590 , -2.795859
0.205128 , 0.769231 , -2.822153
0.205128 , 0.794872 , -2.845069
0.205128 , 0.820513 , -2.864256
0.205128 , 0.846154 , -2.881174
0.205128 , 0.871795 , -2.897262
0.205128 , 0.897436 , -2.909710
0.205128 , 0.923077 , -2.919614
0.205128 , 0.948718 , -2.926556
0.205128 , 0.974359 , -2.930148
0.205128 , 1.000000 , -2.931886
0.230769 , 0.000000 , -1.797522
0.230769 , 0.025641 , -1.799316
0.230769 , 0.051282 , -1.803185
0.230769 , 0.076923 , -1.808857
0.230769 , 0.102564 , -1.816891
0.230769 , 0.128205 , -1.828429
0.230769 , 0.153846 , -1.843018
0.230769 , 0.179487 , -1.861668
0.230769 , 0.205128 , -1.882982
0.230769 , 0.230769 , -1.908028
0.230769 , 0.256410 , -1.937096
0.230769 , 0.282051 , -1.970227
0.230769 , 0.307692 , -2.006437
0.230769 , 0.333333 , -2.045545
0.230769 , 0.358974 , -2.088000
0.230769 , 0.384615 , -2.133382
0.230769 , 0.410256 , -2.180784
0.230769 , 0.435897 , -2.229364
0.230769 , 0.461538 , -2.279682
0.230769 , 0.487179 , -2.330413
0.230769 , 0.512821 , -2.382133
0.230769 , 0.538462 , -2.432907
0.230769 , 0.564103 , -2.481757
0.230769 , 0.589744 , -2.529656
0.230769 , 0.615385 , -2.576108
0.230769 , 0.641026 , -2.621636
0.230769 , 0.666667 , -2.664852
0.230769 , 0.692308 , -2.704885
0.230769 , 0.717949 , -2.741663
0.230769 , 0.743590 , -2.775169
0.230769 , 0.769231 , -2.804712
0.230769 , 0.794872 , -2.831226
0.230769 , 0.820513 , -2.854061
0.230769 , 0.846154 , -2.874104
0.230769 , 0.871795 , -2.891531
0.230769 , 0.897436 , -2.905083
0.230769 , 0.923077 , -2.915978
0.230769 , 0.948718 , -2.924838
0.230769 , 0.974359 , -2.929704
0.230769 , 1.000000 , -2.932089
0.256410 , 0.000000 , -1.667943
0.256410 , 0.025641 , -1.669492
0.256410 , 0.051282 , -1.673992
0.256410 , 0.076923 , -1.680252
0.256410 , 0.102564 , -1.689941
0.256410 , 0.128205 , -1.703555
0.256410 , 0.153846 , -1.720190
0.256410 , 0.179487 , -1.741082
0.256410 , 0.205128 , -1.765630
0.256410 , 0.230769 , -1.793392
0.256410 , 0.256410 , -1.825706
0.256410 , 0.282051 , -1.862279
0.256410 , 0.307692 , -1.902388
0.256410 , 0.333333 , -1.945291
0.256410 , 0.358974 , -1.991707
0.256410 , 0.384615 , -2.041597
0.256410 , 0.410256 , -2.093990
0.256410 , 0.435897 , -2.147576
0.256410 , 0.461538 , -2.202402
0.256410 , 0.487179 , -2.257898
0.256410 , 0.512821 , -2.314271
0.256410 , 0.538462 , -2.370761
0.256410 , 0.564103 , -2.425330
0.256410 , 0.589744 , -2.478920
0.256410 , 0.615385 , -2.530341
0.256410 , 0.641026 , -2.579777
0.256410 , 0.666667 , -2.627011
0.256410 , 0.692308 , -2.672186
0.256410 , 0.717949 , -2.713408
0.256410 , 0.743590 , -2.750484
0.256410 , 0.769231 , -2.784316
0.256410 , 0.794872 , -2.815246
0.256410 , 0.820513 , -2.842029
0.256410 , 0.846154 , -2.864450
0.256410 , 0.871795 , -2.882606
0.256410 , 0.897436 , -2.898002
0.256410 , 0.923077 , -2.910829
0.256410 , 0.948718 , -2.920872
0.256410 , 0.974359 , -2.927258
0.256410 , 1.000000 , -2.929659
0.282051 , 0.000000 , -1.535421
0.282051 , 0.025641 , -1.536635
0.282051 , 0.051282 , -1.541615
0.282051 , 0.076923 , -1.549182
0.282051 , 0.102564 , -1.560403
0.282051 , 0.128205 , -1.575876
0.282051 , 0.153846 , -1.594410
0.282051 , 0.179487 , -1.617147
0.282051 , 0.205128 , -1.645075
0.282051 , 0.230769 , -1.676734
0.282051 , 0.256410 , -1.713238
0.282051 , 0.282051 , -1.752500
0.282051 , 0.307692 , -1.795474
0.282051 , 0.333333 , -1.842605
0.282051 , 0.358974 , -1.893565
0.282051 , 0.384615 , -1.947659
0.282051 , 0.410256 , -2.004432
0.282051 , 0.435897 , -2.062877
0.282051 , 0.461538 , -2.122547
0.282051 , 0.487179 , -2.182721
0.282051 , 0.512821 , -2.244297
0.282051 , 0.538462 , -2.305602
0.282051 , 0.564103 , -2.365894
0.282051 , 0.589744 , -2.424844
0.282051 , 0.615385 , -2.481686
0.282051 , 0.641026 , -2.536259
0.282051 , 0.666667 , -2.588281
0.282051 , 0.692308 , -2.637985
0.282051 , 0.717949 , -2.684053
0.282051 , 0.743590 , -2.724771
0.282051 , 0.769231 , -2.762208
0.282051 , 0.794872 , -2.796946
0.282051 , 0.820513 , -2.827941
0.282051 , 0.846154 , -2.852783
0.282051 , 0.871795 , -2.873491
0.282051 , 0.897436 , -2.890654
0.282051 , 0.923077 , -2.905050
0.282051 , 0.948718 , -2.915947
0.282051 , 0.974359 , -2.923194
0.282051 , 1.000000 , -2.926152
0.307692 , 0.000000 , -1.397745
0.307692 , 0.025641 , -1.399483
0.307692 , 0.051282 , -1.404943
0.307692 , 0.076923 , -1.414213
0.307692 , 0.102564 , -1.426964
0.307692 , 0.128205 , -1.444161
0.307692 , 0.153846 , -1.465245
0.307692 , 0.179487 , -1.490159
0.307692 , 0.205128 , -1.520888
0.307692 , 0.230769 , -1.556680
0.307692 , 0.256410 , -1.597022
0.307692 , 0.282051 , -1.640494
0.307692 , 0.307692 , -1.687038
0.307692 , 0.333333 , -1.738365
0.307692 , 0.358974 , -1.794040
0.307692 , 0.384615 , -1.852434
0.307692 , 0.410256 , -1.913577
0.307692 , 0.435897 , -1.976731
0.307692 , 0.461538 , -2.041194
0.307692 , 0.487179 , -2.106320
0.307692 , 0.512821 , -2.172501
0.307692 , 0.538462 , -2.238014
0.307692 , 0.564103 , -2.303388
0.307692 , 0.589744 , -2.368359
0.307692 , 0.615385 , -2.430842
0.307692 , 0.641026 , -2.490696
0.307692 , 0.666667 , -2.548091
0.307692 , 0.692308 , -2.601942
0.307692 , 0.717949 , -2.651884
0.307692 , 0.743590 , -2.697160
0.307692 , 0.769231 , -2.739390
0.307692 , 0.794872 , -2.778144
0.307692 , 0.820513 , -2.813068
0.307692 , 0.846154 , -2.841156
0.307692 , 0.871795 , -2.864077
0.307692 , 0.897436 , -2.883154
0.307692 , 0.923077 , -2.898735
0.307692 , 0.948718 , -2.910366
0.307692 , 0.974359 , -2.918410
0.307692 , 1.000000 , -2.921413
0.333333 , 0.000000 , -1.255774
0.333333 , 0.025641 , -1.257217
0.333333 , 0.051282 , -1.263958
0.333333 , 0.076923 , -1.274319
0.333333 , 0.102564 , -1.289017
0.333333 , 0.128205 , -1.307783
0.333333 , 0.153846 , -1.331965
0.333333 , 0.179487 , -1.360355
0.333333 , 0.205128 , -1.393619
0.333333 , 0.230769 , -1.433175
0.333333 , 0.256410 , -1.478185
0.333333 , 0.282051 , -1.525602
0.333333 , 0.307692 , -1.577004
0.333333 , 0.333333 , -1.632457
0.333333 , 0.358974 , -1.693110
0.333333 , 0.384615 , -1.756087
0.333333 , 0.410256 , -1.821313
0.333333 , 0.435897 , -1.889348
0.333333 , 0.461538 , -1.959024
0.333333 , 0.487179 , -2.029278
0.333333 , 0.512821 , -2.100163
0.333333 , 0.538462 , -2.170699
0.333333 , 0.564103 , -2.240526
0.333333 , 0.589744 , -2.310620
0.333333 , 0.615385 , -2.378728
0.333333 , 0.641026 , -2.444302
0.333333 , 0.666667 , -2.506891
0.333333 , 0.692308 , -2.565344
0.333333 , 0.717949 , -2.619797
0.333333 , 0.743590 , -2.670192
0.333333 , 0.769231 , -2.716689
0.333333 , 0.794872 , -2.759377
0.333333 , 0.820513 , -2.797410
0.333333 , 0.846154 , -2.828809
0.333333 , 0.871795 , -2.855172
0.333333 , 0.897436 , -2.876689
0.333333 , 0.923077 , -2.893430
0.333333 , 0.948718 , -2.905639
0.333333 , 0.974359 , -2.913715
0.333333 , 1.000000 , -2.916861
0.358974 , 0.000000 , -1.109478
0.358974 , 0.025641 , -1.111594
0.358974 , 0.051282 , -1.118218
0.358974 , 0.076923 , -1.130099
0.358974 , 0.102564 , -1.147046
0.358974 , 0.128205 , -1.169037
0.358974 , 0.153846 , -1.195775
0.358974 , 0.179487 , -1.227743
0.358974 , 0.205128 , -1.264706
0.358974 , 0.230769 , -1.307857
0.358974 , 0.256410 , -1.356513
0.358974 , 0.282051 , -1.408700
0.358974 , 0.307692 , -1.465238
0.358974 , 0.333333 , -1.525630
0.358974 , 0.358974 , -1.589965
0.358974 , 0.384615 , -1.657616
0.358974 , 0.410256 , -1.727648
0.358974 , 0.435897 , -1.800221
0.358974 , 0.461538 , -1.874756
0.358974 , 0.487179 , -1.950128
0.358974 , 0.512821 , -2.026145
0.358974 , 0.538462 , -2.102398
0.358974 , 0.564103 , -2.177657
0.358974 , 0.589744 , -2.252620
0.358974 , 0.615385 , -2.325969
0.358974 , 0.641026 , -2.396810
0.358974 , 0.666667 , -2.465143
0.358974 , 0.692308 , -2.529313
0.358974 , 0.717949 , -2.588855
0.358974 , 0.743590 , -2.644621
0.358974 , 0.769231 , -2.695972
0.358974 , 0.794872 , -2.742449
0.358974 , 0.820513 , -2.783227
0.358974 , 0.846154 , -2.817637
0.358974 , 0.871795 , -2.847413
0.358974 , 0.897436 , -2.871409
0.358974 , 0.923077 , -2.889193
0.358974 , 0.948718 , -2.902472
0.358974 , 0.974359 , -2.910520
0.358974 , 1.000000 , -2.914099
0.384615 , 0.000000 , -0.958789
0.384615 , 0.025641 , -0.961186
0.384615 , 0.051282 , -0.968580
0.384615 , 0.076923 , -0.981957
0.384615 , 0.102564 , -1.001081
0.384615 , 0.128205 , -1.026683
0.384615 , 0.153846 , -1.056966
0.384615 , 0.179487 , -1.092365
0.384615 , 0.205128 , -1.133059
0.384615 , 0.230769 , -1.180212
0.384615 , 0.256410 , -1.233052
0.384615 , 0.282051 , -1.290235
0.384615 , 0.307692 , -1.351653
0.384615 , 0.333333 , -1.417331
0.384615 , 0.358974 , -1.486278
0.384615 , 0.384615 , -1.558277
0.384615 , 0.410256 , -1.633612
0.384615 , 0.435897 , -1.711197
0.384615 , 0.461538 , -1.790976
0.384615 , 0.487179 , -1.871381
0.384615 , 0.512821 , -1.952669
0.384615 , 0.538462 , -2.034510
0.384615 , 0.564103 , -2.115901
0.384615 , 0.589744 , -2.196052
0.384615 , 0.615385 , -2.274184
0.384615 , 0.641026 , -2.350744
0.384615 , 0.666667 , -2.423839
0.384615 , 0.692308 , -2.493897
0.384615 , 0.717949 , -2.559556
0.384615 , 0.743590 , -2.620386
0.384615 , 0.769231 , -2.676831
0.384615 , 0.794872 , -2.727299
0.384615 , 0.820513 , -2.771894
0.384615 , 0.846154 , -2.809807
0.384615 , 0.871795 , -2.842026
0.384615 , 0.897436 , -2.868504
0.384615 , 0.923077 , -2.888100
0.384615 , 0.948718 , -2.902329
0.384615 , 0.974359 , -2.910957
0.384615 , 1.000000 , -2.914040
0.410256 , 0.000000 , -0.803687
0.410256 , 0.025641 , -0.806496
0.410256 , 0.051282 , -0.814834
0.410256 , 0.076923 , -0.829917
0.410256 , 0.102564 , -0.851367
0.410256 , 0.128205 , -0.879682
0.410256 , 0.153846 , -0.914427
0.410256 , 0.179487 , -0.953591
0.410256 , 0.205128 , -0.998864
0.410256 , 0.230769 , -1.049957
0.410256 , 0.256410 , -1.107034
0.410256 , 0.282051 , -1.168863
0.410256 , 0.307692 , -1.235092
0.410256 , 0.333333 , -1.305501
0.410256 , 0.358974 , -1.379667
0.410256 , 0.384615 , -1.457468
0.410256 , 0.410256 , -1.538339
0.410256 , 0.435897 , -1.621835
0.410256 , 0.461538 , -1.707629
0.410256 , 0.487179 , -1.794309
0.410256 , 0.512821 , -1.881703
0.410256 , 0.538462 , -1.969047
0.410256 , 0.564103 , -2.056214
0.410256 , 0.589744 , -2.142329
0.410256 , 0.615385 , -2.226188
0.410256 , 0.641026 , -2.307921
0.410256 , 0.666667 , -2.386612
0.410256 , 0.692308 , -2.461967
0.410256 , 0.717949 , -2.533651
0.410256 , 0.743590 , -2.599456
0.410256 , 0.769231 , -2.659918
0.410256 , 0.794872 , -2.714584
0.410256 , 0.820513 , -2.763255
0.410256 , 0.846154 , -2.805265
0.410256 , 0.871795 , -2.840140
0.410256 , 0.897436 , -2.869005
0.410256 , 0.923077 , -2.891219
0.410256 , 0.948718 , -2.907033
0.410256 , 0.974359 , -2.916254
0.410256 , 1.000000 , -2.919798
0.435897 , 0.000000 , -0.643984
0.435897 , 0.025641 , -0.646987
0.435897 , 0.051282 , -0.656801
0.435897 , 0.076923 , -0.673428
0.435897 , 0.102564 , -0.697265
0.435897 , 0.128205 , -0.728931
0.435897 , 0.153846 , -0.766775
0.435897 , 0.179487 , -0.810421
0.435897 , 0.205128 , -0.860051
0.435897 , 0.230769 , -0.915485
0.435897 , 0.256410 , -0.977061
0.435897 , 0.282051 , -1.043451
0.435897 , 0.307692 , -1.114524
0.435897 , 0.333333 , -1.190786
0.435897 , 0.358974 , -1.270873
0.435897 , 0.384615 , -1.354935
0.435897 , 0.410256 , -1.442343
0.435897 , 0.435897 , -1.532835
0.435897 , 0.461538 , -1.624933
0.435897 , 0.487179 , -1.717761
0.435897 , 0.512821 , -1.812377
0.435897 , 0.538462 , -1.906387
0.435897 , 0.564103 , -1.999567
0.435897 , 0.589744 , -2.091567
0.435897 , 0.615385 , -2.181829
0.435897 , 0.641026 , -2.269706
0.435897 , 0.666667 , -2.354257
0.435897 , 0.692308 , -2.435503
0.435897 , 0.717949 , -2.512132
0.435897 , 0.743590 , -2.582895
0.435897 , 0.769231 , -2.647573
0.435897 , 0.794872 , -2.706172
0.435897 , 0.820513 , -2.758396
0.435897 , 0.846154 , -2.804136
0.435897 , 0.871795 , -2.842472
0.435897 , 0.897436 , -2.874313
0.435897 , 0.923077 , -2.898564
0.435897 , 0.948718 , -2.916150
0.435897 , 0.974359 , -2.926214
0.435897 , 1.000000 , -2.930051
0.461538 , 0.000000 , -0.480925
0.461538 , 0.025641 , -0.483890
0.461538 , 0.051282 , -0.494602
0.461538 , 0.076923 , -0.512680
0.461538 , 0.102564 , -0.539089
0.461538 , 0.128205 , -0.573831
0.461538 , 0.153846 , -0.614720
0.461538 , 0.179487 , -0.662372
0.461538 , 0.205128 , -0.716732
0.461538 , 0.230769 , -0.776575
0.461538 , 0.256410 , -0.843090
0.461538 , 0.282051 , -0.914918
0.461538 , 0.307692 , -0.992264
0.461538 , 0.333333 , -1.074602
0.461538 , 0.358974 , -1.161132
0.461538 , 0.384615 , -1.252136
0.461538 , 0.410256 , -1.346555
0.461538 , 0.435897 , -1.443969
0.461538 , 0.461538 , -1.543078
0.461538 , 0.487179 , -1.642795
0.461538 , 0.512821 , -1.744248
0.461538 , 0.538462 , -1.845925
0.461538 , 0.564103 , -1.946143
0.461538 , 0.589744 , -2.044696
0.461538 , 0.615385 , -2.141440
0.461538 , 0.641026 , -2.235552
0.461538 , 0.666667 , -2.326447
0.461538 , 0.692308 , -2.412931
0.461538 , 0.717949 , -2.494505
0.461538 , 0.743590 , -2.570311
0.461538 , 0.769231 , -2.639605
0.461538 , 0.794872 , -2.703083
0.461538 , 0.820513 , -2.759349
0.461538 , 0.846154 , -2.808587
0.461538 , 0.871795 , -2.850563
0.461538 , 0.897436 , -2.885017
0.461538 , 0.923077 , -2.911580
0.461538 , 0.948718 , -2.930232
0.461538 , 0.974359 , -2.940972
0.461538 , 1.000000 , -2.945391
0.487179 , 0.000000 , -0.312921
0.487179 , 0.025641 , -0.316685
0.487179 , 0.051282 , -0.328328
0.487179 , 0.076923 , -0.348305
0.487179 , 0.102564 , -0.376767
0.487179 , 0.128205 , -0.413963
0.487179 , 0.153846 , -0.458606
0.487179 , 0.179487 , -0.510673
0.487179 , 0.205128 , -0.569302
0.487179 , 0.230769 , -0.634330
0.487179 , 0.256410 , -0.705968
0.487179 , 0.282051 , -0.783804
0.487179 , 0.307692 , -0.867768
0.487179 , 0.333333 , -0.956940
0.487179 , 0.358974 , -1.050587
0.487179 , 0.384615 , -1.148539
0.487179 , 0.410256 , -1.250399
0.487179 , 0.435897 , -1.354973
0.487179 , 0.461538 , -1.461508
0.487179 , 0.487179 , -1.569611
0.487179 , 0.512821 , -1.679030
0.487179 , 0.538462 , -1.788365
0.487179 , 0.564103 , -1.896517
0.487179 , 0.589744 , -2.002337
0.487179 , 0.615385 , -2.105812
0.487179 , 0.641026 , -2.206154
0.487179 , 0.666667 , -2.303477
0.487179 , 0.692308 , -2.395968
0.487179 , 0.717949 , -2.483024
0.487179 , 0.743590 , -2.564403
0.487179 , 0.769231 , -2.638751
0.487179 , 0.794872 , -2.706929
0.487179 , 0.820513 , -2.767331
0.487179 , 0.846154 , -2.820672
0.487179 , 0.871795 , -2.866431
0.487179 , 0.897436 , -2.903774
0.487179 , 0.923077 , -2.932289
0.487179 , 0.948718 , -2.952081
0.487179 , 0.974359 , -2.963034
0.487179 , 1.000000 , -2.966867
0.512821 , 0.000000 , -0.139026
0.512821 , 0.025641 , -0.143388
0.512821 , 0.051282 , -0.157284
0.512821 , 0.076923 , -0.179150
0.512821 , 0.102564 , -0.210069
0.512821 , 0.128205 , -0.249891
0.512821 , 0.153846 , -0.297432
0.512821 , 0.179487 , -0.353158
0.512821 , 0.205128 , -0.416629
0.512821 , 0.230769 , -0.487693
0.512821 , 0.256410 , -0.565518
0.512821 , 0.282051 , -0.649814
0.512821 , 0.307692 , -0.740799
0.512821 , 0.333333 , -0.837424
0.512821 , 0.358974 , -0.938468
0.512821 , 0.384615 , -1.044212
0.512821 , 0.410256 , -1.153710
0.512821 , 0.435897 , -1.266494
0.512821 , 0.461538 , -1.381282
0.512821 , 0.487179 , -1.498376
0.512821 , 0.512821 , -1.615753
0.512821 , 0.538462 , -1.733087
0.512821 , 0.564103 , -1.849695
0.512821 , 0.589744 , -1.963739
0.512821 , 0.615385 , -2.075046
0.512821 , 0.641026 , -2.182518
0.512821 , 0.666667 , -2.286397
0.512821 , 0.692308 , -2.385365
0.512821 , 0.717949 , -2.478738
0.512821 , 0.743590 , -2.566256
0.512821 , 0.769231 , -2.646237
0.512821 , 0.794872 , -2.719042
0.512821 , 0.820513 , -2.783725
0.512821 , 0.846154 , -2.840812
0.512821 , 0.871795 , -2.890037
0.512821 , 0.897436 , -2.930458
0.512821 , 0.923077 , -2.960741
0.512821 , 0.948718 , -2.981937
0.512821 , 0.974359 , -2.994796
0.512821 , 1.000000 , -2.998628
0.538462 , 0.000000 , 0.040358
0.538462 , 0.025641 , 0.035503
0.538462 , 0.051282 , 0.020719
0.538462 , 0.076923 , -0.003548
0.538462 , 0.102564 , -0.037637
0.538462 , 0.128205 , -0.080419
0.538462 , 0.153846 , -0.131175
0.538462 , 0.179487 , -0.190726
0.538462 , 0.205128 , -0.258664
0.538462 , 0.230769 , -0.335969
0.538462 , 0.256410 , -0.420027
0.538462 , 0.282051 , -0.511320
0.538462 , 0.307692 , -0.609583
0.538462 , 0.333333 , -0.713847
0.538462 , 0.358974 , -0.823584
0.538462 , 0.384615 , -0.937888
0.538462 , 0.410256 , -1.056419
0.538462 , 0.435897 , -1.178827
0.538462 , 0.461538 , -1.302490
0.538462 , 0.487179 , -1.428820
0.538462 , 0.512821 , -1.555882
0.538462 , 0.538462 , -1.681987
0.538462 , 0.564103 , -1.807309
0.538462 , 0.589744 , -1.930016
0.538462 , 0.615385 , -2.050025
0.538462 , 0.641026 , -2.166398
0.538462 , 0.666667 , -2.277712
0.538462 , 0.692308 , -2.383270
0.538462 , 0.717949 , -2.483010
0.538462 , 0.743590 , -2.576466
0.538462 , 0.769231 , -2.662197
0.538462 , 0.794872 , -2.739875
0.538462 , 0.820513 , -2.808821
0.538462 , 0.846154 , -2.869808
0.538462 , 0.871795 , -2.921963
0.538462 , 0.897436 , -2.965418
0.538462 , 0.923077 , -2.998453
0.538462 , 0.948718 , -3.022008
0.538462 , 0.974359 , -3.036805
0.538462 , 1.000000 , -3.041545
0.564103 , 0.000000 , 0.226217
0.564103 , 0.025641 , 0.221121
0.564103 , 0.051282 , 0.205762
0.564103 , 0.076923 , 0.179574
0.564103 , 0.102564 , 0.143016
0.564103 , 0.128205 , 0.096790
0.564103 , 0.153846 , 0.041936
0.564103 , 0.179487 , -0.021872
0.564103 , 0.205128 , -0.095014
0.564103 , 0.230769 , -0.178119
0.564103 , 0.256410 , -0.269458
0.564103 , 0.282051 , -0.368278
0.564103 , 0.307692 , -0.474381
0.564103 , 0.333333 , -0.586817
0.564103 , 0.358974 , -0.705424
0.564103 , 0.384615 , -0.829688
0.564103 , 0.410256 , -0.957774
0.564103 , 0.435897 , -1.090423
0.564103 , 0.461538 , -1.225126
0.564103 , 0.487179 , -1.361755
0.564103 , 0.512821 , -1.499048
0.564103 , 0.538462 , -1.635484
0.564103 , 0.564103 , -1.770137
0.564103 , 0.589744 , -1.902425
0.564103 , 0.615385 , -2.031621
0.564103 , 0.641026 , -2.157122
0.564103 , 0.666667 , -2.276646
0.564103 , 0.692308 , -2.389859
0.564103 , 0.717949 , -2.497098
0.564103 , 0.743590 , -2.596922
0.564103 , 0.769231 , -2.687876
0.564103 , 0.794872 , -2.771063
0.564103 , 0.820513 , -2.845500
0.564103 , 0.846154 , -2.910287
0.564103 , 0.871795 , -2.965374
0.564103 , 0.897436 , -3.011481
0.564103 , 0.923077 , -3.047220
0.564103 , 0.948718 , -3.073289
0.564103 , 0.974359 , -3.089576
0.564103 , 1.000000 , -3.095217
0.589744 , 0.000000 , 0.418809
0.589744 , 0.025641 , 0.413424
0.589744 , 0.051282 , 0.397042
0.589744 , 0.076923 , 0.369551
0.589744 , 0.102564 , 0.331206
0.589744 , 0.128205 , 0.282085
0.589744 , 0.153846 , 0.223244
0.589744 , 0.179487 , 0.154094
0.589744 , 0.205128 , 0.075053
0.589744 , 0.230769 , -0.013718
0.589744 , 0.256410 , -0.111879
0.589744 , 0.282051 , -0.218005
0.589744 , 0.307692 , -0.333008
0.589744 , 0.333333 , -0.455191
0.589744 , 0.358974 , -0.583485
0.589744 , 0.384615 , -0.718333
0.589744 , 0.410256 , -0.857590
0.589744 , 0.435897 , -1.001189
0.589744 , 0.461538 , -1.148114
0.589744 , 0.487179 , -1.296855
0.589744 , 0.512821 , -1.445893
0.589744 , 0.538462 , -1.593511
0.589744 , 0.564103 , -1.739134
0.589744 , 0.589744 , -1.881921
0.589744 , 0.615385 , -2.021491
0.589744 , 0.641026 , -2.157510
0.589744 , 0.666667 , -2.286808
0.589744 , 0.692308 , -2.408194
0.589744 , 0.717949 , -2.522970
0.589744 , 0.743590 , -2.629361
0.589744 , 0.769231 , -2.726174
0.589744 , 0.794872 , -2.814598
0.589744 , 0.820513 , -2.893830
0.589744 , 0.846154 , -2.962623
0.589744 , 0.871795 , -3.021422
0.589744 , 0.897436 , -3.069703
0.589744 , 0.923077 , -3.107775
0.589744 , 0.948718 , -3.135237
0.589744 , 0.974359 , -3.152462
0.589744 , 1.000000 , -3.158573
0.615385 , 0.000000 , 0.618631
0.615385 , 0.025641 , 0.612980
0.615385 , 0.051282 , 0.595475
0.615385 , 0.076923 , 0.567110
0.615385 , 0.102564 , 0.526868
0.615385 , 0.128205 , 0.474936
0.615385 , 0.153846 , 0.412885
0.615385 , 0.179487 , 0.338664
0.615385 , 0.205128 , 0.253939
0.615385 , 0.230769 , 0.158639
0.615385 , 0.256410 , 0.053822
0.615385 , 0.282051 , -0.060839
0.615385 , 0.307692 , -0.184698
0.615385 , 0.333333 , -0.317689
0.615385 , 0.358974 , -0.457172
0.615385 , 0.384615 , -0.603508
0.615385 , 0.410256 , -0.755298
0.615385 , 0.435897 , -0.912295
0.615385 , 0.461538 , -1.072513
0.615385 , 0.487179 , -1.234403
0.615385 , 0.512821 , -1.396176
0.615385 , 0.538462 , -1.556483
0.615385 , 0.564103 , -1.714849
0.615385 , 0.589744 , -1.869807
0.615385 , 0.615385 , -2.020574
0.615385 , 0.641026 , -2.167347
0.615385 , 0.666667 , -2.307199
0.615385 , 0.692308 , -2.438137
0.615385 , 0.717949 , -2.560362
0.615385 , 0.743590 , -2.674022
0.615385 , 0.769231 , -2.777771
0.615385 , 0.794872 , -2.872010
0.615385 , 0.820513 , -2.955895
0.615385 , 0.846154 , -3.027853
0.615385 , 0.871795 , -3.090010
0.615385 , 0.897436 , -3.141462
0.615385 , 0.923077 , -3.181743
0.615385 , 0.948718 , -3.210370
0.615385 , 0.974359 , -3.227515
0.615385 , 1.000000 , -3.233202
0.641026 , 0.000000 , 0.827545
0.641026 , 0.025641 , 0.821169
0.641026 , 0.051282 , 0.803080
0.641026 , 0.076923 , 0.773248
0.641026 , 0.102564 , 0.730597
0.641026 , 0.128205 , 0.675818
0.641026 , 0.153846 , 0.609895
0.641026 , 0.179487 , 0.531318
0.641026 , 0.205128 , 0.441650
0.641026 , 0.230769 , 0.339700
0.641026 , 0.256410 , 0.227657
0.641026 , 0.282051 , 0.105063
0.641026 , 0.307692 , -0.029146
0.641026 , 0.333333 , -0.173005
0.641026 , 0.358974 , -0.325485
0.641026 , 0.384615 , -0.484979
0.641026 , 0.410256 , -0.650093
0.641026 , 0.435897 , -0.822257
0.641026 , 0.461538 , -0.997855
0.641026 , 0.487179 , -1.174305
0.641026 , 0.512821 , -1.350842
0.641026 , 0.538462 , -1.525880
0.641026 , 0.564103 , -1.698763
0.641026 , 0.589744 , -1.867457
0.641026 , 0.615385 , -2.030955
0.641026 , 0.641026 , -2.188716
0.641026 , 0.666667 , -2.338981
0.641026 , 0.692308 , -2.480344
0.641026 , 0.717949 , -2.611862
0.641026 , 0.743590 , -2.733595
0.641026 , 0.769231 , -2.844308
0.641026 , 0.794872 , -2.943957
0.641026 , 0.820513 , -3.032432
0.641026 , 0.846154 , -3.109123
0.641026 , 0.871795 , -3.173444
0.641026 , 0.897436 , -3.226408
0.641026 , 0.923077 , -3.268965
0.641026 , 0.948718 , -3.298783
0.641026 , 0.974359 , -3.316049
0.641026 , 1.000000 , -3.322038
0.666667 , 0.000000 , 1.045181
0.666667 , 0.025641 , 1.038620
0.666667 , 0.051282 , 1.019733
0.666667 , 0.076923 , 0.988634
0.666667 , 0.102564 , 0.944234
0.666667 , 0.128205 , 0.886343
0.666667 , 0.153846 , 0.816560
0.666667 , 0.179487 , 0.734454
0.666667 , 0.205128 , 0.639757
0.666667 , 0.230769 , 0.531654
0.666667 , 0.256410 , 0.410667
0.666667 , 0.282051 , 0.278558
0.666667 , 0.307692 , 0.134356
0.666667 , 0.333333 , -0.021576
0.666667 , 0.358974 , -0.187458
0.666667 , 0.384615 , -0.361723
0.666667 , 0.410256 , -0.542139
0.666667 , 0.435897 , -0.730067
0.666667 , 0.461538 , -0.922278
0.666667 , 0.487179 , -1.115989
0.666667 , 0.512821 , -1.309660
0.666667 , 0.538462 , -1.501988
0.666667 , 0.564103 , -1.691108
0.666667 , 0.589744 , -1.874976
0.666667 , 0.615385 , -2.052662
0.666667 , 0.641026 , -2.223072
0.666667 , 0.666667 , -2.384586
0.666667 , 0.692308 , -2.536469
0.666667 , 0.717949 , -2.678511
0.666667 , 0.743590 , -2.808786
0.666667 , 0.769231 , -2.926851
0.666667 , 0.794872 , -3.031559
0.666667 , 0.820513 , -3.123909
0.666667 , 0.846154 , -3.204882
0.666667 , 0.871795 , -3.271649
0.666667 , 0.897436 , -3.325842
0.666667 , 0.923077 , -3.369915
0.666667 , 0.948718 , -3.401347
0.666667 , 0.974359 , -3.419313
0.666667 , 1.000000 , -3.425088
0.692308 , 0.000000 , 1.271994
0.692308 , 0.025641 , 1.264741
0.692308 , 0.051282 , 1.245219
0.692308 , 0.076923 , 1.213073
0.692308 , 0.102564 , 1.167266
0.692308 , 0.128205 , 1.107151
0.692308 , 0.153846 , 1.034108
0.692308 , 0.179487 , 0.948475
0.692308 , 0.205128 , 0.848779
0.692308 , 0.230769 , 0.733958
0.692308 , 0.256410 , 0.604941
0.692308 , 0.282051 , 0.462433
0.692308 , 0.307692 , 0.307109
0.692308 , 0.333333 , 0.137881
0.692308 , 0.358974 , -0.042923
0.692308 , 0.384615 , -0.232748
0.692308 , 0.410256 , -0.429818
0.692308 , 0.435897 , -0.635543
0.692308 , 0.461538 , -0.846269
0.692308 , 0.487179 , -1.059234
0.692308 , 0.512821 , -1.272525
0.692308 , 0.538462 , -1.483905
0.692308 , 0.564103 , -1.691736
0.692308 , 0.589744 , -1.892776
0.692308 , 0.615385 , -2.086352
0.692308 , 0.641026 , -2.271877
0.692308 , 0.666667 , -2.447404
0.692308 , 0.692308 , -2.610997
0.692308 , 0.717949 , -2.763305
0.692308 , 0.743590 , -2.902014
0.692308 , 0.769231 , -3.026904
0.692308 , 0.794872 , -3.137497
0.692308 , 0.820513 , -3.233315
0.692308 , 0.846154 , -3.317194
0.692308 , 0.871795 , -3.386727
0.692308 , 0.897436 , -3.442305
0.692308 , 0.923077 , -3.487447
0.692308 , 0.948718 , -3.519064
0.692308 , 0.974359 , -3.538078
0.692308 , 1.000000 , -3.544552
0.717949 , 0.000000 , 1.506697
0.717949 , 0.025641 , 1.499572
0.717949 , 0.051282 , 1.479685
0.717949 , 0.076923 , 1.447147
0.717949 , 0.102564 , 1.399917
0.717949 , 0.128205 , 1.339257
0.717949 , 0.153846 , 1.263492
0.717949 , 0.179487 , 1.173951
0.717949 , 0.205128 , 1.069336
0.717949 , 0.230769 , 0.947926
0.717949 , 0.256410 , 0.810732
0.717949 , 0.282051 , 0.657905
0.717949 , 0.307692 , 0.489955
0.717949 , 0.333333 , 0.307100
0.717949 , 0.358974 , 0.110951
0.717949 , 0.384615 , -0.096282
0.717949 , 0.410256 , -0.313266
0.717949 , 0.435897 , -0.539275
0.717949 , 0.461538 , -0.770917
0.717949 , 0.487179 , -1.005124
0.717949 , 0.512821 , -1.240122
0.717949 , 0.538462 , -1.472760
0.717949 , 0.564103 , -1.701198
0.717949 , 0.589744 , -1.922384
0.717949 , 0.615385 , -2.133926
0.717949 , 0.641026 , -2.335604
0.717949 , 0.666667 , -2.526946
0.717949 , 0.692308 , -2.704026
0.717949 , 0.717949 , -2.866872
0.717949 , 0.743590 , -3.013456
0.717949 , 0.769231 , -3.145672
0.717949 , 0.794872 , -3.262930
0.717949 , 0.820513 , -3.363415
0.717949 , 0.846154 , -3.449680
0.717949 , 0.871795 , -3.520200
0.717949 , 0.897436 , -3.577391
0.717949 , 0.923077 , -3.621968
0.717949 , 0.948718 , -3.653567
0.717949 , 0.974359 , -3.672653
0.717949 , 1.000000 , -3.679106
0.743590 , 0.000000 , 1.749862
0.743590 , 0.025641 , 1.743293
0.743590 , 0.051282 , 1.723634
0.743590 , 0.076923 , 1.691052
0.743590 , 0.102564 , 1.644687
0.743590 , 0.128205 , 1.583284
0.743590 , 0.153846 , 1.506429
0.743590 , 0.179487 , 1.413676
0.743590 , 0.205128 , 1.303260
0.743590 , 0.230769 , 1.176312
0.743590 , 0.256410 , 1.031009
0.743590 , 0.282051 , 0.868575
0.743590 , 0.307692 , 0.687777
0.743590 , 0.333333 , 0.488813
0.743590 , 0.358974 , 0.275334
0.743590 , 0.384615 , 0.048751
0.743590 , 0.410256 , -0.189818
0.743590 , 0.435897 , -0.438955
0.743590 , 0.461538 , -0.694413
0.743590 , 0.487179 , -0.952878
0.743590 , 0.512821 , -1.212160
0.743590 , 0.538462 , -1.469269
0.743590 , 0.564103 , -1.720379
0.743590 , 0.589744 , -1.964006
0.743590 , 0.615385 , -2.197359
0.743590 , 0.641026 , -2.417894
0.743590 , 0.666667 , -2.625425
0.743590 , 0.692308 , -2.816841
0.743590 , 0.717949 , -2.991849
0.743590 , 0.743590 , -3.148480
0.743590 , 0.769231 , -3.287352
0.743590 , 0.794872 , -3.409173
0.743590 , 0.820513 , -3.514103
0.743590 , 0.846154 , -3.601858
0.743590 , 0.871795 , -3.673372
0.743590 , 0.897436 , -3.730938
0.743590 , 0.923077 , -3.774602
0.743590 , 0.948718 , -3.805476
0.743590 , 0.974359 , -3.824039
0.743590 , 1.000000 , -3.829963
0.769231 , 0.000000 , 2.001818
0.769231 , 0.025641 , 1.995900
0.769231 , 0.051282 , 1.977349
0.769231 , 0.076923 , 1.946026
0.769231 , 0.102564 , 1.900641
0.769231 , 0.128205 , 1.840290
0.769231 , 0.153846 , 1.763192
0.769231 , 0.179487 , 1.668717
0.769231 , 0.205128 , 1.554306
0.769231 , 0.230769 , 1.421695
0.769231 , 0.256410 , 1.268379
0.769231 , 0.282051 , 1.094297
0.769231 , 0.307692 , 0.899612
0.769231 , 0.333333 , 0.683746
0.769231 , 0.358974 , 0.451496
0.769231 , 0.384615 , 0.203036
0.769231 , 0.410256 , -0.059694
0.769231 , 0.435897 , -0.333851
0.769231 , 0.461538 , -0.616051
0.769231 , 0.487179 , -0.901979
0.769231 , 0.512821 , -1.189032
0.769231 , 0.538462 , -1.473614
0.769231 , 0.564103 , -1.751899
0.769231 , 0.589744 , -2.020120
0.769231 , 0.615385 , -2.276565
0.769231 , 0.641026 , -2.517935
0.769231 , 0.666667 , -2.744040
0.769231 , 0.692308 , -2.952026
0.769231 , 0.717949 , -3.139849
0.769231 , 0.743590 , -3.308123
0.769231 , 0.769231 , -3.455131
0.769231 , 0.794872 , -3.581593
0.769231 , 0.820513 , -3.689530
0.769231 , 0.846154 , -3.778198
0.769231 , 0.871795 , -3.848833
0.769231 , 0.897436 , -3.904834
0.769231 , 0.923077 , -3.946493
0.769231 , 0.948718 , -3.975651
0.769231 , 0.974359 , -3.992923
0.769231 , 1.000000 , -3.999079
0.794872 , 0.000000 , 2.261996
0.794872 , 0.025641 , 2.256885
0.794872 , 0.051282 , 2.240010
0.794872 , 0.076923 , 2.211404
0.794872 , 0.102564 , 2.168889
0.794872 , 0.128205 , 2.110630
0.794872 , 0.153846 , 2.034716
0.794872 , 0.179487 , 1.940695
0.794872 , 0.205128 , 1.823864
0.794872 , 0.230769 , 1.684902
0.794872 , 0.256410 , 1.523684
0.794872 , 0.282051 , 1.337678
0.794872 , 0.307692 , 1.127835
0.794872 , 0.333333 , 0.894178
0.794872 , 0.358974 , 0.641007
0.794872 , 0.384615 , 0.368622
0.794872 , 0.410256 , 0.079178
0.794872 , 0.435897 , -0.222983
0.794872 , 0.461538 , -0.535242
0.794872 , 0.487179 , -0.852537
0.794872 , 0.512821 , -1.171169
0.794872 , 0.538462 , -1.486835
0.794872 , 0.564103 , -1.795274
0.794872 , 0.589744 , -2.091998
0.794872 , 0.615385 , -2.374258
0.794872 , 0.641026 , -2.640085
0.794872 , 0.666667 , -2.886824
0.794872 , 0.692308 , -3.112194
0.794872 , 0.717949 , -3.314364
0.794872 , 0.743590 , -3.493699
0.794872 , 0.769231 , -3.648619
0.794872 , 0.794872 , -3.779761
0.794872 , 0.820513 , -3.889755
0.794872 , 0.846154 , -3.978477
0.794872 , 0.871795 , -4.047923
0.794872 , 0.897436 , -4.100395
0.794872 , 0.923077 , -4.139039
0.794872 , 0.948718 , -4.164542
0.794872 , 0.974359 , -4.179360
0.794872 , 1.000000 , -4.184971
0.820513 , 0.000000 , 2.529532
0.820513 , 0.025641 , 2.525141
0.820513 , 0.051282 , 2.511388
0.820513 , 0.076923 , 2.486976
0.820513 , 0.102564 , 2.449575
0.820513 , 0.128205 , 2.396067
0.820513 , 0.153846 , 2.323830
0.820513 , 0.179487 , 2.231200
0.820513 , 0.205128 , 2.114383
0.820513 , 0.230769 , 1.970602
0.820513 , 0.256410 , 1.801027
0.820513 , 0.282051 , 1.602994
0.820513 , 0.307692 , 1.377284
0.820513 , 0.333333 , 1.125235
0.820513 , 0.358974 , 0.848307
0.820513 , 0.384615 , 0.548875
0.820513 , 0.410256 , 0.229447
0.820513 , 0.435897 , -0.105177
0.820513 , 0.461538 , -0.451949
0.820513 , 0.487179 , -0.805347
0.820513 , 0.512821 , -1.160013
0.820513 , 0.538462 , -1.510088
0.820513 , 0.564103 , -1.852169
0.820513 , 0.589744 , -2.181237
0.820513 , 0.615385 , -2.493594
0.820513 , 0.641026 , -2.786548
0.820513 , 0.666667 , -3.056686
0.820513 , 0.692308 , -3.301335
0.820513 , 0.717949 , -3.518674
0.820513 , 0.743590 , -3.709270
0.820513 , 0.769231 , -3.872007
0.820513 , 0.794872 , -4.007244
0.820513 , 0.820513 , -4.117658
0.820513 , 0.846154 , -4.204233
0.820513 , 0.871795 , -4.270313
0.820513 , 0.897436 , -4.317492
0.820513 , 0.923077 , -4.350819
0.820513 , 0.948718 , -4.371995
0.820513 , 0.974359 , -4.382883
0.820513 , 1.000000 , -4.386241
0.846154 , 0.000000 , 2.800780
0.846154 , 0.025641 , 2.798646
0.846154 , 0.051282 , 2.790291
0.846154 , 0.076923 , 2.772896
0.846154 , 0.102564 , 2.743299
0.846154 , 0.128205 , 2.698709
0.846154 , 0.153846 , 2.633324
0.846154 , 0.179487 , 2.543863
0.846154 , 0.205128 , 2.427949
0.846154 , 0.230769 , 2.281886
0.846154 , 0.256410 , 2.104993
0.846154 , 0.282051 , 1.894780
0.846154 , 0.307692 , 1.651329
0.846154 , 0.333333 , 1.377133
0.846154 , 0.358974 , 1.075188
0.846154 , 0.384615 , 0.746479
0.846154 , 0.410256 , 0.393836
0.846154 , 0.435897 , 0.021192
0.846154 , 0.461538 , -0.365501
0.846154 , 0.487179 , -0.759229
0.846154 , 0.512821 , -1.154349
0.846154 , 0.538462 , -1.544778
0.846154 , 0.564103 , -1.924951
0.846154 , 0.589744 , -2.290705
0.846154 , 0.615385 , -2.637123
0.846154 , 0.641026 , -2.959787
0.846154 , 0.666667 , -3.255538
0.846154 , 0.692308 , -3.522283
0.846154 , 0.717949 , -3.756939
0.846154 , 0.743590 , -3.958482
0.846154 , 0.769231 , -4.128169
0.846154 , 0.794872 , -4.267097
0.846154 , 0.820513 , -4.376388
0.846154 , 0.846154 , -4.458550
0.846154 , 0.871795 , -4.517378
0.846154 , 0.897436 , -4.556641
0.846154 , 0.923077 , -4.580903
0.846154 , 0.948718 , -4.594664
0.846154 , 0.974359 , -4.600407
0.846154 , 1.000000 , -4.601933
0.871795 , 0.000000 , 3.074092
0.871795 , 0.025641 , 3.074934
0.871795 , 0.051282 , 3.073662
0.871795 , 0.076923 , 3.067500
0.871795 , 0.102564 , 3.050935
0.871795 , 0.128205 , 3.019024
0.871795 , 0.153846 , 2.965050
0.871795 , 0.179487 , 2.883238
0.871795 , 0.205128 , 2.770905
0.871795 , 0.230769 , 2.622780
0.871795 , 0.256410 , 2.438123
0.871795 , 0.282051 , 2.215805
0.871795 , 0.307692 , 1.954939
0.871795 , 0.333333 , 1.657323
0.871795 , 0.358974 , 1.325849
0.871795 , 0.384615 , 0.962399
0.871795 , 0.410256 , 0.571914
0.871795 , 0.435897 , 0.157786
0.871795 , 0.461538 , -0.273393
0.871795 , 0.487179 , -0.713090
0.871795 , 0.512821 , -1.154226
0.871795 , 0.538462 , -1.590727
0.871795 , 0.564103 , -2.015646
0.871795 , 0.589744 , -2.422567
0.871795 , 0.615385 , -2.807095
0.871795 , 0.641026 , -3.164659
0.871795 , 0.666667 , -3.490236
0.871795 , 0.692308 , -3.780851
0.871795 , 0.717949 , -4.033630
0.871795 , 0.743590 , -4.246528
0.871795 , 0.769231 , -4.422815
0.871795 , 0.794872 , -4.563074
0.871795 , 0.820513 , -4.668446
0.871795 , 0.846154 , -4.743001
0.871795 , 0.871795 , -4.790241
0.871795 , 0.897436 , -4.816820
0.871795 , 0.923077 , -4.828758
0.871795 , 0.948718 , -4.831822
0.871795 , 0.974359 , -4.829867
0.871795 , 1.000000 , -4.829003
0.897436 , 0.000000 , 3.344692
0.897436 , 0.025641 , 3.349102
0.897436 , 0.051282 , 3.358721
0.897436 , 0.076923 , 3.368615
0.897436 , 0.102564 , 3.370103
0.897436 , 0.128205 , 3.356745
0.897436 , 0.153846 , 3.319407
0.897436 , 0.179487 , 3.250696
0.897436 , 0.205128 , 3.145382
0.897436 , 0.230769 , 2.998660
0.897436 , 0.256410 , 2.808597
0.897436 , 0.282051 , 2.573257
0.897436 , 0.307692 , 2.293391
0.897436 , 0.333333 , 1.969826
0.897436 , 0.358974 , 1.605278
0.897436 , 0.384615 , 1.202551
0.897436 , 0.410256 , 0.767354
0.897436 , 0.435897 , 0.305648
0.897436 , 0.461538 , -0.175786
0.897436 , 0.487179 , -0.667454
0.897436 , 0.512821 , -1.161478
0.897436 , 0.538462 , -1.650450
0.897436 , 0.564103 , -2.126063
0.897436 , 0.589744 , -2.581304
0.897436 , 0.615385 , -3.010141
0.897436 , 0.641026 , -3.406328
0.897436 , 0.666667 , -3.765630
0.897436 , 0.692308 , -4.082462
0.897436 , 0.717949 , -4.355152
0.897436 , 0.743590 , -4.580788
0.897436 , 0.769231 , -4.761206
0.897436 , 0.794872 , -4.899461
0.897436 , 0.820513 , -4.997866
0.897436 , 0.846154 , -5.059146
0.897436 , 0.871795 , -5.089366
0.897436 , 0.897436 , -5.097422
0.897436 , 0.923077 , -5.091129
0.897436 , 0.948718 , -5.078562
0.897436 , 0.974359 , -5.066514
0.897436 , 1.000000 , -5.061888
0.923077 , 0.000000 , 3.603819
0.923077 , 0.025641 , 3.614001
0.923077 , 0.051282 , 3.640302
0.923077 , 0.076923 , 3.673388
0.923077 , 0.102564 , 3.701854
0.923077 , 0.128205 , 3.714236
0.923077 , 0.153846 , 3.700194
0.923077 , 0.179487 , 3.650300
0.923077 , 0.205128 , 3.556670
0.923077 , 0.230769 , 3.414632
0.923077 , 0.256410 , 3.222047
0.923077 , 0.282051 , 2.974738
0.923077 , 0.307692 , 2.673496
0.923077 , 0.333333 , 2.320690
0.923077 , 0.358974 , 1.918452
0.923077 , 0.384615 , 1.471876
0.923077 , 0.410256 , 0.986588
0.923077 , 0.435897 , 0.469713
0.923077 , 0.461538 , -0.069362
0.923077 , 0.487179 , -0.621134
0.923077 , 0.512821 , -1.176511
0.923077 , 0.538462 , -1.726019
0.923077 , 0.564103 , -2.260475
0.923077 , 0.589744 , -2.771439
0.923077 , 0.615385 , -3.250843
0.923077 , 0.641026 , -3.690764
0.923077 , 0.666667 , -4.086921
0.923077 , 0.692308 , -4.433586
0.923077 , 0.717949 , -4.726463
0.923077 , 0.743590 , -4.965609
0.923077 , 0.769231 , -5.150414
0.923077 , 0.794872 , -5.282908
0.923077 , 0.820513 , -5.367787
0.923077 , 0.846154 , -5.410808
0.923077 , 0.871795 , -5.417257
0.923077 , 0.897436 , -5.398732
0.923077 , 0.923077 , -5.366170
0.923077 , 0.948718 , -5.330046
0.923077 , 0.974359 , -5.301588
0.923077 , 1.000000 , -5.290732
0.948718 , 0.000000 , 3.838991
0.948718 , 0.025641 , 3.859057
0.948718 , 0.051282 , 3.910889
0.948718 , 0.076923 , 3.979047
0.948718 , 0.102564 , 4.045537
0.948718 , 0.128205 , 4.094883
0.948718 , 0.153846 , 4.112969
0.948718 , 0.179487 , 4.089302
0.948718 , 0.205128 , 4.013810
0.948718 , 0.230769 , 3.880437
0.948718 , 0.256410 , 3.685840
0.948718 , 0.282051 , 3.427216
0.948718 , 0.307692 , 3.103507
0.948718 , 0.333333 , 2.717756
0.948718 , 0.358974 , 2.273082
0.948718 , 0.384615 , 1.776100
0.948718 , 0.410256 , 1.233425
0.948718 , 0.435897 , 0.653717
0.948718 , 0.461538 , 0.047635
0.948718 , 0.487179 , -0.574074
0.948718 , 0.512821 , -1.200660
0.948718 , 0.538462 , -1.820507
0.948718 , 0.564103 , -2.422932
0.948718 , 0.589744 , -2.997434
0.948718 , 0.615385 , -3.534845
0.948718 , 0.641026 , -4.025457
0.948718 , 0.666667 , -4.462767
0.948718 , 0.692308 , -4.841744
0.948718 , 0.717949 , -5.157498
0.948718 , 0.743590 , -5.409272
0.948718 , 0.769231 , -5.596151
0.948718 , 0.794872 , -5.720226
0.948718 , 0.820513 , -5.786969
0.948718 , 0.846154 , -5.802752
0.948718 , 0.871795 , -5.777137
0.948718 , 0.897436 , -5.721580
0.948718 , 0.923077 , -5.650400
0.948718 , 0.948718 , -5.579410
0.948718 , 0.974359 , -5.525202
0.948718 , 1.000000 , -5.504835
0.974359 , 0.000000 , 4.030451
0.974359 , 0.025641 , 4.068463
0.974359 , 0.051282 , 4.162182
0.974359 , 0.076923 , 4.281763
0.974359 , 0.102564 , 4.402890
0.974359 , 0.128205 , 4.503212
0.974359 , 0.153846 , 4.564966
0.974359 , 0.179487 , 4.576044
0.974359 , 0.205128 , 4.525461
0.974359 , 0.230769 , 4.405169
0.974359 , 0.256410 , 4.211387
0.974359 , 0.282051 , 3.940543
0.974359 , 0.307692 , 3.592473
0.974359 , 0.333333 , 3.169900
0.974359 , 0.358974 , 2.677322
0.974359 , 0.384615 , 2.121839
0.974359 , 0.410256 , 1.513441
0.974359 , 0.435897 , 0.861149
0.974359 , 0.461538 , 0.177029
0.974359 , 0.487179 , -0.526374
0.974359 , 0.512821 , -1.235541
0.974359 , 0.538462 , -1.937351
0.974359 , 0.564103 , -2.617806
0.974359 , 0.589744 , -3.265589
0.974359 , 0.615385 , -3.869192
0.974359 , 0.641026 , -4.417379
0.974359 , 0.666667 , -4.902057
0.974359 , 0.692308 , -5.317241
0.974359 , 0.717949 , -5.658199
0.974359 , 0.743590 , -5.922528
0.974359 , 0.769231 , -6.109079
0.974359 , 0.794872 , -6.220255
0.974359 , 0.820513 , -6.262259
0.974359 , 0.846154 , -6.242740
0.974359 , 0.871795 , -6.172654
0.974359 , 0.897436 , -6.066462
0.974359 , 0.923077 , -5.941208
0.974359 , 0.948718 , -5.817384
0.974359 , 0.974359 , -5.721310
0.974359 , 1.000000 , -5.682545
1.000000 , 0.000000 , 4.142441
1.000000 , 0.025641 , 4.218258
1.000000 , 0.051282 , 4.383938
1.000000 , 0.076923 , 4.581234
1.000000 , 0.102564 , 4.776659
1.000000 , 0.128205 , 4.945287
1.000000 , 0.153846 , 5.064931
1.000000 , 0.179487 , 5.121330
1.000000 , 0.205128 , 5.103196
1.000000 , 0.230769 , 5.000654
1.000000 , 0.256410 , 4.809748
1.000000 , 0.282051 , 4.526704
1.000000 , 0.307692 , 4.151264
1.000000 , 0.333333 , 3.687404
1.000000 , 0.358974 , 3.140397
1.000000 , 0.384615 , 2.518614
1.000000 , 0.410256 , 1.833388
1.000000 , 0.435897 , 1.096539
1.000000 , 0.461538 , 0.321990
1.000000 , 0.487179 , -0.475962
1.000000 , 0.512821 , -1.281458
1.000000 , 0.538462 , -2.077416
1.000000 , 0.564103 , -2.848847
1.000000 , 0.589744 , -3.581380
1.000000 , 0.615385 , -4.261444
1.000000 , 0.641026 , -4.876240
1.000000 , 0.666667 , -5.415965
1.000000 , 0.692308 , -5.872032
1.000000 , 0.717949 , -6.239896
1.000000 , 0.743590 , -6.516517
1.000000 , 0.769231 , -6.700673
1.000000 , 0.794872 , -6.793902
1.000000 , 0.820513 , -6.803346
1.000000 , 0.846154 , -6.738377
1.000000 , 0.871795 , -6.610693
1.000000 , 0.897436 , -6.436770
1.000000 , 0.923077 , -6.236340
1.000000 , 0.948718 , -6.034711
1.000000 , 0.974359 , -5.866355
1.000000 , 1.000000 , -5.788861
