0.000000 , 0.000000 , -2.915874
0.000000 , 0.025641 , -2.915874
0.000000 , 0.051282 , -2.915874
0.000000 , 0.076923 , -2.915874
0.000000 , 0.102564 , -2.915874
0.000000 , 0.128205 , -2.915874
0.000000 , 0.153846 , -2.915874
0.000000 , 0.179487 , -2.915874
0.000000 , 0.205128 , -2.915874
0.000000 , 0.230769 , -2.915874
0.000000 , 0.256410 , -2.915874
0.000000 , 0.282051 , -2.915874
0.000000 , 0.307692 , -2.915874
0.000000 , 0.333333 , -2.915874
0.000000 , 0.358974 , -2.915874
0.000000 , 0.384615 , -2.915874
0.000000 , 0.410256 , -2.915874
0.000000 , 0.435897 , -2.915874
0.000000 , 0.461538 , -2.915874
0.000000 , 0.487179 , -2.915874
0.000000 , 0.512821 , -2.915874
0.000000 , 0.538462 , -2.915874
0.000000 , 0.564103 , -2.915874
0.000000 , 0.589744 , -2.915874
0.000000 , 0.615385 , -2.915874
0.000000 , 0.641026 , -2.915874
0.000000 , 0.666667 , -2.915874
0.000000 , 0.692308 , -2.915874
0.000000 , 0.717949 , -2.915874
0.000000 , 0.743590 , -2.915874
0.000000 , 0.769231 , -2.915874
0.000000 , 0.794872 , -2.915874
0.000000 , 0.820513 , -2.915874
0.000000 , 0.846154 , -2.915874
0.000000 , 0.871795 , -2.915874
0.000000 , 0.897436 , -2.915874
0.000000 , 0.923077 , -2.915874
0.000000 , 0.948718 , -2.915874
0.000000 , 0.974359 , -2.915874
0.000000 , 1.000000 , -2.915874
0.025641 , 0.000000 , -2.827468
0.025641 , 0.025641 , -2.826788
0.025641 , 0.051282 , -2.825408
0.025641 , 0.076923 , -2.825164
0.025641 , 0.102564 , -2.825072
0.025641 , 0.128205 , -2.825380
0.025641 , 0.153846 , -2.827020
0.025641 , 0.179487 , -2.829347
0.025641 , 0.205128 , -2.832710
0.025641 , 0.230769 , -2.836995
0.025641 , 0.256410 , -2.840880
0.025641 , 0.282051 , -2.844479
0.025641 , 0.307692 , -2.848839
0.025641 , 0.333333 , -2.853301
0.025641 , 0.358974 , -2.858324
0.025641 , 0.384615 , -2.863132
0.025641 , 0.410256 , -2.868667
0.025641 , 0.435897 , -2.874763
0.025641 , 0.461538 , -2.881084
0.025641 , 0.487179 , -2.887284
0.025641 , 0.512821 , -2.893185
0.025641 , 0.538462 , -2.898959
0.025641 , 0.564103 , -2.904524
0.025641 , 0.589744 , -2.909856
0.025641 , 0.615385 , -2.915370
0.025641 , 0.641026 , -2.920388
0.025641 , 0.666667 , -2.925108
0.025641 , 0.692308 , -2.929777
0.025641 , 0.717949 , -2.933458
0.025641 , 0.743590 , -2.937540
0.025641 , 0.769231 , -2.940406
0.025641 , 0.794872 , -2.943221
0.025641 , 0.820513 , -2.946173
0.025641 , 0.846154 , -2.948000
0.025641 , 0.871795 , -2.949772
0.025641 , 0.897436 , -2.950610
0.025641 , 0.923077 , -2.952207
0.025641 , 0.948718 , -2.953580
0.025641 , 0.974359 , -2.954325
0.025641 , 1.000000 , -2.954241
0.051282 , 0.000000 , -2.726684
0.051282 , 0.025641 , -2.726176
0.051282 , 0.051282 , -2.725758
0.051282 , 0.076923 , -2.726159
0.051282 , 0.102564 , -2.726743
0.051282 , 0.128205 , -2.727876
0.051282 , 0.153846 , -2.729986
0.051282 , 0.179487 , -2.734277
0.051282 , 0.205128 , -2.740163
0.051282 , 0.230769 , -2.748301
0.051282 , 0.256410 , -2.757349
0.051282 , 0.282051 , -2.764236
0.051282 , 0.307692 , -2.772134
0.051282 , 0.333333 , -2.781924
0.051282 , 0.358974 , -2.791204
0.051282 , 0.384615 , -2.801076
0.051282 , 0.410256 , -2.811789
0.051282 , 0.435897 , -2.823742
0.051282 , 0.461538 , -2.836509
0.051282 , 0.487179 , -2.849022
0.051282 , 0.512821 , -2.860730
0.051282 , 0.538462 , -2.872177
0.051282 , 0.564103 , -2.883453
0.051282 , 0.589744 , -2.894745
0.051282 , 0.615385 , -2.905287
0.051282 , 0.641026 , -2.914803
0.051282 , 0.666667 , -2.923909
0.051282 , 0.692308 , -2.933057
0.051282 , 0.717949 , -2.941557
0.051282 , 0.743590 , -2.948672
0.051282 , 0.769231 , -2.955074
0.051282 , 0.794872 , -2.960421
0.051282 , 0.820513 , -2.965415
0.051282 , 0.846154 , -2.968947
0.051282 , 0.871795 , -2.972372
0.051282 , 0.897436 , -2.975404
0.051282 , 0.923077 , -2.977287
0.051282 , 0.948718 , -2.979564
0.051282 , 0.974359 , -2.980957
0.051282 , 1.000000 , -2.981959
0.076923 , 0.000000 , -2.617682
0.076923 , 0.025641 , -2.617280
0.076923 , 0.051282 , -2.617308
0.076923 , 0.076923 , -2.618486
0.076923 , 0.102564 , -2.620096
0.076923 , 0.128205 , -2.622938
0.076923 , 0.153846 , -2.626666
0.076923 , 0.179487 , -2.631729
0.076923 , 0.205128 , -2.639584
0.076923 , 0.230769 , -2.650642
0.076923 , 0.256410 , -2.663355
0.076923 , 0.282051 , -2.675281
0.076923 , 0.307692 , -2.687836
0.076923 , 0.333333 , -2.702204
0.076923 , 0.358974 , -2.717016
0.076923 , 0.384615 , -2.731228
0.076923 , 0.410256 , -2.747413
0.076923 , 0.435897 , -2.764851
0.076923 , 0.461538 , -2.782915
0.076923 , 0.487179 , -2.801255
0.076923 , 0.512821 , -2.819033
0.076923 , 0.538462 , -2.836932
0.076923 , 0.564103 , -2.853689
0.076923 , 0.589744 , -2.870687
0.076923 , 0.615385 , -2.886717
0.076923 , 0.641026 , -2.900753
0.076923 , 0.666667 , -2.914511
0.076923 , 0.692308 , -2.928051
0.076923 , 0.717949 , -2.940824
0.076923 , 0.743590 , -2.951206
0.076923 , 0.769231 , -2.960311
0.076923 , 0.794872 , -2.968649
0.076923 , 0.820513 , -2.976075
0.076923 , 0.846154 , -2.981749
0.076923 , 0.871795 , -2.987508
0.076923 , 0.897436 , -2.991858
0.076923 , 0.923077 , -2.994926
0.076923 , 0.948718 , -2.997961
0.076923 , 0.974359 , -2.999039
0.076923 , 1.000000 , -2.999823
0.102564 , 0.000000 , -2.502652
0.102564 , 0.025641 , -2.502333
0.102564 , 0.051282 , -2.502808
0.102564 , 0.076923 , -2.504898
0.102564 , 0.102564 , -2.507635
0.102564 , 0.128205 , -2.511225
0.102564 , 0.153846 , -2.516820
0.102564 , 0.179487 , -2.523679
0.102564 , 0.205128 , -2.532782
0.102564 , 0.230769 , -2.545873
0.102564 , 0.256410 , -2.561926
0.102564 , 0.282051 , -2.578138
0.102564 , 0.307692 , -2.596260
0.102564 , 0.333333 , -2.615730
0.102564 , 0.358974 , -2.634607
0.102564 , 0.384615 , -2.654953
0.102564 , 0.410256 , -2.675688
0.102564 , 0.435897 , -2.698938
0.102564 , 0.461538 , -2.722116
0.102564 , 0.487179 , -2.745036
0.102564 , 0.512821 , -2.768748
0.102564 , 0.538462 , -2.792559
0.102564 , 0.564103 , -2.815889
0.102564 , 0.589744 , -2.838145
0.102564 , 0.615385 , -2.859413
0.102564 , 0.641026 , -2.878959
0.102564 , 0.666667 , -2.897438
0.102564 , 0.692308 , -2.914774
0.102564 , 0.717949 , -2.930951
0.102564 , 0.743590 , -2.944795
0.102564 , 0.769231 , -2.956768
0.102564 , 0.794872 , -2.968340
0.102564 , 0.820513 , -2.978724
0.102564 , 0.846154 , -2.986663
0.102564 , 0.871795 , -2.994275
0.102564 , 0.897436 , -3.001223
0.102564 , 0.923077 , -3.005554
0.102564 , 0.948718 , -3.008631
0.102564 , 0.974359 , -3.010370
0.102564 , 1.000000 , -3.010899
0.128205 , 0.000000 , -2.383164
0.128205 , 0.025641 , -2.382851
0.128205 , 0.051282 , -2.383774
0.128205 , 0.076923 , -2.386385
0.128205 , 0.102564 , -2.389569
0.128205 , 0.128205 , -2.394008
0.128205 , 0.153846 , -2.400356
0.128205 , 0.179487 , -2.409656
0.128205 , 0.205128 , -2.421532
0.128205 , 0.230769 , -2.436930
0.128205 , 0.256410 , -2.455211
0.128205 , 0.282051 , -2.475605
0.128205 , 0.307692 , -2.497667
0.128205 , 0.333333 , -2.522423
0.128205 , 0.358974 , -2.545890
0.128205 , 0.384615 , -2.570792
0.128205 , 0.410256 , -2.597337
0.128205 , 0.435897 , -2.625379
0.128205 , 0.461538 , -2.654512
0.128205 , 0.487179 , -2.682674
0.128205 , 0.512821 , -2.712101
0.128205 , 0.538462 , -2.742239
0.128205 , 0.564103 , -2.771321
0.128205 , 0.589744 , -2.798514
0.128205 , 0.615385 , -2.824707
0.128205 , 0.641026 , -2.848928
0.128205 , 0.666667 , -2.871951
0.128205 , 0.692308 , -2.893982
0.128205 , 0.717949 , -2.914012
0.128205 , 0.743590 , -2.931612
0.128205 , 0.769231 , -2.946552
0.128205 , 0.794872 , -2.960611
0.128205 , 0.820513 , -2.973493
0.128205 , 0.846154 , -2.984902
0.128205 , 0.871795 , -2.994702
0.128205 , 0.897436 , -3.002770
0.128205 , 0.923077 , -3.008313
0.128205 , 0.948718 , -3.012602
0.128205 , 0.974359 , -3.015011
0.128205 , 1.000000 , -3.015498
0.153846 , 0.000000 , -2.256737
0.153846 , 0.025641 , -2.257638
0.153846 , 0.051282 , -2.259044
0.153846 , 0.076923 , -2.262437
0.153846 , 0.102564 , -2.266404
0.153846 , 0.128205 , -2.271650
0.153846 , 0.153846 , -2.280057
0.153846 , 0.179487 , -2.291448
0.153846 , 0.205128 , -2.306116
0.153846 , 0.230769 , -2.324192
0.153846 , 0.256410 , -2.344835
0.153846 , 0.282051 , -2.368629
0.153846 , 0.307692 , -2.394358
0.153846 , 0.333333 , -2.422971
0.153846 , 0.358974 , -2.451235
0.153846 , 0.384615 , -2.480690
0.153846 , 0.410256 , -2.513236
0.153846 , 0.435897 , -2.545712
0.153846 , 0.461538 , -2.580050
0.153846 , 0.487179 , -2.614498
0.153846 , 0.512821 , -2.649747
0.153846 , 0.538462 , -2.685091
0.153846 , 0.564103 , -2.719876
0.153846 , 0.589744 , -2.752520
0.153846 , 0.615385 , -2.783859
0.153846 , 0.641026 , -2.813611
0.153846 , 0.666667 , -2.841302
0.153846 , 0.692308 , -2.867652
0.153846 , 0.717949 , -2.891134
0.153846 , 0.743590 , -2.911907
0.153846 , 0.769231 , -2.931144
0.153846 , 0.794872 , -2.948907
0.153846 , 0.820513 , -2.963584
0.153846 , 0.846154 , -2.976692
0.153846 , 0.871795 , -2.988891
0.153846 , 0.897436 , -2.998962
0.153846 , 0.923077 , -3.005216
0.153846 , 0.948718 , -3.010574
0.153846 , 0.974359 , -3.013404
0.153846 , 1.000000 , -3.013772
0.179487 , 0.000000 , -2.125851
0.179487 , 0.025641 , -2.126425
0.179487 , 0.051282 , -2.128776
0.179487 , 0.076923 , -2.132962
0.179487 , 0.102564 , -2.138257
0.179487 , 0.128205 , -2.145542
0.179487 , 0.153846 , -2.155806
0.179487 , 0.179487 , -2.169558
0.179487 , 0.205128 , -2.187014
0.179487 , 0.230769 , -2.207408
0.179487 , 0.256410 , -2.230683
0.179487 , 0.282051 , -2.257666
0.179487 , 0.307692 , -2.286859
0.179487 , 0.333333 , -2.319162
0.179487 , 0.358974 , -2.352574
0.179487 , 0.384615 , -2.386264
0.179487 , 0.410256 , -2.423893
0.179487 , 0.435897 , -2.461464
0.179487 , 0.461538 , -2.500298
0.179487 , 0.487179 , -2.541317
0.179487 , 0.512821 , -2.582981
0.179487 , 0.538462 , -2.623205
0.179487 , 0.564103 , -2.662004
0.179487 , 0.589744 , -2.700080
0.179487 , 0.615385 , -2.737009
0.179487 , 0.641026 , -2.772511
0.179487 , 0.666667 , -2.805540
0.179487 , 0.692308 , -2.835360
0.179487 , 0.717949 , -2.862271
0.179487 , 0.743590 , -2.886721
0.179487 , 0.769231 , -2.909504
0.179487 , 0.794872 , -2.930959
0.179487 , 0.820513 , -2.949247
0.179487 , 0.846154 , -2.964838
0.179487 , 0.871795 , -2.977952
0.179487 , 0.897436 , -2.989834
0.179487 , 0.923077 , -2.997639
0.179487 , 0.948718 , -3.003554
0.179487 , 0.974359 , -3.007130
0.179487 , 1.000000 , -3.007894
0.205128 , 0.000000 , -1.991214
0.205128 , 0.025641 , -1.991926
0.205128 , 0.051282 , -1.994734
0.205128 , 0.076923 , -1.999885
0.205128 , 0.102564 , -2.006629
0.205128 , 0.128205 , -2.015804
0.205128 , 0.153846 , -2.028669
0.205128 , 0.179487 , -2.043978
0.205128 , 0.205128 , -2.064013
0.205128 , 0.230769 , -2.087042
0.205128 , 0.256410 , -2.112846
0.205128 , 0.282051 , -2.143542
0.205128 , 0.307692 , -2.176119
0.205128 , 0.333333 , -2.212150
0.205128 , 0.358974 , -2.250082
0.205128 , 0.384615 , -2.288876
0.205128 , 0.410256 , -2.330757
0.205128 , 0.435897 , -2.373215
0.205128 , 0.461538 , -2.417617
0.205128 , 0.487179 , -2.463817
0.205128 , 0.512821 , -2.510964
0.205128 , 0.538462 , -2.556813
0.205128 , 0.564103 , -2.600038
0.205128 , 0.589744 , -2.642927
0.205128 , 0.615385 , -2.685135
0.205128 , 0.641026 , -2.725752
0.205128 , 0.666667 , -2.764073
0.205128 , 0.692308 , -2.798765
0.205128 , 0.717949 , -2.830067
0.205128 , 0.743590 , -2.858366
0.205128 , 0.769231 , -2.883949
0.205128 , 0.794872 , -2.908163
0.205128 , 0.820513 , -2.929802
0.205128 , 0.846154 , -2.949259
0.205128 , 0.871795 , -2.965329
0.205128 , 0.897436 , -2.977808
0.205128 , 0.923077 , -2.987065
0.205128 , 0.948718 , -2.993560
0.205128 , 0.974359 , -2.997537
0.205128 , 1.000000 , -2.998041
0.230769 , 0.000000 , -1.853087
0.230769 , 0.025641 , -1.854440
0.230769 , 0.051282 , -1.858024
0.230769 , 0.076923 , -1.863680
0.230769 , 0.102564 , -1.871561
0.230769 , 0.128205 , -1.882342
0.230769 , 0.153846 , -1.897375
0.230769 , 0.179487 , -1.915471
0.230769 , 0.205128 , -1.938467
0.230769 , 0.230769 , -1.964557
0.230769 , 0.256410 , -1.993505
0.230769 , 0.282051 , -2.026901
0.230769 , 0.307692 , -2.063318
0.230769 , 0.333333 , -2.103203
0.230769 , 0.358974 , -2.145073
0.230769 , 0.384615 , -2.188652
0.230769 , 0.410256 , -2.235136
0.230769 , 0.435897 , -2.282861
0.230769 , 0.461538 , -2.332425
0.230769 , 0.487179 , -2.383319
0.230769 , 0.512821 , -2.434806
0.230769 , 0.538462 , -2.486003
0.230769 , 0.564103 , -2.534568
0.230769 , 0.589744 , -2.582633
0.230769 , 0.615385 , -2.629801
0.230769 , 0.641026 , -2.675529
0.230769 , 0.666667 , -2.718653
0.230769 , 0.692308 , -2.758275
0.230769 , 0.717949 , -2.794581
0.230769 , 0.743590 , -2.827099
0.230769 , 0.769231 , -2.856314
0.230769 , 0.794872 , -2.883559
0.230769 , 0.820513 , -2.908168
0.230769 , 0.846154 , -2.930813
0.230769 , 0.871795 , -2.949354
0.230769 , 0.897436 , -2.963134
0.230769 , 0.923077 , -2.973097
0.230769 , 0.948718 , -2.980840
0.230769 , 0.974359 , -2.985111
0.230769 , 1.000000 , -2.985747
0.256410 , 0.000000 , -1.711960
0.256410 , 0.025641 , -1.713805
0.256410 , 0.051282 , -1.717655
0.256410 , 0.076923 , -1.724791
0.256410 , 0.102564 , -1.733634
0.256410 , 0.128205 , -1.746065
0.256410 , 0.153846 , -1.763062
0.256410 , 0.179487 , -1.784120
0.256410 , 0.205128 , -1.810042
0.256410 , 0.230769 , -1.839486
0.256410 , 0.256410 , -1.872453
0.256410 , 0.282051 , -1.909623
0.256410 , 0.307692 , -1.949653
0.256410 , 0.333333 , -1.993054
0.256410 , 0.358974 , -2.038631
0.256410 , 0.384615 , -2.086563
0.256410 , 0.410256 , -2.136963
0.256410 , 0.435897 , -2.189287
0.256410 , 0.461538 , -2.243971
0.256410 , 0.487179 , -2.300232
0.256410 , 0.512821 , -2.356075
0.256410 , 0.538462 , -2.412557
0.256410 , 0.564103 , -2.466949
0.256410 , 0.589744 , -2.520331
0.256410 , 0.615385 , -2.572372
0.256410 , 0.641026 , -2.622976
0.256410 , 0.666667 , -2.670830
0.256410 , 0.692308 , -2.715210
0.256410 , 0.717949 , -2.756151
0.256410 , 0.743590 , -2.793338
0.256410 , 0.769231 , -2.826889
0.256410 , 0.794872 , -2.857151
0.256410 , 0.820513 , -2.885074
0.256410 , 0.846154 , -2.909931
0.256410 , 0.871795 , -2.930146
0.256410 , 0.897436 , -2.945633
0.256410 , 0.923077 , -2.957994
0.256410 , 0.948718 , -2.966188
0.256410 , 0.974359 , -2.970798
0.256410 , 1.000000 , -2.971897
0.282051 , 0.000000 , -1.567664
0.282051 , 0.025641 , -1.570032
0.282051 , 0.051282 , -1.574221
0.282051 , 0.076923 , -1.581995
0.282051 , 0.102564 , -1.593025
0.282051 , 0.128205 , -1.607714
0.282051 , 0.153846 , -1.627320
0.282051 , 0.179487 , -1.651791
0.282051 , 0.205128 , -1.680780
0.282051 , 0.230769 , -1.713319
0.282051 , 0.256410 , -1.749410
0.282051 , 0.282051 , -1.789502
0.282051 , 0.307692 , -1.833698
0.282051 , 0.333333 , -1.881179
0.282051 , 0.358974 , -1.930311
0.282051 , 0.384615 , -1.983037
0.282051 , 0.410256 , -2.037605
0.282051 , 0.435897 , -2.094760
0.282051 , 0.461538 , -2.153860
0.282051 , 0.487179 , -2.214823
0.282051 , 0.512821 , -2.276136
0.282051 , 0.538462 , -2.337589
0.282051 , 0.564103 , -2.398127
0.282051 , 0.589744 , -2.457246
0.282051 , 0.615385 , -2.514004
0.282051 , 0.641026 , -2.568716
0.282051 , 0.666667 , -2.621089
0.282051 , 0.692308 , -2.669803
0.282051 , 0.717949 , -2.716058
0.282051 , 0.743590 , -2.758832
0.282051 , 0.769231 , -2.796276
0.282051 , 0.794872 , -2.829802
0.282051 , 0.820513 , -2.860035
0.282051 , 0.846154 , -2.887403
0.282051 , 0.871795 , -2.909532
0.282051 , 0.897436 , -2.927506
0.282051 , 0.923077 , -2.941488
0.282051 , 0.948718 , -2.950854
0.282051 , 0.974359 , -2.955960
0.282051 , 1.000000 , -2.957875
0.307692 , 0.000000 , -1.420431
0.307692 , 0.025641 , -1.423104
0.307692 , 0.051282 , -1.428222
0.307692 , 0.076923 , -1.436520
0.307692 , 0.102564 , -1.449153
0.307692 , 0.128205 , -1.466432
0.307692 , 0.153846 , -1.488837
0.307692 , 0.179487 , -1.516123
0.307692 , 0.205128 , -1.548132
0.307692 , 0.230769 , -1.584625
0.307692 , 0.256410 , -1.624558
0.307692 , 0.282051 , -1.667797
0.307692 , 0.307692 , -1.715392
0.307692 , 0.333333 , -1.766713
0.307692 , 0.358974 , -1.820465
0.307692 , 0.384615 , -1.877097
0.307692 , 0.410256 , -1.936525
0.307692 , 0.435897 , -1.998829
0.307692 , 0.461538 , -2.063248
0.307692 , 0.487179 , -2.128561
0.307692 , 0.512821 , -2.194957
0.307692 , 0.538462 , -2.261249
0.307692 , 0.564103 , -2.327167
0.307692 , 0.589744 , -2.391668
0.307692 , 0.615385 , -2.454358
0.307692 , 0.641026 , -2.514101
0.307692 , 0.666667 , -2.570626
0.307692 , 0.692308 , -2.624396
0.307692 , 0.717949 , -2.674485
0.307692 , 0.743590 , -2.722070
0.307692 , 0.769231 , -2.764628
0.307692 , 0.794872 , -2.802024
0.307692 , 0.820513 , -2.835655
0.307692 , 0.846154 , -2.865158
0.307692 , 0.871795 , -2.889389
0.307692 , 0.897436 , -2.909747
0.307692 , 0.923077 , -2.925977
0.307692 , 0.948718 , -2.936080
0.307692 , 0.974359 , -2.941893
0.307692 , 1.000000 , -2.943595
0.333333 , 0.000000 , -1.270138
0.333333 , 0.025641 , -1.272717
0.333333 , 0.051282 , -1.278370
0.333333 , 0.076923 , -1.288514
0.333333 , 0.102564 , -1.302955
0.333333 , 0.128205 , -1.322488
0.333333 , 0.153846 , -1.347322
0.333333 , 0.179487 , -1.377858
0.333333 , 0.205128 , -1.413017
0.333333 , 0.230769 , -1.452165
0.333333 , 0.256410 , -1.495537
0.333333 , 0.282051 , -1.542776
0.333333 , 0.307692 , -1.594897
0.333333 , 0.333333 , -1.650225
0.333333 , 0.358974 , -1.709129
0.333333 , 0.384615 , -1.770917
0.333333 , 0.410256 , -1.835811
0.333333 , 0.435897 , -1.903012
0.333333 , 0.461538 , -1.972270
0.333333 , 0.487179 , -2.042643
0.333333 , 0.512821 , -2.113752
0.333333 , 0.538462 , -2.184825
0.333333 , 0.564103 , -2.256198
0.333333 , 0.589744 , -2.325387
0.333333 , 0.615385 , -2.393454
0.333333 , 0.641026 , -2.458682
0.333333 , 0.666667 , -2.520607
0.333333 , 0.692308 , -2.579520
0.333333 , 0.717949 , -2.634444
0.333333 , 0.743590 , -2.685650
0.333333 , 0.769231 , -2.733484
0.333333 , 0.794872 , -2.775616
0.333333 , 0.820513 , -2.812512
0.333333 , 0.846154 , -2.844595
0.333333 , 0.871795 , -2.871507
0.333333 , 0.897436 , -2.893624
0.333333 , 0.923077 , -2.911324
0.333333 , 0.948718 , -2.922768
0.333333 , 0.974359 , -2.929229
0.333333 , 1.000000 , -2.930957
0.358974 , 0.000000 , -1.115876
0.358974 , 0.025641 , -1.119181
0.358974 , 0.051282 , -1.125577
0.358974 , 0.076923 , -1.136899
0.358974 , 0.102564 , -1.153785
0.358974 , 0.128205 , -1.176258
0.358974 , 0.153846 , -1.204730
0.358974 , 0.179487 , -1.237889
0.358974 , 0.205128 , -1.276267
0.358974 , 0.230769 , -1.318638
0.358974 , 0.256410 , -1.365175
0.358974 , 0.282051 , -1.416392
0.358974 , 0.307692 , -1.471975
0.358974 , 0.333333 , -1.532281
0.358974 , 0.358974 , -1.596057
0.358974 , 0.384615 , -1.663637
0.358974 , 0.410256 , -1.734104
0.358974 , 0.435897 , -1.806737
0.358974 , 0.461538 , -1.880779
0.358974 , 0.487179 , -1.956296
0.358974 , 0.512821 , -2.032449
0.358974 , 0.538462 , -2.108722
0.358974 , 0.564103 , -2.184916
0.358974 , 0.589744 , -2.259861
0.358974 , 0.615385 , -2.332901
0.358974 , 0.641026 , -2.403071
0.358974 , 0.666667 , -2.470419
0.358974 , 0.692308 , -2.534381
0.358974 , 0.717949 , -2.593863
0.358974 , 0.743590 , -2.649678
0.358974 , 0.769231 , -2.701857
0.358974 , 0.794872 , -2.748840
0.358974 , 0.820513 , -2.789933
0.358974 , 0.846154 , -2.825479
0.358974 , 0.871795 , -2.855557
0.358974 , 0.897436 , -2.879858
0.358974 , 0.923077 , -2.898867
0.358974 , 0.948718 , -2.912158
0.358974 , 0.974359 , -2.919840
0.358974 , 1.000000 , -2.922099
0.384615 , 0.000000 , -0.957296
0.384615 , 0.025641 , -0.960943
0.384615 , 0.051282 , -0.968993
0.384615 , 0.076923 , -0.981990
0.384615 , 0.102564 , -1.001442
0.384615 , 0.128205 , -1.026696
0.384615 , 0.153846 , -1.058423
0.384615 , 0.179487 , -1.095662
0.384615 , 0.205128 , -1.136391
0.384615 , 0.230769 , -1.182910
0.384615 , 0.256410 , -1.232962
0.384615 , 0.282051 , -1.288701
0.384615 , 0.307692 , -1.348935
0.384615 , 0.333333 , -1.413833
0.384615 , 0.358974 , -1.483162
0.384615 , 0.384615 , -1.556174
0.384615 , 0.410256 , -1.632200
0.384615 , 0.435897 , -1.710264
0.384615 , 0.461538 , -1.789607
0.384615 , 0.487179 , -1.870145
0.384615 , 0.512821 , -1.952335
0.384615 , 0.538462 , -2.034275
0.384615 , 0.564103 , -2.115917
0.384615 , 0.589744 , -2.195725
0.384615 , 0.615385 , -2.273495
0.384615 , 0.641026 , -2.349445
0.384615 , 0.666667 , -2.422384
0.384615 , 0.692308 , -2.492277
0.384615 , 0.717949 , -2.556760
0.384615 , 0.743590 , -2.617316
0.384615 , 0.769231 , -2.673190
0.384615 , 0.794872 , -2.725096
0.384615 , 0.820513 , -2.770408
0.384615 , 0.846154 , -2.809401
0.384615 , 0.871795 , -2.842416
0.384615 , 0.897436 , -2.868783
0.384615 , 0.923077 , -2.889863
0.384615 , 0.948718 , -2.904378
0.384615 , 0.974359 , -2.913079
0.384615 , 1.000000 , -2.916264
0.410256 , 0.000000 , -0.795895
0.410256 , 0.025641 , -0.799638
0.410256 , 0.051282 , -0.808955
0.410256 , 0.076923 , -0.824243
0.410256 , 0.102564 , -0.845449
0.410256 , 0.128205 , -0.873062
0.410256 , 0.153846 , -0.908023
0.410256 , 0.179487 , -0.948531
0.410256 , 0.205128 , -0.994076
0.410256 , 0.230769 , -1.044713
0.410256 , 0.256410 , -1.099833
0.410256 , 0.282051 , -1.159733
0.410256 , 0.307692 , -1.225363
0.410256 , 0.333333 , -1.295465
0.410256 , 0.358974 , -1.370252
0.410256 , 0.384615 , -1.448732
0.410256 , 0.410256 , -1.530128
0.410256 , 0.435897 , -1.613857
0.410256 , 0.461538 , -1.698732
0.410256 , 0.487179 , -1.784989
0.410256 , 0.512821 , -1.873010
0.410256 , 0.538462 , -1.961279
0.410256 , 0.564103 , -2.048807
0.410256 , 0.589744 , -2.134625
0.410256 , 0.615385 , -2.217698
0.410256 , 0.641026 , -2.299255
0.410256 , 0.666667 , -2.378145
0.410256 , 0.692308 , -2.453522
0.410256 , 0.717949 , -2.523295
0.410256 , 0.743590 , -2.589184
0.410256 , 0.769231 , -2.649928
0.410256 , 0.794872 , -2.705445
0.410256 , 0.820513 , -2.754630
0.410256 , 0.846154 , -2.797138
0.410256 , 0.871795 , -2.833321
0.410256 , 0.897436 , -2.862370
0.410256 , 0.923077 , -2.885413
0.410256 , 0.948718 , -2.901335
0.410256 , 0.974359 , -2.910565
0.410256 , 1.000000 , -2.913978
0.435897 , 0.000000 , -0.630249
0.435897 , 0.025641 , -0.634170
0.435897 , 0.051282 , -0.644964
0.435897 , 0.076923 , -0.662225
0.435897 , 0.102564 , -0.685846
0.435897 , 0.128205 , -0.715905
0.435897 , 0.153846 , -0.753787
0.435897 , 0.179487 , -0.798103
0.435897 , 0.205128 , -0.848191
0.435897 , 0.230769 , -0.903479
0.435897 , 0.256410 , -0.963381
0.435897 , 0.282051 , -1.028442
0.435897 , 0.307692 , -1.099768
0.435897 , 0.333333 , -1.175887
0.435897 , 0.358974 , -1.256173
0.435897 , 0.384615 , -1.340780
0.435897 , 0.410256 , -1.428376
0.435897 , 0.435897 , -1.518238
0.435897 , 0.461538 , -1.609395
0.435897 , 0.487179 , -1.701934
0.435897 , 0.512821 , -1.796048
0.435897 , 0.538462 , -1.890669
0.435897 , 0.564103 , -1.984712
0.435897 , 0.589744 , -2.076658
0.435897 , 0.615385 , -2.166275
0.435897 , 0.641026 , -2.253449
0.435897 , 0.666667 , -2.338262
0.435897 , 0.692308 , -2.419425
0.435897 , 0.717949 , -2.494874
0.435897 , 0.743590 , -2.565559
0.435897 , 0.769231 , -2.631545
0.435897 , 0.794872 , -2.691194
0.435897 , 0.820513 , -2.743588
0.435897 , 0.846154 , -2.789419
0.435897 , 0.871795 , -2.828874
0.435897 , 0.897436 , -2.860603
0.435897 , 0.923077 , -2.884856
0.435897 , 0.948718 , -2.902407
0.435897 , 0.974359 , -2.913139
0.435897 , 1.000000 , -2.916712
0.461538 , 0.000000 , -0.460739
0.461538 , 0.025641 , -0.464943
0.461538 , 0.051282 , -0.476933
0.461538 , 0.076923 , -0.495621
0.461538 , 0.102564 , -0.521403
0.461538 , 0.128205 , -0.554374
0.461538 , 0.153846 , -0.595470
0.461538 , 0.179487 , -0.643563
0.461538 , 0.205128 , -0.698984
0.461538 , 0.230769 , -0.759730
0.461538 , 0.256410 , -0.824598
0.461538 , 0.282051 , -0.895010
0.461538 , 0.307692 , -0.971861
0.461538 , 0.333333 , -1.054438
0.461538 , 0.358974 , -1.141466
0.461538 , 0.384615 , -1.232409
0.461538 , 0.410256 , -1.326727
0.461538 , 0.435897 , -1.423160
0.461538 , 0.461538 , -1.521609
0.461538 , 0.487179 , -1.621292
0.461538 , 0.512821 , -1.721966
0.461538 , 0.538462 , -1.823348
0.461538 , 0.564103 , -1.924032
0.461538 , 0.589744 , -2.023001
0.461538 , 0.615385 , -2.118848
0.461538 , 0.641026 , -2.212389
0.461538 , 0.666667 , -2.303558
0.461538 , 0.692308 , -2.390380
0.461538 , 0.717949 , -2.471333
0.461538 , 0.743590 , -2.547729
0.461538 , 0.769231 , -2.618673
0.461538 , 0.794872 , -2.682846
0.461538 , 0.820513 , -2.739463
0.461538 , 0.846154 , -2.789069
0.461538 , 0.871795 , -2.830753
0.461538 , 0.897436 , -2.864984
0.461538 , 0.923077 , -2.890577
0.461538 , 0.948718 , -2.909634
0.461538 , 0.974359 , -2.921785
0.461538 , 1.000000 , -2.925867
0.487179 , 0.000000 , -0.287816
0.487179 , 0.025641 , -0.292016
0.487179 , 0.051282 , -0.304694
0.487179 , 0.076923 , -0.324846
0.487179 , 0.102564 , -0.352740
0.487179 , 0.128205 , -0.388948
0.487179 , 0.153846 , -0.433634
0.487179 , 0.179487 , -0.485810
0.487179 , 0.205128 , -0.545323
0.487179 , 0.230769 , -0.611236
0.487179 , 0.256410 , -0.682272
0.487179 , 0.282051 , -0.759291
0.487179 , 0.307692 , -0.842486
0.487179 , 0.333333 , -0.931843
0.487179 , 0.358974 , -1.025755
0.487179 , 0.384615 , -1.123570
0.487179 , 0.410256 , -1.224909
0.487179 , 0.435897 , -1.329009
0.487179 , 0.461538 , -1.435095
0.487179 , 0.487179 , -1.542748
0.487179 , 0.512821 , -1.650972
0.487179 , 0.538462 , -1.759373
0.487179 , 0.564103 , -1.867434
0.487179 , 0.589744 , -1.973502
0.487179 , 0.615385 , -2.077046
0.487179 , 0.641026 , -2.177154
0.487179 , 0.666667 , -2.274881
0.487179 , 0.692308 , -2.368385
0.487179 , 0.717949 , -2.455364
0.487179 , 0.743590 , -2.536829
0.487179 , 0.769231 , -2.612554
0.487179 , 0.794872 , -2.681329
0.487179 , 0.820513 , -2.742273
0.487179 , 0.846154 , -2.795913
0.487179 , 0.871795 , -2.840821
0.487179 , 0.897436 , -2.877542
0.487179 , 0.923077 , -2.905957
0.487179 , 0.948718 , -2.926091
0.487179 , 0.974359 , -2.938472
0.487179 , 1.000000 , -2.942636
0.512821 , 0.000000 , -0.109990
0.512821 , 0.025641 , -0.114120
0.512821 , 0.051282 , -0.127893
0.512821 , 0.076923 , -0.149772
0.512821 , 0.102564 , -0.179923
0.512821 , 0.128205 , -0.219408
0.512821 , 0.153846 , -0.267225
0.512821 , 0.179487 , -0.323532
0.512821 , 0.205128 , -0.387248
0.512821 , 0.230769 , -0.458614
0.512821 , 0.256410 , -0.536678
0.512821 , 0.282051 , -0.621096
0.512821 , 0.307692 , -0.711195
0.512821 , 0.333333 , -0.807617
0.512821 , 0.358974 , -0.908746
0.512821 , 0.384615 , -1.014000
0.512821 , 0.410256 , -1.123301
0.512821 , 0.435897 , -1.235531
0.512821 , 0.461538 , -1.350156
0.512821 , 0.487179 , -1.465743
0.512821 , 0.512821 , -1.582570
0.512821 , 0.538462 , -1.699460
0.512821 , 0.564103 , -1.815228
0.512821 , 0.589744 , -1.929384
0.512821 , 0.615385 , -2.041033
0.512821 , 0.641026 , -2.149034
0.512821 , 0.666667 , -2.253208
0.512821 , 0.692308 , -2.353171
0.512821 , 0.717949 , -2.446216
0.512821 , 0.743590 , -2.533389
0.512821 , 0.769231 , -2.614477
0.512821 , 0.794872 , -2.688227
0.512821 , 0.820513 , -2.753936
0.512821 , 0.846154 , -2.811792
0.512821 , 0.871795 , -2.860647
0.512821 , 0.897436 , -2.900214
0.512821 , 0.923077 , -2.930362
0.512821 , 0.948718 , -2.951861
0.512821 , 0.974359 , -2.964424
0.512821 , 1.000000 , -2.969040
0.538462 , 0.000000 , 0.074406
0.538462 , 0.025641 , 0.069678
0.538462 , 0.051282 , 0.054785
0.538462 , 0.076923 , 0.031275
0.538462 , 0.102564 , -0.002138
0.538462 , 0.128205 , -0.044772
0.538462 , 0.153846 , -0.095787
0.538462 , 0.179487 , -0.155586
0.538462 , 0.205128 , -0.224417
0.538462 , 0.230769 , -0.301302
0.538462 , 0.256410 , -0.385827
0.538462 , 0.282051 , -0.477848
0.538462 , 0.307692 , -0.575940
0.538462 , 0.333333 , -0.679900
0.538462 , 0.358974 , -0.788974
0.538462 , 0.384615 , -0.902982
0.538462 , 0.410256 , -1.021102
0.538462 , 0.435897 , -1.142779
0.538462 , 0.461538 , -1.266608
0.538462 , 0.487179 , -1.391619
0.538462 , 0.512821 , -1.517271
0.538462 , 0.538462 , -1.643538
0.538462 , 0.564103 , -1.768668
0.538462 , 0.589744 , -1.891404
0.538462 , 0.615385 , -2.011798
0.538462 , 0.641026 , -2.127868
0.538462 , 0.666667 , -2.239413
0.538462 , 0.692308 , -2.345984
0.538462 , 0.717949 , -2.445983
0.538462 , 0.743590 , -2.538794
0.538462 , 0.769231 , -2.625339
0.538462 , 0.794872 , -2.704195
0.538462 , 0.820513 , -2.774953
0.538462 , 0.846154 , -2.837024
0.538462 , 0.871795 , -2.889472
0.538462 , 0.897436 , -2.931683
0.538462 , 0.923077 , -2.963418
0.538462 , 0.948718 , -2.986908
0.538462 , 0.974359 , -3.000904
0.538462 , 1.000000 , -3.005581
0.564103 , 0.000000 , 0.264902
0.564103 , 0.025641 , 0.260388
0.564103 , 0.051282 , 0.244497
0.564103 , 0.076923 , 0.218296
0.564103 , 0.102564 , 0.182608
0.564103 , 0.128205 , 0.136937
0.564103 , 0.153846 , 0.081874
0.564103 , 0.179487 , 0.017589
0.564103 , 0.205128 , -0.055876
0.564103 , 0.230769 , -0.138464
0.564103 , 0.256410 , -0.229697
0.564103 , 0.282051 , -0.328799
0.564103 , 0.307692 , -0.434845
0.564103 , 0.333333 , -0.547938
0.564103 , 0.358974 , -0.666449
0.564103 , 0.384615 , -0.789644
0.564103 , 0.410256 , -0.918033
0.564103 , 0.435897 , -1.049977
0.564103 , 0.461538 , -1.184872
0.564103 , 0.487179 , -1.320020
0.564103 , 0.512821 , -1.456237
0.564103 , 0.538462 , -1.592622
0.564103 , 0.564103 , -1.727950
0.564103 , 0.589744 , -1.860337
0.564103 , 0.615385 , -1.989804
0.564103 , 0.641026 , -2.114695
0.564103 , 0.666667 , -2.234343
0.564103 , 0.692308 , -2.348206
0.564103 , 0.717949 , -2.455252
0.564103 , 0.743590 , -2.554906
0.564103 , 0.769231 , -2.646827
0.564103 , 0.794872 , -2.730856
0.564103 , 0.820513 , -2.806211
0.564103 , 0.846154 , -2.872350
0.564103 , 0.871795 , -2.928608
0.564103 , 0.897436 , -2.973916
0.564103 , 0.923077 , -3.007815
0.564103 , 0.948718 , -3.032449
0.564103 , 0.974359 , -3.048281
0.564103 , 1.000000 , -3.053824
0.589744 , 0.000000 , 0.462640
0.589744 , 0.025641 , 0.457567
0.589744 , 0.051282 , 0.441052
0.589744 , 0.076923 , 0.412624
0.589744 , 0.102564 , 0.373998
0.589744 , 0.128205 , 0.325427
0.589744 , 0.153846 , 0.266677
0.589744 , 0.179487 , 0.197572
0.589744 , 0.205128 , 0.118274
0.589744 , 0.230769 , 0.029592
0.589744 , 0.256410 , -0.067961
0.589744 , 0.282051 , -0.174695
0.589744 , 0.307692 , -0.289404
0.589744 , 0.333333 , -0.411499
0.589744 , 0.358974 , -0.540342
0.589744 , 0.384615 , -0.674598
0.589744 , 0.410256 , -0.814714
0.589744 , 0.435897 , -0.957754
0.589744 , 0.461538 , -1.104455
0.589744 , 0.487179 , -1.251648
0.589744 , 0.512821 , -1.399375
0.589744 , 0.538462 , -1.547385
0.589744 , 0.564103 , -1.693667
0.589744 , 0.589744 , -1.837204
0.589744 , 0.615385 , -1.976812
0.589744 , 0.641026 , -2.111167
0.589744 , 0.666667 , -2.239842
0.589744 , 0.692308 , -2.361876
0.589744 , 0.717949 , -2.476124
0.589744 , 0.743590 , -2.582692
0.589744 , 0.769231 , -2.680598
0.589744 , 0.794872 , -2.769807
0.589744 , 0.820513 , -2.849489
0.589744 , 0.846154 , -2.919283
0.589744 , 0.871795 , -2.979054
0.589744 , 0.897436 , -3.027742
0.589744 , 0.923077 , -3.063741
0.589744 , 0.948718 , -3.090514
0.589744 , 0.974359 , -3.107017
0.589744 , 1.000000 , -3.112892
0.615385 , 0.000000 , 0.667225
0.615385 , 0.025641 , 0.661574
0.615385 , 0.051282 , 0.644008
0.615385 , 0.076923 , 0.614788
0.615385 , 0.102564 , 0.574081
0.615385 , 0.128205 , 0.522394
0.615385 , 0.153846 , 0.459581
0.615385 , 0.179487 , 0.385856
0.615385 , 0.205128 , 0.300222
0.615385 , 0.230769 , 0.204945
0.615385 , 0.256410 , 0.099649
0.615385 , 0.282051 , -0.015250
0.615385 , 0.307692 , -0.138791
0.615385 , 0.333333 , -0.271120
0.615385 , 0.358974 , -0.410575
0.615385 , 0.384615 , -0.557196
0.615385 , 0.410256 , -0.709592
0.615385 , 0.435897 , -0.865316
0.615385 , 0.461538 , -1.024701
0.615385 , 0.487179 , -1.185496
0.615385 , 0.512821 , -1.346556
0.615385 , 0.538462 , -1.507829
0.615385 , 0.564103 , -1.666949
0.615385 , 0.589744 , -1.822532
0.615385 , 0.615385 , -1.973286
0.615385 , 0.641026 , -2.117821
0.615385 , 0.666667 , -2.256390
0.615385 , 0.692308 , -2.387739
0.615385 , 0.717949 , -2.510484
0.615385 , 0.743590 , -2.624488
0.615385 , 0.769231 , -2.728010
0.615385 , 0.794872 , -2.822759
0.615385 , 0.820513 , -2.907210
0.615385 , 0.846154 , -2.980318
0.615385 , 0.871795 , -3.042934
0.615385 , 0.897436 , -3.093635
0.615385 , 0.923077 , -3.132349
0.615385 , 0.948718 , -3.161122
0.615385 , 0.974359 , -3.179011
0.615385 , 1.000000 , -3.184958
0.641026 , 0.000000 , 0.879860
0.641026 , 0.025641 , 0.873656
0.641026 , 0.051282 , 0.854988
0.641026 , 0.076923 , 0.824886
0.641026 , 0.102564 , 0.782481
0.641026 , 0.128205 , 0.727520
0.641026 , 0.153846 , 0.660164
0.641026 , 0.179487 , 0.582010
0.641026 , 0.205128 , 0.491325
0.641026 , 0.230769 , 0.388905
0.641026 , 0.256410 , 0.275657
0.641026 , 0.282051 , 0.151891
0.641026 , 0.307692 , 0.017802
0.641026 , 0.333333 , -0.125043
0.641026 , 0.358974 , -0.276690
0.641026 , 0.384615 , -0.435963
0.641026 , 0.410256 , -0.601874
0.641026 , 0.435897 , -0.772125
0.641026 , 0.461538 , -0.946049
0.641026 , 0.487179 , -1.122004
0.641026 , 0.512821 , -1.298451
0.641026 , 0.538462 , -1.474634
0.641026 , 0.564103 , -1.647849
0.641026 , 0.589744 , -1.816900
0.641026 , 0.615385 , -1.980392
0.641026 , 0.641026 , -2.136898
0.641026 , 0.666667 , -2.286107
0.641026 , 0.692308 , -2.427017
0.641026 , 0.717949 , -2.558758
0.641026 , 0.743590 , -2.680703
0.641026 , 0.769231 , -2.790296
0.641026 , 0.794872 , -2.889696
0.641026 , 0.820513 , -2.979225
0.641026 , 0.846154 , -3.056882
0.641026 , 0.871795 , -3.122272
0.641026 , 0.897436 , -3.175604
0.641026 , 0.923077 , -3.216261
0.641026 , 0.948718 , -3.246176
0.641026 , 0.974359 , -3.264911
0.641026 , 1.000000 , -3.271510
0.666667 , 0.000000 , 1.100625
0.666667 , 0.025641 , 1.093989
0.666667 , 0.051282 , 1.074390
0.666667 , 0.076923 , 1.042691
0.666667 , 0.102564 , 0.998613
0.666667 , 0.128205 , 0.941356
0.666667 , 0.153846 , 0.870190
0.666667 , 0.179487 , 0.787479
0.666667 , 0.205128 , 0.692259
0.666667 , 0.230769 , 0.582599
0.666667 , 0.256410 , 0.461129
0.666667 , 0.282051 , 0.328050
0.666667 , 0.307692 , 0.183422
0.666667 , 0.333333 , 0.028132
0.666667 , 0.358974 , -0.136495
0.666667 , 0.384615 , -0.309780
0.666667 , 0.410256 , -0.489503
0.666667 , 0.435897 , -0.675688
0.666667 , 0.461538 , -0.866759
0.666667 , 0.487179 , -1.060227
0.666667 , 0.512821 , -1.254255
0.666667 , 0.538462 , -1.446853
0.666667 , 0.564103 , -1.636294
0.666667 , 0.589744 , -1.820306
0.666667 , 0.615385 , -1.998485
0.666667 , 0.641026 , -2.169454
0.666667 , 0.666667 , -2.331227
0.666667 , 0.692308 , -2.483191
0.666667 , 0.717949 , -2.623715
0.666667 , 0.743590 , -2.753235
0.666667 , 0.769231 , -2.869198
0.666667 , 0.794872 , -2.973468
0.666667 , 0.820513 , -3.067000
0.666667 , 0.846154 , -3.148657
0.666667 , 0.871795 , -3.217443
0.666667 , 0.897436 , -3.273276
0.666667 , 0.923077 , -3.316684
0.666667 , 0.948718 , -3.347804
0.666667 , 0.974359 , -3.366730
0.666667 , 1.000000 , -3.372915
0.692308 , 0.000000 , 1.329827
0.692308 , 0.025641 , 1.323161
0.692308 , 0.051282 , 1.302731
0.692308 , 0.076923 , 1.269767
0.692308 , 0.102564 , 1.224300
0.692308 , 0.128205 , 1.165063
0.692308 , 0.153846 , 1.091664
0.692308 , 0.179487 , 1.003689
0.692308 , 0.205128 , 0.903101
0.692308 , 0.230769 , 0.787488
0.692308 , 0.256410 , 0.658709
0.692308 , 0.282051 , 0.515156
0.692308 , 0.307692 , 0.358933
0.692308 , 0.333333 , 0.190362
0.692308 , 0.358974 , 0.011065
0.692308 , 0.384615 , -0.177871
0.692308 , 0.410256 , -0.374524
0.692308 , 0.435897 , -0.577918
0.692308 , 0.461538 , -0.787881
0.692308 , 0.487179 , -1.001119
0.692308 , 0.512821 , -1.214192
0.692308 , 0.538462 , -1.425582
0.692308 , 0.564103 , -1.632761
0.692308 , 0.589744 , -1.834363
0.692308 , 0.615385 , -2.029226
0.692308 , 0.641026 , -2.215015
0.692308 , 0.666667 , -2.390217
0.692308 , 0.692308 , -2.553946
0.692308 , 0.717949 , -2.705227
0.692308 , 0.743590 , -2.842622
0.692308 , 0.769231 , -2.966653
0.692308 , 0.794872 , -3.076747
0.692308 , 0.820513 , -3.174491
0.692308 , 0.846154 , -3.258460
0.692308 , 0.871795 , -3.329295
0.692308 , 0.897436 , -3.387781
0.692308 , 0.923077 , -3.433034
0.692308 , 0.948718 , -3.464907
0.692308 , 0.974359 , -3.484000
0.692308 , 1.000000 , -3.490145
0.717949 , 0.000000 , 1.567954
0.717949 , 0.025641 , 1.561061
0.717949 , 0.051282 , 1.540491
0.717949 , 0.076923 , 1.506918
0.717949 , 0.102564 , 1.460564
0.717949 , 0.128205 , 1.400237
0.717949 , 0.153846 , 1.324384
0.717949 , 0.179487 , 1.232928
0.717949 , 0.205128 , 1.126930
0.717949 , 0.230769 , 1.004285
0.717949 , 0.256410 , 0.867374
0.717949 , 0.282051 , 0.715266
0.717949 , 0.307692 , 0.546514
0.717949 , 0.333333 , 0.363428
0.717949 , 0.358974 , 0.168029
0.717949 , 0.384615 , -0.038416
0.717949 , 0.410256 , -0.255069
0.717949 , 0.435897 , -0.479111
0.717949 , 0.461538 , -0.709318
0.717949 , 0.487179 , -0.944325
0.717949 , 0.512821 , -1.178472
0.717949 , 0.538462 , -1.411338
0.717949 , 0.564103 , -1.639511
0.717949 , 0.589744 , -1.860927
0.717949 , 0.615385 , -2.074125
0.717949 , 0.641026 , -2.276718
0.717949 , 0.666667 , -2.466970
0.717949 , 0.692308 , -2.643251
0.717949 , 0.717949 , -2.805459
0.717949 , 0.743590 , -2.952324
0.717949 , 0.769231 , -3.083924
0.717949 , 0.794872 , -3.199574
0.717949 , 0.820513 , -3.300493
0.717949 , 0.846154 , -3.387533
0.717949 , 0.871795 , -3.459975
0.717949 , 0.897436 , -3.520188
0.717949 , 0.923077 , -3.566671
0.717949 , 0.948718 , -3.597989
0.717949 , 0.974359 , -3.616475
0.717949 , 1.000000 , -3.622849
0.743590 , 0.000000 , 1.813742
0.743590 , 0.025641 , 1.806884
0.743590 , 0.051282 , 1.786887
0.743590 , 0.076923 , 1.753243
0.743590 , 0.102564 , 1.707676
0.743590 , 0.128205 , 1.646588
0.743590 , 0.153846 , 1.569633
0.743590 , 0.179487 , 1.474973
0.743590 , 0.205128 , 1.364295
0.743590 , 0.230769 , 1.235633
0.743590 , 0.256410 , 1.089872
0.743590 , 0.282051 , 0.927210
0.743590 , 0.307692 , 0.746587
0.743590 , 0.333333 , 0.547944
0.743590 , 0.358974 , 0.334454
0.743590 , 0.384615 , 0.108573
0.743590 , 0.410256 , -0.130077
0.743590 , 0.435897 , -0.377329
0.743590 , 0.461538 , -0.630974
0.743590 , 0.487179 , -0.889425
0.743590 , 0.512821 , -1.147835
0.743590 , 0.538462 , -1.404341
0.743590 , 0.564103 , -1.656405
0.743590 , 0.589744 , -1.900610
0.743590 , 0.615385 , -2.134852
0.743590 , 0.641026 , -2.356222
0.743590 , 0.666667 , -2.563575
0.743590 , 0.692308 , -2.754498
0.743590 , 0.717949 , -2.927450
0.743590 , 0.743590 , -3.084206
0.743590 , 0.769231 , -3.223841
0.743590 , 0.794872 , -3.344497
0.743590 , 0.820513 , -3.448196
0.743590 , 0.846154 , -3.537549
0.743590 , 0.871795 , -3.611467
0.743590 , 0.897436 , -3.671469
0.743590 , 0.923077 , -3.717006
0.743590 , 0.948718 , -3.747629
0.743590 , 0.974359 , -3.765565
0.743590 , 1.000000 , -3.772149
0.769231 , 0.000000 , 2.067496
0.769231 , 0.025641 , 2.061108
0.769231 , 0.051282 , 2.042514
0.769231 , 0.076923 , 2.010343
0.769231 , 0.102564 , 1.965386
0.769231 , 0.128205 , 1.905476
0.769231 , 0.153846 , 1.828102
0.769231 , 0.179487 , 1.732027
0.769231 , 0.205128 , 1.617884
0.769231 , 0.230769 , 1.483963
0.769231 , 0.256410 , 1.329869
0.769231 , 0.282051 , 1.155187
0.769231 , 0.307692 , 0.960683
0.769231 , 0.333333 , 0.746226
0.769231 , 0.358974 , 0.512773
0.769231 , 0.384615 , 0.264801
0.769231 , 0.410256 , 0.002614
0.769231 , 0.435897 , -0.270716
0.769231 , 0.461538 , -0.551329
0.769231 , 0.487179 , -0.836595
0.769231 , 0.512821 , -1.122990
0.769231 , 0.538462 , -1.406314
0.769231 , 0.564103 , -1.683962
0.769231 , 0.589744 , -1.953503
0.769231 , 0.615385 , -2.211226
0.769231 , 0.641026 , -2.454256
0.769231 , 0.666667 , -2.680810
0.769231 , 0.692308 , -2.887683
0.769231 , 0.717949 , -3.074396
0.769231 , 0.743590 , -3.240747
0.769231 , 0.769231 , -3.387801
0.769231 , 0.794872 , -3.513673
0.769231 , 0.820513 , -3.619785
0.769231 , 0.846154 , -3.710029
0.769231 , 0.871795 , -3.784517
0.769231 , 0.897436 , -3.842936
0.769231 , 0.923077 , -3.886935
0.769231 , 0.948718 , -3.916302
0.769231 , 0.974359 , -3.933323
0.769231 , 1.000000 , -3.939194
0.794872 , 0.000000 , 2.329746
0.794872 , 0.025641 , 2.324116
0.794872 , 0.051282 , 2.307179
0.794872 , 0.076923 , 2.278247
0.794872 , 0.102564 , 2.235861
0.794872 , 0.128205 , 2.178132
0.794872 , 0.153846 , 2.102360
0.794872 , 0.179487 , 2.006872
0.794872 , 0.205128 , 1.890003
0.794872 , 0.230769 , 1.750961
0.794872 , 0.256410 , 1.588421
0.794872 , 0.282051 , 1.401608
0.794872 , 0.307692 , 1.192532
0.794872 , 0.333333 , 0.960930
0.794872 , 0.358974 , 0.706796
0.794872 , 0.384615 , 0.433248
0.794872 , 0.410256 , 0.144295
0.794872 , 0.435897 , -0.158388
0.794872 , 0.461538 , -0.470025
0.794872 , 0.487179 , -0.786340
0.794872 , 0.512821 , -1.104342
0.794872 , 0.538462 , -1.418460
0.794872 , 0.564103 , -1.725508
0.794872 , 0.589744 , -2.022870
0.794872 , 0.615385 , -2.306738
0.794872 , 0.641026 , -2.573523
0.794872 , 0.666667 , -2.820396
0.794872 , 0.692308 , -3.044865
0.794872 , 0.717949 , -3.246068
0.794872 , 0.743590 , -3.424902
0.794872 , 0.769231 , -3.579433
0.794872 , 0.794872 , -3.710548
0.794872 , 0.820513 , -3.818382
0.794872 , 0.846154 , -3.906794
0.794872 , 0.871795 , -3.979639
0.794872 , 0.897436 , -4.035964
0.794872 , 0.923077 , -4.077007
0.794872 , 0.948718 , -4.104028
0.794872 , 0.974359 , -4.119148
0.794872 , 1.000000 , -4.124301
0.820513 , 0.000000 , 2.599134
0.820513 , 0.025641 , 2.594155
0.820513 , 0.051282 , 2.580048
0.820513 , 0.076923 , 2.555542
0.820513 , 0.102564 , 2.517913
0.820513 , 0.128205 , 2.464340
0.820513 , 0.153846 , 2.392194
0.820513 , 0.179487 , 2.299110
0.820513 , 0.205128 , 2.181873
0.820513 , 0.230769 , 2.038797
0.820513 , 0.256410 , 1.867361
0.820513 , 0.282051 , 1.668766
0.820513 , 0.307692 , 1.444437
0.820513 , 0.333333 , 1.194046
0.820513 , 0.358974 , 0.916830
0.820513 , 0.384615 , 0.616181
0.820513 , 0.410256 , 0.295742
0.820513 , 0.435897 , -0.040144
0.820513 , 0.461538 , -0.386264
0.820513 , 0.487179 , -0.738469
0.820513 , 0.512821 , -1.091614
0.820513 , 0.538462 , -1.440753
0.820513 , 0.564103 , -1.781712
0.820513 , 0.589744 , -2.111387
0.820513 , 0.615385 , -2.424625
0.820513 , 0.641026 , -2.717304
0.820513 , 0.666667 , -2.987184
0.820513 , 0.692308 , -3.231959
0.820513 , 0.717949 , -3.448867
0.820513 , 0.743590 , -3.638937
0.820513 , 0.769231 , -3.801195
0.820513 , 0.794872 , -3.936115
0.820513 , 0.820513 , -4.044824
0.820513 , 0.846154 , -4.130747
0.820513 , 0.871795 , -4.198883
0.820513 , 0.897436 , -4.249811
0.820513 , 0.923077 , -4.285797
0.820513 , 0.948718 , -4.308279
0.820513 , 0.974359 , -4.320542
0.820513 , 1.000000 , -4.324843
0.846154 , 0.000000 , 2.872820
0.846154 , 0.025641 , 2.869335
0.846154 , 0.051282 , 2.860280
0.846154 , 0.076923 , 2.842318
0.846154 , 0.102564 , 2.812919
0.846154 , 0.128205 , 2.767062
0.846154 , 0.153846 , 2.701767
0.846154 , 0.179487 , 2.612626
0.846154 , 0.205128 , 2.496590
0.846154 , 0.230769 , 2.351616
0.846154 , 0.256410 , 2.172877
0.846154 , 0.282051 , 1.961351
0.846154 , 0.307692 , 1.719575
0.846154 , 0.333333 , 1.447849
0.846154 , 0.358974 , 1.145302
0.846154 , 0.384615 , 0.814374
0.846154 , 0.410256 , 0.459909
0.846154 , 0.435897 , 0.087048
0.846154 , 0.461538 , -0.298153
0.846154 , 0.487179 , -0.690868
0.846154 , 0.512821 , -1.084831
0.846154 , 0.538462 , -1.473546
0.846154 , 0.564103 , -1.853175
0.846154 , 0.589744 , -2.219464
0.846154 , 0.615385 , -2.566325
0.846154 , 0.641026 , -2.889737
0.846154 , 0.666667 , -3.185599
0.846154 , 0.692308 , -3.451502
0.846154 , 0.717949 , -3.686388
0.846154 , 0.743590 , -3.888269
0.846154 , 0.769231 , -4.057572
0.846154 , 0.794872 , -4.194835
0.846154 , 0.820513 , -4.301590
0.846154 , 0.846154 , -4.382921
0.846154 , 0.871795 , -4.443901
0.846154 , 0.897436 , -4.485653
0.846154 , 0.923077 , -4.513141
0.846154 , 0.948718 , -4.528687
0.846154 , 0.974359 , -4.536173
0.846154 , 1.000000 , -4.538874
0.871795 , 0.000000 , 3.147208
0.871795 , 0.025641 , 3.146548
0.871795 , 0.051282 , 3.144781
0.871795 , 0.076923 , 3.137807
0.871795 , 0.102564 , 3.120790
0.871795 , 0.128205 , 3.087466
0.871795 , 0.153846 , 3.033132
0.871795 , 0.179487 , 2.951918
0.871795 , 0.205128 , 2.839329
0.871795 , 0.230769 , 2.693131
0.871795 , 0.256410 , 2.508753
0.871795 , 0.282051 , 2.284927
0.871795 , 0.307692 , 2.024547
0.871795 , 0.333333 , 1.727626
0.871795 , 0.358974 , 1.395184
0.871795 , 0.384615 , 1.030694
0.871795 , 0.410256 , 0.638717
0.871795 , 0.435897 , 0.224541
0.871795 , 0.461538 , -0.204942
0.871795 , 0.487179 , -0.643697
0.871795 , 0.512821 , -1.084310
0.871795 , 0.538462 , -1.519725
0.871795 , 0.564103 , -1.943956
0.871795 , 0.589744 , -2.351887
0.871795 , 0.615385 , -2.736882
0.871795 , 0.641026 , -3.093526
0.871795 , 0.666667 , -3.419007
0.871795 , 0.692308 , -3.708774
0.871795 , 0.717949 , -3.961374
0.871795 , 0.743590 , -4.175575
0.871795 , 0.769231 , -4.350901
0.871795 , 0.794872 , -4.489032
0.871795 , 0.820513 , -4.592286
0.871795 , 0.846154 , -4.665591
0.871795 , 0.871795 , -4.714887
0.871795 , 0.897436 , -4.743633
0.871795 , 0.923077 , -4.758633
0.871795 , 0.948718 , -4.763708
0.871795 , 0.974359 , -4.764184
0.871795 , 1.000000 , -4.764014
0.897436 , 0.000000 , 3.417330
0.897436 , 0.025641 , 3.421276
0.897436 , 0.051282 , 3.430586
0.897436 , 0.076923 , 3.439680
0.897436 , 0.102564 , 3.441767
0.897436 , 0.128205 , 3.426907
0.897436 , 0.153846 , 3.388473
0.897436 , 0.179487 , 3.320078
0.897436 , 0.205128 , 3.215249
0.897436 , 0.230769 , 3.069967
0.897436 , 0.256410 , 2.880382
0.897436 , 0.282051 , 2.644634
0.897436 , 0.307692 , 2.365020
0.897436 , 0.333333 , 2.040689
0.897436 , 0.358974 , 1.674303
0.897436 , 0.384615 , 1.270357
0.897436 , 0.410256 , 0.835265
0.897436 , 0.435897 , 0.373999
0.897436 , 0.461538 , -0.106214
0.897436 , 0.487179 , -0.597416
0.897436 , 0.512821 , -1.090987
0.897436 , 0.538462 , -1.579744
0.897436 , 0.564103 , -2.056012
0.897436 , 0.589744 , -2.511355
0.897436 , 0.615385 , -2.939273
0.897436 , 0.641026 , -3.334157
0.897436 , 0.666667 , -3.691570
0.897436 , 0.692308 , -4.008457
0.897436 , 0.717949 , -4.281257
0.897436 , 0.743590 , -4.508517
0.897436 , 0.769231 , -4.689123
0.897436 , 0.794872 , -4.826090
0.897436 , 0.820513 , -4.922611
0.897436 , 0.846154 , -4.982834
0.897436 , 0.871795 , -5.014815
0.897436 , 0.897436 , -5.024490
0.897436 , 0.923077 , -5.019679
0.897436 , 0.948718 , -5.008575
0.897436 , 0.974359 , -4.998072
0.897436 , 1.000000 , -4.993617
0.923077 , 0.000000 , 3.676608
0.923077 , 0.025641 , 3.686465
0.923077 , 0.051282 , 3.712323
0.923077 , 0.076923 , 3.745516
0.923077 , 0.102564 , 3.774362
0.923077 , 0.128205 , 3.786361
0.923077 , 0.153846 , 3.770653
0.923077 , 0.179487 , 3.720191
0.923077 , 0.205128 , 3.627358
0.923077 , 0.230769 , 3.486196
0.923077 , 0.256410 , 3.292905
0.923077 , 0.282051 , 3.045705
0.923077 , 0.307692 , 2.745286
0.923077 , 0.333333 , 2.391833
0.923077 , 0.358974 , 1.988264
0.923077 , 0.384615 , 1.540622
0.923077 , 0.410256 , 1.055287
0.923077 , 0.435897 , 0.538999
0.923077 , 0.461538 , 0.000262
0.923077 , 0.487179 , -0.551721
0.923077 , 0.512821 , -1.106893
0.923077 , 0.538462 , -1.655860
0.923077 , 0.564103 , -2.190420
0.923077 , 0.589744 , -2.701008
0.923077 , 0.615385 , -3.179303
0.923077 , 0.641026 , -3.617991
0.923077 , 0.666667 , -4.012463
0.923077 , 0.692308 , -4.358165
0.923077 , 0.717949 , -4.652113
0.923077 , 0.743590 , -4.891458
0.923077 , 0.769231 , -5.076602
0.923077 , 0.794872 , -5.209509
0.923077 , 0.820513 , -5.294045
0.923077 , 0.846154 , -5.335927
0.923077 , 0.871795 , -5.343107
0.923077 , 0.897436 , -5.325730
0.923077 , 0.923077 , -5.293316
0.923077 , 0.948718 , -5.258108
0.923077 , 0.974359 , -5.231154
0.923077 , 1.000000 , -5.220383
0.948718 , 0.000000 , 3.912085
0.948718 , 0.025641 , 3.932011
0.948718 , 0.051282 , 3.983576
0.948718 , 0.076923 , 4.051756
0.948718 , 0.102564 , 4.118973
0.948718 , 0.128205 , 4.167787
0.948718 , 0.153846 , 4.185321
0.948718 , 0.179487 , 4.160548
0.948718 , 0.205128 , 4.084674
0.948718 , 0.230769 , 3.951749
0.948718 , 0.256410 , 3.756474
0.948718 , 0.282051 , 3.497757
0.948718 , 0.307692 , 3.174729
0.948718 , 0.333333 , 2.788221
0.948718 , 0.358974 , 2.342920
0.948718 , 0.384615 , 1.845181
0.948718 , 0.410256 , 1.302494
0.948718 , 0.435897 , 0.723335
0.948718 , 0.461538 , 0.117413
0.948718 , 0.487179 , -0.504343
0.948718 , 0.512821 , -1.130876
0.948718 , 0.538462 , -1.750874
0.948718 , 0.564103 , -2.352536
0.948718 , 0.589744 , -2.926543
0.948718 , 0.615385 , -3.462125
0.948718 , 0.641026 , -3.952001
0.948718 , 0.666667 , -4.389051
0.948718 , 0.692308 , -4.767414
0.948718 , 0.717949 , -5.083638
0.948718 , 0.743590 , -5.334761
0.948718 , 0.769231 , -5.521254
0.948718 , 0.794872 , -5.645681
0.948718 , 0.820513 , -5.712521
0.948718 , 0.846154 , -5.728281
0.948718 , 0.871795 , -5.702689
0.948718 , 0.897436 , -5.647999
0.948718 , 0.923077 , -5.577173
0.948718 , 0.948718 , -5.506534
0.948718 , 0.974359 , -5.453213
0.948718 , 1.000000 , -5.432674
0.974359 , 0.000000 , 4.104078
0.974359 , 0.025641 , 4.141532
0.974359 , 0.051282 , 4.234927
0.974359 , 0.076923 , 4.354977
0.974359 , 0.102564 , 4.476178
0.974359 , 0.128205 , 4.575977
0.974359 , 0.153846 , 4.637767
0.974359 , 0.179487 , 4.647946
0.974359 , 0.205128 , 4.596102
0.974359 , 0.230769 , 4.476087
0.974359 , 0.256410 , 4.282385
0.974359 , 0.282051 , 4.011063
0.974359 , 0.307692 , 3.662746
0.974359 , 0.333333 , 3.239669
0.974359 , 0.358974 , 2.746666
0.974359 , 0.384615 , 2.191615
0.974359 , 0.410256 , 1.582415
0.974359 , 0.435897 , 0.930083
0.974359 , 0.461538 , 0.246307
0.974359 , 0.487179 , -0.456870
0.974359 , 0.512821 , -1.165226
0.974359 , 0.538462 , -1.866212
0.974359 , 0.564103 , -2.546025
0.974359 , 0.589744 , -3.193424
0.974359 , 0.615385 , -3.795710
0.974359 , 0.641026 , -4.343446
0.974359 , 0.666667 , -4.828460
0.974359 , 0.692308 , -5.243582
0.974359 , 0.717949 , -5.584146
0.974359 , 0.743590 , -5.847297
0.974359 , 0.769231 , -6.033413
0.974359 , 0.794872 , -6.145322
0.974359 , 0.820513 , -6.187535
0.974359 , 0.846154 , -6.168394
0.974359 , 0.871795 , -6.098923
0.974359 , 0.897436 , -5.993056
0.974359 , 0.923077 , -5.868216
0.974359 , 0.948718 , -5.744784
0.974359 , 0.974359 , -5.648938
0.974359 , 1.000000 , -5.610158
1.000000 , 0.000000 , 4.216188
1.000000 , 0.025641 , 4.291766
1.000000 , 0.051282 , 4.456317
1.000000 , 0.076923 , 4.654007
1.000000 , 0.102564 , 4.849720
1.000000 , 0.128205 , 5.017800
1.000000 , 0.153846 , 5.137299
1.000000 , 0.179487 , 5.192972
1.000000 , 0.205128 , 5.173360
1.000000 , 0.230769 , 5.070776
1.000000 , 0.256410 , 4.879657
1.000000 , 0.282051 , 4.596205
1.000000 , 0.307692 , 4.221092
1.000000 , 0.333333 , 3.757161
1.000000 , 0.358974 , 3.209704
1.000000 , 0.384615 , 2.588091
1.000000 , 0.410256 , 1.901958
1.000000 , 0.435897 , 1.164278
1.000000 , 0.461538 , 0.389980
1.000000 , 0.487179 , -0.406814
1.000000 , 0.512821 , -1.210759
1.000000 , 0.538462 , -2.005679
1.000000 , 0.564103 , -2.777075
1.000000 , 0.589744 , -3.509083
1.000000 , 0.615385 , -4.188495
1.000000 , 0.641026 , -4.802133
1.000000 , 0.666667 , -5.341677
1.000000 , 0.692308 , -5.798106
1.000000 , 0.717949 , -6.165468
1.000000 , 0.743590 , -6.440922
1.000000 , 0.769231 , -6.624541
1.000000 , 0.794872 , -6.718983
1.000000 , 0.820513 , -6.729182
1.000000 , 0.846154 , -6.664329
1.000000 , 0.871795 , -6.537485
1.000000 , 0.897436 , -6.363714
1.000000 , 0.923077 , -6.163472
1.000000 , 0.948718 , -5.962314
1.000000 , 0.974359 , -5.794006
1.000000 , 1.000000 , -5.717072
