0.000000 , 0.000000 , 3.619308
0.000000 , 0.025641 , 3.619308
0.000000 , 0.051282 , 3.619308
0.000000 , 0.076923 , 3.619308
0.000000 , 0.102564 , 3.619308
0.000000 , 0.128205 , 3.619308
0.000000 , 0.153846 , 3.619308
0.000000 , 0.179487 , 3.619308
0.000000 , 0.205128 , 3.619308
0.000000 , 0.230769 , 3.619308
0.000000 , 0.256410 , 3.619308
0.000000 , 0.282051 , 3.619308
0.000000 , 0.307692 , 3.619308
0.000000 , 0.333333 , 3.619308
0.000000 , 0.358974 , 3.619308
0.000000 , 0.384615 , 3.619308
0.000000 , 0.410256 , 3.619308
0.000000 , 0.435897 , 3.619308
0.000000 , 0.461538 , 3.619308
0.000000 , 0.487179 , 3.619308
0.000000 , 0.512821 , 3.619308
0.000000 , 0.538462 , 3.619308
0.000000 , 0.564103 , 3.619308
0.000000 , 0.589744 , 3.619308
0.000000 , 0.615385 , 3.619308
0.000000 , 0.641026 , 3.619308
0.000000 , 0.666667 , 3.619308
0.000000 , 0.692308 , 3.619308
0.000000 , 0.717949 , 3.619308
0.000000 , 0.743590 , 3.619308
0.000000 , 0.769231 , 3.619308
0.000000 , 0.794872 , 3.619308
0.000000 , 0.820513 , 3.619308
0.000000 , 0.846154 , 3.619308
0.000000 , 0.871795 , 3.619308
0.000000 , 0.897436 , 3.619308
0.000000 , 0.923077 , 3.619308
0.000000 , 0.948718 , 3.619308
0.000000 , 0.974359 , 3.619308
0.000000 , 1.000000 , 3.619308
0.025641 , 0.000000 , 3.695799
0.025641 , 0.025641 , 3.696453
0.025641 , 0.051282 , 3.697538
0.025641 , 0.076923 , 3.698514
0.025641 , 0.102564 , 3.699505
0.025641 , 0.128205 , 3.700188
0.025641 , 0.153846 , 3.700524
0.025641 , 0.179487 , 3.700041
0.025641 , 0.205128 , 3.698955
0.025641 , 0.230769 , 3.697402
0.025641 , 0.256410 , 3.695473
0.025641 , 0.282051 , 3.693921
0.025641 , 0.307692 , 3.691454
0.025641 , 0.333333 , 3.688472
0.025641 , 0.358974 , 3.686449
0.025641 , 0.384615 , 3.684221
0.025641 , 0.410256 , 3.681167
0.025641 , 0.435897 , 3.678782
0.025641 , 0.461538 , 3.675838
0.025641 , 0.487179 , 3.672722
0.025641 , 0.512821 , 3.669745
0.025641 , 0.538462 , 3.667063
0.025641 , 0.564103 , 3.664487
0.025641 , 0.589744 , 3.661881
0.025641 , 0.615385 , 3.659623
0.025641 , 0.641026 , 3.657487
0.025641 , 0.666667 , 3.655999
0.025641 , 0.692308 , 3.654762
0.025641 , 0.717949 , 3.653476
0.025641 , 0.743590 , 3.652060
0.025641 , 0.769231 , 3.651341
0.025641 , 0.794872 , 3.650947
0.025641 , 0.820513 , 3.650508
0.025641 , 0.846154 , 3.649401
0.025641 , 0.871795 , 3.648188
0.025641 , 0.897436 , 3.647752
0.025641 , 0.923077 , 3.647773
0.025641 , 0.948718 , 3.647531
0.025641 , 0.974359 , 3.647191
0.025641 , 1.000000 , 3.646650
0.051282 , 0.000000 , 3.766459
0.051282 , 0.025641 , 3.767229
0.051282 , 0.051282 , 3.768827
0.051282 , 0.076923 , 3.770225
0.051282 , 0.102564 , 3.771497
0.051282 , 0.128205 , 3.772767
0.051282 , 0.153846 , 3.772815
0.051282 , 0.179487 , 3.772063
0.051282 , 0.205128 , 3.770067
0.051282 , 0.230769 , 3.767617
0.051282 , 0.256410 , 3.764631
0.051282 , 0.282051 , 3.761019
0.051282 , 0.307692 , 3.757058
0.051282 , 0.333333 , 3.752388
0.051282 , 0.358974 , 3.747688
0.051282 , 0.384615 , 3.742273
0.051282 , 0.410256 , 3.736404
0.051282 , 0.435897 , 3.730920
0.051282 , 0.461538 , 3.725498
0.051282 , 0.487179 , 3.719438
0.051282 , 0.512821 , 3.714032
0.051282 , 0.538462 , 3.708651
0.051282 , 0.564103 , 3.703526
0.051282 , 0.589744 , 3.698767
0.051282 , 0.615385 , 3.694124
0.051282 , 0.641026 , 3.690518
0.051282 , 0.666667 , 3.687143
0.051282 , 0.692308 , 3.684426
0.051282 , 0.717949 , 3.681975
0.051282 , 0.743590 , 3.679669
0.051282 , 0.769231 , 3.677752
0.051282 , 0.794872 , 3.676502
0.051282 , 0.820513 , 3.674936
0.051282 , 0.846154 , 3.673090
0.051282 , 0.871795 , 3.671704
0.051282 , 0.897436 , 3.670411
0.051282 , 0.923077 , 3.670161
0.051282 , 0.948718 , 3.670067
0.051282 , 0.974359 , 3.669628
0.051282 , 1.000000 , 3.669502
0.076923 , 0.000000 , 3.831129
0.076923 , 0.025641 , 3.831789
0.076923 , 0.051282 , 3.833599
0.076923 , 0.076923 , 3.835028
0.076923 , 0.102564 , 3.836289
0.076923 , 0.128205 , 3.837390
0.076923 , 0.153846 , 3.837423
0.076923 , 0.179487 , 3.836317
0.076923 , 0.205128 , 3.834287
0.076923 , 0.230769 , 3.830912
0.076923 , 0.256410 , 3.826620
0.076923 , 0.282051 , 3.821089
0.076923 , 0.307692 , 3.815642
0.076923 , 0.333333 , 3.809351
0.076923 , 0.358974 , 3.802118
0.076923 , 0.384615 , 3.793474
0.076923 , 0.410256 , 3.785355
0.076923 , 0.435897 , 3.777902
0.076923 , 0.461538 , 3.769511
0.076923 , 0.487179 , 3.760815
0.076923 , 0.512821 , 3.752512
0.076923 , 0.538462 , 3.745105
0.076923 , 0.564103 , 3.737271
0.076923 , 0.589744 , 3.730487
0.076923 , 0.615385 , 3.723854
0.076923 , 0.641026 , 3.718795
0.076923 , 0.666667 , 3.713544
0.076923 , 0.692308 , 3.708989
0.076923 , 0.717949 , 3.705855
0.076923 , 0.743590 , 3.702451
0.076923 , 0.769231 , 3.699008
0.076923 , 0.794872 , 3.696241
0.076923 , 0.820513 , 3.694469
0.076923 , 0.846154 , 3.692116
0.076923 , 0.871795 , 3.689792
0.076923 , 0.897436 , 3.688503
0.076923 , 0.923077 , 3.687490
0.076923 , 0.948718 , 3.687961
0.076923 , 0.974359 , 3.688323
0.076923 , 1.000000 , 3.687865
0.102564 , 0.000000 , 3.887671
0.102564 , 0.025641 , 3.889019
0.102564 , 0.051282 , 3.890667
0.102564 , 0.076923 , 3.892484
0.102564 , 0.102564 , 3.894065
0.102564 , 0.128205 , 3.895336
0.102564 , 0.153846 , 3.895333
0.102564 , 0.179487 , 3.893692
0.102564 , 0.205128 , 3.891237
0.102564 , 0.230769 , 3.886724
0.102564 , 0.256410 , 3.881448
0.102564 , 0.282051 , 3.875515
0.102564 , 0.307692 , 3.868056
0.102564 , 0.333333 , 3.859662
0.102564 , 0.358974 , 3.850023
0.102564 , 0.384615 , 3.840034
0.102564 , 0.410256 , 3.829592
0.102564 , 0.435897 , 3.819962
0.102564 , 0.461538 , 3.808728
0.102564 , 0.487179 , 3.797214
0.102564 , 0.512821 , 3.785954
0.102564 , 0.538462 , 3.775522
0.102564 , 0.564103 , 3.765663
0.102564 , 0.589744 , 3.756560
0.102564 , 0.615385 , 3.749063
0.102564 , 0.641026 , 3.742032
0.102564 , 0.666667 , 3.736329
0.102564 , 0.692308 , 3.730085
0.102564 , 0.717949 , 3.724624
0.102564 , 0.743590 , 3.720065
0.102564 , 0.769231 , 3.715931
0.102564 , 0.794872 , 3.711436
0.102564 , 0.820513 , 3.708450
0.102564 , 0.846154 , 3.705986
0.102564 , 0.871795 , 3.703009
0.102564 , 0.897436 , 3.700993
0.102564 , 0.923077 , 3.700313
0.102564 , 0.948718 , 3.700884
0.102564 , 0.974359 , 3.702453
0.102564 , 1.000000 , 3.702301
0.128205 , 0.000000 , 3.940562
0.128205 , 0.025641 , 3.940927
0.128205 , 0.051282 , 3.942303
0.128205 , 0.076923 , 3.943614
0.128205 , 0.102564 , 3.945470
0.128205 , 0.128205 , 3.946747
0.128205 , 0.153846 , 3.946822
0.128205 , 0.179487 , 3.945413
0.128205 , 0.205128 , 3.942715
0.128205 , 0.230769 , 3.937830
0.128205 , 0.256410 , 3.931415
0.128205 , 0.282051 , 3.924268
0.128205 , 0.307692 , 3.916180
0.128205 , 0.333333 , 3.905834
0.128205 , 0.358974 , 3.894089
0.128205 , 0.384615 , 3.881468
0.128205 , 0.410256 , 3.868900
0.128205 , 0.435897 , 3.856534
0.128205 , 0.461538 , 3.842977
0.128205 , 0.487179 , 3.828694
0.128205 , 0.512821 , 3.815414
0.128205 , 0.538462 , 3.802786
0.128205 , 0.564103 , 3.790449
0.128205 , 0.589744 , 3.778731
0.128205 , 0.615385 , 3.769365
0.128205 , 0.641026 , 3.761417
0.128205 , 0.666667 , 3.754014
0.128205 , 0.692308 , 3.746469
0.128205 , 0.717949 , 3.739380
0.128205 , 0.743590 , 3.733199
0.128205 , 0.769231 , 3.728350
0.128205 , 0.794872 , 3.723531
0.128205 , 0.820513 , 3.718394
0.128205 , 0.846154 , 3.714755
0.128205 , 0.871795 , 3.711887
0.128205 , 0.897436 , 3.709747
0.128205 , 0.923077 , 3.709064
0.128205 , 0.948718 , 3.710271
0.128205 , 0.974359 , 3.711397
0.128205 , 1.000000 , 3.711379
0.153846 , 0.000000 , 3.987963
0.153846 , 0.025641 , 3.988294
0.153846 , 0.051282 , 3.988982
0.153846 , 0.076923 , 3.990014
0.153846 , 0.102564 , 3.991612
0.153846 , 0.128205 , 3.992595
0.153846 , 0.153846 , 3.992656
0.153846 , 0.179487 , 3.991697
0.153846 , 0.205128 , 3.988959
0.153846 , 0.230769 , 3.984156
0.153846 , 0.256410 , 3.977629
0.153846 , 0.282051 , 3.968785
0.153846 , 0.307692 , 3.959062
0.153846 , 0.333333 , 3.947296
0.153846 , 0.358974 , 3.933875
0.153846 , 0.384615 , 3.919573
0.153846 , 0.410256 , 3.904207
0.153846 , 0.435897 , 3.888676
0.153846 , 0.461538 , 3.873170
0.153846 , 0.487179 , 3.857221
0.153846 , 0.512821 , 3.841598
0.153846 , 0.538462 , 3.827049
0.153846 , 0.564103 , 3.812999
0.153846 , 0.589744 , 3.799144
0.153846 , 0.615385 , 3.786918
0.153846 , 0.641026 , 3.776850
0.153846 , 0.666667 , 3.767258
0.153846 , 0.692308 , 3.758091
0.153846 , 0.717949 , 3.750392
0.153846 , 0.743590 , 3.743122
0.153846 , 0.769231 , 3.736814
0.153846 , 0.794872 , 3.730751
0.153846 , 0.820513 , 3.725572
0.153846 , 0.846154 , 3.720682
0.153846 , 0.871795 , 3.717477
0.153846 , 0.897436 , 3.716105
0.153846 , 0.923077 , 3.715749
0.153846 , 0.948718 , 3.715738
0.153846 , 0.974359 , 3.716460
0.153846 , 1.000000 , 3.715949
0.179487 , 0.000000 , 4.028498
0.179487 , 0.025641 , 4.029412
0.179487 , 0.051282 , 4.029946
0.179487 , 0.076923 , 4.031484
0.179487 , 0.102564 , 4.032619
0.179487 , 0.128205 , 4.033184
0.179487 , 0.153846 , 4.033242
0.179487 , 0.179487 , 4.032634
0.179487 , 0.205128 , 4.029587
0.179487 , 0.230769 , 4.024645
0.179487 , 0.256410 , 4.017277
0.179487 , 0.282051 , 4.007268
0.179487 , 0.307692 , 3.996686
0.179487 , 0.333333 , 3.984332
0.179487 , 0.358974 , 3.969456
0.179487 , 0.384615 , 3.953394
0.179487 , 0.410256 , 3.936539
0.179487 , 0.435897 , 3.919100
0.179487 , 0.461538 , 3.901536
0.179487 , 0.487179 , 3.883290
0.179487 , 0.512821 , 3.865226
0.179487 , 0.538462 , 3.847995
0.179487 , 0.564103 , 3.831856
0.179487 , 0.589744 , 3.816490
0.179487 , 0.615385 , 3.802621
0.179487 , 0.641026 , 3.790325
0.179487 , 0.666667 , 3.778251
0.179487 , 0.692308 , 3.767473
0.179487 , 0.717949 , 3.758556
0.179487 , 0.743590 , 3.749895
0.179487 , 0.769231 , 3.742447
0.179487 , 0.794872 , 3.735146
0.179487 , 0.820513 , 3.729607
0.179487 , 0.846154 , 3.724652
0.179487 , 0.871795 , 3.721229
0.179487 , 0.897436 , 3.718903
0.179487 , 0.923077 , 3.718572
0.179487 , 0.948718 , 3.717672
0.179487 , 0.974359 , 3.717335
0.179487 , 1.000000 , 3.717943
0.205128 , 0.000000 , 4.064505
0.205128 , 0.025641 , 4.066042
0.205128 , 0.051282 , 4.067417
0.205128 , 0.076923 , 4.069269
0.205128 , 0.102564 , 4.070473
0.205128 , 0.128205 , 4.070621
0.205128 , 0.153846 , 4.070027
0.205128 , 0.179487 , 4.069148
0.205128 , 0.205128 , 4.066295
0.205128 , 0.230769 , 4.060772
0.205128 , 0.256410 , 4.052816
0.205128 , 0.282051 , 4.041814
0.205128 , 0.307692 , 4.029697
0.205128 , 0.333333 , 4.016708
0.205128 , 0.358974 , 4.001103
0.205128 , 0.384615 , 3.983539
0.205128 , 0.410256 , 3.965130
0.205128 , 0.435897 , 3.945523
0.205128 , 0.461538 , 3.925657
0.205128 , 0.487179 , 3.905777
0.205128 , 0.512821 , 3.885642
0.205128 , 0.538462 , 3.866392
0.205128 , 0.564103 , 3.848124
0.205128 , 0.589744 , 3.831335
0.205128 , 0.615385 , 3.815554
0.205128 , 0.641026 , 3.801509
0.205128 , 0.666667 , 3.787983
0.205128 , 0.692308 , 3.774240
0.205128 , 0.717949 , 3.763137
0.205128 , 0.743590 , 3.753357
0.205128 , 0.769231 , 3.744466
0.205128 , 0.794872 , 3.736664
0.205128 , 0.820513 , 3.729937
0.205128 , 0.846154 , 3.725092
0.205128 , 0.871795 , 3.722254
0.205128 , 0.897436 , 3.719615
0.205128 , 0.923077 , 3.717947
0.205128 , 0.948718 , 3.716517
0.205128 , 0.974359 , 3.715927
0.205128 , 1.000000 , 3.716444
0.230769 , 0.000000 , 4.100060
0.230769 , 0.025641 , 4.100799
0.230769 , 0.051282 , 4.102179
0.230769 , 0.076923 , 4.103602
0.230769 , 0.102564 , 4.104958
0.230769 , 0.128205 , 4.105235
0.230769 , 0.153846 , 4.104269
0.230769 , 0.179487 , 4.102572
0.230769 , 0.205128 , 4.099249
0.230769 , 0.230769 , 4.093247
0.230769 , 0.256410 , 4.084193
0.230769 , 0.282051 , 4.072937
0.230769 , 0.307692 , 4.059186
0.230769 , 0.333333 , 4.044626
0.230769 , 0.358974 , 4.028338
0.230769 , 0.384615 , 4.009390
0.230769 , 0.410256 , 3.989950
0.230769 , 0.435897 , 3.968561
0.230769 , 0.461538 , 3.946656
0.230769 , 0.487179 , 3.925027
0.230769 , 0.512821 , 3.903385
0.230769 , 0.538462 , 3.883128
0.230769 , 0.564103 , 3.863065
0.230769 , 0.589744 , 3.844083
0.230769 , 0.615385 , 3.826379
0.230769 , 0.641026 , 3.809642
0.230769 , 0.666667 , 3.794731
0.230769 , 0.692308 , 3.779551
0.230769 , 0.717949 , 3.765879
0.230769 , 0.743590 , 3.753356
0.230769 , 0.769231 , 3.743407
0.230769 , 0.794872 , 3.735371
0.230769 , 0.820513 , 3.728995
0.230769 , 0.846154 , 3.723880
0.230769 , 0.871795 , 3.720766
0.230769 , 0.897436 , 3.718180
0.230769 , 0.923077 , 3.715624
0.230769 , 0.948718 , 3.712860
0.230769 , 0.974359 , 3.711672
0.230769 , 1.000000 , 3.712285
0.256410 , 0.000000 , 4.134710
0.256410 , 0.025641 , 4.134689
0.256410 , 0.051282 , 4.135009
0.256410 , 0.076923 , 4.136041
0.256410 , 0.102564 , 4.136824
0.256410 , 0.128205 , 4.136747
0.256410 , 0.153846 , 4.134678
0.256410 , 0.179487 , 4.132243
0.256410 , 0.205128 , 4.128257
0.256410 , 0.230769 , 4.121884
0.256410 , 0.256410 , 4.112328
0.256410 , 0.282051 , 4.099943
0.256410 , 0.307692 , 4.085605
0.256410 , 0.333333 , 4.069645
0.256410 , 0.358974 , 4.052328
0.256410 , 0.384615 , 4.032658
0.256410 , 0.410256 , 4.011346
0.256410 , 0.435897 , 3.989478
0.256410 , 0.461538 , 3.966820
0.256410 , 0.487179 , 3.943306
0.256410 , 0.512821 , 3.919242
0.256410 , 0.538462 , 3.896390
0.256410 , 0.564103 , 3.874825
0.256410 , 0.589744 , 3.853711
0.256410 , 0.615385 , 3.833770
0.256410 , 0.641026 , 3.815039
0.256410 , 0.666667 , 3.798360
0.256410 , 0.692308 , 3.782482
0.256410 , 0.717949 , 3.767427
0.256410 , 0.743590 , 3.753026
0.256410 , 0.769231 , 3.741148
0.256410 , 0.794872 , 3.732144
0.256410 , 0.820513 , 3.725880
0.256410 , 0.846154 , 3.721269
0.256410 , 0.871795 , 3.716583
0.256410 , 0.897436 , 3.712945
0.256410 , 0.923077 , 3.710183
0.256410 , 0.948718 , 3.706593
0.256410 , 0.974359 , 3.705074
0.256410 , 1.000000 , 3.704989
0.282051 , 0.000000 , 4.168003
0.282051 , 0.025641 , 4.167525
0.282051 , 0.051282 , 4.166975
0.282051 , 0.076923 , 4.167541
0.282051 , 0.102564 , 4.167261
0.282051 , 0.128205 , 4.166072
0.282051 , 0.153846 , 4.163030
0.282051 , 0.179487 , 4.159099
0.282051 , 0.205128 , 4.154344
0.282051 , 0.230769 , 4.147542
0.282051 , 0.256410 , 4.137540
0.282051 , 0.282051 , 4.124425
0.282051 , 0.307692 , 4.109077
0.282051 , 0.333333 , 4.091955
0.282051 , 0.358974 , 4.073375
0.282051 , 0.384615 , 4.053279
0.282051 , 0.410256 , 4.031315
0.282051 , 0.435897 , 4.007726
0.282051 , 0.461538 , 3.984046
0.282051 , 0.487179 , 3.958869
0.282051 , 0.512821 , 3.933553
0.282051 , 0.538462 , 3.908439
0.282051 , 0.564103 , 3.884128
0.282051 , 0.589744 , 3.861566
0.282051 , 0.615385 , 3.839910
0.282051 , 0.641026 , 3.819127
0.282051 , 0.666667 , 3.799782
0.282051 , 0.692308 , 3.782194
0.282051 , 0.717949 , 3.765922
0.282051 , 0.743590 , 3.751111
0.282051 , 0.769231 , 3.738639
0.282051 , 0.794872 , 3.728383
0.282051 , 0.820513 , 3.720567
0.282051 , 0.846154 , 3.714785
0.282051 , 0.871795 , 3.709233
0.282051 , 0.897436 , 3.704534
0.282051 , 0.923077 , 3.701029
0.282051 , 0.948718 , 3.698064
0.282051 , 0.974359 , 3.696684
0.282051 , 1.000000 , 3.696035
0.307692 , 0.000000 , 4.199995
0.307692 , 0.025641 , 4.199319
0.307692 , 0.051282 , 4.198591
0.307692 , 0.076923 , 4.197680
0.307692 , 0.102564 , 4.196177
0.307692 , 0.128205 , 4.193833
0.307692 , 0.153846 , 4.190353
0.307692 , 0.179487 , 4.185127
0.307692 , 0.205128 , 4.178075
0.307692 , 0.230769 , 4.169898
0.307692 , 0.256410 , 4.158759
0.307692 , 0.282051 , 4.145520
0.307692 , 0.307692 , 4.129832
0.307692 , 0.333333 , 4.111789
0.307692 , 0.358974 , 4.091857
0.307692 , 0.384615 , 4.070983
0.307692 , 0.410256 , 4.048512
0.307692 , 0.435897 , 4.024250
0.307692 , 0.461538 , 3.998664
0.307692 , 0.487179 , 3.971821
0.307692 , 0.512821 , 3.945201
0.307692 , 0.538462 , 3.918653
0.307692 , 0.564103 , 3.892574
0.307692 , 0.589744 , 3.867675
0.307692 , 0.615385 , 3.843920
0.307692 , 0.641026 , 3.821177
0.307692 , 0.666667 , 3.800199
0.307692 , 0.692308 , 3.780602
0.307692 , 0.717949 , 3.762899
0.307692 , 0.743590 , 3.747136
0.307692 , 0.769231 , 3.733353
0.307692 , 0.794872 , 3.721748
0.307692 , 0.820513 , 3.712803
0.307692 , 0.846154 , 3.705474
0.307692 , 0.871795 , 3.698381
0.307692 , 0.897436 , 3.693305
0.307692 , 0.923077 , 3.689082
0.307692 , 0.948718 , 3.685963
0.307692 , 0.974359 , 3.685088
0.307692 , 1.000000 , 3.685113
0.333333 , 0.000000 , 4.231777
0.333333 , 0.025641 , 4.231236
0.333333 , 0.051282 , 4.230193
0.333333 , 0.076923 , 4.228328
0.333333 , 0.102564 , 4.225173
0.333333 , 0.128205 , 4.221162
0.333333 , 0.153846 , 4.217098
0.333333 , 0.179487 , 4.210888
0.333333 , 0.205128 , 4.202091
0.333333 , 0.230769 , 4.191701
0.333333 , 0.256410 , 4.178491
0.333333 , 0.282051 , 4.164079
0.333333 , 0.307692 , 4.148146
0.333333 , 0.333333 , 4.129635
0.333333 , 0.358974 , 4.108702
0.333333 , 0.384615 , 4.086456
0.333333 , 0.410256 , 4.063350
0.333333 , 0.435897 , 4.037935
0.333333 , 0.461538 , 4.011075
0.333333 , 0.487179 , 3.982853
0.333333 , 0.512821 , 3.954940
0.333333 , 0.538462 , 3.926904
0.333333 , 0.564103 , 3.899128
0.333333 , 0.589744 , 3.872051
0.333333 , 0.615385 , 3.846464
0.333333 , 0.641026 , 3.822306
0.333333 , 0.666667 , 3.799533
0.333333 , 0.692308 , 3.777918
0.333333 , 0.717949 , 3.758452
0.333333 , 0.743590 , 3.740839
0.333333 , 0.769231 , 3.725064
0.333333 , 0.794872 , 3.712029
0.333333 , 0.820513 , 3.701431
0.333333 , 0.846154 , 3.692807
0.333333 , 0.871795 , 3.684539
0.333333 , 0.897436 , 3.678175
0.333333 , 0.923077 , 3.673272
0.333333 , 0.948718 , 3.669916
0.333333 , 0.974359 , 3.669059
0.333333 , 1.000000 , 3.669082
0.358974 , 0.000000 , 4.264708
0.358974 , 0.025641 , 4.264244
0.358974 , 0.051282 , 4.262751
0.358974 , 0.076923 , 4.259784
0.358974 , 0.102564 , 4.256041
0.358974 , 0.128205 , 4.250773
0.358974 , 0.153846 , 4.244887
0.358974 , 0.179487 , 4.237077
0.358974 , 0.205128 , 4.226927
0.358974 , 0.230769 , 4.214848
0.358974 , 0.256410 , 4.199975
0.358974 , 0.282051 , 4.183684
0.358974 , 0.307692 , 4.165692
0.358974 , 0.333333 , 4.145536
0.358974 , 0.358974 , 4.123748
0.358974 , 0.384615 , 4.100233
0.358974 , 0.410256 , 4.075732
0.358974 , 0.435897 , 4.048981
0.358974 , 0.461538 , 4.020734
0.358974 , 0.487179 , 3.991717
0.358974 , 0.512821 , 3.962437
0.358974 , 0.538462 , 3.932594
0.358974 , 0.564103 , 3.903147
0.358974 , 0.589744 , 3.874360
0.358974 , 0.615385 , 3.846944
0.358974 , 0.641026 , 3.820997
0.358974 , 0.666667 , 3.795964
0.358974 , 0.692308 , 3.772914
0.358974 , 0.717949 , 3.751823
0.358974 , 0.743590 , 3.732322
0.358974 , 0.769231 , 3.714120
0.358974 , 0.794872 , 3.698788
0.358974 , 0.820513 , 3.686642
0.358974 , 0.846154 , 3.676657
0.358974 , 0.871795 , 3.667215
0.358974 , 0.897436 , 3.659795
0.358974 , 0.923077 , 3.654316
0.358974 , 0.948718 , 3.651181
0.358974 , 0.974359 , 3.649623
0.358974 , 1.000000 , 3.649344
0.384615 , 0.000000 , 4.299716
0.384615 , 0.025641 , 4.299041
0.384615 , 0.051282 , 4.296995
0.384615 , 0.076923 , 4.293206
0.384615 , 0.102564 , 4.288696
0.384615 , 0.128205 , 4.282624
0.384615 , 0.153846 , 4.274285
0.384615 , 0.179487 , 4.264356
0.384615 , 0.205128 , 4.252186
0.384615 , 0.230769 , 4.238336
0.384615 , 0.256410 , 4.222134
0.384615 , 0.282051 , 4.204148
0.384615 , 0.307692 , 4.183893
0.384615 , 0.333333 , 4.161842
0.384615 , 0.358974 , 4.138933
0.384615 , 0.384615 , 4.113528
0.384615 , 0.410256 , 4.086982
0.384615 , 0.435897 , 4.058006
0.384615 , 0.461538 , 4.028129
0.384615 , 0.487179 , 3.998362
0.384615 , 0.512821 , 3.967937
0.384615 , 0.538462 , 3.936343
0.384615 , 0.564103 , 3.904999
0.384615 , 0.589744 , 3.874721
0.384615 , 0.615385 , 3.845426
0.384615 , 0.641026 , 3.817238
0.384615 , 0.666667 , 3.790027
0.384615 , 0.692308 , 3.764130
0.384615 , 0.717949 , 3.741266
0.384615 , 0.743590 , 3.719734
0.384615 , 0.769231 , 3.699740
0.384615 , 0.794872 , 3.682381
0.384615 , 0.820513 , 3.667991
0.384615 , 0.846154 , 3.655900
0.384615 , 0.871795 , 3.645322
0.384615 , 0.897436 , 3.636868
0.384615 , 0.923077 , 3.630996
0.384615 , 0.948718 , 3.627428
0.384615 , 0.974359 , 3.625806
0.384615 , 1.000000 , 3.625778
0.410256 , 0.000000 , 4.336742
0.410256 , 0.025641 , 4.336047
0.410256 , 0.051282 , 4.333555
0.410256 , 0.076923 , 4.329215
0.410256 , 0.102564 , 4.323533
0.410256 , 0.128205 , 4.315801
0.410256 , 0.153846 , 4.305660
0.410256 , 0.179487 , 4.293747
0.410256 , 0.205128 , 4.279431
0.410256 , 0.230769 , 4.263800
0.410256 , 0.256410 , 4.245806
0.410256 , 0.282051 , 4.225790
0.410256 , 0.307692 , 4.203807
0.410256 , 0.333333 , 4.179268
0.410256 , 0.358974 , 4.154011
0.410256 , 0.384615 , 4.126486
0.410256 , 0.410256 , 4.097963
0.410256 , 0.435897 , 4.067339
0.410256 , 0.461538 , 4.035823
0.410256 , 0.487179 , 4.003843
0.410256 , 0.512821 , 3.971584
0.410256 , 0.538462 , 3.937947
0.410256 , 0.564103 , 3.903931
0.410256 , 0.589744 , 3.871609
0.410256 , 0.615385 , 3.840039
0.410256 , 0.641026 , 3.809688
0.410256 , 0.666667 , 3.780313
0.410256 , 0.692308 , 3.752516
0.410256 , 0.717949 , 3.726917
0.410256 , 0.743590 , 3.703783
0.410256 , 0.769231 , 3.681737
0.410256 , 0.794872 , 3.662424
0.410256 , 0.820513 , 3.646252
0.410256 , 0.846154 , 3.631562
0.410256 , 0.871795 , 3.619238
0.410256 , 0.897436 , 3.610108
0.410256 , 0.923077 , 3.603341
0.410256 , 0.948718 , 3.598872
0.410256 , 0.974359 , 3.596240
0.410256 , 1.000000 , 3.595987
0.435897 , 0.000000 , 4.377291
0.435897 , 0.025641 , 4.376292
0.435897 , 0.051282 , 4.373661
0.435897 , 0.076923 , 4.368393
0.435897 , 0.102564 , 4.361292
0.435897 , 0.128205 , 4.351703
0.435897 , 0.153846 , 4.339839
0.435897 , 0.179487 , 4.326109
0.435897 , 0.205128 , 4.309423
0.435897 , 0.230769 , 4.291361
0.435897 , 0.256410 , 4.271466
0.435897 , 0.282051 , 4.248991
0.435897 , 0.307692 , 4.224631
0.435897 , 0.333333 , 4.197744
0.435897 , 0.358974 , 4.169380
0.435897 , 0.384615 , 4.139625
0.435897 , 0.410256 , 4.108640
0.435897 , 0.435897 , 4.075611
0.435897 , 0.461538 , 4.042092
0.435897 , 0.487179 , 4.007757
0.435897 , 0.512821 , 3.972779
0.435897 , 0.538462 , 3.937017
0.435897 , 0.564103 , 3.901174
0.435897 , 0.589744 , 3.866137
0.435897 , 0.615385 , 3.831994
0.435897 , 0.641026 , 3.798883
0.435897 , 0.666667 , 3.766699
0.435897 , 0.692308 , 3.736612
0.435897 , 0.717949 , 3.708722
0.435897 , 0.743590 , 3.683153
0.435897 , 0.769231 , 3.659664
0.435897 , 0.794872 , 3.638224
0.435897 , 0.820513 , 3.619734
0.435897 , 0.846154 , 3.603287
0.435897 , 0.871795 , 3.589414
0.435897 , 0.897436 , 3.579088
0.435897 , 0.923077 , 3.571490
0.435897 , 0.948718 , 3.565533
0.435897 , 0.974359 , 3.562572
0.435897 , 1.000000 , 3.561421
0.461538 , 0.000000 , 4.422256
0.461538 , 0.025641 , 4.420631
0.461538 , 0.051282 , 4.417224
0.461538 , 0.076923 , 4.410992
0.461538 , 0.102564 , 4.402903
0.461538 , 0.128205 , 4.391565
0.461538 , 0.153846 , 4.377818
0.461538 , 0.179487 , 4.361813
0.461538 , 0.205128 , 4.343193
0.461538 , 0.230769 , 4.322717
0.461538 , 0.256410 , 4.299859
0.461538 , 0.282051 , 4.275087
0.461538 , 0.307692 , 4.247337
0.461538 , 0.333333 , 4.217704
0.461538 , 0.358974 , 4.186427
0.461538 , 0.384615 , 4.153905
0.461538 , 0.410256 , 4.119953
0.461538 , 0.435897 , 4.083951
0.461538 , 0.461538 , 4.047600
0.461538 , 0.487179 , 4.010783
0.461538 , 0.512821 , 3.973242
0.461538 , 0.538462 , 3.934556
0.461538 , 0.564103 , 3.895917
0.461538 , 0.589744 , 3.857853
0.461538 , 0.615385 , 3.820630
0.461538 , 0.641026 , 3.784826
0.461538 , 0.666667 , 3.750052
0.461538 , 0.692308 , 3.717098
0.461538 , 0.717949 , 3.686518
0.461538 , 0.743590 , 3.658359
0.461538 , 0.769231 , 3.632648
0.461538 , 0.794872 , 3.609140
0.461538 , 0.820513 , 3.588293
0.461538 , 0.846154 , 3.570611
0.461538 , 0.871795 , 3.554797
0.461538 , 0.897436 , 3.542554
0.461538 , 0.923077 , 3.533310
0.461538 , 0.948718 , 3.526906
0.461538 , 0.974359 , 3.524293
0.461538 , 1.000000 , 3.522931
0.487179 , 0.000000 , 4.471986
0.487179 , 0.025641 , 4.469906
0.487179 , 0.051282 , 4.465275
0.487179 , 0.076923 , 4.458478
0.487179 , 0.102564 , 4.449372
0.487179 , 0.128205 , 4.436982
0.487179 , 0.153846 , 4.421536
0.487179 , 0.179487 , 4.402562
0.487179 , 0.205128 , 4.381676
0.487179 , 0.230769 , 4.358726
0.487179 , 0.256410 , 4.333134
0.487179 , 0.282051 , 4.304847
0.487179 , 0.307692 , 4.273659
0.487179 , 0.333333 , 4.240607
0.487179 , 0.358974 , 4.205987
0.487179 , 0.384615 , 4.168968
0.487179 , 0.410256 , 4.131250
0.487179 , 0.435897 , 4.092250
0.487179 , 0.461538 , 4.052687
0.487179 , 0.487179 , 4.012796
0.487179 , 0.512821 , 3.971912
0.487179 , 0.538462 , 3.930187
0.487179 , 0.564103 , 3.888075
0.487179 , 0.589744 , 3.846731
0.487179 , 0.615385 , 3.805597
0.487179 , 0.641026 , 3.766352
0.487179 , 0.666667 , 3.728783
0.487179 , 0.692308 , 3.692926
0.487179 , 0.717949 , 3.659035
0.487179 , 0.743590 , 3.627826
0.487179 , 0.769231 , 3.599046
0.487179 , 0.794872 , 3.574138
0.487179 , 0.820513 , 3.551052
0.487179 , 0.846154 , 3.531089
0.487179 , 0.871795 , 3.514352
0.487179 , 0.897436 , 3.500741
0.487179 , 0.923077 , 3.490157
0.487179 , 0.948718 , 3.483125
0.487179 , 0.974359 , 3.478939
0.487179 , 1.000000 , 3.477848
0.512821 , 0.000000 , 4.528067
0.512821 , 0.025641 , 4.525852
0.512821 , 0.051282 , 4.520496
0.512821 , 0.076923 , 4.513062
0.512821 , 0.102564 , 4.502338
0.512821 , 0.128205 , 4.488388
0.512821 , 0.153846 , 4.470259
0.512821 , 0.179487 , 4.448504
0.512821 , 0.205128 , 4.425423
0.512821 , 0.230769 , 4.400432
0.512821 , 0.256410 , 4.371199
0.512821 , 0.282051 , 4.339195
0.512821 , 0.307692 , 4.304731
0.512821 , 0.333333 , 4.267524
0.512821 , 0.358974 , 4.229305
0.512821 , 0.384615 , 4.187822
0.512821 , 0.410256 , 4.145019
0.512821 , 0.435897 , 4.102086
0.512821 , 0.461538 , 4.058944
0.512821 , 0.487179 , 4.014545
0.512821 , 0.512821 , 3.969399
0.512821 , 0.538462 , 3.922951
0.512821 , 0.564103 , 3.876365
0.512821 , 0.589744 , 3.830589
0.512821 , 0.615385 , 3.785738
0.512821 , 0.641026 , 3.742551
0.512821 , 0.666667 , 3.701218
0.512821 , 0.692308 , 3.661816
0.512821 , 0.717949 , 3.624658
0.512821 , 0.743590 , 3.590421
0.512821 , 0.769231 , 3.558918
0.512821 , 0.794872 , 3.531336
0.512821 , 0.820513 , 3.506906
0.512821 , 0.846154 , 3.485421
0.512821 , 0.871795 , 3.466908
0.512821 , 0.897436 , 3.451434
0.512821 , 0.923077 , 3.439577
0.512821 , 0.948718 , 3.431653
0.512821 , 0.974359 , 3.426401
0.512821 , 1.000000 , 3.425208
0.538462 , 0.000000 , 4.591417
0.538462 , 0.025641 , 4.589683
0.538462 , 0.051282 , 4.583913
0.538462 , 0.076923 , 4.575154
0.538462 , 0.102564 , 4.562615
0.538462 , 0.128205 , 4.547189
0.538462 , 0.153846 , 4.526518
0.538462 , 0.179487 , 4.502615
0.538462 , 0.205128 , 4.476430
0.538462 , 0.230769 , 4.448135
0.538462 , 0.256410 , 4.415412
0.538462 , 0.282051 , 4.379645
0.538462 , 0.307692 , 4.341670
0.538462 , 0.333333 , 4.300584
0.538462 , 0.358974 , 4.256782
0.538462 , 0.384615 , 4.210505
0.538462 , 0.410256 , 4.162556
0.538462 , 0.435897 , 4.114236
0.538462 , 0.461538 , 4.065392
0.538462 , 0.487179 , 4.015900
0.538462 , 0.512821 , 3.965024
0.538462 , 0.538462 , 3.913379
0.538462 , 0.564103 , 3.861473
0.538462 , 0.589744 , 3.810332
0.538462 , 0.615385 , 3.761204
0.538462 , 0.641026 , 3.713236
0.538462 , 0.666667 , 3.667708
0.538462 , 0.692308 , 3.624267
0.538462 , 0.717949 , 3.583753
0.538462 , 0.743590 , 3.546016
0.538462 , 0.769231 , 3.511540
0.538462 , 0.794872 , 3.481089
0.538462 , 0.820513 , 3.454300
0.538462 , 0.846154 , 3.430864
0.538462 , 0.871795 , 3.411077
0.538462 , 0.897436 , 3.394234
0.538462 , 0.923077 , 3.381487
0.538462 , 0.948718 , 3.372657
0.538462 , 0.974359 , 3.366831
0.538462 , 1.000000 , 3.365382
0.564103 , 0.000000 , 4.664428
0.564103 , 0.025641 , 4.662175
0.564103 , 0.051282 , 4.655928
0.564103 , 0.076923 , 4.645947
0.564103 , 0.102564 , 4.631586
0.564103 , 0.128205 , 4.614793
0.564103 , 0.153846 , 4.591816
0.564103 , 0.179487 , 4.565152
0.564103 , 0.205128 , 4.536454
0.564103 , 0.230769 , 4.504295
0.564103 , 0.256410 , 4.467783
0.564103 , 0.282051 , 4.427482
0.564103 , 0.307692 , 4.384696
0.564103 , 0.333333 , 4.338438
0.564103 , 0.358974 , 4.289170
0.564103 , 0.384615 , 4.237319
0.564103 , 0.410256 , 4.183497
0.564103 , 0.435897 , 4.128472
0.564103 , 0.461538 , 4.072603
0.564103 , 0.487179 , 4.016011
0.564103 , 0.512821 , 3.958714
0.564103 , 0.538462 , 3.900581
0.564103 , 0.564103 , 3.842318
0.564103 , 0.589744 , 3.785440
0.564103 , 0.615385 , 3.730853
0.564103 , 0.641026 , 3.677589
0.564103 , 0.666667 , 3.627084
0.564103 , 0.692308 , 3.579058
0.564103 , 0.717949 , 3.534656
0.564103 , 0.743590 , 3.492996
0.564103 , 0.769231 , 3.454728
0.564103 , 0.794872 , 3.421345
0.564103 , 0.820513 , 3.392203
0.564103 , 0.846154 , 3.367233
0.564103 , 0.871795 , 3.346462
0.564103 , 0.897436 , 3.328447
0.564103 , 0.923077 , 3.315226
0.564103 , 0.948718 , 3.305510
0.564103 , 0.974359 , 3.298870
0.564103 , 1.000000 , 3.296748
0.589744 , 0.000000 , 4.747854
0.589744 , 0.025641 , 4.745270
0.589744 , 0.051282 , 4.737770
0.589744 , 0.076923 , 4.726674
0.589744 , 0.102564 , 4.711052
0.589744 , 0.128205 , 4.692410
0.589744 , 0.153846 , 4.667359
0.589744 , 0.179487 , 4.637468
0.589744 , 0.205128 , 4.605096
0.589744 , 0.230769 , 4.569142
0.589744 , 0.256410 , 4.528802
0.589744 , 0.282051 , 4.484085
0.589744 , 0.307692 , 4.435475
0.589744 , 0.333333 , 4.383206
0.589744 , 0.358974 , 4.327305
0.589744 , 0.384615 , 4.268652
0.589744 , 0.410256 , 4.208267
0.589744 , 0.435897 , 4.145927
0.589744 , 0.461538 , 4.081625
0.589744 , 0.487179 , 4.015962
0.589744 , 0.512821 , 3.950359
0.589744 , 0.538462 , 3.884695
0.589744 , 0.564103 , 3.819182
0.589744 , 0.589744 , 3.755480
0.589744 , 0.615385 , 3.693654
0.589744 , 0.641026 , 3.633978
0.589744 , 0.666667 , 3.577861
0.589744 , 0.692308 , 3.525135
0.589744 , 0.717949 , 3.476290
0.589744 , 0.743590 , 3.430757
0.589744 , 0.769231 , 3.389139
0.589744 , 0.794872 , 3.352978
0.589744 , 0.820513 , 3.322165
0.589744 , 0.846154 , 3.294992
0.589744 , 0.871795 , 3.271578
0.589744 , 0.897436 , 3.252701
0.589744 , 0.923077 , 3.238100
0.589744 , 0.948718 , 3.228006
0.589744 , 0.974359 , 3.220985
0.589744 , 1.000000 , 3.218180
0.615385 , 0.000000 , 4.841075
0.615385 , 0.025641 , 4.838828
0.615385 , 0.051282 , 4.831298
0.615385 , 0.076923 , 4.818649
0.615385 , 0.102564 , 4.802025
0.615385 , 0.128205 , 4.781188
0.615385 , 0.153846 , 4.754391
0.615385 , 0.179487 , 4.721737
0.615385 , 0.205128 , 4.685755
0.615385 , 0.230769 , 4.645366
0.615385 , 0.256410 , 4.600567
0.615385 , 0.282051 , 4.550766
0.615385 , 0.307692 , 4.496277
0.615385 , 0.333333 , 4.436653
0.615385 , 0.358974 , 4.372565
0.615385 , 0.384615 , 4.306173
0.615385 , 0.410256 , 4.236774
0.615385 , 0.435897 , 4.164997
0.615385 , 0.461538 , 4.091165
0.615385 , 0.487179 , 4.016146
0.615385 , 0.512821 , 3.940236
0.615385 , 0.538462 , 3.865658
0.615385 , 0.564103 , 3.791775
0.615385 , 0.589744 , 3.719924
0.615385 , 0.615385 , 3.650093
0.615385 , 0.641026 , 3.583286
0.615385 , 0.666667 , 3.520615
0.615385 , 0.692308 , 3.461846
0.615385 , 0.717949 , 3.407810
0.615385 , 0.743590 , 3.357854
0.615385 , 0.769231 , 3.313018
0.615385 , 0.794872 , 3.273500
0.615385 , 0.820513 , 3.240332
0.615385 , 0.846154 , 3.211072
0.615385 , 0.871795 , 3.185311
0.615385 , 0.897436 , 3.164715
0.615385 , 0.923077 , 3.149196
0.615385 , 0.948718 , 3.138188
0.615385 , 0.974359 , 3.131116
0.615385 , 1.000000 , 3.128214
0.641026 , 0.000000 , 4.945948
0.641026 , 0.025641 , 4.943623
0.641026 , 0.051282 , 4.936232
0.641026 , 0.076923 , 4.923120
0.641026 , 0.102564 , 4.905207
0.641026 , 0.128205 , 4.882688
0.641026 , 0.153846 , 4.854407
0.641026 , 0.179487 , 4.819509
0.641026 , 0.205128 , 4.779853
0.641026 , 0.230769 , 4.734637
0.641026 , 0.256410 , 4.684962
0.641026 , 0.282051 , 4.629173
0.641026 , 0.307692 , 4.567437
0.641026 , 0.333333 , 4.500030
0.641026 , 0.358974 , 4.427469
0.641026 , 0.384615 , 4.351321
0.641026 , 0.410256 , 4.271441
0.641026 , 0.435897 , 4.187931
0.641026 , 0.461538 , 4.102328
0.641026 , 0.487179 , 4.016206
0.641026 , 0.512821 , 3.929324
0.641026 , 0.538462 , 3.843343
0.641026 , 0.564103 , 3.759712
0.641026 , 0.589744 , 3.677952
0.641026 , 0.615385 , 3.598493
0.641026 , 0.641026 , 3.523059
0.641026 , 0.666667 , 3.453196
0.641026 , 0.692308 , 3.388026
0.641026 , 0.717949 , 3.328288
0.641026 , 0.743590 , 3.274254
0.641026 , 0.769231 , 3.225357
0.641026 , 0.794872 , 3.182277
0.641026 , 0.820513 , 3.145535
0.641026 , 0.846154 , 3.114156
0.641026 , 0.871795 , 3.086954
0.641026 , 0.897436 , 3.064818
0.641026 , 0.923077 , 3.048885
0.641026 , 0.948718 , 3.037440
0.641026 , 0.974359 , 3.029651
0.641026 , 1.000000 , 3.026800
0.666667 , 0.000000 , 5.063568
0.666667 , 0.025641 , 5.060840
0.666667 , 0.051282 , 5.054096
0.666667 , 0.076923 , 5.040444
0.666667 , 0.102564 , 5.022218
0.666667 , 0.128205 , 4.997931
0.666667 , 0.153846 , 4.967575
0.666667 , 0.179487 , 4.930546
0.666667 , 0.205128 , 4.887562
0.666667 , 0.230769 , 4.838070
0.666667 , 0.256410 , 4.783307
0.666667 , 0.282051 , 4.721082
0.666667 , 0.307692 , 4.650726
0.666667 , 0.333333 , 4.574189
0.666667 , 0.358974 , 4.492303
0.666667 , 0.384615 , 4.405335
0.666667 , 0.410256 , 4.312669
0.666667 , 0.435897 , 4.216447
0.666667 , 0.461538 , 4.117937
0.666667 , 0.487179 , 4.017733
0.666667 , 0.512821 , 3.917705
0.666667 , 0.538462 , 3.818466
0.666667 , 0.564103 , 3.721791
0.666667 , 0.589744 , 3.628656
0.666667 , 0.615385 , 3.538372
0.666667 , 0.641026 , 3.453302
0.666667 , 0.666667 , 3.374522
0.666667 , 0.692308 , 3.301744
0.666667 , 0.717949 , 3.235837
0.666667 , 0.743590 , 3.176686
0.666667 , 0.769231 , 3.122703
0.666667 , 0.794872 , 3.075386
0.666667 , 0.820513 , 3.036056
0.666667 , 0.846154 , 3.002703
0.666667 , 0.871795 , 2.974577
0.666667 , 0.897436 , 2.951462
0.666667 , 0.923077 , 2.934730
0.666667 , 0.948718 , 2.923145
0.666667 , 0.974359 , 2.915661
0.666667 , 1.000000 , 2.912719
0.692308 , 0.000000 , 5.194972
0.692308 , 0.025641 , 5.192660
0.692308 , 0.051282 , 5.185202
0.692308 , 0.076923 , 5.171862
0.692308 , 0.102564 , 5.153136
0.692308 , 0.128205 , 5.128110
0.692308 , 0.153846 , 5.095937
0.692308 , 0.179487 , 5.056937
0.692308 , 0.205128 , 5.010581
0.692308 , 0.230769 , 4.957814
0.692308 , 0.256410 , 4.896452
0.692308 , 0.282051 , 4.826712
0.692308 , 0.307692 , 4.747636
0.692308 , 0.333333 , 4.660357
0.692308 , 0.358974 , 4.566779
0.692308 , 0.384615 , 4.466314
0.692308 , 0.410256 , 4.360586
0.692308 , 0.435897 , 4.250242
0.692308 , 0.461538 , 4.135976
0.692308 , 0.487179 , 4.020101
0.692308 , 0.512821 , 3.904827
0.692308 , 0.538462 , 3.790547
0.692308 , 0.564103 , 3.678790
0.692308 , 0.589744 , 3.571252
0.692308 , 0.615385 , 3.468641
0.692308 , 0.641026 , 3.371884
0.692308 , 0.666667 , 3.282028
0.692308 , 0.692308 , 3.200400
0.692308 , 0.717949 , 3.127029
0.692308 , 0.743590 , 3.061607
0.692308 , 0.769231 , 3.003377
0.692308 , 0.794872 , 2.952155
0.692308 , 0.820513 , 2.910663
0.692308 , 0.846154 , 2.875823
0.692308 , 0.871795 , 2.846603
0.692308 , 0.897436 , 2.823534
0.692308 , 0.923077 , 2.806502
0.692308 , 0.948718 , 2.794728
0.692308 , 0.974359 , 2.787423
0.692308 , 1.000000 , 2.784505
0.717949 , 0.000000 , 5.341354
0.717949 , 0.025641 , 5.339354
0.717949 , 0.051282 , 5.331836
0.717949 , 0.076923 , 5.319063
0.717949 , 0.102564 , 5.300107
0.717949 , 0.128205 , 5.275186
0.717949 , 0.153846 , 5.241640
0.717949 , 0.179487 , 5.199635
0.717949 , 0.205128 , 5.150306
0.717949 , 0.230769 , 5.093763
0.717949 , 0.256410 , 5.026804
0.717949 , 0.282051 , 4.948557
0.717949 , 0.307692 , 4.859559
0.717949 , 0.333333 , 4.761159
0.717949 , 0.358974 , 4.654035
0.717949 , 0.384615 , 4.538188
0.717949 , 0.410256 , 4.416453
0.717949 , 0.435897 , 4.289985
0.717949 , 0.461538 , 4.158570
0.717949 , 0.487179 , 4.024392
0.717949 , 0.512821 , 3.890579
0.717949 , 0.538462 , 3.758745
0.717949 , 0.564103 , 3.629765
0.717949 , 0.589744 , 3.505398
0.717949 , 0.615385 , 3.387815
0.717949 , 0.641026 , 3.277759
0.717949 , 0.666667 , 3.175428
0.717949 , 0.692308 , 3.082735
0.717949 , 0.717949 , 3.000353
0.717949 , 0.743590 , 2.927469
0.717949 , 0.769231 , 2.865367
0.717949 , 0.794872 , 2.812162
0.717949 , 0.820513 , 2.768553
0.717949 , 0.846154 , 2.732422
0.717949 , 0.871795 , 2.702906
0.717949 , 0.897436 , 2.679564
0.717949 , 0.923077 , 2.662964
0.717949 , 0.948718 , 2.651578
0.717949 , 0.974359 , 2.644245
0.717949 , 1.000000 , 2.641546
0.743590 , 0.000000 , 5.503365
0.743590 , 0.025641 , 5.501156
0.743590 , 0.051282 , 5.494057
0.743590 , 0.076923 , 5.482212
0.743590 , 0.102564 , 5.464501
0.743590 , 0.128205 , 5.440115
0.743590 , 0.153846 , 5.406985
0.743590 , 0.179487 , 5.362897
0.743590 , 0.205128 , 5.310457
0.743590 , 0.230769 , 5.249134
0.743590 , 0.256410 , 5.175441
0.743590 , 0.282051 , 5.087977
0.743590 , 0.307692 , 4.988443
0.743590 , 0.333333 , 4.877245
0.743590 , 0.358974 , 4.755428
0.743590 , 0.384615 , 4.623546
0.743590 , 0.410256 , 4.483840
0.743590 , 0.435897 , 4.336915
0.743590 , 0.461538 , 4.185861
0.743590 , 0.487179 , 4.031623
0.743590 , 0.512821 , 3.876167
0.743590 , 0.538462 , 3.722266
0.743590 , 0.564103 , 3.572716
0.743590 , 0.589744 , 3.429507
0.743590 , 0.615385 , 3.294168
0.743590 , 0.641026 , 3.168674
0.743590 , 0.666667 , 3.052798
0.743590 , 0.692308 , 2.948202
0.743590 , 0.717949 , 2.855497
0.743590 , 0.743590 , 2.774731
0.743590 , 0.769231 , 2.707433
0.743590 , 0.794872 , 2.652063
0.743590 , 0.820513 , 2.606673
0.743590 , 0.846154 , 2.569822
0.743590 , 0.871795 , 2.540747
0.743590 , 0.897436 , 2.518633
0.743590 , 0.923077 , 2.503360
0.743590 , 0.948718 , 2.492830
0.743590 , 0.974359 , 2.485700
0.743590 , 1.000000 , 2.482869
0.769231 , 0.000000 , 5.680996
0.769231 , 0.025641 , 5.678208
0.769231 , 0.051282 , 5.672322
0.769231 , 0.076923 , 5.662274
0.769231 , 0.102564 , 5.646566
0.769231 , 0.128205 , 5.623721
0.769231 , 0.153846 , 5.591602
0.769231 , 0.179487 , 5.548638
0.769231 , 0.205128 , 5.493674
0.769231 , 0.230769 , 5.427488
0.769231 , 0.256410 , 5.345569
0.769231 , 0.282051 , 5.249155
0.769231 , 0.307692 , 5.137748
0.769231 , 0.333333 , 5.012609
0.769231 , 0.358974 , 4.874136
0.769231 , 0.384615 , 4.723733
0.769231 , 0.410256 , 4.563419
0.769231 , 0.435897 , 4.393696
0.769231 , 0.461538 , 4.218653
0.769231 , 0.487179 , 4.040345
0.769231 , 0.512821 , 3.860258
0.769231 , 0.538462 , 3.681868
0.769231 , 0.564103 , 3.508085
0.769231 , 0.589744 , 3.342921
0.769231 , 0.615385 , 3.186693
0.769231 , 0.641026 , 3.042654
0.769231 , 0.666667 , 2.910938
0.769231 , 0.692308 , 2.792602
0.769231 , 0.717949 , 2.689262
0.769231 , 0.743590 , 2.601257
0.769231 , 0.769231 , 2.528064
0.769231 , 0.794872 , 2.469904
0.769231 , 0.820513 , 2.423698
0.769231 , 0.846154 , 2.386470
0.769231 , 0.871795 , 2.358710
0.769231 , 0.897436 , 2.338837
0.769231 , 0.923077 , 2.326432
0.769231 , 0.948718 , 2.317523
0.769231 , 0.974359 , 2.311843
0.769231 , 1.000000 , 2.309721
0.794872 , 0.000000 , 5.873036
0.794872 , 0.025641 , 5.871290
0.794872 , 0.051282 , 5.866477
0.794872 , 0.076923 , 5.859704
0.794872 , 0.102564 , 5.847707
0.794872 , 0.128205 , 5.828230
0.794872 , 0.153846 , 5.798452
0.794872 , 0.179487 , 5.756811
0.794872 , 0.205128 , 5.702252
0.794872 , 0.230769 , 5.631563
0.794872 , 0.256410 , 5.542771
0.794872 , 0.282051 , 5.435442
0.794872 , 0.307692 , 5.311092
0.794872 , 0.333333 , 5.169987
0.794872 , 0.358974 , 5.012278
0.794872 , 0.384615 , 4.840020
0.794872 , 0.410256 , 4.655530
0.794872 , 0.435897 , 4.460223
0.794872 , 0.461538 , 4.258350
0.794872 , 0.487179 , 4.051188
0.794872 , 0.512821 , 3.842466
0.794872 , 0.538462 , 3.636459
0.794872 , 0.564103 , 3.436184
0.794872 , 0.589744 , 3.244394
0.794872 , 0.615385 , 3.064490
0.794872 , 0.641026 , 2.898447
0.794872 , 0.666667 , 2.747723
0.794872 , 0.692308 , 2.614352
0.794872 , 0.717949 , 2.498900
0.794872 , 0.743590 , 2.402635
0.794872 , 0.769231 , 2.324000
0.794872 , 0.794872 , 2.263186
0.794872 , 0.820513 , 2.217562
0.794872 , 0.846154 , 2.182203
0.794872 , 0.871795 , 2.156996
0.794872 , 0.897436 , 2.140448
0.794872 , 0.923077 , 2.131518
0.794872 , 0.948718 , 2.125649
0.794872 , 0.974359 , 2.123032
0.794872 , 1.000000 , 2.121953
0.820513 , 0.000000 , 6.078021
0.820513 , 0.025641 , 6.078101
0.820513 , 0.051282 , 6.077100
0.820513 , 0.076923 , 6.075006
0.820513 , 0.102564 , 6.068835
0.820513 , 0.128205 , 6.054511
0.820513 , 0.153846 , 6.029318
0.820513 , 0.179487 , 5.990080
0.820513 , 0.205128 , 5.935341
0.820513 , 0.230769 , 5.862207
0.820513 , 0.256410 , 5.768623
0.820513 , 0.282051 , 5.651414
0.820513 , 0.307692 , 5.512509
0.820513 , 0.333333 , 5.352726
0.820513 , 0.358974 , 5.173134
0.820513 , 0.384615 , 4.975638
0.820513 , 0.410256 , 4.763164
0.820513 , 0.435897 , 4.538496
0.820513 , 0.461538 , 4.305113
0.820513 , 0.487179 , 4.064935
0.820513 , 0.512821 , 3.823026
0.820513 , 0.538462 , 3.584564
0.820513 , 0.564103 , 3.353751
0.820513 , 0.589744 , 3.132877
0.820513 , 0.615385 , 2.924319
0.820513 , 0.641026 , 2.732594
0.820513 , 0.666667 , 2.560130
0.820513 , 0.692308 , 2.409125
0.820513 , 0.717949 , 2.281288
0.820513 , 0.743590 , 2.175298
0.820513 , 0.769231 , 2.091303
0.820513 , 0.794872 , 2.028192
0.820513 , 0.820513 , 1.983702
0.820513 , 0.846154 , 1.952492
0.820513 , 0.871795 , 1.932277
0.820513 , 0.897436 , 1.921618
0.820513 , 0.923077 , 1.918263
0.820513 , 0.948718 , 1.917954
0.820513 , 0.974359 , 1.919155
0.820513 , 1.000000 , 1.919327
0.846154 , 0.000000 , 6.294649
0.846154 , 0.025641 , 6.296908
0.846154 , 0.051282 , 6.301609
0.846154 , 0.076923 , 6.307594
0.846154 , 0.102564 , 6.310253
0.846154 , 0.128205 , 6.304392
0.846154 , 0.153846 , 6.287023
0.846154 , 0.179487 , 6.253239
0.846154 , 0.205128 , 6.200031
0.846154 , 0.230769 , 6.124547
0.846154 , 0.256410 , 6.025228
0.846154 , 0.282051 , 5.898499
0.846154 , 0.307692 , 5.744084
0.846154 , 0.333333 , 5.564317
0.846154 , 0.358974 , 5.359966
0.846154 , 0.384615 , 5.134199
0.846154 , 0.410256 , 4.889846
0.846154 , 0.435897 , 4.630063
0.846154 , 0.461538 , 4.359580
0.846154 , 0.487179 , 4.082181
0.846154 , 0.512821 , 3.802080
0.846154 , 0.538462 , 3.526225
0.846154 , 0.564103 , 3.258688
0.846154 , 0.589744 , 3.003400
0.846154 , 0.615385 , 2.763194
0.846154 , 0.641026 , 2.542219
0.846154 , 0.666667 , 2.345090
0.846154 , 0.692308 , 2.174131
0.846154 , 0.717949 , 2.031575
0.846154 , 0.743590 , 1.916125
0.846154 , 0.769231 , 1.826909
0.846154 , 0.794872 , 1.762458
0.846154 , 0.820513 , 1.719668
0.846154 , 0.846154 , 1.694575
0.846154 , 0.871795 , 1.682624
0.846154 , 0.897436 , 1.681000
0.846154 , 0.923077 , 1.686946
0.846154 , 0.948718 , 1.694805
0.846154 , 0.974359 , 1.700865
0.846154 , 1.000000 , 1.702942
0.871795 , 0.000000 , 6.521313
0.871795 , 0.025641 , 6.526240
0.871795 , 0.051282 , 6.538569
0.871795 , 0.076923 , 6.555597
0.871795 , 0.102564 , 6.570463
0.871795 , 0.128205 , 6.578103
0.871795 , 0.153846 , 6.572122
0.871795 , 0.179487 , 6.547153
0.871795 , 0.205128 , 6.499613
0.871795 , 0.230769 , 6.424037
0.871795 , 0.256410 , 6.318861
0.871795 , 0.282051 , 6.181010
0.871795 , 0.307692 , 6.010836
0.871795 , 0.333333 , 5.809796
0.871795 , 0.358974 , 5.578457
0.871795 , 0.384615 , 5.319573
0.871795 , 0.410256 , 5.038056
0.871795 , 0.435897 , 4.737972
0.871795 , 0.461538 , 4.423997
0.871795 , 0.487179 , 4.102386
0.871795 , 0.512821 , 3.778374
0.871795 , 0.538462 , 3.458413
0.871795 , 0.564103 , 3.148569
0.871795 , 0.589744 , 2.853268
0.871795 , 0.615385 , 2.575969
0.871795 , 0.641026 , 2.322014
0.871795 , 0.666667 , 2.097767
0.871795 , 0.692308 , 1.905204
0.871795 , 0.717949 , 1.745943
0.871795 , 0.743590 , 1.619577
0.871795 , 0.769231 , 1.524952
0.871795 , 0.794872 , 1.460514
0.871795 , 0.820513 , 1.423086
0.871795 , 0.846154 , 1.406710
0.871795 , 0.871795 , 1.407023
0.871795 , 0.897436 , 1.420077
0.871795 , 0.923077 , 1.439505
0.871795 , 0.948718 , 1.459313
0.871795 , 0.974359 , 1.472921
0.871795 , 1.000000 , 1.477831
0.897436 , 0.000000 , 6.752747
0.897436 , 0.025641 , 6.761856
0.897436 , 0.051282 , 6.785419
0.897436 , 0.076923 , 6.817872
0.897436 , 0.102564 , 6.851657
0.897436 , 0.128205 , 6.878300
0.897436 , 0.153846 , 6.889467
0.897436 , 0.179487 , 6.877635
0.897436 , 0.205128 , 6.837896
0.897436 , 0.230769 , 6.764397
0.897436 , 0.256410 , 6.655322
0.897436 , 0.282051 , 6.506324
0.897436 , 0.307692 , 6.318325
0.897436 , 0.333333 , 6.092864
0.897436 , 0.358974 , 5.830547
0.897436 , 0.384615 , 5.534869
0.897436 , 0.410256 , 5.210259
0.897436 , 0.435897 , 4.863365
0.897436 , 0.461538 , 4.499815
0.897436 , 0.487179 , 4.126898
0.897436 , 0.512821 , 3.751258
0.897436 , 0.538462 , 3.379778
0.897436 , 0.564103 , 3.019608
0.897436 , 0.589744 , 2.677974
0.897436 , 0.615385 , 2.358842
0.897436 , 0.641026 , 2.067850
0.897436 , 0.666667 , 1.811858
0.897436 , 0.692308 , 1.594445
0.897436 , 0.717949 , 1.416976
0.897436 , 0.743590 , 1.280029
0.897436 , 0.769231 , 1.181182
0.897436 , 0.794872 , 1.118929
0.897436 , 0.820513 , 1.089480
0.897436 , 0.846154 , 1.087115
0.897436 , 0.871795 , 1.105388
0.897436 , 0.897436 , 1.138599
0.897436 , 0.923077 , 1.177662
0.897436 , 0.948718 , 1.214091
0.897436 , 0.974359 , 1.239470
0.897436 , 1.000000 , 1.248194
0.923077 , 0.000000 , 6.981427
0.923077 , 0.025641 , 6.996422
0.923077 , 0.051282 , 7.036774
0.923077 , 0.076923 , 7.092648
0.923077 , 0.102564 , 7.152865
0.923077 , 0.128205 , 7.206104
0.923077 , 0.153846 , 7.241836
0.923077 , 0.179487 , 7.249095
0.923077 , 0.205128 , 7.222329
0.923077 , 0.230769 , 7.154208
0.923077 , 0.256410 , 7.041713
0.923077 , 0.282051 , 6.882154
0.923077 , 0.307692 , 6.674156
0.923077 , 0.333333 , 6.420396
0.923077 , 0.358974 , 6.122871
0.923077 , 0.384615 , 5.783872
0.923077 , 0.410256 , 5.410720
0.923077 , 0.435897 , 5.010029
0.923077 , 0.461538 , 4.589337
0.923077 , 0.487179 , 4.156775
0.923077 , 0.512821 , 3.720221
0.923077 , 0.538462 , 3.288859
0.923077 , 0.564103 , 2.870561
0.923077 , 0.589744 , 2.473905
0.923077 , 0.615385 , 2.106574
0.923077 , 0.641026 , 1.774097
0.923077 , 0.666667 , 1.482092
0.923077 , 0.692308 , 1.236272
0.923077 , 0.717949 , 1.039193
0.923077 , 0.743590 , 0.890475
0.923077 , 0.769231 , 0.789449
0.923077 , 0.794872 , 0.732725
0.923077 , 0.820513 , 0.716355
0.923077 , 0.846154 , 0.733351
0.923077 , 0.871795 , 0.776406
0.923077 , 0.897436 , 0.836763
0.923077 , 0.923077 , 0.902930
0.923077 , 0.948718 , 0.963118
0.923077 , 0.974359 , 1.006069
0.923077 , 1.000000 , 1.020758
0.948718 , 0.000000 , 7.194973
0.948718 , 0.025641 , 7.219902
0.948718 , 0.051282 , 7.286012
0.948718 , 0.076923 , 7.376795
0.948718 , 0.102564 , 7.475126
0.948718 , 0.128205 , 7.565314
0.948718 , 0.153846 , 7.633726
0.948718 , 0.179487 , 7.668449
0.948718 , 0.205128 , 7.659782
0.948718 , 0.230769 , 7.600387
0.948718 , 0.256410 , 7.486450
0.948718 , 0.282051 , 7.315460
0.948718 , 0.307692 , 7.086184
0.948718 , 0.333333 , 6.800780
0.948718 , 0.358974 , 6.461714
0.948718 , 0.384615 , 6.073314
0.948718 , 0.410256 , 5.643085
0.948718 , 0.435897 , 5.180351
0.948718 , 0.461538 , 4.693261
0.948718 , 0.487179 , 4.191516
0.948718 , 0.512821 , 3.685047
0.948718 , 0.538462 , 3.184069
0.948718 , 0.564103 , 2.698641
0.948718 , 0.589744 , 2.238802
0.948718 , 0.615385 , 1.814590
0.948718 , 0.641026 , 1.433224
0.948718 , 0.666667 , 1.100818
0.948718 , 0.692308 , 0.822750
0.948718 , 0.717949 , 0.603536
0.948718 , 0.743590 , 0.443644
0.948718 , 0.769231 , 0.341444
0.948718 , 0.794872 , 0.293235
0.948718 , 0.820513 , 0.294912
0.948718 , 0.846154 , 0.338990
0.948718 , 0.871795 , 0.415570
0.948718 , 0.897436 , 0.513101
0.948718 , 0.923077 , 0.617440
0.948718 , 0.948718 , 0.712796
0.948718 , 0.974359 , 0.781824
0.948718 , 1.000000 , 0.806872
0.974359 , 0.000000 , 7.374344
0.974359 , 0.025641 , 7.416316
0.974359 , 0.051282 , 7.524094
0.974359 , 0.076923 , 7.667629
0.974359 , 0.102564 , 7.819882
0.974359 , 0.128205 , 7.960214
0.974359 , 0.153846 , 8.072543
0.974359 , 0.179487 , 8.142903
0.974359 , 0.205128 , 8.159181
0.974359 , 0.230769 , 8.113268
0.974359 , 0.256410 , 7.999867
0.974359 , 0.282051 , 7.817623
0.974359 , 0.307692 , 7.564167
0.974359 , 0.333333 , 7.241996
0.974359 , 0.358974 , 6.855546
0.974359 , 0.384615 , 6.409902
0.974359 , 0.410256 , 5.914223
0.974359 , 0.435897 , 5.378864
0.974359 , 0.461538 , 4.813918
0.974359 , 0.487179 , 4.231449
0.974359 , 0.512821 , 3.643627
0.974359 , 0.538462 , 3.062225
0.974359 , 0.564103 , 2.498834
0.974359 , 0.589744 , 1.966207
0.974359 , 0.615385 , 1.475724
0.974359 , 0.641026 , 1.036858
0.974359 , 0.666667 , 0.657957
0.974359 , 0.692308 , 0.344663
0.974359 , 0.717949 , 0.101066
0.974359 , 0.743590 , -0.071103
0.974359 , 0.769231 , -0.173283
0.974359 , 0.794872 , -0.208422
0.974359 , 0.820513 , -0.181553
0.974359 , 0.846154 , -0.101738
0.974359 , 0.871795 , 0.019101
0.974359 , 0.897436 , 0.167506
0.974359 , 0.923077 , 0.326075
0.974359 , 0.948718 , 0.473802
0.974359 , 0.974359 , 0.585197
0.974359 , 1.000000 , 0.628885
1.000000 , 0.000000 , 7.483373
1.000000 , 0.025641 , 7.562474
1.000000 , 0.051282 , 7.741316
1.000000 , 0.076923 , 7.962207
1.000000 , 0.102564 , 8.189527
1.000000 , 0.128205 , 8.397685
1.000000 , 0.153846 , 8.567942
1.000000 , 0.179487 , 8.683837
1.000000 , 0.205128 , 8.732504
1.000000 , 0.230769 , 8.704802
1.000000 , 0.256410 , 8.594833
1.000000 , 0.282051 , 8.399802
1.000000 , 0.307692 , 8.119524
1.000000 , 0.333333 , 7.756313
1.000000 , 0.358974 , 7.314718
1.000000 , 0.384615 , 6.802404
1.000000 , 0.410256 , 6.230374
1.000000 , 0.435897 , 5.610406
1.000000 , 0.461538 , 4.955425
1.000000 , 0.487179 , 4.278536
1.000000 , 0.512821 , 3.595294
1.000000 , 0.538462 , 2.919443
1.000000 , 0.564103 , 2.265771
1.000000 , 0.589744 , 1.648659
1.000000 , 0.615385 , 1.081953
1.000000 , 0.641026 , 0.576516
1.000000 , 0.666667 , 0.142586
1.000000 , 0.692308 , -0.211687
1.000000 , 0.717949 , -0.482196
1.000000 , 0.743590 , -0.665866
1.000000 , 0.769231 , -0.764909
1.000000 , 0.794872 , -0.781788
1.000000 , 0.820513 , -0.722741
1.000000 , 0.846154 , -0.597522
1.000000 , 0.871795 , -0.419208
1.000000 , 0.897436 , -0.203247
1.000000 , 0.923077 , 0.030361
1.000000 , 0.948718 , 0.256145
1.000000 , 0.974359 , 0.439530
1.000000 , 1.000000 , 0.522867
