0.000000 , 0.000000 , -3.929149
0.000000 , 0.025641 , -3.929149
0.000000 , 0.051282 , -3.929149
0.000000 , 0.076923 , -3.929149
0.000000 , 0.102564 , -3.929149
0.000000 , 0.128205 , -3.929149
0.000000 , 0.153846 , -3.929149
0.000000 , 0.179487 , -3.929149
0.000000 , 0.205128 , -3.929149
0.000000 , 0.230769 , -3.929149
0.000000 , 0.256410 , -3.929149
0.000000 , 0.282051 , -3.929149
0.000000 , 0.307692 , -3.929149
0.000000 , 0.333333 , -3.929149
0.000000 , 0.358974 , -3.929149
0.000000 , 0.384615 , -3.929149
0.000000 , 0.410256 , -3.929149
0.000000 , 0.435897 , -3.929149
0.000000 , 0.461538 , -3.929149
0.000000 , 0.487179 , -3.929149
0.000000 , 0.512821 , -3.929149
0.000000 , 0.538462 , -3.929149
0.000000 , 0.564103 , -3.929149
0.000000 , 0.589744 , -3.929149
0.000000 , 0.615385 , -3.929149
0.000000 , 0.641026 , -3.929149
0.000000 , 0.666667 , -3.929149
0.000000 , 0.692308 , -3.929149
0.000000 , 0.717949 , -3.929149
0.000000 , 0.743590 , -3.929149
0.000000 , 0.769231 , -3.929149
0.000000 , 0.794872 , -3.929149
0.000000 , 0.820513 , -3.929149
0.000000 , 0.846154 , -3.929149
0.000000 , 0.871795 , -3.929149
0.000000 , 0.897436 , -3.929149
0.000000 , 0.923077 , -3.929149
0.000000 , 0.948718 , -3.929149
0.000000 , 0.974359 , -3.929149
0.000000 , 1.000000 , -3.929149
0.025641 , 0.000000 , -3.702399
0.025641 , 0.025641 , -3.702494
0.025641 , 0.051282 , -3.702421
0.025641 , 0.076923 , -3.701469
0.025641 , 0.102564 , -3.701076
0.025641 , 0.128205 , -3.701249
0.025641 , 0.153846 , -3.701630
0.025641 , 0.179487 , -3.703369
0.025641 , 0.205128 , -3.706420
0.025641 , 0.230769 , -3.710924
0.025641 , 0.256410 , -3.715730
0.025641 , 0.282051 , -3.719667
0.025641 , 0.307692 , -3.723180
0.025641 , 0.333333 , -3.727940
0.025641 , 0.358974 , -3.733305
0.025641 , 0.384615 , -3.737768
0.025641 , 0.410256 , -3.742726
0.025641 , 0.435897 , -3.748283
0.025641 , 0.461538 , -3.754850
0.025641 , 0.487179 , -3.761470
0.025641 , 0.512821 , -3.767897
0.025641 , 0.538462 , -3.773695
0.025641 , 0.564103 , -3.778795
0.025641 , 0.589744 , -3.784029
0.025641 , 0.615385 , -3.789190
0.025641 , 0.641026 , -3.793634
0.025641 , 0.666667 , -3.798474
0.025641 , 0.692308 , -3.802923
0.025641 , 0.717949 , -3.806445
0.025641 , 0.743590 , -3.809557
0.025641 , 0.769231 , -3.813299
0.025641 , 0.794872 , -3.816264
0.025641 , 0.820513 , -3.818379
0.025641 , 0.846154 , -3.820400
0.025641 , 0.871795 , -3.822239
0.025641 , 0.897436 , -3.823931
0.025641 , 0.923077 , -3.825295
0.025641 , 0.948718 , -3.826429
0.025641 , 0.974359 , -3.827147
0.025641 , 1.000000 , -3.828029
0.051282 , 0.000000 , -3.473817
0.051282 , 0.025641 , -3.472944
0.051282 , 0.051282 , -3.471890
0.051282 , 0.076923 , -3.471533
0.051282 , 0.102564 , -3.471409
0.051282 , 0.128205 , -3.472533
0.051282 , 0.153846 , -3.474771
0.051282 , 0.179487 , -3.478253
0.051282 , 0.205128 , -3.483693
0.051282 , 0.230769 , -3.491676
0.051282 , 0.256410 , -3.499978
0.051282 , 0.282051 , -3.508335
0.051282 , 0.307692 , -3.516566
0.051282 , 0.333333 , -3.525536
0.051282 , 0.358974 , -3.535561
0.051282 , 0.384615 , -3.545614
0.051282 , 0.410256 , -3.556416
0.051282 , 0.435897 , -3.567082
0.051282 , 0.461538 , -3.579228
0.051282 , 0.487179 , -3.591852
0.051282 , 0.512821 , -3.604461
0.051282 , 0.538462 , -3.615974
0.051282 , 0.564103 , -3.626351
0.051282 , 0.589744 , -3.636859
0.051282 , 0.615385 , -3.647337
0.051282 , 0.641026 , -3.656351
0.051282 , 0.666667 , -3.665109
0.051282 , 0.692308 , -3.674108
0.051282 , 0.717949 , -3.681876
0.051282 , 0.743590 , -3.688814
0.051282 , 0.769231 , -3.695091
0.051282 , 0.794872 , -3.700677
0.051282 , 0.820513 , -3.706078
0.051282 , 0.846154 , -3.710355
0.051282 , 0.871795 , -3.713820
0.051282 , 0.897436 , -3.716886
0.051282 , 0.923077 , -3.719030
0.051282 , 0.948718 , -3.721550
0.051282 , 0.974359 , -3.723012
0.051282 , 1.000000 , -3.723605
0.076923 , 0.000000 , -3.244894
0.076923 , 0.025641 , -3.243615
0.076923 , 0.051282 , -3.241380
0.076923 , 0.076923 , -3.240708
0.076923 , 0.102564 , -3.241550
0.076923 , 0.128205 , -3.244042
0.076923 , 0.153846 , -3.248141
0.076923 , 0.179487 , -3.253722
0.076923 , 0.205128 , -3.261138
0.076923 , 0.230769 , -3.271257
0.076923 , 0.256410 , -3.283237
0.076923 , 0.282051 , -3.295250
0.076923 , 0.307692 , -3.309000
0.076923 , 0.333333 , -3.323250
0.076923 , 0.358974 , -3.337279
0.076923 , 0.384615 , -3.352995
0.076923 , 0.410256 , -3.369694
0.076923 , 0.435897 , -3.386151
0.076923 , 0.461538 , -3.403075
0.076923 , 0.487179 , -3.421485
0.076923 , 0.512821 , -3.439549
0.076923 , 0.538462 , -3.456782
0.076923 , 0.564103 , -3.473137
0.076923 , 0.589744 , -3.489314
0.076923 , 0.615385 , -3.504679
0.076923 , 0.641026 , -3.519242
0.076923 , 0.666667 , -3.532373
0.076923 , 0.692308 , -3.544700
0.076923 , 0.717949 , -3.556672
0.076923 , 0.743590 , -3.566720
0.076923 , 0.769231 , -3.575931
0.076923 , 0.794872 , -3.584717
0.076923 , 0.820513 , -3.592958
0.076923 , 0.846154 , -3.599486
0.076923 , 0.871795 , -3.604258
0.076923 , 0.897436 , -3.608953
0.076923 , 0.923077 , -3.612240
0.076923 , 0.948718 , -3.615232
0.076923 , 0.974359 , -3.617240
0.076923 , 1.000000 , -3.618623
0.102564 , 0.000000 , -3.014287
0.102564 , 0.025641 , -3.013291
0.102564 , 0.051282 , -3.011686
0.102564 , 0.076923 , -3.011757
0.102564 , 0.102564 , -3.013186
0.102564 , 0.128205 , -3.016920
0.102564 , 0.153846 , -3.022435
0.102564 , 0.179487 , -3.029717
0.102564 , 0.205128 , -3.039634
0.102564 , 0.230769 , -3.052139
0.102564 , 0.256410 , -3.066767
0.102564 , 0.282051 , -3.082612
0.102564 , 0.307692 , -3.101171
0.102564 , 0.333333 , -3.120397
0.102564 , 0.358974 , -3.138904
0.102564 , 0.384615 , -3.160191
0.102564 , 0.410256 , -3.182553
0.102564 , 0.435897 , -3.204685
0.102564 , 0.461538 , -3.226991
0.102564 , 0.487179 , -3.251185
0.102564 , 0.512821 , -3.274547
0.102564 , 0.538462 , -3.297229
0.102564 , 0.564103 , -3.320257
0.102564 , 0.589744 , -3.342114
0.102564 , 0.615385 , -3.362299
0.102564 , 0.641026 , -3.380541
0.102564 , 0.666667 , -3.398529
0.102564 , 0.692308 , -3.415149
0.102564 , 0.717949 , -3.430882
0.102564 , 0.743590 , -3.444276
0.102564 , 0.769231 , -3.456790
0.102564 , 0.794872 , -3.468534
0.102564 , 0.820513 , -3.478883
0.102564 , 0.846154 , -3.487652
0.102564 , 0.871795 , -3.494186
0.102564 , 0.897436 , -3.500134
0.102564 , 0.923077 , -3.504814
0.102564 , 0.948718 , -3.508567
0.102564 , 0.974359 , -3.511376
0.102564 , 1.000000 , -3.512747
0.128205 , 0.000000 , -2.783831
0.128205 , 0.025641 , -2.783506
0.128205 , 0.051282 , -2.783330
0.128205 , 0.076923 , -2.784419
0.128205 , 0.102564 , -2.786967
0.128205 , 0.128205 , -2.791605
0.128205 , 0.153846 , -2.798296
0.128205 , 0.179487 , -2.807453
0.128205 , 0.205128 , -2.819001
0.128205 , 0.230769 , -2.833795
0.128205 , 0.256410 , -2.851645
0.128205 , 0.282051 , -2.870660
0.128205 , 0.307692 , -2.893102
0.128205 , 0.333333 , -2.916942
0.128205 , 0.358974 , -2.940747
0.128205 , 0.384615 , -2.967669
0.128205 , 0.410256 , -2.995290
0.128205 , 0.435897 , -3.023106
0.128205 , 0.461538 , -3.051846
0.128205 , 0.487179 , -3.081502
0.128205 , 0.512821 , -3.110445
0.128205 , 0.538462 , -3.138659
0.128205 , 0.564103 , -3.167359
0.128205 , 0.589744 , -3.193951
0.128205 , 0.615385 , -3.218979
0.128205 , 0.641026 , -3.242341
0.128205 , 0.666667 , -3.264319
0.128205 , 0.692308 , -3.284744
0.128205 , 0.717949 , -3.304818
0.128205 , 0.743590 , -3.322900
0.128205 , 0.769231 , -3.338927
0.128205 , 0.794872 , -3.353764
0.128205 , 0.820513 , -3.365954
0.128205 , 0.846154 , -3.376678
0.128205 , 0.871795 , -3.384816
0.128205 , 0.897436 , -3.392141
0.128205 , 0.923077 , -3.397781
0.128205 , 0.948718 , -3.401549
0.128205 , 0.974359 , -3.404967
0.128205 , 1.000000 , -3.406630
0.153846 , 0.000000 , -2.555873
0.153846 , 0.025641 , -2.555669
0.153846 , 0.051282 , -2.556530
0.153846 , 0.076923 , -2.559066
0.153846 , 0.102564 , -2.562546
0.153846 , 0.128205 , -2.568606
0.153846 , 0.153846 , -2.576991
0.153846 , 0.179487 , -2.587560
0.153846 , 0.205128 , -2.600799
0.153846 , 0.230769 , -2.617524
0.153846 , 0.256410 , -2.637668
0.153846 , 0.282051 , -2.660862
0.153846 , 0.307692 , -2.686951
0.153846 , 0.333333 , -2.715044
0.153846 , 0.358974 , -2.744065
0.153846 , 0.384615 , -2.776204
0.153846 , 0.410256 , -2.810063
0.153846 , 0.435897 , -2.843409
0.153846 , 0.461538 , -2.877726
0.153846 , 0.487179 , -2.912605
0.153846 , 0.512821 , -2.946960
0.153846 , 0.538462 , -2.980971
0.153846 , 0.564103 , -3.014166
0.153846 , 0.589744 , -3.046310
0.153846 , 0.615385 , -3.075989
0.153846 , 0.641026 , -3.104489
0.153846 , 0.666667 , -3.131212
0.153846 , 0.692308 , -3.155847
0.153846 , 0.717949 , -3.180269
0.153846 , 0.743590 , -3.201748
0.153846 , 0.769231 , -3.221311
0.153846 , 0.794872 , -3.238471
0.153846 , 0.820513 , -3.253887
0.153846 , 0.846154 , -3.266534
0.153846 , 0.871795 , -3.277466
0.153846 , 0.897436 , -3.285687
0.153846 , 0.923077 , -3.292767
0.153846 , 0.948718 , -3.296782
0.153846 , 0.974359 , -3.300081
0.153846 , 1.000000 , -3.302135
0.179487 , 0.000000 , -2.331254
0.179487 , 0.025641 , -2.331511
0.179487 , 0.051282 , -2.332825
0.179487 , 0.076923 , -2.336170
0.179487 , 0.102564 , -2.341041
0.179487 , 0.128205 , -2.348349
0.179487 , 0.153846 , -2.358367
0.179487 , 0.179487 , -2.370921
0.179487 , 0.205128 , -2.386088
0.179487 , 0.230769 , -2.405125
0.179487 , 0.256410 , -2.427824
0.179487 , 0.282051 , -2.454591
0.179487 , 0.307692 , -2.484834
0.179487 , 0.333333 , -2.517272
0.179487 , 0.358974 , -2.551163
0.179487 , 0.384615 , -2.587771
0.179487 , 0.410256 , -2.626558
0.179487 , 0.435897 , -2.665732
0.179487 , 0.461538 , -2.705889
0.179487 , 0.487179 , -2.745735
0.179487 , 0.512821 , -2.785163
0.179487 , 0.538462 , -2.824689
0.179487 , 0.564103 , -2.863064
0.179487 , 0.589744 , -2.899537
0.179487 , 0.615385 , -2.935073
0.179487 , 0.641026 , -2.968921
0.179487 , 0.666667 , -3.000434
0.179487 , 0.692308 , -3.029668
0.179487 , 0.717949 , -3.058309
0.179487 , 0.743590 , -3.084001
0.179487 , 0.769231 , -3.107015
0.179487 , 0.794872 , -3.127392
0.179487 , 0.820513 , -3.144809
0.179487 , 0.846154 , -3.160280
0.179487 , 0.871795 , -3.172866
0.179487 , 0.897436 , -3.182531
0.179487 , 0.923077 , -3.190448
0.179487 , 0.948718 , -3.194878
0.179487 , 0.974359 , -3.198414
0.179487 , 1.000000 , -3.200280
0.205128 , 0.000000 , -2.110556
0.205128 , 0.025641 , -2.110925
0.205128 , 0.051282 , -2.112746
0.205128 , 0.076923 , -2.116572
0.205128 , 0.102564 , -2.122476
0.205128 , 0.128205 , -2.131494
0.205128 , 0.153846 , -2.143574
0.205128 , 0.179487 , -2.158132
0.205128 , 0.205128 , -2.176125
0.205128 , 0.230769 , -2.197578
0.205128 , 0.256410 , -2.222838
0.205128 , 0.282051 , -2.252659
0.205128 , 0.307692 , -2.286269
0.205128 , 0.333333 , -2.323048
0.205128 , 0.358974 , -2.361947
0.205128 , 0.384615 , -2.402590
0.205128 , 0.410256 , -2.445764
0.205128 , 0.435897 , -2.489880
0.205128 , 0.461538 , -2.535320
0.205128 , 0.487179 , -2.580398
0.205128 , 0.512821 , -2.625714
0.205128 , 0.538462 , -2.669964
0.205128 , 0.564103 , -2.713105
0.205128 , 0.589744 , -2.755363
0.205128 , 0.615385 , -2.796076
0.205128 , 0.641026 , -2.835568
0.205128 , 0.666667 , -2.872332
0.205128 , 0.692308 , -2.905985
0.205128 , 0.717949 , -2.938248
0.205128 , 0.743590 , -2.967578
0.205128 , 0.769231 , -2.994120
0.205128 , 0.794872 , -3.016882
0.205128 , 0.820513 , -3.038192
0.205128 , 0.846154 , -3.056599
0.205128 , 0.871795 , -3.071730
0.205128 , 0.897436 , -3.082074
0.205128 , 0.923077 , -3.090400
0.205128 , 0.948718 , -3.096593
0.205128 , 0.974359 , -3.100370
0.205128 , 1.000000 , -3.102013
0.230769 , 0.000000 , -1.891905
0.230769 , 0.025641 , -1.892511
0.230769 , 0.051282 , -1.895357
0.230769 , 0.076923 , -1.900327
0.230769 , 0.102564 , -1.906893
0.230769 , 0.128205 , -1.917653
0.230769 , 0.153846 , -1.932240
0.230769 , 0.179487 , -1.949573
0.230769 , 0.205128 , -1.970236
0.230769 , 0.230769 , -1.994014
0.230769 , 0.256410 , -2.022029
0.230769 , 0.282051 , -2.054999
0.230769 , 0.307692 , -2.091891
0.230769 , 0.333333 , -2.132724
0.230769 , 0.358974 , -2.175944
0.230769 , 0.384615 , -2.220661
0.230769 , 0.410256 , -2.267381
0.230769 , 0.435897 , -2.316156
0.230769 , 0.461538 , -2.366817
0.230769 , 0.487179 , -2.417605
0.230769 , 0.512821 , -2.468732
0.230769 , 0.538462 , -2.518793
0.230769 , 0.564103 , -2.566962
0.230769 , 0.589744 , -2.614301
0.230769 , 0.615385 , -2.660344
0.230769 , 0.641026 , -2.704899
0.230769 , 0.666667 , -2.746921
0.230769 , 0.692308 , -2.786082
0.230769 , 0.717949 , -2.822679
0.230769 , 0.743590 , -2.855538
0.230769 , 0.769231 , -2.884865
0.230769 , 0.794872 , -2.911144
0.230769 , 0.820513 , -2.934839
0.230769 , 0.846154 , -2.955825
0.230769 , 0.871795 , -2.972727
0.230769 , 0.897436 , -2.984810
0.230769 , 0.923077 , -2.994343
0.230769 , 0.948718 , -3.001769
0.230769 , 0.974359 , -3.006456
0.230769 , 1.000000 , -3.007571
0.256410 , 0.000000 , -1.674748
0.256410 , 0.025641 , -1.675737
0.256410 , 0.051282 , -1.679643
0.256410 , 0.076923 , -1.686327
0.256410 , 0.102564 , -1.694988
0.256410 , 0.128205 , -1.707995
0.256410 , 0.153846 , -1.724350
0.256410 , 0.179487 , -1.743927
0.256410 , 0.205128 , -1.767307
0.256410 , 0.230769 , -1.794237
0.256410 , 0.256410 , -1.826009
0.256410 , 0.282051 , -1.861876
0.256410 , 0.307692 , -1.902078
0.256410 , 0.333333 , -1.946346
0.256410 , 0.358974 , -1.993683
0.256410 , 0.384615 , -2.043027
0.256410 , 0.410256 , -2.093877
0.256410 , 0.435897 , -2.147110
0.256410 , 0.461538 , -2.201772
0.256410 , 0.487179 , -2.257799
0.256410 , 0.512821 , -2.314899
0.256410 , 0.538462 , -2.370773
0.256410 , 0.564103 , -2.424341
0.256410 , 0.589744 , -2.476987
0.256410 , 0.615385 , -2.528090
0.256410 , 0.641026 , -2.577022
0.256410 , 0.666667 , -2.623732
0.256410 , 0.692308 , -2.667495
0.256410 , 0.717949 , -2.708513
0.256410 , 0.743590 , -2.746567
0.256410 , 0.769231 , -2.780357
0.256410 , 0.794872 , -2.810433
0.256410 , 0.820513 , -2.837064
0.256410 , 0.846154 , -2.859428
0.256410 , 0.871795 , -2.877629
0.256410 , 0.897436 , -2.891531
0.256410 , 0.923077 , -2.903001
0.256410 , 0.948718 , -2.911335
0.256410 , 0.974359 , -2.916541
0.256410 , 1.000000 , -2.918512
0.282051 , 0.000000 , -1.459718
0.282051 , 0.025641 , -1.461697
0.282051 , 0.051282 , -1.467062
0.282051 , 0.076923 , -1.474939
0.282051 , 0.102564 , -1.485401
0.282051 , 0.128205 , -1.501039
0.282051 , 0.153846 , -1.519410
0.282051 , 0.179487 , -1.541235
0.282051 , 0.205128 , -1.567226
0.282051 , 0.230769 , -1.597708
0.282051 , 0.256410 , -1.633722
0.282051 , 0.282051 , -1.673765
0.282051 , 0.307692 , -1.717041
0.282051 , 0.333333 , -1.764489
0.282051 , 0.358974 , -1.815314
0.282051 , 0.384615 , -1.869246
0.282051 , 0.410256 , -1.924794
0.282051 , 0.435897 , -1.982268
0.282051 , 0.461538 , -2.041943
0.282051 , 0.487179 , -2.102849
0.282051 , 0.512821 , -2.164700
0.282051 , 0.538462 , -2.225982
0.282051 , 0.564103 , -2.284860
0.282051 , 0.589744 , -2.342922
0.282051 , 0.615385 , -2.399323
0.282051 , 0.641026 , -2.452814
0.282051 , 0.666667 , -2.503728
0.282051 , 0.692308 , -2.551934
0.282051 , 0.717949 , -2.597165
0.282051 , 0.743590 , -2.638812
0.282051 , 0.769231 , -2.678037
0.282051 , 0.794872 , -2.712277
0.282051 , 0.820513 , -2.742395
0.282051 , 0.846154 , -2.767763
0.282051 , 0.871795 , -2.787594
0.282051 , 0.897436 , -2.803842
0.282051 , 0.923077 , -2.816661
0.282051 , 0.948718 , -2.826354
0.282051 , 0.974359 , -2.832041
0.282051 , 1.000000 , -2.834110
0.307692 , 0.000000 , -1.247711
0.307692 , 0.025641 , -1.249514
0.307692 , 0.051282 , -1.256067
0.307692 , 0.076923 , -1.265661
0.307692 , 0.102564 , -1.278262
0.307692 , 0.128205 , -1.295688
0.307692 , 0.153846 , -1.317201
0.307692 , 0.179487 , -1.341291
0.307692 , 0.205128 , -1.371009
0.307692 , 0.230769 , -1.405217
0.307692 , 0.256410 , -1.444435
0.307692 , 0.282051 , -1.488234
0.307692 , 0.307692 , -1.535809
0.307692 , 0.333333 , -1.586961
0.307692 , 0.358974 , -1.641844
0.307692 , 0.384615 , -1.700033
0.307692 , 0.410256 , -1.759767
0.307692 , 0.435897 , -1.821617
0.307692 , 0.461538 , -1.885738
0.307692 , 0.487179 , -1.951552
0.307692 , 0.512821 , -2.017994
0.307692 , 0.538462 , -2.084578
0.307692 , 0.564103 , -2.149217
0.307692 , 0.589744 , -2.212997
0.307692 , 0.615385 , -2.274683
0.307692 , 0.641026 , -2.333229
0.307692 , 0.666667 , -2.389168
0.307692 , 0.692308 , -2.442005
0.307692 , 0.717949 , -2.491225
0.307692 , 0.743590 , -2.537546
0.307692 , 0.769231 , -2.580136
0.307692 , 0.794872 , -2.618053
0.307692 , 0.820513 , -2.651876
0.307692 , 0.846154 , -2.681179
0.307692 , 0.871795 , -2.703847
0.307692 , 0.897436 , -2.722308
0.307692 , 0.923077 , -2.737094
0.307692 , 0.948718 , -2.747509
0.307692 , 0.974359 , -2.753854
0.307692 , 1.000000 , -2.756618
0.333333 , 0.000000 , -1.037304
0.333333 , 0.025641 , -1.039285
0.333333 , 0.051282 , -1.046405
0.333333 , 0.076923 , -1.057455
0.333333 , 0.102564 , -1.072490
0.333333 , 0.128205 , -1.091893
0.333333 , 0.153846 , -1.116963
0.333333 , 0.179487 , -1.144728
0.333333 , 0.205128 , -1.177964
0.333333 , 0.230769 , -1.216578
0.333333 , 0.256410 , -1.259180
0.333333 , 0.282051 , -1.306409
0.333333 , 0.307692 , -1.357701
0.333333 , 0.333333 , -1.413039
0.333333 , 0.358974 , -1.471901
0.333333 , 0.384615 , -1.534151
0.333333 , 0.410256 , -1.598660
0.333333 , 0.435897 , -1.665738
0.333333 , 0.461538 , -1.734862
0.333333 , 0.487179 , -1.805000
0.333333 , 0.512821 , -1.876549
0.333333 , 0.538462 , -1.948169
0.333333 , 0.564103 , -2.018719
0.333333 , 0.589744 , -2.087840
0.333333 , 0.615385 , -2.155023
0.333333 , 0.641026 , -2.218983
0.333333 , 0.666667 , -2.279992
0.333333 , 0.692308 , -2.337303
0.333333 , 0.717949 , -2.391164
0.333333 , 0.743590 , -2.441843
0.333333 , 0.769231 , -2.488826
0.333333 , 0.794872 , -2.531034
0.333333 , 0.820513 , -2.568024
0.333333 , 0.846154 , -2.600347
0.333333 , 0.871795 , -2.626506
0.333333 , 0.897436 , -2.647543
0.333333 , 0.923077 , -2.664644
0.333333 , 0.948718 , -2.676784
0.333333 , 0.974359 , -2.684096
0.333333 , 1.000000 , -2.686642
0.358974 , 0.000000 , -0.828549
0.358974 , 0.025641 , -0.831017
0.358974 , 0.051282 , -0.838817
0.358974 , 0.076923 , -0.851207
0.358974 , 0.102564 , -0.868776
0.358974 , 0.128205 , -0.890679
0.358974 , 0.153846 , -0.918026
0.358974 , 0.179487 , -0.950264
0.358974 , 0.205128 , -0.987737
0.358974 , 0.230769 , -1.030252
0.358974 , 0.256410 , -1.076643
0.358974 , 0.282051 , -1.127991
0.358974 , 0.307692 , -1.183127
0.358974 , 0.333333 , -1.242723
0.358974 , 0.358974 , -1.305984
0.358974 , 0.384615 , -1.372515
0.358974 , 0.410256 , -1.441992
0.358974 , 0.435897 , -1.514559
0.358974 , 0.461538 , -1.588530
0.358974 , 0.487179 , -1.664116
0.358974 , 0.512821 , -1.740848
0.358974 , 0.538462 , -1.817626
0.358974 , 0.564103 , -1.893467
0.358974 , 0.589744 , -1.967763
0.358974 , 0.615385 , -2.040341
0.358974 , 0.641026 , -2.109937
0.358974 , 0.666667 , -2.176849
0.358974 , 0.692308 , -2.239251
0.358974 , 0.717949 , -2.297878
0.358974 , 0.743590 , -2.352788
0.358974 , 0.769231 , -2.403106
0.358974 , 0.794872 , -2.449091
0.358974 , 0.820513 , -2.490714
0.358974 , 0.846154 , -2.526484
0.358974 , 0.871795 , -2.556026
0.358974 , 0.897436 , -2.580325
0.358974 , 0.923077 , -2.599021
0.358974 , 0.948718 , -2.612918
0.358974 , 0.974359 , -2.621014
0.358974 , 1.000000 , -2.623384
0.384615 , 0.000000 , -0.620937
0.384615 , 0.025641 , -0.623813
0.384615 , 0.051282 , -0.632396
0.384615 , 0.076923 , -0.646319
0.384615 , 0.102564 , -0.666462
0.384615 , 0.128205 , -0.690888
0.384615 , 0.153846 , -0.720516
0.384615 , 0.179487 , -0.756203
0.384615 , 0.205128 , -0.798082
0.384615 , 0.230769 , -0.844346
0.384615 , 0.256410 , -0.895007
0.384615 , 0.282051 , -0.950732
0.384615 , 0.307692 , -1.011244
0.384615 , 0.333333 , -1.075298
0.384615 , 0.358974 , -1.143723
0.384615 , 0.384615 , -1.215333
0.384615 , 0.410256 , -1.290387
0.384615 , 0.435897 , -1.368452
0.384615 , 0.461538 , -1.448008
0.384615 , 0.487179 , -1.528782
0.384615 , 0.512821 , -1.610831
0.384615 , 0.538462 , -1.693142
0.384615 , 0.564103 , -1.773875
0.384615 , 0.589744 , -1.853548
0.384615 , 0.615385 , -1.931850
0.384615 , 0.641026 , -2.007360
0.384615 , 0.666667 , -2.079826
0.384615 , 0.692308 , -2.148145
0.384615 , 0.717949 , -2.212216
0.384615 , 0.743590 , -2.272597
0.384615 , 0.769231 , -2.326999
0.384615 , 0.794872 , -2.376360
0.384615 , 0.820513 , -2.421483
0.384615 , 0.846154 , -2.460705
0.384615 , 0.871795 , -2.493977
0.384615 , 0.897436 , -2.520678
0.384615 , 0.923077 , -2.541005
0.384615 , 0.948718 , -2.555453
0.384615 , 0.974359 , -2.564889
0.384615 , 1.000000 , -2.567949
0.410256 , 0.000000 , -0.412860
0.410256 , 0.025641 , -0.416485
0.410256 , 0.051282 , -0.426415
0.410256 , 0.076923 , -0.442013
0.410256 , 0.102564 , -0.464629
0.410256 , 0.128205 , -0.491962
0.410256 , 0.153846 , -0.524557
0.410256 , 0.179487 , -0.564426
0.410256 , 0.205128 , -0.610237
0.410256 , 0.230769 , -0.660436
0.410256 , 0.256410 , -0.715612
0.410256 , 0.282051 , -0.776211
0.410256 , 0.307692 , -0.841833
0.410256 , 0.333333 , -0.911741
0.410256 , 0.358974 , -0.985999
0.410256 , 0.384615 , -1.062876
0.410256 , 0.410256 , -1.143375
0.410256 , 0.435897 , -1.226678
0.410256 , 0.461538 , -1.312261
0.410256 , 0.487179 , -1.398637
0.410256 , 0.512821 , -1.486105
0.410256 , 0.538462 , -1.574136
0.410256 , 0.564103 , -1.660731
0.410256 , 0.589744 , -1.746061
0.410256 , 0.615385 , -1.830179
0.410256 , 0.641026 , -1.911970
0.410256 , 0.666667 , -1.990622
0.410256 , 0.692308 , -2.064610
0.410256 , 0.717949 , -2.133909
0.410256 , 0.743590 , -2.198728
0.410256 , 0.769231 , -2.258343
0.410256 , 0.794872 , -2.312547
0.410256 , 0.820513 , -2.361628
0.410256 , 0.846154 , -2.404104
0.410256 , 0.871795 , -2.439751
0.410256 , 0.897436 , -2.469262
0.410256 , 0.923077 , -2.491657
0.410256 , 0.948718 , -2.507024
0.410256 , 0.974359 , -2.516679
0.410256 , 1.000000 , -2.520030
0.435897 , 0.000000 , -0.204800
0.435897 , 0.025641 , -0.208942
0.435897 , 0.051282 , -0.219633
0.435897 , 0.076923 , -0.237948
0.435897 , 0.102564 , -0.262257
0.435897 , 0.128205 , -0.293105
0.435897 , 0.153846 , -0.329628
0.435897 , 0.179487 , -0.373230
0.435897 , 0.205128 , -0.422866
0.435897 , 0.230769 , -0.477686
0.435897 , 0.256410 , -0.537810
0.435897 , 0.282051 , -0.603756
0.435897 , 0.307692 , -0.674598
0.435897 , 0.333333 , -0.750546
0.435897 , 0.358974 , -0.830890
0.435897 , 0.384615 , -0.913485
0.435897 , 0.410256 , -0.999502
0.435897 , 0.435897 , -1.089432
0.435897 , 0.461538 , -1.180985
0.435897 , 0.487179 , -1.273680
0.435897 , 0.512821 , -1.367233
0.435897 , 0.538462 , -1.461121
0.435897 , 0.564103 , -1.554387
0.435897 , 0.589744 , -1.646334
0.435897 , 0.615385 , -1.736549
0.435897 , 0.641026 , -1.824717
0.435897 , 0.666667 , -1.908971
0.435897 , 0.692308 , -1.989027
0.435897 , 0.717949 , -2.064297
0.435897 , 0.743590 , -2.134386
0.435897 , 0.769231 , -2.198414
0.435897 , 0.794872 , -2.257418
0.435897 , 0.820513 , -2.310105
0.435897 , 0.846154 , -2.355799
0.435897 , 0.871795 , -2.394448
0.435897 , 0.897436 , -2.426345
0.435897 , 0.923077 , -2.450542
0.435897 , 0.948718 , -2.467396
0.435897 , 0.974359 , -2.477862
0.435897 , 1.000000 , -2.481724
0.461538 , 0.000000 , 0.002923
0.461538 , 0.025641 , -0.000760
0.461538 , 0.051282 , -0.012937
0.461538 , 0.076923 , -0.032885
0.461538 , 0.102564 , -0.059967
0.461538 , 0.128205 , -0.093907
0.461538 , 0.153846 , -0.134990
0.461538 , 0.179487 , -0.182627
0.461538 , 0.205128 , -0.235903
0.461538 , 0.230769 , -0.295847
0.461538 , 0.256410 , -0.361872
0.461538 , 0.282051 , -0.433170
0.461538 , 0.307692 , -0.509937
0.461538 , 0.333333 , -0.591918
0.461538 , 0.358974 , -0.678187
0.461538 , 0.384615 , -0.767432
0.461538 , 0.410256 , -0.859602
0.461538 , 0.435897 , -0.956150
0.461538 , 0.461538 , -1.054634
0.461538 , 0.487179 , -1.154617
0.461538 , 0.512821 , -1.255166
0.461538 , 0.538462 , -1.355835
0.461538 , 0.564103 , -1.455982
0.461538 , 0.589744 , -1.554579
0.461538 , 0.615385 , -1.651297
0.461538 , 0.641026 , -1.745868
0.461538 , 0.666667 , -1.836926
0.461538 , 0.692308 , -1.923093
0.461538 , 0.717949 , -2.003950
0.461538 , 0.743590 , -2.078924
0.461538 , 0.769231 , -2.147235
0.461538 , 0.794872 , -2.210915
0.461538 , 0.820513 , -2.267610
0.461538 , 0.846154 , -2.316525
0.461538 , 0.871795 , -2.358735
0.461538 , 0.897436 , -2.393070
0.461538 , 0.923077 , -2.419601
0.461538 , 0.948718 , -2.438203
0.461538 , 0.974359 , -2.449900
0.461538 , 1.000000 , -2.454485
0.487179 , 0.000000 , 0.211333
0.487179 , 0.025641 , 0.207585
0.487179 , 0.051282 , 0.194116
0.487179 , 0.076923 , 0.172419
0.487179 , 0.102564 , 0.143192
0.487179 , 0.128205 , 0.105923
0.487179 , 0.153846 , 0.060737
0.487179 , 0.179487 , 0.008639
0.487179 , 0.205128 , -0.048603
0.487179 , 0.230769 , -0.114220
0.487179 , 0.256410 , -0.186667
0.487179 , 0.282051 , -0.263755
0.487179 , 0.307692 , -0.346529
0.487179 , 0.333333 , -0.435056
0.487179 , 0.358974 , -0.527365
0.487179 , 0.384615 , -0.623719
0.487179 , 0.410256 , -0.723795
0.487179 , 0.435897 , -0.827560
0.487179 , 0.461538 , -0.933913
0.487179 , 0.487179 , -1.041149
0.487179 , 0.512821 , -1.149128
0.487179 , 0.538462 , -1.257757
0.487179 , 0.564103 , -1.365259
0.487179 , 0.589744 , -1.471357
0.487179 , 0.615385 , -1.574862
0.487179 , 0.641026 , -1.676211
0.487179 , 0.666667 , -1.773880
0.487179 , 0.692308 , -1.866445
0.487179 , 0.717949 , -1.953326
0.487179 , 0.743590 , -2.033412
0.487179 , 0.769231 , -2.107079
0.487179 , 0.794872 , -2.175092
0.487179 , 0.820513 , -2.236235
0.487179 , 0.846154 , -2.288440
0.487179 , 0.871795 , -2.333480
0.487179 , 0.897436 , -2.370355
0.487179 , 0.923077 , -2.399069
0.487179 , 0.948718 , -2.419639
0.487179 , 0.974359 , -2.432403
0.487179 , 1.000000 , -2.437559
0.512821 , 0.000000 , 0.421274
0.512821 , 0.025641 , 0.417059
0.512821 , 0.051282 , 0.402696
0.512821 , 0.076923 , 0.379002
0.512821 , 0.102564 , 0.347223
0.512821 , 0.128205 , 0.306862
0.512821 , 0.153846 , 0.258074
0.512821 , 0.179487 , 0.201793
0.512821 , 0.205128 , 0.139298
0.512821 , 0.230769 , 0.068975
0.512821 , 0.256410 , -0.009238
0.512821 , 0.282051 , -0.092638
0.512821 , 0.307692 , -0.182257
0.512821 , 0.333333 , -0.277649
0.512821 , 0.358974 , -0.378037
0.512821 , 0.384615 , -0.482775
0.512821 , 0.410256 , -0.591364
0.512821 , 0.435897 , -0.703480
0.512821 , 0.461538 , -0.818083
0.512821 , 0.487179 , -0.934210
0.512821 , 0.512821 , -1.050032
0.512821 , 0.538462 , -1.166656
0.512821 , 0.564103 , -1.282097
0.512821 , 0.589744 , -1.396414
0.512821 , 0.615385 , -1.508014
0.512821 , 0.641026 , -1.616569
0.512821 , 0.666667 , -1.720930
0.512821 , 0.692308 , -1.819897
0.512821 , 0.717949 , -1.912791
0.512821 , 0.743590 , -1.999211
0.512821 , 0.769231 , -2.078716
0.512821 , 0.794872 , -2.151340
0.512821 , 0.820513 , -2.216409
0.512821 , 0.846154 , -2.272920
0.512821 , 0.871795 , -2.320258
0.512821 , 0.897436 , -2.359199
0.512821 , 0.923077 , -2.389950
0.512821 , 0.948718 , -2.412596
0.512821 , 0.974359 , -2.426079
0.512821 , 1.000000 , -2.430759
0.538462 , 0.000000 , 0.633916
0.538462 , 0.025641 , 0.629119
0.538462 , 0.051282 , 0.613708
0.538462 , 0.076923 , 0.588165
0.538462 , 0.102564 , 0.554033
0.538462 , 0.128205 , 0.510869
0.538462 , 0.153846 , 0.459045
0.538462 , 0.179487 , 0.399181
0.538462 , 0.205128 , 0.331008
0.538462 , 0.230769 , 0.254603
0.538462 , 0.256410 , 0.170775
0.538462 , 0.282051 , 0.080178
0.538462 , 0.307692 , -0.017251
0.538462 , 0.333333 , -0.120296
0.538462 , 0.358974 , -0.229362
0.538462 , 0.384615 , -0.343145
0.538462 , 0.410256 , -0.461181
0.538462 , 0.435897 , -0.582664
0.538462 , 0.461538 , -0.706758
0.538462 , 0.487179 , -0.832053
0.538462 , 0.512821 , -0.957049
0.538462 , 0.538462 , -1.082495
0.538462 , 0.564103 , -1.207103
0.538462 , 0.589744 , -1.329838
0.538462 , 0.615385 , -1.450418
0.538462 , 0.641026 , -1.567138
0.538462 , 0.666667 , -1.678872
0.538462 , 0.692308 , -1.784567
0.538462 , 0.717949 , -1.884133
0.538462 , 0.743590 , -1.976904
0.538462 , 0.769231 , -2.061988
0.538462 , 0.794872 , -2.139360
0.538462 , 0.820513 , -2.208308
0.538462 , 0.846154 , -2.268254
0.538462 , 0.871795 , -2.319302
0.538462 , 0.897436 , -2.361487
0.538462 , 0.923077 , -2.394399
0.538462 , 0.948718 , -2.418809
0.538462 , 0.974359 , -2.432851
0.538462 , 1.000000 , -2.437340
0.564103 , 0.000000 , 0.849868
0.564103 , 0.025641 , 0.844724
0.564103 , 0.051282 , 0.828240
0.564103 , 0.076923 , 0.801451
0.564103 , 0.102564 , 0.764724
0.564103 , 0.128205 , 0.719103
0.564103 , 0.153846 , 0.664074
0.564103 , 0.179487 , 0.600591
0.564103 , 0.205128 , 0.527660
0.564103 , 0.230769 , 0.444819
0.564103 , 0.256410 , 0.354128
0.564103 , 0.282051 , 0.255910
0.564103 , 0.307692 , 0.150003
0.564103 , 0.333333 , 0.037968
0.564103 , 0.358974 , -0.080773
0.564103 , 0.384615 , -0.204245
0.564103 , 0.410256 , -0.332551
0.564103 , 0.435897 , -0.464273
0.564103 , 0.461538 , -0.598804
0.564103 , 0.487179 , -0.734710
0.564103 , 0.512821 , -0.870758
0.564103 , 0.538462 , -1.006205
0.564103 , 0.564103 , -1.140535
0.564103 , 0.589744 , -1.272823
0.564103 , 0.615385 , -1.402617
0.564103 , 0.641026 , -1.528385
0.564103 , 0.666667 , -1.647474
0.564103 , 0.692308 , -1.760565
0.564103 , 0.717949 , -1.867368
0.564103 , 0.743590 , -1.966623
0.564103 , 0.769231 , -2.058118
0.564103 , 0.794872 , -2.140603
0.564103 , 0.820513 , -2.214242
0.564103 , 0.846154 , -2.277675
0.564103 , 0.871795 , -2.331688
0.564103 , 0.897436 , -2.377284
0.564103 , 0.923077 , -2.412621
0.564103 , 0.948718 , -2.438230
0.564103 , 0.974359 , -2.452979
0.564103 , 1.000000 , -2.457908
0.589744 , 0.000000 , 1.070048
0.589744 , 0.025641 , 1.064642
0.589744 , 0.051282 , 1.047051
0.589744 , 0.076923 , 1.019434
0.589744 , 0.102564 , 0.980929
0.589744 , 0.128205 , 0.932053
0.589744 , 0.153846 , 0.873905
0.589744 , 0.179487 , 0.805953
0.589744 , 0.205128 , 0.728710
0.589744 , 0.230769 , 0.639948
0.589744 , 0.256410 , 0.541399
0.589744 , 0.282051 , 0.434104
0.589744 , 0.307692 , 0.319519
0.589744 , 0.333333 , 0.197510
0.589744 , 0.358974 , 0.068570
0.589744 , 0.384615 , -0.065911
0.589744 , 0.410256 , -0.205113
0.589744 , 0.435897 , -0.348588
0.589744 , 0.461538 , -0.494748
0.589744 , 0.487179 , -0.642572
0.589744 , 0.512821 , -0.790711
0.589744 , 0.538462 , -0.937698
0.589744 , 0.564103 , -1.083532
0.589744 , 0.589744 , -1.226610
0.589744 , 0.615385 , -1.366216
0.589744 , 0.641026 , -1.501158
0.589744 , 0.666667 , -1.628797
0.589744 , 0.692308 , -1.749919
0.589744 , 0.717949 , -1.864556
0.589744 , 0.743590 , -1.970435
0.589744 , 0.769231 , -2.068352
0.589744 , 0.794872 , -2.156086
0.589744 , 0.820513 , -2.234544
0.589744 , 0.846154 , -2.302060
0.589744 , 0.871795 , -2.359365
0.589744 , 0.897436 , -2.406983
0.589744 , 0.923077 , -2.444310
0.589744 , 0.948718 , -2.470958
0.589744 , 0.974359 , -2.487801
0.589744 , 1.000000 , -2.493394
0.615385 , 0.000000 , 1.295386
0.615385 , 0.025641 , 1.289545
0.615385 , 0.051282 , 1.271440
0.615385 , 0.076923 , 1.242572
0.615385 , 0.102564 , 1.202345
0.615385 , 0.128205 , 1.150706
0.615385 , 0.153846 , 1.088571
0.615385 , 0.179487 , 1.016363
0.615385 , 0.205128 , 0.933181
0.615385 , 0.230769 , 0.838858
0.615385 , 0.256410 , 0.732767
0.615385 , 0.282051 , 0.617079
0.615385 , 0.307692 , 0.492783
0.615385 , 0.333333 , 0.360200
0.615385 , 0.358974 , 0.219443
0.615385 , 0.384615 , 0.072420
0.615385 , 0.410256 , -0.079656
0.615385 , 0.435897 , -0.235429
0.615385 , 0.461538 , -0.395482
0.615385 , 0.487179 , -0.556986
0.615385 , 0.512821 , -0.718012
0.615385 , 0.538462 , -0.877689
0.615385 , 0.564103 , -1.035419
0.615385 , 0.589744 , -1.190655
0.615385 , 0.615385 , -1.341632
0.615385 , 0.641026 , -1.487308
0.615385 , 0.666667 , -1.624785
0.615385 , 0.692308 , -1.754468
0.615385 , 0.717949 , -1.876948
0.615385 , 0.743590 , -1.989905
0.615385 , 0.769231 , -2.094182
0.615385 , 0.794872 , -2.187479
0.615385 , 0.820513 , -2.270155
0.615385 , 0.846154 , -2.342143
0.615385 , 0.871795 , -2.402766
0.615385 , 0.897436 , -2.452789
0.615385 , 0.923077 , -2.492235
0.615385 , 0.948718 , -2.521173
0.615385 , 0.974359 , -2.539302
0.615385 , 1.000000 , -2.545852
0.641026 , 0.000000 , 1.526182
0.641026 , 0.025641 , 1.520052
0.641026 , 0.051282 , 1.501213
0.641026 , 0.076923 , 1.471263
0.641026 , 0.102564 , 1.429366
0.641026 , 0.128205 , 1.375389
0.641026 , 0.153846 , 1.309396
0.641026 , 0.179487 , 1.232295
0.641026 , 0.205128 , 1.143517
0.641026 , 0.230769 , 1.042754
0.641026 , 0.256410 , 0.928985
0.641026 , 0.282051 , 0.804762
0.641026 , 0.307692 , 0.670764
0.641026 , 0.333333 , 0.527096
0.641026 , 0.358974 , 0.373967
0.641026 , 0.384615 , 0.213865
0.641026 , 0.410256 , 0.047059
0.641026 , 0.435897 , -0.123738
0.641026 , 0.461538 , -0.298967
0.641026 , 0.487179 , -0.475704
0.641026 , 0.512821 , -0.651440
0.641026 , 0.538462 , -0.825858
0.641026 , 0.564103 , -0.997846
0.641026 , 0.589744 , -1.166481
0.641026 , 0.615385 , -1.329939
0.641026 , 0.641026 , -1.486980
0.641026 , 0.666667 , -1.635888
0.641026 , 0.692308 , -1.775445
0.641026 , 0.717949 , -1.906079
0.641026 , 0.743590 , -2.026473
0.641026 , 0.769231 , -2.137223
0.641026 , 0.794872 , -2.236082
0.641026 , 0.820513 , -2.323691
0.641026 , 0.846154 , -2.399812
0.641026 , 0.871795 , -2.463723
0.641026 , 0.897436 , -2.516087
0.641026 , 0.923077 , -2.557363
0.641026 , 0.948718 , -2.588322
0.641026 , 0.974359 , -2.607602
0.641026 , 1.000000 , -2.614314
0.666667 , 0.000000 , 1.762451
0.666667 , 0.025641 , 1.756446
0.666667 , 0.051282 , 1.737619
0.666667 , 0.076923 , 1.706584
0.666667 , 0.102564 , 1.662565
0.666667 , 0.128205 , 1.606305
0.666667 , 0.153846 , 1.537037
0.666667 , 0.179487 , 1.455030
0.666667 , 0.205128 , 1.360683
0.666667 , 0.230769 , 1.253030
0.666667 , 0.256410 , 1.131659
0.666667 , 0.282051 , 0.998759
0.666667 , 0.307692 , 0.854417
0.666667 , 0.333333 , 0.698817
0.666667 , 0.358974 , 0.532680
0.666667 , 0.384615 , 0.357694
0.666667 , 0.410256 , 0.175627
0.666667 , 0.435897 , -0.012184
0.666667 , 0.461538 , -0.203956
0.666667 , 0.487179 , -0.397559
0.666667 , 0.512821 , -0.590069
0.666667 , 0.538462 , -0.780716
0.666667 , 0.564103 , -0.968705
0.666667 , 0.589744 , -1.152791
0.666667 , 0.615385 , -1.331442
0.666667 , 0.641026 , -1.501351
0.666667 , 0.666667 , -1.662793
0.666667 , 0.692308 , -1.813381
0.666667 , 0.717949 , -1.953194
0.666667 , 0.743590 , -2.080798
0.666667 , 0.769231 , -2.198280
0.666667 , 0.794872 , -2.303234
0.666667 , 0.820513 , -2.395537
0.666667 , 0.846154 , -2.475211
0.666667 , 0.871795 , -2.542701
0.666667 , 0.897436 , -2.597937
0.666667 , 0.923077 , -2.641473
0.666667 , 0.948718 , -2.673057
0.666667 , 0.974359 , -2.692284
0.666667 , 1.000000 , -2.698440
0.692308 , 0.000000 , 2.006529
0.692308 , 0.025641 , 1.999947
0.692308 , 0.051282 , 1.981255
0.692308 , 0.076923 , 1.949454
0.692308 , 0.102564 , 1.903646
0.692308 , 0.128205 , 1.845339
0.692308 , 0.153846 , 1.773364
0.692308 , 0.179487 , 1.687366
0.692308 , 0.205128 , 1.587144
0.692308 , 0.230769 , 1.471628
0.692308 , 0.256410 , 1.343230
0.692308 , 0.282051 , 1.201117
0.692308 , 0.307692 , 1.045731
0.692308 , 0.333333 , 0.876538
0.692308 , 0.358974 , 0.695787
0.692308 , 0.384615 , 0.505208
0.692308 , 0.410256 , 0.305652
0.692308 , 0.435897 , 0.099430
0.692308 , 0.461538 , -0.110678
0.692308 , 0.487179 , -0.323088
0.692308 , 0.512821 , -0.534851
0.692308 , 0.538462 , -0.744354
0.692308 , 0.564103 , -0.950640
0.692308 , 0.589744 , -1.151542
0.692308 , 0.615385 , -1.346288
0.692308 , 0.641026 , -1.531754
0.692308 , 0.666667 , -1.706698
0.692308 , 0.692308 , -1.869201
0.692308 , 0.717949 , -2.019486
0.692308 , 0.743590 , -2.156136
0.692308 , 0.769231 , -2.280159
0.692308 , 0.794872 , -2.390341
0.692308 , 0.820513 , -2.487303
0.692308 , 0.846154 , -2.570454
0.692308 , 0.871795 , -2.640540
0.692308 , 0.897436 , -2.698571
0.692308 , 0.923077 , -2.743489
0.692308 , 0.948718 , -2.775499
0.692308 , 0.974359 , -2.794936
0.692308 , 1.000000 , -2.801167
0.717949 , 0.000000 , 2.257981
0.717949 , 0.025641 , 2.251065
0.717949 , 0.051282 , 2.231954
0.717949 , 0.076923 , 2.200151
0.717949 , 0.102564 , 2.153476
0.717949 , 0.128205 , 2.094108
0.717949 , 0.153846 , 2.020639
0.717949 , 0.179487 , 1.930996
0.717949 , 0.205128 , 1.824933
0.717949 , 0.230769 , 1.702105
0.717949 , 0.256410 , 1.564596
0.717949 , 0.282051 , 1.412287
0.717949 , 0.307692 , 1.244640
0.717949 , 0.333333 , 1.061027
0.717949 , 0.358974 , 0.864716
0.717949 , 0.384615 , 0.656571
0.717949 , 0.410256 , 0.438343
0.717949 , 0.435897 , 0.212063
0.717949 , 0.461538 , -0.019147
0.717949 , 0.487179 , -0.252987
0.717949 , 0.512821 , -0.486543
0.717949 , 0.538462 , -0.717460
0.717949 , 0.564103 , -0.944388
0.717949 , 0.589744 , -1.164937
0.717949 , 0.615385 , -1.377132
0.717949 , 0.641026 , -1.579411
0.717949 , 0.666667 , -1.769472
0.717949 , 0.692308 , -1.945478
0.717949 , 0.717949 , -2.106774
0.717949 , 0.743590 , -2.253087
0.717949 , 0.769231 , -2.384628
0.717949 , 0.794872 , -2.500660
0.717949 , 0.820513 , -2.602191
0.717949 , 0.846154 , -2.688324
0.717949 , 0.871795 , -2.760076
0.717949 , 0.897436 , -2.818720
0.717949 , 0.923077 , -2.864102
0.717949 , 0.948718 , -2.896687
0.717949 , 0.974359 , -2.915847
0.717949 , 1.000000 , -2.922021
0.743590 , 0.000000 , 2.516702
0.743590 , 0.025641 , 2.510202
0.743590 , 0.051282 , 2.490721
0.743590 , 0.076923 , 2.458582
0.743590 , 0.102564 , 2.412174
0.743590 , 0.128205 , 2.352621
0.743590 , 0.153846 , 2.278008
0.743590 , 0.179487 , 2.185403
0.743590 , 0.205128 , 2.073887
0.743590 , 0.230769 , 1.945152
0.743590 , 0.256410 , 1.799512
0.743590 , 0.282051 , 1.636146
0.743590 , 0.307692 , 1.454558
0.743590 , 0.333333 , 1.255208
0.743590 , 0.358974 , 1.041697
0.743590 , 0.384615 , 0.814988
0.743590 , 0.410256 , 0.575337
0.743590 , 0.435897 , 0.326597
0.743590 , 0.461538 , 0.071666
0.743590 , 0.487179 , -0.186524
0.743590 , 0.512821 , -0.444779
0.743590 , 0.538462 , -0.699982
0.743590 , 0.564103 , -0.950075
0.743590 , 0.589744 , -1.193889
0.743590 , 0.615385 , -1.426946
0.743590 , 0.641026 , -1.648015
0.743590 , 0.666667 , -1.854280
0.743590 , 0.692308 , -2.044268
0.743590 , 0.717949 , -2.217728
0.743590 , 0.743590 , -2.373617
0.743590 , 0.769231 , -2.512670
0.743590 , 0.794872 , -2.635112
0.743590 , 0.820513 , -2.741638
0.743590 , 0.846154 , -2.830217
0.743590 , 0.871795 , -2.902136
0.743590 , 0.897436 , -2.959881
0.743590 , 0.923077 , -3.004129
0.743590 , 0.948718 , -3.035594
0.743590 , 0.974359 , -3.054387
0.743590 , 1.000000 , -3.060790
0.769231 , 0.000000 , 2.782534
0.769231 , 0.025641 , 2.775957
0.769231 , 0.051282 , 2.757443
0.769231 , 0.076923 , 2.726229
0.769231 , 0.102564 , 2.680975
0.769231 , 0.128205 , 2.622092
0.769231 , 0.153846 , 2.546607
0.769231 , 0.179487 , 2.452293
0.769231 , 0.205128 , 2.338216
0.769231 , 0.230769 , 2.203874
0.769231 , 0.256410 , 2.049252
0.769231 , 0.282051 , 1.873996
0.769231 , 0.307692 , 1.678673
0.769231 , 0.333333 , 1.461884
0.769231 , 0.358974 , 1.228830
0.769231 , 0.384615 , 0.980851
0.769231 , 0.410256 , 0.718030
0.769231 , 0.435897 , 0.443951
0.769231 , 0.461538 , 0.162715
0.769231 , 0.487179 , -0.122932
0.769231 , 0.512821 , -0.409555
0.769231 , 0.538462 , -0.692985
0.769231 , 0.564103 , -0.969985
0.769231 , 0.589744 , -1.238947
0.769231 , 0.615385 , -1.495121
0.769231 , 0.641026 , -1.737055
0.769231 , 0.666667 , -1.962284
0.769231 , 0.692308 , -2.167985
0.769231 , 0.717949 , -2.354097
0.769231 , 0.743590 , -2.520165
0.769231 , 0.769231 , -2.666910
0.769231 , 0.794872 , -2.795014
0.769231 , 0.820513 , -2.904666
0.769231 , 0.846154 , -2.994846
0.769231 , 0.871795 , -3.066721
0.769231 , 0.897436 , -3.122959
0.769231 , 0.923077 , -3.164983
0.769231 , 0.948718 , -3.193655
0.769231 , 0.974359 , -3.210908
0.769231 , 1.000000 , -3.216700
0.794872 , 0.000000 , 3.053456
0.794872 , 0.025641 , 3.047530
0.794872 , 0.051282 , 3.031009
0.794872 , 0.076923 , 3.003066
0.794872 , 0.102564 , 2.960704
0.794872 , 0.128205 , 2.904686
0.794872 , 0.153846 , 2.830029
0.794872 , 0.179487 , 2.734327
0.794872 , 0.205128 , 2.618181
0.794872 , 0.230769 , 2.479047
0.794872 , 0.256410 , 2.316079
0.794872 , 0.282051 , 2.128766
0.794872 , 0.307692 , 1.917873
0.794872 , 0.333333 , 1.683639
0.794872 , 0.358974 , 1.428996
0.794872 , 0.384615 , 1.156850
0.794872 , 0.410256 , 0.867614
0.794872 , 0.435897 , 0.564051
0.794872 , 0.461538 , 0.252773
0.794872 , 0.487179 , -0.063450
0.794872 , 0.512821 , -0.381222
0.794872 , 0.538462 , -0.696787
0.794872 , 0.564103 , -1.004085
0.794872 , 0.589744 , -1.301313
0.794872 , 0.615385 , -1.583578
0.794872 , 0.641026 , -1.848871
0.794872 , 0.666667 , -2.095007
0.794872 , 0.692308 , -2.319038
0.794872 , 0.717949 , -2.520264
0.794872 , 0.743590 , -2.697683
0.794872 , 0.769231 , -2.851979
0.794872 , 0.794872 , -2.984014
0.794872 , 0.820513 , -3.094913
0.794872 , 0.846154 , -3.184416
0.794872 , 0.871795 , -3.254061
0.794872 , 0.897436 , -3.306813
0.794872 , 0.923077 , -3.345665
0.794872 , 0.948718 , -3.370931
0.794872 , 0.974359 , -3.385794
0.794872 , 1.000000 , -3.390508
0.820513 , 0.000000 , 3.328489
0.820513 , 0.025641 , 3.324595
0.820513 , 0.051282 , 3.311479
0.820513 , 0.076923 , 3.288282
0.820513 , 0.102564 , 3.251159
0.820513 , 0.128205 , 3.199193
0.820513 , 0.153846 , 3.127897
0.820513 , 0.179487 , 3.033867
0.820513 , 0.205128 , 2.916101
0.820513 , 0.230769 , 2.772958
0.820513 , 0.256410 , 2.601945
0.820513 , 0.282051 , 2.403227
0.820513 , 0.307692 , 2.177625
0.820513 , 0.333333 , 1.924265
0.820513 , 0.358974 , 1.645195
0.820513 , 0.384615 , 1.345005
0.820513 , 0.410256 , 1.025974
0.820513 , 0.435897 , 0.690667
0.820513 , 0.461538 , 0.344265
0.820513 , 0.487179 , -0.007556
0.820513 , 0.512821 , -0.360958
0.820513 , 0.538462 , -0.711628
0.820513 , 0.564103 , -1.053092
0.820513 , 0.589744 , -1.382587
0.820513 , 0.615385 , -1.694688
0.820513 , 0.641026 , -1.986608
0.820513 , 0.666667 , -2.255235
0.820513 , 0.692308 , -2.499109
0.820513 , 0.717949 , -2.716566
0.820513 , 0.743590 , -2.905295
0.820513 , 0.769231 , -3.066763
0.820513 , 0.794872 , -3.201947
0.820513 , 0.820513 , -3.312581
0.820513 , 0.846154 , -3.399590
0.820513 , 0.871795 , -3.465213
0.820513 , 0.897436 , -3.512749
0.820513 , 0.923077 , -3.545741
0.820513 , 0.948718 , -3.566628
0.820513 , 0.974359 , -3.578233
0.820513 , 1.000000 , -3.582267
0.846154 , 0.000000 , 3.608153
0.846154 , 0.025641 , 3.605881
0.846154 , 0.051282 , 3.598224
0.846154 , 0.076923 , 3.581676
0.846154 , 0.102564 , 3.552843
0.846154 , 0.128205 , 3.508765
0.846154 , 0.153846 , 3.443546
0.846154 , 0.179487 , 3.353711
0.846154 , 0.205128 , 3.236918
0.846154 , 0.230769 , 3.090978
0.846154 , 0.256410 , 2.913019
0.846154 , 0.282051 , 2.702494
0.846154 , 0.307692 , 2.460188
0.846154 , 0.333333 , 2.185353
0.846154 , 0.358974 , 1.879534
0.846154 , 0.384615 , 1.548384
0.846154 , 0.410256 , 1.195128
0.846154 , 0.435897 , 0.823523
0.846154 , 0.461538 , 0.438234
0.846154 , 0.487179 , 0.046223
0.846154 , 0.512821 , -0.348179
0.846154 , 0.538462 , -0.738543
0.846154 , 0.564103 , -1.119320
0.846154 , 0.589744 , -1.484788
0.846154 , 0.615385 , -1.830678
0.846154 , 0.641026 , -2.153221
0.846154 , 0.666667 , -2.448256
0.846154 , 0.692308 , -2.713167
0.846154 , 0.717949 , -2.945971
0.846154 , 0.743590 , -3.146797
0.846154 , 0.769231 , -3.315061
0.846154 , 0.794872 , -3.452504
0.846154 , 0.820513 , -3.561076
0.846154 , 0.846154 , -3.642872
0.846154 , 0.871795 , -3.701283
0.846154 , 0.897436 , -3.741580
0.846154 , 0.923077 , -3.765570
0.846154 , 0.948718 , -3.779621
0.846154 , 0.974359 , -3.786855
0.846154 , 1.000000 , -3.789112
0.871795 , 0.000000 , 3.887651
0.871795 , 0.025641 , 3.888101
0.871795 , 0.051282 , 3.887537
0.871795 , 0.076923 , 3.881779
0.871795 , 0.102564 , 3.865522
0.871795 , 0.128205 , 3.833761
0.871795 , 0.153846 , 3.779465
0.871795 , 0.179487 , 3.697265
0.871795 , 0.205128 , 3.584052
0.871795 , 0.230769 , 3.437248
0.871795 , 0.256410 , 3.253098
0.871795 , 0.282051 , 3.030188
0.871795 , 0.307692 , 2.769781
0.871795 , 0.333333 , 2.470054
0.871795 , 0.358974 , 2.134872
0.871795 , 0.384615 , 1.769898
0.871795 , 0.410256 , 1.377980
0.871795 , 0.435897 , 0.964778
0.871795 , 0.461538 , 0.535864
0.871795 , 0.487179 , 0.097772
0.871795 , 0.512821 , -0.342696
0.871795 , 0.538462 , -0.778552
0.871795 , 0.564103 , -1.203626
0.871795 , 0.589744 , -1.610982
0.871795 , 0.615385 , -1.995444
0.871795 , 0.641026 , -2.352533
0.871795 , 0.666667 , -2.676948
0.871795 , 0.692308 , -2.966343
0.871795 , 0.717949 , -3.216515
0.871795 , 0.743590 , -3.428902
0.871795 , 0.769231 , -3.603500
0.871795 , 0.794872 , -3.741061
0.871795 , 0.820513 , -3.844990
0.871795 , 0.846154 , -3.918919
0.871795 , 0.871795 , -3.966125
0.871795 , 0.897436 , -3.993585
0.871795 , 0.923077 , -4.005210
0.871795 , 0.948718 , -4.008540
0.871795 , 0.974359 , -4.008422
0.871795 , 1.000000 , -4.008231
0.897436 , 0.000000 , 4.162959
0.897436 , 0.025641 , 4.167281
0.897436 , 0.051282 , 4.177342
0.897436 , 0.076923 , 4.187545
0.897436 , 0.102564 , 4.189362
0.897436 , 0.128205 , 4.176154
0.897436 , 0.153846 , 4.138952
0.897436 , 0.179487 , 4.069768
0.897436 , 0.205128 , 3.963872
0.897436 , 0.230769 , 3.817789
0.897436 , 0.256410 , 3.627461
0.897436 , 0.282051 , 3.392261
0.897436 , 0.307692 , 3.111825
0.897436 , 0.333333 , 2.786442
0.897436 , 0.358974 , 2.418515
0.897436 , 0.384615 , 2.015458
0.897436 , 0.410256 , 1.579399
0.897436 , 0.435897 , 1.118639
0.897436 , 0.461538 , 0.639184
0.897436 , 0.487179 , 0.149040
0.897436 , 0.512821 , -0.344742
0.897436 , 0.538462 , -0.833210
0.897436 , 0.564103 , -1.309593
0.897436 , 0.589744 , -1.764458
0.897436 , 0.615385 , -2.192296
0.897436 , 0.641026 , -2.588412
0.897436 , 0.666667 , -2.946871
0.897436 , 0.692308 , -3.263063
0.897436 , 0.717949 , -3.533846
0.897436 , 0.743590 , -3.757673
0.897436 , 0.769231 , -3.936689
0.897436 , 0.794872 , -4.072045
0.897436 , 0.820513 , -4.167891
0.897436 , 0.846154 , -4.228506
0.897436 , 0.871795 , -4.259341
0.897436 , 0.897436 , -4.268070
0.897436 , 0.923077 , -4.261790
0.897436 , 0.948718 , -4.248917
0.897436 , 0.974359 , -4.237675
0.897436 , 1.000000 , -4.233711
0.923077 , 0.000000 , 4.425734
0.923077 , 0.025641 , 4.435817
0.923077 , 0.051282 , 4.462338
0.923077 , 0.076923 , 4.496126
0.923077 , 0.102564 , 4.524869
0.923077 , 0.128205 , 4.537532
0.923077 , 0.153846 , 4.523707
0.923077 , 0.179487 , 4.473881
0.923077 , 0.205128 , 4.380545
0.923077 , 0.230769 , 4.238747
0.923077 , 0.256410 , 4.044730
0.923077 , 0.282051 , 3.796510
0.923077 , 0.307692 , 3.494697
0.923077 , 0.333333 , 3.139793
0.923077 , 0.358974 , 2.735486
0.923077 , 0.384615 , 2.287693
0.923077 , 0.410256 , 1.801903
0.923077 , 0.435897 , 1.286309
0.923077 , 0.461538 , 0.748888
0.923077 , 0.487179 , 0.197934
0.923077 , 0.512821 , -0.356518
0.923077 , 0.538462 , -0.905649
0.923077 , 0.564103 , -1.440017
0.923077 , 0.589744 , -1.949841
0.923077 , 0.615385 , -2.428199
0.923077 , 0.641026 , -2.868063
0.923077 , 0.666667 , -3.263884
0.923077 , 0.692308 , -3.609955
0.923077 , 0.717949 , -3.901673
0.923077 , 0.743590 , -4.138664
0.923077 , 0.769231 , -4.321075
0.923077 , 0.794872 , -4.451975
0.923077 , 0.820513 , -4.535116
0.923077 , 0.846154 , -4.576666
0.923077 , 0.871795 , -4.583339
0.923077 , 0.897436 , -4.565352
0.923077 , 0.923077 , -4.532569
0.923077 , 0.948718 , -4.496547
0.923077 , 0.974359 , -4.468596
0.923077 , 1.000000 , -4.458316
0.948718 , 0.000000 , 4.664149
0.948718 , 0.025641 , 4.684080
0.948718 , 0.051282 , 4.735913
0.948718 , 0.076923 , 4.803911
0.948718 , 0.102564 , 4.870901
0.948718 , 0.128205 , 4.920721
0.948718 , 0.153846 , 4.939744
0.948718 , 0.179487 , 4.915439
0.948718 , 0.205128 , 4.840288
0.948718 , 0.230769 , 4.706448
0.948718 , 0.256410 , 4.510725
0.948718 , 0.282051 , 4.250668
0.948718 , 0.307692 , 3.926650
0.948718 , 0.333333 , 3.539224
0.948718 , 0.358974 , 3.093130
0.948718 , 0.384615 , 2.594648
0.948718 , 0.410256 , 2.051242
0.948718 , 0.435897 , 1.472693
0.948718 , 0.461538 , 0.867699
0.948718 , 0.487179 , 0.246665
0.948718 , 0.512821 , -0.379201
0.948718 , 0.538462 , -0.998252
0.948718 , 0.564103 , -1.599519
0.948718 , 0.589744 , -2.172926
0.948718 , 0.615385 , -2.709091
0.948718 , 0.641026 , -3.199205
0.948718 , 0.666667 , -3.636080
0.948718 , 0.692308 , -4.014174
0.948718 , 0.717949 , -4.328473
0.948718 , 0.743590 , -4.577844
0.948718 , 0.769231 , -4.763091
0.948718 , 0.794872 , -4.886015
0.948718 , 0.820513 , -4.951544
0.948718 , 0.846154 , -4.966789
0.948718 , 0.871795 , -4.940680
0.948718 , 0.897436 , -4.885531
0.948718 , 0.923077 , -4.814663
0.948718 , 0.948718 , -4.743998
0.948718 , 0.974359 , -4.690230
0.948718 , 1.000000 , -4.669799
0.974359 , 0.000000 , 4.857765
0.974359 , 0.025641 , 4.895503
0.974359 , 0.051282 , 4.988871
0.974359 , 0.076923 , 5.108868
0.974359 , 0.102564 , 5.229297
0.974359 , 0.128205 , 5.329815
0.974359 , 0.153846 , 5.392163
0.974359 , 0.179487 , 5.403484
0.974359 , 0.205128 , 5.353237
0.974359 , 0.230769 , 5.232776
0.974359 , 0.256410 , 5.036580
0.974359 , 0.282051 , 4.764238
0.974359 , 0.307692 , 4.415999
0.974359 , 0.333333 , 3.992551
0.974359 , 0.358974 , 3.498097
0.974359 , 0.384615 , 2.942099
0.974359 , 0.410256 , 2.333078
0.974359 , 0.435897 , 1.681249
0.974359 , 0.461538 , 0.998328
0.974359 , 0.487179 , 0.296103
0.974359 , 0.512821 , -0.411643
0.974359 , 0.538462 , -1.111993
0.974359 , 0.564103 , -1.791542
0.974359 , 0.589744 , -2.438502
0.974359 , 0.615385 , -3.040849
0.974359 , 0.641026 , -3.589004
0.974359 , 0.666667 , -4.073815
0.974359 , 0.692308 , -4.487391
0.974359 , 0.717949 , -4.826117
0.974359 , 0.743590 , -5.087851
0.974359 , 0.769231 , -5.272656
0.974359 , 0.794872 , -5.383374
0.974359 , 0.820513 , -5.424673
0.974359 , 0.846154 , -5.405303
0.974359 , 0.871795 , -5.335424
0.974359 , 0.897436 , -5.229574
0.974359 , 0.923077 , -5.104733
0.974359 , 0.948718 , -4.981709
0.974359 , 0.974359 , -4.885843
0.974359 , 1.000000 , -4.847086
1.000000 , 0.000000 , 4.970282
1.000000 , 0.025641 , 5.046302
1.000000 , 0.051282 , 5.211100
1.000000 , 0.076923 , 5.408563
1.000000 , 0.102564 , 5.603800
1.000000 , 0.128205 , 5.771538
1.000000 , 0.153846 , 5.892072
1.000000 , 0.179487 , 5.948639
1.000000 , 0.205128 , 5.930895
1.000000 , 0.230769 , 5.828456
1.000000 , 0.256410 , 5.635041
1.000000 , 0.282051 , 5.350324
1.000000 , 0.307692 , 4.974911
1.000000 , 0.333333 , 4.510334
1.000000 , 0.358974 , 3.961719
1.000000 , 0.384615 , 3.339368
1.000000 , 0.410256 , 2.654333
1.000000 , 0.435897 , 1.917989
1.000000 , 0.461538 , 1.143752
1.000000 , 0.487179 , 0.347220
1.000000 , 0.512821 , -0.456206
1.000000 , 0.538462 , -1.251117
1.000000 , 0.564103 , -2.021943
1.000000 , 0.589744 , -2.753755
1.000000 , 0.615385 , -3.433254
1.000000 , 0.641026 , -4.047357
1.000000 , 0.666667 , -4.586065
1.000000 , 0.692308 , -5.041302
1.000000 , 0.717949 , -5.407100
1.000000 , 0.743590 , -5.681230
1.000000 , 0.769231 , -5.863534
1.000000 , 0.794872 , -5.956191
1.000000 , 0.820513 , -5.965511
1.000000 , 0.846154 , -5.900143
1.000000 , 0.871795 , -5.772839
1.000000 , 0.897436 , -5.599922
1.000000 , 0.923077 , -5.400009
1.000000 , 0.948718 , -5.198939
1.000000 , 0.974359 , -5.031165
1.000000 , 1.000000 , -4.953726
