0.000000 , 0.000000 , -1.236069
0.000000 , 0.025641 , -1.236069
0.000000 , 0.051282 , -1.236069
0.000000 , 0.076923 , -1.236069
0.000000 , 0.102564 , -1.236069
0.000000 , 0.128205 , -1.236069
0.000000 , 0.153846 , -1.236069
0.000000 , 0.179487 , -1.236069
0.000000 , 0.205128 , -1.236069
0.000000 , 0.230769 , -1.236069
0.000000 , 0.256410 , -1.236069
0.000000 , 0.282051 , -1.236069
0.000000 , 0.307692 , -1.236069
0.000000 , 0.333333 , -1.236069
0.000000 , 0.358974 , -1.236069
0.000000 , 0.384615 , -1.236069
0.000000 , 0.410256 , -1.236069
0.000000 , 0.435897 , -1.236069
0.000000 , 0.461538 , -1.236069
0.000000 , 0.487179 , -1.236069
0.000000 , 0.512821 , -1.236069
0.000000 , 0.538462 , -1.236069
0.000000 , 0.564103 , -1.236069
0.000000 , 0.589744 , -1.236069
0.000000 , 0.615385 , -1.236069
0.000000 , 0.641026 , -1.236069
0.000000 , 0.666667 , -1.236069
0.000000 , 0.692308 , -1.236069
0.000000 , 0.717949 , -1.236069
0.000000 , 0.743590 , -1.236069
0.000000 , 0.769231 , -1.236069
0.000000 , 0.794872 , -1.236069
0.000000 , 0.820513 , -1.236069
0.000000 , 0.846154 , -1.236069
0.000000 , 0.871795 , -1.236069
0.000000 , 0.897436 , -1.236069
0.000000 , 0.923077 , -1.236069
0.000000 , 0.948718 , -1.236069
0.000000 , 0.974359 , -1.236069
0.000000 , 1.000000 , -1.236069
0.025641 , 0.000000 , -0.931810
0.025641 , 0.025641 , -0.931825
0.025641 , 0.051282 , -0.931583
0.025641 , 0.076923 , -0.932218
0.025641 , 0.102564 , -0.933112
0.025641 , 0.128205 , -0.934762
0.025641 , 0.153846 , -0.937639
0.025641 , 0.179487 , -0.941054
0.025641 , 0.205128 , -0.943644
0.025641 , 0.230769 , -0.946239
0.025641 , 0.256410 , -0.949815
0.025641 , 0.282051 , -0.954673
0.025641 , 0.307692 , -0.959943
0.025641 , 0.333333 , -0.964672
0.025641 , 0.358974 , -0.969109
0.025641 , 0.384615 , -0.973721
0.025641 , 0.410256 , -0.978958
0.025641 , 0.435897 , -0.984726
0.025641 , 0.461538 , -0.990408
0.025641 , 0.487179 , -0.996675
0.025641 , 0.512821 , -1.002290
0.025641 , 0.538462 , -1.008531
0.025641 , 0.564103 , -1.014207
0.025641 , 0.589744 , -1.019623
0.025641 , 0.615385 , -1.025421
0.025641 , 0.641026 , -1.030488
0.025641 , 0.666667 , -1.035354
0.025641 , 0.692308 , -1.039107
0.025641 , 0.717949 , -1.042574
0.025641 , 0.743590 , -1.046256
0.025641 , 0.769231 , -1.049928
0.025641 , 0.794872 , -1.052689
0.025641 , 0.820513 , -1.055055
0.025641 , 0.846154 , -1.056800
0.025641 , 0.871795 , -1.058177
0.025641 , 0.897436 , -1.059782
0.025641 , 0.923077 , -1.061057
0.025641 , 0.948718 , -1.061145
0.025641 , 0.974359 , -1.061789
0.025641 , 1.000000 , -1.062410
0.051282 , 0.000000 , -0.644527
0.051282 , 0.025641 , -0.644932
0.051282 , 0.051282 , -0.644774
0.051282 , 0.076923 , -0.645159
0.051282 , 0.102564 , -0.646700
0.051282 , 0.128205 , -0.649971
0.051282 , 0.153846 , -0.654928
0.051282 , 0.179487 , -0.661091
0.051282 , 0.205128 , -0.667201
0.051282 , 0.230769 , -0.672493
0.051282 , 0.256410 , -0.680280
0.051282 , 0.282051 , -0.688672
0.051282 , 0.307692 , -0.698782
0.051282 , 0.333333 , -0.708885
0.051282 , 0.358974 , -0.718378
0.051282 , 0.384615 , -0.728301
0.051282 , 0.410256 , -0.738627
0.051282 , 0.435897 , -0.749732
0.051282 , 0.461538 , -0.760888
0.051282 , 0.487179 , -0.772854
0.051282 , 0.512821 , -0.784833
0.051282 , 0.538462 , -0.796805
0.051282 , 0.564103 , -0.807968
0.051282 , 0.589744 , -0.818159
0.051282 , 0.615385 , -0.829730
0.051282 , 0.641026 , -0.840134
0.051282 , 0.666667 , -0.848780
0.051282 , 0.692308 , -0.857301
0.051282 , 0.717949 , -0.864854
0.051282 , 0.743590 , -0.871896
0.051282 , 0.769231 , -0.878677
0.051282 , 0.794872 , -0.884183
0.051282 , 0.820513 , -0.888854
0.051282 , 0.846154 , -0.892734
0.051282 , 0.871795 , -0.895940
0.051282 , 0.897436 , -0.898621
0.051282 , 0.923077 , -0.900697
0.051282 , 0.948718 , -0.901700
0.051282 , 0.974359 , -0.902102
0.051282 , 1.000000 , -0.902490
0.076923 , 0.000000 , -0.373780
0.076923 , 0.025641 , -0.373798
0.076923 , 0.051282 , -0.374665
0.076923 , 0.076923 , -0.375337
0.076923 , 0.102564 , -0.377057
0.076923 , 0.128205 , -0.381302
0.076923 , 0.153846 , -0.387538
0.076923 , 0.179487 , -0.395311
0.076923 , 0.205128 , -0.404939
0.076923 , 0.230769 , -0.414458
0.076923 , 0.256410 , -0.425948
0.076923 , 0.282051 , -0.438206
0.076923 , 0.307692 , -0.451625
0.076923 , 0.333333 , -0.466779
0.076923 , 0.358974 , -0.482456
0.076923 , 0.384615 , -0.497638
0.076923 , 0.410256 , -0.513434
0.076923 , 0.435897 , -0.529237
0.076923 , 0.461538 , -0.546745
0.076923 , 0.487179 , -0.563979
0.076923 , 0.512821 , -0.581571
0.076923 , 0.538462 , -0.599210
0.076923 , 0.564103 , -0.616062
0.076923 , 0.589744 , -0.631852
0.076923 , 0.615385 , -0.648584
0.076923 , 0.641026 , -0.664214
0.076923 , 0.666667 , -0.677293
0.076923 , 0.692308 , -0.690073
0.076923 , 0.717949 , -0.701367
0.076923 , 0.743590 , -0.712411
0.076923 , 0.769231 , -0.722225
0.076923 , 0.794872 , -0.730768
0.076923 , 0.820513 , -0.736567
0.076923 , 0.846154 , -0.742491
0.076923 , 0.871795 , -0.747579
0.076923 , 0.897436 , -0.751802
0.076923 , 0.923077 , -0.754913
0.076923 , 0.948718 , -0.756315
0.076923 , 0.974359 , -0.757199
0.076923 , 1.000000 , -0.757416
0.102564 , 0.000000 , -0.118333
0.102564 , 0.025641 , -0.118683
0.102564 , 0.051282 , -0.120323
0.102564 , 0.076923 , -0.122197
0.102564 , 0.102564 , -0.124419
0.102564 , 0.128205 , -0.128898
0.102564 , 0.153846 , -0.136450
0.102564 , 0.179487 , -0.146319
0.102564 , 0.205128 , -0.157824
0.102564 , 0.230769 , -0.170719
0.102564 , 0.256410 , -0.185797
0.102564 , 0.282051 , -0.202191
0.102564 , 0.307692 , -0.219723
0.102564 , 0.333333 , -0.239212
0.102564 , 0.358974 , -0.259845
0.102564 , 0.384615 , -0.280898
0.102564 , 0.410256 , -0.302559
0.102564 , 0.435897 , -0.323859
0.102564 , 0.461538 , -0.346350
0.102564 , 0.487179 , -0.369282
0.102564 , 0.512821 , -0.391912
0.102564 , 0.538462 , -0.415545
0.102564 , 0.564103 , -0.438683
0.102564 , 0.589744 , -0.460989
0.102564 , 0.615385 , -0.482230
0.102564 , 0.641026 , -0.502136
0.102564 , 0.666667 , -0.520139
0.102564 , 0.692308 , -0.537020
0.102564 , 0.717949 , -0.552376
0.102564 , 0.743590 , -0.567160
0.102564 , 0.769231 , -0.580499
0.102564 , 0.794872 , -0.591214
0.102564 , 0.820513 , -0.598986
0.102564 , 0.846154 , -0.606702
0.102564 , 0.871795 , -0.613648
0.102564 , 0.897436 , -0.619400
0.102564 , 0.923077 , -0.623130
0.102564 , 0.948718 , -0.625150
0.102564 , 0.974359 , -0.626379
0.102564 , 1.000000 , -0.626662
0.128205 , 0.000000 , 0.122028
0.128205 , 0.025641 , 0.121229
0.128205 , 0.051282 , 0.118972
0.128205 , 0.076923 , 0.116377
0.128205 , 0.102564 , 0.112512
0.128205 , 0.128205 , 0.107212
0.128205 , 0.153846 , 0.098602
0.128205 , 0.179487 , 0.086999
0.128205 , 0.205128 , 0.073212
0.128205 , 0.230769 , 0.058048
0.128205 , 0.256410 , 0.040439
0.128205 , 0.282051 , 0.020739
0.128205 , 0.307692 , -0.001508
0.128205 , 0.333333 , -0.025608
0.128205 , 0.358974 , -0.051301
0.128205 , 0.384615 , -0.077834
0.128205 , 0.410256 , -0.104930
0.128205 , 0.435897 , -0.131922
0.128205 , 0.461538 , -0.160447
0.128205 , 0.487179 , -0.188592
0.128205 , 0.512821 , -0.217275
0.128205 , 0.538462 , -0.246391
0.128205 , 0.564103 , -0.275635
0.128205 , 0.589744 , -0.303612
0.128205 , 0.615385 , -0.329902
0.128205 , 0.641026 , -0.354470
0.128205 , 0.666667 , -0.377184
0.128205 , 0.692308 , -0.398480
0.128205 , 0.717949 , -0.417500
0.128205 , 0.743590 , -0.434830
0.128205 , 0.769231 , -0.450546
0.128205 , 0.794872 , -0.464292
0.128205 , 0.820513 , -0.475719
0.128205 , 0.846154 , -0.485183
0.128205 , 0.871795 , -0.494922
0.128205 , 0.897436 , -0.502163
0.128205 , 0.923077 , -0.507443
0.128205 , 0.948718 , -0.510018
0.128205 , 0.974359 , -0.511109
0.128205 , 1.000000 , -0.510964
0.153846 , 0.000000 , 0.345935
0.153846 , 0.025641 , 0.345598
0.153846 , 0.051282 , 0.343522
0.153846 , 0.076923 , 0.340548
0.153846 , 0.102564 , 0.335591
0.153846 , 0.128205 , 0.328510
0.153846 , 0.153846 , 0.318490
0.153846 , 0.179487 , 0.305541
0.153846 , 0.205128 , 0.289824
0.153846 , 0.230769 , 0.272100
0.153846 , 0.256410 , 0.252102
0.153846 , 0.282051 , 0.228768
0.153846 , 0.307692 , 0.202812
0.153846 , 0.333333 , 0.174384
0.153846 , 0.358974 , 0.143458
0.153846 , 0.384615 , 0.111561
0.153846 , 0.410256 , 0.079173
0.153846 , 0.435897 , 0.046562
0.153846 , 0.461538 , 0.012834
0.153846 , 0.487179 , -0.022047
0.153846 , 0.512821 , -0.055918
0.153846 , 0.538462 , -0.090386
0.153846 , 0.564103 , -0.124962
0.153846 , 0.589744 , -0.158163
0.153846 , 0.615385 , -0.189716
0.153846 , 0.641026 , -0.219033
0.153846 , 0.666667 , -0.246510
0.153846 , 0.692308 , -0.271979
0.153846 , 0.717949 , -0.295225
0.153846 , 0.743590 , -0.316319
0.153846 , 0.769231 , -0.334883
0.153846 , 0.794872 , -0.351000
0.153846 , 0.820513 , -0.365507
0.153846 , 0.846154 , -0.377911
0.153846 , 0.871795 , -0.389829
0.153846 , 0.897436 , -0.398783
0.153846 , 0.923077 , -0.404579
0.153846 , 0.948718 , -0.408285
0.153846 , 0.974359 , -0.410207
0.153846 , 1.000000 , -0.410206
0.179487 , 0.000000 , 0.556780
0.179487 , 0.025641 , 0.556565
0.179487 , 0.051282 , 0.554434
0.179487 , 0.076923 , 0.550904
0.179487 , 0.102564 , 0.544578
0.179487 , 0.128205 , 0.536222
0.179487 , 0.153846 , 0.524366
0.179487 , 0.179487 , 0.509414
0.179487 , 0.205128 , 0.491821
0.179487 , 0.230769 , 0.471772
0.179487 , 0.256410 , 0.448760
0.179487 , 0.282051 , 0.422418
0.179487 , 0.307692 , 0.392332
0.179487 , 0.333333 , 0.359646
0.179487 , 0.358974 , 0.324521
0.179487 , 0.384615 , 0.287448
0.179487 , 0.410256 , 0.250275
0.179487 , 0.435897 , 0.211864
0.179487 , 0.461538 , 0.173118
0.179487 , 0.487179 , 0.132763
0.179487 , 0.512821 , 0.092412
0.179487 , 0.538462 , 0.052611
0.179487 , 0.564103 , 0.013155
0.179487 , 0.589744 , -0.024524
0.179487 , 0.615385 , -0.061172
0.179487 , 0.641026 , -0.095604
0.179487 , 0.666667 , -0.127436
0.179487 , 0.692308 , -0.157101
0.179487 , 0.717949 , -0.184559
0.179487 , 0.743590 , -0.208904
0.179487 , 0.769231 , -0.231474
0.179487 , 0.794872 , -0.250849
0.179487 , 0.820513 , -0.267494
0.179487 , 0.846154 , -0.281795
0.179487 , 0.871795 , -0.295369
0.179487 , 0.897436 , -0.306235
0.179487 , 0.923077 , -0.314075
0.179487 , 0.948718 , -0.319139
0.179487 , 0.974359 , -0.321672
0.179487 , 1.000000 , -0.322439
0.205128 , 0.000000 , 0.755950
0.205128 , 0.025641 , 0.755711
0.205128 , 0.051282 , 0.753680
0.205128 , 0.076923 , 0.748821
0.205128 , 0.102564 , 0.741383
0.205128 , 0.128205 , 0.731321
0.205128 , 0.153846 , 0.717863
0.205128 , 0.179487 , 0.700692
0.205128 , 0.205128 , 0.680531
0.205128 , 0.230769 , 0.657605
0.205128 , 0.256410 , 0.631595
0.205128 , 0.282051 , 0.602302
0.205128 , 0.307692 , 0.569010
0.205128 , 0.333333 , 0.532147
0.205128 , 0.358974 , 0.492828
0.205128 , 0.384615 , 0.451835
0.205128 , 0.410256 , 0.409589
0.205128 , 0.435897 , 0.366071
0.205128 , 0.461538 , 0.321361
0.205128 , 0.487179 , 0.276263
0.205128 , 0.512821 , 0.230012
0.205128 , 0.538462 , 0.184852
0.205128 , 0.564103 , 0.140337
0.205128 , 0.589744 , 0.097659
0.205128 , 0.615385 , 0.056383
0.205128 , 0.641026 , 0.016755
0.205128 , 0.666667 , -0.020116
0.205128 , 0.692308 , -0.053993
0.205128 , 0.717949 , -0.085344
0.205128 , 0.743590 , -0.113406
0.205128 , 0.769231 , -0.139491
0.205128 , 0.794872 , -0.162275
0.205128 , 0.820513 , -0.182174
0.205128 , 0.846154 , -0.198752
0.205128 , 0.871795 , -0.214246
0.205128 , 0.897436 , -0.226099
0.205128 , 0.923077 , -0.235308
0.205128 , 0.948718 , -0.242269
0.205128 , 0.974359 , -0.245382
0.205128 , 1.000000 , -0.246469
0.230769 , 0.000000 , 0.944306
0.230769 , 0.025641 , 0.943895
0.230769 , 0.051282 , 0.941626
0.230769 , 0.076923 , 0.935991
0.230769 , 0.102564 , 0.927143
0.230769 , 0.128205 , 0.915175
0.230769 , 0.153846 , 0.899900
0.230769 , 0.179487 , 0.880682
0.230769 , 0.205128 , 0.858340
0.230769 , 0.230769 , 0.832751
0.230769 , 0.256410 , 0.803500
0.230769 , 0.282051 , 0.770969
0.230769 , 0.307692 , 0.734631
0.230769 , 0.333333 , 0.693403
0.230769 , 0.358974 , 0.649412
0.230769 , 0.384615 , 0.604092
0.230769 , 0.410256 , 0.556697
0.230769 , 0.435897 , 0.508842
0.230769 , 0.461538 , 0.459447
0.230769 , 0.487179 , 0.409000
0.230769 , 0.512821 , 0.357694
0.230769 , 0.538462 , 0.307260
0.230769 , 0.564103 , 0.257614
0.230769 , 0.589744 , 0.209887
0.230769 , 0.615385 , 0.163751
0.230769 , 0.641026 , 0.119426
0.230769 , 0.666667 , 0.078162
0.230769 , 0.692308 , 0.040106
0.230769 , 0.717949 , 0.004483
0.230769 , 0.743590 , -0.027715
0.230769 , 0.769231 , -0.058100
0.230769 , 0.794872 , -0.085465
0.230769 , 0.820513 , -0.108903
0.230769 , 0.846154 , -0.129162
0.230769 , 0.871795 , -0.145625
0.230769 , 0.897436 , -0.158399
0.230769 , 0.923077 , -0.168857
0.230769 , 0.948718 , -0.176879
0.230769 , 0.974359 , -0.180742
0.230769 , 1.000000 , -0.182092
0.256410 , 0.000000 , 1.123218
0.256410 , 0.025641 , 1.122969
0.256410 , 0.051282 , 1.119798
0.256410 , 0.076923 , 1.113077
0.256410 , 0.102564 , 1.102536
0.256410 , 0.128205 , 1.087983
0.256410 , 0.153846 , 1.070426
0.256410 , 0.179487 , 1.049098
0.256410 , 0.205128 , 1.023916
0.256410 , 0.230769 , 0.995442
0.256410 , 0.256410 , 0.963644
0.256410 , 0.282051 , 0.927988
0.256410 , 0.307692 , 0.888407
0.256410 , 0.333333 , 0.843752
0.256410 , 0.358974 , 0.794923
0.256410 , 0.384615 , 0.745245
0.256410 , 0.410256 , 0.693478
0.256410 , 0.435897 , 0.640374
0.256410 , 0.461538 , 0.586412
0.256410 , 0.487179 , 0.530818
0.256410 , 0.512821 , 0.474542
0.256410 , 0.538462 , 0.419325
0.256410 , 0.564103 , 0.364654
0.256410 , 0.589744 , 0.312288
0.256410 , 0.615385 , 0.261066
0.256410 , 0.641026 , 0.212046
0.256410 , 0.666667 , 0.165720
0.256410 , 0.692308 , 0.122343
0.256410 , 0.717949 , 0.082289
0.256410 , 0.743590 , 0.045641
0.256410 , 0.769231 , 0.011814
0.256410 , 0.794872 , -0.018598
0.256410 , 0.820513 , -0.044985
0.256410 , 0.846154 , -0.068523
0.256410 , 0.871795 , -0.087922
0.256410 , 0.897436 , -0.103121
0.256410 , 0.923077 , -0.114928
0.256410 , 0.948718 , -0.123687
0.256410 , 0.974359 , -0.128081
0.256410 , 1.000000 , -0.129931
0.282051 , 0.000000 , 1.293449
0.282051 , 0.025641 , 1.292373
0.282051 , 0.051282 , 1.288797
0.282051 , 0.076923 , 1.281025
0.282051 , 0.102564 , 1.268907
0.282051 , 0.128205 , 1.252604
0.282051 , 0.153846 , 1.231882
0.282051 , 0.179487 , 1.207210
0.282051 , 0.205128 , 1.179492
0.282051 , 0.230769 , 1.147354
0.282051 , 0.256410 , 1.112004
0.282051 , 0.282051 , 1.073389
0.282051 , 0.307692 , 1.030058
0.282051 , 0.333333 , 0.982055
0.282051 , 0.358974 , 0.929414
0.282051 , 0.384615 , 0.875183
0.282051 , 0.410256 , 0.819327
0.282051 , 0.435897 , 0.761597
0.282051 , 0.461538 , 0.702882
0.282051 , 0.487179 , 0.642668
0.282051 , 0.512821 , 0.581403
0.282051 , 0.538462 , 0.521283
0.282051 , 0.564103 , 0.461432
0.282051 , 0.589744 , 0.403864
0.282051 , 0.615385 , 0.347750
0.282051 , 0.641026 , 0.293933
0.282051 , 0.666667 , 0.242801
0.282051 , 0.692308 , 0.193454
0.282051 , 0.717949 , 0.147882
0.282051 , 0.743590 , 0.106992
0.282051 , 0.769231 , 0.069937
0.282051 , 0.794872 , 0.037059
0.282051 , 0.820513 , 0.007520
0.282051 , 0.846154 , -0.018384
0.282051 , 0.871795 , -0.040543
0.282051 , 0.897436 , -0.058370
0.282051 , 0.923077 , -0.072187
0.282051 , 0.948718 , -0.081499
0.282051 , 0.974359 , -0.086507
0.282051 , 1.000000 , -0.088304
0.307692 , 0.000000 , 1.456797
0.307692 , 0.025641 , 1.454743
0.307692 , 0.051282 , 1.449851
0.307692 , 0.076923 , 1.440894
0.307692 , 0.102564 , 1.427185
0.307692 , 0.128205 , 1.409223
0.307692 , 0.153846 , 1.386406
0.307692 , 0.179487 , 1.358808
0.307692 , 0.205128 , 1.327392
0.307692 , 0.230769 , 1.292395
0.307692 , 0.256410 , 1.252546
0.307692 , 0.282051 , 1.209004
0.307692 , 0.307692 , 1.161526
0.307692 , 0.333333 , 1.110315
0.307692 , 0.358974 , 1.054572
0.307692 , 0.384615 , 0.996288
0.307692 , 0.410256 , 0.935929
0.307692 , 0.435897 , 0.873588
0.307692 , 0.461538 , 0.809943
0.307692 , 0.487179 , 0.744666
0.307692 , 0.512821 , 0.678508
0.307692 , 0.538462 , 0.613165
0.307692 , 0.564103 , 0.548231
0.307692 , 0.589744 , 0.485104
0.307692 , 0.615385 , 0.424257
0.307692 , 0.641026 , 0.365358
0.307692 , 0.666667 , 0.309205
0.307692 , 0.692308 , 0.254842
0.307692 , 0.717949 , 0.204080
0.307692 , 0.743590 , 0.158694
0.307692 , 0.769231 , 0.118121
0.307692 , 0.794872 , 0.081461
0.307692 , 0.820513 , 0.047728
0.307692 , 0.846154 , 0.018209
0.307692 , 0.871795 , -0.006048
0.307692 , 0.897436 , -0.025354
0.307692 , 0.923077 , -0.040340
0.307692 , 0.948718 , -0.051285
0.307692 , 0.974359 , -0.057377
0.307692 , 1.000000 , -0.059333
0.333333 , 0.000000 , 1.613642
0.333333 , 0.025641 , 1.611353
0.333333 , 0.051282 , 1.604710
0.333333 , 0.076923 , 1.594018
0.333333 , 0.102564 , 1.579107
0.333333 , 0.128205 , 1.559471
0.333333 , 0.153846 , 1.533952
0.333333 , 0.179487 , 1.503044
0.333333 , 0.205128 , 1.467249
0.333333 , 0.230769 , 1.428405
0.333333 , 0.256410 , 1.384896
0.333333 , 0.282051 , 1.336846
0.333333 , 0.307692 , 1.285152
0.333333 , 0.333333 , 1.229877
0.333333 , 0.358974 , 1.170940
0.333333 , 0.384615 , 1.108338
0.333333 , 0.410256 , 1.043896
0.333333 , 0.435897 , 0.976587
0.333333 , 0.461538 , 0.907250
0.333333 , 0.487179 , 0.836755
0.333333 , 0.512821 , 0.765876
0.333333 , 0.538462 , 0.695198
0.333333 , 0.564103 , 0.624862
0.333333 , 0.589744 , 0.555977
0.333333 , 0.615385 , 0.489559
0.333333 , 0.641026 , 0.425991
0.333333 , 0.666667 , 0.364690
0.333333 , 0.692308 , 0.305840
0.333333 , 0.717949 , 0.250602
0.333333 , 0.743590 , 0.200687
0.333333 , 0.769231 , 0.155553
0.333333 , 0.794872 , 0.114624
0.333333 , 0.820513 , 0.077455
0.333333 , 0.846154 , 0.044637
0.333333 , 0.871795 , 0.017685
0.333333 , 0.897436 , -0.003729
0.333333 , 0.923077 , -0.020436
0.333333 , 0.948718 , -0.032201
0.333333 , 0.974359 , -0.040147
0.333333 , 1.000000 , -0.042597
0.358974 , 0.000000 , 1.764709
0.358974 , 0.025641 , 1.762167
0.358974 , 0.051282 , 1.754587
0.358974 , 0.076923 , 1.742355
0.358974 , 0.102564 , 1.725820
0.358974 , 0.128205 , 1.703671
0.358974 , 0.153846 , 1.675491
0.358974 , 0.179487 , 1.641182
0.358974 , 0.205128 , 1.601475
0.358974 , 0.230769 , 1.558153
0.358974 , 0.256410 , 1.510905
0.358974 , 0.282051 , 1.458925
0.358974 , 0.307692 , 1.403237
0.358974 , 0.333333 , 1.343068
0.358974 , 0.358974 , 1.279598
0.358974 , 0.384615 , 1.212509
0.358974 , 0.410256 , 1.142619
0.358974 , 0.435897 , 1.070273
0.358974 , 0.461538 , 0.995385
0.358974 , 0.487179 , 0.919441
0.358974 , 0.512821 , 0.843020
0.358974 , 0.538462 , 0.767415
0.358974 , 0.564103 , 0.691865
0.358974 , 0.589744 , 0.617964
0.358974 , 0.615385 , 0.545934
0.358974 , 0.641026 , 0.476661
0.358974 , 0.666667 , 0.410246
0.358974 , 0.692308 , 0.347121
0.358974 , 0.717949 , 0.287463
0.358974 , 0.743590 , 0.232540
0.358974 , 0.769231 , 0.183119
0.358974 , 0.794872 , 0.137241
0.358974 , 0.820513 , 0.095871
0.358974 , 0.846154 , 0.060334
0.358974 , 0.871795 , 0.030843
0.358974 , 0.897436 , 0.007385
0.358974 , 0.923077 , -0.012022
0.358974 , 0.948718 , -0.025123
0.358974 , 0.974359 , -0.033762
0.358974 , 1.000000 , -0.036330
0.384615 , 0.000000 , 1.912286
0.384615 , 0.025641 , 1.909051
0.384615 , 0.051282 , 1.900356
0.384615 , 0.076923 , 1.886682
0.384615 , 0.102564 , 1.867369
0.384615 , 0.128205 , 1.842712
0.384615 , 0.153846 , 1.811083
0.384615 , 0.179487 , 1.772991
0.384615 , 0.205128 , 1.730011
0.384615 , 0.230769 , 1.682970
0.384615 , 0.256410 , 1.631697
0.384615 , 0.282051 , 1.575928
0.384615 , 0.307692 , 1.515247
0.384615 , 0.333333 , 1.449842
0.384615 , 0.358974 , 1.380590
0.384615 , 0.384615 , 1.308451
0.384615 , 0.410256 , 1.233182
0.384615 , 0.435897 , 1.155633
0.384615 , 0.461538 , 1.075544
0.384615 , 0.487179 , 0.993829
0.384615 , 0.512821 , 0.912093
0.384615 , 0.538462 , 0.830728
0.384615 , 0.564103 , 0.749672
0.384615 , 0.589744 , 0.670602
0.384615 , 0.615385 , 0.593436
0.384615 , 0.641026 , 0.518410
0.384615 , 0.666667 , 0.446354
0.384615 , 0.692308 , 0.378374
0.384615 , 0.717949 , 0.313762
0.384615 , 0.743590 , 0.254319
0.384615 , 0.769231 , 0.200041
0.384615 , 0.794872 , 0.150522
0.384615 , 0.820513 , 0.104879
0.384615 , 0.846154 , 0.065445
0.384615 , 0.871795 , 0.032674
0.384615 , 0.897436 , 0.006936
0.384615 , 0.923077 , -0.014433
0.384615 , 0.948718 , -0.029263
0.384615 , 0.974359 , -0.038389
0.384615 , 1.000000 , -0.041101
0.410256 , 0.000000 , 2.056826
0.410256 , 0.025641 , 2.053245
0.410256 , 0.051282 , 2.043018
0.410256 , 0.076923 , 2.027692
0.410256 , 0.102564 , 2.005909
0.410256 , 0.128205 , 1.977750
0.410256 , 0.153846 , 1.942856
0.410256 , 0.179487 , 1.901062
0.410256 , 0.205128 , 1.854587
0.410256 , 0.230769 , 1.804241
0.410256 , 0.256410 , 1.748666
0.410256 , 0.282051 , 1.688122
0.410256 , 0.307692 , 1.622372
0.410256 , 0.333333 , 1.551818
0.410256 , 0.358974 , 1.476419
0.410256 , 0.384615 , 1.397639
0.410256 , 0.410256 , 1.316934
0.410256 , 0.435897 , 1.233740
0.410256 , 0.461538 , 1.148054
0.410256 , 0.487179 , 1.060734
0.410256 , 0.512821 , 0.973274
0.410256 , 0.538462 , 0.885742
0.410256 , 0.564103 , 0.799060
0.410256 , 0.589744 , 0.713951
0.410256 , 0.615385 , 0.631368
0.410256 , 0.641026 , 0.550486
0.410256 , 0.666667 , 0.472965
0.410256 , 0.692308 , 0.399688
0.410256 , 0.717949 , 0.329966
0.410256 , 0.743590 , 0.264484
0.410256 , 0.769231 , 0.205229
0.410256 , 0.794872 , 0.151861
0.410256 , 0.820513 , 0.103360
0.410256 , 0.846154 , 0.059549
0.410256 , 0.871795 , 0.023491
0.410256 , 0.897436 , -0.005659
0.410256 , 0.923077 , -0.028706
0.410256 , 0.948718 , -0.045057
0.410256 , 0.974359 , -0.054786
0.410256 , 1.000000 , -0.057730
0.435897 , 0.000000 , 2.198505
0.435897 , 0.025641 , 2.194194
0.435897 , 0.051282 , 2.183076
0.435897 , 0.076923 , 2.166015
0.435897 , 0.102564 , 2.141714
0.435897 , 0.128205 , 2.110200
0.435897 , 0.153846 , 2.072160
0.435897 , 0.179487 , 2.026459
0.435897 , 0.205128 , 1.976009
0.435897 , 0.230769 , 1.921724
0.435897 , 0.256410 , 1.861578
0.435897 , 0.282051 , 1.795536
0.435897 , 0.307692 , 1.725264
0.435897 , 0.333333 , 1.649439
0.435897 , 0.358974 , 1.568286
0.435897 , 0.384615 , 1.482907
0.435897 , 0.410256 , 1.395806
0.435897 , 0.435897 , 1.306067
0.435897 , 0.461538 , 1.214023
0.435897 , 0.487179 , 1.120295
0.435897 , 0.512821 , 1.026353
0.435897 , 0.538462 , 0.932891
0.435897 , 0.564103 , 0.840167
0.435897 , 0.589744 , 0.748791
0.435897 , 0.615385 , 0.659120
0.435897 , 0.641026 , 0.571856
0.435897 , 0.666667 , 0.488232
0.435897 , 0.692308 , 0.409495
0.435897 , 0.717949 , 0.334870
0.435897 , 0.743590 , 0.263787
0.435897 , 0.769231 , 0.199194
0.435897 , 0.794872 , 0.141862
0.435897 , 0.820513 , 0.090497
0.435897 , 0.846154 , 0.043346
0.435897 , 0.871795 , 0.003502
0.435897 , 0.897436 , -0.028574
0.435897 , 0.923077 , -0.053466
0.435897 , 0.948718 , -0.071453
0.435897 , 0.974359 , -0.082320
0.435897 , 1.000000 , -0.085755
0.461538 , 0.000000 , 2.338954
0.461538 , 0.025641 , 2.334115
0.461538 , 0.051282 , 2.322056
0.461538 , 0.076923 , 2.302976
0.461538 , 0.102564 , 2.275989
0.461538 , 0.128205 , 2.241210
0.461538 , 0.153846 , 2.199657
0.461538 , 0.179487 , 2.152007
0.461538 , 0.205128 , 2.098064
0.461538 , 0.230769 , 2.039041
0.461538 , 0.256410 , 1.973827
0.461538 , 0.282051 , 1.901679
0.461538 , 0.307692 , 1.824938
0.461538 , 0.333333 , 1.743386
0.461538 , 0.358974 , 1.656149
0.461538 , 0.384615 , 1.564703
0.461538 , 0.410256 , 1.470209
0.461538 , 0.435897 , 1.372754
0.461538 , 0.461538 , 1.273736
0.461538 , 0.487179 , 1.173398
0.461538 , 0.512821 , 1.072439
0.461538 , 0.538462 , 0.971968
0.461538 , 0.564103 , 0.872294
0.461538 , 0.589744 , 0.774419
0.461538 , 0.615385 , 0.678433
0.461538 , 0.641026 , 0.584329
0.461538 , 0.666667 , 0.494023
0.461538 , 0.692308 , 0.408595
0.461538 , 0.717949 , 0.328760
0.461538 , 0.743590 , 0.253333
0.461538 , 0.769231 , 0.183423
0.461538 , 0.794872 , 0.120766
0.461538 , 0.820513 , 0.065324
0.461538 , 0.846154 , 0.015101
0.461538 , 0.871795 , -0.027967
0.461538 , 0.897436 , -0.062231
0.461538 , 0.923077 , -0.089099
0.461538 , 0.948718 , -0.108443
0.461538 , 0.974359 , -0.120159
0.461538 , 1.000000 , -0.124157
0.487179 , 0.000000 , 2.479210
0.487179 , 0.025641 , 2.474393
0.487179 , 0.051282 , 2.460898
0.487179 , 0.076923 , 2.440255
0.487179 , 0.102564 , 2.411112
0.487179 , 0.128205 , 2.373657
0.487179 , 0.153846 , 2.328303
0.487179 , 0.179487 , 2.277179
0.487179 , 0.205128 , 2.220064
0.487179 , 0.230769 , 2.156371
0.487179 , 0.256410 , 2.085163
0.487179 , 0.282051 , 2.006910
0.487179 , 0.307692 , 1.923622
0.487179 , 0.333333 , 1.834959
0.487179 , 0.358974 , 1.740947
0.487179 , 0.384615 , 1.642307
0.487179 , 0.410256 , 1.540067
0.487179 , 0.435897 , 1.434872
0.487179 , 0.461538 , 1.328028
0.487179 , 0.487179 , 1.220456
0.487179 , 0.512821 , 1.111917
0.487179 , 0.538462 , 1.004171
0.487179 , 0.564103 , 0.897128
0.487179 , 0.589744 , 0.791520
0.487179 , 0.615385 , 0.688258
0.487179 , 0.641026 , 0.587111
0.487179 , 0.666667 , 0.490547
0.487179 , 0.692308 , 0.398605
0.487179 , 0.717949 , 0.312063
0.487179 , 0.743590 , 0.231379
0.487179 , 0.769231 , 0.156635
0.487179 , 0.794872 , 0.088527
0.487179 , 0.820513 , 0.028466
0.487179 , 0.846154 , -0.024959
0.487179 , 0.871795 , -0.070792
0.487179 , 0.897436 , -0.107194
0.487179 , 0.923077 , -0.136384
0.487179 , 0.948718 , -0.157283
0.487179 , 0.974359 , -0.169237
0.487179 , 1.000000 , -0.173031
0.512821 , 0.000000 , 2.620964
0.512821 , 0.025641 , 2.615872
0.512821 , 0.051282 , 2.601668
0.512821 , 0.076923 , 2.579213
0.512821 , 0.102564 , 2.547669
0.512821 , 0.128205 , 2.508306
0.512821 , 0.153846 , 2.460215
0.512821 , 0.179487 , 2.404293
0.512821 , 0.205128 , 2.342783
0.512821 , 0.230769 , 2.273370
0.512821 , 0.256410 , 2.196204
0.512821 , 0.282051 , 2.112121
0.512821 , 0.307692 , 2.021891
0.512821 , 0.333333 , 1.925638
0.512821 , 0.358974 , 1.823878
0.512821 , 0.384615 , 1.717153
0.512821 , 0.410256 , 1.606605
0.512821 , 0.435897 , 1.493389
0.512821 , 0.461538 , 1.377929
0.512821 , 0.487179 , 1.262163
0.512821 , 0.512821 , 1.145311
0.512821 , 0.538462 , 1.029103
0.512821 , 0.564103 , 0.914427
0.512821 , 0.589744 , 0.800545
0.512821 , 0.615385 , 0.689538
0.512821 , 0.641026 , 0.581321
0.512821 , 0.666667 , 0.477251
0.512821 , 0.692308 , 0.378438
0.512821 , 0.717949 , 0.285220
0.512821 , 0.743590 , 0.198399
0.512821 , 0.769231 , 0.118791
0.512821 , 0.794872 , 0.045892
0.512821 , 0.820513 , -0.019355
0.512821 , 0.846154 , -0.076561
0.512821 , 0.871795 , -0.125246
0.512821 , 0.897436 , -0.164333
0.512821 , 0.923077 , -0.195157
0.512821 , 0.948718 , -0.217656
0.512821 , 0.974359 , -0.230424
0.512821 , 1.000000 , -0.234724
0.538462 , 0.000000 , 2.766766
0.538462 , 0.025641 , 2.761503
0.538462 , 0.051282 , 2.745622
0.538462 , 0.076923 , 2.721681
0.538462 , 0.102564 , 2.688279
0.538462 , 0.128205 , 2.645723
0.538462 , 0.153846 , 2.594764
0.538462 , 0.179487 , 2.534917
0.538462 , 0.205128 , 2.467707
0.538462 , 0.230769 , 2.392048
0.538462 , 0.256410 , 2.308373
0.538462 , 0.282051 , 2.217722
0.538462 , 0.307692 , 2.120070
0.538462 , 0.333333 , 2.016276
0.538462 , 0.358974 , 1.906011
0.538462 , 0.384615 , 1.790857
0.538462 , 0.410256 , 1.671381
0.538462 , 0.435897 , 1.549052
0.538462 , 0.461538 , 1.424746
0.538462 , 0.487179 , 1.299229
0.538462 , 0.512821 , 1.173148
0.538462 , 0.538462 , 1.047623
0.538462 , 0.564103 , 0.924300
0.538462 , 0.589744 , 0.801698
0.538462 , 0.615385 , 0.681621
0.538462 , 0.641026 , 0.565790
0.538462 , 0.666667 , 0.453532
0.538462 , 0.692308 , 0.347357
0.538462 , 0.717949 , 0.247544
0.538462 , 0.743590 , 0.154279
0.538462 , 0.769231 , 0.069475
0.538462 , 0.794872 , -0.008045
0.538462 , 0.820513 , -0.077935
0.538462 , 0.846154 , -0.138520
0.538462 , 0.871795 , -0.190216
0.538462 , 0.897436 , -0.232544
0.538462 , 0.923077 , -0.265524
0.538462 , 0.948718 , -0.289821
0.538462 , 0.974359 , -0.303938
0.538462 , 1.000000 , -0.308952
0.564103 , 0.000000 , 2.917778
0.564103 , 0.025641 , 2.911905
0.564103 , 0.051282 , 2.895579
0.564103 , 0.076923 , 2.869143
0.564103 , 0.102564 , 2.834107
0.564103 , 0.128205 , 2.788489
0.564103 , 0.153846 , 2.733377
0.564103 , 0.179487 , 2.669846
0.564103 , 0.205128 , 2.597172
0.564103 , 0.230769 , 2.515089
0.564103 , 0.256410 , 2.424215
0.564103 , 0.282051 , 2.325895
0.564103 , 0.307692 , 2.219639
0.564103 , 0.333333 , 2.107510
0.564103 , 0.358974 , 1.988640
0.564103 , 0.384615 , 1.864041
0.564103 , 0.410256 , 1.735165
0.564103 , 0.435897 , 1.602757
0.564103 , 0.461538 , 1.468003
0.564103 , 0.487179 , 1.331940
0.564103 , 0.512821 , 1.195315
0.564103 , 0.538462 , 1.059660
0.564103 , 0.564103 , 0.925812
0.564103 , 0.589744 , 0.794081
0.564103 , 0.615385 , 0.663817
0.564103 , 0.641026 , 0.538606
0.564103 , 0.666667 , 0.418352
0.564103 , 0.692308 , 0.304472
0.564103 , 0.717949 , 0.198081
0.564103 , 0.743590 , 0.098292
0.564103 , 0.769231 , 0.007184
0.564103 , 0.794872 , -0.074930
0.564103 , 0.820513 , -0.148956
0.564103 , 0.846154 , -0.213518
0.564103 , 0.871795 , -0.268319
0.564103 , 0.897436 , -0.313868
0.564103 , 0.923077 , -0.349373
0.564103 , 0.948718 , -0.374946
0.564103 , 0.974359 , -0.390058
0.564103 , 1.000000 , -0.395399
0.589744 , 0.000000 , 3.073920
0.589744 , 0.025641 , 3.068134
0.589744 , 0.051282 , 3.051147
0.589744 , 0.076923 , 3.023259
0.589744 , 0.102564 , 2.985199
0.589744 , 0.128205 , 2.937071
0.589744 , 0.153846 , 2.877815
0.589744 , 0.179487 , 2.809366
0.589744 , 0.205128 , 2.731236
0.589744 , 0.230769 , 2.643387
0.589744 , 0.256410 , 2.545192
0.589744 , 0.282051 , 2.438536
0.589744 , 0.307692 , 2.323366
0.589744 , 0.333333 , 2.201001
0.589744 , 0.358974 , 2.072308
0.589744 , 0.384615 , 1.937780
0.589744 , 0.410256 , 1.797901
0.589744 , 0.435897 , 1.654557
0.589744 , 0.461538 , 1.508264
0.589744 , 0.487179 , 1.360890
0.589744 , 0.512821 , 1.212247
0.589744 , 0.538462 , 1.064923
0.589744 , 0.564103 , 0.919652
0.589744 , 0.589744 , 0.776954
0.589744 , 0.615385 , 0.636752
0.589744 , 0.641026 , 0.501318
0.589744 , 0.666667 , 0.371993
0.589744 , 0.692308 , 0.249749
0.589744 , 0.717949 , 0.135959
0.589744 , 0.743590 , 0.029936
0.589744 , 0.769231 , -0.067375
0.589744 , 0.794872 , -0.154875
0.589744 , 0.820513 , -0.233174
0.589744 , 0.846154 , -0.301849
0.589744 , 0.871795 , -0.360599
0.589744 , 0.897436 , -0.408591
0.589744 , 0.923077 , -0.446155
0.589744 , 0.948718 , -0.472872
0.589744 , 0.974359 , -0.489383
0.589744 , 1.000000 , -0.494864
0.615385 , 0.000000 , 3.237190
0.615385 , 0.025641 , 3.230830
0.615385 , 0.051282 , 3.213221
0.615385 , 0.076923 , 3.184359
0.615385 , 0.102564 , 3.143727
0.615385 , 0.128205 , 3.092069
0.615385 , 0.153846 , 3.029513
0.615385 , 0.179487 , 2.956553
0.615385 , 0.205128 , 2.872244
0.615385 , 0.230769 , 2.778533
0.615385 , 0.256410 , 2.673115
0.615385 , 0.282051 , 2.557500
0.615385 , 0.307692 , 2.433127
0.615385 , 0.333333 , 2.299809
0.615385 , 0.358974 , 2.160134
0.615385 , 0.384615 , 2.013616
0.615385 , 0.410256 , 1.861422
0.615385 , 0.435897 , 1.705967
0.615385 , 0.461538 , 1.546727
0.615385 , 0.487179 , 1.386050
0.615385 , 0.512821 , 1.224304
0.615385 , 0.538462 , 1.063592
0.615385 , 0.564103 , 0.905621
0.615385 , 0.589744 , 0.750865
0.615385 , 0.615385 , 0.599363
0.615385 , 0.641026 , 0.453864
0.615385 , 0.666667 , 0.314766
0.615385 , 0.692308 , 0.183294
0.615385 , 0.717949 , 0.060903
0.615385 , 0.743590 , -0.052150
0.615385 , 0.769231 , -0.155264
0.615385 , 0.794872 , -0.248006
0.615385 , 0.820513 , -0.330427
0.615385 , 0.846154 , -0.403199
0.615385 , 0.871795 , -0.465841
0.615385 , 0.897436 , -0.516802
0.615385 , 0.923077 , -0.556184
0.615385 , 0.948718 , -0.584473
0.615385 , 0.974359 , -0.601626
0.615385 , 1.000000 , -0.607500
0.641026 , 0.000000 , 3.408190
0.641026 , 0.025641 , 3.401568
0.641026 , 0.051282 , 3.383250
0.641026 , 0.076923 , 3.352985
0.641026 , 0.102564 , 3.310341
0.641026 , 0.128205 , 3.255663
0.641026 , 0.153846 , 3.189304
0.641026 , 0.179487 , 3.112147
0.641026 , 0.205128 , 3.023035
0.641026 , 0.230769 , 2.922258
0.641026 , 0.256410 , 2.809939
0.641026 , 0.282051 , 2.685233
0.641026 , 0.307692 , 2.550445
0.641026 , 0.333333 , 2.405994
0.641026 , 0.358974 , 2.253294
0.641026 , 0.384615 , 2.093665
0.641026 , 0.410256 , 1.928148
0.641026 , 0.435897 , 1.758302
0.641026 , 0.461538 , 1.584477
0.641026 , 0.487179 , 1.408511
0.641026 , 0.512821 , 1.231858
0.641026 , 0.538462 , 1.056204
0.641026 , 0.564103 , 0.883899
0.641026 , 0.589744 , 0.715203
0.641026 , 0.615385 , 0.551121
0.641026 , 0.641026 , 0.393957
0.641026 , 0.666667 , 0.243889
0.641026 , 0.692308 , 0.102935
0.641026 , 0.717949 , -0.028164
0.641026 , 0.743590 , -0.149340
0.641026 , 0.769231 , -0.258319
0.641026 , 0.794872 , -0.356458
0.641026 , 0.820513 , -0.442928
0.641026 , 0.846154 , -0.518755
0.641026 , 0.871795 , -0.584291
0.641026 , 0.897436 , -0.638199
0.641026 , 0.923077 , -0.680840
0.641026 , 0.948718 , -0.709973
0.641026 , 0.974359 , -0.728285
0.641026 , 1.000000 , -0.734105
0.666667 , 0.000000 , 3.588312
0.666667 , 0.025641 , 3.581317
0.666667 , 0.051282 , 3.562823
0.666667 , 0.076923 , 3.531020
0.666667 , 0.102564 , 3.486285
0.666667 , 0.128205 , 3.429300
0.666667 , 0.153846 , 3.359990
0.666667 , 0.179487 , 3.277579
0.666667 , 0.205128 , 3.183096
0.666667 , 0.230769 , 3.075050
0.666667 , 0.256410 , 2.954742
0.666667 , 0.282051 , 2.821304
0.666667 , 0.307692 , 2.675769
0.666667 , 0.333333 , 2.519754
0.666667 , 0.358974 , 2.353530
0.666667 , 0.384615 , 2.179354
0.666667 , 0.410256 , 1.998387
0.666667 , 0.435897 , 1.812298
0.666667 , 0.461538 , 1.622078
0.666667 , 0.487179 , 1.428937
0.666667 , 0.512821 , 1.235543
0.666667 , 0.538462 , 1.042624
0.666667 , 0.564103 , 0.854253
0.666667 , 0.589744 , 0.670097
0.666667 , 0.615385 , 0.491554
0.666667 , 0.641026 , 0.321285
0.666667 , 0.666667 , 0.158931
0.666667 , 0.692308 , 0.007481
0.666667 , 0.717949 , -0.132979
0.666667 , 0.743590 , -0.262288
0.666667 , 0.769231 , -0.377869
0.666667 , 0.794872 , -0.479999
0.666667 , 0.820513 , -0.570450
0.666667 , 0.846154 , -0.649190
0.666667 , 0.871795 , -0.717164
0.666667 , 0.897436 , -0.773819
0.666667 , 0.923077 , -0.818630
0.666667 , 0.948718 , -0.850567
0.666667 , 0.974359 , -0.868399
0.666667 , 1.000000 , -0.874700
0.692308 , 0.000000 , 3.778409
0.692308 , 0.025641 , 3.771436
0.692308 , 0.051282 , 3.751978
0.692308 , 0.076923 , 3.719289
0.692308 , 0.102564 , 3.673495
0.692308 , 0.128205 , 3.614693
0.692308 , 0.153846 , 3.542728
0.692308 , 0.179487 , 3.455764
0.692308 , 0.205128 , 3.354852
0.692308 , 0.230769 , 3.240191
0.692308 , 0.256410 , 3.111654
0.692308 , 0.282051 , 2.968223
0.692308 , 0.307692 , 2.811224
0.692308 , 0.333333 , 2.642702
0.692308 , 0.358974 , 2.462063
0.692308 , 0.384615 , 2.271732
0.692308 , 0.410256 , 2.073648
0.692308 , 0.435897 , 1.868930
0.692308 , 0.461538 , 1.660236
0.692308 , 0.487179 , 1.448405
0.692308 , 0.512821 , 1.236113
0.692308 , 0.538462 , 1.024675
0.692308 , 0.564103 , 0.817341
0.692308 , 0.589744 , 0.616215
0.692308 , 0.615385 , 0.420932
0.692308 , 0.641026 , 0.234983
0.692308 , 0.666667 , 0.059390
0.692308 , 0.692308 , -0.104205
0.692308 , 0.717949 , -0.254777
0.692308 , 0.743590 , -0.391561
0.692308 , 0.769231 , -0.514223
0.692308 , 0.794872 , -0.621482
0.692308 , 0.820513 , -0.716025
0.692308 , 0.846154 , -0.797966
0.692308 , 0.871795 , -0.868168
0.692308 , 0.897436 , -0.926091
0.692308 , 0.923077 , -0.971461
0.692308 , 0.948718 , -1.004557
0.692308 , 0.974359 , -1.023485
0.692308 , 1.000000 , -1.029779
0.717949 , 0.000000 , 3.978280
0.717949 , 0.025641 , 3.971578
0.717949 , 0.051282 , 3.951836
0.717949 , 0.076923 , 3.919374
0.717949 , 0.102564 , 3.873047
0.717949 , 0.128205 , 3.812881
0.717949 , 0.153846 , 3.738394
0.717949 , 0.179487 , 3.647889
0.717949 , 0.205128 , 3.541490
0.717949 , 0.230769 , 3.420761
0.717949 , 0.256410 , 3.283225
0.717949 , 0.282051 , 3.129331
0.717949 , 0.307692 , 2.959305
0.717949 , 0.333333 , 2.776276
0.717949 , 0.358974 , 2.580017
0.717949 , 0.384615 , 2.372265
0.717949 , 0.410256 , 2.155074
0.717949 , 0.435897 , 1.930517
0.717949 , 0.461538 , 1.700795
0.717949 , 0.487179 , 1.467698
0.717949 , 0.512821 , 1.234044
0.717949 , 0.538462 , 1.001549
0.717949 , 0.564103 , 0.773265
0.717949 , 0.589744 , 0.551903
0.717949 , 0.615385 , 0.338120
0.717949 , 0.641026 , 0.135062
0.717949 , 0.666667 , -0.054984
0.717949 , 0.692308 , -0.231790
0.717949 , 0.717949 , -0.393496
0.717949 , 0.743590 , -0.538827
0.717949 , 0.769231 , -0.668277
0.717949 , 0.794872 , -0.781218
0.717949 , 0.820513 , -0.880091
0.717949 , 0.846154 , -0.965226
0.717949 , 0.871795 , -1.037202
0.717949 , 0.897436 , -1.095385
0.717949 , 0.923077 , -1.141258
0.717949 , 0.948718 , -1.173654
0.717949 , 0.974359 , -1.192877
0.717949 , 1.000000 , -1.199345
0.743590 , 0.000000 , 4.188173
0.743590 , 0.025641 , 4.181973
0.743590 , 0.051282 , 4.162851
0.743590 , 0.076923 , 4.131257
0.743590 , 0.102564 , 4.085058
0.743590 , 0.128205 , 4.024096
0.743590 , 0.153846 , 3.947684
0.743590 , 0.179487 , 3.854756
0.743590 , 0.205128 , 3.744628
0.743590 , 0.230769 , 3.617359
0.743590 , 0.256410 , 3.471031
0.743590 , 0.282051 , 3.305578
0.743590 , 0.307692 , 3.122545
0.743590 , 0.333333 , 2.924153
0.743590 , 0.358974 , 2.710834
0.743590 , 0.384615 , 2.482622
0.743590 , 0.410256 , 2.244431
0.743590 , 0.435897 , 1.997562
0.743590 , 0.461538 , 1.744115
0.743590 , 0.487179 , 1.486562
0.743590 , 0.512821 , 1.227852
0.743590 , 0.538462 , 0.971289
0.743590 , 0.564103 , 0.719098
0.743590 , 0.589744 , 0.475111
0.743590 , 0.615385 , 0.241450
0.743590 , 0.641026 , 0.019962
0.743590 , 0.666667 , -0.186344
0.743590 , 0.692308 , -0.377032
0.743590 , 0.717949 , -0.550040
0.743590 , 0.743590 , -0.705800
0.743590 , 0.769231 , -0.843254
0.743590 , 0.794872 , -0.961841
0.743590 , 0.820513 , -1.064022
0.743590 , 0.846154 , -1.150600
0.743590 , 0.871795 , -1.222946
0.743590 , 0.897436 , -1.280711
0.743590 , 0.923077 , -1.325954
0.743590 , 0.948718 , -1.358448
0.743590 , 0.974359 , -1.377389
0.743590 , 1.000000 , -1.384357
0.769231 , 0.000000 , 4.409036
0.769231 , 0.025641 , 4.403431
0.769231 , 0.051282 , 4.385437
0.769231 , 0.076923 , 4.355372
0.769231 , 0.102564 , 4.309976
0.769231 , 0.128205 , 4.249966
0.769231 , 0.153846 , 4.173318
0.769231 , 0.179487 , 4.079240
0.769231 , 0.205128 , 3.966318
0.769231 , 0.230769 , 3.832878
0.769231 , 0.256410 , 3.677589
0.769231 , 0.282051 , 3.500941
0.769231 , 0.307692 , 3.303310
0.769231 , 0.333333 , 3.088896
0.769231 , 0.358974 , 2.856009
0.769231 , 0.384615 , 2.605878
0.769231 , 0.410256 , 2.343922
0.769231 , 0.435897 , 2.071986
0.769231 , 0.461538 , 1.791700
0.769231 , 0.487179 , 1.506237
0.769231 , 0.512821 , 1.219402
0.769231 , 0.538462 , 0.935190
0.769231 , 0.564103 , 0.656466
0.769231 , 0.589744 , 0.387295
0.769231 , 0.615385 , 0.130346
0.769231 , 0.641026 , -0.111455
0.769231 , 0.666667 , -0.336546
0.769231 , 0.692308 , -0.542921
0.769231 , 0.717949 , -0.728672
0.769231 , 0.743590 , -0.893861
0.769231 , 0.769231 , -1.039300
0.769231 , 0.794872 , -1.164017
0.769231 , 0.820513 , -1.269859
0.769231 , 0.846154 , -1.357857
0.769231 , 0.871795 , -1.429513
0.769231 , 0.897436 , -1.485429
0.769231 , 0.923077 , -1.527934
0.769231 , 0.948718 , -1.558553
0.769231 , 0.974359 , -1.576902
0.769231 , 1.000000 , -1.583657
0.794872 , 0.000000 , 4.640744
0.794872 , 0.025641 , 4.635701
0.794872 , 0.051282 , 4.619456
0.794872 , 0.076923 , 4.591721
0.794872 , 0.102564 , 4.549704
0.794872 , 0.128205 , 4.492247
0.794872 , 0.153846 , 4.417353
0.794872 , 0.179487 , 4.322977
0.794872 , 0.205128 , 4.207067
0.794872 , 0.230769 , 4.068189
0.794872 , 0.256410 , 3.904060
0.794872 , 0.282051 , 3.715358
0.794872 , 0.307692 , 3.503032
0.794872 , 0.333333 , 3.270124
0.794872 , 0.358974 , 3.016832
0.794872 , 0.384615 , 2.743413
0.794872 , 0.410256 , 2.454610
0.794872 , 0.435897 , 2.153992
0.794872 , 0.461538 , 1.843614
0.794872 , 0.487179 , 1.527027
0.794872 , 0.512821 , 1.208566
0.794872 , 0.538462 , 0.892683
0.794872 , 0.564103 , 0.583643
0.794872 , 0.589744 , 0.286387
0.794872 , 0.615385 , 0.003420
0.794872 , 0.641026 , -0.262339
0.794872 , 0.666667 , -0.507945
0.794872 , 0.692308 , -0.732148
0.794872 , 0.717949 , -0.931833
0.794872 , 0.743590 , -1.107044
0.794872 , 0.769231 , -1.260088
0.794872 , 0.794872 , -1.389804
0.794872 , 0.820513 , -1.497794
0.794872 , 0.846154 , -1.585792
0.794872 , 0.871795 , -1.655680
0.794872 , 0.897436 , -1.708471
0.794872 , 0.923077 , -1.747192
0.794872 , 0.948718 , -1.774299
0.794872 , 0.974359 , -1.790647
0.794872 , 1.000000 , -1.796323
0.820513 , 0.000000 , 4.882479
0.820513 , 0.025641 , 4.878503
0.820513 , 0.051282 , 4.865301
0.820513 , 0.076923 , 4.841464
0.820513 , 0.102564 , 4.804804
0.820513 , 0.128205 , 4.752137
0.820513 , 0.153846 , 4.680492
0.820513 , 0.179487 , 4.588108
0.820513 , 0.205128 , 4.469867
0.820513 , 0.230769 , 4.325845
0.820513 , 0.256410 , 4.153907
0.820513 , 0.282051 , 3.954477
0.820513 , 0.307692 , 3.727256
0.820513 , 0.333333 , 3.474005
0.820513 , 0.358974 , 3.196465
0.820513 , 0.384615 , 2.897612
0.820513 , 0.410256 , 2.578472
0.820513 , 0.435897 , 2.244870
0.820513 , 0.461538 , 1.900389
0.820513 , 0.487179 , 1.548539
0.820513 , 0.512821 , 1.193765
0.820513 , 0.538462 , 0.842525
0.820513 , 0.564103 , 0.499240
0.820513 , 0.589744 , 0.170643
0.820513 , 0.615385 , -0.141604
0.820513 , 0.641026 , -0.434549
0.820513 , 0.666667 , -0.703531
0.820513 , 0.692308 , -0.947259
0.820513 , 0.717949 , -1.163029
0.820513 , 0.743590 , -1.349803
0.820513 , 0.769231 , -1.509740
0.820513 , 0.794872 , -1.643727
0.820513 , 0.820513 , -1.751796
0.820513 , 0.846154 , -1.836982
0.820513 , 0.871795 , -1.901644
0.820513 , 0.897436 , -1.949252
0.820513 , 0.923077 , -1.983160
0.820513 , 0.948718 , -2.005375
0.820513 , 0.974359 , -2.018468
0.820513 , 1.000000 , -2.022355
0.846154 , 0.000000 , 5.132093
0.846154 , 0.025641 , 5.129882
0.846154 , 0.051282 , 5.121320
0.846154 , 0.076923 , 5.104520
0.846154 , 0.102564 , 5.076459
0.846154 , 0.128205 , 5.031797
0.846154 , 0.153846 , 4.966119
0.846154 , 0.179487 , 4.877191
0.846154 , 0.205128 , 4.760486
0.846154 , 0.230769 , 4.613624
0.846154 , 0.256410 , 4.434185
0.846154 , 0.282051 , 4.222875
0.846154 , 0.307692 , 3.979270
0.846154 , 0.333333 , 3.704087
0.846154 , 0.358974 , 3.400237
0.846154 , 0.384615 , 3.070245
0.846154 , 0.410256 , 2.717348
0.846154 , 0.435897 , 2.345981
0.846154 , 0.461538 , 1.962626
0.846154 , 0.487179 , 1.570684
0.846154 , 0.512821 , 1.176036
0.846154 , 0.538462 , 0.784572
0.846154 , 0.564103 , 0.403124
0.846154 , 0.589744 , 0.037421
0.846154 , 0.615385 , -0.308203
0.846154 , 0.641026 , -0.630749
0.846154 , 0.666667 , -0.926057
0.846154 , 0.692308 , -1.190970
0.846154 , 0.717949 , -1.424106
0.846154 , 0.743590 , -1.623841
0.846154 , 0.769231 , -1.790576
0.846154 , 0.794872 , -1.926755
0.846154 , 0.820513 , -2.033398
0.846154 , 0.846154 , -2.114077
0.846154 , 0.871795 , -2.171529
0.846154 , 0.897436 , -2.210261
0.846154 , 0.923077 , -2.235048
0.846154 , 0.948718 , -2.249792
0.846154 , 0.974359 , -2.257467
0.846154 , 1.000000 , -2.259946
0.871795 , 0.000000 , 5.386362
0.871795 , 0.025641 , 5.386934
0.871795 , 0.051282 , 5.385475
0.871795 , 0.076923 , 5.379084
0.871795 , 0.102564 , 5.363337
0.871795 , 0.128205 , 5.331435
0.871795 , 0.153846 , 5.277079
0.871795 , 0.179487 , 5.195372
0.871795 , 0.205128 , 5.082875
0.871795 , 0.230769 , 4.935556
0.871795 , 0.256410 , 4.749604
0.871795 , 0.282051 , 4.525147
0.871795 , 0.307692 , 4.262830
0.871795 , 0.333333 , 3.963857
0.871795 , 0.358974 , 3.630379
0.871795 , 0.384615 , 3.265819
0.871795 , 0.410256 , 2.874937
0.871795 , 0.435897 , 2.462008
0.871795 , 0.461538 , 2.032992
0.871795 , 0.487179 , 1.594871
0.871795 , 0.512821 , 1.154383
0.871795 , 0.538462 , 0.717240
0.871795 , 0.564103 , 0.291827
0.871795 , 0.589744 , -0.115636
0.871795 , 0.615385 , -0.500274
0.871795 , 0.641026 , -0.856197
0.871795 , 0.666667 , -1.180831
0.871795 , 0.692308 , -1.469527
0.871795 , 0.717949 , -1.721203
0.871795 , 0.743590 , -1.933674
0.871795 , 0.769231 , -2.107292
0.871795 , 0.794872 , -2.243672
0.871795 , 0.820513 , -2.345495
0.871795 , 0.846154 , -2.417459
0.871795 , 0.871795 , -2.463851
0.871795 , 0.897436 , -2.489582
0.871795 , 0.923077 , -2.501593
0.871795 , 0.948718 , -2.505370
0.871795 , 0.974359 , -2.505501
0.871795 , 1.000000 , -2.505025
0.897436 , 0.000000 , 5.640679
0.897436 , 0.025641 , 5.644865
0.897436 , 0.051282 , 5.654587
0.897436 , 0.076923 , 5.664149
0.897436 , 0.102564 , 5.665953
0.897436 , 0.128205 , 5.652127
0.897436 , 0.153846 , 5.613878
0.897436 , 0.179487 , 5.545280
0.897436 , 0.205128 , 5.440051
0.897436 , 0.230769 , 5.295107
0.897436 , 0.256410 , 5.103994
0.897436 , 0.282051 , 4.866175
0.897436 , 0.307692 , 4.584141
0.897436 , 0.333333 , 4.258598
0.897436 , 0.358974 , 3.892138
0.897436 , 0.384615 , 3.489154
0.897436 , 0.410256 , 3.055487
0.897436 , 0.435897 , 2.594963
0.897436 , 0.461538 , 2.114729
0.897436 , 0.487179 , 1.623740
0.897436 , 0.512821 , 1.129808
0.897436 , 0.538462 , 0.640404
0.897436 , 0.564103 , 0.164070
0.897436 , 0.589744 , -0.291692
0.897436 , 0.615385 , -0.720009
0.897436 , 0.641026 , -1.114821
0.897436 , 0.666667 , -1.471688
0.897436 , 0.692308 , -1.786666
0.897436 , 0.717949 , -2.057796
0.897436 , 0.743590 , -2.283741
0.897436 , 0.769231 , -2.462960
0.897436 , 0.794872 , -2.597705
0.897436 , 0.820513 , -2.692174
0.897436 , 0.846154 , -2.750956
0.897436 , 0.871795 , -2.780572
0.897436 , 0.897436 , -2.787020
0.897436 , 0.923077 , -2.779932
0.897436 , 0.948718 , -2.767793
0.897436 , 0.974359 , -2.756663
0.897436 , 1.000000 , -2.752469
0.923077 , 0.000000 , 5.886853
0.923077 , 0.025641 , 5.897141
0.923077 , 0.051282 , 5.923525
0.923077 , 0.076923 , 5.956372
0.923077 , 0.102564 , 5.985021
0.923077 , 0.128205 , 5.996970
0.923077 , 0.153846 , 5.982140
0.923077 , 0.179487 , 5.931683
0.923077 , 0.205128 , 5.838601
0.923077 , 0.230769 , 5.697669
0.923077 , 0.256410 , 5.503897
0.923077 , 0.282051 , 5.254121
0.923077 , 0.307692 , 4.950883
0.923077 , 0.333333 , 4.595912
0.923077 , 0.358974 , 4.192403
0.923077 , 0.384615 , 3.745546
0.923077 , 0.410256 , 3.261377
0.923077 , 0.435897 , 2.746469
0.923077 , 0.461538 , 2.208436
0.923077 , 0.487179 , 1.657481
0.923077 , 0.512821 , 1.102004
0.923077 , 0.538462 , 0.552039
0.923077 , 0.564103 , 0.016810
0.923077 , 0.589744 , -0.494764
0.923077 , 0.615385 , -0.973924
0.923077 , 0.641026 , -1.412958
0.923077 , 0.666667 , -1.806898
0.923077 , 0.692308 , -2.150910
0.923077 , 0.717949 , -2.442878
0.923077 , 0.743590 , -2.680816
0.923077 , 0.769231 , -2.863975
0.923077 , 0.794872 , -2.994323
0.923077 , 0.820513 , -3.076691
0.923077 , 0.846154 , -3.117394
0.923077 , 0.871795 , -3.123434
0.923077 , 0.897436 , -3.103459
0.923077 , 0.923077 , -3.069259
0.923077 , 0.948718 , -3.033145
0.923077 , 0.974359 , -3.005388
0.923077 , 1.000000 , -2.994514
0.948718 , 0.000000 , 6.113236
0.948718 , 0.025641 , 6.133061
0.948718 , 0.051282 , 6.184993
0.948718 , 0.076923 , 6.252922
0.948718 , 0.102564 , 6.319360
0.948718 , 0.128205 , 6.368535
0.948718 , 0.153846 , 6.386164
0.948718 , 0.179487 , 6.361191
0.948718 , 0.205128 , 6.285830
0.948718 , 0.230769 , 6.153099
0.948718 , 0.256410 , 5.957666
0.948718 , 0.282051 , 5.696761
0.948718 , 0.307692 , 5.371367
0.948718 , 0.333333 , 4.983415
0.948718 , 0.358974 , 4.537926
0.948718 , 0.384615 , 4.041058
0.948718 , 0.410256 , 3.499044
0.948718 , 0.435897 , 2.920893
0.948718 , 0.461538 , 2.315771
0.948718 , 0.487179 , 1.694415
0.948718 , 0.512821 , 1.067756
0.948718 , 0.538462 , 0.447562
0.948718 , 0.564103 , -0.155083
0.948718 , 0.589744 , -0.729916
0.948718 , 0.615385 , -1.266609
0.948718 , 0.641026 , -1.756192
0.948718 , 0.666667 , -2.192052
0.948718 , 0.692308 , -2.569366
0.948718 , 0.717949 , -2.884010
0.948718 , 0.743590 , -3.134230
0.948718 , 0.769231 , -3.318664
0.948718 , 0.794872 , -3.440979
0.948718 , 0.820513 , -3.505407
0.948718 , 0.846154 , -3.519982
0.948718 , 0.871795 , -3.493443
0.948718 , 0.897436 , -3.437171
0.948718 , 0.923077 , -3.365033
0.948718 , 0.948718 , -3.293780
0.948718 , 0.974359 , -3.239540
0.948718 , 1.000000 , -3.218744
0.974359 , 0.000000 , 6.299266
0.974359 , 0.025641 , 6.337150
0.974359 , 0.051282 , 6.430996
0.974359 , 0.076923 , 6.551016
0.974359 , 0.102564 , 6.671013
0.974359 , 0.128205 , 6.771274
0.974359 , 0.153846 , 6.833409
0.974359 , 0.179487 , 6.843206
0.974359 , 0.205128 , 6.791232
0.974359 , 0.230769 , 6.670999
0.974359 , 0.256410 , 6.476720
0.974359 , 0.282051 , 6.204173
0.974359 , 0.307692 , 5.854211
0.974359 , 0.333333 , 5.429878
0.974359 , 0.358974 , 4.936931
0.974359 , 0.384615 , 4.382356
0.974359 , 0.410256 , 3.773824
0.974359 , 0.435897 , 3.122495
0.974359 , 0.461538 , 2.439436
0.974359 , 0.487179 , 1.736791
0.974359 , 0.512821 , 1.027391
0.974359 , 0.538462 , 0.325584
0.974359 , 0.564103 , -0.355146
0.974359 , 0.589744 , -1.002880
0.974359 , 0.615385 , -1.605691
0.974359 , 0.641026 , -2.153236
0.974359 , 0.666667 , -2.637713
0.974359 , 0.692308 , -3.051578
0.974359 , 0.717949 , -3.390475
0.974359 , 0.743590 , -3.652210
0.974359 , 0.769231 , -3.836341
0.974359 , 0.794872 , -3.945921
0.974359 , 0.820513 , -3.986591
0.974359 , 0.846154 , -3.966176
0.974359 , 0.871795 , -3.895910
0.974359 , 0.897436 , -3.789235
0.974359 , 0.923077 , -3.663045
0.974359 , 0.948718 , -3.538935
0.974359 , 0.974359 , -3.443052
0.974359 , 1.000000 , -3.404043
1.000000 , 0.000000 , 6.409616
1.000000 , 0.025641 , 6.485129
1.000000 , 0.051282 , 6.650859
1.000000 , 0.076923 , 6.848576
1.000000 , 0.102564 , 7.044069
1.000000 , 0.128205 , 7.210716
1.000000 , 0.153846 , 7.330873
1.000000 , 0.179487 , 7.386595
1.000000 , 0.205128 , 7.366823
1.000000 , 0.230769 , 7.264731
1.000000 , 0.256410 , 7.073927
1.000000 , 0.282051 , 6.789593
1.000000 , 0.307692 , 6.411531
1.000000 , 0.333333 , 5.945347
1.000000 , 0.358974 , 5.397619
1.000000 , 0.384615 , 4.776817
1.000000 , 0.410256 , 4.091824
1.000000 , 0.435897 , 3.355534
1.000000 , 0.461538 , 2.582054
1.000000 , 0.487179 , 1.785135
1.000000 , 0.512821 , 0.980176
1.000000 , 0.538462 , 0.183870
1.000000 , 0.564103 , -0.588324
1.000000 , 0.589744 , -1.320264
1.000000 , 0.615385 , -1.999298
1.000000 , 0.641026 , -2.613824
1.000000 , 0.666667 , -3.152980
1.000000 , 0.692308 , -3.608745
1.000000 , 0.717949 , -3.974768
1.000000 , 0.743590 , -4.248720
1.000000 , 0.769231 , -4.430111
1.000000 , 0.794872 , -4.521771
1.000000 , 0.820513 , -4.530070
1.000000 , 0.846154 , -4.463976
1.000000 , 0.871795 , -4.335846
1.000000 , 0.897436 , -4.161232
1.000000 , 0.923077 , -3.960562
1.000000 , 0.948718 , -3.758433
1.000000 , 0.974359 , -3.590855
1.000000 , 1.000000 , -3.514506
