0.000000 , 0.000000 , -0.251162
0.000000 , 0.025641 , -0.251162
0.000000 , 0.051282 , -0.251162
0.000000 , 0.076923 , -0.251162
0.000000 , 0.102564 , -0.251162
0.000000 , 0.128205 , -0.251162
0.000000 , 0.153846 , -0.251162
0.000000 , 0.179487 , -0.251162
0.000000 , 0.205128 , -0.251162
0.000000 , 0.230769 , -0.251162
0.000000 , 0.256410 , -0.251162
0.000000 , 0.282051 , -0.251162
0.000000 , 0.307692 , -0.251162
0.000000 , 0.333333 , -0.251162
0.000000 , 0.358974 , -0.251162
0.000000 , 0.384615 , -0.251162
0.000000 , 0.410256 , -0.251162
0.000000 , 0.435897 , -0.251162
0.000000 , 0.461538 , -0.251162
0.000000 , 0.487179 , -0.251162
0.000000 , 0.512821 , -0.251162
0.000000 , 0.538462 , -0.251162
0.000000 , 0.564103 , -0.251162
0.000000 , 0.589744 , -0.251162
0.000000 , 0.615385 , -0.251162
0.000000 , 0.641026 , -0.251162
0.000000 , 0.666667 , -0.251162
0.000000 , 0.692308 , -0.251162
0.000000 , 0.717949 , -0.251162
0.000000 , 0.743590 , -0.251162
0.000000 , 0.769231 , -0.251162
0.000000 , 0.794872 , -0.251162
0.000000 , 0.820513 , -0.251162
0.000000 , 0.846154 , -0.251162
0.000000 , 0.871795 , -0.251162
0.000000 , 0.897436 , -0.251162
0.000000 , 0.923077 , -0.251162
0.000000 , 0.948718 , -0.251162
0.000000 , 0.974359 , -0.251162
0.000000 , 1.000000 , -0.251162
0.025641 , 0.000000 , 0.090532
0.025641 , 0.025641 , 0.090499
0.025641 , 0.051282 , 0.090449
0.025641 , 0.076923 , 0.090918
0.025641 , 0.102564 , 0.091027
0.025641 , 0.128205 , 0.090560
0.025641 , 0.153846 , 0.089326
0.025641 , 0.179487 , 0.087381
0.025641 , 0.205128 , 0.085041
0.025641 , 0.230769 , 0.081723
0.025641 , 0.256410 , 0.078776
0.025641 , 0.282051 , 0.075524
0.025641 , 0.307692 , 0.071722
0.025641 , 0.333333 , 0.067234
0.025641 , 0.358974 , 0.061889
0.025641 , 0.384615 , 0.057221
0.025641 , 0.410256 , 0.052155
0.025641 , 0.435897 , 0.046614
0.025641 , 0.461538 , 0.040903
0.025641 , 0.487179 , 0.035207
0.025641 , 0.512821 , 0.030194
0.025641 , 0.538462 , 0.024681
0.025641 , 0.564103 , 0.019520
0.025641 , 0.589744 , 0.014494
0.025641 , 0.615385 , 0.009833
0.025641 , 0.641026 , 0.005020
0.025641 , 0.666667 , 0.001018
0.025641 , 0.692308 , -0.003043
0.025641 , 0.717949 , -0.006508
0.025641 , 0.743590 , -0.009259
0.025641 , 0.769231 , -0.012274
0.025641 , 0.794872 , -0.015306
0.025641 , 0.820513 , -0.017602
0.025641 , 0.846154 , -0.019442
0.025641 , 0.871795 , -0.021455
0.025641 , 0.897436 , -0.022223
0.025641 , 0.923077 , -0.023681
0.025641 , 0.948718 , -0.023840
0.025641 , 0.974359 , -0.024173
0.025641 , 1.000000 , -0.024405
0.051282 , 0.000000 , 0.416574
0.051282 , 0.025641 , 0.416856
0.051282 , 0.051282 , 0.416601
0.051282 , 0.076923 , 0.416527
0.051282 , 0.102564 , 0.416068
0.051282 , 0.128205 , 0.414482
0.051282 , 0.153846 , 0.411758
0.051282 , 0.179487 , 0.408257
0.051282 , 0.205128 , 0.403099
0.051282 , 0.230769 , 0.397000
0.051282 , 0.256410 , 0.390854
0.051282 , 0.282051 , 0.384461
0.051282 , 0.307692 , 0.377557
0.051282 , 0.333333 , 0.369216
0.051282 , 0.358974 , 0.359769
0.051282 , 0.384615 , 0.349178
0.051282 , 0.410256 , 0.338675
0.051282 , 0.435897 , 0.328197
0.051282 , 0.461538 , 0.316984
0.051282 , 0.487179 , 0.305621
0.051282 , 0.512821 , 0.294743
0.051282 , 0.538462 , 0.284575
0.051282 , 0.564103 , 0.274085
0.051282 , 0.589744 , 0.264131
0.051282 , 0.615385 , 0.254868
0.051282 , 0.641026 , 0.245243
0.051282 , 0.666667 , 0.236867
0.051282 , 0.692308 , 0.229256
0.051282 , 0.717949 , 0.221870
0.051282 , 0.743590 , 0.215770
0.051282 , 0.769231 , 0.210662
0.051282 , 0.794872 , 0.205507
0.051282 , 0.820513 , 0.200460
0.051282 , 0.846154 , 0.196332
0.051282 , 0.871795 , 0.192716
0.051282 , 0.897436 , 0.190509
0.051282 , 0.923077 , 0.188564
0.051282 , 0.948718 , 0.187240
0.051282 , 0.974359 , 0.186553
0.051282 , 1.000000 , 0.186839
0.076923 , 0.000000 , 0.725395
0.076923 , 0.025641 , 0.725751
0.076923 , 0.051282 , 0.725396
0.076923 , 0.076923 , 0.724765
0.076923 , 0.102564 , 0.724241
0.076923 , 0.128205 , 0.721703
0.076923 , 0.153846 , 0.716504
0.076923 , 0.179487 , 0.711475
0.076923 , 0.205128 , 0.705002
0.076923 , 0.230769 , 0.696128
0.076923 , 0.256410 , 0.687023
0.076923 , 0.282051 , 0.677183
0.076923 , 0.307692 , 0.666706
0.076923 , 0.333333 , 0.654463
0.076923 , 0.358974 , 0.640844
0.076923 , 0.384615 , 0.625243
0.076923 , 0.410256 , 0.609212
0.076923 , 0.435897 , 0.593902
0.076923 , 0.461538 , 0.577798
0.076923 , 0.487179 , 0.560569
0.076923 , 0.512821 , 0.544381
0.076923 , 0.538462 , 0.529083
0.076923 , 0.564103 , 0.513879
0.076923 , 0.589744 , 0.499167
0.076923 , 0.615385 , 0.485024
0.076923 , 0.641026 , 0.471177
0.076923 , 0.666667 , 0.458458
0.076923 , 0.692308 , 0.446859
0.076923 , 0.717949 , 0.435292
0.076923 , 0.743590 , 0.425243
0.076923 , 0.769231 , 0.417296
0.076923 , 0.794872 , 0.410168
0.076923 , 0.820513 , 0.403595
0.076923 , 0.846154 , 0.397734
0.076923 , 0.871795 , 0.392317
0.076923 , 0.897436 , 0.388635
0.076923 , 0.923077 , 0.385625
0.076923 , 0.948718 , 0.383453
0.076923 , 0.974359 , 0.382649
0.076923 , 1.000000 , 0.382140
0.102564 , 0.000000 , 1.017629
0.102564 , 0.025641 , 1.018287
0.102564 , 0.051282 , 1.017780
0.102564 , 0.076923 , 1.017172
0.102564 , 0.102564 , 1.015833
0.102564 , 0.128205 , 1.012565
0.102564 , 0.153846 , 1.006410
0.102564 , 0.179487 , 0.999275
0.102564 , 0.205128 , 0.991380
0.102564 , 0.230769 , 0.980834
0.102564 , 0.256410 , 0.968290
0.102564 , 0.282051 , 0.954982
0.102564 , 0.307692 , 0.940556
0.102564 , 0.333333 , 0.924701
0.102564 , 0.358974 , 0.906336
0.102564 , 0.384615 , 0.886176
0.102564 , 0.410256 , 0.865644
0.102564 , 0.435897 , 0.844697
0.102564 , 0.461538 , 0.823269
0.102564 , 0.487179 , 0.800609
0.102564 , 0.512821 , 0.778985
0.102564 , 0.538462 , 0.759236
0.102564 , 0.564103 , 0.738821
0.102564 , 0.589744 , 0.719602
0.102564 , 0.615385 , 0.700699
0.102564 , 0.641026 , 0.681832
0.102564 , 0.666667 , 0.664911
0.102564 , 0.692308 , 0.649903
0.102564 , 0.717949 , 0.635132
0.102564 , 0.743590 , 0.621171
0.102564 , 0.769231 , 0.609192
0.102564 , 0.794872 , 0.599250
0.102564 , 0.820513 , 0.590868
0.102564 , 0.846154 , 0.583687
0.102564 , 0.871795 , 0.577433
0.102564 , 0.897436 , 0.571679
0.102564 , 0.923077 , 0.567794
0.102564 , 0.948718 , 0.564734
0.102564 , 0.974359 , 0.563444
0.102564 , 1.000000 , 0.563104
0.128205 , 0.000000 , 1.295355
0.128205 , 0.025641 , 1.295939
0.128205 , 0.051282 , 1.295549
0.128205 , 0.076923 , 1.294317
0.128205 , 0.102564 , 1.292228
0.128205 , 0.128205 , 1.288354
0.128205 , 0.153846 , 1.281260
0.128205 , 0.179487 , 1.273129
0.128205 , 0.205128 , 1.263395
0.128205 , 0.230769 , 1.251065
0.128205 , 0.256410 , 1.235721
0.128205 , 0.282051 , 1.219023
0.128205 , 0.307692 , 1.200743
0.128205 , 0.333333 , 1.180271
0.128205 , 0.358974 , 1.157508
0.128205 , 0.384615 , 1.133308
0.128205 , 0.410256 , 1.107923
0.128205 , 0.435897 , 1.082006
0.128205 , 0.461538 , 1.055572
0.128205 , 0.487179 , 1.028095
0.128205 , 0.512821 , 1.000561
0.128205 , 0.538462 , 0.975317
0.128205 , 0.564103 , 0.950097
0.128205 , 0.589744 , 0.925386
0.128205 , 0.615385 , 0.901611
0.128205 , 0.641026 , 0.878260
0.128205 , 0.666667 , 0.857132
0.128205 , 0.692308 , 0.838240
0.128205 , 0.717949 , 0.819894
0.128205 , 0.743590 , 0.803190
0.128205 , 0.769231 , 0.788612
0.128205 , 0.794872 , 0.776142
0.128205 , 0.820513 , 0.766073
0.128205 , 0.846154 , 0.756829
0.128205 , 0.871795 , 0.748722
0.128205 , 0.897436 , 0.741620
0.128205 , 0.923077 , 0.735859
0.128205 , 0.948718 , 0.733057
0.128205 , 0.974359 , 0.731293
0.128205 , 1.000000 , 0.730577
0.153846 , 0.000000 , 1.560121
0.153846 , 0.025641 , 1.560476
0.153846 , 0.051282 , 1.560108
0.153846 , 0.076923 , 1.558686
0.153846 , 0.102564 , 1.554883
0.153846 , 0.128205 , 1.549980
0.153846 , 0.153846 , 1.542319
0.153846 , 0.179487 , 1.532407
0.153846 , 0.205128 , 1.520877
0.153846 , 0.230769 , 1.506134
0.153846 , 0.256410 , 1.488794
0.153846 , 0.282051 , 1.469000
0.153846 , 0.307692 , 1.446909
0.153846 , 0.333333 , 1.422196
0.153846 , 0.358974 , 1.395084
0.153846 , 0.384615 , 1.366472
0.153846 , 0.410256 , 1.336158
0.153846 , 0.435897 , 1.305437
0.153846 , 0.461538 , 1.273939
0.153846 , 0.487179 , 1.242254
0.153846 , 0.512821 , 1.209282
0.153846 , 0.538462 , 1.177820
0.153846 , 0.564103 , 1.147610
0.153846 , 0.589744 , 1.117835
0.153846 , 0.615385 , 1.089210
0.153846 , 0.641026 , 1.062002
0.153846 , 0.666667 , 1.036676
0.153846 , 0.692308 , 1.013205
0.153846 , 0.717949 , 0.990759
0.153846 , 0.743590 , 0.970790
0.153846 , 0.769231 , 0.953307
0.153846 , 0.794872 , 0.938752
0.153846 , 0.820513 , 0.927574
0.153846 , 0.846154 , 0.917011
0.153846 , 0.871795 , 0.906956
0.153846 , 0.897436 , 0.898237
0.153846 , 0.923077 , 0.891562
0.153846 , 0.948718 , 0.888054
0.153846 , 0.974359 , 0.886726
0.153846 , 1.000000 , 0.885545
0.179487 , 0.000000 , 1.813307
0.179487 , 0.025641 , 1.812804
0.179487 , 0.051282 , 1.811826
0.179487 , 0.076923 , 1.809732
0.179487 , 0.102564 , 1.805047
0.179487 , 0.128205 , 1.798619
0.179487 , 0.153846 , 1.790017
0.179487 , 0.179487 , 1.778176
0.179487 , 0.205128 , 1.764332
0.179487 , 0.230769 , 1.746996
0.179487 , 0.256410 , 1.726659
0.179487 , 0.282051 , 1.703782
0.179487 , 0.307692 , 1.678071
0.179487 , 0.333333 , 1.650115
0.179487 , 0.358974 , 1.619730
0.179487 , 0.384615 , 1.586219
0.179487 , 0.410256 , 1.550628
0.179487 , 0.435897 , 1.515111
0.179487 , 0.461538 , 1.478369
0.179487 , 0.487179 , 1.442110
0.179487 , 0.512821 , 1.405480
0.179487 , 0.538462 , 1.368226
0.179487 , 0.564103 , 1.332466
0.179487 , 0.589744 , 1.297376
0.179487 , 0.615385 , 1.264002
0.179487 , 0.641026 , 1.232732
0.179487 , 0.666667 , 1.203384
0.179487 , 0.692308 , 1.175980
0.179487 , 0.717949 , 1.149988
0.179487 , 0.743590 , 1.126622
0.179487 , 0.769231 , 1.106248
0.179487 , 0.794872 , 1.089103
0.179487 , 0.820513 , 1.075024
0.179487 , 0.846154 , 1.061767
0.179487 , 0.871795 , 1.049646
0.179487 , 0.897436 , 1.040508
0.179487 , 0.923077 , 1.033567
0.179487 , 0.948718 , 1.029042
0.179487 , 0.974359 , 1.028069
0.179487 , 1.000000 , 1.027298
0.205128 , 0.000000 , 2.053470
0.205128 , 0.025641 , 2.052736
0.205128 , 0.051282 , 2.050737
0.205128 , 0.076923 , 2.047533
0.205128 , 0.102564 , 2.041671
0.205128 , 0.128205 , 2.033953
0.205128 , 0.153846 , 2.024007
0.205128 , 0.179487 , 2.010377
0.205128 , 0.205128 , 1.994244
0.205128 , 0.230769 , 1.974434
0.205128 , 0.256410 , 1.950921
0.205128 , 0.282051 , 1.924714
0.205128 , 0.307692 , 1.895295
0.205128 , 0.333333 , 1.863613
0.205128 , 0.358974 , 1.829808
0.205128 , 0.384615 , 1.792588
0.205128 , 0.410256 , 1.752288
0.205128 , 0.435897 , 1.712294
0.205128 , 0.461538 , 1.670960
0.205128 , 0.487179 , 1.629931
0.205128 , 0.512821 , 1.588895
0.205128 , 0.538462 , 1.547425
0.205128 , 0.564103 , 1.506310
0.205128 , 0.589744 , 1.465848
0.205128 , 0.615385 , 1.428037
0.205128 , 0.641026 , 1.392596
0.205128 , 0.666667 , 1.358949
0.205128 , 0.692308 , 1.327508
0.205128 , 0.717949 , 1.297776
0.205128 , 0.743590 , 1.271032
0.205128 , 0.769231 , 1.247019
0.205128 , 0.794872 , 1.227532
0.205128 , 0.820513 , 1.209056
0.205128 , 0.846154 , 1.193239
0.205128 , 0.871795 , 1.179566
0.205128 , 0.897436 , 1.168698
0.205128 , 0.923077 , 1.161281
0.205128 , 0.948718 , 1.156655
0.205128 , 0.974359 , 1.155070
0.205128 , 1.000000 , 1.154636
0.230769 , 0.000000 , 2.280782
0.230769 , 0.025641 , 2.279876
0.230769 , 0.051282 , 2.277393
0.230769 , 0.076923 , 2.273306
0.230769 , 0.102564 , 2.266527
0.230769 , 0.128205 , 2.257110
0.230769 , 0.153846 , 2.245261
0.230769 , 0.179487 , 2.229640
0.230769 , 0.205128 , 2.210855
0.230769 , 0.230769 , 2.188308
0.230769 , 0.256410 , 2.161856
0.230769 , 0.282051 , 2.132619
0.230769 , 0.307692 , 2.099611
0.230769 , 0.333333 , 2.064236
0.230769 , 0.358974 , 2.026449
0.230769 , 0.384615 , 1.985380
0.230769 , 0.410256 , 1.941600
0.230769 , 0.435897 , 1.896762
0.230769 , 0.461538 , 1.850889
0.230769 , 0.487179 , 1.805789
0.230769 , 0.512821 , 1.760178
0.230769 , 0.538462 , 1.714531
0.230769 , 0.564103 , 1.668962
0.230769 , 0.589744 , 1.623831
0.230769 , 0.615385 , 1.580974
0.230769 , 0.641026 , 1.541177
0.230769 , 0.666667 , 1.503271
0.230769 , 0.692308 , 1.467180
0.230769 , 0.717949 , 1.432965
0.230769 , 0.743590 , 1.402541
0.230769 , 0.769231 , 1.375209
0.230769 , 0.794872 , 1.352882
0.230769 , 0.820513 , 1.331398
0.230769 , 0.846154 , 1.312502
0.230769 , 0.871795 , 1.297492
0.230769 , 0.897436 , 1.284982
0.230769 , 0.923077 , 1.276703
0.230769 , 0.948718 , 1.271110
0.230769 , 0.974359 , 1.267985
0.230769 , 1.000000 , 1.267389
0.256410 , 0.000000 , 2.497400
0.256410 , 0.025641 , 2.496460
0.256410 , 0.051282 , 2.493682
0.256410 , 0.076923 , 2.488276
0.256410 , 0.102564 , 2.480637
0.256410 , 0.128205 , 2.469129
0.256410 , 0.153846 , 2.454316
0.256410 , 0.179487 , 2.436807
0.256410 , 0.205128 , 2.415991
0.256410 , 0.230769 , 2.390139
0.256410 , 0.256410 , 2.360912
0.256410 , 0.282051 , 2.328504
0.256410 , 0.307692 , 2.292260
0.256410 , 0.333333 , 2.253297
0.256410 , 0.358974 , 2.211345
0.256410 , 0.384615 , 2.166730
0.256410 , 0.410256 , 2.119643
0.256410 , 0.435897 , 2.070724
0.256410 , 0.461538 , 2.019952
0.256410 , 0.487179 , 1.970124
0.256410 , 0.512821 , 1.920148
0.256410 , 0.538462 , 1.869462
0.256410 , 0.564103 , 1.819517
0.256410 , 0.589744 , 1.770688
0.256410 , 0.615385 , 1.723424
0.256410 , 0.641026 , 1.678777
0.256410 , 0.666667 , 1.636195
0.256410 , 0.692308 , 1.595677
0.256410 , 0.717949 , 1.557411
0.256410 , 0.743590 , 1.523138
0.256410 , 0.769231 , 1.493227
0.256410 , 0.794872 , 1.466510
0.256410 , 0.820513 , 1.441852
0.256410 , 0.846154 , 1.420203
0.256410 , 0.871795 , 1.402681
0.256410 , 0.897436 , 1.388847
0.256410 , 0.923077 , 1.379308
0.256410 , 0.948718 , 1.373694
0.256410 , 0.974359 , 1.369403
0.256410 , 1.000000 , 1.367793
0.282051 , 0.000000 , 2.705852
0.282051 , 0.025641 , 2.704365
0.282051 , 0.051282 , 2.700461
0.282051 , 0.076923 , 2.694118
0.282051 , 0.102564 , 2.685210
0.282051 , 0.128205 , 2.671737
0.282051 , 0.153846 , 2.653968
0.282051 , 0.179487 , 2.633195
0.282051 , 0.205128 , 2.610299
0.282051 , 0.230769 , 2.581878
0.282051 , 0.256410 , 2.549783
0.282051 , 0.282051 , 2.514540
0.282051 , 0.307692 , 2.474840
0.282051 , 0.333333 , 2.431979
0.282051 , 0.358974 , 2.385844
0.282051 , 0.384615 , 2.336783
0.282051 , 0.410256 , 2.286330
0.282051 , 0.435897 , 2.233621
0.282051 , 0.461538 , 2.178922
0.282051 , 0.487179 , 2.123897
0.282051 , 0.512821 , 2.068993
0.282051 , 0.538462 , 2.013546
0.282051 , 0.564103 , 1.958896
0.282051 , 0.589744 , 1.905565
0.282051 , 0.615385 , 1.853696
0.282051 , 0.641026 , 1.804495
0.282051 , 0.666667 , 1.757569
0.282051 , 0.692308 , 1.712842
0.282051 , 0.717949 , 1.670668
0.282051 , 0.743590 , 1.632563
0.282051 , 0.769231 , 1.598969
0.282051 , 0.794872 , 1.568415
0.282051 , 0.820513 , 1.540950
0.282051 , 0.846154 , 1.517136
0.282051 , 0.871795 , 1.496749
0.282051 , 0.897436 , 1.481272
0.282051 , 0.923077 , 1.470107
0.282051 , 0.948718 , 1.462761
0.282051 , 0.974359 , 1.458796
0.282051 , 1.000000 , 1.457297
0.307692 , 0.000000 , 2.906475
0.307692 , 0.025641 , 2.904797
0.307692 , 0.051282 , 2.899718
0.307692 , 0.076923 , 2.891727
0.307692 , 0.102564 , 2.881412
0.307692 , 0.128205 , 2.866055
0.307692 , 0.153846 , 2.845739
0.307692 , 0.179487 , 2.821857
0.307692 , 0.205128 , 2.795417
0.307692 , 0.230769 , 2.763925
0.307692 , 0.256410 , 2.728960
0.307692 , 0.282051 , 2.690245
0.307692 , 0.307692 , 2.647239
0.307692 , 0.333333 , 2.600782
0.307692 , 0.358974 , 2.550904
0.307692 , 0.384615 , 2.497772
0.307692 , 0.410256 , 2.442867
0.307692 , 0.435897 , 2.386288
0.307692 , 0.461538 , 2.327187
0.307692 , 0.487179 , 2.267695
0.307692 , 0.512821 , 2.207710
0.307692 , 0.538462 , 2.147788
0.307692 , 0.564103 , 2.088296
0.307692 , 0.589744 , 2.029753
0.307692 , 0.615385 , 1.973515
0.307692 , 0.641026 , 1.919510
0.307692 , 0.666667 , 1.867817
0.307692 , 0.692308 , 1.818572
0.307692 , 0.717949 , 1.772455
0.307692 , 0.743590 , 1.730423
0.307692 , 0.769231 , 1.692820
0.307692 , 0.794872 , 1.657456
0.307692 , 0.820513 , 1.626499
0.307692 , 0.846154 , 1.600824
0.307692 , 0.871795 , 1.578792
0.307692 , 0.897436 , 1.561508
0.307692 , 0.923077 , 1.548511
0.307692 , 0.948718 , 1.539591
0.307692 , 0.974359 , 1.534840
0.307692 , 1.000000 , 1.533153
0.333333 , 0.000000 , 3.100900
0.333333 , 0.025641 , 3.098786
0.333333 , 0.051282 , 3.092600
0.333333 , 0.076923 , 3.083036
0.333333 , 0.102564 , 3.070350
0.333333 , 0.128205 , 3.053096
0.333333 , 0.153846 , 3.030208
0.333333 , 0.179487 , 3.003560
0.333333 , 0.205128 , 2.973301
0.333333 , 0.230769 , 2.938361
0.333333 , 0.256410 , 2.899523
0.333333 , 0.282051 , 2.856567
0.333333 , 0.307692 , 2.809493
0.333333 , 0.333333 , 2.759703
0.333333 , 0.358974 , 2.706484
0.333333 , 0.384615 , 2.649752
0.333333 , 0.410256 , 2.590615
0.333333 , 0.435897 , 2.529456
0.333333 , 0.461538 , 2.465788
0.333333 , 0.487179 , 2.401627
0.333333 , 0.512821 , 2.336788
0.333333 , 0.538462 , 2.272347
0.333333 , 0.564103 , 2.207763
0.333333 , 0.589744 , 2.144230
0.333333 , 0.615385 , 2.082871
0.333333 , 0.641026 , 2.023760
0.333333 , 0.666667 , 1.967116
0.333333 , 0.692308 , 1.913979
0.333333 , 0.717949 , 1.863660
0.333333 , 0.743590 , 1.817189
0.333333 , 0.769231 , 1.775174
0.333333 , 0.794872 , 1.735955
0.333333 , 0.820513 , 1.701506
0.333333 , 0.846154 , 1.672800
0.333333 , 0.871795 , 1.648430
0.333333 , 0.897436 , 1.629216
0.333333 , 0.923077 , 1.614835
0.333333 , 0.948718 , 1.604685
0.333333 , 0.974359 , 1.598864
0.333333 , 1.000000 , 1.596222
0.358974 , 0.000000 , 3.288961
0.358974 , 0.025641 , 3.286349
0.358974 , 0.051282 , 3.279552
0.358974 , 0.076923 , 3.268393
0.358974 , 0.102564 , 3.252994
0.358974 , 0.128205 , 3.232759
0.358974 , 0.153846 , 3.206967
0.358974 , 0.179487 , 3.177022
0.358974 , 0.205128 , 3.143713
0.358974 , 0.230769 , 3.104952
0.358974 , 0.256410 , 3.062215
0.358974 , 0.282051 , 3.015629
0.358974 , 0.307692 , 2.963958
0.358974 , 0.333333 , 2.909700
0.358974 , 0.358974 , 2.853087
0.358974 , 0.384615 , 2.792046
0.358974 , 0.410256 , 2.728766
0.358974 , 0.435897 , 2.662886
0.358974 , 0.461538 , 2.594676
0.358974 , 0.487179 , 2.525516
0.358974 , 0.512821 , 2.455838
0.358974 , 0.538462 , 2.386403
0.358974 , 0.564103 , 2.317208
0.358974 , 0.589744 , 2.248590
0.358974 , 0.615385 , 2.181699
0.358974 , 0.641026 , 2.117961
0.358974 , 0.666667 , 2.056437
0.358974 , 0.692308 , 1.998498
0.358974 , 0.717949 , 1.943940
0.358974 , 0.743590 , 1.892975
0.358974 , 0.769231 , 1.846518
0.358974 , 0.794872 , 1.803501
0.358974 , 0.820513 , 1.765845
0.358974 , 0.846154 , 1.734133
0.358974 , 0.871795 , 1.707292
0.358974 , 0.897436 , 1.685427
0.358974 , 0.923077 , 1.669135
0.358974 , 0.948718 , 1.657238
0.358974 , 0.974359 , 1.650448
0.358974 , 1.000000 , 1.647528
0.384615 , 0.000000 , 3.471326
0.384615 , 0.025641 , 3.468542
0.384615 , 0.051282 , 3.460869
0.384615 , 0.076923 , 3.448329
0.384615 , 0.102564 , 3.430275
0.384615 , 0.128205 , 3.407473
0.384615 , 0.153846 , 3.378839
0.384615 , 0.179487 , 3.344954
0.384615 , 0.205128 , 3.308118
0.384615 , 0.230769 , 3.265527
0.384615 , 0.256410 , 3.218359
0.384615 , 0.282051 , 3.167336
0.384615 , 0.307692 , 3.111820
0.384615 , 0.333333 , 3.053247
0.384615 , 0.358974 , 2.992213
0.384615 , 0.384615 , 2.926588
0.384615 , 0.410256 , 2.858107
0.384615 , 0.435897 , 2.787269
0.384615 , 0.461538 , 2.714179
0.384615 , 0.487179 , 2.640185
0.384615 , 0.512821 , 2.565177
0.384615 , 0.538462 , 2.490448
0.384615 , 0.564103 , 2.416372
0.384615 , 0.589744 , 2.342817
0.384615 , 0.615385 , 2.270523
0.384615 , 0.641026 , 2.201423
0.384615 , 0.666667 , 2.135594
0.384615 , 0.692308 , 2.072994
0.384615 , 0.717949 , 2.013738
0.384615 , 0.743590 , 1.957981
0.384615 , 0.769231 , 1.906565
0.384615 , 0.794872 , 1.859989
0.384615 , 0.820513 , 1.818607
0.384615 , 0.846154 , 1.783035
0.384615 , 0.871795 , 1.753649
0.384615 , 0.897436 , 1.729469
0.384615 , 0.923077 , 1.710822
0.384615 , 0.948718 , 1.697424
0.384615 , 0.974359 , 1.689753
0.384615 , 1.000000 , 1.687163
0.410256 , 0.000000 , 3.650087
0.410256 , 0.025641 , 3.647190
0.410256 , 0.051282 , 3.638171
0.410256 , 0.076923 , 3.624069
0.410256 , 0.102564 , 3.603875
0.410256 , 0.128205 , 3.578049
0.410256 , 0.153846 , 3.546749
0.410256 , 0.179487 , 3.509613
0.410256 , 0.205128 , 3.468440
0.410256 , 0.230769 , 3.421617
0.410256 , 0.256410 , 3.370071
0.410256 , 0.282051 , 3.314140
0.410256 , 0.307692 , 3.253979
0.410256 , 0.333333 , 3.190946
0.410256 , 0.358974 , 3.124916
0.410256 , 0.384615 , 3.054389
0.410256 , 0.410256 , 2.980131
0.410256 , 0.435897 , 2.903251
0.410256 , 0.461538 , 2.825025
0.410256 , 0.487179 , 2.745758
0.410256 , 0.512821 , 2.665551
0.410256 , 0.538462 , 2.585483
0.410256 , 0.564103 , 2.506142
0.410256 , 0.589744 , 2.427180
0.410256 , 0.615385 , 2.349461
0.410256 , 0.641026 , 2.274525
0.410256 , 0.666667 , 2.203226
0.410256 , 0.692308 , 2.135133
0.410256 , 0.717949 , 2.071058
0.410256 , 0.743590 , 2.010544
0.410256 , 0.769231 , 1.954787
0.410256 , 0.794872 , 1.904246
0.410256 , 0.820513 , 1.859642
0.410256 , 0.846154 , 1.820655
0.410256 , 0.871795 , 1.788313
0.410256 , 0.897436 , 1.761982
0.410256 , 0.923077 , 1.740533
0.410256 , 0.948718 , 1.725585
0.410256 , 0.974359 , 1.717529
0.410256 , 1.000000 , 1.714972
0.435897 , 0.000000 , 3.826180
0.435897 , 0.025641 , 3.823008
0.435897 , 0.051282 , 3.812547
0.435897 , 0.076923 , 3.796729
0.435897 , 0.102564 , 3.774525
0.435897 , 0.128205 , 3.745867
0.435897 , 0.153846 , 3.711480
0.435897 , 0.179487 , 3.671434
0.435897 , 0.205128 , 3.625822
0.435897 , 0.230769 , 3.575394
0.435897 , 0.256410 , 3.519379
0.435897 , 0.282051 , 3.457766
0.435897 , 0.307692 , 3.392655
0.435897 , 0.333333 , 3.323664
0.435897 , 0.358974 , 3.251514
0.435897 , 0.384615 , 3.175347
0.435897 , 0.410256 , 3.095705
0.435897 , 0.435897 , 3.013282
0.435897 , 0.461538 , 2.928843
0.435897 , 0.487179 , 2.843309
0.435897 , 0.512821 , 2.757264
0.435897 , 0.538462 , 2.671179
0.435897 , 0.564103 , 2.585823
0.435897 , 0.589744 , 2.501286
0.435897 , 0.615385 , 2.418523
0.435897 , 0.641026 , 2.337773
0.435897 , 0.666667 , 2.260106
0.435897 , 0.692308 , 2.185884
0.435897 , 0.717949 , 2.116178
0.435897 , 0.743590 , 2.051475
0.435897 , 0.769231 , 1.991221
0.435897 , 0.794872 , 1.936753
0.435897 , 0.820513 , 1.888695
0.435897 , 0.846154 , 1.846557
0.435897 , 0.871795 , 1.811573
0.435897 , 0.897436 , 1.782504
0.435897 , 0.923077 , 1.759077
0.435897 , 0.948718 , 1.742432
0.435897 , 0.974359 , 1.733463
0.435897 , 1.000000 , 1.730622
0.461538 , 0.000000 , 3.999337
0.461538 , 0.025641 , 3.996091
0.461538 , 0.051282 , 3.984426
0.461538 , 0.076923 , 3.966860
0.461538 , 0.102564 , 3.942182
0.461538 , 0.128205 , 3.910682
0.461538 , 0.153846 , 3.873617
0.461538 , 0.179487 , 3.830855
0.461538 , 0.205128 , 3.780940
0.461538 , 0.230769 , 3.725923
0.461538 , 0.256410 , 3.665600
0.461538 , 0.282051 , 3.599210
0.461538 , 0.307692 , 3.528488
0.461538 , 0.333333 , 3.453040
0.461538 , 0.358974 , 3.373871
0.461538 , 0.384615 , 3.291159
0.461538 , 0.410256 , 3.204979
0.461538 , 0.435897 , 3.116601
0.461538 , 0.461538 , 3.025773
0.461538 , 0.487179 , 2.933593
0.461538 , 0.512821 , 2.840734
0.461538 , 0.538462 , 2.747988
0.461538 , 0.564103 , 2.655779
0.461538 , 0.589744 , 2.564963
0.461538 , 0.615385 , 2.476381
0.461538 , 0.641026 , 2.389645
0.461538 , 0.666667 , 2.306358
0.461538 , 0.692308 , 2.226174
0.461538 , 0.717949 , 2.150390
0.461538 , 0.743590 , 2.080713
0.461538 , 0.769231 , 2.016124
0.461538 , 0.794872 , 1.957556
0.461538 , 0.820513 , 1.905901
0.461538 , 0.846154 , 1.861000
0.461538 , 0.871795 , 1.822628
0.461538 , 0.897436 , 1.790795
0.461538 , 0.923077 , 1.765190
0.461538 , 0.948718 , 1.747331
0.461538 , 0.974359 , 1.737102
0.461538 , 1.000000 , 1.733439
0.487179 , 0.000000 , 4.171605
0.487179 , 0.025641 , 4.167880
0.487179 , 0.051282 , 4.155136
0.487179 , 0.076923 , 4.135434
0.487179 , 0.102564 , 4.108485
0.487179 , 0.128205 , 4.074667
0.487179 , 0.153846 , 4.034715
0.487179 , 0.179487 , 3.988552
0.487179 , 0.205128 , 3.934970
0.487179 , 0.230769 , 3.875073
0.487179 , 0.256410 , 3.808845
0.487179 , 0.282051 , 3.737125
0.487179 , 0.307692 , 3.660919
0.487179 , 0.333333 , 3.579260
0.487179 , 0.358974 , 3.493282
0.487179 , 0.384615 , 3.403414
0.487179 , 0.410256 , 3.309987
0.487179 , 0.435897 , 3.214062
0.487179 , 0.461538 , 3.116603
0.487179 , 0.487179 , 3.016857
0.487179 , 0.512821 , 2.916520
0.487179 , 0.538462 , 2.816715
0.487179 , 0.564103 , 2.717584
0.487179 , 0.589744 , 2.620198
0.487179 , 0.615385 , 2.524157
0.487179 , 0.641026 , 2.430621
0.487179 , 0.666667 , 2.340696
0.487179 , 0.692308 , 2.254733
0.487179 , 0.717949 , 2.173457
0.487179 , 0.743590 , 2.098377
0.487179 , 0.769231 , 2.028643
0.487179 , 0.794872 , 1.965837
0.487179 , 0.820513 , 1.910279
0.487179 , 0.846154 , 1.861695
0.487179 , 0.871795 , 1.820543
0.487179 , 0.897436 , 1.786057
0.487179 , 0.923077 , 1.758715
0.487179 , 0.948718 , 1.738892
0.487179 , 0.974359 , 1.727528
0.487179 , 1.000000 , 1.723476
0.512821 , 0.000000 , 4.345036
0.512821 , 0.025641 , 4.340719
0.512821 , 0.051282 , 4.326874
0.512821 , 0.076923 , 4.305583
0.512821 , 0.102564 , 4.275630
0.512821 , 0.128205 , 4.239080
0.512821 , 0.153846 , 4.196367
0.512821 , 0.179487 , 4.145990
0.512821 , 0.205128 , 4.087873
0.512821 , 0.230769 , 4.022745
0.512821 , 0.256410 , 3.951215
0.512821 , 0.282051 , 3.873515
0.512821 , 0.307692 , 3.790990
0.512821 , 0.333333 , 3.702912
0.512821 , 0.358974 , 3.609394
0.512821 , 0.384615 , 3.511922
0.512821 , 0.410256 , 3.410857
0.512821 , 0.435897 , 3.307182
0.512821 , 0.461538 , 3.201659
0.512821 , 0.487179 , 3.093981
0.512821 , 0.512821 , 2.985300
0.512821 , 0.538462 , 2.877849
0.512821 , 0.564103 , 2.771095
0.512821 , 0.589744 , 2.665731
0.512821 , 0.615385 , 2.562185
0.512821 , 0.641026 , 2.460907
0.512821 , 0.666667 , 2.364065
0.512821 , 0.692308 , 2.271765
0.512821 , 0.717949 , 2.184640
0.512821 , 0.743590 , 2.103522
0.512821 , 0.769231 , 2.028469
0.512821 , 0.794872 , 1.961213
0.512821 , 0.820513 , 1.902206
0.512821 , 0.846154 , 1.850256
0.512821 , 0.871795 , 1.805931
0.512821 , 0.897436 , 1.768861
0.512821 , 0.923077 , 1.739443
0.512821 , 0.948718 , 1.717949
0.512821 , 0.974359 , 1.704624
0.512821 , 1.000000 , 1.700737
0.538462 , 0.000000 , 4.520458
0.538462 , 0.025641 , 4.515718
0.538462 , 0.051282 , 4.501507
0.538462 , 0.076923 , 4.478673
0.538462 , 0.102564 , 4.446183
0.538462 , 0.128205 , 4.406215
0.538462 , 0.153846 , 4.359727
0.538462 , 0.179487 , 4.304672
0.538462 , 0.205128 , 4.241584
0.538462 , 0.230769 , 4.170837
0.538462 , 0.256410 , 4.094239
0.538462 , 0.282051 , 4.010307
0.538462 , 0.307692 , 3.920158
0.538462 , 0.333333 , 3.825200
0.538462 , 0.358974 , 3.723589
0.538462 , 0.384615 , 3.618017
0.538462 , 0.410256 , 3.508436
0.538462 , 0.435897 , 3.395884
0.538462 , 0.461538 , 3.281396
0.538462 , 0.487179 , 3.164695
0.538462 , 0.512821 , 3.047092
0.538462 , 0.538462 , 2.930466
0.538462 , 0.564103 , 2.814690
0.538462 , 0.589744 , 2.700887
0.538462 , 0.615385 , 2.589000
0.538462 , 0.641026 , 2.480225
0.538462 , 0.666667 , 2.375829
0.538462 , 0.692308 , 2.276085
0.538462 , 0.717949 , 2.182682
0.538462 , 0.743590 , 2.096014
0.538462 , 0.769231 , 2.016261
0.538462 , 0.794872 , 1.944026
0.538462 , 0.820513 , 1.880658
0.538462 , 0.846154 , 1.825247
0.538462 , 0.871795 , 1.777137
0.538462 , 0.897436 , 1.737360
0.538462 , 0.923077 , 1.705864
0.538462 , 0.948718 , 1.683501
0.538462 , 0.974359 , 1.668859
0.538462 , 1.000000 , 1.664348
0.564103 , 0.000000 , 4.699487
0.564103 , 0.025641 , 4.694153
0.564103 , 0.051282 , 4.679068
0.564103 , 0.076923 , 4.654622
0.564103 , 0.102564 , 4.620449
0.564103 , 0.128205 , 4.577214
0.564103 , 0.153846 , 4.526858
0.564103 , 0.179487 , 4.467049
0.564103 , 0.205128 , 4.398770
0.564103 , 0.230769 , 4.322748
0.564103 , 0.256410 , 4.239757
0.564103 , 0.282051 , 4.149454
0.564103 , 0.307692 , 4.051376
0.564103 , 0.333333 , 3.947437
0.564103 , 0.358974 , 3.837225
0.564103 , 0.384615 , 3.722198
0.564103 , 0.410256 , 3.603434
0.564103 , 0.435897 , 3.481050
0.564103 , 0.461538 , 3.355972
0.564103 , 0.487179 , 3.228925
0.564103 , 0.512821 , 3.101069
0.564103 , 0.538462 , 2.973982
0.564103 , 0.564103 , 2.848050
0.564103 , 0.589744 , 2.725168
0.564103 , 0.615385 , 2.604747
0.564103 , 0.641026 , 2.487259
0.564103 , 0.666667 , 2.375452
0.564103 , 0.692308 , 2.268241
0.564103 , 0.717949 , 2.167804
0.564103 , 0.743590 , 2.075180
0.564103 , 0.769231 , 1.990600
0.564103 , 0.794872 , 1.913668
0.564103 , 0.820513 , 1.846038
0.564103 , 0.846154 , 1.786341
0.564103 , 0.871795 , 1.734270
0.564103 , 0.897436 , 1.691413
0.564103 , 0.923077 , 1.657829
0.564103 , 0.948718 , 1.633790
0.564103 , 0.974359 , 1.619122
0.564103 , 1.000000 , 1.613339
0.589744 , 0.000000 , 4.882531
0.589744 , 0.025641 , 4.877038
0.589744 , 0.051282 , 4.860699
0.589744 , 0.076923 , 4.834462
0.589744 , 0.102564 , 4.798943
0.589744 , 0.128205 , 4.753214
0.589744 , 0.153846 , 4.698669
0.589744 , 0.179487 , 4.634660
0.589744 , 0.205128 , 4.561105
0.589744 , 0.230769 , 4.480007
0.589744 , 0.256410 , 4.390075
0.589744 , 0.282051 , 4.291902
0.589744 , 0.307692 , 4.185879
0.589744 , 0.333333 , 4.072288
0.589744 , 0.358974 , 3.952091
0.589744 , 0.384615 , 3.826728
0.589744 , 0.410256 , 3.696921
0.589744 , 0.435897 , 3.563486
0.589744 , 0.461538 , 3.426791
0.589744 , 0.487179 , 3.287860
0.589744 , 0.512821 , 3.147893
0.589744 , 0.538462 , 3.009467
0.589744 , 0.564103 , 2.872645
0.589744 , 0.589744 , 2.739220
0.589744 , 0.615385 , 2.608777
0.589744 , 0.641026 , 2.481884
0.589744 , 0.666667 , 2.361049
0.589744 , 0.692308 , 2.246343
0.589744 , 0.717949 , 2.138930
0.589744 , 0.743590 , 2.039968
0.589744 , 0.769231 , 1.949710
0.589744 , 0.794872 , 1.867788
0.589744 , 0.820513 , 1.795000
0.589744 , 0.846154 , 1.731262
0.589744 , 0.871795 , 1.675757
0.589744 , 0.897436 , 1.629928
0.589744 , 0.923077 , 1.594821
0.589744 , 0.948718 , 1.569519
0.589744 , 0.974359 , 1.554361
0.589744 , 1.000000 , 1.549086
0.615385 , 0.000000 , 5.071215
0.615385 , 0.025641 , 5.065467
0.615385 , 0.051282 , 5.048645
0.615385 , 0.076923 , 5.020990
0.615385 , 0.102564 , 4.983228
0.615385 , 0.128205 , 4.935889
0.615385 , 0.153846 , 4.877223
0.615385 , 0.179487 , 4.808725
0.615385 , 0.205128 , 4.730131
0.615385 , 0.230769 , 4.643480
0.615385 , 0.256410 , 4.547055
0.615385 , 0.282051 , 4.440218
0.615385 , 0.307692 , 4.324455
0.615385 , 0.333333 , 4.200587
0.615385 , 0.358974 , 4.069985
0.615385 , 0.384615 , 3.932993
0.615385 , 0.410256 , 3.790230
0.615385 , 0.435897 , 3.643560
0.615385 , 0.461538 , 3.493763
0.615385 , 0.487179 , 3.342081
0.615385 , 0.512821 , 3.189273
0.615385 , 0.538462 , 3.037893
0.615385 , 0.564103 , 2.889127
0.615385 , 0.589744 , 2.743433
0.615385 , 0.615385 , 2.601207
0.615385 , 0.641026 , 2.464315
0.615385 , 0.666667 , 2.333708
0.615385 , 0.692308 , 2.210531
0.615385 , 0.717949 , 2.095668
0.615385 , 0.743590 , 1.990596
0.615385 , 0.769231 , 1.894869
0.615385 , 0.794872 , 1.807488
0.615385 , 0.820513 , 1.728954
0.615385 , 0.846154 , 1.660701
0.615385 , 0.871795 , 1.601471
0.615385 , 0.897436 , 1.552931
0.615385 , 0.923077 , 1.516058
0.615385 , 0.948718 , 1.489851
0.615385 , 0.974359 , 1.474154
0.615385 , 1.000000 , 1.468707
0.641026 , 0.000000 , 5.266892
0.641026 , 0.025641 , 5.260732
0.641026 , 0.051282 , 5.243649
0.641026 , 0.076923 , 5.215042
0.641026 , 0.102564 , 5.174968
0.641026 , 0.128205 , 5.125073
0.641026 , 0.153846 , 5.063094
0.641026 , 0.179487 , 4.989391
0.641026 , 0.205128 , 4.905879
0.641026 , 0.230769 , 4.813136
0.641026 , 0.256410 , 4.710238
0.641026 , 0.282051 , 4.594936
0.641026 , 0.307692 , 4.469172
0.641026 , 0.333333 , 4.333697
0.641026 , 0.358974 , 4.191525
0.641026 , 0.384615 , 4.041850
0.641026 , 0.410256 , 3.884851
0.641026 , 0.435897 , 3.722957
0.641026 , 0.461538 , 3.558888
0.641026 , 0.487179 , 3.392144
0.641026 , 0.512821 , 3.224856
0.641026 , 0.538462 , 3.059006
0.641026 , 0.564103 , 2.896412
0.641026 , 0.589744 , 2.736732
0.641026 , 0.615385 , 2.581664
0.641026 , 0.641026 , 2.433317
0.641026 , 0.666667 , 2.292451
0.641026 , 0.692308 , 2.160342
0.641026 , 0.717949 , 2.036651
0.641026 , 0.743590 , 1.923773
0.641026 , 0.769231 , 1.821911
0.641026 , 0.794872 , 1.729541
0.641026 , 0.820513 , 1.646247
0.641026 , 0.846154 , 1.573742
0.641026 , 0.871795 , 1.511591
0.641026 , 0.897436 , 1.460574
0.641026 , 0.923077 , 1.422064
0.641026 , 0.948718 , 1.394237
0.641026 , 0.974359 , 1.377653
0.641026 , 1.000000 , 1.372043
0.666667 , 0.000000 , 5.470094
0.666667 , 0.025641 , 5.463938
0.666667 , 0.051282 , 5.446300
0.666667 , 0.076923 , 5.416959
0.666667 , 0.102564 , 5.375302
0.666667 , 0.128205 , 5.322577
0.666667 , 0.153846 , 5.257592
0.666667 , 0.179487 , 5.179894
0.666667 , 0.205128 , 5.090625
0.666667 , 0.230769 , 4.990650
0.666667 , 0.256410 , 4.879697
0.666667 , 0.282051 , 4.755349
0.666667 , 0.307692 , 4.619241
0.666667 , 0.333333 , 4.472400
0.666667 , 0.358974 , 4.317108
0.666667 , 0.384615 , 4.153250
0.666667 , 0.410256 , 3.980888
0.666667 , 0.435897 , 3.802592
0.666667 , 0.461538 , 3.621957
0.666667 , 0.487179 , 3.438988
0.666667 , 0.512821 , 3.255413
0.666667 , 0.538462 , 3.073510
0.666667 , 0.564103 , 2.894841
0.666667 , 0.589744 , 2.719629
0.666667 , 0.615385 , 2.550445
0.666667 , 0.641026 , 2.388754
0.666667 , 0.666667 , 2.235759
0.666667 , 0.692308 , 2.093157
0.666667 , 0.717949 , 1.960437
0.666667 , 0.743590 , 1.839517
0.666667 , 0.769231 , 1.730390
0.666667 , 0.794872 , 1.632661
0.666667 , 0.820513 , 1.545758
0.666667 , 0.846154 , 1.469696
0.666667 , 0.871795 , 1.404498
0.666667 , 0.897436 , 1.350828
0.666667 , 0.923077 , 1.311048
0.666667 , 0.948718 , 1.282538
0.666667 , 0.974359 , 1.265249
0.666667 , 1.000000 , 1.259187
0.692308 , 0.000000 , 5.682262
0.692308 , 0.025641 , 5.675741
0.692308 , 0.051282 , 5.657144
0.692308 , 0.076923 , 5.627087
0.692308 , 0.102564 , 5.584736
0.692308 , 0.128205 , 5.529504
0.692308 , 0.153846 , 5.462033
0.692308 , 0.179487 , 5.380645
0.692308 , 0.205128 , 5.286308
0.692308 , 0.230769 , 5.178600
0.692308 , 0.256410 , 5.058899
0.692308 , 0.282051 , 4.925446
0.692308 , 0.307692 , 4.778246
0.692308 , 0.333333 , 4.618767
0.692308 , 0.358974 , 4.449471
0.692308 , 0.384615 , 4.270047
0.692308 , 0.410256 , 4.080061
0.692308 , 0.435897 , 3.883894
0.692308 , 0.461538 , 3.684583
0.692308 , 0.487179 , 3.483219
0.692308 , 0.512821 , 3.281076
0.692308 , 0.538462 , 3.080692
0.692308 , 0.564103 , 2.883705
0.692308 , 0.589744 , 2.691224
0.692308 , 0.615385 , 2.505852
0.692308 , 0.641026 , 2.329736
0.692308 , 0.666667 , 2.163087
0.692308 , 0.692308 , 2.008313
0.692308 , 0.717949 , 1.865883
0.692308 , 0.743590 , 1.736415
0.692308 , 0.769231 , 1.620048
0.692308 , 0.794872 , 1.516180
0.692308 , 0.820513 , 1.425554
0.692308 , 0.846154 , 1.347019
0.692308 , 0.871795 , 1.279922
0.692308 , 0.897436 , 1.224433
0.692308 , 0.923077 , 1.182802
0.692308 , 0.948718 , 1.154013
0.692308 , 0.974359 , 1.136615
0.692308 , 1.000000 , 1.130161
0.717949 , 0.000000 , 5.902696
0.717949 , 0.025641 , 5.896266
0.717949 , 0.051282 , 5.876804
0.717949 , 0.076923 , 5.846646
0.717949 , 0.102564 , 5.804393
0.717949 , 0.128205 , 5.747588
0.717949 , 0.153846 , 5.677694
0.717949 , 0.179487 , 5.593469
0.717949 , 0.205128 , 5.494230
0.717949 , 0.230769 , 5.379665
0.717949 , 0.256410 , 5.251356
0.717949 , 0.282051 , 5.107416
0.717949 , 0.307692 , 4.948802
0.717949 , 0.333333 , 4.775013
0.717949 , 0.358974 , 4.589087
0.717949 , 0.384615 , 4.392063
0.717949 , 0.410256 , 4.183415
0.717949 , 0.435897 , 3.967334
0.717949 , 0.461538 , 3.746839
0.717949 , 0.487179 , 3.524460
0.717949 , 0.512821 , 3.301517
0.717949 , 0.538462 , 3.079953
0.717949 , 0.564103 , 2.862132
0.717949 , 0.589744 , 2.650488
0.717949 , 0.615385 , 2.447127
0.717949 , 0.641026 , 2.254162
0.717949 , 0.666667 , 2.073130
0.717949 , 0.692308 , 1.905504
0.717949 , 0.717949 , 1.751800
0.717949 , 0.743590 , 1.612639
0.717949 , 0.769231 , 1.488609
0.717949 , 0.794872 , 1.379059
0.717949 , 0.820513 , 1.283946
0.717949 , 0.846154 , 1.203759
0.717949 , 0.871795 , 1.136818
0.717949 , 0.897436 , 1.080962
0.717949 , 0.923077 , 1.038508
0.717949 , 0.948718 , 1.008892
0.717949 , 0.974359 , 0.991174
0.717949 , 1.000000 , 0.985092
0.743590 , 0.000000 , 6.131628
0.743590 , 0.025641 , 6.125525
0.743590 , 0.051282 , 6.106902
0.743590 , 0.076923 , 6.076925
0.743590 , 0.102564 , 6.035137
0.743590 , 0.128205 , 5.978023
0.743590 , 0.153846 , 5.906552
0.743590 , 0.179487 , 5.819342
0.743590 , 0.205128 , 5.715728
0.743590 , 0.230769 , 5.594872
0.743590 , 0.256410 , 5.458700
0.743590 , 0.282051 , 5.304239
0.743590 , 0.307692 , 5.132700
0.743590 , 0.333333 , 4.943712
0.743590 , 0.358974 , 4.738715
0.743590 , 0.384615 , 4.521163
0.743590 , 0.410256 , 4.292037
0.743590 , 0.435897 , 4.053713
0.743590 , 0.461538 , 3.809528
0.743590 , 0.487179 , 3.563039
0.743590 , 0.512821 , 3.316636
0.743590 , 0.538462 , 3.071366
0.743590 , 0.564103 , 2.830589
0.743590 , 0.589744 , 2.596910
0.743590 , 0.615385 , 2.373049
0.743590 , 0.641026 , 2.161290
0.743590 , 0.666667 , 1.963323
0.743590 , 0.692308 , 1.781746
0.743590 , 0.717949 , 1.616610
0.743590 , 0.743590 , 1.467349
0.743590 , 0.769231 , 1.335044
0.743590 , 0.794872 , 1.219977
0.743590 , 0.820513 , 1.121408
0.743590 , 0.846154 , 1.039179
0.743590 , 0.871795 , 0.972126
0.743590 , 0.897436 , 0.917821
0.743590 , 0.923077 , 0.876335
0.743590 , 0.948718 , 0.847133
0.743590 , 0.974359 , 0.829252
0.743590 , 1.000000 , 0.823393
0.769231 , 0.000000 , 6.369053
0.769231 , 0.025641 , 6.363585
0.769231 , 0.051282 , 6.347177
0.769231 , 0.076923 , 6.318313
0.769231 , 0.102564 , 6.277339
0.769231 , 0.128205 , 6.221902
0.769231 , 0.153846 , 6.150043
0.769231 , 0.179487 , 6.061388
0.769231 , 0.205128 , 5.953740
0.769231 , 0.230769 , 5.826793
0.769231 , 0.256410 , 5.681553
0.769231 , 0.282051 , 5.516874
0.769231 , 0.307692 , 5.331891
0.769231 , 0.333333 , 5.126741
0.769231 , 0.358974 , 4.901475
0.769231 , 0.384615 , 4.660364
0.769231 , 0.410256 , 4.407882
0.769231 , 0.435897 , 4.144532
0.769231 , 0.461538 , 3.873705
0.769231 , 0.487179 , 3.600699
0.769231 , 0.512821 , 3.327080
0.769231 , 0.538462 , 3.055006
0.769231 , 0.564103 , 2.787887
0.769231 , 0.589744 , 2.529524
0.769231 , 0.615385 , 2.282568
0.769231 , 0.641026 , 2.049811
0.769231 , 0.666667 , 1.832951
0.769231 , 0.692308 , 1.635287
0.769231 , 0.717949 , 1.457307
0.769231 , 0.743590 , 1.297880
0.769231 , 0.769231 , 1.158962
0.769231 , 0.794872 , 1.039269
0.769231 , 0.820513 , 0.937514
0.769231 , 0.846154 , 0.853445
0.769231 , 0.871795 , 0.785913
0.769231 , 0.897436 , 0.733556
0.769231 , 0.923077 , 0.694549
0.769231 , 0.948718 , 0.666847
0.769231 , 0.974359 , 0.650788
0.769231 , 1.000000 , 0.645334
0.794872 , 0.000000 , 6.615914
0.794872 , 0.025641 , 6.611180
0.794872 , 0.051282 , 6.597025
0.794872 , 0.076923 , 6.571273
0.794872 , 0.102564 , 6.533348
0.794872 , 0.128205 , 6.480834
0.794872 , 0.153846 , 6.411060
0.794872 , 0.179487 , 6.322493
0.794872 , 0.205128 , 6.212462
0.794872 , 0.230769 , 6.080046
0.794872 , 0.256410 , 5.925056
0.794872 , 0.282051 , 5.748138
0.794872 , 0.307692 , 5.548071
0.794872 , 0.333333 , 5.324882
0.794872 , 0.358974 , 5.078414
0.794872 , 0.384615 , 4.812664
0.794872 , 0.410256 , 4.532752
0.794872 , 0.435897 , 4.241443
0.794872 , 0.461538 , 3.941099
0.794872 , 0.487179 , 3.637578
0.794872 , 0.512821 , 3.333133
0.794872 , 0.538462 , 3.030343
0.794872 , 0.564103 , 2.733466
0.794872 , 0.589744 , 2.446632
0.794872 , 0.615385 , 2.172266
0.794872 , 0.641026 , 1.915143
0.794872 , 0.666667 , 1.678331
0.794872 , 0.692308 , 1.463225
0.794872 , 0.717949 , 1.272320
0.794872 , 0.743590 , 1.103000
0.794872 , 0.769231 , 0.956708
0.794872 , 0.794872 , 0.832647
0.794872 , 0.820513 , 0.729197
0.794872 , 0.846154 , 0.644547
0.794872 , 0.871795 , 0.577850
0.794872 , 0.897436 , 0.528379
0.794872 , 0.923077 , 0.493275
0.794872 , 0.948718 , 0.469468
0.794872 , 0.974359 , 0.456175
0.794872 , 1.000000 , 0.452241
0.820513 , 0.000000 , 6.870849
0.820513 , 0.025641 , 6.867641
0.820513 , 0.051282 , 6.856257
0.820513 , 0.076923 , 6.835812
0.820513 , 0.102564 , 6.802825
0.820513 , 0.128205 , 6.754942
0.820513 , 0.153846 , 6.689587
0.820513 , 0.179487 , 6.602491
0.820513 , 0.205128 , 6.492181
0.820513 , 0.230769 , 6.355760
0.820513 , 0.256410 , 6.192849
0.820513 , 0.282051 , 6.002890
0.820513 , 0.307692 , 5.785410
0.820513 , 0.333333 , 5.541873
0.820513 , 0.358974 , 5.272295
0.820513 , 0.384615 , 4.980337
0.820513 , 0.410256 , 4.670463
0.820513 , 0.435897 , 4.347009
0.820513 , 0.461538 , 4.013300
0.820513 , 0.487179 , 3.674306
0.820513 , 0.512821 , 3.334025
0.820513 , 0.538462 , 2.996169
0.820513 , 0.564103 , 2.665188
0.820513 , 0.589744 , 2.345883
0.820513 , 0.615385 , 2.042374
0.820513 , 0.641026 , 1.757851
0.820513 , 0.666667 , 1.498580
0.820513 , 0.692308 , 1.265193
0.820513 , 0.717949 , 1.059284
0.820513 , 0.743590 , 0.879473
0.820513 , 0.769231 , 0.725764
0.820513 , 0.794872 , 0.597386
0.820513 , 0.820513 , 0.492982
0.820513 , 0.846154 , 0.410869
0.820513 , 0.871795 , 0.349018
0.820513 , 0.897436 , 0.304827
0.820513 , 0.923077 , 0.274406
0.820513 , 0.948718 , 0.255455
0.820513 , 0.974359 , 0.245812
0.820513 , 1.000000 , 0.242995
0.846154 , 0.000000 , 7.132859
0.846154 , 0.025641 , 7.131195
0.846154 , 0.051282 , 7.124218
0.846154 , 0.076923 , 7.110552
0.846154 , 0.102564 , 7.086000
0.846154 , 0.128205 , 7.046015
0.846154 , 0.153846 , 6.987450
0.846154 , 0.179487 , 6.905209
0.846154 , 0.205128 , 6.795961
0.846154 , 0.230769 , 6.655947
0.846154 , 0.256410 , 6.485195
0.846154 , 0.282051 , 6.282957
0.846154 , 0.307692 , 6.048262
0.846154 , 0.333333 , 5.782671
0.846154 , 0.358974 , 5.487785
0.846154 , 0.384615 , 5.167321
0.846154 , 0.410256 , 4.823544
0.846154 , 0.435897 , 4.462490
0.846154 , 0.461538 , 4.090287
0.846154 , 0.487179 , 3.711038
0.846154 , 0.512821 , 3.329696
0.846154 , 0.538462 , 2.951132
0.846154 , 0.564103 , 2.581479
0.846154 , 0.589744 , 2.225329
0.846154 , 0.615385 , 1.888795
0.846154 , 0.641026 , 1.575005
0.846154 , 0.666667 , 1.290782
0.846154 , 0.692308 , 1.036311
0.846154 , 0.717949 , 0.813267
0.846154 , 0.743590 , 0.621576
0.846154 , 0.769231 , 0.460729
0.846154 , 0.794872 , 0.330129
0.846154 , 0.820513 , 0.228006
0.846154 , 0.846154 , 0.150973
0.846154 , 0.871795 , 0.096672
0.846154 , 0.897436 , 0.061246
0.846154 , 0.923077 , 0.038627
0.846154 , 0.948718 , 0.026423
0.846154 , 0.974359 , 0.021233
0.846154 , 1.000000 , 0.020177
0.871795 , 0.000000 , 7.398019
0.871795 , 0.025641 , 7.398297
0.871795 , 0.051282 , 7.398637
0.871795 , 0.076923 , 7.394828
0.871795 , 0.102564 , 7.382840
0.871795 , 0.128205 , 7.355627
0.871795 , 0.153846 , 7.307343
0.871795 , 0.179487 , 7.233329
0.871795 , 0.205128 , 7.128728
0.871795 , 0.230769 , 6.987682
0.871795 , 0.256410 , 6.809910
0.871795 , 0.282051 , 6.595059
0.871795 , 0.307692 , 6.342395
0.871795 , 0.333333 , 6.052223
0.871795 , 0.358974 , 5.728144
0.871795 , 0.384615 , 5.373655
0.871795 , 0.410256 , 4.992727
0.871795 , 0.435897 , 4.590392
0.871795 , 0.461538 , 4.173707
0.871795 , 0.487179 , 3.748221
0.871795 , 0.512821 , 3.320460
0.871795 , 0.538462 , 2.895845
0.871795 , 0.564103 , 2.481459
0.871795 , 0.589744 , 2.083956
0.871795 , 0.615385 , 1.709310
0.871795 , 0.641026 , 1.361115
0.871795 , 0.666667 , 1.047482
0.871795 , 0.692308 , 0.769820
0.871795 , 0.717949 , 0.528925
0.871795 , 0.743590 , 0.324947
0.871795 , 0.769231 , 0.157269
0.871795 , 0.794872 , 0.026089
0.871795 , 0.820513 , -0.070217
0.871795 , 0.846154 , -0.138082
0.871795 , 0.871795 , -0.180899
0.871795 , 0.897436 , -0.203717
0.871795 , 0.923077 , -0.213807
0.871795 , 0.948718 , -0.216061
0.871795 , 0.974359 , -0.214705
0.871795 , 1.000000 , -0.214021
0.897436 , 0.000000 , 7.660111
0.897436 , 0.025641 , 7.665198
0.897436 , 0.051282 , 7.676072
0.897436 , 0.076923 , 7.687707
0.897436 , 0.102564 , 7.693438
0.897436 , 0.128205 , 7.685188
0.897436 , 0.153846 , 7.653083
0.897436 , 0.179487 , 7.590674
0.897436 , 0.205128 , 7.493086
0.897436 , 0.230769 , 7.354704
0.897436 , 0.256410 , 7.171403
0.897436 , 0.282051 , 6.944679
0.897436 , 0.307692 , 6.671726
0.897436 , 0.333333 , 6.355358
0.897436 , 0.358974 , 5.999187
0.897436 , 0.384615 , 5.605918
0.897436 , 0.410256 , 5.181302
0.897436 , 0.435897 , 4.731995
0.897436 , 0.461538 , 4.264331
0.897436 , 0.487179 , 3.786838
0.897436 , 0.512821 , 3.305075
0.897436 , 0.538462 , 2.827672
0.897436 , 0.564103 , 2.362567
0.897436 , 0.589744 , 1.916809
0.897436 , 0.615385 , 1.498506
0.897436 , 0.641026 , 1.112965
0.897436 , 0.666667 , 0.766680
0.897436 , 0.692308 , 0.462590
0.897436 , 0.717949 , 0.202023
0.897436 , 0.743590 , -0.014152
0.897436 , 0.769231 , -0.187270
0.897436 , 0.794872 , -0.316383
0.897436 , 0.820513 , -0.405189
0.897436 , 0.846154 , -0.459366
0.897436 , 0.871795 , -0.485669
0.897436 , 0.897436 , -0.490879
0.897436 , 0.923077 , -0.482268
0.897436 , 0.948718 , -0.467930
0.897436 , 0.974359 , -0.455631
0.897436 , 1.000000 , -0.451333
0.923077 , 0.000000 , 7.913195
0.923077 , 0.025641 , 7.923900
0.923077 , 0.051282 , 7.951415
0.923077 , 0.076923 , 7.986914
0.923077 , 0.102564 , 8.018463
0.923077 , 0.128205 , 8.036125
0.923077 , 0.153846 , 8.027402
0.923077 , 0.179487 , 7.982849
0.923077 , 0.205128 , 7.896570
0.923077 , 0.230769 , 7.763246
0.923077 , 0.256410 , 7.576648
0.923077 , 0.282051 , 7.337873
0.923077 , 0.307692 , 7.044573
0.923077 , 0.333333 , 6.699296
0.923077 , 0.358974 , 6.306348
0.923077 , 0.384615 , 5.869521
0.923077 , 0.410256 , 5.394937
0.923077 , 0.435897 , 4.890317
0.923077 , 0.461538 , 4.364130
0.923077 , 0.487179 , 3.825696
0.923077 , 0.512821 , 3.282962
0.923077 , 0.538462 , 2.745082
0.923077 , 0.564103 , 2.222140
0.923077 , 0.589744 , 1.722324
0.923077 , 0.615385 , 1.253650
0.923077 , 0.641026 , 0.824612
0.923077 , 0.666667 , 0.441568
0.923077 , 0.692308 , 0.107541
0.923077 , 0.717949 , -0.174179
0.923077 , 0.743590 , -0.402784
0.923077 , 0.769231 , -0.579370
0.923077 , 0.794872 , -0.703519
0.923077 , 0.820513 , -0.780633
0.923077 , 0.846154 , -0.816432
0.923077 , 0.871795 , -0.818937
0.923077 , 0.897436 , -0.797449
0.923077 , 0.923077 , -0.762176
0.923077 , 0.948718 , -0.723907
0.923077 , 0.974359 , -0.694628
0.923077 , 1.000000 , -0.683954
0.948718 , 0.000000 , 8.144411
0.948718 , 0.025641 , 8.164949
0.948718 , 0.051282 , 8.218322
0.948718 , 0.076923 , 8.288787
0.948718 , 0.102564 , 8.358249
0.948718 , 0.128205 , 8.412332
0.948718 , 0.153846 , 8.435990
0.948718 , 0.179487 , 8.417181
0.948718 , 0.205128 , 8.348489
0.948718 , 0.230769 , 8.222881
0.948718 , 0.256410 , 8.035781
0.948718 , 0.282051 , 7.784842
0.948718 , 0.307692 , 7.469309
0.948718 , 0.333333 , 7.091615
0.948718 , 0.358974 , 6.656690
0.948718 , 0.384615 , 6.169811
0.948718 , 0.410256 , 5.637755
0.948718 , 0.435897 , 5.070115
0.948718 , 0.461538 , 4.476316
0.948718 , 0.487179 , 3.867293
0.948718 , 0.512821 , 3.252827
0.948718 , 0.538462 , 2.645766
0.948718 , 0.564103 , 2.055283
0.948718 , 0.589744 , 1.492535
0.948718 , 0.615385 , 0.967335
0.948718 , 0.641026 , 0.488306
0.948718 , 0.666667 , 0.062899
0.948718 , 0.692308 , -0.304065
0.948718 , 0.717949 , -0.608956
0.948718 , 0.743590 , -0.850207
0.948718 , 0.769231 , -1.028398
0.948718 , 0.794872 , -1.144529
0.948718 , 0.820513 , -1.203343
0.948718 , 0.846154 , -1.213130
0.948718 , 0.871795 , -1.182863
0.948718 , 0.897436 , -1.124137
0.948718 , 0.923077 , -1.050387
0.948718 , 0.948718 , -0.977366
0.948718 , 0.974359 , -0.921837
0.948718 , 1.000000 , -0.900901
0.974359 , 0.000000 , 8.332749
0.974359 , 0.025641 , 8.371789
0.974359 , 0.051282 , 8.467395
0.974359 , 0.076923 , 8.590276
0.974359 , 0.102564 , 8.714094
0.974359 , 0.128205 , 8.817890
0.974359 , 0.153846 , 8.884983
0.974359 , 0.179487 , 8.900955
0.974359 , 0.205128 , 8.856072
0.974359 , 0.230769 , 8.743174
0.974359 , 0.256410 , 8.556565
0.974359 , 0.282051 , 8.293740
0.974359 , 0.307692 , 7.954205
0.974359 , 0.333333 , 7.540287
0.974359 , 0.358974 , 7.057739
0.974359 , 0.384615 , 6.513562
0.974359 , 0.410256 , 5.915952
0.974359 , 0.435897 , 5.274982
0.974359 , 0.461538 , 4.603140
0.974359 , 0.487179 , 3.912286
0.974359 , 0.512821 , 3.215926
0.974359 , 0.538462 , 2.527195
0.974359 , 0.564103 , 1.858900
0.974359 , 0.589744 , 1.223336
0.974359 , 0.615385 , 0.631744
0.974359 , 0.641026 , 0.094839
0.974359 , 0.666667 , -0.379204
0.974359 , 0.692308 , -0.782929
0.974359 , 0.717949 , -1.112754
0.974359 , 0.743590 , -1.366078
0.974359 , 0.769231 , -1.543584
0.974359 , 0.794872 , -1.646768
0.974359 , 0.820513 , -1.681274
0.974359 , 0.846154 , -1.655917
0.974359 , 0.871795 , -1.581680
0.974359 , 0.897436 , -1.471808
0.974359 , 0.923077 , -1.343974
0.974359 , 0.948718 , -1.218675
0.974359 , 0.974359 , -1.121159
0.974359 , 1.000000 , -1.081777
1.000000 , 0.000000 , 8.444134
1.000000 , 0.025641 , 8.520365
1.000000 , 0.051282 , 8.688361
1.000000 , 0.076923 , 8.889266
1.000000 , 0.102564 , 9.087817
1.000000 , 0.128205 , 9.259550
1.000000 , 0.153846 , 9.383876
1.000000 , 0.179487 , 9.445443
1.000000 , 0.205128 , 9.432446
1.000000 , 0.230769 , 9.337786
1.000000 , 0.256410 , 9.154470
1.000000 , 0.282051 , 8.878987
1.000000 , 0.307692 , 8.512124
1.000000 , 0.333333 , 8.057126
1.000000 , 0.358974 , 7.519867
1.000000 , 0.384615 , 6.909303
1.000000 , 0.410256 , 6.234792
1.000000 , 0.435897 , 5.509060
1.000000 , 0.461538 , 4.746883
1.000000 , 0.487179 , 3.961839
1.000000 , 0.512821 , 3.169681
1.000000 , 0.538462 , 2.386243
1.000000 , 0.564103 , 1.627134
1.000000 , 0.589744 , 0.906835
1.000000 , 0.615385 , 0.238968
1.000000 , 0.641026 , -0.364133
1.000000 , 0.666667 , -0.892531
1.000000 , 0.692308 , -1.338219
1.000000 , 0.717949 , -1.695169
1.000000 , 0.743590 , -1.961476
1.000000 , 0.769231 , -2.136037
1.000000 , 0.794872 , -2.221841
1.000000 , 0.820513 , -2.223817
1.000000 , 0.846154 , -2.152651
1.000000 , 0.871795 , -2.020172
1.000000 , 0.897436 , -1.843061
1.000000 , 0.923077 , -1.639732
1.000000 , 0.948718 , -1.436589
1.000000 , 0.974359 , -1.267707
1.000000 , 1.000000 , -1.190369
