0.000000 , 0.000000 , 3.505226
0.000000 , 0.025641 , 3.505226
0.000000 , 0.051282 , 3.505226
0.000000 , 0.076923 , 3.505226
0.000000 , 0.102564 , 3.505226
0.000000 , 0.128205 , 3.505226
0.000000 , 0.153846 , 3.505226
0.000000 , 0.179487 , 3.505226
0.000000 , 0.205128 , 3.505226
0.000000 , 0.230769 , 3.505226
0.000000 , 0.256410 , 3.505226
0.000000 , 0.282051 , 3.505226
0.000000 , 0.307692 , 3.505226
0.000000 , 0.333333 , 3.505226
0.000000 , 0.358974 , 3.505226
0.000000 , 0.384615 , 3.505226
0.000000 , 0.410256 , 3.505226
0.000000 , 0.435897 , 3.505226
0.000000 , 0.461538 , 3.505226
0.000000 , 0.487179 , 3.505226
0.000000 , 0.512821 , 3.505226
0.000000 , 0.538462 , 3.505226
0.000000 , 0.564103 , 3.505226
0.000000 , 0.589744 , 3.505226
0.000000 , 0.615385 , 3.505226
0.000000 , 0.641026 , 3.505226
0.000000 , 0.666667 , 3.505226
0.000000 , 0.692308 , 3.505226
0.000000 , 0.717949 , 3.505226
0.000000 , 0.743590 , 3.505226
0.000000 , 0.769231 , 3.505226
0.000000 , 0.794872 , 3.505226
0.000000 , 0.820513 , 3.505226
0.000000 , 0.846154 , 3.505226
0.000000 , 0.871795 , 3.505226
0.000000 , 0.897436 , 3.505226
0.000000 , 0.923077 , 3.505226
0.000000 , 0.948718 , 3.505226
0.000000 , 0.974359 , 3.505226
0.000000 , 1.000000 , 3.505226
0.025641 , 0.000000 , 3.436532
0.025641 , 0.025641 , 3.436862
0.025641 , 0.051282 , 3.437811
0.025641 , 0.076923 , 3.438046
0.025641 , 0.102564 , 3.438807
0.025641 , 0.128205 , 3.439207
0.025641 , 0.153846 , 3.438849
0.025641 , 0.179487 , 3.438152
0.025641 , 0.205128 , 3.437242
0.025641 , 0.230769 , 3.436753
0.025641 , 0.256410 , 3.435722
0.025641 , 0.282051 , 3.434347
0.025641 , 0.307692 , 3.432685
0.025641 , 0.333333 , 3.430387
0.025641 , 0.358974 , 3.427472
0.025641 , 0.384615 , 3.425077
0.025641 , 0.410256 , 3.423292
0.025641 , 0.435897 , 3.421197
0.025641 , 0.461538 , 3.419437
0.025641 , 0.487179 , 3.417565
0.025641 , 0.512821 , 3.415566
0.025641 , 0.538462 , 3.414304
0.025641 , 0.564103 , 3.412536
0.025641 , 0.589744 , 3.410538
0.025641 , 0.615385 , 3.408385
0.025641 , 0.641026 , 3.406577
0.025641 , 0.666667 , 3.404995
0.025641 , 0.692308 , 3.403867
0.025641 , 0.717949 , 3.403104
0.025641 , 0.743590 , 3.402373
0.025641 , 0.769231 , 3.401671
0.025641 , 0.794872 , 3.401276
0.025641 , 0.820513 , 3.400888
0.025641 , 0.846154 , 3.400051
0.025641 , 0.871795 , 3.399938
0.025641 , 0.897436 , 3.399562
0.025641 , 0.923077 , 3.399481
0.025641 , 0.948718 , 3.399786
0.025641 , 0.974359 , 3.400448
0.025641 , 1.000000 , 3.400690
0.051282 , 0.000000 , 3.359389
0.051282 , 0.025641 , 3.359860
0.051282 , 0.051282 , 3.361589
0.051282 , 0.076923 , 3.363325
0.051282 , 0.102564 , 3.364785
0.051282 , 0.128205 , 3.364884
0.051282 , 0.153846 , 3.364309
0.051282 , 0.179487 , 3.362538
0.051282 , 0.205128 , 3.361581
0.051282 , 0.230769 , 3.360216
0.051282 , 0.256410 , 3.357895
0.051282 , 0.282051 , 3.355281
0.051282 , 0.307692 , 3.352257
0.051282 , 0.333333 , 3.347799
0.051282 , 0.358974 , 3.343283
0.051282 , 0.384615 , 3.338774
0.051282 , 0.410256 , 3.334747
0.051282 , 0.435897 , 3.330930
0.051282 , 0.461538 , 3.326749
0.051282 , 0.487179 , 3.323001
0.051282 , 0.512821 , 3.319285
0.051282 , 0.538462 , 3.316181
0.051282 , 0.564103 , 3.312631
0.051282 , 0.589744 , 3.308614
0.051282 , 0.615385 , 3.304567
0.051282 , 0.641026 , 3.300829
0.051282 , 0.666667 , 3.298660
0.051282 , 0.692308 , 3.296694
0.051282 , 0.717949 , 3.294617
0.051282 , 0.743590 , 3.293085
0.051282 , 0.769231 , 3.291664
0.051282 , 0.794872 , 3.290802
0.051282 , 0.820513 , 3.290631
0.051282 , 0.846154 , 3.289769
0.051282 , 0.871795 , 3.289255
0.051282 , 0.897436 , 3.288491
0.051282 , 0.923077 , 3.288381
0.051282 , 0.948718 , 3.288466
0.051282 , 0.974359 , 3.289683
0.051282 , 1.000000 , 3.290349
0.076923 , 0.000000 , 3.274041
0.076923 , 0.025641 , 3.274874
0.076923 , 0.051282 , 3.276821
0.076923 , 0.076923 , 3.279691
0.076923 , 0.102564 , 3.281769
0.076923 , 0.128205 , 3.282291
0.076923 , 0.153846 , 3.281269
0.076923 , 0.179487 , 3.279756
0.076923 , 0.205128 , 3.278116
0.076923 , 0.230769 , 3.276702
0.076923 , 0.256410 , 3.273686
0.076923 , 0.282051 , 3.269238
0.076923 , 0.307692 , 3.264130
0.076923 , 0.333333 , 3.258303
0.076923 , 0.358974 , 3.251980
0.076923 , 0.384615 , 3.245950
0.076923 , 0.410256 , 3.240468
0.076923 , 0.435897 , 3.234639
0.076923 , 0.461538 , 3.228305
0.076923 , 0.487179 , 3.222031
0.076923 , 0.512821 , 3.216715
0.076923 , 0.538462 , 3.211991
0.076923 , 0.564103 , 3.207205
0.076923 , 0.589744 , 3.201491
0.076923 , 0.615385 , 3.196043
0.076923 , 0.641026 , 3.190446
0.076923 , 0.666667 , 3.186817
0.076923 , 0.692308 , 3.184428
0.076923 , 0.717949 , 3.182009
0.076923 , 0.743590 , 3.179457
0.076923 , 0.769231 , 3.177594
0.076923 , 0.794872 , 3.175810
0.076923 , 0.820513 , 3.174748
0.076923 , 0.846154 , 3.173844
0.076923 , 0.871795 , 3.173338
0.076923 , 0.897436 , 3.173097
0.076923 , 0.923077 , 3.172812
0.076923 , 0.948718 , 3.172939
0.076923 , 0.974359 , 3.173498
0.076923 , 1.000000 , 3.174537
0.102564 , 0.000000 , 3.181593
0.102564 , 0.025641 , 3.182337
0.102564 , 0.051282 , 3.184630
0.102564 , 0.076923 , 3.187540
0.102564 , 0.102564 , 3.190082
0.102564 , 0.128205 , 3.191302
0.102564 , 0.153846 , 3.190994
0.102564 , 0.179487 , 3.189818
0.102564 , 0.205128 , 3.188745
0.102564 , 0.230769 , 3.186645
0.102564 , 0.256410 , 3.182570
0.102564 , 0.282051 , 3.176337
0.102564 , 0.307692 , 3.169692
0.102564 , 0.333333 , 3.162984
0.102564 , 0.358974 , 3.155465
0.102564 , 0.384615 , 3.147464
0.102564 , 0.410256 , 3.140515
0.102564 , 0.435897 , 3.131974
0.102564 , 0.461538 , 3.124127
0.102564 , 0.487179 , 3.116417
0.102564 , 0.512821 , 3.109330
0.102564 , 0.538462 , 3.102344
0.102564 , 0.564103 , 3.096637
0.102564 , 0.589744 , 3.089704
0.102564 , 0.615385 , 3.083110
0.102564 , 0.641026 , 3.076350
0.102564 , 0.666667 , 3.071637
0.102564 , 0.692308 , 3.068603
0.102564 , 0.717949 , 3.065540
0.102564 , 0.743590 , 3.062011
0.102564 , 0.769231 , 3.059654
0.102564 , 0.794872 , 3.057147
0.102564 , 0.820513 , 3.055788
0.102564 , 0.846154 , 3.054513
0.102564 , 0.871795 , 3.053649
0.102564 , 0.897436 , 3.053386
0.102564 , 0.923077 , 3.053522
0.102564 , 0.948718 , 3.054132
0.102564 , 0.974359 , 3.054795
0.102564 , 1.000000 , 3.054849
0.128205 , 0.000000 , 3.080276
0.128205 , 0.025641 , 3.082016
0.128205 , 0.051282 , 3.084968
0.128205 , 0.076923 , 3.087978
0.128205 , 0.102564 , 3.091202
0.128205 , 0.128205 , 3.093160
0.128205 , 0.153846 , 3.094126
0.128205 , 0.179487 , 3.094097
0.128205 , 0.205128 , 3.092720
0.128205 , 0.230769 , 3.090405
0.128205 , 0.256410 , 3.085744
0.128205 , 0.282051 , 3.078861
0.128205 , 0.307692 , 3.071025
0.128205 , 0.333333 , 3.063995
0.128205 , 0.358974 , 3.055453
0.128205 , 0.384615 , 3.045717
0.128205 , 0.410256 , 3.036037
0.128205 , 0.435897 , 3.026128
0.128205 , 0.461538 , 3.016316
0.128205 , 0.487179 , 3.006518
0.128205 , 0.512821 , 2.997317
0.128205 , 0.538462 , 2.989214
0.128205 , 0.564103 , 2.982157
0.128205 , 0.589744 , 2.974475
0.128205 , 0.615385 , 2.966151
0.128205 , 0.641026 , 2.958810
0.128205 , 0.666667 , 2.953010
0.128205 , 0.692308 , 2.948749
0.128205 , 0.717949 , 2.944880
0.128205 , 0.743590 , 2.940414
0.128205 , 0.769231 , 2.937679
0.128205 , 0.794872 , 2.936433
0.128205 , 0.820513 , 2.935258
0.128205 , 0.846154 , 2.933024
0.128205 , 0.871795 , 2.931259
0.128205 , 0.897436 , 2.930622
0.128205 , 0.923077 , 2.930915
0.128205 , 0.948718 , 2.931999
0.128205 , 0.974359 , 2.932926
0.128205 , 1.000000 , 2.933963
0.153846 , 0.000000 , 2.975124
0.153846 , 0.025641 , 2.976079
0.153846 , 0.051282 , 2.979585
0.153846 , 0.076923 , 2.982877
0.153846 , 0.102564 , 2.986688
0.153846 , 0.128205 , 2.989318
0.153846 , 0.153846 , 2.990881
0.153846 , 0.179487 , 2.991609
0.153846 , 0.205128 , 2.990164
0.153846 , 0.230769 , 2.988022
0.153846 , 0.256410 , 2.983424
0.153846 , 0.282051 , 2.976657
0.153846 , 0.307692 , 2.968715
0.153846 , 0.333333 , 2.961498
0.153846 , 0.358974 , 2.951903
0.153846 , 0.384615 , 2.940073
0.153846 , 0.410256 , 2.928416
0.153846 , 0.435897 , 2.916918
0.153846 , 0.461538 , 2.906226
0.153846 , 0.487179 , 2.895216
0.153846 , 0.512821 , 2.884128
0.153846 , 0.538462 , 2.874382
0.153846 , 0.564103 , 2.866093
0.153846 , 0.589744 , 2.856672
0.153846 , 0.615385 , 2.847149
0.153846 , 0.641026 , 2.838237
0.153846 , 0.666667 , 2.831515
0.153846 , 0.692308 , 2.826396
0.153846 , 0.717949 , 2.822446
0.153846 , 0.743590 , 2.817903
0.153846 , 0.769231 , 2.814573
0.153846 , 0.794872 , 2.813719
0.153846 , 0.820513 , 2.813124
0.153846 , 0.846154 , 2.811266
0.153846 , 0.871795 , 2.809014
0.153846 , 0.897436 , 2.807637
0.153846 , 0.923077 , 2.807624
0.153846 , 0.948718 , 2.807875
0.153846 , 0.974359 , 2.808395
0.153846 , 1.000000 , 2.808796
0.179487 , 0.000000 , 2.866202
0.179487 , 0.025641 , 2.866784
0.179487 , 0.051282 , 2.869891
0.179487 , 0.076923 , 2.873436
0.179487 , 0.102564 , 2.877109
0.179487 , 0.128205 , 2.879802
0.179487 , 0.153846 , 2.881679
0.179487 , 0.179487 , 2.882680
0.179487 , 0.205128 , 2.882057
0.179487 , 0.230769 , 2.879927
0.179487 , 0.256410 , 2.875996
0.179487 , 0.282051 , 2.869985
0.179487 , 0.307692 , 2.861618
0.179487 , 0.333333 , 2.853671
0.179487 , 0.358974 , 2.843233
0.179487 , 0.384615 , 2.831378
0.179487 , 0.410256 , 2.818668
0.179487 , 0.435897 , 2.806200
0.179487 , 0.461538 , 2.793624
0.179487 , 0.487179 , 2.781961
0.179487 , 0.512821 , 2.770551
0.179487 , 0.538462 , 2.758934
0.179487 , 0.564103 , 2.748325
0.179487 , 0.589744 , 2.736525
0.179487 , 0.615385 , 2.725971
0.179487 , 0.641026 , 2.717136
0.179487 , 0.666667 , 2.709420
0.179487 , 0.692308 , 2.704214
0.179487 , 0.717949 , 2.699458
0.179487 , 0.743590 , 2.695321
0.179487 , 0.769231 , 2.691754
0.179487 , 0.794872 , 2.689750
0.179487 , 0.820513 , 2.689011
0.179487 , 0.846154 , 2.687217
0.179487 , 0.871795 , 2.685291
0.179487 , 0.897436 , 2.684407
0.179487 , 0.923077 , 2.683215
0.179487 , 0.948718 , 2.682900
0.179487 , 0.974359 , 2.683442
0.179487 , 1.000000 , 2.684220
0.205128 , 0.000000 , 2.752431
0.205128 , 0.025641 , 2.752912
0.205128 , 0.051282 , 2.755459
0.205128 , 0.076923 , 2.759616
0.205128 , 0.102564 , 2.763190
0.205128 , 0.128205 , 2.765975
0.205128 , 0.153846 , 2.768080
0.205128 , 0.179487 , 2.769401
0.205128 , 0.205128 , 2.769413
0.205128 , 0.230769 , 2.767668
0.205128 , 0.256410 , 2.763939
0.205128 , 0.282051 , 2.757911
0.205128 , 0.307692 , 2.750114
0.205128 , 0.333333 , 2.740947
0.205128 , 0.358974 , 2.730111
0.205128 , 0.384615 , 2.718498
0.205128 , 0.410256 , 2.706404
0.205128 , 0.435897 , 2.693411
0.205128 , 0.461538 , 2.679466
0.205128 , 0.487179 , 2.666438
0.205128 , 0.512821 , 2.654759
0.205128 , 0.538462 , 2.642016
0.205128 , 0.564103 , 2.629926
0.205128 , 0.589744 , 2.617251
0.205128 , 0.615385 , 2.605167
0.205128 , 0.641026 , 2.596016
0.205128 , 0.666667 , 2.588224
0.205128 , 0.692308 , 2.581911
0.205128 , 0.717949 , 2.576874
0.205128 , 0.743590 , 2.571847
0.205128 , 0.769231 , 2.568129
0.205128 , 0.794872 , 2.564623
0.205128 , 0.820513 , 2.562384
0.205128 , 0.846154 , 2.560981
0.205128 , 0.871795 , 2.560396
0.205128 , 0.897436 , 2.560587
0.205128 , 0.923077 , 2.558855
0.205128 , 0.948718 , 2.558286
0.205128 , 0.974359 , 2.559127
0.205128 , 1.000000 , 2.560262
0.230769 , 0.000000 , 2.635823
0.230769 , 0.025641 , 2.637015
0.230769 , 0.051282 , 2.639396
0.230769 , 0.076923 , 2.642606
0.230769 , 0.102564 , 2.645247
0.230769 , 0.128205 , 2.647936
0.230769 , 0.153846 , 2.650491
0.230769 , 0.179487 , 2.652071
0.230769 , 0.205128 , 2.652183
0.230769 , 0.230769 , 2.650545
0.230769 , 0.256410 , 2.647162
0.230769 , 0.282051 , 2.641642
0.230769 , 0.307692 , 2.634011
0.230769 , 0.333333 , 2.624304
0.230769 , 0.358974 , 2.613575
0.230769 , 0.384615 , 2.602205
0.230769 , 0.410256 , 2.590680
0.230769 , 0.435897 , 2.577290
0.230769 , 0.461538 , 2.563321
0.230769 , 0.487179 , 2.549193
0.230769 , 0.512821 , 2.537067
0.230769 , 0.538462 , 2.524007
0.230769 , 0.564103 , 2.511000
0.230769 , 0.589744 , 2.497853
0.230769 , 0.615385 , 2.485785
0.230769 , 0.641026 , 2.475826
0.230769 , 0.666667 , 2.468149
0.230769 , 0.692308 , 2.461141
0.230769 , 0.717949 , 2.455455
0.230769 , 0.743590 , 2.449825
0.230769 , 0.769231 , 2.444747
0.230769 , 0.794872 , 2.440452
0.230769 , 0.820513 , 2.437354
0.230769 , 0.846154 , 2.435898
0.230769 , 0.871795 , 2.435583
0.230769 , 0.897436 , 2.436780
0.230769 , 0.923077 , 2.435276
0.230769 , 0.948718 , 2.434738
0.230769 , 0.974359 , 2.435380
0.230769 , 1.000000 , 2.436338
0.256410 , 0.000000 , 2.517707
0.256410 , 0.025641 , 2.518871
0.256410 , 0.051282 , 2.521282
0.256410 , 0.076923 , 2.523633
0.256410 , 0.102564 , 2.524959
0.256410 , 0.128205 , 2.526998
0.256410 , 0.153846 , 2.529233
0.256410 , 0.179487 , 2.530978
0.256410 , 0.205128 , 2.531322
0.256410 , 0.230769 , 2.529814
0.256410 , 0.256410 , 2.526421
0.256410 , 0.282051 , 2.521569
0.256410 , 0.307692 , 2.514476
0.256410 , 0.333333 , 2.504982
0.256410 , 0.358974 , 2.494551
0.256410 , 0.384615 , 2.483745
0.256410 , 0.410256 , 2.472831
0.256410 , 0.435897 , 2.459118
0.256410 , 0.461538 , 2.445364
0.256410 , 0.487179 , 2.431803
0.256410 , 0.512821 , 2.418901
0.256410 , 0.538462 , 2.405345
0.256410 , 0.564103 , 2.392304
0.256410 , 0.589744 , 2.379576
0.256410 , 0.615385 , 2.367787
0.256410 , 0.641026 , 2.357653
0.256410 , 0.666667 , 2.349368
0.256410 , 0.692308 , 2.341134
0.256410 , 0.717949 , 2.334590
0.256410 , 0.743590 , 2.328254
0.256410 , 0.769231 , 2.322683
0.256410 , 0.794872 , 2.318080
0.256410 , 0.820513 , 2.314637
0.256410 , 0.846154 , 2.313239
0.256410 , 0.871795 , 2.312954
0.256410 , 0.897436 , 2.314232
0.256410 , 0.923077 , 2.313325
0.256410 , 0.948718 , 2.313103
0.256410 , 0.974359 , 2.313384
0.256410 , 1.000000 , 2.314029
0.282051 , 0.000000 , 2.398757
0.282051 , 0.025641 , 2.399152
0.282051 , 0.051282 , 2.401056
0.282051 , 0.076923 , 2.402784
0.282051 , 0.102564 , 2.403760
0.282051 , 0.128205 , 2.404713
0.282051 , 0.153846 , 2.405613
0.282051 , 0.179487 , 2.406441
0.282051 , 0.205128 , 2.406428
0.282051 , 0.230769 , 2.405110
0.282051 , 0.256410 , 2.402639
0.282051 , 0.282051 , 2.398055
0.282051 , 0.307692 , 2.391805
0.282051 , 0.333333 , 2.383758
0.282051 , 0.358974 , 2.374309
0.282051 , 0.384615 , 2.364319
0.282051 , 0.410256 , 2.353939
0.282051 , 0.435897 , 2.341081
0.282051 , 0.461538 , 2.327328
0.282051 , 0.487179 , 2.314425
0.282051 , 0.512821 , 2.301145
0.282051 , 0.538462 , 2.287171
0.282051 , 0.564103 , 2.273851
0.282051 , 0.589744 , 2.261849
0.282051 , 0.615385 , 2.249673
0.282051 , 0.641026 , 2.239230
0.282051 , 0.666667 , 2.230236
0.282051 , 0.692308 , 2.221590
0.282051 , 0.717949 , 2.214565
0.282051 , 0.743590 , 2.208640
0.282051 , 0.769231 , 2.202494
0.282051 , 0.794872 , 2.197707
0.282051 , 0.820513 , 2.194546
0.282051 , 0.846154 , 2.193502
0.282051 , 0.871795 , 2.192541
0.282051 , 0.897436 , 2.192847
0.282051 , 0.923077 , 2.193133
0.282051 , 0.948718 , 2.193557
0.282051 , 0.974359 , 2.194036
0.282051 , 1.000000 , 2.194589
0.307692 , 0.000000 , 2.277276
0.307692 , 0.025641 , 2.277530
0.307692 , 0.051282 , 2.278876
0.307692 , 0.076923 , 2.280322
0.307692 , 0.102564 , 2.281220
0.307692 , 0.128205 , 2.281838
0.307692 , 0.153846 , 2.282186
0.307692 , 0.179487 , 2.281896
0.307692 , 0.205128 , 2.280921
0.307692 , 0.230769 , 2.278995
0.307692 , 0.256410 , 2.277115
0.307692 , 0.282051 , 2.272852
0.307692 , 0.307692 , 2.266891
0.307692 , 0.333333 , 2.260147
0.307692 , 0.358974 , 2.252579
0.307692 , 0.384615 , 2.243677
0.307692 , 0.410256 , 2.233738
0.307692 , 0.435897 , 2.222122
0.307692 , 0.461538 , 2.209507
0.307692 , 0.487179 , 2.196553
0.307692 , 0.512821 , 2.183775
0.307692 , 0.538462 , 2.170300
0.307692 , 0.564103 , 2.157002
0.307692 , 0.589744 , 2.145141
0.307692 , 0.615385 , 2.133785
0.307692 , 0.641026 , 2.122932
0.307692 , 0.666667 , 2.113021
0.307692 , 0.692308 , 2.104798
0.307692 , 0.717949 , 2.098045
0.307692 , 0.743590 , 2.091974
0.307692 , 0.769231 , 2.085559
0.307692 , 0.794872 , 2.080923
0.307692 , 0.820513 , 2.077782
0.307692 , 0.846154 , 2.076597
0.307692 , 0.871795 , 2.075685
0.307692 , 0.897436 , 2.075168
0.307692 , 0.923077 , 2.075174
0.307692 , 0.948718 , 2.076304
0.307692 , 0.974359 , 2.076552
0.307692 , 1.000000 , 2.076852
0.333333 , 0.000000 , 2.153824
0.333333 , 0.025641 , 2.154181
0.333333 , 0.051282 , 2.155094
0.333333 , 0.076923 , 2.156236
0.333333 , 0.102564 , 2.156545
0.333333 , 0.128205 , 2.156816
0.333333 , 0.153846 , 2.156395
0.333333 , 0.179487 , 2.156641
0.333333 , 0.205128 , 2.154940
0.333333 , 0.230769 , 2.152966
0.333333 , 0.256410 , 2.150787
0.333333 , 0.282051 , 2.146974
0.333333 , 0.307692 , 2.141778
0.333333 , 0.333333 , 2.135898
0.333333 , 0.358974 , 2.129555
0.333333 , 0.384615 , 2.121759
0.333333 , 0.410256 , 2.112807
0.333333 , 0.435897 , 2.102575
0.333333 , 0.461538 , 2.091393
0.333333 , 0.487179 , 2.079435
0.333333 , 0.512821 , 2.067622
0.333333 , 0.538462 , 2.054837
0.333333 , 0.564103 , 2.041698
0.333333 , 0.589744 , 2.030208
0.333333 , 0.615385 , 2.019393
0.333333 , 0.641026 , 2.009685
0.333333 , 0.666667 , 2.000025
0.333333 , 0.692308 , 1.991128
0.333333 , 0.717949 , 1.983832
0.333333 , 0.743590 , 1.977681
0.333333 , 0.769231 , 1.971972
0.333333 , 0.794872 , 1.967356
0.333333 , 0.820513 , 1.963851
0.333333 , 0.846154 , 1.962236
0.333333 , 0.871795 , 1.962007
0.333333 , 0.897436 , 1.961409
0.333333 , 0.923077 , 1.961236
0.333333 , 0.948718 , 1.961066
0.333333 , 0.974359 , 1.960832
0.333333 , 1.000000 , 1.961397
0.358974 , 0.000000 , 2.029982
0.358974 , 0.025641 , 2.030335
0.358974 , 0.051282 , 2.031028
0.358974 , 0.076923 , 2.031159
0.358974 , 0.102564 , 2.031404
0.358974 , 0.128205 , 2.030804
0.358974 , 0.153846 , 2.030330
0.358974 , 0.179487 , 2.030000
0.358974 , 0.205128 , 2.028812
0.358974 , 0.230769 , 2.026319
0.358974 , 0.256410 , 2.024018
0.358974 , 0.282051 , 2.020943
0.358974 , 0.307692 , 2.016533
0.358974 , 0.333333 , 2.011184
0.358974 , 0.358974 , 2.005935
0.358974 , 0.384615 , 1.999684
0.358974 , 0.410256 , 1.992086
0.358974 , 0.435897 , 1.983621
0.358974 , 0.461538 , 1.973528
0.358974 , 0.487179 , 1.962593
0.358974 , 0.512821 , 1.951758
0.358974 , 0.538462 , 1.940754
0.358974 , 0.564103 , 1.929110
0.358974 , 0.589744 , 1.918266
0.358974 , 0.615385 , 1.907792
0.358974 , 0.641026 , 1.898865
0.358974 , 0.666667 , 1.890389
0.358974 , 0.692308 , 1.881010
0.358974 , 0.717949 , 1.873026
0.358974 , 0.743590 , 1.867289
0.358974 , 0.769231 , 1.861811
0.358974 , 0.794872 , 1.857992
0.358974 , 0.820513 , 1.854483
0.358974 , 0.846154 , 1.851939
0.358974 , 0.871795 , 1.850749
0.358974 , 0.897436 , 1.850089
0.358974 , 0.923077 , 1.849779
0.358974 , 0.948718 , 1.848229
0.358974 , 0.974359 , 1.847181
0.358974 , 1.000000 , 1.847370
0.384615 , 0.000000 , 1.906679
0.384615 , 0.025641 , 1.906951
0.384615 , 0.051282 , 1.906795
0.384615 , 0.076923 , 1.906633
0.384615 , 0.102564 , 1.906425
0.384615 , 0.128205 , 1.905658
0.384615 , 0.153846 , 1.904759
0.384615 , 0.179487 , 1.904172
0.384615 , 0.205128 , 1.902604
0.384615 , 0.230769 , 1.900015
0.384615 , 0.256410 , 1.896567
0.384615 , 0.282051 , 1.894654
0.384615 , 0.307692 , 1.891059
0.384615 , 0.333333 , 1.886775
0.384615 , 0.358974 , 1.882243
0.384615 , 0.384615 , 1.877292
0.384615 , 0.410256 , 1.871262
0.384615 , 0.435897 , 1.864190
0.384615 , 0.461538 , 1.856252
0.384615 , 0.487179 , 1.846851
0.384615 , 0.512821 , 1.837590
0.384615 , 0.538462 , 1.827914
0.384615 , 0.564103 , 1.818172
0.384615 , 0.589744 , 1.808777
0.384615 , 0.615385 , 1.798259
0.384615 , 0.641026 , 1.789042
0.384615 , 0.666667 , 1.781551
0.384615 , 0.692308 , 1.773564
0.384615 , 0.717949 , 1.766204
0.384615 , 0.743590 , 1.760862
0.384615 , 0.769231 , 1.756414
0.384615 , 0.794872 , 1.751967
0.384615 , 0.820513 , 1.748048
0.384615 , 0.846154 , 1.744920
0.384615 , 0.871795 , 1.743665
0.384615 , 0.897436 , 1.742142
0.384615 , 0.923077 , 1.740867
0.384615 , 0.948718 , 1.739225
0.384615 , 0.974359 , 1.738191
0.384615 , 1.000000 , 1.737918
0.410256 , 0.000000 , 1.783497
0.410256 , 0.025641 , 1.783640
0.410256 , 0.051282 , 1.783152
0.410256 , 0.076923 , 1.782937
0.410256 , 0.102564 , 1.782619
0.410256 , 0.128205 , 1.781941
0.410256 , 0.153846 , 1.780742
0.410256 , 0.179487 , 1.779938
0.410256 , 0.205128 , 1.778081
0.410256 , 0.230769 , 1.775276
0.410256 , 0.256410 , 1.771727
0.410256 , 0.282051 , 1.769525
0.410256 , 0.307692 , 1.766490
0.410256 , 0.333333 , 1.762882
0.410256 , 0.358974 , 1.759564
0.410256 , 0.384615 , 1.755793
0.410256 , 0.410256 , 1.751080
0.410256 , 0.435897 , 1.745357
0.410256 , 0.461538 , 1.739220
0.410256 , 0.487179 , 1.732385
0.410256 , 0.512821 , 1.725072
0.410256 , 0.538462 , 1.717062
0.410256 , 0.564103 , 1.708571
0.410256 , 0.589744 , 1.701096
0.410256 , 0.615385 , 1.691992
0.410256 , 0.641026 , 1.682799
0.410256 , 0.666667 , 1.675327
0.410256 , 0.692308 , 1.669100
0.410256 , 0.717949 , 1.663235
0.410256 , 0.743590 , 1.657541
0.410256 , 0.769231 , 1.653370
0.410256 , 0.794872 , 1.649365
0.410256 , 0.820513 , 1.645454
0.410256 , 0.846154 , 1.642003
0.410256 , 0.871795 , 1.639559
0.410256 , 0.897436 , 1.637737
0.410256 , 0.923077 , 1.635578
0.410256 , 0.948718 , 1.634063
0.410256 , 0.974359 , 1.633501
0.410256 , 1.000000 , 1.633446
0.435897 , 0.000000 , 1.662087
0.435897 , 0.025641 , 1.661517
0.435897 , 0.051282 , 1.661241
0.435897 , 0.076923 , 1.660588
0.435897 , 0.102564 , 1.660014
0.435897 , 0.128205 , 1.659274
0.435897 , 0.153846 , 1.657952
0.435897 , 0.179487 , 1.656548
0.435897 , 0.205128 , 1.654954
0.435897 , 0.230769 , 1.652073
0.435897 , 0.256410 , 1.649667
0.435897 , 0.282051 , 1.647299
0.435897 , 0.307692 , 1.644986
0.435897 , 0.333333 , 1.642649
0.435897 , 0.358974 , 1.639967
0.435897 , 0.384615 , 1.636659
0.435897 , 0.410256 , 1.633060
0.435897 , 0.435897 , 1.629058
0.435897 , 0.461538 , 1.624611
0.435897 , 0.487179 , 1.619271
0.435897 , 0.512821 , 1.613914
0.435897 , 0.538462 , 1.608509
0.435897 , 0.564103 , 1.601409
0.435897 , 0.589744 , 1.595087
0.435897 , 0.615385 , 1.587620
0.435897 , 0.641026 , 1.579866
0.435897 , 0.666667 , 1.573641
0.435897 , 0.692308 , 1.568328
0.435897 , 0.717949 , 1.563326
0.435897 , 0.743590 , 1.557885
0.435897 , 0.769231 , 1.553758
0.435897 , 0.794872 , 1.549682
0.435897 , 0.820513 , 1.546221
0.435897 , 0.846154 , 1.542875
0.435897 , 0.871795 , 1.539882
0.435897 , 0.897436 , 1.537254
0.435897 , 0.923077 , 1.535228
0.435897 , 0.948718 , 1.533547
0.435897 , 0.974359 , 1.532869
0.435897 , 1.000000 , 1.533089
0.461538 , 0.000000 , 1.541964
0.461538 , 0.025641 , 1.541977
0.461538 , 0.051282 , 1.541544
0.461538 , 0.076923 , 1.541253
0.461538 , 0.102564 , 1.540229
0.461538 , 0.128205 , 1.539143
0.461538 , 0.153846 , 1.537469
0.461538 , 0.179487 , 1.535797
0.461538 , 0.205128 , 1.534228
0.461538 , 0.230769 , 1.531690
0.461538 , 0.256410 , 1.529487
0.461538 , 0.282051 , 1.527377
0.461538 , 0.307692 , 1.525785
0.461538 , 0.333333 , 1.524324
0.461538 , 0.358974 , 1.522219
0.461538 , 0.384615 , 1.520164
0.461538 , 0.410256 , 1.517870
0.461538 , 0.435897 , 1.515447
0.461538 , 0.461538 , 1.512471
0.461538 , 0.487179 , 1.508906
0.461538 , 0.512821 , 1.504694
0.461538 , 0.538462 , 1.501208
0.461538 , 0.564103 , 1.496286
0.461538 , 0.589744 , 1.491472
0.461538 , 0.615385 , 1.485350
0.461538 , 0.641026 , 1.479994
0.461538 , 0.666667 , 1.475659
0.461538 , 0.692308 , 1.470952
0.461538 , 0.717949 , 1.466635
0.461538 , 0.743590 , 1.461763
0.461538 , 0.769231 , 1.457612
0.461538 , 0.794872 , 1.453559
0.461538 , 0.820513 , 1.449551
0.461538 , 0.846154 , 1.446237
0.461538 , 0.871795 , 1.443733
0.461538 , 0.897436 , 1.441037
0.461538 , 0.923077 , 1.439057
0.461538 , 0.948718 , 1.437952
0.461538 , 0.974359 , 1.436960
0.461538 , 1.000000 , 1.437418
0.487179 , 0.000000 , 1.425586
0.487179 , 0.025641 , 1.425483
0.487179 , 0.051282 , 1.424741
0.487179 , 0.076923 , 1.424028
0.487179 , 0.102564 , 1.423269
0.487179 , 0.128205 , 1.422062
0.487179 , 0.153846 , 1.419891
0.487179 , 0.179487 , 1.417762
0.487179 , 0.205128 , 1.416098
0.487179 , 0.230769 , 1.414059
0.487179 , 0.256410 , 1.412098
0.487179 , 0.282051 , 1.410248
0.487179 , 0.307692 , 1.408917
0.487179 , 0.333333 , 1.407623
0.487179 , 0.358974 , 1.406334
0.487179 , 0.384615 , 1.405777
0.487179 , 0.410256 , 1.405443
0.487179 , 0.435897 , 1.404538
0.487179 , 0.461538 , 1.403147
0.487179 , 0.487179 , 1.401263
0.487179 , 0.512821 , 1.398706
0.487179 , 0.538462 , 1.396618
0.487179 , 0.564103 , 1.393456
0.487179 , 0.589744 , 1.390430
0.487179 , 0.615385 , 1.386442
0.487179 , 0.641026 , 1.382978
0.487179 , 0.666667 , 1.380714
0.487179 , 0.692308 , 1.377716
0.487179 , 0.717949 , 1.373756
0.487179 , 0.743590 , 1.370066
0.487179 , 0.769231 , 1.366031
0.487179 , 0.794872 , 1.361296
0.487179 , 0.820513 , 1.357371
0.487179 , 0.846154 , 1.354156
0.487179 , 0.871795 , 1.352396
0.487179 , 0.897436 , 1.350119
0.487179 , 0.923077 , 1.347344
0.487179 , 0.948718 , 1.345952
0.487179 , 0.974359 , 1.344896
0.487179 , 1.000000 , 1.345153
0.512821 , 0.000000 , 1.313260
0.512821 , 0.025641 , 1.312797
0.512821 , 0.051282 , 1.311879
0.512821 , 0.076923 , 1.310288
0.512821 , 0.102564 , 1.308994
0.512821 , 0.128205 , 1.307396
0.512821 , 0.153846 , 1.304452
0.512821 , 0.179487 , 1.302128
0.512821 , 0.205128 , 1.300743
0.512821 , 0.230769 , 1.298820
0.512821 , 0.256410 , 1.297085
0.512821 , 0.282051 , 1.295207
0.512821 , 0.307692 , 1.294360
0.512821 , 0.333333 , 1.293874
0.512821 , 0.358974 , 1.293594
0.512821 , 0.384615 , 1.293863
0.512821 , 0.410256 , 1.295343
0.512821 , 0.435897 , 1.296405
0.512821 , 0.461538 , 1.296616
0.512821 , 0.487179 , 1.296862
0.512821 , 0.512821 , 1.296303
0.512821 , 0.538462 , 1.295542
0.512821 , 0.564103 , 1.294358
0.512821 , 0.589744 , 1.292860
0.512821 , 0.615385 , 1.291679
0.512821 , 0.641026 , 1.290455
0.512821 , 0.666667 , 1.289439
0.512821 , 0.692308 , 1.288133
0.512821 , 0.717949 , 1.285245
0.512821 , 0.743590 , 1.282474
0.512821 , 0.769231 , 1.279531
0.512821 , 0.794872 , 1.275201
0.512821 , 0.820513 , 1.271340
0.512821 , 0.846154 , 1.268575
0.512821 , 0.871795 , 1.266163
0.512821 , 0.897436 , 1.263768
0.512821 , 0.923077 , 1.260428
0.512821 , 0.948718 , 1.258568
0.512821 , 0.974359 , 1.257753
0.512821 , 1.000000 , 1.257588
0.538462 , 0.000000 , 1.204454
0.538462 , 0.025641 , 1.204060
0.538462 , 0.051282 , 1.203021
0.538462 , 0.076923 , 1.200666
0.538462 , 0.102564 , 1.198719
0.538462 , 0.128205 , 1.196182
0.538462 , 0.153846 , 1.192823
0.538462 , 0.179487 , 1.189908
0.538462 , 0.205128 , 1.188803
0.538462 , 0.230769 , 1.187163
0.538462 , 0.256410 , 1.185485
0.538462 , 0.282051 , 1.183955
0.538462 , 0.307692 , 1.182960
0.538462 , 0.333333 , 1.183763
0.538462 , 0.358974 , 1.185105
0.538462 , 0.384615 , 1.186596
0.538462 , 0.410256 , 1.188794
0.538462 , 0.435897 , 1.191630
0.538462 , 0.461538 , 1.194206
0.538462 , 0.487179 , 1.196272
0.538462 , 0.512821 , 1.197554
0.538462 , 0.538462 , 1.198289
0.538462 , 0.564103 , 1.198785
0.538462 , 0.589744 , 1.199457
0.538462 , 0.615385 , 1.200370
0.538462 , 0.641026 , 1.201202
0.538462 , 0.666667 , 1.201492
0.538462 , 0.692308 , 1.201606
0.538462 , 0.717949 , 1.200261
0.538462 , 0.743590 , 1.198385
0.538462 , 0.769231 , 1.196392
0.538462 , 0.794872 , 1.193690
0.538462 , 0.820513 , 1.190304
0.538462 , 0.846154 , 1.187930
0.538462 , 0.871795 , 1.185378
0.538462 , 0.897436 , 1.182026
0.538462 , 0.923077 , 1.178978
0.538462 , 0.948718 , 1.176688
0.538462 , 0.974359 , 1.175738
0.538462 , 1.000000 , 1.175704
0.564103 , 0.000000 , 1.100106
0.564103 , 0.025641 , 1.099455
0.564103 , 0.051282 , 1.097906
0.564103 , 0.076923 , 1.095251
0.564103 , 0.102564 , 1.092848
0.564103 , 0.128205 , 1.089428
0.564103 , 0.153846 , 1.085652
0.564103 , 0.179487 , 1.082481
0.564103 , 0.205128 , 1.081152
0.564103 , 0.230769 , 1.079841
0.564103 , 0.256410 , 1.078162
0.564103 , 0.282051 , 1.076657
0.564103 , 0.307692 , 1.076421
0.564103 , 0.333333 , 1.077596
0.564103 , 0.358974 , 1.080280
0.564103 , 0.384615 , 1.083563
0.564103 , 0.410256 , 1.086267
0.564103 , 0.435897 , 1.090497
0.564103 , 0.461538 , 1.094878
0.564103 , 0.487179 , 1.098555
0.564103 , 0.512821 , 1.101552
0.564103 , 0.538462 , 1.104629
0.564103 , 0.564103 , 1.107597
0.564103 , 0.589744 , 1.110138
0.564103 , 0.615385 , 1.112737
0.564103 , 0.641026 , 1.115495
0.564103 , 0.666667 , 1.117297
0.564103 , 0.692308 , 1.118921
0.564103 , 0.717949 , 1.118945
0.564103 , 0.743590 , 1.118053
0.564103 , 0.769231 , 1.117499
0.564103 , 0.794872 , 1.116054
0.564103 , 0.820513 , 1.113758
0.564103 , 0.846154 , 1.111462
0.564103 , 0.871795 , 1.108453
0.564103 , 0.897436 , 1.104685
0.564103 , 0.923077 , 1.102685
0.564103 , 0.948718 , 1.101041
0.564103 , 0.974359 , 1.099426
0.564103 , 1.000000 , 1.099672
0.589744 , 0.000000 , 0.999677
0.589744 , 0.025641 , 0.998528
0.589744 , 0.051282 , 0.996740
0.589744 , 0.076923 , 0.993581
0.589744 , 0.102564 , 0.990969
0.589744 , 0.128205 , 0.986714
0.589744 , 0.153846 , 0.983138
0.589744 , 0.179487 , 0.980118
0.589744 , 0.205128 , 0.978253
0.589744 , 0.230769 , 0.977053
0.589744 , 0.256410 , 0.976143
0.589744 , 0.282051 , 0.974477
0.589744 , 0.307692 , 0.975159
0.589744 , 0.333333 , 0.977153
0.589744 , 0.358974 , 0.980552
0.589744 , 0.384615 , 0.984721
0.589744 , 0.410256 , 0.988785
0.589744 , 0.435897 , 0.994026
0.589744 , 0.461538 , 0.999598
0.589744 , 0.487179 , 1.004848
0.589744 , 0.512821 , 1.009277
0.589744 , 0.538462 , 1.014533
0.589744 , 0.564103 , 1.020329
0.589744 , 0.589744 , 1.025159
0.589744 , 0.615385 , 1.029561
0.589744 , 0.641026 , 1.034147
0.589744 , 0.666667 , 1.037171
0.589744 , 0.692308 , 1.039720
0.589744 , 0.717949 , 1.041398
0.589744 , 0.743590 , 1.042439
0.589744 , 0.769231 , 1.043166
0.589744 , 0.794872 , 1.042715
0.589744 , 0.820513 , 1.041711
0.589744 , 0.846154 , 1.039608
0.589744 , 0.871795 , 1.037273
0.589744 , 0.897436 , 1.033793
0.589744 , 0.923077 , 1.031460
0.589744 , 0.948718 , 1.030438
0.589744 , 0.974359 , 1.028900
0.589744 , 1.000000 , 1.028565
0.615385 , 0.000000 , 0.903406
0.615385 , 0.025641 , 0.902622
0.615385 , 0.051282 , 0.900696
0.615385 , 0.076923 , 0.896492
0.615385 , 0.102564 , 0.893366
0.615385 , 0.128205 , 0.889762
0.615385 , 0.153846 , 0.886275
0.615385 , 0.179487 , 0.883475
0.615385 , 0.205128 , 0.881497
0.615385 , 0.230769 , 0.879655
0.615385 , 0.256410 , 0.879370
0.615385 , 0.282051 , 0.878676
0.615385 , 0.307692 , 0.879813
0.615385 , 0.333333 , 0.882272
0.615385 , 0.358974 , 0.886052
0.615385 , 0.384615 , 0.890742
0.615385 , 0.410256 , 0.896187
0.615385 , 0.435897 , 0.902187
0.615385 , 0.461538 , 0.908812
0.615385 , 0.487179 , 0.915759
0.615385 , 0.512821 , 0.922263
0.615385 , 0.538462 , 0.928952
0.615385 , 0.564103 , 0.936109
0.615385 , 0.589744 , 0.943433
0.615385 , 0.615385 , 0.949902
0.615385 , 0.641026 , 0.955818
0.615385 , 0.666667 , 0.960647
0.615385 , 0.692308 , 0.964302
0.615385 , 0.717949 , 0.967227
0.615385 , 0.743590 , 0.970142
0.615385 , 0.769231 , 0.972883
0.615385 , 0.794872 , 0.973937
0.615385 , 0.820513 , 0.974538
0.615385 , 0.846154 , 0.973160
0.615385 , 0.871795 , 0.971218
0.615385 , 0.897436 , 0.968102
0.615385 , 0.923077 , 0.966072
0.615385 , 0.948718 , 0.964836
0.615385 , 0.974359 , 0.963481
0.615385 , 1.000000 , 0.962747
0.641026 , 0.000000 , 0.812135
0.641026 , 0.025641 , 0.811336
0.641026 , 0.051282 , 0.809476
0.641026 , 0.076923 , 0.805818
0.641026 , 0.102564 , 0.801959
0.641026 , 0.128205 , 0.799078
0.641026 , 0.153846 , 0.796701
0.641026 , 0.179487 , 0.793401
0.641026 , 0.205128 , 0.791160
0.641026 , 0.230769 , 0.789144
0.641026 , 0.256410 , 0.788328
0.641026 , 0.282051 , 0.788490
0.641026 , 0.307692 , 0.790142
0.641026 , 0.333333 , 0.793204
0.641026 , 0.358974 , 0.797216
0.641026 , 0.384615 , 0.802273
0.641026 , 0.410256 , 0.808726
0.641026 , 0.435897 , 0.815834
0.641026 , 0.461538 , 0.823249
0.641026 , 0.487179 , 0.831106
0.641026 , 0.512821 , 0.839275
0.641026 , 0.538462 , 0.848142
0.641026 , 0.564103 , 0.856519
0.641026 , 0.589744 , 0.864851
0.641026 , 0.615385 , 0.873346
0.641026 , 0.641026 , 0.881048
0.641026 , 0.666667 , 0.888189
0.641026 , 0.692308 , 0.894129
0.641026 , 0.717949 , 0.897946
0.641026 , 0.743590 , 0.902216
0.641026 , 0.769231 , 0.906591
0.641026 , 0.794872 , 0.909490
0.641026 , 0.820513 , 0.911777
0.641026 , 0.846154 , 0.911517
0.641026 , 0.871795 , 0.910224
0.641026 , 0.897436 , 0.907235
0.641026 , 0.923077 , 0.905062
0.641026 , 0.948718 , 0.903659
0.641026 , 0.974359 , 0.902297
0.641026 , 1.000000 , 0.901600
0.666667 , 0.000000 , 0.726112
0.666667 , 0.025641 , 0.725004
0.666667 , 0.051282 , 0.723369
0.666667 , 0.076923 , 0.720705
0.666667 , 0.102564 , 0.716524
0.666667 , 0.128205 , 0.713839
0.666667 , 0.153846 , 0.711435
0.666667 , 0.179487 , 0.708680
0.666667 , 0.205128 , 0.706895
0.666667 , 0.230769 , 0.706125
0.666667 , 0.256410 , 0.704695
0.666667 , 0.282051 , 0.703711
0.666667 , 0.307692 , 0.705196
0.666667 , 0.333333 , 0.709420
0.666667 , 0.358974 , 0.714389
0.666667 , 0.384615 , 0.720028
0.666667 , 0.410256 , 0.726179
0.666667 , 0.435897 , 0.734159
0.666667 , 0.461538 , 0.742430
0.666667 , 0.487179 , 0.750771
0.666667 , 0.512821 , 0.760388
0.666667 , 0.538462 , 0.771015
0.666667 , 0.564103 , 0.781391
0.666667 , 0.589744 , 0.790762
0.666667 , 0.615385 , 0.800388
0.666667 , 0.641026 , 0.809670
0.666667 , 0.666667 , 0.818477
0.666667 , 0.692308 , 0.827014
0.666667 , 0.717949 , 0.833097
0.666667 , 0.743590 , 0.838966
0.666667 , 0.769231 , 0.844143
0.666667 , 0.794872 , 0.848510
0.666667 , 0.820513 , 0.851919
0.666667 , 0.846154 , 0.852884
0.666667 , 0.871795 , 0.852344
0.666667 , 0.897436 , 0.849840
0.666667 , 0.923077 , 0.847734
0.666667 , 0.948718 , 0.846551
0.666667 , 0.974359 , 0.844737
0.666667 , 1.000000 , 0.843882
0.692308 , 0.000000 , 0.645290
0.692308 , 0.025641 , 0.644775
0.692308 , 0.051282 , 0.643198
0.692308 , 0.076923 , 0.640993
0.692308 , 0.102564 , 0.637084
0.692308 , 0.128205 , 0.634301
0.692308 , 0.153846 , 0.631704
0.692308 , 0.179487 , 0.629424
0.692308 , 0.205128 , 0.628636
0.692308 , 0.230769 , 0.627667
0.692308 , 0.256410 , 0.626242
0.692308 , 0.282051 , 0.625700
0.692308 , 0.307692 , 0.627204
0.692308 , 0.333333 , 0.631492
0.692308 , 0.358974 , 0.637600
0.692308 , 0.384615 , 0.643706
0.692308 , 0.410256 , 0.649817
0.692308 , 0.435897 , 0.657783
0.692308 , 0.461538 , 0.666882
0.692308 , 0.487179 , 0.676118
0.692308 , 0.512821 , 0.686617
0.692308 , 0.538462 , 0.698479
0.692308 , 0.564103 , 0.710394
0.692308 , 0.589744 , 0.721134
0.692308 , 0.615385 , 0.731628
0.692308 , 0.641026 , 0.742900
0.692308 , 0.666667 , 0.752855
0.692308 , 0.692308 , 0.763104
0.692308 , 0.717949 , 0.771427
0.692308 , 0.743590 , 0.778792
0.692308 , 0.769231 , 0.784545
0.692308 , 0.794872 , 0.790496
0.692308 , 0.820513 , 0.794568
0.692308 , 0.846154 , 0.796508
0.692308 , 0.871795 , 0.796972
0.692308 , 0.897436 , 0.795217
0.692308 , 0.923077 , 0.792939
0.692308 , 0.948718 , 0.792122
0.692308 , 0.974359 , 0.790323
0.692308 , 1.000000 , 0.789646
0.717949 , 0.000000 , 0.571169
0.717949 , 0.025641 , 0.570482
0.717949 , 0.051282 , 0.568860
0.717949 , 0.076923 , 0.567458
0.717949 , 0.102564 , 0.564769
0.717949 , 0.128205 , 0.561631
0.717949 , 0.153846 , 0.558995
0.717949 , 0.179487 , 0.556861
0.717949 , 0.205128 , 0.555936
0.717949 , 0.230769 , 0.554670
0.717949 , 0.256410 , 0.552897
0.717949 , 0.282051 , 0.553248
0.717949 , 0.307692 , 0.555337
0.717949 , 0.333333 , 0.560293
0.717949 , 0.358974 , 0.566474
0.717949 , 0.384615 , 0.573230
0.717949 , 0.410256 , 0.579759
0.717949 , 0.435897 , 0.587832
0.717949 , 0.461538 , 0.597158
0.717949 , 0.487179 , 0.607210
0.717949 , 0.512821 , 0.618771
0.717949 , 0.538462 , 0.631505
0.717949 , 0.564103 , 0.644098
0.717949 , 0.589744 , 0.656354
0.717949 , 0.615385 , 0.667632
0.717949 , 0.641026 , 0.679738
0.717949 , 0.666667 , 0.691307
0.717949 , 0.692308 , 0.702901
0.717949 , 0.717949 , 0.713293
0.717949 , 0.743590 , 0.721840
0.717949 , 0.769231 , 0.728817
0.717949 , 0.794872 , 0.735431
0.717949 , 0.820513 , 0.740212
0.717949 , 0.846154 , 0.743555
0.717949 , 0.871795 , 0.744723
0.717949 , 0.897436 , 0.744001
0.717949 , 0.923077 , 0.742628
0.717949 , 0.948718 , 0.741171
0.717949 , 0.974359 , 0.740003
0.717949 , 1.000000 , 0.739314
0.743590 , 0.000000 , 0.503209
0.743590 , 0.025641 , 0.502748
0.743590 , 0.051282 , 0.501011
0.743590 , 0.076923 , 0.499773
0.743590 , 0.102564 , 0.497604
0.743590 , 0.128205 , 0.495224
0.743590 , 0.153846 , 0.492978
0.743590 , 0.179487 , 0.490780
0.743590 , 0.205128 , 0.489122
0.743590 , 0.230769 , 0.486724
0.743590 , 0.256410 , 0.485550
0.743590 , 0.282051 , 0.486065
0.743590 , 0.307692 , 0.489816
0.743590 , 0.333333 , 0.494929
0.743590 , 0.358974 , 0.501515
0.743590 , 0.384615 , 0.508824
0.743590 , 0.410256 , 0.516454
0.743590 , 0.435897 , 0.524752
0.743590 , 0.461538 , 0.534134
0.743590 , 0.487179 , 0.544366
0.743590 , 0.512821 , 0.556399
0.743590 , 0.538462 , 0.570155
0.743590 , 0.564103 , 0.583173
0.743590 , 0.589744 , 0.595635
0.743590 , 0.615385 , 0.608390
0.743590 , 0.641026 , 0.620876
0.743590 , 0.666667 , 0.634520
0.743590 , 0.692308 , 0.646965
0.743590 , 0.717949 , 0.659573
0.743590 , 0.743590 , 0.669999
0.743590 , 0.769231 , 0.677666
0.743590 , 0.794872 , 0.684756
0.743590 , 0.820513 , 0.690597
0.743590 , 0.846154 , 0.694740
0.743590 , 0.871795 , 0.696928
0.743590 , 0.897436 , 0.697256
0.743590 , 0.923077 , 0.696806
0.743590 , 0.948718 , 0.695218
0.743590 , 0.974359 , 0.694648
0.743590 , 1.000000 , 0.693715
0.769231 , 0.000000 , 0.441115
0.769231 , 0.025641 , 0.440818
0.769231 , 0.051282 , 0.439548
0.769231 , 0.076923 , 0.438285
0.769231 , 0.102564 , 0.436698
0.769231 , 0.128205 , 0.434503
0.769231 , 0.153846 , 0.432196
0.769231 , 0.179487 , 0.430690
0.769231 , 0.205128 , 0.429188
0.769231 , 0.230769 , 0.426344
0.769231 , 0.256410 , 0.425701
0.769231 , 0.282051 , 0.426899
0.769231 , 0.307692 , 0.431517
0.769231 , 0.333333 , 0.436826
0.769231 , 0.358974 , 0.442273
0.769231 , 0.384615 , 0.450097
0.769231 , 0.410256 , 0.458431
0.769231 , 0.435897 , 0.467338
0.769231 , 0.461538 , 0.477110
0.769231 , 0.487179 , 0.487848
0.769231 , 0.512821 , 0.499900
0.769231 , 0.538462 , 0.514168
0.769231 , 0.564103 , 0.527919
0.769231 , 0.589744 , 0.540738
0.769231 , 0.615385 , 0.554523
0.769231 , 0.641026 , 0.567725
0.769231 , 0.666667 , 0.582133
0.769231 , 0.692308 , 0.596000
0.769231 , 0.717949 , 0.609479
0.769231 , 0.743590 , 0.621590
0.769231 , 0.769231 , 0.631284
0.769231 , 0.794872 , 0.639198
0.769231 , 0.820513 , 0.645369
0.769231 , 0.846154 , 0.650687
0.769231 , 0.871795 , 0.653387
0.769231 , 0.897436 , 0.655075
0.769231 , 0.923077 , 0.654662
0.769231 , 0.948718 , 0.652929
0.769231 , 0.974359 , 0.652764
0.769231 , 1.000000 , 0.652983
0.794872 , 0.000000 , 0.384964
0.794872 , 0.025641 , 0.384900
0.794872 , 0.051282 , 0.384451
0.794872 , 0.076923 , 0.382948
0.794872 , 0.102564 , 0.381770
0.794872 , 0.128205 , 0.380026
0.794872 , 0.153846 , 0.378358
0.794872 , 0.179487 , 0.376439
0.794872 , 0.205128 , 0.374985
0.794872 , 0.230769 , 0.373609
0.794872 , 0.256410 , 0.373268
0.794872 , 0.282051 , 0.374989
0.794872 , 0.307692 , 0.378975
0.794872 , 0.333333 , 0.384576
0.794872 , 0.358974 , 0.389789
0.794872 , 0.384615 , 0.397172
0.794872 , 0.410256 , 0.406172
0.794872 , 0.435897 , 0.415374
0.794872 , 0.461538 , 0.425832
0.794872 , 0.487179 , 0.436706
0.794872 , 0.512821 , 0.449455
0.794872 , 0.538462 , 0.463857
0.794872 , 0.564103 , 0.477929
0.794872 , 0.589744 , 0.491490
0.794872 , 0.615385 , 0.506388
0.794872 , 0.641026 , 0.520827
0.794872 , 0.666667 , 0.534744
0.794872 , 0.692308 , 0.549213
0.794872 , 0.717949 , 0.563364
0.794872 , 0.743590 , 0.576108
0.794872 , 0.769231 , 0.587199
0.794872 , 0.794872 , 0.596218
0.794872 , 0.820513 , 0.602620
0.794872 , 0.846154 , 0.608941
0.794872 , 0.871795 , 0.612875
0.794872 , 0.897436 , 0.615103
0.794872 , 0.923077 , 0.615452
0.794872 , 0.948718 , 0.614458
0.794872 , 0.974359 , 0.614298
0.794872 , 1.000000 , 0.614597
0.820513 , 0.000000 , 0.335489
0.820513 , 0.025641 , 0.335277
0.820513 , 0.051282 , 0.335485
0.820513 , 0.076923 , 0.333964
0.820513 , 0.102564 , 0.332830
0.820513 , 0.128205 , 0.331394
0.820513 , 0.153846 , 0.329287
0.820513 , 0.179487 , 0.327721
0.820513 , 0.205128 , 0.326595
0.820513 , 0.230769 , 0.326955
0.820513 , 0.256410 , 0.327384
0.820513 , 0.282051 , 0.328910
0.820513 , 0.307692 , 0.333155
0.820513 , 0.333333 , 0.338476
0.820513 , 0.358974 , 0.344908
0.820513 , 0.384615 , 0.351776
0.820513 , 0.410256 , 0.360734
0.820513 , 0.435897 , 0.370301
0.820513 , 0.461538 , 0.381060
0.820513 , 0.487179 , 0.392244
0.820513 , 0.512821 , 0.405685
0.820513 , 0.538462 , 0.420049
0.820513 , 0.564103 , 0.434293
0.820513 , 0.589744 , 0.447832
0.820513 , 0.615385 , 0.462706
0.820513 , 0.641026 , 0.478066
0.820513 , 0.666667 , 0.492456
0.820513 , 0.692308 , 0.506950
0.820513 , 0.717949 , 0.520379
0.820513 , 0.743590 , 0.533170
0.820513 , 0.769231 , 0.545051
0.820513 , 0.794872 , 0.555139
0.820513 , 0.820513 , 0.562793
0.820513 , 0.846154 , 0.569630
0.820513 , 0.871795 , 0.574864
0.820513 , 0.897436 , 0.577989
0.820513 , 0.923077 , 0.579187
0.820513 , 0.948718 , 0.579488
0.820513 , 0.974359 , 0.579685
0.820513 , 1.000000 , 0.579782
0.846154 , 0.000000 , 0.291693
0.846154 , 0.025641 , 0.292753
0.846154 , 0.051282 , 0.293323
0.846154 , 0.076923 , 0.292562
0.846154 , 0.102564 , 0.291459
0.846154 , 0.128205 , 0.290322
0.846154 , 0.153846 , 0.287951
0.846154 , 0.179487 , 0.286422
0.846154 , 0.205128 , 0.286138
0.846154 , 0.230769 , 0.287593
0.846154 , 0.256410 , 0.288502
0.846154 , 0.282051 , 0.289956
0.846154 , 0.307692 , 0.294368
0.846154 , 0.333333 , 0.299973
0.846154 , 0.358974 , 0.306171
0.846154 , 0.384615 , 0.314016
0.846154 , 0.410256 , 0.323219
0.846154 , 0.435897 , 0.333022
0.846154 , 0.461538 , 0.343313
0.846154 , 0.487179 , 0.354666
0.846154 , 0.512821 , 0.367907
0.846154 , 0.538462 , 0.381788
0.846154 , 0.564103 , 0.396325
0.846154 , 0.589744 , 0.410999
0.846154 , 0.615385 , 0.425235
0.846154 , 0.641026 , 0.440357
0.846154 , 0.666667 , 0.455648
0.846154 , 0.692308 , 0.470246
0.846154 , 0.717949 , 0.482868
0.846154 , 0.743590 , 0.495671
0.846154 , 0.769231 , 0.508328
0.846154 , 0.794872 , 0.519068
0.846154 , 0.820513 , 0.527244
0.846154 , 0.846154 , 0.534738
0.846154 , 0.871795 , 0.540223
0.846154 , 0.897436 , 0.544888
0.846154 , 0.923077 , 0.547302
0.846154 , 0.948718 , 0.548785
0.846154 , 0.974359 , 0.549821
0.846154 , 1.000000 , 0.549487
0.871795 , 0.000000 , 0.254982
0.871795 , 0.025641 , 0.256768
0.871795 , 0.051282 , 0.258179
0.871795 , 0.076923 , 0.258312
0.871795 , 0.102564 , 0.257540
0.871795 , 0.128205 , 0.256250
0.871795 , 0.153846 , 0.254570
0.871795 , 0.179487 , 0.253169
0.871795 , 0.205128 , 0.253484
0.871795 , 0.230769 , 0.255157
0.871795 , 0.256410 , 0.255665
0.871795 , 0.282051 , 0.257126
0.871795 , 0.307692 , 0.261788
0.871795 , 0.333333 , 0.267953
0.871795 , 0.358974 , 0.274480
0.871795 , 0.384615 , 0.283073
0.871795 , 0.410256 , 0.291692
0.871795 , 0.435897 , 0.301973
0.871795 , 0.461538 , 0.312406
0.871795 , 0.487179 , 0.323620
0.871795 , 0.512821 , 0.336768
0.871795 , 0.538462 , 0.350253
0.871795 , 0.564103 , 0.364351
0.871795 , 0.589744 , 0.378867
0.871795 , 0.615385 , 0.393665
0.871795 , 0.641026 , 0.408529
0.871795 , 0.666667 , 0.423462
0.871795 , 0.692308 , 0.438310
0.871795 , 0.717949 , 0.451701
0.871795 , 0.743590 , 0.464191
0.871795 , 0.769231 , 0.476297
0.871795 , 0.794872 , 0.488005
0.871795 , 0.820513 , 0.497136
0.871795 , 0.846154 , 0.504843
0.871795 , 0.871795 , 0.511014
0.871795 , 0.897436 , 0.516711
0.871795 , 0.923077 , 0.520522
0.871795 , 0.948718 , 0.522812
0.871795 , 0.974359 , 0.523992
0.871795 , 1.000000 , 0.523844
0.897436 , 0.000000 , 0.225742
0.897436 , 0.025641 , 0.227188
0.897436 , 0.051282 , 0.229025
0.897436 , 0.076923 , 0.229734
0.897436 , 0.102564 , 0.229507
0.897436 , 0.128205 , 0.228162
0.897436 , 0.153846 , 0.227115
0.897436 , 0.179487 , 0.226604
0.897436 , 0.205128 , 0.226696
0.897436 , 0.230769 , 0.229238
0.897436 , 0.256410 , 0.230434
0.897436 , 0.282051 , 0.231704
0.897436 , 0.307692 , 0.235930
0.897436 , 0.333333 , 0.242324
0.897436 , 0.358974 , 0.248691
0.897436 , 0.384615 , 0.257428
0.897436 , 0.410256 , 0.266503
0.897436 , 0.435897 , 0.276901
0.897436 , 0.461538 , 0.287691
0.897436 , 0.487179 , 0.298588
0.897436 , 0.512821 , 0.311322
0.897436 , 0.538462 , 0.324455
0.897436 , 0.564103 , 0.338222
0.897436 , 0.589744 , 0.352323
0.897436 , 0.615385 , 0.367501
0.897436 , 0.641026 , 0.382395
0.897436 , 0.666667 , 0.397131
0.897436 , 0.692308 , 0.411424
0.897436 , 0.717949 , 0.425352
0.897436 , 0.743590 , 0.438272
0.897436 , 0.769231 , 0.450346
0.897436 , 0.794872 , 0.461337
0.897436 , 0.820513 , 0.470788
0.897436 , 0.846154 , 0.478384
0.897436 , 0.871795 , 0.485807
0.897436 , 0.897436 , 0.492468
0.897436 , 0.923077 , 0.497063
0.897436 , 0.948718 , 0.500342
0.897436 , 0.974359 , 0.501498
0.897436 , 1.000000 , 0.501509
0.923077 , 0.000000 , 0.203774
0.923077 , 0.025641 , 0.204966
0.923077 , 0.051282 , 0.206261
0.923077 , 0.076923 , 0.207053
0.923077 , 0.102564 , 0.207628
0.923077 , 0.128205 , 0.207215
0.923077 , 0.153846 , 0.206284
0.923077 , 0.179487 , 0.206148
0.923077 , 0.205128 , 0.206940
0.923077 , 0.230769 , 0.208622
0.923077 , 0.256410 , 0.210959
0.923077 , 0.282051 , 0.212869
0.923077 , 0.307692 , 0.216651
0.923077 , 0.333333 , 0.222573
0.923077 , 0.358974 , 0.229641
0.923077 , 0.384615 , 0.238042
0.923077 , 0.410256 , 0.246985
0.923077 , 0.435897 , 0.257159
0.923077 , 0.461538 , 0.267592
0.923077 , 0.487179 , 0.278350
0.923077 , 0.512821 , 0.291089
0.923077 , 0.538462 , 0.304445
0.923077 , 0.564103 , 0.318411
0.923077 , 0.589744 , 0.332450
0.923077 , 0.615385 , 0.347186
0.923077 , 0.641026 , 0.362254
0.923077 , 0.666667 , 0.376640
0.923077 , 0.692308 , 0.390980
0.923077 , 0.717949 , 0.404675
0.923077 , 0.743590 , 0.417964
0.923077 , 0.769231 , 0.430296
0.923077 , 0.794872 , 0.440852
0.923077 , 0.820513 , 0.449753
0.923077 , 0.846154 , 0.457789
0.923077 , 0.871795 , 0.465033
0.923077 , 0.897436 , 0.471909
0.923077 , 0.923077 , 0.477161
0.923077 , 0.948718 , 0.480748
0.923077 , 0.974359 , 0.482003
0.923077 , 1.000000 , 0.481852
0.948718 , 0.000000 , 0.189383
0.948718 , 0.025641 , 0.189221
0.948718 , 0.051282 , 0.190013
0.948718 , 0.076923 , 0.191106
0.948718 , 0.102564 , 0.191563
0.948718 , 0.128205 , 0.191340
0.948718 , 0.153846 , 0.191157
0.948718 , 0.179487 , 0.191244
0.948718 , 0.205128 , 0.192416
0.948718 , 0.230769 , 0.193953
0.948718 , 0.256410 , 0.195915
0.948718 , 0.282051 , 0.199423
0.948718 , 0.307692 , 0.203833
0.948718 , 0.333333 , 0.209503
0.948718 , 0.358974 , 0.216588
0.948718 , 0.384615 , 0.224988
0.948718 , 0.410256 , 0.233806
0.948718 , 0.435897 , 0.243259
0.948718 , 0.461538 , 0.253113
0.948718 , 0.487179 , 0.263943
0.948718 , 0.512821 , 0.276862
0.948718 , 0.538462 , 0.290640
0.948718 , 0.564103 , 0.304769
0.948718 , 0.589744 , 0.318971
0.948718 , 0.615385 , 0.332717
0.948718 , 0.641026 , 0.346865
0.948718 , 0.666667 , 0.361233
0.948718 , 0.692308 , 0.374957
0.948718 , 0.717949 , 0.389172
0.948718 , 0.743590 , 0.402274
0.948718 , 0.769231 , 0.414323
0.948718 , 0.794872 , 0.425425
0.948718 , 0.820513 , 0.434914
0.948718 , 0.846154 , 0.443168
0.948718 , 0.871795 , 0.450269
0.948718 , 0.897436 , 0.457116
0.948718 , 0.923077 , 0.462124
0.948718 , 0.948718 , 0.465727
0.948718 , 0.974359 , 0.467453
0.948718 , 1.000000 , 0.467507
0.974359 , 0.000000 , 0.180376
0.974359 , 0.025641 , 0.180012
0.974359 , 0.051282 , 0.180413
0.974359 , 0.076923 , 0.181573
0.974359 , 0.102564 , 0.182296
0.974359 , 0.128205 , 0.181968
0.974359 , 0.153846 , 0.181842
0.974359 , 0.179487 , 0.182602
0.974359 , 0.205128 , 0.183976
0.974359 , 0.230769 , 0.185485
0.974359 , 0.256410 , 0.187596
0.974359 , 0.282051 , 0.191523
0.974359 , 0.307692 , 0.196423
0.974359 , 0.333333 , 0.202335
0.974359 , 0.358974 , 0.209725
0.974359 , 0.384615 , 0.217384
0.974359 , 0.410256 , 0.225579
0.974359 , 0.435897 , 0.234518
0.974359 , 0.461538 , 0.244607
0.974359 , 0.487179 , 0.255375
0.974359 , 0.512821 , 0.267561
0.974359 , 0.538462 , 0.281089
0.974359 , 0.564103 , 0.295581
0.974359 , 0.589744 , 0.309742
0.974359 , 0.615385 , 0.323724
0.974359 , 0.641026 , 0.337895
0.974359 , 0.666667 , 0.352172
0.974359 , 0.692308 , 0.365524
0.974359 , 0.717949 , 0.378947
0.974359 , 0.743590 , 0.392293
0.974359 , 0.769231 , 0.403968
0.974359 , 0.794872 , 0.415477
0.974359 , 0.820513 , 0.425329
0.974359 , 0.846154 , 0.434240
0.974359 , 0.871795 , 0.442183
0.974359 , 0.897436 , 0.448483
0.974359 , 0.923077 , 0.453383
0.974359 , 0.948718 , 0.456569
0.974359 , 0.974359 , 0.458362
0.974359 , 1.000000 , 0.458838
1.000000 , 0.000000 , 0.177599
1.000000 , 0.025641 , 0.177153
1.000000 , 0.051282 , 0.177276
1.000000 , 0.076923 , 0.178773
1.000000 , 0.102564 , 0.179538
1.000000 , 0.128205 , 0.179426
1.000000 , 0.153846 , 0.179221
1.000000 , 0.179487 , 0.180206
1.000000 , 0.205128 , 0.181883
1.000000 , 0.230769 , 0.182753
1.000000 , 0.256410 , 0.185172
1.000000 , 0.282051 , 0.189408
1.000000 , 0.307692 , 0.194412
1.000000 , 0.333333 , 0.200171
1.000000 , 0.358974 , 0.207298
1.000000 , 0.384615 , 0.215101
1.000000 , 0.410256 , 0.222996
1.000000 , 0.435897 , 0.231616
1.000000 , 0.461538 , 0.241738
1.000000 , 0.487179 , 0.252748
1.000000 , 0.512821 , 0.264851
1.000000 , 0.538462 , 0.278315
1.000000 , 0.564103 , 0.292645
1.000000 , 0.589744 , 0.306816
1.000000 , 0.615385 , 0.320507
1.000000 , 0.641026 , 0.334551
1.000000 , 0.666667 , 0.348735
1.000000 , 0.692308 , 0.362532
1.000000 , 0.717949 , 0.375843
1.000000 , 0.743590 , 0.388595
1.000000 , 0.769231 , 0.400554
1.000000 , 0.794872 , 0.411386
1.000000 , 0.820513 , 0.422351
1.000000 , 0.846154 , 0.431189
1.000000 , 0.871795 , 0.438864
1.000000 , 0.897436 , 0.445516
1.000000 , 0.923077 , 0.450489
1.000000 , 0.948718 , 0.453624
1.000000 , 0.974359 , 0.455590
1.000000 , 1.000000 , 0.455563
